GDD/GrowingDegreeDays_2003_Actual.txt
ncols         180
nrows         290
xllcorner     -200000
yllcorner     -200000
cellsize      5000
NODATA_value    -999
[rows 192 to 223 of 290, columns 71 to 141 of 180]
-999.0 -999.0 -999.0 -999.0 -999.0 -999.0 -999.0 -999.0 -999.0 -999.0 -999.0 -999.0 -999.0 -999.0 -999.0 -999.0 -999.0 -999.0 -999.0 -999.0 -999.0 1945.3 1576.6 1374.0 1262.2 1070.6 1209.2 1492.1 1727.9 1887.3 1762.7 1568.9 1430.6 1350.5 1649.1 1858.5 1815.5 1695.6 1703.5 1868.9 1615.1 1730.6 1764.5 1920.2 1866.5 1995.8 2067.6 2041.7 1957.3 2026.6 2072.6 2074.5 2060.0 2044.9 1974.7 2033.3 2070.9 2043.7 1983.0 1957.0 1940.3 1901.8 1968.8 2008.8 1917.1 1947.5 1978.7 2021.7 2017.6 2108.2 2100.3
-999.0 -999.0 -999.0 -999.0 -999.0 -999.0 -999.0 -999.0 -999.0 -999.0 -999.0 -999.0 -999.0 -999.0 -999.0 -999.0 -999.0 -999.0 -999.0 -999.0 2022.8 2012.5 1658.8 1371.2 1303.3 1382.0 1418.3 1573.8 1471.4 1110.3 1396.7 1423.3 1463.7 1705.2 1828.0 1760.1 1731.3 1855.2 1856.4 1787.9 1633.4 1676.8 1750.4 1923.4 1866.0 2043.3 2057.3 1947.9 2051.8 1928.7 1923.7 2010.8 2001.2 2036.4 2001.8 2089.8 2115.6 2050.0 2034.0 2040.9 1954.3 1976.5 1885.2 1957.3 1917.7 2011.0 2012.7 2025.7 2105.1 2130.3 2061.7
-999.0 -999.0 -999.0 -999.0 -999.0 -999.0 -999.0 -999.0 -999.0 -999.0 -999.0 -999.0 -999.0 -999.0 -999.0 -999.0 -999.0 -999.0 -999.0 -999.0 1748.6 1745.4 1703.2 1663.8 1517.2 1164.4 1211.6 1322.0 1448.9 1407.0 1319.8 1281.2 1310.4 1707.9 1581.8 1496.8 1867.6 1656.7 1962.3 1877.3 1672.9 1533.2 1866.2 1867.4 2030.8 2096.8 2064.1 2016.8 1771.1 1885.1 1899.6 1948.2 1971.9 1997.5 1999.5 2087.8 2090.6 2084.6 2069.6 2094.9 2064.8 1936.0 1889.4 1915.2 1889.3 1999.6 2079.2 2109.3 2157.4 2126.6 2072.1
-999.0 -999.0 -999.0 -999.0 -999.0 -999.0 -999.0 -999.0 -999.0 -999.0 -999.0 -999.0 -999.0 -999.0 -999.0 -999.0 -999.0 -999.0 -999.0 -999.0 1815.0 1756.9 1924.8 1753.7 1531.5 1149.1 1311.5 1287.4 1514.7 1369.6 1432.0 1597.3 1551.2 1556.9 1641.5 1784.6 1914.8 1883.0 1627.6 1945.5 1896.2 1855.8 1890.5 1818.6 1993.9 2141.2 2101.5 2009.6 1966.7 1985.3 1912.6 1942.1 1968.3 1972.7 2058.6 2084.0 2025.1 2059.8 2038.5 2102.1 2026.9 1908.7 1898.9 1994.8 2011.1 1972.1 2088.0 2092.5 2206.8 2130.2 2109.9
-999.0 -999.0 -999.0 -999.0 -999.0 -999.0 -999.0 -999.0 -999.0 -999.0 -999.0 -999.0 -999.0 -999.0 -999.0 -999.0 -999.0 -999.0 -999.0 1910.7 1711.7 1442.7 1583.3 1703.7 1404.9 1327.5 1197.4 1209.7 1681.0 1659.6 1707.7 1592.1 1500.0 1722.8 1771.8 1617.1 1786.8 1884.4 1915.5 1994.8 2023.4 1989.2 1930.9 1993.4 2063.2 2117.4 2141.9 2122.6 2055.7 2022.3 2073.2 2012.6 2028.9 1983.3 2058.4 2056.9 2051.9 2095.9 2105.6 2085.1 1965.4 1972.8 1972.3 2061.2 2016.0 2028.7 2077.6 2179.5 2149.4 2155.9 2146.0
-999.0 -999.0 -999.0 -999.0 -999.0 -999.0 -999.0 -999.0 -999.0 -999.0 -999.0 -999.0 -999.0 -999.0 -999.0 -999.0 -999.0 -999.0 1791.9 1721.3 1592.7 1697.4 1768.2 1426.5 1175.6 1159.5 1376.7 1304.0 1645.6 1530.7 1665.5 1734.8 1237.6 1674.5 1658.1 1877.5 1869.9 1983.4 1984.0 1955.2 1861.9 1982.2 1832.3 2037.8 2048.5 2209.8 2215.7 2155.6 2126.6 2126.5 2131.4 2073.9 2030.9 2018.7 2133.8 2078.5 2065.7 2040.4 2034.3 2019.0 1958.8 2023.1 1973.2 2056.9 2056.5 2141.9 2161.1 2082.2 2083.9 2170.1 2165.9
-999.0 -999.0 -999.0 -999.0 -999.0 -999.0 -999.0 -999.0 -999.0 -999.0 -999.0 -999.0 -999.0 -999.0 -999.0 -999.0 1777.1 1809.7 1836.7 1946.0 1894.7 1761.9 1679.4 1338.0 1221.2 1127.8 1098.4 1314.0 1484.9 1776.1 1584.5 1685.5 1375.0 1671.0 1815.6 1853.3 1979.9 1981.1 2039.3 1949.3 1835.0 1925.1 1919.9 2158.7 2177.0 2224.5 2212.2 2112.0 2119.7 2114.4 2164.7 2097.6 2059.3 2112.2 2124.1 2110.3 1987.8 1986.6 1922.9 1879.8 1933.1 1984.5 2050.7 2101.8 2056.8 2036.3 2082.4 2068.8 2178.0 2171.1 2172.9
-999.0 -999.0 -999.0 -999.0 -999.0 -999.0 -999.0 -999.0 -999.0 -999.0 -999.0 -999.0 2063.3 2079.4 2076.8 1659.6 1579.2 1522.1 1517.4 1736.6 1736.7 1752.8 1305.1 1406.2 1238.1 1244.9 1306.7 1598.5 1708.2 1850.1 1711.2 1780.2 1282.1 1476.1 1706.4 1933.6 1918.1 1967.3 1792.3 2026.0 1868.9 1876.5 1971.0 2111.1 2229.4 2262.4 2134.5 2153.4 2162.3 2060.3 2146.3 2116.7 2134.3 2111.2 2064.2 2002.7 2045.5 1951.5 1980.8 1945.7 1875.7 1903.5 1945.5 2001.8 1995.0 2020.0 2079.2 2131.0 2094.8 2221.1 2226.6
-999.0 -999.0 -999.0 -999.0 -999.0 -999.0 -999.0 -999.0 -999.0 -999.0 -999.0 1841.6 1973.0 1841.7 1847.0 1839.4 1618.8 1683.1 1613.0 1776.6 1859.9 1506.7 1418.8 1335.7 1672.3 1191.8 1450.8 1678.5 1312.8 1601.6 1909.4 1361.2 1577.8 1697.7 2066.0 2070.7 2011.0 1725.2 1998.5 2026.5 1990.0 1998.7 1934.8 2077.0 2135.3 2277.5 2197.1 2189.6 2171.6 2096.8 2117.1 2131.7 2136.9 2122.6 2021.3 2008.1 1832.6 1978.3 2003.4 1967.4 1906.7 1975.9 1998.9 2061.3 2080.4 2042.8 2083.0 2054.7 2136.9 2200.0 2194.9
-999.0 -999.0 -999.0 -999.0 -999.0 -999.0 -999.0 -999.0 -999.0 -999.0 1784.4 1793.9 2001.6 1983.4 1946.1 1820.8 1855.2 1755.3 1794.9 1745.4 1340.6 1570.2 1706.4 1345.2 1844.1 1503.3 1440.2 1199.3 1350.1 1375.6 1625.2 1684.3 1800.8 2065.6 1667.2 1717.5 2040.1 1981.9 2051.0 2116.5 2029.8 2067.9 2107.8 2057.9 2073.4 2277.8 2243.8 2220.0 2155.9 2172.3 2178.2 2160.1 2003.3 2160.6 2080.9 1973.6 1866.6 1901.6 1966.2 1937.4 1902.3 1935.3 1924.1 2004.5 2093.2 2111.4 2128.4 2044.0 2078.1 2156.6 2097.8
-999.0 -999.0 -999.0 -999.0 -999.0 -999.0 2021.9 1746.7 1889.5 1700.1 1890.5 1876.0 1805.8 1887.7 1912.5 1702.3 1779.6 1728.2 1726.4 1500.5 1525.2 1690.9 1626.0 1620.9 1721.1 1661.1 1335.3 1311.7 1513.1 1603.0 1491.0 1728.2 2022.2 1602.7 1518.6 1784.5 1779.0 2018.6 2019.4 2136.0 2106.2 1883.6 2106.2 1969.9 2173.0 2254.9 2239.6 2206.1 2003.9 2155.1 2120.5 1810.6 2113.3 2131.9 2059.4 1922.5 1760.5 1850.9 1902.1 1932.2 1987.5 1968.4 1988.0 2048.9 2106.9 2077.7 2105.7 2056.2 2021.0 2054.6 2094.5
-999.0 -999.0 -999.0 -999.0 -999.0 1977.3 1825.2 1845.3 1810.8 1558.6 1288.0 1419.0 1482.6 1749.8 1644.4 1496.8 1601.0 1635.6 1451.1 1642.3 1720.0 1517.4 1767.1 1914.1 1772.3 1693.2 1437.8 1477.9 1549.9 1650.3 1695.3 1797.1 1705.4 1034.4 1394.3 1746.5 1965.0 1921.0 2029.1 1906.0 2081.1 2024.1 2128.9 2162.5 2189.8 2197.3 2227.3 2234.2 2147.5 2118.5 1823.8 1814.4 1916.4 2033.0 2035.8 1729.4 1759.3 1797.2 1874.9 1986.6 1959.8 1991.3 2024.0 2100.1 2019.7 2045.7 2094.6 1942.5 1965.8 2089.5 2113.5
-999.0 -999.0 -999.0 2038.2 1914.7 1893.4 1795.2 1870.6 1788.5 1650.6 1627.8 1710.8 1827.6 1627.8 1743.2 1574.3 1860.0 1758.4 1538.3 1642.5 1833.8 1727.1 1978.5 1944.4 1582.7 1469.2 1557.9 1721.6 1572.4 1856.6 1943.8 1920.4 1511.0 1316.8 1329.9 1944.3 1876.4 1892.2 1899.6 1993.6 2139.7 2018.0 2090.7 2129.6 2203.6 2182.0 2252.1 2254.8 2130.3 2103.6 1840.5 1873.1 1944.1 2043.7 1951.2 1770.0 1778.0 1815.3 1922.5 1961.4 2005.7 2053.4 2087.7 2080.6 2041.7 2016.4 2044.1 2049.2 2054.3 2101.3 2037.4
-999.0 -999.0 -999.0 2059.8 -999.0 2047.5 1988.7 1830.1 1902.9 1810.3 1827.2 1767.0 1833.1 1804.7 1690.3 1844.1 1768.3 1945.7 1988.8 1997.8 2012.1 2002.1 1715.3 1771.7 1419.1 913.0 1543.4 1528.5 1552.7 1261.9 1324.9 2023.5 2048.2 1186.8 1581.7 1805.2 1767.0 1692.4 1928.9 2116.1 2182.2 1984.6 1984.1 2131.5 2223.5 2253.7 2220.4 2250.9 2118.5 1858.0 1802.8 1942.2 2018.8 2052.5 2042.8 1998.3 1888.0 1959.4 2009.8 2063.4 2106.9 2131.4 2123.1 2022.6 2055.7 2092.7 2072.1 2117.8 2102.4 2041.1 2071.7
-999.0 -999.0 -999.0 -999.0 -999.0 -999.0 1878.0 1973.2 1969.1 1871.1 1948.5 1897.8 1905.8 1865.0 1955.8 1973.3 1870.3 1940.4 1828.6 1976.3 1740.3 1977.2 1653.0 1450.8 1401.5 1238.9 1148.9 1356.6 1220.0 1130.3 1637.8 1529.8 1716.0 2161.3 1643.1 1685.5 2017.3 1985.8 2156.1 1959.2 2004.4 1776.9 1898.0 2153.8 2202.4 2259.1 2305.0 2132.3 1840.6 1948.8 1783.8 1949.3 2023.8 1987.6 2057.9 1912.0 2043.6 2039.5 2107.9 2146.3 2155.0 2129.7 2120.5 2116.7 2154.1 2163.9 2161.8 2106.2 2015.5 1965.1 2048.6
-999.0 -999.0 -999.0 -999.0 -999.0 2009.9 1986.6 1975.0 1989.5 2007.1 1839.3 1750.0 1660.4 1785.5 1896.0 1931.7 1971.0 1914.3 1674.4 1997.6 1856.3 2118.4 1924.2 1828.2 1833.7 1870.6 1558.2 1610.1 1380.4 1372.9 1258.9 1510.7 1521.2 1684.2 1307.6 1850.4 1978.8 2047.8 1951.0 2006.5 1807.1 1910.9 1915.9 2199.2 2209.5 2208.3 1883.7 1807.4 1827.3 1788.9 1966.1 1935.4 1947.0 1992.2 2047.3 2046.6 2059.6 2119.9 2172.5 2193.6 2188.0 2108.8 2097.9 2076.7 2137.0 2190.6 2170.3 2072.5 1906.6 2078.3 2051.0
-999.0 -999.0 -999.0 -999.0 2110.2 2036.0 2064.3 2043.3 2056.8 2056.8 2033.2 1927.1 1984.1 1948.5 1991.2 1988.4 1954.3 1961.2 1971.5 1745.3 2079.2 1692.5 1789.4 1757.7 1600.5 1689.4 1843.2 1809.1 1605.2 1693.2 1539.0 1621.3 1803.2 1441.6 1451.8 1934.7 1777.8 2088.2 2124.3 1956.1 1899.7 2025.1 2079.4 2187.1 2210.0 1996.6 2048.8 1869.5 1881.7 1948.3 1928.3 1972.0 2026.0 2025.8 2094.7 2128.9 2136.7 2173.1 2066.9 2219.2 2140.9 2177.2 2165.0 2179.6 2179.6 2176.0 2088.3 1956.8 1994.5 2040.8 2069.6
-999.0 -999.0 -999.0 -999.0 -999.0 -999.0 2173.7 2136.2 2124.5 2058.3 2002.6 1937.0 -999.0 -999.0 -999.0 -999.0 2016.0 1996.7 1898.2 2127.1 2227.4 2072.4 2025.2 1989.1 1935.5 2174.9 1314.9 1283.6 1722.5 1835.2 1829.6 1675.0 1621.6 1519.1 1794.4 1831.0 1766.7 2083.3 1869.4 2044.7 1923.8 2189.3 2175.3 2182.9 2195.1 1911.2 2070.6 1917.0 1924.6 2010.1 2013.8 2043.6 2072.2 2114.0 2141.0 2152.9 2144.8 2170.1 2094.0 2206.1 2161.7 2133.2 2175.0 2157.6 2145.5 2040.6 2059.5 2020.0 2010.9 2048.4 2189.9
-999.0 -999.0 -999.0 -999.0 -999.0 -999.0 2163.6 2071.3 1992.1 2143.0 1960.9 2057.9 -999.0 -999.0 -999.0 -999.0 -999.0 -999.0 -999.0 2265.0 2273.9 2205.8 2315.3 2183.3 1963.7 1631.0 1440.7 1269.0 1367.2 1561.0 1721.3 1718.1 1889.2 1700.7 1690.4 1975.1 2037.2 1797.1 1887.7 1902.0 2224.8 2240.3 2180.0 2195.9 2035.0 1942.9 1969.2 1962.5 2012.9 2048.2 2076.8 2098.2 2106.0 2106.1 2122.5 2061.8 2128.4 2163.7 2201.1 2217.8 2160.2 2136.6 2156.2 2031.3 2033.3 2163.4 2026.2 2036.3 2100.5 2156.7 2231.6
-999.0 -999.0 -999.0 -999.0 -999.0 -999.0 -999.0 -999.0 2148.0 -999.0 -999.0 -999.0 -999.0 -999.0 -999.0 -999.0 -999.0 2060.8 2095.2 2121.1 2078.9 2231.8 2328.7 2333.4 2150.9 1896.9 1579.0 1470.7 1550.9 1930.0 1943.6 1591.4 1799.6 1888.9 2075.7 2181.1 2288.2 2078.3 2101.3 2126.7 2250.0 2241.4 2157.8 2192.8 1885.2 1843.4 1969.0 1986.2 2055.7 2071.2 2084.2 2115.9 2063.4 2095.9 2067.5 2132.6 2153.5 2180.4 2192.6 2191.0 2096.0 2054.0 2009.1 1916.8 2059.4 2043.7 2222.5 2117.5 2167.3 2246.2 2251.2
-999.0 -999.0 -999.0 -999.0 -999.0 -999.0 -999.0 -999.0 -999.0 -999.0 -999.0 -999.0 -999.0 -999.0 -999.0 -999.0 -999.0 2062.0 2057.6 2229.5 2183.2 2224.6 -999.0 -999.0 2404.4 1883.2 2094.1 1901.5 1951.6 1943.6 1880.9 1786.6 2128.9 2187.3 2162.7 2231.0 2265.5 2267.7 2256.3 2259.4 2255.6 2133.5 2158.3 2093.7 1875.7 1973.0 2021.6 2064.0 2073.6 2032.2 2056.8 2103.0 2086.0 2108.0 2070.1 2016.0 2013.2 2085.1 2052.8 2156.1 2154.1 2073.6 1864.2 2066.9 2084.8 2163.3 2308.4 2179.6 2226.5 2297.8 2358.2
-999.0 -999.0 -999.0 -999.0 -999.0 -999.0 -999.0 -999.0 -999.0 -999.0 -999.0 -999.0 -999.0 -999.0 -999.0 -999.0 -999.0 -999.0 -999.0 -999.0 -999.0 -999.0 -999.0 -999.0 2372.8 2269.4 2030.5 2027.4 2166.0 2184.4 2172.3 2134.0 2238.1 2283.3 2240.0 2219.0 2234.3 2251.6 -999.0 2310.5 2297.1 2214.9 2189.4 2089.8 1910.0 1992.7 2003.2 2067.7 2157.4 2150.9 2049.3 2109.7 2076.3 1937.9 1875.1 1877.2 1843.1 1836.0 1979.7 2029.3 2058.0 2073.9 2000.6 2134.6 2152.5 2171.0 2249.1 2279.5 2313.3 2312.9 2340.5
-999.0 -999.0 -999.0 -999.0 -999.0 -999.0 -999.0 -999.0 -999.0 -999.0 -999.0 -999.0 -999.0 -999.0 -999.0 -999.0 -999.0 -999.0 -999.0 -999.0 -999.0 -999.0 -999.0 -999.0 -999.0 2292.4 2217.1 2164.8 2115.2 2097.1 2250.2 2300.9 2315.3 2337.0 -999.0 -999.0 -999.0 -999.0 2269.7 2325.0 2254.6 2243.5 2204.7 2100.4 1919.6 1995.6 1958.5 2021.5 2181.7 2083.9 2059.2 1926.0 1978.7 1788.1 1877.7 1853.4 1908.6 1910.6 1947.9 2044.3 2002.7 2216.4 2202.8 2185.4 2294.4 2256.0 2300.8 2326.7 2347.1 2432.3 2537.5
-999.0 -999.0 -999.0 -999.0 -999.0 -999.0 -999.0 -999.0 -999.0 -999.0 -999.0 -999.0 -999.0 -999.0 -999.0 -999.0 -999.0 -999.0 -999.0 -999.0 -999.0 -999.0 -999.0 -999.0 -999.0 -999.0 2272.7 2054.4 2091.1 2167.4 2141.4 2235.9 2301.8 -999.0 -999.0 -999.0 -999.0 2178.3 2097.4 2043.6 2280.8 2279.1 2248.4 2015.2 1927.2 1939.2 1931.7 1988.9 2042.2 2085.8 1928.5 1785.6 1861.5 1851.1 1924.5 1912.7 1945.4 2059.3 2034.3 2065.0 2138.3 2187.9 2241.4 2364.8 2295.8 2254.7 2264.1 2237.9 2236.3 2401.6 2466.2
-999.0 -999.0 -999.0 -999.0 -999.0 -999.0 -999.0 -999.0 -999.0 -999.0 -999.0 -999.0 -999.0 -999.0 -999.0 -999.0 -999.0 -999.0 -999.0 -999.0 -999.0 -999.0 -999.0 -999.0 -999.0 -999.0 -999.0 2230.0 2150.4 2207.7 2148.2 2267.1 2246.8 -999.0 -999.0 -999.0 2271.1 2276.1 2211.8 2040.2 2093.7 2155.5 2274.7 2141.0 2208.4 1994.6 1952.3 2033.0 1936.3 1872.8 1884.3 1915.0 1833.5 1912.8 1970.1 2007.0 2075.2 2094.9 2108.7 2105.5 2091.4 2165.6 2250.0 2247.1 2190.3 2171.8 2219.6 2228.1 2239.7 2308.3 2384.9
-999.0 -999.0 -999.0 -999.0 -999.0 -999.0 -999.0 -999.0 -999.0 -999.0 -999.0 -999.0 -999.0 -999.0 -999.0 -999.0 -999.0 -999.0 -999.0 -999.0 -999.0 -999.0 -999.0 -999.0 -999.0 -999.0 -999.0 -999.0 -999.0 -999.0 -999.0 -999.0 -999.0 -999.0 -999.0 2200.5 2293.6 2315.5 2267.1 2045.0 2201.5 2149.4 2089.5 2141.3 2163.2 2085.7 2154.0 2111.7 2065.8 1971.4 1984.7 1963.6 1946.4 1913.6 1940.5 1976.0 1864.5 2018.7 2004.7 2068.7 2055.9 2094.5 2184.1 2169.9 2154.2 2144.0 2124.3 2214.5 2265.2 2303.7 2331.0
-999.0 -999.0 -999.0 -999.0 -999.0 -999.0 -999.0 -999.0 -999.0 -999.0 -999.0 -999.0 -999.0 -999.0 -999.0 -999.0 -999.0 -999.0 -999.0 -999.0 -999.0 -999.0 -999.0 -999.0 -999.0 -999.0 -999.0 -999.0 -999.0 -999.0 -999.0 -999.0 -999.0 -999.0 -999.0 2345.3 2186.4 2211.3 1726.8 1861.7 2169.5 2109.6 2068.0 2069.6 2046.5 2160.1 2169.9 2129.5 2102.3 1988.7 2017.9 2061.4 1904.9 1882.2 1782.4 1922.6 1909.7 1804.8 1954.7 2017.7 2068.3 2138.5 2160.3 2169.0 2170.0 2171.6 2208.3 2165.3 2202.5 2308.8 2336.6
-999.0 -999.0 -999.0 -999.0 -999.0 -999.0 -999.0 -999.0 -999.0 -999.0 -999.0 -999.0 -999.0 -999.0 -999.0 -999.0 -999.0 -999.0 -999.0 -999.0 -999.0 -999.0 -999.0 -999.0 -999.0 -999.0 -999.0 -999.0 -999.0 -999.0 -999.0 -999.0 -999.0 -999.0 -999.0 2312.9 2313.8 2294.2 2074.5 1745.0 1853.6 1948.0 2053.6 1958.9 2097.3 2098.1 2132.2 1941.7 1896.4 1843.0 1908.4 1997.9 1971.2 1974.6 1956.3 1925.7 1922.9 1997.1 2002.5 2017.5 2046.7 2109.6 2145.5 2155.8 2158.9 2143.3 2186.9 2148.6 2171.4 2221.7 2162.5
-999.0 -999.0 -999.0 -999.0 -999.0 -999.0 -999.0 -999.0 -999.0 -999.0 -999.0 -999.0 -999.0 -999.0 -999.0 -999.0 -999.0 -999.0 2392.5 2244.6 2315.9 1595.6 1564.1 1580.5 1628.2 1523.9 2368.9 1884.6 2368.4 -999.0 -999.0 -999.0 -999.0 -999.0 -999.0 2296.5 2288.5 2238.2 2287.9 2130.3 1926.2 1828.3 1910.1 2008.0 2054.4 2036.2 1955.5 1824.7 1886.7 1971.9 1994.8 2028.3 1979.8 2003.5 2060.7 2102.0 2115.5 2056.8 2087.5 2013.5 1975.1 1913.3 2035.2 2097.6 2053.5 2044.5 2129.7 2062.2 2125.0 2177.0 2078.5
-999.0 -999.0 -999.0 -999.0 -999.0 -999.0 -999.0 -999.0 -999.0 -999.0 -999.0 -999.0 -999.0 -999.0 -999.0 -999.0 -999.0 -999.0 2062.0 1949.0 1762.9 1708.8 1427.9 1310.8 1416.7 1469.8 1574.5 1965.3 2167.9 2302.5 2203.1 1967.7 2157.1 2232.1 2300.1 2300.6 2296.4 2282.9 2269.7 2247.3 2177.4 1948.7 1941.0 2004.8 2072.0 1798.1 1912.4 1966.4 1919.4 1924.5 2038.3 2067.1 2088.8 2069.1 2059.1 2093.1 2101.0 2183.9 2131.7 2041.8 2011.0 2017.4 1960.4 1942.5 2035.6 2047.6 2145.7 2186.4 2096.6 2171.1 1814.9
-999.0 -999.0 -999.0 -999.0 -999.0 -999.0 -999.0 -999.0 -999.0 -999.0 -999.0 -999.0 -999.0 -999.0 -999.0 -999.0 -999.0 2481.3 2339.5 2099.5 2024.1 1878.7 1548.6 1351.4 1409.8 1544.7 1589.9 1688.0 1918.9 2039.7 2111.9 2039.7 1921.9 2190.0 2244.8 2300.8 2263.3 2140.7 2247.6 2222.7 2067.3 2045.6 2053.5 2016.1 1788.8 1953.4 1809.9 1833.5 1910.1 2052.0 2056.3 2126.1 2084.4 2000.4 2087.7 2049.0 2178.0 2136.7 2128.5 2081.3 2052.3 1930.7 1874.6 2063.0 2102.7 2107.9 1942.9 2103.5 2155.5 2129.8 2114.4
-999.0 -999.0 -999.0 -999.0 -999.0 -999.0 -999.0 -999.0 -999.0 -999.0 -999.0 -999.0 -999.0 -999.0 -999.0 -999.0 -999.0 -999.0 2293.0 2264.9 2232.2 1885.0 1792.0 1690.6 1440.2 1589.2 1711.5 1954.7 1855.9 1671.8 1872.4 2077.9 2084.3 1934.8 2141.6 2293.3 2269.3 2251.3 2156.3 2121.2 2189.8 2198.5 2138.0 2051.6 1908.7 2008.9 1850.7 1929.8 1942.8 2001.6 2019.6 2095.5 2020.7 1992.6 2026.1 2166.5 2192.5 2124.4 2226.4 2183.9 2157.0 2038.0 1939.6 1966.4 2136.7 2154.8 2077.4 2072.6 2124.7 2187.2 2184.1
