GDD/GrowingDegreeDays_1974_Actual.txt
ncols         180
nrows         290
xllcorner     -200000
yllcorner     -200000
cellsize      5000
NODATA_value    -999
[rows 64 to 95 of 290, columns 72 to 143 of 180]
-999.0 -999.0 -999.0 -999.0 -999.0 -999.0 -999.0 -999.0 1370.5 1097.7 1091.9 1036.8 724.3 752.8 561.8 751.0 831.4 762.6 781.7 300.7 763.2 427.0 704.1 655.4 832.9 878.7 761.6 587.2 616.9 447.3 813.9 -999.0 -999.0 -999.0 -999.0 -999.0 -999.0 -999.0 -999.0 -999.0 -999.0 -999.0 -999.0 -999.0 -999.0 -999.0 -999.0 -999.0 -999.0 -999.0 -999.0 -999.0 -999.0 -999.0 -999.0 -999.0 -999.0 -999.0 -999.0 -999.0 -999.0 -999.0 -999.0 -999.0 -999.0 -999.0 -999.0 -999.0 -999.0 -999.0 -999.0 -999.0
-999.0 -999.0 -999.0 -999.0 -999.0 -999.0 -999.0 -999.0 -999.0 1345.0 1089.5 803.3 736.4 738.5 688.6 696.1 1075.1 930.0 889.8 643.4 591.9 558.4 697.7 794.3 708.8 755.7 798.7 732.9 772.6 841.1 1149.4 -999.0 -999.0 -999.0 -999.0 -999.0 -999.0 -999.0 -999.0 -999.0 -999.0 -999.0 -999.0 -999.0 -999.0 -999.0 -999.0 -999.0 -999.0 -999.0 -999.0 -999.0 -999.0 -999.0 -999.0 -999.0 -999.0 -999.0 -999.0 -999.0 -999.0 -999.0 -999.0 -999.0 -999.0 -999.0 -999.0 -999.0 -999.0 -999.0 -999.0 -999.0
-999.0 -999.0 -999.0 -999.0 -999.0 -999.0 -999.0 1416.1 -999.0 1350.3 1132.8 762.4 725.7 634.5 414.6 910.7 813.4 1063.6 893.7 886.5 771.5 669.7 864.9 819.3 734.9 668.3 645.5 775.5 949.3 1172.1 -999.0 -999.0 -999.0 -999.0 -999.0 -999.0 -999.0 -999.0 -999.0 -999.0 -999.0 -999.0 -999.0 -999.0 -999.0 -999.0 -999.0 -999.0 -999.0 -999.0 -999.0 -999.0 -999.0 -999.0 -999.0 -999.0 -999.0 -999.0 -999.0 -999.0 -999.0 -999.0 -999.0 -999.0 -999.0 -999.0 -999.0 -999.0 -999.0 -999.0 -999.0 -999.0
-999.0 -999.0 -999.0 -999.0 -999.0 -999.0 -999.0 1413.8 1346.6 1246.0 1218.9 749.0 1109.3 900.3 996.9 838.6 914.6 729.5 1028.9 976.0 822.2 847.4 795.4 793.9 891.0 603.4 798.8 851.4 -999.0 -999.0 -999.0 -999.0 -999.0 -999.0 -999.0 -999.0 -999.0 -999.0 -999.0 -999.0 -999.0 -999.0 -999.0 -999.0 -999.0 -999.0 -999.0 -999.0 -999.0 -999.0 -999.0 -999.0 -999.0 -999.0 -999.0 -999.0 -999.0 -999.0 -999.0 -999.0 -999.0 -999.0 -999.0 -999.0 -999.0 -999.0 -999.0 -999.0 -999.0 -999.0 -999.0 -999.0
-999.0 -999.0 -999.0 -999.0 -999.0 -999.0 -999.0 -999.0 1357.3 673.2 1242.8 962.9 880.2 884.2 1062.8 713.3 861.4 733.2 783.4 1002.3 892.5 916.7 870.7 816.4 839.0 776.0 1146.4 -999.0 -999.0 -999.0 -999.0 -999.0 -999.0 -999.0 -999.0 -999.0 -999.0 -999.0 -999.0 -999.0 -999.0 -999.0 -999.0 -999.0 -999.0 -999.0 -999.0 -999.0 -999.0 -999.0 -999.0 -999.0 -999.0 -999.0 -999.0 -999.0 -999.0 -999.0 -999.0 -999.0 -999.0 -999.0 -999.0 -999.0 -999.0 -999.0 -999.0 -999.0 -999.0 -999.0 -999.0 -999.0
-999.0 -999.0 -999.0 -999.0 -999.0 -999.0 -999.0 -999.0 -999.0 1371.1 912.4 1250.3 992.5 589.3 999.1 946.6 952.6 1115.0 867.5 1036.2 870.7 799.5 1059.0 794.4 959.5 1100.2 -999.0 -999.0 -999.0 -999.0 -999.0 -999.0 -999.0 -999.0 -999.0 -999.0 -999.0 -999.0 -999.0 -999.0 -999.0 -999.0 -999.0 -999.0 -999.0 -999.0 -999.0 -999.0 -999.0 -999.0 -999.0 -999.0 -999.0 -999.0 -999.0 -999.0 -999.0 -999.0 -999.0 -999.0 -999.0 -999.0 -999.0 -999.0 -999.0 -999.0 -999.0 -999.0 -999.0 -999.0 -999.0 -999.0
-999.0 -999.0 -999.0 -999.0 -999.0 1418.2 -999.0 -999.0 1428.6 1396.1 1096.2 878.9 784.4 797.9 1016.9 932.7 717.4 866.4 964.0 1109.4 899.6 828.7 875.9 1154.6 1184.7 -999.0 -999.0 -999.0 -999.0 -999.0 -999.0 -999.0 -999.0 -999.0 -999.0 -999.0 -999.0 -999.0 -999.0 -999.0 -999.0 -999.0 -999.0 -999.0 -999.0 -999.0 -999.0 -999.0 -999.0 -999.0 -999.0 -999.0 -999.0 -999.0 -999.0 -999.0 -999.0 -999.0 -999.0 -999.0 -999.0 -999.0 -999.0 -999.0 -999.0 -999.0 -999.0 -999.0 -999.0 -999.0 -999.0 -999.0
-999.0 -999.0 -999.0 1278.0 1436.5 1291.7 1416.2 1173.2 1404.8 881.6 1288.1 594.7 729.1 763.4 787.7 646.2 687.3 713.2 1084.3 960.3 1048.3 808.6 913.1 1046.1 1207.6 -999.0 -999.0 -999.0 -999.0 -999.0 -999.0 -999.0 -999.0 -999.0 -999.0 -999.0 -999.0 -999.0 -999.0 -999.0 -999.0 -999.0 -999.0 -999.0 -999.0 -999.0 -999.0 -999.0 -999.0 -999.0 -999.0 -999.0 -999.0 -999.0 -999.0 -999.0 -999.0 -999.0 -999.0 -999.0 -999.0 -999.0 -999.0 -999.0 -999.0 -999.0 -999.0 -999.0 -999.0 -999.0 -999.0 -999.0
-999.0 -999.0 -999.0 892.8 1367.2 1362.2 1158.9 1073.7 855.0 573.1 766.0 1279.2 592.6 523.7 593.3 524.9 826.9 715.9 444.5 884.4 1091.7 1133.9 1185.3 1197.8 -999.0 -999.0 1211.8 -999.0 -999.0 -999.0 -999.0 -999.0 -999.0 -999.0 -999.0 -999.0 -999.0 -999.0 -999.0 -999.0 -999.0 -999.0 -999.0 -999.0 -999.0 -999.0 -999.0 -999.0 -999.0 -999.0 -999.0 -999.0 -999.0 -999.0 -999.0 -999.0 -999.0 -999.0 -999.0 -999.0 -999.0 -999.0 -999.0 -999.0 -999.0 -999.0 -999.0 -999.0 -999.0 -999.0 -999.0 -999.0
-999.0 -999.0 -999.0 1072.8 1208.7 1365.5 1092.3 664.1 1041.3 306.2 870.9 848.1 530.6 444.9 522.7 541.4 529.4 436.5 569.3 701.2 600.6 905.6 797.3 1125.5 1175.4 1178.7 1209.3 -999.0 -999.0 -999.0 -999.0 -999.0 -999.0 -999.0 -999.0 -999.0 -999.0 -999.0 -999.0 -999.0 -999.0 -999.0 -999.0 -999.0 -999.0 -999.0 -999.0 -999.0 -999.0 -999.0 -999.0 -999.0 -999.0 -999.0 -999.0 -999.0 -999.0 -999.0 -999.0 -999.0 -999.0 -999.0 -999.0 -999.0 -999.0 -999.0 -999.0 -999.0 -999.0 -999.0 -999.0 -999.0
-999.0 -999.0 -999.0 1375.8 1055.6 1339.8 977.2 934.8 554.2 712.0 711.5 864.3 833.7 781.1 481.1 614.9 552.4 568.3 840.2 863.8 724.6 897.4 830.4 1080.5 1150.9 1147.1 -999.0 -999.0 -999.0 -999.0 -999.0 -999.0 -999.0 -999.0 -999.0 -999.0 -999.0 -999.0 -999.0 -999.0 -999.0 -999.0 -999.0 -999.0 -999.0 -999.0 -999.0 -999.0 -999.0 -999.0 -999.0 -999.0 -999.0 -999.0 -999.0 -999.0 -999.0 -999.0 -999.0 -999.0 -999.0 -999.0 -999.0 -999.0 -999.0 -999.0 -999.0 -999.0 -999.0 -999.0 -999.0 -999.0
-999.0 -999.0 -999.0 1282.8 1328.8 1168.3 1396.4 494.2 684.2 659.2 717.7 510.3 257.8 609.6 759.6 798.6 507.9 592.0 822.8 743.5 880.7 962.9 1107.7 1180.9 989.0 -999.0 -999.0 -999.0 -999.0 -999.0 -999.0 -999.0 -999.0 -999.0 -999.0 -999.0 -999.0 -999.0 -999.0 -999.0 -999.0 -999.0 -999.0 -999.0 -999.0 -999.0 -999.0 -999.0 -999.0 -999.0 -999.0 -999.0 -999.0 -999.0 -999.0 -999.0 -999.0 -999.0 -999.0 -999.0 -999.0 -999.0 -999.0 -999.0 -999.0 -999.0 -999.0 -999.0 -999.0 -999.0 -999.0 -999.0
-999.0 -999.0 1474.1 1056.7 967.4 688.8 916.6 1342.6 758.9 764.4 698.3 764.6 708.4 789.4 623.9 819.3 832.2 361.3 676.9 818.4 1147.8 1179.5 1184.9 1213.8 -999.0 -999.0 -999.0 -999.0 -999.0 -999.0 1263.7 1221.6 1171.9 1244.0 -999.0 -999.0 1317.8 1148.4 1192.7 1275.3 1287.1 -999.0 -999.0 -999.0 1189.4 -999.0 1195.1 1207.2 -999.0 -999.0 -999.0 -999.0 -999.0 -999.0 -999.0 -999.0 -999.0 -999.0 -999.0 -999.0 -999.0 -999.0 -999.0 -999.0 -999.0 -999.0 -999.0 -999.0 -999.0 -999.0 -999.0 -999.0
-999.0 -999.0 -999.0 1248.8 907.0 660.1 819.0 759.4 1284.3 765.5 819.5 638.4 799.8 899.5 1200.0 975.2 696.6 736.1 863.6 1032.5 1058.3 1004.4 946.9 1227.6 -999.0 -999.0 -999.0 1317.8 1343.1 1251.2 1237.8 1204.8 1215.1 1232.0 1289.2 1280.5 1131.6 983.0 979.2 1120.4 1166.9 1211.4 1121.2 965.7 917.8 987.7 1060.2 1100.0 1110.8 -999.0 -999.0 -999.0 -999.0 -999.0 -999.0 -999.0 -999.0 -999.0 -999.0 -999.0 -999.0 -999.0 -999.0 -999.0 -999.0 -999.0 -999.0 -999.0 -999.0 -999.0 -999.0 -999.0
1315.2 -999.0 1282.3 1483.5 1368.8 1300.3 380.0 1231.8 901.5 1082.4 790.0 972.0 735.5 781.3 714.5 1021.2 1132.9 1085.2 1011.8 1176.6 956.6 1081.7 984.8 1212.1 1201.4 1171.3 1166.6 1259.7 1317.5 1152.1 958.3 1132.9 1152.9 1051.2 1254.5 933.2 789.4 829.9 887.4 1039.6 951.5 1039.9 1089.3 998.6 877.0 933.4 983.4 834.9 1037.0 1116.4 -999.0 -999.0 -999.0 -999.0 -999.0 -999.0 -999.0 -999.0 -999.0 -999.0 -999.0 -999.0 -999.0 -999.0 -999.0 -999.0 -999.0 -999.0 -999.0 -999.0 -999.0 -999.0
-999.0 1437.2 754.8 1000.8 1080.6 561.9 776.9 502.8 1145.0 852.2 791.8 861.3 859.6 1054.8 622.3 705.3 686.8 1079.3 1219.3 1030.5 1187.7 1322.9 -999.0 1275.7 1137.3 1127.0 1036.1 1065.9 1124.4 1039.9 1041.3 875.8 856.8 931.9 1033.8 953.3 947.8 985.9 998.8 886.0 1000.7 1032.8 1017.1 938.8 942.0 935.0 954.4 956.0 950.0 1038.0 1136.8 -999.0 -999.0 -999.0 -999.0 -999.0 -999.0 -999.0 -999.0 -999.0 -999.0 -999.0 -999.0 -999.0 -999.0 -999.0 -999.0 -999.0 -999.0 -999.0 -999.0 -999.0
-999.0 1444.2 1212.1 881.7 760.1 1064.0 503.3 631.7 1073.4 933.4 691.3 597.6 603.9 831.0 822.7 631.2 731.3 799.6 1231.8 1289.2 1344.8 1381.9 1278.9 1032.3 940.1 941.4 969.2 1058.5 932.8 860.3 866.7 720.3 811.0 1002.3 848.3 812.1 790.3 854.9 1086.1 1095.1 1117.7 1023.5 1014.9 927.7 951.2 923.9 984.0 992.6 1006.7 1010.3 1103.3 -999.0 -999.0 -999.0 -999.0 -999.0 -999.0 -999.0 -999.0 -999.0 -999.0 -999.0 -999.0 -999.0 -999.0 -999.0 -999.0 -999.0 -999.0 -999.0 -999.0 -999.0
-999.0 -999.0 912.4 501.2 932.3 713.2 1404.6 1051.3 973.8 953.5 608.7 736.5 390.4 429.0 511.2 724.8 898.6 1085.9 1171.9 861.5 1082.9 1267.3 1006.9 802.6 661.0 747.2 847.2 827.4 857.5 689.4 673.7 949.7 952.7 984.4 1037.9 856.2 849.6 914.3 1043.5 1102.6 1044.3 895.8 1010.7 951.7 971.0 879.9 992.8 940.1 951.1 959.3 1058.6 -999.0 -999.0 -999.0 -999.0 -999.0 -999.0 -999.0 -999.0 -999.0 -999.0 -999.0 -999.0 -999.0 -999.0 -999.0 -999.0 -999.0 -999.0 -999.0 -999.0 -999.0
-999.0 -999.0 1239.0 1312.2 1246.6 1315.0 1034.4 814.0 564.0 928.8 770.1 803.0 901.0 946.9 736.7 732.6 749.3 799.9 879.1 614.4 1109.5 928.0 940.1 776.1 553.9 627.0 803.8 777.9 754.2 607.9 767.6 1069.4 697.6 858.8 763.4 675.4 892.9 847.0 1080.2 993.6 813.4 925.2 952.6 1022.9 958.9 1031.7 1015.4 886.5 970.4 1015.3 -999.0 -999.0 -999.0 -999.0 -999.0 -999.0 -999.0 -999.0 -999.0 -999.0 -999.0 -999.0 -999.0 -999.0 -999.0 -999.0 -999.0 -999.0 -999.0 -999.0 -999.0 -999.0
1371.1 -999.0 -999.0 1574.2 1200.5 1327.8 979.7 612.3 391.4 656.3 358.5 599.1 694.0 742.9 956.4 906.1 774.2 801.1 687.5 1226.2 945.3 991.3 576.5 777.6 773.9 499.3 697.2 702.8 729.4 821.3 963.8 877.2 793.4 829.6 734.8 750.0 651.4 823.3 1055.2 797.1 915.5 976.6 968.0 835.2 978.0 1047.0 1077.8 989.5 993.9 1043.7 -999.0 -999.0 -999.0 -999.0 -999.0 -999.0 -999.0 -999.0 -999.0 -999.0 -999.0 -999.0 -999.0 -999.0 -999.0 -999.0 -999.0 -999.0 -999.0 -999.0 -999.0 -999.0
1265.3 -999.0 -999.0 1370.6 1344.7 1360.7 923.5 1360.8 933.1 631.2 414.0 285.5 441.6 863.8 841.0 748.8 571.5 799.9 1135.5 884.6 858.0 827.5 637.9 705.0 747.7 525.6 785.4 845.0 883.3 908.7 558.8 826.3 802.5 437.8 621.5 721.4 697.5 912.7 925.8 951.1 995.9 1046.4 1033.5 1048.9 964.6 1036.0 1043.9 997.1 1002.5 -999.0 -999.0 -999.0 -999.0 -999.0 -999.0 -999.0 -999.0 -999.0 -999.0 -999.0 -999.0 -999.0 -999.0 -999.0 -999.0 -999.0 -999.0 -999.0 -999.0 -999.0 -999.0 -999.0
1192.9 1145.4 927.6 607.6 785.9 623.4 787.7 1111.2 731.3 304.6 338.1 898.9 690.3 848.8 667.8 525.6 557.9 755.7 992.3 855.8 493.3 410.2 624.3 599.1 579.6 836.9 909.4 922.5 746.8 603.2 829.4 830.0 823.7 670.9 502.9 615.0 473.7 892.0 663.4 814.9 800.2 587.0 940.2 1098.9 976.0 934.0 1043.8 999.2 -999.0 -999.0 -999.0 -999.0 -999.0 -999.0 -999.0 -999.0 -999.0 -999.0 -999.0 -999.0 -999.0 -999.0 -999.0 -999.0 -999.0 -999.0 -999.0 -999.0 -999.0 -999.0 -999.0 -999.0
933.6 1175.5 613.0 1276.2 1154.6 924.8 498.6 352.2 732.8 610.5 712.5 427.7 578.2 657.0 692.5 916.4 894.8 909.7 883.5 634.0 369.3 467.8 682.2 421.0 743.7 651.6 960.6 956.4 876.0 732.2 653.4 657.0 623.2 472.1 499.1 740.6 661.1 936.7 931.0 1010.6 977.3 974.5 1042.1 1073.6 1085.6 1049.6 1038.0 1158.7 -999.0 -999.0 -999.0 -999.0 -999.0 -999.0 -999.0 -999.0 -999.0 -999.0 -999.0 -999.0 -999.0 -999.0 -999.0 -999.0 -999.0 -999.0 -999.0 -999.0 -999.0 -999.0 -999.0 -999.0
1110.2 1019.7 -999.0 1284.5 713.6 406.1 324.8 748.3 883.2 807.7 378.0 390.4 948.5 1047.4 848.5 567.1 1033.2 914.3 641.6 422.3 362.2 385.9 315.5 559.7 480.0 643.9 915.5 482.4 774.2 451.9 487.6 455.7 382.5 501.3 675.3 795.6 700.3 806.0 745.8 889.5 880.9 983.2 1011.8 1044.8 1080.4 1117.2 1105.0 -999.0 -999.0 -999.0 -999.0 -999.0 -999.0 -999.0 -999.0 -999.0 -999.0 -999.0 -999.0 -999.0 -999.0 -999.0 -999.0 -999.0 -999.0 -999.0 -999.0 -999.0 -999.0 -999.0 -999.0 -999.0
949.9 1332.8 -999.0 545.0 839.4 760.0 1313.8 624.7 843.2 348.9 426.4 709.3 537.5 484.8 826.2 1177.0 667.2 624.2 516.2 317.8 292.3 297.8 271.0 480.6 722.1 951.2 875.0 745.1 552.7 342.0 384.9 608.7 491.3 650.6 570.2 662.4 769.6 861.4 800.0 794.1 822.3 933.7 881.2 1040.3 966.3 974.8 1085.4 -999.0 -999.0 -999.0 -999.0 -999.0 -999.0 -999.0 -999.0 -999.0 -999.0 -999.0 -999.0 -999.0 -999.0 -999.0 -999.0 -999.0 -999.0 -999.0 -999.0 -999.0 -999.0 -999.0 -999.0 -999.0
1345.7 -999.0 1155.3 1013.6 659.4 945.5 753.6 540.4 946.6 948.8 783.7 948.1 1110.7 1125.1 1099.5 706.0 417.2 375.3 345.6 301.0 214.6 298.3 625.1 810.4 828.7 384.3 636.8 177.7 161.4 312.7 342.8 351.3 523.3 607.0 629.9 583.4 956.4 969.3 924.4 994.1 970.2 589.4 772.3 1092.0 1079.4 1072.3 1079.9 1206.5 -999.0 -999.0 -999.0 -999.0 -999.0 -999.0 -999.0 -999.0 -999.0 -999.0 -999.0 -999.0 -999.0 -999.0 -999.0 -999.0 -999.0 -999.0 -999.0 -999.0 -999.0 -999.0 -999.0 -999.0
-999.0 1420.3 857.8 759.0 628.2 1080.8 742.1 418.6 929.9 846.8 609.5 660.8 637.9 797.6 531.8 469.3 312.4 562.2 586.3 435.5 321.6 471.5 831.4 725.1 790.1 484.8 191.9 392.7 183.2 290.1 321.6 394.5 473.8 514.6 689.7 880.7 988.5 916.8 1034.5 1079.3 952.1 1003.9 1079.0 1132.8 1008.4 983.5 1068.9 -999.0 -999.0 -999.0 -999.0 -999.0 -999.0 -999.0 -999.0 -999.0 -999.0 -999.0 -999.0 -999.0 -999.0 -999.0 -999.0 -999.0 -999.0 -999.0 -999.0 -999.0 -999.0 -999.0 -999.0 -999.0
-999.0 1409.8 1369.8 1020.1 609.8 876.3 577.0 1066.4 1113.0 1063.5 852.7 453.7 354.8 472.0 703.2 744.7 654.1 420.1 591.7 609.6 709.9 700.3 552.2 493.3 389.9 276.5 285.4 262.4 455.0 504.3 583.8 849.5 787.2 707.1 659.4 587.5 732.5 839.4 640.0 792.9 1083.6 1010.6 891.7 852.2 839.3 982.3 -999.0 -999.0 -999.0 -999.0 -999.0 -999.0 -999.0 -999.0 -999.0 -999.0 -999.0 -999.0 -999.0 -999.0 -999.0 -999.0 -999.0 -999.0 -999.0 -999.0 -999.0 -999.0 -999.0 -999.0 -999.0 -999.0
-999.0 1079.9 683.8 1196.7 522.8 467.8 571.7 473.1 656.7 1024.6 925.0 1087.3 1124.7 458.4 530.6 427.1 119.1 815.2 685.2 680.2 611.0 641.3 439.2 487.4 320.5 454.3 511.0 545.5 468.0 625.5 431.8 430.1 302.3 422.5 600.3 447.1 289.4 465.1 529.7 664.4 676.9 730.0 738.6 840.3 879.2 1026.0 -999.0 -999.0 -999.0 -999.0 -999.0 -999.0 -999.0 -999.0 -999.0 -999.0 -999.0 -999.0 -999.0 -999.0 -999.0 -999.0 -999.0 -999.0 -999.0 -999.0 -999.0 -999.0 -999.0 -999.0 -999.0 -999.0
1441.1 1442.3 1135.3 1400.3 1141.4 931.1 661.2 1034.5 1023.3 462.5 1039.9 1102.7 1063.6 981.4 511.7 701.6 906.9 754.1 343.2 421.0 629.9 235.6 386.8 441.2 330.6 270.5 339.7 383.9 368.5 381.5 411.1 364.1 197.5 648.8 415.6 446.9 828.5 858.8 560.0 724.7 676.0 660.2 919.5 840.6 895.8 1003.7 -999.0 -999.0 -999.0 -999.0 -999.0 -999.0 -999.0 -999.0 -999.0 -999.0 -999.0 -999.0 -999.0 -999.0 -999.0 -999.0 -999.0 -999.0 -999.0 -999.0 -999.0 -999.0 -999.0 -999.0 -999.0 -999.0
-999.0 1373.6 1040.7 456.0 1113.9 1326.0 1162.2 1279.1 1377.7 1379.7 1336.3 1089.2 984.0 555.9 796.0 694.3 726.5 361.5 473.4 697.6 614.2 224.2 482.1 375.4 578.2 322.3 340.6 551.9 208.8 268.3 306.3 199.0 241.8 420.8 299.4 411.7 573.8 788.1 973.6 923.6 731.8 859.6 1028.5 997.1 929.7 1162.2 -999.0 -999.0 -999.0 -999.0 -999.0 -999.0 -999.0 -999.0 -999.0 -999.0 -999.0 -999.0 -999.0 -999.0 -999.0 -999.0 -999.0 -999.0 -999.0 -999.0 -999.0 -999.0 -999.0 -999.0 -999.0 -999.0
1354.3 1341.9 1208.2 789.9 1295.0 524.4 946.6 730.7 559.9 1343.2 1282.0 137.1 366.1 321.9 463.2 281.5 361.0 322.8 315.3 260.7 475.8 443.1 614.7 642.6 683.9 527.4 545.8 297.6 552.1 498.6 636.2 468.3 299.4 386.7 817.5 569.1 504.7 775.0 554.4 894.0 1043.2 1073.3 1060.1 905.7 1032.2 -999.0 -999.0 -999.0 -999.0 -999.0 -999.0 -999.0 -999.0 -999.0 -999.0 -999.0 -999.0 -999.0 -999.0 -999.0 -999.0 -999.0 -999.0 -999.0 -999.0 -999.0 -999.0 -999.0 -999.0 -999.0 -999.0 -999.0
