GDD/GrowingDegreeDays_2004_Actual.txt
ncols         180
nrows         290
xllcorner     -200000
yllcorner     -200000
cellsize      5000
NODATA_value    -999
[rows 96 to 127 of 290, columns 71 to 141 of 180]
1367.1 1427.5 1626.0 1736.3 1288.7 1629.7 868.5 900.7 1230.5 1536.3 954.2 502.3 509.4 458.7 783.7 919.7 994.4 674.4 784.0 645.4 601.9 954.9 960.5 971.7 1251.6 1091.2 1268.3 964.7 750.8 867.6 787.8 903.3 964.3 859.6 790.4 916.5 989.5 834.2 834.9 1248.1 1391.7 1522.3 1553.8 1309.9 1408.7 -999.0 -999.0 -999.0 -999.0 -999.0 -999.0 -999.0 -999.0 -999.0 -999.0 -999.0 -999.0 -999.0 -999.0 -999.0 -999.0 -999.0 -999.0 -999.0 -999.0 -999.0 -999.0 -999.0 -999.0 -999.0 -999.0
1333.4 1172.6 1655.0 1720.8 1280.9 1523.1 1069.7 1235.6 1529.2 1579.9 1085.7 642.1 1492.4 699.7 949.1 764.2 1020.7 759.8 1106.0 922.8 1047.4 1051.7 550.7 1041.4 1000.7 1102.2 1106.3 1140.6 764.7 1006.7 1138.7 1037.4 779.7 995.8 886.1 1074.7 1019.4 1076.0 1198.6 1409.1 1396.4 1371.0 1423.0 1563.1 -999.0 -999.0 -999.0 -999.0 -999.0 -999.0 -999.0 -999.0 -999.0 -999.0 -999.0 -999.0 -999.0 -999.0 -999.0 -999.0 -999.0 -999.0 -999.0 -999.0 -999.0 -999.0 -999.0 -999.0 -999.0 -999.0 -999.0
1395.2 1629.8 1021.9 1248.7 1195.1 840.2 563.4 1550.8 1676.4 670.1 1263.7 1396.4 677.6 896.8 660.2 909.4 689.1 1184.4 1328.6 1440.2 1426.5 1402.7 1295.5 967.9 1266.1 1026.3 904.8 1220.2 1055.8 932.3 1176.9 1184.4 1028.3 1036.1 1169.2 1057.6 1160.1 1370.4 1459.9 1508.8 1383.8 1475.9 1544.0 1531.3 -999.0 -999.0 -999.0 -999.0 -999.0 -999.0 -999.0 -999.0 -999.0 -999.0 -999.0 -999.0 -999.0 -999.0 -999.0 -999.0 -999.0 -999.0 -999.0 -999.0 -999.0 -999.0 -999.0 -999.0 -999.0 -999.0 -999.0
1351.1 966.2 1386.1 1182.1 1124.4 1609.1 1618.3 -999.0 1337.6 644.0 899.3 579.1 1109.5 1302.6 1006.0 1123.7 1159.4 1142.1 1084.1 1019.6 945.5 805.3 486.6 710.5 1001.4 964.5 1279.7 1414.4 1545.7 1050.7 967.3 1208.0 1215.2 1172.7 1366.1 1317.2 1371.1 1451.5 1459.1 1446.6 1435.3 1361.2 1356.8 -999.0 -999.0 -999.0 -999.0 -999.0 -999.0 -999.0 -999.0 -999.0 -999.0 -999.0 -999.0 -999.0 -999.0 -999.0 -999.0 -999.0 -999.0 -999.0 -999.0 -999.0 -999.0 -999.0 -999.0 -999.0 -999.0 -999.0 -999.0
1712.4 1416.0 1254.3 1390.4 1014.3 1483.3 -999.0 1630.7 1397.0 1678.8 1175.5 1385.7 949.5 488.0 1018.0 920.8 1087.5 764.2 584.7 721.5 978.0 1382.5 1239.7 1379.4 1078.5 1160.2 1153.6 1016.8 1117.6 1175.2 1107.8 1260.0 1426.4 1410.0 1526.8 1522.6 1421.1 1377.0 1413.6 1425.8 1423.4 1515.1 1471.9 -999.0 -999.0 -999.0 -999.0 -999.0 -999.0 -999.0 -999.0 -999.0 -999.0 -999.0 -999.0 -999.0 -999.0 -999.0 -999.0 -999.0 -999.0 -999.0 -999.0 -999.0 -999.0 -999.0 -999.0 -999.0 -999.0 -999.0 -999.0
1668.1 1489.3 1701.7 1222.7 1547.5 -999.0 1652.4 1636.1 1511.9 483.2 966.5 350.9 890.0 1181.0 1311.5 917.3 836.0 989.5 784.8 1064.3 818.6 676.4 829.5 1387.9 1040.5 831.6 789.6 1073.8 1079.7 1601.1 1345.0 1523.9 1582.5 1598.3 1578.1 1287.5 1287.8 1273.6 1325.8 1332.4 1399.0 1459.9 1547.4 -999.0 -999.0 -999.0 -999.0 -999.0 -999.0 -999.0 -999.0 -999.0 -999.0 -999.0 -999.0 -999.0 -999.0 -999.0 -999.0 -999.0 -999.0 -999.0 -999.0 -999.0 -999.0 -999.0 -999.0 -999.0 -999.0 -999.0 -999.0
1712.1 1641.5 871.9 1699.7 -999.0 1680.8 -999.0 1220.7 1086.1 868.7 1689.7 635.5 970.8 927.0 1131.1 437.0 983.6 440.2 987.4 1052.6 550.4 1169.8 1605.5 933.2 580.4 567.2 1170.0 1181.3 1150.5 1278.4 1482.7 1561.8 1561.6 1544.4 1177.2 1390.1 1421.8 1461.2 1429.0 1448.7 1533.0 1522.2 -999.0 -999.0 -999.0 -999.0 -999.0 -999.0 -999.0 -999.0 -999.0 -999.0 -999.0 -999.0 -999.0 -999.0 -999.0 -999.0 -999.0 -999.0 -999.0 -999.0 -999.0 -999.0 -999.0 -999.0 -999.0 -999.0 -999.0 -999.0 -999.0
687.6 860.8 1239.2 1688.5 -999.0 -999.0 1630.6 1575.1 1646.8 1590.2 1146.6 563.4 1485.6 1189.2 502.6 876.8 892.7 593.5 557.5 761.8 1398.9 784.2 796.0 579.2 774.6 1038.9 757.0 758.3 1154.6 1412.8 1610.6 1592.0 1446.0 1125.7 1398.3 1524.9 1508.1 1651.2 1638.8 1616.0 -999.0 -999.0 -999.0 -999.0 -999.0 -999.0 -999.0 -999.0 -999.0 -999.0 -999.0 -999.0 -999.0 -999.0 -999.0 -999.0 -999.0 -999.0 -999.0 -999.0 -999.0 -999.0 -999.0 -999.0 -999.0 -999.0 -999.0 -999.0 -999.0 -999.0 -999.0
1003.4 1384.9 1592.6 1689.0 -999.0 1701.0 1567.2 1399.9 1176.2 1458.3 1174.6 1596.6 1613.9 1282.5 937.8 1092.8 1329.9 1332.2 1147.7 891.8 591.8 1100.5 881.0 985.1 815.8 736.6 1009.5 1099.3 1338.0 1526.6 1616.6 1620.4 1377.3 1457.7 1651.6 1662.9 1704.7 1654.2 1679.4 -999.0 -999.0 -999.0 -999.0 -999.0 -999.0 -999.0 -999.0 -999.0 -999.0 -999.0 -999.0 -999.0 -999.0 -999.0 -999.0 -999.0 -999.0 -999.0 -999.0 -999.0 -999.0 -999.0 -999.0 -999.0 -999.0 -999.0 -999.0 -999.0 -999.0 -999.0 -999.0
1552.2 1204.7 1488.9 -999.0 -999.0 1696.0 1183.4 1350.1 1105.7 1447.8 1648.3 1341.8 876.7 886.8 1035.4 1180.0 1064.8 736.1 1145.3 884.1 1300.3 1153.4 881.8 1273.7 1567.3 1566.8 1425.6 1538.6 1615.2 1581.0 1594.0 1761.3 1604.1 1667.3 1714.1 1515.7 1622.1 1564.5 1634.3 -999.0 -999.0 -999.0 -999.0 -999.0 -999.0 -999.0 -999.0 -999.0 -999.0 -999.0 -999.0 -999.0 -999.0 -999.0 -999.0 -999.0 -999.0 -999.0 -999.0 -999.0 -999.0 -999.0 -999.0 -999.0 -999.0 -999.0 -999.0 -999.0 -999.0 -999.0 -999.0
-999.0 -999.0 -999.0 -999.0 1684.4 1294.2 1302.6 1185.3 1309.5 1192.0 858.8 927.7 717.4 1296.0 938.2 1590.3 819.0 1453.9 644.9 1235.7 983.2 573.2 1108.2 1377.9 1192.9 1296.8 1567.6 1574.9 1675.4 1755.4 1673.6 1770.0 1766.9 1633.5 1638.3 1647.8 1617.5 1692.3 1628.9 1694.5 -999.0 -999.0 -999.0 -999.0 -999.0 -999.0 -999.0 -999.0 -999.0 -999.0 -999.0 -999.0 -999.0 -999.0 -999.0 -999.0 -999.0 -999.0 -999.0 -999.0 -999.0 -999.0 -999.0 -999.0 -999.0 -999.0 -999.0 -999.0 -999.0 -999.0 -999.0
-999.0 -999.0 -999.0 -999.0 1656.2 1700.8 1279.2 1147.9 1611.3 1034.3 1326.2 1607.4 1143.1 894.7 1032.8 1854.7 933.6 1014.9 930.6 1240.2 853.0 1067.4 980.3 782.0 1119.5 1240.4 1351.1 1468.9 1482.7 1413.5 1384.2 1277.6 1363.8 1582.5 1733.2 1704.3 1483.2 1628.6 1463.0 1546.6 1572.0 -999.0 -999.0 -999.0 -999.0 -999.0 -999.0 -999.0 -999.0 -999.0 -999.0 -999.0 -999.0 -999.0 -999.0 -999.0 -999.0 -999.0 -999.0 -999.0 -999.0 -999.0 -999.0 -999.0 -999.0 -999.0 -999.0 -999.0 -999.0 -999.0 -999.0
-999.0 -999.0 -999.0 1681.7 1671.4 1616.2 1217.3 1460.6 1194.0 1178.9 1378.4 1643.3 1055.7 1019.0 786.1 1756.2 1064.3 1214.9 1148.6 1241.1 1096.7 1601.0 1413.6 1305.6 1341.9 1542.5 1343.8 1143.1 921.0 1048.2 1155.9 1339.7 1471.8 1364.4 1719.1 1557.6 1475.7 1462.8 1477.4 1523.0 1556.5 1613.6 -999.0 -999.0 -999.0 -999.0 -999.0 -999.0 -999.0 -999.0 -999.0 -999.0 -999.0 -999.0 -999.0 -999.0 -999.0 -999.0 -999.0 -999.0 -999.0 -999.0 -999.0 -999.0 -999.0 -999.0 -999.0 -999.0 -999.0 -999.0 -999.0
-999.0 -999.0 1683.5 -999.0 1634.9 1459.8 1610.0 1177.0 991.9 1589.4 1708.7 1266.4 798.7 1207.1 1847.9 1574.1 543.0 1480.3 1490.4 1364.1 1307.8 1513.2 1575.1 1672.7 1593.3 1248.7 833.3 910.0 1119.0 1239.1 1450.5 1500.5 1518.4 1400.8 1546.0 1551.9 1666.4 1756.5 1739.2 1729.8 1715.3 -999.0 -999.0 -999.0 -999.0 -999.0 -999.0 -999.0 -999.0 -999.0 -999.0 -999.0 -999.0 -999.0 -999.0 -999.0 -999.0 -999.0 -999.0 -999.0 -999.0 -999.0 -999.0 -999.0 -999.0 -999.0 -999.0 -999.0 -999.0 -999.0 -999.0
-999.0 1723.2 1274.0 -999.0 1725.8 1697.0 1542.8 1466.8 1493.3 1489.1 924.7 1557.2 1003.5 994.9 1034.4 1410.4 1669.4 838.5 1446.5 1663.6 1746.6 1746.1 1774.3 1801.3 1811.7 1409.6 1626.9 1677.6 1695.6 1523.2 1367.4 1499.2 1511.4 1584.8 1641.0 1613.0 1728.4 -999.0 -999.0 -999.0 -999.0 -999.0 -999.0 -999.0 -999.0 -999.0 -999.0 -999.0 -999.0 -999.0 -999.0 -999.0 -999.0 -999.0 -999.0 -999.0 -999.0 -999.0 -999.0 -999.0 -999.0 -999.0 -999.0 -999.0 -999.0 -999.0 -999.0 -999.0 -999.0 -999.0 -999.0
1718.9 1465.0 1596.4 -999.0 1339.3 1737.4 1421.6 1535.0 1756.8 1076.2 1079.4 920.5 878.1 1729.3 1103.8 1112.0 1770.0 1413.3 1315.6 1574.4 1544.3 1460.6 1395.4 1320.0 1781.7 1803.2 1806.4 1722.5 1617.0 1516.6 1397.4 1497.1 1532.0 1532.4 1660.0 -999.0 -999.0 -999.0 -999.0 -999.0 -999.0 -999.0 -999.0 -999.0 -999.0 -999.0 -999.0 -999.0 -999.0 -999.0 -999.0 -999.0 -999.0 -999.0 -999.0 -999.0 -999.0 -999.0 -999.0 -999.0 -999.0 -999.0 -999.0 -999.0 -999.0 -999.0 -999.0 -999.0 -999.0 -999.0 -999.0
960.1 1492.7 -999.0 1698.0 1691.4 1262.8 1537.9 1732.6 1091.4 1428.9 1039.4 939.1 1264.9 1492.9 1120.0 1136.6 1825.7 1821.9 1773.8 1682.6 1550.1 1468.1 1215.9 1139.7 1496.7 1683.4 1804.7 1832.4 1684.9 1682.2 1623.1 1603.5 1433.1 1436.4 1698.1 -999.0 -999.0 -999.0 -999.0 -999.0 -999.0 -999.0 -999.0 -999.0 -999.0 -999.0 -999.0 -999.0 -999.0 -999.0 -999.0 -999.0 -999.0 -999.0 -999.0 -999.0 -999.0 -999.0 -999.0 -999.0 -999.0 -999.0 -999.0 -999.0 -999.0 -999.0 -999.0 -999.0 -999.0 -999.0 -999.0
1770.4 1765.9 -999.0 1737.3 1047.1 1441.3 -999.0 1611.4 1169.9 1425.1 1146.5 1261.8 1179.9 1734.3 1771.4 1569.2 1672.1 1674.8 1538.6 1724.5 912.8 934.5 1103.6 1136.9 1472.6 1765.4 1773.0 1863.4 1894.2 1829.2 1806.2 1718.4 1774.4 -999.0 -999.0 -999.0 -999.0 -999.0 1644.7 1682.5 1677.6 1781.2 -999.0 -999.0 -999.0 -999.0 -999.0 -999.0 -999.0 -999.0 -999.0 -999.0 -999.0 -999.0 -999.0 -999.0 -999.0 -999.0 -999.0 -999.0 -999.0 -999.0 -999.0 -999.0 -999.0 -999.0 -999.0 -999.0 -999.0 -999.0 -999.0
1491.8 -999.0 -999.0 1291.7 1736.8 1124.6 -999.0 1638.5 1065.3 1504.8 1784.8 935.1 1763.6 1846.3 1834.8 1812.0 1627.7 1453.2 1187.6 1514.1 1495.7 1606.5 1594.4 1643.4 1570.6 1574.6 1563.0 1652.3 1767.5 1691.3 1636.5 1689.7 1796.3 1825.8 1817.6 -999.0 -999.0 1766.0 1707.1 1635.6 1743.5 1760.5 1771.6 1781.0 -999.0 -999.0 -999.0 -999.0 -999.0 -999.0 -999.0 -999.0 -999.0 -999.0 -999.0 -999.0 -999.0 -999.0 -999.0 -999.0 -999.0 -999.0 -999.0 -999.0 -999.0 -999.0 -999.0 -999.0 -999.0 -999.0 -999.0
1814.6 -999.0 -999.0 1757.9 1466.4 1233.5 1772.3 1457.6 1662.2 1522.5 1432.9 1312.3 1801.9 1660.0 1402.5 1452.9 1505.8 1725.2 1719.7 1659.9 1712.5 1657.7 1657.9 1649.5 1570.4 1473.1 1480.9 1571.7 1441.7 1405.0 1630.4 1720.8 1741.5 1776.7 1715.4 1786.5 1732.9 1631.2 1632.4 1706.2 1596.9 1387.8 1453.7 1351.0 1742.0 -999.0 -999.0 -999.0 -999.0 -999.0 -999.0 -999.0 -999.0 -999.0 -999.0 -999.0 -999.0 -999.0 -999.0 -999.0 -999.0 -999.0 -999.0 -999.0 -999.0 -999.0 -999.0 -999.0 -999.0 -999.0 -999.0
-999.0 -999.0 -999.0 1500.3 1122.8 1559.1 1419.3 1772.3 1461.5 1588.7 1837.1 1840.9 -999.0 1427.0 1113.9 1500.5 1649.5 1776.2 1777.8 1791.0 1775.4 1646.4 1672.2 1636.1 1445.4 1426.3 1388.7 1460.9 1517.7 1519.3 1593.6 1583.2 1572.0 1474.6 1631.1 1740.7 1530.8 1580.5 1543.3 1565.4 1383.7 1211.6 1229.6 1190.7 1403.3 1346.5 1291.9 1679.9 -999.0 -999.0 -999.0 -999.0 -999.0 -999.0 -999.0 -999.0 -999.0 -999.0 -999.0 -999.0 -999.0 -999.0 -999.0 -999.0 -999.0 -999.0 -999.0 -999.0 -999.0 -999.0 -999.0
-999.0 -999.0 -999.0 1492.9 1615.2 1741.7 1162.5 1789.3 -999.0 1816.4 1683.9 1846.2 -999.0 1374.2 966.0 1399.6 1507.6 1737.8 1844.7 1715.3 1713.0 1856.4 1824.1 1728.5 1606.2 1377.8 1332.0 1311.3 1426.4 1420.7 1328.7 1279.8 1139.5 1269.1 1554.0 1671.9 1500.5 1459.3 1417.1 1010.6 955.5 1175.4 1207.8 1317.1 1365.0 1367.0 1580.8 1588.9 -999.0 -999.0 -999.0 -999.0 -999.0 -999.0 -999.0 -999.0 -999.0 -999.0 -999.0 -999.0 -999.0 -999.0 -999.0 -999.0 -999.0 -999.0 -999.0 -999.0 -999.0 -999.0 -999.0
-999.0 -999.0 -999.0 -999.0 1630.9 1434.3 1584.4 1837.4 -999.0 -999.0 1730.7 1827.2 1718.0 1442.2 1182.4 1608.9 1539.2 1383.2 1541.3 1554.6 1658.2 1550.1 1757.7 1835.4 1698.6 1557.5 1367.8 1275.6 1142.1 1266.4 1094.9 1073.8 1236.9 1326.7 1325.0 1409.2 1343.5 1220.0 1133.2 1174.8 1005.9 1165.0 1249.9 1313.4 1629.9 1630.3 1519.4 1482.1 1519.9 -999.0 -999.0 -999.0 -999.0 -999.0 -999.0 -999.0 -999.0 -999.0 -999.0 -999.0 -999.0 -999.0 -999.0 -999.0 -999.0 -999.0 -999.0 -999.0 -999.0 -999.0 -999.0
-999.0 -999.0 -999.0 1822.3 1536.7 1464.2 -999.0 -999.0 -999.0 -999.0 -999.0 1809.6 1826.2 1380.3 1502.8 1732.2 1569.0 1397.1 1292.2 1410.1 1555.5 1589.5 1522.1 1620.0 1750.6 1510.4 1277.3 1327.0 1301.4 1253.3 1104.5 1196.9 1306.2 1254.6 1268.2 1029.5 1090.4 1240.0 1275.0 1386.5 1202.2 1249.2 1352.0 1345.7 1594.1 1664.6 1659.7 1665.9 1676.6 -999.0 -999.0 -999.0 -999.0 -999.0 -999.0 -999.0 -999.0 -999.0 -999.0 -999.0 -999.0 -999.0 -999.0 -999.0 -999.0 -999.0 -999.0 -999.0 -999.0 -999.0 -999.0
-999.0 1759.5 -999.0 1395.6 1546.7 1805.4 1873.3 1516.5 1385.3 -999.0 -999.0 -999.0 1816.8 1584.6 1650.9 1685.0 1654.3 1528.3 1349.8 1279.6 1260.1 1272.3 1396.1 1428.7 1511.8 1736.1 1335.4 1381.6 1371.5 1351.0 1400.5 1395.0 1147.4 1265.0 1035.6 822.3 937.7 1151.0 1178.2 1435.3 1356.0 1391.6 1392.7 1402.7 1613.0 1667.3 1695.1 1681.7 1650.3 1682.9 -999.0 -999.0 -999.0 -999.0 -999.0 -999.0 -999.0 -999.0 -999.0 -999.0 -999.0 -999.0 -999.0 -999.0 -999.0 -999.0 -999.0 -999.0 -999.0 -999.0 -999.0
-999.0 -999.0 1816.3 1350.4 1530.4 1850.4 1443.5 1225.4 1102.5 1766.9 -999.0 -999.0 -999.0 1804.2 1767.3 1804.5 1753.2 1670.7 1583.3 1380.5 1338.9 1360.8 1452.3 1450.1 1432.9 1423.7 1485.3 1439.7 1418.8 1251.2 1321.1 1097.4 1435.9 1306.2 1403.3 1361.3 968.1 997.0 1232.7 1347.9 1487.6 1520.9 1521.6 1528.8 1639.4 1658.7 1714.9 1651.5 1614.2 1690.4 1727.6 -999.0 -999.0 -999.0 -999.0 -999.0 -999.0 -999.0 -999.0 -999.0 -999.0 -999.0 -999.0 -999.0 -999.0 -999.0 -999.0 -999.0 -999.0 -999.0 -999.0
-999.0 -999.0 1653.3 1498.4 1285.8 1847.7 1850.4 1382.3 1270.2 1848.1 -999.0 -999.0 -999.0 -999.0 -999.0 1802.9 1798.4 1790.9 1765.7 1660.4 1557.0 1402.7 1154.3 1184.1 1324.5 1395.0 1467.9 1345.5 1372.6 1338.9 1406.8 1165.8 1475.0 1376.9 1330.9 1419.1 1600.3 1419.8 1534.2 1416.8 1584.5 1490.2 1549.9 1706.8 1730.6 1723.4 1698.4 1722.8 1531.1 1562.6 1653.4 1741.1 -999.0 -999.0 -999.0 -999.0 -999.0 -999.0 -999.0 -999.0 -999.0 -999.0 -999.0 -999.0 -999.0 -999.0 -999.0 -999.0 -999.0 -999.0 -999.0
-999.0 -999.0 1554.5 1337.1 1450.7 -999.0 1848.6 1757.3 1047.2 1690.5 -999.0 -999.0 -999.0 -999.0 -999.0 1790.9 1715.5 1582.1 1670.4 1458.6 1220.5 1249.7 1093.4 1057.5 1137.7 1334.4 1236.6 1313.9 1377.2 1202.1 1133.8 1480.1 724.0 1241.6 1003.1 1312.0 1115.5 1176.7 1586.3 1397.2 1535.1 1606.5 1677.2 1642.6 1523.2 1476.2 1577.8 1541.7 1728.4 1576.6 1441.0 1684.8 1664.6 1732.1 -999.0 -999.0 -999.0 -999.0 -999.0 -999.0 -999.0 -999.0 -999.0 -999.0 -999.0 -999.0 -999.0 -999.0 -999.0 -999.0 -999.0
-999.0 -999.0 1600.1 1578.5 1765.8 -999.0 -999.0 1443.6 1161.5 1336.3 -999.0 -999.0 -999.0 -999.0 -999.0 1802.1 1783.7 1632.5 1640.6 1537.5 1339.9 1446.4 1326.8 1306.2 1131.0 1234.6 1207.3 1275.7 1076.7 776.4 967.8 1122.5 623.9 788.5 1180.7 1137.2 1326.3 1520.5 1441.4 1398.0 1526.7 1494.3 1511.0 1635.5 1564.8 1540.2 1389.2 1146.3 1407.0 1544.1 1513.4 1504.2 1684.6 1730.2 -999.0 -999.0 -999.0 -999.0 -999.0 -999.0 -999.0 -999.0 -999.0 -999.0 -999.0 -999.0 -999.0 -999.0 -999.0 -999.0 -999.0
-999.0 -999.0 1780.1 1699.1 -999.0 -999.0 -999.0 1823.4 1633.3 1541.7 -999.0 -999.0 -999.0 -999.0 -999.0 1801.7 1750.9 1670.1 1627.7 1571.1 1468.1 1340.4 1037.4 937.9 1153.0 1086.3 1291.6 1295.3 1254.5 967.0 1289.2 848.0 953.1 1123.3 1033.4 990.2 1429.8 1264.7 1472.8 1391.5 1422.1 1628.3 1503.9 1434.4 1411.0 1455.1 969.6 978.7 1108.4 1532.5 1513.1 1493.0 1608.7 1644.8 -999.0 -999.0 -999.0 -999.0 -999.0 -999.0 -999.0 -999.0 -999.0 -999.0 -999.0 -999.0 -999.0 -999.0 -999.0 -999.0 -999.0
-999.0 1449.9 1589.5 1284.0 1892.7 -999.0 -999.0 -999.0 -999.0 -999.0 -999.0 -999.0 -999.0 -999.0 1653.4 1698.9 1598.4 1601.3 1543.6 1435.2 1457.5 1275.7 1216.3 1033.0 1204.2 1260.2 1080.2 1167.5 981.9 907.1 923.4 719.8 787.8 1185.1 1097.7 1036.1 1163.0 1314.7 1298.6 1520.0 1425.8 1364.9 1542.3 1384.2 1363.0 1089.4 1060.9 876.3 1089.1 1534.4 1578.2 1651.3 1575.1 1611.5 -999.0 -999.0 -999.0 -999.0 -999.0 -999.0 -999.0 -999.0 -999.0 -999.0 -999.0 -999.0 -999.0 -999.0 -999.0 -999.0 -999.0
-999.0 1328.8 1407.8 1551.6 1873.4 -999.0 -999.0 -999.0 -999.0 -999.0 -999.0 -999.0 -999.0 -999.0 1419.7 1755.4 1589.5 1385.8 1241.9 1271.3 1377.9 1374.8 1326.5 1506.3 1360.8 1065.0 1049.2 1147.2 1131.9 1236.1 1356.4 764.2 1180.2 1132.7 1173.0 1153.4 1227.9 1360.9 1546.3 1301.1 1368.1 1386.3 1413.6 1342.3 1151.7 1031.1 1144.3 1065.8 1133.2 1504.2 1677.5 1678.0 1495.7 1692.1 -999.0 -999.0 -999.0 -999.0 -999.0 -999.0 -999.0 -999.0 -999.0 -999.0 -999.0 -999.0 -999.0 -999.0 -999.0 -999.0 -999.0
