GDD/GrowingDegreeDays_1979_Actual.txt
ncols         180
nrows         290
xllcorner     -200000
yllcorner     -200000
cellsize      5000
NODATA_value    -999
[rows 128 to 159 of 290, columns 71 to 141 of 180]
-999.0 1076.6 1336.2 1365.1 -999.0 -999.0 -999.0 -999.0 -999.0 -999.0 -999.0 -999.0 -999.0 1234.3 1138.8 1298.5 1128.5 986.5 1069.4 875.4 732.5 814.0 715.5 831.6 955.6 1033.9 992.7 818.9 876.3 931.5 1124.1 931.7 680.2 865.2 751.3 930.1 954.1 1127.7 1118.0 1026.5 1084.8 1063.5 967.2 855.2 770.7 821.7 945.7 1041.6 1077.3 1177.0 1076.5 1066.7 1170.1 1253.4 -999.0 -999.0 -999.0 -999.0 -999.0 -999.0 -999.0 -999.0 -999.0 -999.0 -999.0 -999.0 -999.0 -999.0 -999.0 -999.0 -999.0
-999.0 -999.0 -999.0 -999.0 -999.0 -999.0 -999.0 -999.0 -999.0 -999.0 -999.0 -999.0 -999.0 1271.4 1332.6 1041.1 1116.5 959.6 1061.6 834.8 823.4 670.8 724.6 752.6 856.9 907.4 1071.6 621.0 685.7 946.6 1154.0 916.9 755.8 919.4 890.8 805.0 1014.8 896.7 850.7 972.3 856.2 852.3 697.0 966.7 962.4 910.7 916.8 938.1 1115.6 1265.7 1206.7 1228.8 1261.5 1318.3 1360.5 -999.0 -999.0 -999.0 -999.0 -999.0 -999.0 -999.0 -999.0 -999.0 -999.0 -999.0 -999.0 -999.0 -999.0 -999.0 -999.0
-999.0 -999.0 -999.0 -999.0 -999.0 -999.0 -999.0 -999.0 -999.0 -999.0 -999.0 -999.0 1451.1 1121.0 996.3 1010.7 941.8 940.3 1010.9 1057.6 788.7 800.6 730.5 787.5 819.8 1020.5 1217.3 985.6 908.5 932.2 1119.7 1122.9 966.3 943.0 944.4 918.7 750.2 996.5 1032.2 1000.0 1013.6 700.6 854.9 760.9 832.7 1003.9 988.0 973.5 976.9 974.6 1227.7 1294.4 1304.3 1319.7 1383.2 -999.0 -999.0 -999.0 -999.0 -999.0 -999.0 -999.0 -999.0 -999.0 -999.0 -999.0 -999.0 -999.0 -999.0 -999.0 -999.0
-999.0 -999.0 -999.0 -999.0 -999.0 -999.0 -999.0 -999.0 -999.0 -999.0 -999.0 -999.0 1198.5 1102.9 1067.2 778.2 828.8 968.6 1003.6 785.8 1040.3 955.8 829.6 938.2 935.4 1158.0 1280.0 1126.4 1060.8 903.0 1188.8 1155.5 1127.3 1048.3 1128.3 852.2 1126.1 877.7 975.9 1113.6 713.5 1030.5 933.8 890.1 962.4 916.7 1082.1 1087.8 956.4 1013.1 1167.9 1175.9 1227.9 1300.6 1357.9 -999.0 -999.0 -999.0 -999.0 -999.0 -999.0 -999.0 -999.0 -999.0 -999.0 -999.0 -999.0 -999.0 -999.0 -999.0 -999.0
-999.0 -999.0 -999.0 -999.0 -999.0 -999.0 -999.0 -999.0 -999.0 -999.0 -999.0 1179.3 1192.1 1154.0 916.4 976.1 949.3 580.6 843.6 861.3 1057.9 973.7 958.6 1055.9 950.0 1000.9 1158.1 1070.5 1121.2 1260.7 1299.0 1218.6 1064.5 1057.1 888.9 1030.8 1155.6 878.2 1078.8 1039.2 747.2 989.6 1068.0 1132.4 1028.1 944.6 1001.6 991.7 997.9 1120.4 1168.1 1226.3 1294.9 1307.0 1357.7 -999.0 -999.0 -999.0 -999.0 -999.0 -999.0 -999.0 -999.0 -999.0 -999.0 -999.0 -999.0 -999.0 -999.0 -999.0 -999.0
-999.0 -999.0 -999.0 -999.0 -999.0 -999.0 -999.0 -999.0 -999.0 -999.0 1330.8 1156.4 1022.5 1172.0 1085.4 993.2 1030.3 876.0 985.4 656.7 1123.1 1172.0 1085.0 1043.3 1029.6 1018.4 1165.3 1291.1 1369.7 1180.0 1319.6 1314.4 1147.3 1105.4 1109.2 1113.2 1208.0 1044.7 1196.0 1069.7 812.9 886.6 882.6 963.5 1017.4 1094.2 1132.1 1005.8 1075.8 1135.4 1165.5 1220.8 1259.4 1344.2 1382.9 1426.3 -999.0 -999.0 -999.0 -999.0 -999.0 -999.0 -999.0 -999.0 -999.0 -999.0 -999.0 -999.0 -999.0 -999.0 -999.0
-999.0 -999.0 -999.0 -999.0 -999.0 -999.0 -999.0 -999.0 -999.0 -999.0 1091.5 802.1 979.9 1050.9 1110.3 1111.9 1173.1 649.9 854.4 1001.6 1038.6 1214.6 1194.6 1116.3 1151.4 901.0 1246.7 1367.7 1388.1 1389.8 1168.2 1325.2 1142.5 1186.3 1152.4 1199.6 1197.6 1198.4 1057.6 1160.4 994.0 940.0 982.2 936.3 1061.4 1159.0 1199.9 1110.4 1162.1 1096.9 1170.6 1271.4 1364.4 1336.3 1364.9 1419.7 -999.0 -999.0 -999.0 -999.0 -999.0 -999.0 -999.0 -999.0 -999.0 -999.0 -999.0 -999.0 -999.0 -999.0 -999.0
-999.0 -999.0 -999.0 -999.0 -999.0 -999.0 -999.0 -999.0 1298.5 1226.4 990.4 987.4 1008.3 988.2 1120.3 1108.6 1219.6 900.6 977.2 969.9 1076.8 1111.6 1273.9 1136.7 1111.9 1185.4 1220.6 1267.2 1443.0 1414.6 1291.5 1302.1 1294.1 1265.3 1240.9 1295.1 1305.2 1202.5 1213.3 1215.6 964.9 1008.3 1023.4 1036.4 985.1 1119.2 1176.4 1301.0 1223.9 1193.5 1237.7 1296.6 1383.9 1385.9 1383.6 1405.3 -999.0 -999.0 -999.0 -999.0 -999.0 -999.0 -999.0 -999.0 -999.0 -999.0 -999.0 -999.0 -999.0 -999.0 -999.0
-999.0 -999.0 -999.0 -999.0 -999.0 -999.0 -999.0 -999.0 1223.1 1179.0 1224.8 1018.4 1055.1 997.3 1144.4 1218.2 1242.8 1213.5 1142.8 856.0 1051.0 1126.5 1287.7 1315.2 1271.4 1282.6 1295.8 1265.4 1381.5 1307.3 1389.8 1369.6 1363.2 1339.8 1354.4 1371.1 1398.8 1363.8 1255.5 1243.0 1251.1 1144.6 1103.3 1115.8 1145.2 1195.9 1398.8 1282.8 1093.9 1167.3 1296.0 1327.1 1386.3 1399.4 1456.4 1439.7 1478.6 -999.0 -999.0 -999.0 -999.0 -999.0 -999.0 -999.0 -999.0 -999.0 -999.0 -999.0 -999.0 -999.0 -999.0
-999.0 -999.0 -999.0 -999.0 -999.0 -999.0 -999.0 -999.0 1210.9 1167.9 1288.0 1091.4 1195.9 1128.4 1194.5 1248.5 1231.7 1317.1 1081.8 1067.7 1119.5 1025.2 1254.8 1317.1 1267.6 1325.4 1220.6 994.5 1290.6 -999.0 -999.0 -999.0 1389.0 1356.7 -999.0 1419.0 1433.6 1404.7 1376.5 1341.3 1211.5 1079.5 1162.4 1176.0 1135.2 1231.7 1167.2 1156.4 1271.3 1356.5 1407.7 1425.8 1390.7 1569.0 1567.7 1515.5 1476.0 -999.0 -999.0 -999.0 -999.0 -999.0 -999.0 -999.0 -999.0 -999.0 -999.0 -999.0 -999.0 -999.0 -999.0
1433.4 -999.0 -999.0 -999.0 -999.0 -999.0 -999.0 -999.0 1332.3 1090.0 1252.9 1280.5 1239.1 1192.6 1192.6 1216.6 1290.8 1324.8 1303.6 972.9 1126.6 1063.0 1249.1 1288.9 1148.1 1350.9 1305.3 1304.9 1346.4 -999.0 -999.0 -999.0 1393.6 1372.3 1356.9 1393.8 1445.3 1433.3 1420.1 1245.2 1034.9 954.4 1092.7 919.4 1127.6 1177.5 1025.4 1200.3 1158.0 1178.4 1256.0 1448.9 1385.7 1306.7 1453.8 1463.5 1495.8 -999.0 -999.0 -999.0 -999.0 -999.0 -999.0 -999.0 -999.0 -999.0 -999.0 -999.0 -999.0 -999.0 -999.0
1278.6 1323.2 -999.0 -999.0 -999.0 -999.0 -999.0 -999.0 -999.0 1214.9 1168.9 1305.7 -999.0 1266.3 1218.4 1231.3 1245.3 1326.9 -999.0 1313.0 1360.2 1217.5 1293.4 1238.2 1231.3 1373.2 1378.3 -999.0 -999.0 -999.0 -999.0 1390.2 1374.3 1369.5 1383.0 1367.8 1372.1 1405.3 1351.1 1264.0 998.9 726.0 1095.3 814.8 1043.8 959.4 917.3 1109.8 1036.5 1163.6 1302.4 1236.6 1242.7 1332.5 1470.2 1418.1 1382.9 1520.5 -999.0 -999.0 -999.0 -999.0 -999.0 -999.0 -999.0 -999.0 -999.0 -999.0 -999.0 -999.0 -999.0
1187.0 -999.0 -999.0 -999.0 -999.0 -999.0 -999.0 -999.0 -999.0 -999.0 1254.5 -999.0 -999.0 -999.0 1345.7 1237.4 1231.9 1263.6 1329.9 -999.0 -999.0 1307.8 1374.1 1234.9 1192.2 -999.0 -999.0 -999.0 -999.0 -999.0 1430.0 1327.4 1334.6 1344.9 1362.6 1316.8 1358.6 1299.7 1233.3 1304.8 1133.7 892.2 734.6 882.4 794.2 784.3 800.2 984.2 975.7 973.1 1071.3 1237.0 1272.8 1273.9 1446.2 1397.1 1329.4 1383.8 -999.0 -999.0 -999.0 -999.0 -999.0 -999.0 -999.0 -999.0 -999.0 -999.0 -999.0 -999.0 -999.0
-999.0 -999.0 -999.0 -999.0 -999.0 -999.0 -999.0 -999.0 -999.0 -999.0 1319.0 1324.8 -999.0 -999.0 -999.0 1340.9 1188.6 1188.2 1260.6 -999.0 -999.0 -999.0 -999.0 1412.1 -999.0 -999.0 -999.0 -999.0 -999.0 -999.0 1442.9 1367.8 1349.7 1254.2 1176.5 1178.6 1266.7 1276.0 1321.8 1296.6 1218.9 965.1 774.9 935.9 666.8 748.0 729.5 932.0 936.9 856.3 1034.5 1173.5 1263.6 1398.4 1453.1 1362.5 1295.8 1356.8 -999.0 -999.0 -999.0 -999.0 -999.0 -999.0 -999.0 -999.0 -999.0 -999.0 -999.0 -999.0 -999.0
1515.0 1485.5 1467.3 -999.0 -999.0 -999.0 -999.0 -999.0 -999.0 -999.0 -999.0 1219.1 -999.0 -999.0 -999.0 -999.0 1321.4 1220.1 1295.1 -999.0 -999.0 -999.0 -999.0 -999.0 -999.0 -999.0 -999.0 -999.0 -999.0 1471.0 1389.1 1257.6 1176.4 1148.4 1067.8 1094.5 1173.3 1211.9 1307.5 1258.9 1241.1 1077.0 651.1 603.3 642.5 720.0 943.9 1052.5 1027.8 1115.5 1247.0 1123.0 1148.9 1375.7 1390.9 1321.7 1284.1 1352.2 1476.4 -999.0 -999.0 -999.0 -999.0 -999.0 -999.0 -999.0 -999.0 -999.0 -999.0 -999.0 -999.0
1284.7 1301.0 1376.7 1428.4 -999.0 -999.0 -999.0 -999.0 -999.0 -999.0 -999.0 1151.3 -999.0 -999.0 -999.0 -999.0 -999.0 -999.0 -999.0 -999.0 -999.0 -999.0 -999.0 -999.0 -999.0 -999.0 -999.0 -999.0 -999.0 1394.3 1339.7 1311.3 1279.2 1333.5 896.3 1042.2 1131.6 1055.4 1294.4 1189.5 1371.7 1208.2 770.1 555.4 719.9 845.6 640.8 626.6 749.4 892.1 985.6 1278.0 1250.6 1297.7 1251.7 1306.3 1335.6 1346.9 1455.3 1564.2 -999.0 -999.0 -999.0 -999.0 -999.0 -999.0 -999.0 -999.0 -999.0 -999.0 -999.0
1338.6 1378.2 1358.0 1397.1 -999.0 -999.0 -999.0 -999.0 -999.0 -999.0 -999.0 -999.0 -999.0 -999.0 -999.0 -999.0 -999.0 -999.0 -999.0 -999.0 -999.0 -999.0 -999.0 -999.0 -999.0 -999.0 -999.0 -999.0 1497.6 1398.3 1281.2 1341.2 1083.3 1432.2 635.0 673.3 1177.7 1149.5 1253.8 1317.3 1252.5 1305.0 1110.8 606.7 666.0 787.4 860.3 950.0 849.9 896.1 975.6 1127.6 1241.9 1298.7 1341.3 1361.0 1327.9 1399.2 1542.6 1591.8 -999.0 -999.0 -999.0 -999.0 -999.0 -999.0 -999.0 -999.0 -999.0 -999.0 -999.0
1406.6 1438.3 1433.9 1391.8 -999.0 -999.0 -999.0 -999.0 -999.0 -999.0 -999.0 -999.0 -999.0 -999.0 -999.0 -999.0 -999.0 -999.0 -999.0 -999.0 -999.0 -999.0 -999.0 -999.0 -999.0 -999.0 -999.0 -999.0 1487.6 1265.0 1311.3 1158.6 716.3 1140.2 1345.7 985.8 934.3 1078.7 1120.8 1205.4 1237.2 1293.7 1255.2 1157.5 655.7 778.2 828.1 961.7 995.3 1020.3 1154.4 1191.4 1235.7 1225.9 1363.8 1307.4 1367.8 1400.2 1520.2 1601.3 1594.3 1556.5 1542.4 -999.0 -999.0 -999.0 -999.0 -999.0 -999.0 -999.0 -999.0
1357.9 1469.7 -999.0 1389.1 1421.0 -999.0 -999.0 -999.0 -999.0 -999.0 -999.0 -999.0 -999.0 -999.0 -999.0 -999.0 -999.0 -999.0 -999.0 -999.0 -999.0 -999.0 -999.0 -999.0 -999.0 -999.0 -999.0 -999.0 1461.4 1276.0 1197.5 949.0 1225.2 1149.4 1056.6 856.9 1051.8 1129.0 868.3 1212.5 1072.8 1236.0 1308.7 1336.5 1086.1 890.3 891.2 954.8 1008.1 1157.4 1166.5 1230.8 1310.7 1386.9 1393.3 1402.9 1378.3 1442.9 1506.1 1550.4 1328.2 1416.8 1349.8 1341.6 1423.1 -999.0 -999.0 -999.0 -999.0 -999.0 -999.0
1324.3 1394.3 1393.4 1357.1 -999.0 -999.0 -999.0 -999.0 -999.0 -999.0 -999.0 -999.0 -999.0 -999.0 -999.0 -999.0 -999.0 -999.0 -999.0 -999.0 -999.0 -999.0 -999.0 -999.0 -999.0 -999.0 -999.0 -999.0 1461.2 1268.6 1102.5 762.5 668.0 883.6 1138.7 1083.0 1008.7 837.3 1119.5 864.4 1000.7 1123.5 1195.7 1237.9 1295.0 1197.3 905.7 939.4 1013.5 1086.1 1157.6 1231.0 1287.9 1365.0 1437.0 1426.3 1432.1 1484.2 1499.6 1486.7 1386.1 1158.4 1188.3 1209.3 1205.1 1292.3 1499.0 -999.0 -999.0 -999.0 -999.0
1383.3 1399.1 1347.6 1309.5 -999.0 -999.0 -999.0 -999.0 -999.0 -999.0 -999.0 -999.0 -999.0 -999.0 -999.0 -999.0 -999.0 -999.0 -999.0 -999.0 -999.0 -999.0 -999.0 -999.0 -999.0 -999.0 -999.0 -999.0 1481.2 1385.7 1102.7 930.2 1218.0 513.8 682.5 1147.0 1002.6 1143.9 845.0 790.3 1009.1 1137.5 1133.3 1111.3 1231.2 738.5 819.2 836.2 816.5 831.3 925.1 1198.9 1186.3 1353.9 1429.5 1443.9 1456.8 1487.1 1521.4 1527.9 1444.8 1232.5 1302.0 1330.4 1283.3 1249.3 1466.2 1341.8 -999.0 -999.0 -999.0
1428.0 1398.3 1299.0 1364.1 -999.0 -999.0 -999.0 -999.0 -999.0 -999.0 -999.0 -999.0 -999.0 -999.0 -999.0 -999.0 1479.7 1472.9 1506.4 -999.0 -999.0 -999.0 -999.0 -999.0 -999.0 -999.0 -999.0 -999.0 -999.0 1506.5 1393.3 1285.6 1132.7 1083.2 871.4 1308.2 1508.2 1085.0 1072.0 1080.9 1121.3 1009.7 1012.4 1096.4 1054.5 880.1 877.4 681.0 765.5 927.8 1023.3 1047.9 1214.0 1362.1 1430.3 1465.3 1449.4 1493.7 1510.1 1174.5 1237.1 988.7 967.4 1055.2 1128.8 1328.7 1171.3 1270.2 1486.2 -999.0 -999.0
1496.7 1387.5 1393.7 -999.0 -999.0 -999.0 -999.0 -999.0 -999.0 -999.0 -999.0 -999.0 -999.0 -999.0 -999.0 -999.0 1447.2 1447.8 -999.0 -999.0 -999.0 -999.0 -999.0 -999.0 -999.0 -999.0 -999.0 -999.0 -999.0 -999.0 1432.3 1438.5 1135.1 1181.3 681.1 1186.3 1178.9 1239.6 1342.6 1323.8 1254.8 1258.4 712.3 1091.2 1019.8 725.5 900.2 1123.5 1196.9 915.3 1211.3 1078.6 1277.0 1414.9 1491.9 1496.2 1476.9 1419.4 1243.7 1159.4 1204.2 1209.2 1252.9 1181.6 1108.4 1156.4 1148.7 1287.7 1289.9 -999.0 -999.0
1393.1 1357.0 -999.0 -999.0 -999.0 -999.0 -999.0 -999.0 -999.0 -999.0 -999.0 -999.0 -999.0 -999.0 -999.0 1419.9 1136.7 1210.3 1441.3 -999.0 -999.0 -999.0 -999.0 -999.0 -999.0 -999.0 -999.0 -999.0 -999.0 -999.0 1439.4 1209.2 1120.1 1110.8 1240.7 1166.0 1314.6 1336.9 1354.4 1365.7 1211.3 1280.6 1316.9 742.9 1012.9 1065.7 859.3 1029.4 867.8 1074.8 1067.2 1234.0 1337.9 1436.3 1484.6 1538.5 1501.7 1365.7 1267.7 1315.1 1250.6 1191.9 1226.0 1180.3 1197.1 1203.6 1207.5 1369.9 1292.9 1539.9 -999.0
-999.0 -999.0 -999.0 -999.0 -999.0 -999.0 -999.0 -999.0 -999.0 -999.0 -999.0 -999.0 -999.0 -999.0 1465.3 1080.7 964.3 846.1 1440.7 -999.0 -999.0 -999.0 -999.0 -999.0 -999.0 -999.0 -999.0 -999.0 -999.0 -999.0 1458.4 1052.3 1159.1 1453.9 1304.8 1370.8 1313.0 1437.2 1422.2 1316.6 1220.9 1390.6 894.8 1059.3 868.0 1071.2 781.0 1206.0 1105.0 1248.9 1124.3 1282.3 1321.7 1384.2 1525.4 1544.3 1504.8 1430.8 1223.8 1212.0 1260.6 1356.6 1328.9 1325.4 1306.2 1291.5 1206.0 1238.9 1367.9 1429.4 -999.0
-999.0 -999.0 -999.0 -999.0 -999.0 -999.0 -999.0 -999.0 -999.0 -999.0 -999.0 -999.0 -999.0 1449.8 1368.2 822.9 1102.1 1262.2 -999.0 -999.0 -999.0 -999.0 -999.0 -999.0 -999.0 -999.0 -999.0 -999.0 -999.0 -999.0 -999.0 1454.2 1484.6 1503.0 1299.3 1451.5 1294.9 1449.0 1433.3 1387.9 1295.3 1403.1 940.2 913.5 809.5 848.2 791.6 841.1 847.9 948.7 1055.2 1101.1 1190.8 1404.4 1483.6 1487.8 1420.4 1401.4 1395.7 1150.4 1282.1 1477.9 1483.5 1431.3 1452.4 1445.2 1450.8 1455.7 1522.3 1534.9 1479.5
-999.0 -999.0 -999.0 -999.0 -999.0 -999.0 -999.0 -999.0 -999.0 -999.0 -999.0 -999.0 -999.0 1208.2 1005.3 1301.4 1389.4 1476.3 -999.0 -999.0 -999.0 -999.0 -999.0 -999.0 -999.0 -999.0 -999.0 -999.0 -999.0 -999.0 -999.0 -999.0 1556.6 1432.6 1461.7 1465.7 1368.8 1461.9 1467.8 1427.7 1292.8 1403.7 959.1 1003.7 1030.8 849.1 907.4 976.2 743.8 772.7 1040.0 996.3 1146.7 1236.5 1415.3 1453.3 1412.5 1416.0 1445.6 1452.6 1476.1 1536.4 1501.0 1451.9 1426.6 1446.8 1479.2 1495.5 1504.0 1296.7 1299.2
-999.0 -999.0 -999.0 -999.0 -999.0 -999.0 -999.0 -999.0 -999.0 -999.0 -999.0 -999.0 -999.0 1185.9 1239.7 1254.2 1473.7 -999.0 -999.0 -999.0 -999.0 -999.0 -999.0 -999.0 -999.0 -999.0 -999.0 -999.0 -999.0 -999.0 -999.0 -999.0 1587.4 1451.1 1438.2 -999.0 1477.5 -999.0 1556.7 1506.7 1432.0 1445.4 1386.8 982.4 1025.6 994.2 756.2 1183.6 1140.0 803.8 938.3 1033.2 1120.6 1263.8 1387.9 1466.0 1516.5 1518.7 1494.1 1501.4 1470.6 1402.9 1464.9 1384.6 1419.4 1481.3 1448.7 1365.6 1398.4 1431.6 1420.4
-999.0 -999.0 -999.0 -999.0 -999.0 -999.0 -999.0 -999.0 -999.0 -999.0 -999.0 -999.0 1407.8 1404.9 1391.8 -999.0 -999.0 -999.0 -999.0 -999.0 -999.0 -999.0 -999.0 -999.0 -999.0 -999.0 -999.0 -999.0 -999.0 -999.0 -999.0 -999.0 1593.9 1555.0 1527.5 -999.0 -999.0 -999.0 1598.2 1386.4 1494.8 1390.8 1279.2 1328.2 1298.9 1187.1 907.3 897.0 1225.1 953.5 882.9 1089.8 1059.8 1193.3 1309.6 1492.7 1525.4 1537.9 1533.5 1526.1 1509.1 1486.0 1476.9 1426.3 1489.7 1455.9 1392.5 1343.3 1325.8 1335.2 1380.8
-999.0 -999.0 -999.0 -999.0 -999.0 -999.0 -999.0 -999.0 -999.0 -999.0 -999.0 -999.0 -999.0 -999.0 -999.0 -999.0 -999.0 -999.0 -999.0 -999.0 -999.0 -999.0 -999.0 -999.0 -999.0 -999.0 -999.0 -999.0 -999.0 -999.0 -999.0 -999.0 -999.0 -999.0 -999.0 -999.0 -999.0 1610.4 1573.0 1418.3 1214.9 1136.4 1122.3 1116.7 1208.6 1192.4 1002.9 1025.5 1135.2 1275.4 1083.0 1016.2 1151.9 1232.4 1320.0 1409.9 1481.1 1492.6 1534.0 1549.7 1555.3 1556.6 1534.0 1533.0 1449.6 1259.0 1382.9 1350.3 1425.5 1422.9 1476.9
-999.0 -999.0 -999.0 -999.0 -999.0 -999.0 -999.0 -999.0 -999.0 -999.0 -999.0 -999.0 -999.0 -999.0 -999.0 -999.0 -999.0 -999.0 -999.0 -999.0 -999.0 -999.0 -999.0 -999.0 -999.0 -999.0 -999.0 -999.0 -999.0 -999.0 -999.0 -999.0 -999.0 -999.0 -999.0 -999.0 -999.0 1544.8 1456.4 1257.6 1034.2 882.4 1003.2 1238.5 1159.1 1345.7 1274.2 1317.1 1194.4 1137.1 1104.9 1115.3 1165.1 1255.0 1299.8 1351.0 1464.8 1485.9 1539.8 1568.8 1603.7 1600.9 1564.3 1543.1 1489.3 1221.5 1295.2 1438.3 1486.4 1513.7 1514.3
-999.0 -999.0 -999.0 -999.0 -999.0 -999.0 -999.0 -999.0 -999.0 -999.0 -999.0 -999.0 -999.0 -999.0 -999.0 -999.0 -999.0 -999.0 -999.0 -999.0 -999.0 -999.0 -999.0 -999.0 -999.0 -999.0 -999.0 -999.0 -999.0 -999.0 -999.0 -999.0 -999.0 -999.0 -999.0 -999.0 -999.0 1512.4 1487.6 1389.1 1173.5 1089.8 1143.2 1242.4 1271.0 1317.1 1262.9 1337.3 1345.2 1300.3 1427.4 1136.4 1271.7 1210.8 1304.2 1345.1 1475.5 1513.2 1528.1 1560.6 1633.7 1600.1 1585.8 1545.0 1526.7 1390.4 1352.7 1436.8 1506.2 1532.5 1548.5
