GDD/GrowingDegreeDays_1997_Actual.txt
ncols         180
nrows         290
xllcorner     -200000
yllcorner     -200000
cellsize      5000
NODATA_value    -999
[rows 128 to 159 of 290, columns 71 to 141 of 180]
-999.0 1412.8 1816.1 1833.7 -999.0 -999.0 -999.0 -999.0 -999.0 -999.0 -999.0 -999.0 -999.0 1589.3 1485.0 1730.3 1491.7 1284.2 1383.0 1127.9 949.4 1061.6 941.8 1098.6 1263.2 1360.9 1316.5 1087.6 1150.9 1213.3 1457.0 1209.1 871.3 1104.1 968.3 1197.6 1223.3 1446.3 1423.7 1291.2 1354.3 1332.3 1216.3 1064.2 957.6 1018.5 1181.1 1299.8 1328.4 1449.6 1302.0 1288.8 1448.0 1559.0 -999.0 -999.0 -999.0 -999.0 -999.0 -999.0 -999.0 -999.0 -999.0 -999.0 -999.0 -999.0 -999.0 -999.0 -999.0 -999.0 -999.0
-999.0 -999.0 -999.0 -999.0 -999.0 -999.0 -999.0 -999.0 -999.0 -999.0 -999.0 -999.0 -999.0 1656.6 1773.5 1377.7 1489.8 1280.1 1392.2 1076.6 1055.9 872.0 951.5 991.7 1124.1 1181.4 1395.8 810.9 888.9 1230.4 1511.8 1205.9 961.0 1159.8 1138.0 1022.0 1290.0 1141.7 1076.8 1231.8 1084.2 1073.8 876.6 1218.1 1223.6 1163.0 1155.9 1164.5 1379.0 1558.6 1462.7 1498.4 1563.1 1625.7 1652.7 -999.0 -999.0 -999.0 -999.0 -999.0 -999.0 -999.0 -999.0 -999.0 -999.0 -999.0 -999.0 -999.0 -999.0 -999.0 -999.0
-999.0 -999.0 -999.0 -999.0 -999.0 -999.0 -999.0 -999.0 -999.0 -999.0 -999.0 -999.0 1825.6 1413.1 1302.3 1334.2 1255.7 1271.3 1336.8 1372.3 1015.3 1030.3 949.1 1019.7 1050.8 1299.5 1551.4 1249.0 1150.6 1192.4 1448.1 1452.7 1228.0 1190.4 1201.0 1161.1 945.1 1268.2 1312.4 1275.1 1297.4 889.5 1082.0 957.3 1060.6 1301.2 1252.2 1207.9 1190.7 1172.2 1501.6 1597.8 1620.8 1624.6 1680.1 -999.0 -999.0 -999.0 -999.0 -999.0 -999.0 -999.0 -999.0 -999.0 -999.0 -999.0 -999.0 -999.0 -999.0 -999.0 -999.0
-999.0 -999.0 -999.0 -999.0 -999.0 -999.0 -999.0 -999.0 -999.0 -999.0 -999.0 -999.0 1513.5 1411.5 1397.6 1032.6 1099.8 1277.8 1315.9 1027.3 1337.9 1224.5 1057.9 1179.5 1170.7 1450.5 1604.6 1408.4 1325.5 1134.4 1510.5 1468.7 1424.3 1320.4 1430.4 1070.8 1427.4 1109.2 1234.5 1426.6 910.3 1326.2 1196.0 1119.9 1215.2 1159.0 1369.2 1355.4 1156.1 1219.4 1426.8 1437.8 1507.6 1602.5 1646.8 -999.0 -999.0 -999.0 -999.0 -999.0 -999.0 -999.0 -999.0 -999.0 -999.0 -999.0 -999.0 -999.0 -999.0 -999.0 -999.0
-999.0 -999.0 -999.0 -999.0 -999.0 -999.0 -999.0 -999.0 -999.0 -999.0 -999.0 1509.5 1551.9 1521.3 1209.0 1295.0 1261.1 775.5 1106.2 1124.7 1357.7 1238.5 1204.7 1313.4 1176.2 1236.9 1435.1 1321.5 1382.4 1568.9 1630.1 1525.8 1329.4 1323.8 1115.6 1302.3 1473.1 1112.3 1364.2 1314.4 939.1 1260.4 1370.2 1435.6 1287.3 1175.2 1238.7 1213.4 1202.8 1355.9 1424.5 1496.8 1591.6 1608.5 1645.6 -999.0 -999.0 -999.0 -999.0 -999.0 -999.0 -999.0 -999.0 -999.0 -999.0 -999.0 -999.0 -999.0 -999.0 -999.0 -999.0
-999.0 -999.0 -999.0 -999.0 -999.0 -999.0 -999.0 -999.0 -999.0 -999.0 1724.1 1503.7 1346.0 1563.2 1452.6 1335.2 1387.1 1157.9 1272.9 854.0 1438.8 1486.6 1358.9 1290.1 1267.6 1253.7 1441.4 1593.1 1692.0 1436.9 1630.5 1638.5 1426.7 1379.9 1396.3 1411.3 1547.0 1338.0 1524.3 1339.7 1003.3 1099.1 1100.8 1202.2 1262.9 1356.2 1394.9 1213.2 1297.3 1367.5 1411.7 1485.5 1535.8 1650.7 1684.2 1712.7 -999.0 -999.0 -999.0 -999.0 -999.0 -999.0 -999.0 -999.0 -999.0 -999.0 -999.0 -999.0 -999.0 -999.0 -999.0
-999.0 -999.0 -999.0 -999.0 -999.0 -999.0 -999.0 -999.0 -999.0 -999.0 1398.5 1043.2 1296.9 1400.8 1494.6 1498.2 1569.7 861.4 1098.0 1294.7 1330.5 1540.8 1500.1 1374.6 1418.0 1105.0 1538.4 1691.3 1718.8 1708.6 1417.8 1644.3 1420.8 1484.0 1449.4 1518.2 1529.2 1542.5 1347.3 1454.2 1224.6 1157.8 1217.5 1141.3 1297.5 1429.8 1477.7 1348.7 1408.0 1313.3 1410.6 1546.8 1671.5 1628.3 1657.7 1705.5 -999.0 -999.0 -999.0 -999.0 -999.0 -999.0 -999.0 -999.0 -999.0 -999.0 -999.0 -999.0 -999.0 -999.0 -999.0
-999.0 -999.0 -999.0 -999.0 -999.0 -999.0 -999.0 -999.0 1689.5 1595.0 1273.7 1284.5 1329.3 1304.9 1486.9 1467.9 1592.5 1152.5 1242.9 1242.3 1370.7 1406.6 1598.7 1394.0 1362.0 1463.0 1505.3 1555.7 1791.8 1752.9 1589.8 1614.4 1619.4 1585.3 1560.3 1632.3 1655.4 1531.7 1538.5 1514.5 1184.2 1255.3 1275.2 1264.7 1188.8 1369.5 1445.4 1609.7 1499.5 1446.8 1495.0 1564.9 1674.4 1673.6 1674.5 1685.8 -999.0 -999.0 -999.0 -999.0 -999.0 -999.0 -999.0 -999.0 -999.0 -999.0 -999.0 -999.0 -999.0 -999.0 -999.0
-999.0 -999.0 -999.0 -999.0 -999.0 -999.0 -999.0 -999.0 1592.4 1547.5 1620.5 1322.2 1389.3 1311.2 1505.5 1599.0 1624.3 1561.5 1433.9 1081.3 1337.3 1430.1 1605.9 1624.4 1568.7 1591.3 1612.0 1564.2 1724.1 1624.0 1734.2 1703.5 1709.2 1688.6 1707.2 1726.6 1759.1 1711.0 1567.4 1542.8 1557.0 1424.8 1366.8 1375.0 1404.8 1466.9 1741.9 1588.8 1342.2 1426.0 1566.2 1581.0 1648.4 1661.9 1757.8 1753.9 1842.0 -999.0 -999.0 -999.0 -999.0 -999.0 -999.0 -999.0 -999.0 -999.0 -999.0 -999.0 -999.0 -999.0 -999.0
-999.0 -999.0 -999.0 -999.0 -999.0 -999.0 -999.0 -999.0 1586.1 1548.5 1731.6 1441.1 1577.0 1487.6 1573.0 1641.7 1613.2 1674.6 1341.2 1342.8 1424.3 1299.5 1567.6 1643.3 1577.7 1659.7 1527.7 1237.2 1609.0 -999.0 -999.0 -999.0 1742.3 1707.2 -999.0 1787.1 1810.5 1755.6 1715.6 1668.0 1502.6 1331.6 1441.8 1458.6 1395.7 1520.1 1432.3 1427.4 1590.9 1681.3 1694.3 1682.7 1635.0 1876.6 1872.2 1835.9 1798.9 -999.0 -999.0 -999.0 -999.0 -999.0 -999.0 -999.0 -999.0 -999.0 -999.0 -999.0 -999.0 -999.0 -999.0
1817.0 -999.0 -999.0 -999.0 -999.0 -999.0 -999.0 -999.0 1754.4 1434.5 1679.3 1699.4 1621.5 1544.1 1556.9 1605.0 1687.0 1700.5 1654.8 1201.8 1425.7 1359.6 1589.9 1624.5 1444.1 1708.4 1649.3 1633.0 1668.4 -999.0 -999.0 -999.0 1749.5 1733.7 1711.2 1752.2 1824.3 1793.9 1764.3 1529.2 1261.9 1164.6 1358.0 1133.5 1399.2 1466.4 1258.0 1486.5 1430.7 1425.1 1470.0 1697.2 1620.0 1516.8 1713.1 1747.7 1791.6 -999.0 -999.0 -999.0 -999.0 -999.0 -999.0 -999.0 -999.0 -999.0 -999.0 -999.0 -999.0 -999.0 -999.0
1637.8 1698.6 -999.0 -999.0 -999.0 -999.0 -999.0 -999.0 -999.0 1594.2 1533.9 1712.9 -999.0 1607.6 1563.2 1607.9 1641.9 1730.8 -999.0 1644.0 1723.5 1560.0 1686.6 1584.2 1553.7 1729.9 1731.0 -999.0 -999.0 -999.0 -999.0 1735.7 1752.0 1747.8 1754.4 1714.8 1710.5 1749.4 1667.5 1549.6 1210.0 886.6 1370.7 1017.1 1297.8 1183.8 1122.8 1359.2 1258.8 1406.6 1549.6 1435.9 1451.0 1571.5 1759.3 1687.2 1637.5 1816.3 -999.0 -999.0 -999.0 -999.0 -999.0 -999.0 -999.0 -999.0 -999.0 -999.0 -999.0 -999.0 -999.0
1521.0 -999.0 -999.0 -999.0 -999.0 -999.0 -999.0 -999.0 -999.0 -999.0 1627.6 -999.0 -999.0 -999.0 1719.9 1596.2 1633.4 1670.5 1707.6 -999.0 -999.0 1648.8 1766.3 1518.8 1470.9 -999.0 -999.0 -999.0 -999.0 -999.0 1765.6 1677.1 1731.5 1722.8 1731.7 1654.8 1696.1 1606.5 1511.5 1604.1 1385.1 1089.8 915.2 1111.3 992.9 970.4 987.9 1223.1 1199.6 1173.0 1278.6 1476.4 1512.6 1492.0 1726.6 1677.2 1580.3 1640.3 -999.0 -999.0 -999.0 -999.0 -999.0 -999.0 -999.0 -999.0 -999.0 -999.0 -999.0 -999.0 -999.0
-999.0 -999.0 -999.0 -999.0 -999.0 -999.0 -999.0 -999.0 -999.0 -999.0 1719.7 1712.2 -999.0 -999.0 -999.0 1733.0 1566.1 1578.4 1639.5 -999.0 -999.0 -999.0 -999.0 1738.3 -999.0 -999.0 -999.0 -999.0 -999.0 -999.0 1808.3 1725.2 1705.3 1592.9 1488.2 1480.5 1582.8 1580.6 1629.0 1591.5 1497.1 1183.1 962.8 1186.1 849.4 933.8 914.1 1167.3 1157.2 1041.2 1253.1 1419.3 1508.3 1641.8 1718.5 1635.6 1553.6 1621.6 -999.0 -999.0 -999.0 -999.0 -999.0 -999.0 -999.0 -999.0 -999.0 -999.0 -999.0 -999.0 -999.0
1967.3 1955.2 1910.1 -999.0 -999.0 -999.0 -999.0 -999.0 -999.0 -999.0 -999.0 1580.4 -999.0 -999.0 -999.0 -999.0 1736.1 1602.6 1683.6 -999.0 -999.0 -999.0 -999.0 -999.0 -999.0 -999.0 -999.0 -999.0 -999.0 1837.2 1755.6 1591.6 1483.6 1448.1 1341.3 1368.8 1467.1 1496.8 1590.8 1532.6 1524.1 1327.3 818.1 777.2 834.1 913.9 1194.1 1337.0 1280.1 1384.4 1548.5 1367.4 1373.2 1638.2 1656.3 1579.5 1543.7 1624.4 1765.6 -999.0 -999.0 -999.0 -999.0 -999.0 -999.0 -999.0 -999.0 -999.0 -999.0 -999.0 -999.0
1664.1 1708.4 1805.5 1867.8 -999.0 -999.0 -999.0 -999.0 -999.0 -999.0 -999.0 1496.6 -999.0 -999.0 -999.0 -999.0 -999.0 -999.0 -999.0 -999.0 -999.0 -999.0 -999.0 -999.0 -999.0 -999.0 -999.0 -999.0 -999.0 1767.9 1717.0 1688.3 1624.5 1683.3 1109.2 1304.2 1425.2 1292.9 1537.2 1437.5 1712.2 1501.4 973.0 722.5 923.1 1084.1 812.8 785.6 929.2 1111.6 1231.0 1596.9 1531.5 1560.3 1484.7 1568.2 1620.0 1622.6 1736.0 1856.4 -999.0 -999.0 -999.0 -999.0 -999.0 -999.0 -999.0 -999.0 -999.0 -999.0 -999.0
1758.1 1749.5 1737.7 1816.9 -999.0 -999.0 -999.0 -999.0 -999.0 -999.0 -999.0 -999.0 -999.0 -999.0 -999.0 -999.0 -999.0 -999.0 -999.0 -999.0 -999.0 -999.0 -999.0 -999.0 -999.0 -999.0 -999.0 -999.0 1910.8 1804.1 1661.7 1728.6 1362.3 1802.5 802.3 879.5 1484.7 1412.0 1502.4 1615.4 1558.6 1632.8 1391.4 762.8 831.7 996.8 1090.5 1188.1 1052.6 1112.1 1219.8 1409.3 1535.3 1575.3 1618.4 1649.9 1613.9 1703.6 1857.1 1897.7 -999.0 -999.0 -999.0 -999.0 -999.0 -999.0 -999.0 -999.0 -999.0 -999.0 -999.0
1847.8 1837.5 1842.4 1798.9 -999.0 -999.0 -999.0 -999.0 -999.0 -999.0 -999.0 -999.0 -999.0 -999.0 -999.0 -999.0 -999.0 -999.0 -999.0 -999.0 -999.0 -999.0 -999.0 -999.0 -999.0 -999.0 -999.0 -999.0 1908.6 1625.5 1699.8 1491.2 909.8 1418.5 1710.3 1251.1 1153.8 1339.2 1387.7 1497.6 1555.9 1621.8 1555.2 1415.4 801.2 963.6 1042.6 1210.1 1246.5 1271.1 1443.3 1486.3 1522.5 1478.3 1649.1 1577.3 1669.5 1701.0 1828.3 1917.2 1926.2 1890.9 1874.5 -999.0 -999.0 -999.0 -999.0 -999.0 -999.0 -999.0 -999.0
1781.1 1900.1 -999.0 1821.9 1862.2 -999.0 -999.0 -999.0 -999.0 -999.0 -999.0 -999.0 -999.0 -999.0 -999.0 -999.0 -999.0 -999.0 -999.0 -999.0 -999.0 -999.0 -999.0 -999.0 -999.0 -999.0 -999.0 -999.0 1882.6 1648.5 1550.5 1214.7 1564.1 1445.8 1325.8 1064.1 1301.0 1422.4 1095.8 1556.0 1379.6 1563.8 1628.8 1662.3 1330.0 1086.9 1100.2 1186.6 1259.0 1458.2 1469.9 1552.0 1635.3 1696.9 1684.7 1698.9 1671.3 1742.3 1787.8 1826.6 1559.4 1716.6 1638.0 1633.3 1732.8 -999.0 -999.0 -999.0 -999.0 -999.0 -999.0
1750.0 1810.8 1886.4 1844.1 -999.0 -999.0 -999.0 -999.0 -999.0 -999.0 -999.0 -999.0 -999.0 -999.0 -999.0 -999.0 -999.0 -999.0 -999.0 -999.0 -999.0 -999.0 -999.0 -999.0 -999.0 -999.0 -999.0 -999.0 1881.2 1634.9 1422.0 980.2 862.4 1121.2 1433.4 1345.8 1240.4 1041.3 1427.6 1138.9 1328.4 1441.2 1497.5 1534.1 1608.8 1476.8 1099.8 1152.3 1262.6 1364.2 1465.9 1559.8 1607.8 1669.7 1744.7 1720.2 1729.4 1788.5 1760.1 1730.3 1641.2 1371.8 1435.9 1478.2 1461.0 1565.0 1852.4 -999.0 -999.0 -999.0 -999.0
1796.6 1811.1 1880.5 1848.5 -999.0 -999.0 -999.0 -999.0 -999.0 -999.0 -999.0 -999.0 -999.0 -999.0 -999.0 -999.0 -999.0 -999.0 -999.0 -999.0 -999.0 -999.0 -999.0 -999.0 -999.0 -999.0 -999.0 -999.0 1901.0 1795.6 1409.5 1188.3 1562.7 688.6 875.4 1425.7 1214.8 1385.7 1056.4 1023.1 1314.4 1458.9 1418.9 1366.2 1519.4 897.3 994.3 1024.9 1010.4 1031.7 1156.7 1507.4 1463.4 1652.0 1725.1 1731.9 1744.8 1777.9 1825.7 1847.0 1730.7 1459.4 1576.6 1636.1 1575.5 1520.3 1817.0 1624.6 -999.0 -999.0 -999.0
1771.7 1653.8 1679.6 1832.0 -999.0 -999.0 -999.0 -999.0 -999.0 -999.0 -999.0 -999.0 -999.0 -999.0 -999.0 -999.0 1972.4 1951.3 1971.9 -999.0 -999.0 -999.0 -999.0 -999.0 -999.0 -999.0 -999.0 -999.0 -999.0 1917.5 1795.1 1666.4 1453.3 1419.5 1112.6 1620.1 1846.7 1292.2 1309.3 1349.1 1412.1 1260.5 1246.8 1341.6 1288.5 1061.2 1062.8 834.4 935.4 1142.5 1262.3 1280.9 1476.7 1646.6 1709.6 1742.1 1716.8 1777.3 1828.7 1384.3 1450.9 1146.5 1133.7 1254.3 1349.6 1620.8 1401.9 1522.4 1797.7 -999.0 -999.0
1841.9 1662.2 1760.3 -999.0 -999.0 -999.0 -999.0 -999.0 -999.0 -999.0 -999.0 -999.0 -999.0 -999.0 -999.0 -999.0 1967.2 1968.9 -999.0 -999.0 -999.0 -999.0 -999.0 -999.0 -999.0 -999.0 -999.0 -999.0 -999.0 -999.0 1814.6 1859.1 1451.4 1528.3 870.6 1470.8 1436.2 1509.8 1662.0 1649.2 1556.0 1552.7 869.6 1328.5 1231.6 867.5 1079.6 1365.4 1466.6 1109.6 1490.1 1304.3 1539.0 1691.6 1759.4 1747.9 1731.7 1663.5 1438.6 1339.2 1407.7 1424.6 1492.6 1405.1 1309.3 1369.3 1371.7 1562.5 1527.3 -999.0 -999.0
1778.4 1730.7 -999.0 -999.0 -999.0 -999.0 -999.0 -999.0 -999.0 -999.0 -999.0 -999.0 -999.0 -999.0 -999.0 1902.8 1545.7 1654.6 1937.8 -999.0 -999.0 -999.0 -999.0 -999.0 -999.0 -999.0 -999.0 -999.0 -999.0 -999.0 1795.7 1528.2 1432.2 1424.0 1593.7 1431.6 1628.7 1660.1 1690.8 1710.2 1494.2 1576.6 1623.2 890.6 1195.6 1253.6 1006.0 1226.4 1033.8 1299.5 1293.5 1496.3 1604.7 1694.6 1705.5 1760.0 1743.5 1586.3 1467.2 1540.9 1468.8 1396.9 1444.6 1395.8 1422.5 1420.3 1429.4 1675.6 1526.7 1787.3 -999.0
-999.0 -999.0 -999.0 -999.0 -999.0 -999.0 -999.0 -999.0 -999.0 -999.0 -999.0 -999.0 -999.0 -999.0 1953.4 1437.5 1308.4 1137.8 1933.5 -999.0 -999.0 -999.0 -999.0 -999.0 -999.0 -999.0 -999.0 -999.0 -999.0 -999.0 1824.6 1316.4 1488.4 1901.3 1680.8 1737.9 1655.4 1809.9 1792.0 1648.9 1508.1 1724.1 1087.6 1270.1 1009.5 1235.2 900.5 1450.7 1330.1 1525.8 1358.1 1552.8 1583.5 1622.0 1755.4 1761.5 1758.4 1689.0 1416.2 1401.3 1472.3 1608.8 1577.7 1584.5 1568.7 1555.6 1425.6 1458.7 1600.2 1625.2 -999.0
-999.0 -999.0 -999.0 -999.0 -999.0 -999.0 -999.0 -999.0 -999.0 -999.0 -999.0 -999.0 -999.0 1933.8 1857.3 1125.3 1497.3 1684.1 -999.0 -999.0 -999.0 -999.0 -999.0 -999.0 -999.0 -999.0 -999.0 -999.0 -999.0 -999.0 -999.0 1845.8 1914.3 1954.8 1663.4 1878.6 1661.9 1837.1 1813.7 1756.3 1604.7 1751.5 1150.5 1098.2 960.1 988.2 931.7 1007.8 1025.9 1156.0 1284.0 1329.8 1431.6 1682.3 1750.3 1752.7 1705.4 1680.9 1655.9 1313.2 1477.9 1755.3 1777.1 1717.7 1737.0 1736.6 1750.6 1739.5 1809.9 1797.0 1729.8
-999.0 -999.0 -999.0 -999.0 -999.0 -999.0 -999.0 -999.0 -999.0 -999.0 -999.0 -999.0 -999.0 1648.6 1397.7 1800.0 1877.4 1942.9 -999.0 -999.0 -999.0 -999.0 -999.0 -999.0 -999.0 -999.0 -999.0 -999.0 -999.0 -999.0 -999.0 -999.0 1969.0 1846.0 1890.0 1915.2 1774.5 1851.9 1836.2 1793.6 1611.8 1767.2 1182.1 1213.8 1245.5 1033.1 1112.8 1202.3 914.8 945.4 1274.5 1211.0 1385.5 1482.2 1703.7 1744.8 1707.8 1708.8 1725.5 1712.7 1734.8 1820.1 1791.2 1740.4 1695.7 1727.3 1776.2 1790.9 1797.7 1516.8 1534.2
-999.0 -999.0 -999.0 -999.0 -999.0 -999.0 -999.0 -999.0 -999.0 -999.0 -999.0 -999.0 -999.0 1645.3 1764.1 1743.1 1953.1 -999.0 -999.0 -999.0 -999.0 -999.0 -999.0 -999.0 -999.0 -999.0 -999.0 -999.0 -999.0 -999.0 -999.0 -999.0 1971.2 1851.2 1866.6 -999.0 1879.6 -999.0 1912.1 1880.5 1805.5 1823.1 1731.5 1194.3 1247.4 1235.5 967.0 1504.2 1430.0 987.5 1148.9 1268.4 1363.5 1532.3 1688.7 1758.1 1781.3 1800.1 1782.9 1786.3 1735.1 1639.0 1740.2 1643.0 1695.3 1774.1 1722.5 1610.9 1663.3 1721.4 1717.5
-999.0 -999.0 -999.0 -999.0 -999.0 -999.0 -999.0 -999.0 -999.0 -999.0 -999.0 -999.0 1894.0 1942.2 1952.7 -999.0 -999.0 -999.0 -999.0 -999.0 -999.0 -999.0 -999.0 -999.0 -999.0 -999.0 -999.0 -999.0 -999.0 -999.0 -999.0 -999.0 1963.5 1952.7 1962.6 -999.0 -999.0 -999.0 1937.3 1699.5 1887.0 1742.6 1585.2 1643.3 1609.5 1487.9 1173.3 1159.9 1553.2 1181.3 1076.9 1337.6 1297.6 1455.9 1600.7 1817.8 1818.9 1836.3 1835.9 1824.3 1797.2 1760.4 1752.2 1685.9 1776.7 1723.9 1650.5 1585.0 1564.5 1584.3 1659.4
-999.0 -999.0 -999.0 -999.0 -999.0 -999.0 -999.0 -999.0 -999.0 -999.0 -999.0 -999.0 -999.0 -999.0 -999.0 -999.0 -999.0 -999.0 -999.0 -999.0 -999.0 -999.0 -999.0 -999.0 -999.0 -999.0 -999.0 -999.0 -999.0 -999.0 -999.0 -999.0 -999.0 -999.0 -999.0 -999.0 -999.0 1942.8 1925.0 1763.5 1495.9 1397.4 1382.0 1372.0 1498.2 1499.4 1272.5 1295.8 1418.4 1586.8 1325.8 1237.0 1415.4 1530.9 1649.6 1752.9 1803.5 1796.0 1846.5 1860.2 1854.8 1848.1 1820.3 1822.8 1711.3 1451.7 1625.8 1590.0 1696.3 1696.1 1780.7
-999.0 -999.0 -999.0 -999.0 -999.0 -999.0 -999.0 -999.0 -999.0 -999.0 -999.0 -999.0 -999.0 -999.0 -999.0 -999.0 -999.0 -999.0 -999.0 -999.0 -999.0 -999.0 -999.0 -999.0 -999.0 -999.0 -999.0 -999.0 -999.0 -999.0 -999.0 -999.0 -999.0 -999.0 -999.0 -999.0 -999.0 1913.5 1848.1 1564.7 1270.2 1083.8 1228.5 1529.2 1428.7 1694.5 1598.3 1648.6 1471.9 1389.4 1352.3 1360.4 1426.7 1564.9 1650.6 1712.9 1804.5 1799.8 1859.8 1882.0 1900.9 1888.0 1848.3 1830.2 1761.7 1400.6 1501.3 1705.6 1772.7 1807.7 1815.3
-999.0 -999.0 -999.0 -999.0 -999.0 -999.0 -999.0 -999.0 -999.0 -999.0 -999.0 -999.0 -999.0 -999.0 -999.0 -999.0 -999.0 -999.0 -999.0 -999.0 -999.0 -999.0 -999.0 -999.0 -999.0 -999.0 -999.0 -999.0 -999.0 -999.0 -999.0 -999.0 -999.0 -999.0 -999.0 -999.0 -999.0 1916.2 1892.0 1748.6 1446.3 1336.4 1402.1 1525.4 1563.7 1638.6 1566.3 1664.3 1674.8 1603.3 1779.1 1384.3 1553.7 1483.1 1626.4 1673.6 1817.0 1844.8 1851.9 1886.1 1933.1 1887.8 1872.0 1832.8 1817.1 1629.2 1577.5 1696.9 1792.0 1820.9 1843.3
