GDD/GrowingDegreeDays_1968_Actual.txt
ncols         180
nrows         290
xllcorner     -200000
yllcorner     -200000
cellsize      5000
NODATA_value    -999
[rows 192 to 223 of 290, columns 71 to 141 of 180]
-999.0 -999.0 -999.0 -999.0 -999.0 -999.0 -999.0 -999.0 -999.0 -999.0 -999.0 -999.0 -999.0 -999.0 -999.0 -999.0 -999.0 -999.0 -999.0 -999.0 -999.0 1665.4 1418.8 1256.8 1108.6 914.4 1020.3 1255.4 1461.3 1588.0 1473.2 1305.8 1199.4 1132.2 1361.3 1521.2 1486.2 1391.1 1398.0 1526.9 1316.1 1404.6 1428.0 1549.6 1521.3 1648.5 1717.0 1702.9 1645.9 1687.8 1736.4 1734.7 1719.4 1706.8 1634.3 1675.9 1698.1 1661.5 1602.1 1573.3 1555.7 1518.9 1573.4 1608.6 1542.7 1584.9 1613.0 1635.6 1633.1 1709.1 1702.5
-999.0 -999.0 -999.0 -999.0 -999.0 -999.0 -999.0 -999.0 -999.0 -999.0 -999.0 -999.0 -999.0 -999.0 -999.0 -999.0 -999.0 -999.0 -999.0 -999.0 1780.6 1722.2 1476.3 1248.4 1139.3 1170.8 1198.5 1334.4 1277.1 985.7 1197.7 1196.4 1219.3 1409.3 1504.8 1440.9 1418.2 1519.9 1518.3 1451.2 1320.6 1346.8 1415.0 1559.5 1527.8 1693.7 1709.7 1640.3 1734.3 1640.1 1642.0 1679.8 1657.4 1690.3 1654.7 1726.5 1739.4 1670.0 1645.0 1651.9 1578.0 1590.2 1513.9 1571.6 1540.6 1620.3 1623.3 1635.6 1700.2 1723.5 1671.5
-999.0 -999.0 -999.0 -999.0 -999.0 -999.0 -999.0 -999.0 -999.0 -999.0 -999.0 -999.0 -999.0 -999.0 -999.0 -999.0 -999.0 -999.0 -999.0 -999.0 1555.0 1528.8 1494.3 1434.4 1267.5 1008.0 1049.6 1141.3 1283.3 1231.3 1138.9 1084.3 1089.1 1389.1 1290.2 1224.5 1529.0 1355.6 1601.6 1507.3 1339.6 1225.4 1503.3 1524.9 1675.2 1735.6 1714.5 1686.0 1481.8 1577.6 1593.1 1617.3 1627.7 1648.3 1651.5 1715.2 1707.3 1699.4 1661.1 1709.9 1678.1 1563.4 1521.9 1543.4 1520.9 1609.7 1673.5 1700.0 1736.3 1712.1 1674.3
-999.0 -999.0 -999.0 -999.0 -999.0 -999.0 -999.0 -999.0 -999.0 -999.0 -999.0 -999.0 -999.0 -999.0 -999.0 -999.0 -999.0 -999.0 -999.0 -999.0 1610.1 1557.0 1711.9 1519.9 1279.9 1006.6 1134.5 1114.8 1312.8 1191.5 1228.6 1332.9 1263.9 1242.1 1311.8 1440.9 1567.8 1546.4 1332.2 1570.3 1523.8 1498.8 1541.9 1494.6 1648.9 1771.4 1746.8 1668.9 1634.4 1656.6 1595.0 1608.8 1620.6 1622.5 1698.7 1697.7 1644.0 1683.9 1657.1 1718.9 1649.0 1541.2 1530.4 1611.8 1630.3 1598.2 1684.2 1680.8 1768.4 1702.8 1695.8
-999.0 -999.0 -999.0 -999.0 -999.0 -999.0 -999.0 -999.0 -999.0 -999.0 -999.0 -999.0 -999.0 -999.0 -999.0 -999.0 -999.0 -999.0 -999.0 1697.7 1523.5 1315.8 1476.2 1553.3 1251.4 1170.8 1055.0 1059.2 1444.7 1426.4 1457.3 1338.8 1233.8 1383.3 1384.5 1290.7 1472.0 1555.7 1581.7 1636.8 1653.5 1628.5 1588.3 1647.6 1708.7 1754.6 1781.3 1766.0 1713.9 1683.1 1722.0 1666.2 1670.5 1632.8 1692.2 1682.2 1678.4 1712.8 1719.7 1701.0 1591.8 1585.6 1584.1 1677.5 1645.2 1653.2 1679.3 1748.5 1707.6 1702.4 1702.7
-999.0 -999.0 -999.0 -999.0 -999.0 -999.0 -999.0 -999.0 -999.0 -999.0 -999.0 -999.0 -999.0 -999.0 -999.0 -999.0 -999.0 -999.0 1581.7 1524.6 1418.4 1511.9 1598.3 1335.4 1097.0 1053.7 1206.7 1145.0 1433.2 1338.3 1431.7 1469.3 1041.4 1353.9 1312.4 1551.4 1558.8 1650.1 1651.5 1625.8 1541.5 1633.7 1510.2 1681.3 1690.8 1827.8 1837.6 1798.1 1777.2 1762.3 1766.7 1720.0 1677.6 1665.6 1759.8 1712.0 1698.2 1670.9 1661.1 1640.4 1576.8 1612.3 1565.0 1663.2 1677.0 1749.9 1752.6 1671.3 1652.1 1692.3 1689.0
-999.0 -999.0 -999.0 -999.0 -999.0 -999.0 -999.0 -999.0 -999.0 -999.0 -999.0 -999.0 -999.0 -999.0 -999.0 -999.0 1528.2 1548.6 1578.7 1687.3 1666.5 1566.8 1507.7 1235.7 1121.0 1019.5 983.0 1154.1 1309.3 1553.7 1377.5 1438.7 1162.0 1381.3 1513.2 1593.1 1679.9 1655.9 1710.7 1636.4 1520.0 1582.6 1587.8 1788.7 1804.2 1831.5 1829.6 1767.6 1776.9 1762.2 1803.4 1742.9 1707.9 1746.1 1744.1 1759.2 1643.8 1632.2 1574.6 1529.9 1555.0 1575.7 1622.5 1677.9 1666.5 1655.4 1684.8 1659.7 1731.0 1697.9 1701.1
-999.0 -999.0 -999.0 -999.0 -999.0 -999.0 -999.0 -999.0 -999.0 -999.0 -999.0 -999.0 1764.8 1748.6 1747.5 1415.0 1334.7 1284.4 1289.9 1513.3 1553.4 1584.1 1207.0 1263.7 1109.4 1100.5 1144.6 1373.9 1478.7 1605.6 1481.3 1521.3 1098.3 1240.0 1431.1 1644.5 1633.7 1664.0 1513.6 1702.4 1566.3 1566.1 1641.1 1765.5 1871.9 1885.8 1775.3 1818.3 1834.9 1733.3 1793.9 1770.8 1803.8 1751.4 1709.2 1668.7 1695.3 1612.9 1629.1 1587.2 1515.9 1519.6 1543.4 1598.3 1605.7 1633.6 1679.3 1715.8 1678.7 1766.5 1763.4
-999.0 -999.0 -999.0 -999.0 -999.0 -999.0 -999.0 -999.0 -999.0 -999.0 -999.0 1605.1 1676.5 1541.2 1549.8 1550.1 1360.6 1414.9 1383.2 1571.5 1689.8 1412.2 1298.3 1184.0 1443.2 1051.9 1248.6 1425.1 1149.3 1384.2 1627.2 1170.8 1336.2 1419.1 1727.8 1749.0 1707.6 1472.3 1700.9 1708.7 1678.4 1671.0 1623.6 1751.9 1789.9 1922.3 1855.1 1876.8 1858.1 1776.0 1771.3 1771.7 1773.7 1751.7 1669.4 1666.6 1529.0 1652.5 1662.9 1616.1 1550.9 1591.9 1601.8 1655.9 1680.5 1655.8 1692.3 1670.6 1739.5 1768.3 1758.1
-999.0 -999.0 -999.0 -999.0 -999.0 -999.0 -999.0 -999.0 -999.0 -999.0 1584.3 1565.1 1705.5 1669.6 1644.8 1551.7 1597.6 1525.5 1589.8 1571.8 1263.8 1454.5 1527.9 1190.7 1594.9 1303.1 1243.3 1042.6 1173.0 1190.6 1379.5 1420.0 1510.4 1729.9 1402.0 1448.4 1719.0 1691.2 1756.0 1795.4 1712.3 1735.4 1776.5 1739.9 1750.3 1926.4 1903.2 1916.5 1873.8 1842.0 1816.2 1784.5 1624.7 1728.9 1706.9 1645.9 1586.9 1621.8 1653.7 1608.0 1558.2 1570.2 1552.5 1616.2 1694.3 1715.3 1743.6 1685.0 1718.2 1765.5 1701.1
-999.0 -999.0 -999.0 -999.0 -999.0 -999.0 1812.6 1575.8 1686.7 1523.2 1668.7 1636.5 1569.6 1636.2 1650.5 1477.3 1555.9 1525.2 1557.7 1377.5 1393.2 1524.0 1451.4 1428.4 1502.3 1444.9 1180.4 1148.7 1300.5 1364.8 1273.2 1458.1 1686.7 1347.5 1285.8 1486.5 1474.3 1687.5 1706.3 1802.9 1773.4 1582.6 1773.0 1660.0 1840.1 1909.1 1899.3 1878.9 1701.1 1802.3 1752.1 1483.7 1709.8 1707.9 1691.6 1625.8 1555.4 1643.9 1635.6 1619.6 1637.0 1603.6 1610.1 1658.2 1710.1 1690.7 1729.6 1718.2 1702.8 1705.8 1743.0
-999.0 -999.0 -999.0 -999.0 -999.0 1763.2 1624.9 1644.9 1616.0 1409.7 1182.0 1277.7 1324.7 1542.4 1451.7 1335.9 1428.3 1466.5 1333.6 1493.5 1544.5 1366.0 1564.1 1680.9 1556.7 1488.8 1286.0 1290.9 1327.4 1397.6 1434.2 1526.2 1443.8 900.4 1176.7 1440.3 1626.8 1601.8 1705.8 1601.9 1749.3 1701.4 1793.0 1821.7 1852.4 1860.7 1888.6 1890.8 1797.2 1738.4 1481.9 1477.1 1553.1 1650.2 1683.9 1476.4 1584.4 1638.0 1627.4 1666.8 1618.4 1624.8 1637.8 1698.6 1638.4 1665.6 1717.7 1612.9 1645.1 1734.6 1753.3
-999.0 -999.0 -999.0 1816.0 1709.9 1689.2 1606.7 1669.6 1612.3 1498.5 1474.2 1536.4 1626.4 1450.1 1548.7 1417.6 1667.9 1587.0 1404.2 1478.4 1624.9 1532.6 1743.6 1714.5 1406.8 1308.4 1368.2 1472.4 1336.7 1567.7 1630.5 1619.2 1292.1 1130.2 1127.0 1614.2 1564.6 1587.2 1599.0 1676.0 1801.1 1694.9 1763.2 1797.7 1864.6 1854.9 1920.7 1916.8 1785.4 1709.6 1480.5 1515.3 1579.6 1670.2 1613.6 1493.5 1541.3 1581.6 1637.5 1638.1 1650.2 1667.0 1680.1 1677.1 1651.6 1638.7 1667.7 1680.9 1694.3 1741.1 1689.5
-999.0 -999.0 -999.0 1832.6 -999.0 1825.5 1788.4 1666.7 1735.7 1650.9 1652.7 1590.3 1635.4 1599.4 1504.0 1651.4 1604.2 1749.2 1780.5 1771.7 1767.0 1762.0 1532.3 1584.5 1282.6 845.3 1341.9 1311.8 1322.6 1082.1 1112.5 1680.3 1721.0 1025.2 1341.2 1523.4 1491.2 1432.4 1622.5 1779.3 1835.5 1665.0 1672.4 1799.5 1888.6 1919.4 1889.1 1920.1 1789.6 1538.9 1465.6 1576.0 1635.7 1661.2 1677.9 1662.2 1588.2 1651.6 1686.6 1715.6 1729.3 1722.5 1693.9 1621.7 1660.8 1696.6 1681.6 1723.2 1720.8 1681.5 1705.7
-999.0 -999.0 -999.0 -999.0 -999.0 -999.0 1682.5 1814.9 1836.2 1716.4 1758.6 1700.2 1691.2 1641.8 1722.4 1757.7 1710.6 1747.2 1651.5 1752.5 1531.7 1733.7 1476.3 1321.9 1269.9 1114.0 1026.3 1183.8 1069.6 987.2 1374.6 1280.3 1431.3 1811.9 1391.3 1446.1 1729.6 1686.2 1815.2 1645.6 1687.6 1495.0 1595.0 1816.2 1870.9 1926.4 1975.3 1814.9 1556.4 1615.9 1460.3 1589.9 1628.7 1578.4 1683.8 1579.0 1697.2 1702.0 1762.6 1793.6 1779.1 1732.2 1701.9 1702.4 1741.0 1746.5 1750.4 1706.6 1639.6 1608.5 1677.7
-999.0 -999.0 -999.0 -999.0 -999.0 1778.1 1742.1 1770.4 1819.1 1815.1 1659.7 1578.6 1492.5 1581.3 1668.4 1724.1 1815.7 1769.5 1517.2 1761.1 1631.3 1850.0 1696.3 1620.1 1613.7 1626.0 1361.7 1396.8 1209.9 1194.1 1083.2 1263.0 1281.8 1418.9 1133.4 1605.3 1722.1 1753.2 1637.9 1677.9 1514.0 1596.6 1601.9 1846.0 1875.0 1874.1 1600.9 1527.9 1526.0 1474.3 1611.0 1585.4 1591.6 1626.9 1682.1 1688.0 1706.7 1773.6 1837.4 1858.9 1831.2 1726.9 1698.1 1674.7 1722.1 1760.4 1744.9 1672.4 1543.0 1682.1 1660.8
-999.0 -999.0 -999.0 -999.0 1846.6 1811.9 1762.2 1751.1 1799.9 1813.0 1805.0 1733.6 1789.2 1755.8 1794.2 1811.1 1795.7 1773.4 1749.5 1537.6 1809.5 1486.2 1576.4 1546.5 1403.0 1463.5 1584.7 1554.1 1390.6 1451.2 1321.0 1372.8 1532.7 1249.0 1283.1 1730.2 1617.3 1796.9 1729.9 1601.8 1573.4 1688.7 1727.4 1806.9 1854.9 1678.4 1723.2 1562.2 1558.0 1605.2 1587.1 1621.2 1669.3 1668.8 1726.0 1757.6 1773.6 1822.0 1766.8 1898.7 1795.5 1784.8 1751.0 1756.4 1757.3 1742.4 1675.1 1573.1 1610.1 1646.9 1671.8
-999.0 -999.0 -999.0 -999.0 -999.0 -999.0 1876.3 1823.3 1808.7 1786.9 1786.6 1763.0 -999.0 -999.0 -999.0 -999.0 1842.5 1766.6 1640.1 1825.1 1913.1 1797.8 1770.9 1736.3 1681.3 1862.9 1142.3 1117.9 1475.4 1568.6 1569.7 1443.2 1398.9 1320.5 1583.9 1709.8 1767.0 1814.6 1454.3 1650.4 1599.9 1823.6 1810.2 1812.1 1833.0 1596.5 1728.5 1593.0 1599.5 1669.6 1668.1 1690.1 1712.5 1751.4 1774.3 1787.7 1781.1 1806.6 1750.0 1859.0 1792.3 1736.8 1750.6 1730.4 1728.4 1641.9 1659.0 1618.7 1616.9 1659.4 1772.3
-999.0 -999.0 -999.0 -999.0 -999.0 -999.0 1896.3 1784.3 1710.1 1867.2 1757.6 1885.0 -999.0 -999.0 -999.0 -999.0 -999.0 -999.0 -999.0 1914.2 1937.9 1902.6 2013.9 1910.6 1709.5 1397.0 1228.6 1093.2 1177.9 1345.0 1489.7 1486.2 1622.1 1469.3 1482.7 1775.2 1861.7 1555.4 1551.4 1574.2 1863.6 1879.1 1832.8 1848.0 1695.8 1611.0 1622.3 1620.3 1674.3 1702.5 1724.9 1741.6 1744.3 1747.7 1762.3 1708.5 1761.4 1791.4 1822.7 1834.1 1770.9 1732.3 1729.7 1618.6 1637.0 1726.9 1632.1 1634.1 1683.5 1731.1 1789.0
-999.0 -999.0 -999.0 -999.0 -999.0 -999.0 -999.0 -999.0 1873.6 -999.0 -999.0 -999.0 -999.0 -999.0 -999.0 -999.0 -999.0 1760.1 1760.8 1798.5 1768.7 1919.0 2014.0 2037.5 1863.0 1619.8 1327.3 1245.0 1319.8 1643.7 1671.3 1381.0 1536.4 1608.1 1776.2 1878.0 1947.1 1739.8 1771.8 1796.9 1900.8 1892.5 1817.1 1827.3 1557.6 1507.5 1604.4 1629.5 1705.7 1721.5 1734.0 1761.9 1716.7 1743.0 1716.4 1773.6 1787.9 1806.0 1806.7 1793.1 1704.2 1684.2 1613.1 1532.2 1644.3 1633.4 1784.9 1702.4 1738.4 1797.5 1778.9
-999.0 -999.0 -999.0 -999.0 -999.0 -999.0 -999.0 -999.0 -999.0 -999.0 -999.0 -999.0 -999.0 -999.0 -999.0 -999.0 -999.0 1762.1 1754.5 1915.9 1838.1 1754.7 -999.0 -999.0 2089.7 1619.7 1757.4 1595.9 1642.4 1639.8 1594.8 1515.0 1794.8 1837.0 1828.9 1904.4 1937.2 1934.9 1938.4 1936.2 1917.6 1798.2 1803.6 1740.1 1544.0 1611.8 1650.5 1699.1 1723.8 1691.5 1711.9 1743.2 1730.2 1758.0 1731.4 1701.0 1693.2 1729.2 1678.2 1748.3 1742.9 1677.2 1494.6 1649.2 1636.5 1701.2 1852.2 1758.3 1792.6 1851.3 1904.1
-999.0 -999.0 -999.0 -999.0 -999.0 -999.0 -999.0 -999.0 -999.0 -999.0 -999.0 -999.0 -999.0 -999.0 -999.0 -999.0 -999.0 -999.0 -999.0 -999.0 -999.0 -999.0 -999.0 -999.0 2051.5 1926.4 1700.2 1682.6 1804.9 1821.5 1811.6 1775.9 1877.7 1935.3 1914.8 1920.0 1953.2 1967.8 -999.0 1994.0 1939.0 1846.5 1830.8 1737.7 1579.3 1640.0 1654.2 1719.1 1790.9 1778.3 1700.2 1746.6 1725.3 1625.2 1578.1 1604.5 1573.8 1522.5 1604.7 1629.6 1657.2 1672.6 1616.9 1716.3 1687.3 1692.0 1799.2 1837.3 1872.0 1868.1 1905.6
-999.0 -999.0 -999.0 -999.0 -999.0 -999.0 -999.0 -999.0 -999.0 -999.0 -999.0 -999.0 -999.0 -999.0 -999.0 -999.0 -999.0 -999.0 -999.0 -999.0 -999.0 -999.0 -999.0 -999.0 -999.0 1944.7 1857.9 1794.9 1743.9 1728.1 1849.5 1891.4 1921.8 1996.8 -999.0 -999.0 -999.0 -999.0 1984.0 2006.3 1893.3 1868.4 1847.2 1753.7 1595.4 1661.0 1639.5 1695.2 1805.8 1706.5 1706.6 1594.2 1648.5 1497.2 1569.2 1557.0 1605.5 1575.7 1579.1 1644.0 1615.2 1799.9 1793.5 1772.1 1849.4 1812.7 1858.2 1884.4 1898.9 1963.7 2004.7
-999.0 -999.0 -999.0 -999.0 -999.0 -999.0 -999.0 -999.0 -999.0 -999.0 -999.0 -999.0 -999.0 -999.0 -999.0 -999.0 -999.0 -999.0 -999.0 -999.0 -999.0 -999.0 -999.0 -999.0 -999.0 -999.0 1930.3 1735.1 1754.5 1791.9 1746.9 1842.2 1931.5 -999.0 -999.0 -999.0 -999.0 1879.5 1805.3 1757.3 1929.6 1910.5 1888.5 1686.6 1605.8 1620.9 1635.9 1713.9 1717.7 1737.6 1599.1 1470.1 1533.1 1529.0 1594.2 1586.9 1609.0 1692.6 1659.7 1675.2 1738.5 1783.1 1825.1 1920.1 1850.6 1824.3 1855.3 1824.3 1813.1 1945.3 2000.3
-999.0 -999.0 -999.0 -999.0 -999.0 -999.0 -999.0 -999.0 -999.0 -999.0 -999.0 -999.0 -999.0 -999.0 -999.0 -999.0 -999.0 -999.0 -999.0 -999.0 -999.0 -999.0 -999.0 -999.0 -999.0 -999.0 -999.0 1916.1 1845.5 1869.6 1772.8 1894.3 1910.9 -999.0 -999.0 -999.0 1905.5 1903.6 1858.2 1740.4 1778.7 1811.7 1904.7 1758.2 1813.8 1665.0 1657.7 1752.1 1639.5 1565.5 1563.2 1573.9 1509.0 1570.2 1620.5 1652.3 1707.8 1720.6 1721.9 1714.4 1704.2 1768.2 1836.9 1832.4 1753.2 1737.6 1824.1 1813.5 1820.3 1879.9 1954.8
-999.0 -999.0 -999.0 -999.0 -999.0 -999.0 -999.0 -999.0 -999.0 -999.0 -999.0 -999.0 -999.0 -999.0 -999.0 -999.0 -999.0 -999.0 -999.0 -999.0 -999.0 -999.0 -999.0 -999.0 -999.0 -999.0 -999.0 -999.0 -999.0 -999.0 -999.0 -999.0 -999.0 -999.0 -999.0 1867.8 1881.6 1905.3 1885.7 1716.8 1855.0 1807.9 1743.1 1735.9 1750.5 1721.5 1811.1 1785.1 1736.1 1643.9 1649.6 1626.3 1603.9 1575.9 1599.3 1626.8 1532.2 1651.8 1630.2 1681.2 1672.6 1709.2 1785.0 1767.9 1736.3 1732.2 1723.6 1804.8 1835.1 1857.9 1888.7
-999.0 -999.0 -999.0 -999.0 -999.0 -999.0 -999.0 -999.0 -999.0 -999.0 -999.0 -999.0 -999.0 -999.0 -999.0 -999.0 -999.0 -999.0 -999.0 -999.0 -999.0 -999.0 -999.0 -999.0 -999.0 -999.0 -999.0 -999.0 -999.0 -999.0 -999.0 -999.0 -999.0 -999.0 -999.0 1982.4 1805.4 1837.9 1445.4 1557.0 1821.2 1782.5 1738.6 1715.9 1685.7 1779.4 1816.5 1789.6 1747.4 1643.1 1679.9 1716.4 1582.3 1563.7 1475.4 1585.4 1568.8 1474.5 1589.8 1637.8 1686.0 1749.8 1772.7 1779.8 1777.6 1790.4 1827.7 1774.6 1786.7 1848.7 1859.1
-999.0 -999.0 -999.0 -999.0 -999.0 -999.0 -999.0 -999.0 -999.0 -999.0 -999.0 -999.0 -999.0 -999.0 -999.0 -999.0 -999.0 -999.0 -999.0 -999.0 -999.0 -999.0 -999.0 -999.0 -999.0 -999.0 -999.0 -999.0 -999.0 -999.0 -999.0 -999.0 -999.0 -999.0 -999.0 1956.0 1931.9 1925.7 1736.5 1468.2 1574.8 1667.4 1748.0 1649.5 1749.1 1752.5 1794.9 1633.5 1575.8 1518.4 1587.6 1660.1 1627.2 1636.1 1620.1 1594.0 1585.1 1640.3 1637.7 1649.1 1676.3 1729.8 1773.5 1797.1 1798.9 1784.4 1819.9 1772.3 1772.3 1801.3 1758.4
-999.0 -999.0 -999.0 -999.0 -999.0 -999.0 -999.0 -999.0 -999.0 -999.0 -999.0 -999.0 -999.0 -999.0 -999.0 -999.0 -999.0 -999.0 2065.7 1950.4 1988.7 1336.0 1292.6 1309.5 1347.2 1261.1 1948.4 1544.0 2040.4 -999.0 -999.0 -999.0 -999.0 -999.0 -999.0 1945.0 1921.3 1878.7 1918.6 1794.2 1644.1 1578.4 1636.8 1696.9 1723.2 1714.6 1660.5 1556.0 1593.6 1645.9 1669.3 1704.1 1642.0 1660.9 1712.2 1744.3 1746.3 1695.6 1715.1 1654.0 1626.8 1578.8 1685.3 1703.7 1694.8 1724.1 1772.6 1704.2 1742.7 1785.7 1708.9
-999.0 -999.0 -999.0 -999.0 -999.0 -999.0 -999.0 -999.0 -999.0 -999.0 -999.0 -999.0 -999.0 -999.0 -999.0 -999.0 -999.0 -999.0 1700.9 1654.2 1473.4 1377.9 1144.8 1073.7 1151.9 1183.0 1262.5 1572.6 1806.3 1949.2 1877.8 1674.9 1826.0 1889.5 1950.6 1948.2 1939.2 1925.0 1918.8 1903.0 1848.0 1658.1 1644.6 1688.2 1740.9 1525.3 1637.2 1711.8 1668.7 1631.5 1714.5 1741.8 1738.0 1715.9 1725.6 1746.6 1727.4 1794.3 1750.9 1677.1 1657.1 1666.4 1619.7 1599.3 1739.8 1782.2 1798.2 1812.4 1730.6 1792.7 1496.3
-999.0 -999.0 -999.0 -999.0 -999.0 -999.0 -999.0 -999.0 -999.0 -999.0 -999.0 -999.0 -999.0 -999.0 -999.0 -999.0 -999.0 2001.9 1917.7 1771.1 1680.4 1527.7 1251.2 1116.6 1153.5 1243.2 1280.8 1356.5 1562.5 1704.6 1768.0 1699.1 1591.2 1818.2 1878.8 1941.9 1920.0 1814.2 1904.6 1877.6 1740.0 1704.0 1707.9 1687.4 1507.7 1650.2 1543.9 1589.4 1652.7 1738.4 1729.2 1781.9 1727.0 1640.9 1753.5 1712.4 1765.4 1739.8 1744.6 1708.6 1686.3 1592.4 1549.5 1707.3 1760.6 1762.8 1607.1 1733.8 1777.6 1758.1 1747.6
-999.0 -999.0 -999.0 -999.0 -999.0 -999.0 -999.0 -999.0 -999.0 -999.0 -999.0 -999.0 -999.0 -999.0 -999.0 -999.0 -999.0 -999.0 1981.0 1944.2 1878.2 1568.1 1490.4 1409.6 1202.0 1310.9 1384.4 1584.6 1515.0 1390.3 1560.5 1720.2 1726.5 1615.0 1800.3 1936.3 1927.6 1916.5 1829.0 1786.1 1824.8 1802.6 1749.7 1711.4 1602.6 1686.6 1559.7 1629.8 1641.0 1681.7 1697.6 1753.3 1675.9 1648.4 1688.6 1796.5 1795.7 1751.0 1803.8 1794.3 1769.0 1679.8 1603.5 1625.2 1742.9 1738.0 1683.9 1699.9 1749.0 1806.4 1814.1
