GDD/GrowingDegreeDays_1994_Actual.txt
ncols         180
nrows         290
xllcorner     -200000
yllcorner     -200000
cellsize      5000
NODATA_value    -999
[rows 96 to 127 of 290, columns 71 to 141 of 180]
1146.9 1195.7 1372.4 1473.2 1082.8 1374.5 731.6 762.1 1043.2 1321.4 831.6 445.9 458.9 407.9 674.5 775.7 827.9 552.9 627.8 507.0 469.6 758.4 773.4 790.5 1038.4 906.2 1068.1 807.0 628.2 717.4 654.9 767.7 826.1 736.2 676.8 782.2 848.3 719.4 719.4 1069.7 1189.2 1297.4 1306.8 1079.1 1145.5 -999.0 -999.0 -999.0 -999.0 -999.0 -999.0 -999.0 -999.0 -999.0 -999.0 -999.0 -999.0 -999.0 -999.0 -999.0 -999.0 -999.0 -999.0 -999.0 -999.0 -999.0 -999.0 -999.0 -999.0 -999.0 -999.0
1117.2 982.2 1400.5 1461.7 1075.0 1280.9 895.1 1036.0 1297.2 1356.8 935.4 559.3 1274.9 597.3 799.0 635.2 838.7 610.2 876.5 701.5 798.3 818.2 429.9 845.5 819.4 918.1 934.2 970.4 640.2 820.8 933.5 868.5 660.9 842.6 750.5 914.3 868.6 921.2 1028.0 1214.1 1215.8 1200.0 1223.4 1319.7 -999.0 -999.0 -999.0 -999.0 -999.0 -999.0 -999.0 -999.0 -999.0 -999.0 -999.0 -999.0 -999.0 -999.0 -999.0 -999.0 -999.0 -999.0 -999.0 -999.0 -999.0 -999.0 -999.0 -999.0 -999.0 -999.0 -999.0
1160.0 1373.8 859.8 1050.9 1004.3 704.6 472.6 1303.0 1420.0 580.3 1065.6 1176.0 570.2 751.1 547.2 749.8 558.6 957.5 1052.4 1112.8 1092.6 1102.1 1048.6 782.3 1052.1 851.0 763.2 1039.9 885.0 767.2 975.1 991.0 861.0 871.9 989.5 896.3 987.7 1174.1 1257.9 1309.5 1212.0 1305.3 1341.8 1300.4 -999.0 -999.0 -999.0 -999.0 -999.0 -999.0 -999.0 -999.0 -999.0 -999.0 -999.0 -999.0 -999.0 -999.0 -999.0 -999.0 -999.0 -999.0 -999.0 -999.0 -999.0 -999.0 -999.0 -999.0 -999.0 -999.0 -999.0
1104.0 804.1 1173.2 1002.3 946.3 1358.3 1362.6 -999.0 1113.3 543.4 753.2 478.3 925.0 1086.2 833.1 928.2 949.3 923.5 856.3 779.9 710.1 613.9 377.7 573.9 825.1 796.9 1074.0 1190.7 1301.2 870.3 799.0 1009.3 1019.2 986.9 1157.0 1118.4 1169.9 1248.5 1261.3 1256.1 1254.1 1190.0 1173.0 -999.0 -999.0 -999.0 -999.0 -999.0 -999.0 -999.0 -999.0 -999.0 -999.0 -999.0 -999.0 -999.0 -999.0 -999.0 -999.0 -999.0 -999.0 -999.0 -999.0 -999.0 -999.0 -999.0 -999.0 -999.0 -999.0 -999.0 -999.0
1401.9 1177.4 1065.1 1182.1 854.1 1247.3 -999.0 1372.8 1162.7 1413.5 976.3 1152.7 786.2 389.0 853.0 762.7 891.1 611.9 456.9 564.4 775.0 1134.7 1027.4 1159.6 897.6 965.5 958.1 840.4 926.0 975.8 916.6 1050.4 1196.9 1187.2 1298.0 1301.8 1218.0 1186.8 1227.3 1243.1 1248.1 1332.3 1282.2 -999.0 -999.0 -999.0 -999.0 -999.0 -999.0 -999.0 -999.0 -999.0 -999.0 -999.0 -999.0 -999.0 -999.0 -999.0 -999.0 -999.0 -999.0 -999.0 -999.0 -999.0 -999.0 -999.0 -999.0 -999.0 -999.0 -999.0 -999.0
1362.0 1236.3 1449.6 1035.5 1312.6 -999.0 1402.0 1385.9 1267.8 385.7 792.0 270.9 729.8 985.4 1118.1 763.5 679.0 800.9 630.1 866.8 665.0 553.1 695.3 1186.2 868.3 686.1 649.3 885.1 889.3 1337.7 1115.4 1273.0 1327.4 1350.4 1344.8 1097.8 1105.8 1100.4 1156.3 1162.3 1239.4 1313.4 1364.2 -999.0 -999.0 -999.0 -999.0 -999.0 -999.0 -999.0 -999.0 -999.0 -999.0 -999.0 -999.0 -999.0 -999.0 -999.0 -999.0 -999.0 -999.0 -999.0 -999.0 -999.0 -999.0 -999.0 -999.0 -999.0 -999.0 -999.0 -999.0
1422.0 1378.5 733.9 1472.3 -999.0 1427.8 -999.0 1048.4 909.5 710.1 1406.0 499.9 781.5 756.8 938.7 336.2 789.6 337.4 806.7 874.5 453.7 988.3 1376.8 790.0 477.0 461.5 967.3 975.1 947.3 1054.7 1228.9 1295.8 1301.3 1299.2 997.8 1196.4 1232.9 1275.9 1252.1 1267.9 1365.7 1380.7 -999.0 -999.0 -999.0 -999.0 -999.0 -999.0 -999.0 -999.0 -999.0 -999.0 -999.0 -999.0 -999.0 -999.0 -999.0 -999.0 -999.0 -999.0 -999.0 -999.0 -999.0 -999.0 -999.0 -999.0 -999.0 -999.0 -999.0 -999.0 -999.0
563.1 714.1 1050.6 1462.9 -999.0 -999.0 1360.0 1350.1 1393.5 1324.5 924.4 422.7 1198.4 955.6 378.6 684.4 695.2 459.6 447.9 652.8 1229.4 673.0 666.2 474.9 635.8 852.9 615.1 614.1 946.4 1165.4 1331.4 1306.1 1182.5 930.3 1191.4 1335.1 1320.2 1462.1 1437.2 1407.7 -999.0 -999.0 -999.0 -999.0 -999.0 -999.0 -999.0 -999.0 -999.0 -999.0 -999.0 -999.0 -999.0 -999.0 -999.0 -999.0 -999.0 -999.0 -999.0 -999.0 -999.0 -999.0 -999.0 -999.0 -999.0 -999.0 -999.0 -999.0 -999.0 -999.0 -999.0
828.7 1160.6 1351.1 1443.4 -999.0 1440.8 1317.0 1174.9 974.0 1204.6 943.6 1286.6 1301.0 1019.0 732.6 846.7 1038.3 1068.1 951.5 787.6 553.4 958.4 736.3 812.4 667.2 597.4 822.4 895.2 1096.5 1257.5 1331.7 1317.2 1107.0 1203.3 1407.0 1455.8 1487.4 1443.2 1452.1 -999.0 -999.0 -999.0 -999.0 -999.0 -999.0 -999.0 -999.0 -999.0 -999.0 -999.0 -999.0 -999.0 -999.0 -999.0 -999.0 -999.0 -999.0 -999.0 -999.0 -999.0 -999.0 -999.0 -999.0 -999.0 -999.0 -999.0 -999.0 -999.0 -999.0 -999.0 -999.0
1302.8 1000.8 1245.4 -999.0 -999.0 1430.2 981.4 1120.7 909.4 1195.6 1358.3 1069.6 672.6 680.9 798.6 915.0 825.0 568.8 932.7 744.9 1118.8 975.5 726.7 1056.4 1311.4 1319.4 1183.1 1261.8 1326.6 1300.3 1315.8 1455.3 1312.7 1381.2 1440.5 1279.6 1378.7 1332.4 1391.0 -999.0 -999.0 -999.0 -999.0 -999.0 -999.0 -999.0 -999.0 -999.0 -999.0 -999.0 -999.0 -999.0 -999.0 -999.0 -999.0 -999.0 -999.0 -999.0 -999.0 -999.0 -999.0 -999.0 -999.0 -999.0 -999.0 -999.0 -999.0 -999.0 -999.0 -999.0 -999.0
-999.0 -999.0 -999.0 -999.0 1412.8 1069.7 1076.7 975.4 1078.0 977.6 683.1 726.6 543.0 1006.0 692.4 1217.9 603.3 1145.5 496.4 1005.4 800.3 454.4 908.1 1139.1 989.7 1096.9 1316.7 1266.2 1367.9 1447.4 1388.2 1469.8 1462.1 1343.8 1355.6 1371.2 1347.6 1435.7 1385.3 1446.0 -999.0 -999.0 -999.0 -999.0 -999.0 -999.0 -999.0 -999.0 -999.0 -999.0 -999.0 -999.0 -999.0 -999.0 -999.0 -999.0 -999.0 -999.0 -999.0 -999.0 -999.0 -999.0 -999.0 -999.0 -999.0 -999.0 -999.0 -999.0 -999.0 -999.0 -999.0
-999.0 -999.0 -999.0 -999.0 1383.7 1424.3 1051.9 939.3 1337.6 837.4 1071.4 1301.2 887.0 657.1 718.7 1346.4 651.3 760.1 713.0 984.5 672.5 860.7 789.0 626.0 918.9 1030.2 1111.5 1182.3 1199.9 1142.2 1122.5 1033.4 1104.4 1291.3 1427.4 1417.8 1225.1 1370.8 1232.0 1312.3 1359.9 -999.0 -999.0 -999.0 -999.0 -999.0 -999.0 -999.0 -999.0 -999.0 -999.0 -999.0 -999.0 -999.0 -999.0 -999.0 -999.0 -999.0 -999.0 -999.0 -999.0 -999.0 -999.0 -999.0 -999.0 -999.0 -999.0 -999.0 -999.0 -999.0 -999.0
-999.0 -999.0 -999.0 1405.2 1393.3 1341.3 993.9 1200.4 968.0 948.8 1108.8 1328.2 812.1 753.7 519.1 1246.5 744.5 910.6 869.3 957.4 882.8 1326.8 1152.5 1063.7 1098.5 1273.2 1098.2 922.4 729.1 832.0 914.2 1053.5 1181.1 1102.7 1420.7 1290.4 1223.1 1220.2 1234.1 1275.5 1340.5 1445.3 -999.0 -999.0 -999.0 -999.0 -999.0 -999.0 -999.0 -999.0 -999.0 -999.0 -999.0 -999.0 -999.0 -999.0 -999.0 -999.0 -999.0 -999.0 -999.0 -999.0 -999.0 -999.0 -999.0 -999.0 -999.0 -999.0 -999.0 -999.0 -999.0
-999.0 -999.0 1408.5 -999.0 1357.6 1198.0 1331.6 952.1 790.7 1296.1 1397.5 999.7 602.3 922.6 1442.7 1180.7 363.9 1130.9 1120.1 972.2 1012.9 1228.3 1283.1 1374.3 1307.8 1020.0 663.9 725.7 902.6 997.7 1154.1 1164.7 1212.2 1131.9 1269.3 1282.5 1388.6 1475.0 1461.8 1455.5 1463.2 -999.0 -999.0 -999.0 -999.0 -999.0 -999.0 -999.0 -999.0 -999.0 -999.0 -999.0 -999.0 -999.0 -999.0 -999.0 -999.0 -999.0 -999.0 -999.0 -999.0 -999.0 -999.0 -999.0 -999.0 -999.0 -999.0 -999.0 -999.0 -999.0 -999.0
-999.0 1451.1 1044.4 -999.0 1440.7 1411.8 1269.6 1195.2 1210.7 1203.6 720.8 1251.7 776.1 760.8 784.1 1091.9 1315.1 622.2 1093.6 1230.7 1359.3 1411.4 1453.1 1482.9 1495.8 1170.6 1332.3 1379.4 1396.7 1239.6 1097.4 1202.4 1222.0 1298.0 1353.6 1331.3 1438.9 -999.0 -999.0 -999.0 -999.0 -999.0 -999.0 -999.0 -999.0 -999.0 -999.0 -999.0 -999.0 -999.0 -999.0 -999.0 -999.0 -999.0 -999.0 -999.0 -999.0 -999.0 -999.0 -999.0 -999.0 -999.0 -999.0 -999.0 -999.0 -999.0 -999.0 -999.0 -999.0 -999.0 -999.0
1452.6 1213.2 1327.9 -999.0 1093.9 1454.1 1163.8 1255.3 1453.6 852.6 854.3 716.2 675.8 1399.0 853.3 858.5 1426.5 1112.8 1021.9 1230.2 1217.9 1164.4 1119.4 1057.0 1444.4 1448.3 1485.1 1417.6 1325.4 1237.9 1133.8 1218.5 1252.7 1255.2 1369.0 -999.0 -999.0 -999.0 -999.0 -999.0 -999.0 -999.0 -999.0 -999.0 -999.0 -999.0 -999.0 -999.0 -999.0 -999.0 -999.0 -999.0 -999.0 -999.0 -999.0 -999.0 -999.0 -999.0 -999.0 -999.0 -999.0 -999.0 -999.0 -999.0 -999.0 -999.0 -999.0 -999.0 -999.0 -999.0 -999.0
789.7 1236.0 -999.0 1416.1 1409.4 1030.1 1267.9 1440.7 870.2 1152.7 823.3 737.7 985.8 1188.7 863.5 874.9 1486.0 1482.8 1437.1 1355.3 1242.1 1176.8 972.6 906.3 1202.4 1365.8 1484.6 1521.3 1393.2 1387.8 1333.6 1316.4 1166.7 1170.4 1400.4 -999.0 -999.0 -999.0 -999.0 -999.0 -999.0 -999.0 -999.0 -999.0 -999.0 -999.0 -999.0 -999.0 -999.0 -999.0 -999.0 -999.0 -999.0 -999.0 -999.0 -999.0 -999.0 -999.0 -999.0 -999.0 -999.0 -999.0 -999.0 -999.0 -999.0 -999.0 -999.0 -999.0 -999.0 -999.0 -999.0
1498.6 1488.0 -999.0 1451.9 845.0 1176.6 -999.0 1324.7 938.6 1154.5 915.8 1007.9 932.4 1422.7 1432.9 1235.0 1345.6 1353.8 1236.9 1403.9 715.2 737.0 881.8 909.1 1186.0 1445.7 1448.3 1563.3 1604.3 1525.7 1502.2 1422.1 1473.0 -999.0 -999.0 -999.0 -999.0 -999.0 1352.1 1387.4 1388.3 1494.8 -999.0 -999.0 -999.0 -999.0 -999.0 -999.0 -999.0 -999.0 -999.0 -999.0 -999.0 -999.0 -999.0 -999.0 -999.0 -999.0 -999.0 -999.0 -999.0 -999.0 -999.0 -999.0 -999.0 -999.0 -999.0 -999.0 -999.0 -999.0 -999.0
1238.8 -999.0 -999.0 1050.5 1449.5 904.7 -999.0 1348.2 852.8 1227.1 1479.4 739.6 1459.4 1564.8 1564.5 1495.2 1319.2 1167.0 946.5 1217.2 1206.3 1318.6 1305.0 1339.9 1270.8 1271.3 1265.7 1367.5 1476.5 1397.4 1348.1 1401.1 1491.8 1527.6 1515.1 -999.0 -999.0 1463.1 1403.3 1332.5 1438.1 1474.2 1505.1 1501.5 -999.0 -999.0 -999.0 -999.0 -999.0 -999.0 -999.0 -999.0 -999.0 -999.0 -999.0 -999.0 -999.0 -999.0 -999.0 -999.0 -999.0 -999.0 -999.0 -999.0 -999.0 -999.0 -999.0 -999.0 -999.0 -999.0 -999.0
1537.3 -999.0 -999.0 1468.4 1200.2 999.3 1474.8 1182.4 1369.7 1246.8 1170.2 1065.4 1505.0 1378.9 1150.7 1180.4 1218.4 1414.9 1411.4 1364.2 1442.3 1411.5 1373.0 1342.4 1257.2 1164.8 1182.5 1276.8 1173.8 1143.1 1342.6 1437.7 1431.9 1466.1 1402.7 1480.0 1436.2 1342.3 1337.1 1398.2 1297.8 1126.8 1201.3 1118.4 1461.8 -999.0 -999.0 -999.0 -999.0 -999.0 -999.0 -999.0 -999.0 -999.0 -999.0 -999.0 -999.0 -999.0 -999.0 -999.0 -999.0 -999.0 -999.0 -999.0 -999.0 -999.0 -999.0 -999.0 -999.0 -999.0 -999.0
-999.0 -999.0 -999.0 1228.1 909.2 1282.7 1154.8 1473.2 1188.5 1306.9 1539.5 1542.8 -999.0 1168.8 903.7 1223.8 1348.9 1463.8 1456.3 1495.0 1545.0 1448.4 1387.2 1320.5 1125.1 1069.0 1077.9 1172.3 1234.6 1243.3 1310.6 1303.2 1290.9 1204.7 1340.4 1443.2 1256.7 1301.4 1267.3 1280.9 1114.9 980.9 1011.1 984.8 1167.0 1119.5 1071.9 1408.8 -999.0 -999.0 -999.0 -999.0 -999.0 -999.0 -999.0 -999.0 -999.0 -999.0 -999.0 -999.0 -999.0 -999.0 -999.0 -999.0 -999.0 -999.0 -999.0 -999.0 -999.0 -999.0 -999.0
-999.0 -999.0 -999.0 1220.5 1333.4 1449.7 936.8 1489.3 -999.0 1518.4 1396.5 1549.6 -999.0 1132.8 785.6 1142.3 1225.4 1420.1 1500.3 1446.5 1461.1 1566.9 1504.0 1395.6 1259.9 1025.2 1028.3 1046.9 1156.7 1163.5 1086.5 1042.3 928.9 1060.5 1297.4 1385.1 1233.9 1200.5 1165.3 826.6 781.0 965.0 998.1 1094.7 1138.3 1141.4 1327.8 1331.4 -999.0 -999.0 -999.0 -999.0 -999.0 -999.0 -999.0 -999.0 -999.0 -999.0 -999.0 -999.0 -999.0 -999.0 -999.0 -999.0 -999.0 -999.0 -999.0 -999.0 -999.0 -999.0 -999.0
-999.0 -999.0 -999.0 -999.0 1345.8 1170.0 1297.9 1537.8 -999.0 -999.0 1441.4 1537.6 1437.4 1199.3 978.9 1339.0 1257.0 1104.9 1247.3 1282.3 1371.3 1230.8 1415.8 1487.5 1359.9 1229.1 1082.3 1021.5 920.8 1029.7 891.0 876.5 1016.2 1085.8 1090.7 1156.5 1102.1 1002.0 931.7 970.5 832.3 966.8 1038.7 1094.9 1375.3 1378.7 1278.7 1241.1 1267.8 -999.0 -999.0 -999.0 -999.0 -999.0 -999.0 -999.0 -999.0 -999.0 -999.0 -999.0 -999.0 -999.0 -999.0 -999.0 -999.0 -999.0 -999.0 -999.0 -999.0 -999.0 -999.0
-999.0 -999.0 -999.0 1526.8 1259.2 1194.7 -999.0 -999.0 -999.0 -999.0 -999.0 1530.4 1572.4 1154.7 1272.8 1472.3 1290.9 1122.5 1036.5 1136.6 1246.3 1234.1 1194.4 1297.3 1418.2 1209.6 1021.1 1067.4 1049.3 1017.6 901.1 986.5 1078.8 1028.4 1036.0 836.9 890.1 1019.2 1052.2 1154.8 1013.0 1049.1 1130.1 1127.4 1349.7 1413.2 1407.1 1403.3 1402.6 -999.0 -999.0 -999.0 -999.0 -999.0 -999.0 -999.0 -999.0 -999.0 -999.0 -999.0 -999.0 -999.0 -999.0 -999.0 -999.0 -999.0 -999.0 -999.0 -999.0 -999.0 -999.0
-999.0 1473.5 -999.0 1137.8 1266.3 1506.1 1573.4 1240.0 1118.6 -999.0 -999.0 -999.0 1557.1 1333.7 1403.8 1425.9 1373.1 1245.6 1086.2 1027.2 1003.8 1002.7 1105.7 1140.6 1216.3 1420.2 1072.9 1112.5 1093.5 1092.8 1147.1 1159.6 947.5 1032.1 831.4 653.8 757.4 944.2 971.0 1197.4 1146.3 1171.2 1166.6 1180.3 1371.6 1420.1 1444.5 1423.9 1382.2 1408.5 -999.0 -999.0 -999.0 -999.0 -999.0 -999.0 -999.0 -999.0 -999.0 -999.0 -999.0 -999.0 -999.0 -999.0 -999.0 -999.0 -999.0 -999.0 -999.0 -999.0 -999.0
-999.0 -999.0 1522.2 1099.0 1252.6 1547.5 1170.8 983.0 866.8 1444.0 -999.0 -999.0 -999.0 1526.7 1491.5 1521.2 1461.7 1377.1 1293.6 1115.9 1076.7 1088.7 1168.3 1168.0 1155.8 1151.3 1206.3 1167.2 1143.7 1012.8 1081.8 905.0 1182.4 1057.5 1119.8 1095.6 782.0 814.5 1015.1 1118.2 1246.2 1277.8 1277.7 1287.9 1392.0 1414.6 1474.6 1420.0 1369.9 1425.3 1458.3 -999.0 -999.0 -999.0 -999.0 -999.0 -999.0 -999.0 -999.0 -999.0 -999.0 -999.0 -999.0 -999.0 -999.0 -999.0 -999.0 -999.0 -999.0 -999.0 -999.0
-999.0 -999.0 1359.7 1220.3 1040.1 1542.8 1540.4 1109.9 994.8 1501.0 -999.0 -999.0 -999.0 -999.0 -999.0 1509.1 1501.4 1488.9 1467.0 1371.1 1286.8 1133.8 928.3 955.4 1072.7 1134.3 1198.3 1092.6 1116.7 1091.0 1150.1 952.5 1206.6 1112.8 1056.7 1144.9 1319.9 1169.9 1264.9 1170.1 1325.6 1249.1 1300.7 1432.3 1460.2 1474.1 1486.7 1538.4 1337.3 1333.7 1399.6 1474.0 -999.0 -999.0 -999.0 -999.0 -999.0 -999.0 -999.0 -999.0 -999.0 -999.0 -999.0 -999.0 -999.0 -999.0 -999.0 -999.0 -999.0 -999.0 -999.0
-999.0 -999.0 1260.2 1076.5 1172.7 -999.0 1539.2 1445.1 815.8 1369.4 -999.0 -999.0 -999.0 -999.0 -999.0 1493.7 1422.4 1300.8 1381.2 1194.3 999.9 1020.3 885.1 855.8 925.9 1091.5 1012.9 1078.3 1135.0 987.7 928.2 1214.1 572.8 1005.7 802.3 1070.4 916.6 974.7 1319.4 1158.4 1286.2 1352.4 1414.0 1372.9 1276.6 1260.2 1415.4 1456.7 1564.2 1354.3 1208.2 1422.2 1404.0 1465.9 -999.0 -999.0 -999.0 -999.0 -999.0 -999.0 -999.0 -999.0 -999.0 -999.0 -999.0 -999.0 -999.0 -999.0 -999.0 -999.0 -999.0
-999.0 -999.0 1289.5 1277.3 1458.2 -999.0 -999.0 1166.0 925.1 1072.3 -999.0 -999.0 -999.0 -999.0 -999.0 1505.9 1486.4 1350.7 1357.9 1271.2 1103.3 1189.5 1085.6 1069.0 927.2 1019.2 1002.8 1064.5 906.0 641.1 795.1 919.5 491.6 629.0 962.6 931.2 1102.6 1281.0 1204.8 1165.0 1281.9 1255.4 1267.2 1375.9 1315.5 1310.1 1224.7 1065.5 1248.3 1307.1 1255.4 1257.1 1423.7 1466.6 -999.0 -999.0 -999.0 -999.0 -999.0 -999.0 -999.0 -999.0 -999.0 -999.0 -999.0 -999.0 -999.0 -999.0 -999.0 -999.0 -999.0
-999.0 -999.0 1447.3 1386.8 -999.0 -999.0 -999.0 1513.1 1335.1 1251.1 -999.0 -999.0 -999.0 -999.0 -999.0 1509.5 1476.0 1388.5 1351.5 1318.3 1240.0 1110.0 848.3 764.3 955.8 915.3 1104.6 1103.4 1075.8 824.8 1073.5 686.6 771.5 916.3 840.2 806.5 1187.5 1052.7 1230.8 1159.7 1189.1 1371.9 1260.9 1200.5 1177.0 1211.9 820.8 854.0 954.9 1288.0 1255.9 1247.9 1361.6 1396.4 -999.0 -999.0 -999.0 -999.0 -999.0 -999.0 -999.0 -999.0 -999.0 -999.0 -999.0 -999.0 -999.0 -999.0 -999.0 -999.0 -999.0
-999.0 1164.7 1283.2 1028.7 1579.7 -999.0 -999.0 -999.0 -999.0 -999.0 -999.0 -999.0 -999.0 -999.0 1350.8 1405.1 1321.3 1324.1 1278.4 1201.6 1231.5 1059.6 1002.8 851.8 1009.9 1092.3 993.8 1036.5 834.9 758.6 757.4 572.5 627.7 967.3 893.4 845.1 956.0 1089.9 1077.4 1272.0 1191.2 1141.8 1296.3 1158.3 1133.0 891.9 878.3 734.6 920.7 1292.4 1326.5 1395.6 1336.8 1372.4 -999.0 -999.0 -999.0 -999.0 -999.0 -999.0 -999.0 -999.0 -999.0 -999.0 -999.0 -999.0 -999.0 -999.0 -999.0 -999.0 -999.0
-999.0 1075.6 1140.9 1265.3 1564.1 -999.0 -999.0 -999.0 -999.0 -999.0 -999.0 -999.0 -999.0 -999.0 1138.7 1453.8 1309.6 1138.3 1020.6 1051.3 1144.8 1139.2 1096.4 1254.4 1144.2 927.0 968.1 1023.3 962.2 1029.1 1121.6 605.8 961.1 915.0 950.5 939.1 1007.9 1127.0 1290.3 1080.8 1143.0 1165.1 1191.1 1126.1 956.1 851.0 951.1 891.5 949.8 1268.0 1422.8 1426.0 1267.6 1448.4 -999.0 -999.0 -999.0 -999.0 -999.0 -999.0 -999.0 -999.0 -999.0 -999.0 -999.0 -999.0 -999.0 -999.0 -999.0 -999.0 -999.0
