GDD/GrowingDegreeDays_1993_Actual.txt
ncols         180
nrows         290
xllcorner     -200000
yllcorner     -200000
cellsize      5000
NODATA_value    -999
[rows 96 to 127 of 290, columns 71 to 141 of 180]
1041.4 1098.4 1285.6 1394.0 1010.9 1302.9 683.2 714.0 997.1 1279.5 787.3 412.0 419.3 363.5 624.5 714.0 760.8 505.1 579.7 462.9 425.6 700.6 717.8 735.0 962.0 847.4 1002.7 766.9 594.4 677.5 617.6 709.3 754.4 664.0 601.2 697.3 755.7 633.3 631.1 953.3 1065.9 1167.6 1175.4 954.9 1007.4 -999.0 -999.0 -999.0 -999.0 -999.0 -999.0 -999.0 -999.0 -999.0 -999.0 -999.0 -999.0 -999.0 -999.0 -999.0 -999.0 -999.0 -999.0 -999.0 -999.0 -999.0 -999.0 -999.0 -999.0 -999.0 -999.0
1020.8 895.9 1314.2 1379.5 1005.7 1212.0 837.9 981.6 1254.7 1323.0 888.8 524.2 1206.1 559.4 742.5 588.5 773.4 565.1 807.0 651.4 735.7 755.5 389.6 788.8 771.0 867.1 899.0 943.6 617.0 777.0 874.7 806.5 603.7 763.9 673.3 818.3 776.1 824.1 923.0 1096.1 1089.6 1072.3 1099.3 1186.6 -999.0 -999.0 -999.0 -999.0 -999.0 -999.0 -999.0 -999.0 -999.0 -999.0 -999.0 -999.0 -999.0 -999.0 -999.0 -999.0 -999.0 -999.0 -999.0 -999.0 -999.0 -999.0 -999.0 -999.0 -999.0 -999.0 -999.0
1072.3 1281.9 790.5 977.6 939.4 657.9 438.8 1242.4 1366.2 549.3 1007.1 1108.2 536.6 702.1 508.5 694.7 519.0 885.2 971.6 1023.1 1000.5 1010.0 966.5 733.0 981.6 807.4 740.8 1007.3 840.3 725.5 906.9 914.0 789.0 790.2 893.7 802.8 890.8 1075.2 1149.9 1189.9 1090.0 1174.7 1212.2 1168.6 -999.0 -999.0 -999.0 -999.0 -999.0 -999.0 -999.0 -999.0 -999.0 -999.0 -999.0 -999.0 -999.0 -999.0 -999.0 -999.0 -999.0 -999.0 -999.0 -999.0 -999.0 -999.0 -999.0 -999.0 -999.0 -999.0 -999.0
1021.3 727.2 1081.8 926.6 882.0 1284.0 1291.1 -999.0 1053.0 509.3 706.3 454.7 864.8 1012.3 772.8 858.5 879.0 855.2 793.8 724.4 663.6 576.0 339.1 535.2 772.4 751.3 1012.3 1126.0 1221.0 812.2 742.7 925.1 928.1 894.1 1050.2 1012.5 1066.6 1145.3 1152.1 1142.7 1137.4 1073.4 1056.0 -999.0 -999.0 -999.0 -999.0 -999.0 -999.0 -999.0 -999.0 -999.0 -999.0 -999.0 -999.0 -999.0 -999.0 -999.0 -999.0 -999.0 -999.0 -999.0 -999.0 -999.0 -999.0 -999.0 -999.0 -999.0 -999.0 -999.0 -999.0
1320.7 1086.8 975.8 1100.4 792.4 1174.6 -999.0 1300.3 1096.0 1340.7 915.9 1082.2 737.6 368.3 788.5 707.3 824.3 574.0 424.7 527.5 720.1 1046.2 949.7 1074.4 834.0 899.2 895.2 787.5 860.9 901.6 843.5 961.5 1093.2 1082.5 1182.2 1182.7 1104.4 1075.2 1113.3 1130.5 1136.9 1220.2 1169.5 -999.0 -999.0 -999.0 -999.0 -999.0 -999.0 -999.0 -999.0 -999.0 -999.0 -999.0 -999.0 -999.0 -999.0 -999.0 -999.0 -999.0 -999.0 -999.0 -999.0 -999.0 -999.0 -999.0 -999.0 -999.0 -999.0 -999.0 -999.0
1282.8 1150.9 1360.6 965.8 1237.8 -999.0 1325.7 1310.2 1195.5 367.1 747.1 253.3 687.0 914.7 1037.9 709.3 635.2 745.3 593.1 806.8 623.0 516.6 650.1 1095.6 808.4 642.1 607.2 821.3 821.7 1238.4 1024.4 1171.0 1219.9 1236.7 1224.7 988.2 993.0 988.0 1041.4 1052.1 1130.4 1209.5 1256.4 -999.0 -999.0 -999.0 -999.0 -999.0 -999.0 -999.0 -999.0 -999.0 -999.0 -999.0 -999.0 -999.0 -999.0 -999.0 -999.0 -999.0 -999.0 -999.0 -999.0 -999.0 -999.0 -999.0 -999.0 -999.0 -999.0 -999.0 -999.0
1341.4 1296.5 687.0 1394.6 -999.0 1350.8 -999.0 981.9 853.9 675.7 1331.8 475.5 734.5 709.1 870.1 315.4 732.1 311.5 754.5 817.6 422.2 916.4 1279.5 735.5 440.6 422.4 896.3 900.7 872.2 969.6 1130.3 1191.9 1194.4 1185.7 893.8 1071.4 1101.2 1141.9 1124.3 1146.5 1247.9 1266.9 -999.0 -999.0 -999.0 -999.0 -999.0 -999.0 -999.0 -999.0 -999.0 -999.0 -999.0 -999.0 -999.0 -999.0 -999.0 -999.0 -999.0 -999.0 -999.0 -999.0 -999.0 -999.0 -999.0 -999.0 -999.0 -999.0 -999.0 -999.0 -999.0
525.4 670.8 985.7 1386.1 -999.0 -999.0 1285.9 1276.2 1320.7 1252.9 870.3 405.5 1130.1 896.5 359.2 635.8 642.0 430.0 421.1 619.0 1148.7 633.3 625.9 441.4 595.9 793.6 571.7 567.8 871.6 1072.8 1229.1 1205.0 1085.5 839.2 1069.7 1196.5 1179.0 1301.7 1289.3 1271.3 -999.0 -999.0 -999.0 -999.0 -999.0 -999.0 -999.0 -999.0 -999.0 -999.0 -999.0 -999.0 -999.0 -999.0 -999.0 -999.0 -999.0 -999.0 -999.0 -999.0 -999.0 -999.0 -999.0 -999.0 -999.0 -999.0 -999.0 -999.0 -999.0 -999.0 -999.0
777.8 1091.2 1275.6 1366.5 -999.0 1364.0 1242.8 1106.1 919.3 1137.2 889.0 1219.4 1232.9 959.2 685.2 782.9 961.6 993.9 890.5 739.7 524.4 893.4 690.9 761.4 628.1 560.0 767.0 829.5 1014.0 1162.6 1228.7 1219.6 1019.7 1095.3 1273.5 1307.2 1336.9 1292.2 1304.1 -999.0 -999.0 -999.0 -999.0 -999.0 -999.0 -999.0 -999.0 -999.0 -999.0 -999.0 -999.0 -999.0 -999.0 -999.0 -999.0 -999.0 -999.0 -999.0 -999.0 -999.0 -999.0 -999.0 -999.0 -999.0 -999.0 -999.0 -999.0 -999.0 -999.0 -999.0 -999.0
1227.7 933.0 1170.0 -999.0 -999.0 1355.0 924.2 1059.0 859.3 1129.2 1287.2 1010.0 641.4 646.1 749.9 853.4 766.1 538.0 875.5 701.3 1049.8 914.4 686.4 988.1 1230.9 1242.0 1108.7 1179.1 1237.4 1208.3 1219.4 1352.2 1209.2 1264.2 1308.2 1148.1 1239.8 1196.0 1252.1 -999.0 -999.0 -999.0 -999.0 -999.0 -999.0 -999.0 -999.0 -999.0 -999.0 -999.0 -999.0 -999.0 -999.0 -999.0 -999.0 -999.0 -999.0 -999.0 -999.0 -999.0 -999.0 -999.0 -999.0 -999.0 -999.0 -999.0 -999.0 -999.0 -999.0 -999.0 -999.0
-999.0 -999.0 -999.0 -999.0 1335.7 1004.0 1016.1 920.7 1018.9 922.0 651.1 689.0 517.8 945.8 652.5 1142.7 568.1 1078.9 470.6 950.5 759.4 428.3 855.1 1069.7 929.1 1036.2 1241.2 1185.5 1280.5 1355.6 1291.1 1366.5 1350.7 1225.4 1224.6 1229.5 1202.3 1293.9 1248.9 1298.4 -999.0 -999.0 -999.0 -999.0 -999.0 -999.0 -999.0 -999.0 -999.0 -999.0 -999.0 -999.0 -999.0 -999.0 -999.0 -999.0 -999.0 -999.0 -999.0 -999.0 -999.0 -999.0 -999.0 -999.0 -999.0 -999.0 -999.0 -999.0 -999.0 -999.0 -999.0
-999.0 -999.0 -999.0 -999.0 1306.3 1348.7 992.1 888.0 1269.6 792.9 1007.7 1230.6 836.2 623.9 675.1 1270.7 614.7 725.3 689.0 946.0 652.1 825.8 753.8 596.6 862.0 967.1 1038.3 1104.0 1120.5 1069.3 1045.6 958.1 1013.8 1174.8 1290.4 1273.8 1088.8 1232.8 1104.9 1171.2 1191.6 -999.0 -999.0 -999.0 -999.0 -999.0 -999.0 -999.0 -999.0 -999.0 -999.0 -999.0 -999.0 -999.0 -999.0 -999.0 -999.0 -999.0 -999.0 -999.0 -999.0 -999.0 -999.0 -999.0 -999.0 -999.0 -999.0 -999.0 -999.0 -999.0 -999.0
-999.0 -999.0 -999.0 1324.7 1315.0 1267.0 934.7 1133.8 910.9 892.2 1046.3 1259.1 768.2 712.8 487.4 1174.5 703.1 872.3 852.7 949.0 851.3 1276.6 1100.1 1007.5 1037.5 1198.5 1026.5 857.0 682.5 779.0 858.3 999.0 1098.5 1004.5 1293.0 1162.4 1096.9 1093.3 1105.5 1137.9 1173.5 1232.3 -999.0 -999.0 -999.0 -999.0 -999.0 -999.0 -999.0 -999.0 -999.0 -999.0 -999.0 -999.0 -999.0 -999.0 -999.0 -999.0 -999.0 -999.0 -999.0 -999.0 -999.0 -999.0 -999.0 -999.0 -999.0 -999.0 -999.0 -999.0 -999.0
-999.0 -999.0 1327.8 -999.0 1277.7 1123.5 1257.0 895.7 748.0 1227.9 1327.5 945.0 577.6 865.9 1366.9 1110.4 342.7 1086.0 1122.3 1043.5 1017.0 1188.1 1228.0 1308.1 1245.7 970.2 636.6 684.3 838.2 927.2 1088.8 1123.9 1137.9 1036.0 1151.9 1156.1 1251.5 1330.8 1314.3 1305.9 1300.3 -999.0 -999.0 -999.0 -999.0 -999.0 -999.0 -999.0 -999.0 -999.0 -999.0 -999.0 -999.0 -999.0 -999.0 -999.0 -999.0 -999.0 -999.0 -999.0 -999.0 -999.0 -999.0 -999.0 -999.0 -999.0 -999.0 -999.0 -999.0 -999.0 -999.0
-999.0 1370.8 966.8 -999.0 1359.3 1329.6 1193.1 1125.8 1146.8 1139.8 691.8 1191.4 741.0 719.4 735.2 1018.7 1240.6 596.8 1080.8 1279.9 1361.8 1365.4 1389.9 1417.9 1435.8 1118.7 1265.3 1293.2 1301.7 1150.3 1021.8 1124.0 1129.8 1185.4 1228.4 1201.5 1296.7 -999.0 -999.0 -999.0 -999.0 -999.0 -999.0 -999.0 -999.0 -999.0 -999.0 -999.0 -999.0 -999.0 -999.0 -999.0 -999.0 -999.0 -999.0 -999.0 -999.0 -999.0 -999.0 -999.0 -999.0 -999.0 -999.0 -999.0 -999.0 -999.0 -999.0 -999.0 -999.0 -999.0 -999.0
1372.3 1134.3 1245.6 -999.0 1020.7 1366.1 1087.2 1183.0 1382.7 808.5 814.2 693.3 658.9 1329.8 793.9 799.5 1335.4 1033.0 970.6 1194.0 1176.7 1111.6 1063.8 1011.9 1405.0 1411.0 1412.1 1328.6 1229.8 1140.3 1039.8 1113.2 1137.3 1136.4 1240.9 -999.0 -999.0 -999.0 -999.0 -999.0 -999.0 -999.0 -999.0 -999.0 -999.0 -999.0 -999.0 -999.0 -999.0 -999.0 -999.0 -999.0 -999.0 -999.0 -999.0 -999.0 -999.0 -999.0 -999.0 -999.0 -999.0 -999.0 -999.0 -999.0 -999.0 -999.0 -999.0 -999.0 -999.0 -999.0 -999.0
733.1 1156.8 -999.0 1332.5 1325.4 956.8 1187.7 1357.4 820.1 1090.5 787.3 711.4 956.7 1133.6 802.3 808.0 1384.2 1383.5 1355.2 1284.7 1175.2 1109.5 915.2 860.7 1148.3 1301.3 1401.9 1426.0 1289.9 1277.3 1217.9 1191.5 1038.8 1043.2 1262.8 -999.0 -999.0 -999.0 -999.0 -999.0 -999.0 -999.0 -999.0 -999.0 -999.0 -999.0 -999.0 -999.0 -999.0 -999.0 -999.0 -999.0 -999.0 -999.0 -999.0 -999.0 -999.0 -999.0 -999.0 -999.0 -999.0 -999.0 -999.0 -999.0 -999.0 -999.0 -999.0 -999.0 -999.0 -999.0 -999.0
1417.4 1404.9 -999.0 1366.6 784.0 1098.8 -999.0 1244.1 878.2 1090.4 871.7 953.4 883.2 1342.3 1335.9 1140.9 1251.6 1263.1 1156.9 1327.2 677.1 690.7 822.4 851.8 1116.7 1361.7 1369.6 1461.2 1485.8 1406.2 1371.7 1282.4 1327.9 -999.0 -999.0 -999.0 -999.0 -999.0 1215.4 1250.4 1250.8 1348.4 -999.0 -999.0 -999.0 -999.0 -999.0 -999.0 -999.0 -999.0 -999.0 -999.0 -999.0 -999.0 -999.0 -999.0 -999.0 -999.0 -999.0 -999.0 -999.0 -999.0 -999.0 -999.0 -999.0 -999.0 -999.0 -999.0 -999.0 -999.0 -999.0
1160.4 -999.0 -999.0 972.3 1364.3 834.8 -999.0 1264.8 797.3 1156.3 1402.4 705.2 1376.7 1472.4 1469.6 1399.6 1226.8 1082.0 881.3 1156.6 1136.2 1217.7 1205.0 1249.7 1192.2 1192.1 1183.5 1268.0 1363.7 1278.3 1217.9 1248.9 1328.5 1379.0 1370.8 -999.0 -999.0 1321.6 1268.3 1202.3 1308.9 1338.8 1349.3 1349.9 -999.0 -999.0 -999.0 -999.0 -999.0 -999.0 -999.0 -999.0 -999.0 -999.0 -999.0 -999.0 -999.0 -999.0 -999.0 -999.0 -999.0 -999.0 -999.0 -999.0 -999.0 -999.0 -999.0 -999.0 -999.0 -999.0 -999.0
1454.9 -999.0 -999.0 1383.6 1119.9 925.7 1391.3 1103.5 1287.2 1171.1 1096.5 995.6 1416.0 1290.1 1068.2 1096.7 1129.0 1317.0 1316.9 1269.6 1315.8 1258.9 1253.9 1245.2 1178.4 1092.8 1102.5 1183.1 1074.0 1035.9 1212.6 1276.8 1253.3 1314.1 1268.0 1338.8 1293.8 1207.6 1207.5 1266.8 1200.9 1033.3 1078.0 989.6 1318.5 -999.0 -999.0 -999.0 -999.0 -999.0 -999.0 -999.0 -999.0 -999.0 -999.0 -999.0 -999.0 -999.0 -999.0 -999.0 -999.0 -999.0 -999.0 -999.0 -999.0 -999.0 -999.0 -999.0 -999.0 -999.0 -999.0
-999.0 -999.0 -999.0 1143.2 842.7 1200.2 1074.6 1387.3 1109.7 1229.5 1464.1 1459.3 -999.0 1084.6 839.9 1136.6 1252.9 1360.9 1370.4 1390.9 1385.8 1250.3 1262.4 1222.7 1053.5 1018.2 1007.5 1081.1 1130.2 1143.3 1194.6 1171.1 1154.1 1077.4 1209.1 1305.4 1124.9 1169.2 1143.2 1165.6 1032.7 895.2 904.6 867.5 1036.8 987.0 935.2 1254.7 -999.0 -999.0 -999.0 -999.0 -999.0 -999.0 -999.0 -999.0 -999.0 -999.0 -999.0 -999.0 -999.0 -999.0 -999.0 -999.0 -999.0 -999.0 -999.0 -999.0 -999.0 -999.0 -999.0
-999.0 -999.0 -999.0 1134.2 1247.9 1361.5 861.2 1399.2 -999.0 1433.2 1320.5 1462.2 -999.0 1046.4 734.2 1057.7 1133.4 1315.2 1372.0 1359.1 1369.2 1436.3 1388.1 1295.2 1178.1 974.7 957.8 957.5 1054.0 1058.9 979.2 935.2 829.0 945.0 1165.8 1249.5 1106.2 1075.4 1044.0 727.3 687.4 860.3 886.1 972.4 1010.2 1009.8 1183.8 1183.3 -999.0 -999.0 -999.0 -999.0 -999.0 -999.0 -999.0 -999.0 -999.0 -999.0 -999.0 -999.0 -999.0 -999.0 -999.0 -999.0 -999.0 -999.0 -999.0 -999.0 -999.0 -999.0 -999.0
-999.0 -999.0 -999.0 -999.0 1258.9 1084.3 1209.0 1441.6 -999.0 -999.0 1349.8 1441.1 1342.8 1112.2 904.1 1240.8 1164.6 1020.4 1152.9 1191.5 1274.6 1126.7 1306.5 1380.2 1261.8 1143.2 996.8 930.9 830.7 926.5 795.3 777.4 905.5 982.1 977.0 1034.2 981.7 886.1 821.5 856.3 725.3 848.9 915.1 966.8 1232.1 1234.3 1136.8 1098.0 1121.5 -999.0 -999.0 -999.0 -999.0 -999.0 -999.0 -999.0 -999.0 -999.0 -999.0 -999.0 -999.0 -999.0 -999.0 -999.0 -999.0 -999.0 -999.0 -999.0 -999.0 -999.0 -999.0
-999.0 -999.0 -999.0 1436.5 1171.7 1106.3 -999.0 -999.0 -999.0 -999.0 -999.0 1432.0 1481.1 1068.3 1165.0 1363.0 1196.7 1037.1 950.6 1043.6 1144.4 1122.5 1089.6 1196.5 1313.7 1116.3 935.9 974.5 952.5 915.7 802.0 870.2 958.0 914.6 921.1 736.6 784.4 903.4 935.7 1028.6 879.4 917.1 997.0 988.5 1197.0 1260.3 1258.0 1256.0 1254.5 -999.0 -999.0 -999.0 -999.0 -999.0 -999.0 -999.0 -999.0 -999.0 -999.0 -999.0 -999.0 -999.0 -999.0 -999.0 -999.0 -999.0 -999.0 -999.0 -999.0 -999.0 -999.0
-999.0 1378.3 -999.0 1049.6 1178.1 1414.8 1477.2 1144.8 1028.9 -999.0 -999.0 -999.0 1459.0 1234.5 1289.3 1315.7 1271.8 1150.8 995.3 934.0 908.6 905.6 1005.4 1042.3 1119.6 1318.3 992.6 1023.3 1000.2 990.5 1029.8 1023.2 829.5 912.3 729.4 568.2 662.8 833.0 860.4 1071.1 1003.7 1033.1 1031.0 1029.6 1202.1 1258.3 1291.1 1274.5 1240.0 1271.0 -999.0 -999.0 -999.0 -999.0 -999.0 -999.0 -999.0 -999.0 -999.0 -999.0 -999.0 -999.0 -999.0 -999.0 -999.0 -999.0 -999.0 -999.0 -999.0 -999.0 -999.0
-999.0 -999.0 1425.2 1009.0 1161.9 1455.4 1085.4 909.7 815.9 1370.7 -999.0 -999.0 -999.0 1414.4 1378.8 1408.4 1354.2 1273.6 1192.5 1017.5 973.4 978.9 1060.1 1066.3 1060.5 1066.2 1134.8 1090.4 1050.5 915.9 968.8 794.0 1051.4 931.9 979.0 963.0 684.5 714.8 898.5 996.2 1115.9 1145.8 1144.9 1144.9 1232.2 1257.3 1317.0 1264.8 1224.4 1286.4 1313.8 -999.0 -999.0 -999.0 -999.0 -999.0 -999.0 -999.0 -999.0 -999.0 -999.0 -999.0 -999.0 -999.0 -999.0 -999.0 -999.0 -999.0 -999.0 -999.0 -999.0
-999.0 -999.0 1262.9 1125.5 950.4 1448.3 1451.5 1037.9 948.3 1443.6 -999.0 -999.0 -999.0 -999.0 -999.0 1392.2 1387.6 1380.2 1354.4 1258.1 1176.8 1018.8 833.3 862.9 977.6 1045.2 1125.2 1032.8 1027.4 990.4 1039.0 845.3 1081.1 983.7 918.0 1007.5 1185.6 1045.6 1133.8 1046.7 1204.5 1128.9 1175.0 1313.2 1334.0 1326.4 1319.4 1352.7 1170.6 1181.0 1249.0 1321.2 -999.0 -999.0 -999.0 -999.0 -999.0 -999.0 -999.0 -999.0 -999.0 -999.0 -999.0 -999.0 -999.0 -999.0 -999.0 -999.0 -999.0 -999.0 -999.0
-999.0 -999.0 1160.8 977.7 1075.3 -999.0 1445.9 1361.9 781.9 1299.7 -999.0 -999.0 -999.0 -999.0 -999.0 1369.5 1303.8 1191.0 1268.9 1088.5 902.3 918.6 795.1 771.1 836.7 993.7 926.7 989.6 1034.0 888.8 830.2 1096.3 501.8 889.8 702.8 948.3 813.8 869.6 1190.1 1039.9 1185.1 1247.3 1288.2 1258.4 1158.6 1118.7 1230.2 1227.4 1358.0 1185.5 1058.0 1268.4 1252.4 1309.7 -999.0 -999.0 -999.0 -999.0 -999.0 -999.0 -999.0 -999.0 -999.0 -999.0 -999.0 -999.0 -999.0 -999.0 -999.0 -999.0 -999.0
-999.0 -999.0 1186.1 1176.7 1357.0 -999.0 -999.0 1079.1 863.1 992.6 -999.0 -999.0 -999.0 -999.0 -999.0 1375.2 1365.3 1227.5 1242.2 1159.9 998.0 1079.4 979.3 963.4 831.6 911.6 894.9 954.6 808.0 569.5 709.3 819.3 428.1 552.0 852.3 826.3 990.0 1161.2 1087.1 1049.9 1177.2 1148.9 1148.1 1252.9 1187.8 1167.1 1057.6 882.1 1064.8 1139.2 1100.2 1107.5 1272.3 1312.7 -999.0 -999.0 -999.0 -999.0 -999.0 -999.0 -999.0 -999.0 -999.0 -999.0 -999.0 -999.0 -999.0 -999.0 -999.0 -999.0 -999.0
-999.0 -999.0 1340.4 1282.7 -999.0 -999.0 -999.0 1412.9 1241.1 1156.6 -999.0 -999.0 -999.0 -999.0 -999.0 1369.5 1308.5 1253.7 1232.3 1201.0 1124.2 1001.5 761.9 685.4 848.8 796.4 952.4 967.1 957.9 730.7 960.4 612.2 688.7 815.9 747.7 718.5 1070.6 944.9 1111.7 1043.9 1074.5 1252.1 1139.4 1075.2 1050.3 1075.2 699.5 718.1 805.3 1125.3 1101.7 1101.3 1212.9 1248.6 -999.0 -999.0 -999.0 -999.0 -999.0 -999.0 -999.0 -999.0 -999.0 -999.0 -999.0 -999.0 -999.0 -999.0 -999.0 -999.0 -999.0
-999.0 1057.4 1179.0 924.3 1472.6 -999.0 -999.0 -999.0 -999.0 -999.0 -999.0 -999.0 -999.0 -999.0 1236.6 1279.4 1190.1 1200.3 1162.9 1088.7 1114.6 953.3 900.7 759.2 887.7 925.3 784.4 854.4 726.8 670.7 675.8 510.5 560.8 865.5 798.0 753.3 854.7 977.8 965.1 1150.2 1074.4 1023.9 1171.1 1033.7 1007.5 779.2 760.2 624.4 785.0 1135.9 1172.7 1244.3 1190.7 1228.9 -999.0 -999.0 -999.0 -999.0 -999.0 -999.0 -999.0 -999.0 -999.0 -999.0 -999.0 -999.0 -999.0 -999.0 -999.0 -999.0 -999.0
-999.0 969.3 1034.9 1162.0 1457.5 -999.0 -999.0 -999.0 -999.0 -999.0 -999.0 -999.0 -999.0 -999.0 1035.1 1335.3 1194.2 1027.7 919.9 947.8 1035.1 1028.6 988.0 1130.5 1009.5 777.5 759.2 838.3 834.8 915.8 1010.9 545.7 863.3 821.8 853.3 840.8 903.3 1012.8 1169.2 970.0 1027.4 1043.7 1063.6 1000.5 842.9 742.5 830.6 770.2 819.2 1117.3 1265.0 1269.9 1122.0 1301.8 -999.0 -999.0 -999.0 -999.0 -999.0 -999.0 -999.0 -999.0 -999.0 -999.0 -999.0 -999.0 -999.0 -999.0 -999.0 -999.0 -999.0
