GDD/GrowingDegreeDays_1975_Actual.txt
ncols         180
nrows         290
xllcorner     -200000
yllcorner     -200000
cellsize      5000
NODATA_value    -999
[rows 96 to 127 of 290, columns 71 to 141 of 180]
1231.9 1264.8 1399.3 1471.9 1134.7 1392.4 828.0 853.3 1093.4 1323.4 950.5 655.5 664.5 608.4 823.3 902.0 945.5 719.6 781.6 677.7 645.0 876.4 878.0 898.6 1114.2 1030.1 1192.6 979.1 814.6 867.8 809.5 923.6 959.9 872.8 821.7 911.3 966.9 863.6 858.6 1130.9 1220.8 1301.6 1303.4 1120.2 1198.2 -999.0 -999.0 -999.0 -999.0 -999.0 -999.0 -999.0 -999.0 -999.0 -999.0 -999.0 -999.0 -999.0 -999.0 -999.0 -999.0 -999.0 -999.0 -999.0 -999.0 -999.0 -999.0 -999.0 -999.0 -999.0 -999.0
1205.7 1066.8 1428.9 1470.4 1128.7 1303.7 969.8 1111.1 1303.1 1327.0 1013.5 722.7 1356.8 762.0 928.3 797.3 963.4 770.8 988.7 844.9 923.5 928.5 602.4 948.5 935.8 1042.6 1103.9 1147.3 844.7 964.4 1058.9 1017.5 829.8 975.1 893.5 1027.1 983.2 1023.8 1110.8 1255.7 1236.7 1203.6 1230.9 1336.2 -999.0 -999.0 -999.0 -999.0 -999.0 -999.0 -999.0 -999.0 -999.0 -999.0 -999.0 -999.0 -999.0 -999.0 -999.0 -999.0 -999.0 -999.0 -999.0 -999.0 -999.0 -999.0 -999.0 -999.0 -999.0 -999.0 -999.0
1261.7 1436.0 960.0 1119.5 1059.8 810.0 637.9 1367.6 1447.4 710.1 1150.0 1245.0 732.6 885.7 714.1 890.3 733.8 1060.1 1138.1 1187.6 1157.2 1161.7 1124.2 908.3 1127.7 987.9 953.4 1199.4 1053.8 939.8 1112.6 1117.5 1004.7 1009.9 1096.0 1012.3 1087.8 1245.7 1307.4 1333.6 1229.3 1283.6 1332.5 1325.3 -999.0 -999.0 -999.0 -999.0 -999.0 -999.0 -999.0 -999.0 -999.0 -999.0 -999.0 -999.0 -999.0 -999.0 -999.0 -999.0 -999.0 -999.0 -999.0 -999.0 -999.0 -999.0 -999.0 -999.0 -999.0 -999.0 -999.0
1237.3 950.5 1235.8 1063.4 1021.5 1417.0 1437.7 -999.0 1230.8 713.4 880.6 651.6 1029.9 1163.7 947.9 1028.7 1056.2 1041.6 987.8 926.4 860.3 777.8 576.0 740.6 939.4 934.2 1198.1 1310.8 1408.1 1033.3 972.2 1137.4 1140.1 1109.2 1240.4 1192.9 1232.2 1309.4 1305.3 1280.2 1255.4 1183.1 1186.7 -999.0 -999.0 -999.0 -999.0 -999.0 -999.0 -999.0 -999.0 -999.0 -999.0 -999.0 -999.0 -999.0 -999.0 -999.0 -999.0 -999.0 -999.0 -999.0 -999.0 -999.0 -999.0 -999.0 -999.0 -999.0 -999.0 -999.0 -999.0
1501.2 1275.3 1159.7 1256.6 974.9 1341.0 -999.0 1485.2 1282.3 1470.5 1090.1 1245.0 923.5 576.7 950.1 873.4 1004.4 791.6 656.6 745.0 916.0 1219.9 1159.8 1267.3 1024.9 1090.7 1097.1 999.9 1069.8 1106.3 1065.5 1191.8 1318.8 1296.8 1363.8 1346.6 1263.1 1227.8 1257.4 1255.0 1241.6 1326.3 1309.1 -999.0 -999.0 -999.0 -999.0 -999.0 -999.0 -999.0 -999.0 -999.0 -999.0 -999.0 -999.0 -999.0 -999.0 -999.0 -999.0 -999.0 -999.0 -999.0 -999.0 -999.0 -999.0 -999.0 -999.0 -999.0 -999.0 -999.0 -999.0
1457.0 1323.6 1500.8 1135.3 1405.9 -999.0 1521.2 1499.9 1355.4 588.8 930.8 474.6 877.9 1065.8 1165.2 884.3 840.0 942.5 802.7 1003.3 841.7 761.6 908.5 1325.3 1036.5 870.0 825.7 1018.9 1022.4 1413.7 1233.2 1389.8 1453.5 1450.0 1404.8 1159.5 1153.9 1146.8 1179.8 1168.2 1242.9 1337.5 1417.6 -999.0 -999.0 -999.0 -999.0 -999.0 -999.0 -999.0 -999.0 -999.0 -999.0 -999.0 -999.0 -999.0 -999.0 -999.0 -999.0 -999.0 -999.0 -999.0 -999.0 -999.0 -999.0 -999.0 -999.0 -999.0 -999.0 -999.0 -999.0
1473.3 1410.2 843.3 1501.5 -999.0 1544.6 -999.0 1156.8 1028.1 865.9 1463.0 688.4 931.6 887.3 1033.3 543.1 935.9 548.1 946.7 1014.5 671.9 1136.8 1517.1 1018.5 718.5 672.4 1078.5 1084.9 1066.9 1165.6 1323.2 1396.3 1411.8 1392.9 1098.9 1226.3 1252.2 1315.0 1278.6 1277.8 1373.2 1433.7 -999.0 -999.0 -999.0 -999.0 -999.0 -999.0 -999.0 -999.0 -999.0 -999.0 -999.0 -999.0 -999.0 -999.0 -999.0 -999.0 -999.0 -999.0 -999.0 -999.0 -999.0 -999.0 -999.0 -999.0 -999.0 -999.0 -999.0 -999.0 -999.0
686.2 794.7 1091.0 1499.4 -999.0 -999.0 1428.2 1400.4 1438.8 1388.1 1058.4 638.0 1274.2 1068.3 589.6 847.8 850.4 659.8 652.9 831.7 1338.3 879.1 888.1 722.1 832.7 993.6 786.4 782.3 1063.0 1258.5 1414.1 1406.5 1298.1 1063.3 1278.9 1389.3 1384.0 1522.0 1480.0 1436.8 -999.0 -999.0 -999.0 -999.0 -999.0 -999.0 -999.0 -999.0 -999.0 -999.0 -999.0 -999.0 -999.0 -999.0 -999.0 -999.0 -999.0 -999.0 -999.0 -999.0 -999.0 -999.0 -999.0 -999.0 -999.0 -999.0 -999.0 -999.0 -999.0 -999.0 -999.0
909.5 1192.6 1377.8 1502.7 -999.0 1532.2 1381.5 1231.0 1064.3 1275.2 1069.9 1378.8 1386.1 1148.3 900.3 978.9 1127.1 1172.5 1096.6 953.0 755.7 1107.0 923.2 980.8 847.3 783.4 966.4 1023.3 1202.8 1351.7 1429.4 1434.3 1239.2 1314.2 1475.7 1498.3 1541.7 1507.7 1505.4 -999.0 -999.0 -999.0 -999.0 -999.0 -999.0 -999.0 -999.0 -999.0 -999.0 -999.0 -999.0 -999.0 -999.0 -999.0 -999.0 -999.0 -999.0 -999.0 -999.0 -999.0 -999.0 -999.0 -999.0 -999.0 -999.0 -999.0 -999.0 -999.0 -999.0 -999.0 -999.0
1359.3 1102.9 1351.3 -999.0 -999.0 1504.9 1067.5 1176.3 1004.5 1257.7 1423.2 1206.8 874.3 870.7 959.9 1049.0 965.8 768.8 1095.6 940.9 1242.3 1113.9 901.8 1173.4 1387.8 1406.4 1297.4 1362.5 1423.4 1404.6 1428.4 1561.6 1420.6 1472.4 1517.0 1371.1 1441.9 1373.4 1423.0 -999.0 -999.0 -999.0 -999.0 -999.0 -999.0 -999.0 -999.0 -999.0 -999.0 -999.0 -999.0 -999.0 -999.0 -999.0 -999.0 -999.0 -999.0 -999.0 -999.0 -999.0 -999.0 -999.0 -999.0 -999.0 -999.0 -999.0 -999.0 -999.0 -999.0 -999.0 -999.0
-999.0 -999.0 -999.0 -999.0 1538.1 1176.4 1148.7 1059.7 1148.0 1078.4 863.9 920.0 758.1 1161.9 896.7 1372.6 820.8 1293.0 727.1 1157.6 953.0 679.8 1052.4 1233.0 1104.0 1213.2 1409.3 1371.7 1462.6 1541.5 1477.5 1554.1 1541.2 1439.7 1443.7 1431.7 1379.0 1427.5 1420.0 1523.5 -999.0 -999.0 -999.0 -999.0 -999.0 -999.0 -999.0 -999.0 -999.0 -999.0 -999.0 -999.0 -999.0 -999.0 -999.0 -999.0 -999.0 -999.0 -999.0 -999.0 -999.0 -999.0 -999.0 -999.0 -999.0 -999.0 -999.0 -999.0 -999.0 -999.0 -999.0
-999.0 -999.0 -999.0 -999.0 1495.7 1478.8 1144.3 1045.5 1395.8 985.6 1226.8 1424.3 1067.7 884.6 970.4 1561.7 897.3 971.7 923.1 1143.3 857.5 1014.2 950.6 814.8 1055.5 1143.4 1195.1 1253.5 1305.7 1278.9 1248.5 1161.6 1216.7 1381.6 1483.3 1434.7 1260.2 1366.4 1264.5 1337.8 1380.0 -999.0 -999.0 -999.0 -999.0 -999.0 -999.0 -999.0 -999.0 -999.0 -999.0 -999.0 -999.0 -999.0 -999.0 -999.0 -999.0 -999.0 -999.0 -999.0 -999.0 -999.0 -999.0 -999.0 -999.0 -999.0 -999.0 -999.0 -999.0 -999.0 -999.0
-999.0 -999.0 -999.0 1549.9 1496.3 1411.7 1105.9 1285.5 1099.2 1116.4 1268.4 1465.5 1021.4 981.7 793.4 1479.9 996.8 1119.0 1075.2 1146.6 1028.7 1425.5 1268.6 1199.6 1227.1 1362.8 1195.0 1035.8 891.5 984.6 1050.9 1171.8 1277.7 1206.2 1457.1 1322.4 1266.2 1258.9 1271.1 1303.4 1352.5 1435.2 -999.0 -999.0 -999.0 -999.0 -999.0 -999.0 -999.0 -999.0 -999.0 -999.0 -999.0 -999.0 -999.0 -999.0 -999.0 -999.0 -999.0 -999.0 -999.0 -999.0 -999.0 -999.0 -999.0 -999.0 -999.0 -999.0 -999.0 -999.0 -999.0
-999.0 -999.0 1543.7 -999.0 1445.3 1290.5 1394.4 1086.2 976.4 1439.6 1544.0 1209.8 857.5 1127.5 1611.2 1379.5 633.1 1316.0 1314.5 1231.7 1188.0 1344.5 1392.3 1475.5 1423.6 1168.1 864.1 892.4 1019.7 1097.3 1254.8 1295.2 1307.9 1244.4 1339.6 1340.7 1439.3 1519.5 1521.5 1515.5 1507.6 -999.0 -999.0 -999.0 -999.0 -999.0 -999.0 -999.0 -999.0 -999.0 -999.0 -999.0 -999.0 -999.0 -999.0 -999.0 -999.0 -999.0 -999.0 -999.0 -999.0 -999.0 -999.0 -999.0 -999.0 -999.0 -999.0 -999.0 -999.0 -999.0 -999.0
-999.0 1544.7 1184.6 -999.0 1496.0 1455.9 1337.9 1322.5 1367.4 1367.2 967.7 1455.8 999.5 1022.9 1032.2 1282.0 1461.8 853.3 1283.0 1447.8 1519.3 1528.0 1550.3 1580.5 1599.0 1279.8 1448.5 1468.9 1459.8 1318.9 1207.6 1297.6 1301.2 1369.5 1431.0 1428.2 1543.3 -999.0 -999.0 -999.0 -999.0 -999.0 -999.0 -999.0 -999.0 -999.0 -999.0 -999.0 -999.0 -999.0 -999.0 -999.0 -999.0 -999.0 -999.0 -999.0 -999.0 -999.0 -999.0 -999.0 -999.0 -999.0 -999.0 -999.0 -999.0 -999.0 -999.0 -999.0 -999.0 -999.0 -999.0
1504.9 1299.3 1402.4 -999.0 1170.7 1472.3 1254.4 1381.4 1592.7 1064.1 1053.2 922.8 897.4 1600.3 1077.1 1063.9 1544.2 1259.2 1204.2 1384.0 1362.1 1305.6 1260.4 1208.1 1540.2 1595.4 1587.2 1516.4 1431.2 1340.7 1237.7 1301.5 1313.0 1318.8 1440.1 -999.0 -999.0 -999.0 -999.0 -999.0 -999.0 -999.0 -999.0 -999.0 -999.0 -999.0 -999.0 -999.0 -999.0 -999.0 -999.0 -999.0 -999.0 -999.0 -999.0 -999.0 -999.0 -999.0 -999.0 -999.0 -999.0 -999.0 -999.0 -999.0 -999.0 -999.0 -999.0 -999.0 -999.0 -999.0 -999.0
904.0 1303.6 -999.0 1469.9 1445.5 1117.7 1369.6 1537.6 1056.4 1303.6 986.5 920.2 1169.3 1335.6 1029.6 1052.9 1622.3 1614.5 1562.3 1479.1 1375.3 1310.6 1120.2 1071.3 1327.5 1475.0 1575.0 1603.8 1493.9 1485.6 1436.9 1425.4 1265.0 1287.6 1514.7 -999.0 -999.0 -999.0 -999.0 -999.0 -999.0 -999.0 -999.0 -999.0 -999.0 -999.0 -999.0 -999.0 -999.0 -999.0 -999.0 -999.0 -999.0 -999.0 -999.0 -999.0 -999.0 -999.0 -999.0 -999.0 -999.0 -999.0 -999.0 -999.0 -999.0 -999.0 -999.0 -999.0 -999.0 -999.0 -999.0
1524.4 1540.1 -999.0 1531.5 962.7 1277.5 -999.0 1435.2 1103.8 1272.2 1054.3 1151.2 1104.1 1545.2 1535.0 1356.5 1502.5 1508.1 1374.1 1504.9 903.3 918.2 1026.3 1047.8 1289.7 1518.7 1537.6 1606.3 1660.8 1602.8 1582.8 1524.5 1555.0 -999.0 -999.0 -999.0 -999.0 -999.0 1473.9 1468.4 1451.6 1534.8 -999.0 -999.0 -999.0 -999.0 -999.0 -999.0 -999.0 -999.0 -999.0 -999.0 -999.0 -999.0 -999.0 -999.0 -999.0 -999.0 -999.0 -999.0 -999.0 -999.0 -999.0 -999.0 -999.0 -999.0 -999.0 -999.0 -999.0 -999.0 -999.0
1303.3 -999.0 -999.0 1178.8 1493.4 1047.6 -999.0 1461.9 1019.0 1330.0 1540.2 924.3 1561.4 1681.1 1668.2 1606.9 1456.2 1314.6 1114.0 1351.8 1322.9 1405.8 1389.4 1415.2 1353.0 1362.1 1371.6 1452.8 1548.3 1481.5 1433.2 1478.8 1579.2 1605.4 1622.2 -999.0 -999.0 1574.2 1480.6 1381.4 1459.8 1473.3 1491.8 1540.5 -999.0 -999.0 -999.0 -999.0 -999.0 -999.0 -999.0 -999.0 -999.0 -999.0 -999.0 -999.0 -999.0 -999.0 -999.0 -999.0 -999.0 -999.0 -999.0 -999.0 -999.0 -999.0 -999.0 -999.0 -999.0 -999.0 -999.0
1599.8 -999.0 -999.0 1551.2 1273.0 1116.6 1544.7 1304.8 1488.4 1358.4 1289.5 1218.4 1627.2 1515.9 1313.3 1321.7 1334.1 1512.0 1521.6 1493.8 1528.8 1464.1 1448.2 1427.1 1359.7 1273.7 1285.9 1362.0 1258.2 1231.1 1406.3 1486.9 1521.5 1540.7 1510.8 1577.2 1538.6 1438.3 1396.0 1429.3 1372.7 1212.1 1237.4 1170.8 1484.9 -999.0 -999.0 -999.0 -999.0 -999.0 -999.0 -999.0 -999.0 -999.0 -999.0 -999.0 -999.0 -999.0 -999.0 -999.0 -999.0 -999.0 -999.0 -999.0 -999.0 -999.0 -999.0 -999.0 -999.0 -999.0 -999.0
-999.0 -999.0 -999.0 1352.9 1024.1 1336.0 1243.2 1572.3 1339.1 1442.3 1648.8 1658.8 -999.0 1307.8 1046.9 1317.7 1419.6 1540.6 1539.4 1624.0 1673.9 1480.4 1467.7 1408.2 1254.5 1203.9 1190.3 1262.2 1301.5 1311.6 1367.7 1366.5 1364.8 1302.2 1423.6 1509.8 1361.5 1396.6 1334.6 1345.4 1235.9 1101.8 1073.2 1036.5 1190.4 1162.2 1157.2 1491.3 -999.0 -999.0 -999.0 -999.0 -999.0 -999.0 -999.0 -999.0 -999.0 -999.0 -999.0 -999.0 -999.0 -999.0 -999.0 -999.0 -999.0 -999.0 -999.0 -999.0 -999.0 -999.0 -999.0
-999.0 -999.0 -999.0 1354.5 1393.0 1473.8 1072.9 1609.9 -999.0 1661.9 1561.3 1682.8 -999.0 1254.2 928.0 1223.4 1293.5 1498.6 1634.8 1615.1 1608.1 1672.4 1582.9 1484.7 1384.7 1177.3 1150.2 1151.2 1236.2 1234.3 1171.9 1143.4 1059.6 1185.1 1373.3 1446.8 1321.5 1298.4 1249.8 958.0 922.3 1054.5 1058.0 1118.6 1152.6 1151.1 1323.7 1365.5 -999.0 -999.0 -999.0 -999.0 -999.0 -999.0 -999.0 -999.0 -999.0 -999.0 -999.0 -999.0 -999.0 -999.0 -999.0 -999.0 -999.0 -999.0 -999.0 -999.0 -999.0 -999.0 -999.0
-999.0 -999.0 -999.0 -999.0 1396.4 1241.2 1395.9 1640.3 -999.0 -999.0 1618.8 1696.8 1560.0 1293.8 1082.6 1383.8 1315.3 1210.9 1370.4 1425.2 1490.3 1325.9 1485.7 1583.8 1471.0 1344.6 1198.4 1130.1 1037.8 1122.2 1009.1 1000.2 1127.0 1240.1 1210.1 1248.6 1194.0 1106.1 1037.8 1057.9 944.7 1043.9 1093.2 1122.7 1355.7 1349.3 1261.4 1264.4 1344.7 -999.0 -999.0 -999.0 -999.0 -999.0 -999.0 -999.0 -999.0 -999.0 -999.0 -999.0 -999.0 -999.0 -999.0 -999.0 -999.0 -999.0 -999.0 -999.0 -999.0 -999.0 -999.0
-999.0 -999.0 -999.0 1590.3 1323.9 1275.9 -999.0 -999.0 -999.0 -999.0 -999.0 1702.2 1691.1 1260.6 1328.8 1497.7 1351.8 1222.7 1162.3 1253.7 1327.9 1245.1 1252.7 1382.9 1495.5 1315.6 1143.9 1166.9 1135.2 1109.9 1021.6 1090.7 1166.5 1141.6 1148.8 971.6 1003.8 1099.3 1115.0 1192.4 1082.9 1114.5 1182.1 1170.3 1344.3 1381.7 1375.5 1390.4 1458.3 -999.0 -999.0 -999.0 -999.0 -999.0 -999.0 -999.0 -999.0 -999.0 -999.0 -999.0 -999.0 -999.0 -999.0 -999.0 -999.0 -999.0 -999.0 -999.0 -999.0 -999.0 -999.0
-999.0 1644.9 -999.0 1216.2 1323.5 1542.7 1602.2 1312.4 1226.3 -999.0 -999.0 -999.0 1699.4 1448.9 1466.4 1470.3 1435.4 1336.8 1203.2 1139.6 1098.4 1076.7 1172.5 1220.3 1302.8 1486.4 1187.4 1190.0 1132.8 1161.6 1230.7 1238.6 1061.1 1135.3 962.1 819.0 893.1 1028.3 1039.0 1220.6 1194.8 1224.3 1228.0 1234.3 1367.3 1386.9 1412.9 1389.2 1371.5 1389.6 -999.0 -999.0 -999.0 -999.0 -999.0 -999.0 -999.0 -999.0 -999.0 -999.0 -999.0 -999.0 -999.0 -999.0 -999.0 -999.0 -999.0 -999.0 -999.0 -999.0 -999.0
-999.0 -999.0 1609.9 1172.1 1307.0 1589.0 1261.8 1075.0 988.8 1557.5 -999.0 -999.0 -999.0 1663.2 1600.4 1600.4 1539.0 1468.8 1391.7 1212.4 1150.1 1141.7 1217.7 1235.5 1240.3 1249.8 1302.9 1244.1 1190.7 1088.7 1163.8 1023.2 1253.5 1129.3 1159.9 1149.8 913.7 942.6 1101.2 1180.4 1290.1 1320.2 1328.4 1337.3 1392.7 1396.9 1443.3 1376.8 1319.3 1360.9 1402.5 -999.0 -999.0 -999.0 -999.0 -999.0 -999.0 -999.0 -999.0 -999.0 -999.0 -999.0 -999.0 -999.0 -999.0 -999.0 -999.0 -999.0 -999.0 -999.0 -999.0
-999.0 -999.0 1474.1 1290.8 1136.4 1601.3 1597.9 1189.2 1115.1 1628.4 -999.0 -999.0 -999.0 -999.0 -999.0 1650.7 1609.4 1594.3 1546.2 1430.5 1336.4 1189.6 1017.2 1049.5 1157.5 1221.7 1295.1 1205.0 1182.9 1146.8 1209.7 1053.8 1263.3 1165.5 1100.2 1182.3 1359.2 1255.9 1335.4 1255.7 1370.0 1299.0 1351.4 1479.8 1495.0 1474.2 1444.2 1444.4 1272.8 1266.2 1325.7 1401.0 -999.0 -999.0 -999.0 -999.0 -999.0 -999.0 -999.0 -999.0 -999.0 -999.0 -999.0 -999.0 -999.0 -999.0 -999.0 -999.0 -999.0 -999.0 -999.0
-999.0 -999.0 1389.1 1178.2 1288.0 -999.0 1616.0 1483.9 928.4 1447.5 -999.0 -999.0 -999.0 -999.0 -999.0 1723.8 1560.2 1401.1 1460.6 1277.4 1092.1 1102.2 984.2 963.4 1023.1 1165.6 1107.9 1167.4 1194.9 1059.7 1026.4 1270.5 749.3 1083.8 913.4 1128.0 1022.1 1092.7 1390.2 1238.6 1335.2 1397.1 1444.8 1436.0 1347.8 1299.9 1359.2 1311.3 1422.7 1279.7 1160.8 1333.0 1335.5 1422.8 -999.0 -999.0 -999.0 -999.0 -999.0 -999.0 -999.0 -999.0 -999.0 -999.0 -999.0 -999.0 -999.0 -999.0 -999.0 -999.0 -999.0
-999.0 -999.0 1418.0 1395.1 1589.0 -999.0 -999.0 1245.0 983.4 1120.4 -999.0 -999.0 -999.0 -999.0 -999.0 1652.1 1535.9 1406.9 1420.1 1334.7 1183.8 1257.3 1158.9 1138.4 1015.1 1080.7 1063.8 1119.9 993.2 790.8 918.1 1009.4 682.0 786.7 1037.8 1024.1 1189.0 1377.0 1293.0 1238.1 1328.5 1306.2 1322.7 1427.8 1378.7 1367.7 1237.3 1036.9 1179.7 1235.4 1198.6 1190.4 1331.8 1397.9 -999.0 -999.0 -999.0 -999.0 -999.0 -999.0 -999.0 -999.0 -999.0 -999.0 -999.0 -999.0 -999.0 -999.0 -999.0 -999.0 -999.0
-999.0 -999.0 1545.6 1509.8 -999.0 -999.0 -999.0 1577.8 1356.1 1275.7 -999.0 -999.0 -999.0 -999.0 -999.0 1595.3 1529.0 1434.2 1400.2 1354.8 1277.9 1185.2 965.3 889.5 1024.2 969.3 1109.3 1119.9 1127.5 926.9 1135.2 827.6 898.1 1005.1 945.1 933.6 1261.1 1159.4 1305.1 1230.0 1246.6 1406.5 1317.3 1271.9 1271.8 1311.4 955.2 934.2 977.4 1227.0 1203.9 1194.9 1278.8 1332.1 -999.0 -999.0 -999.0 -999.0 -999.0 -999.0 -999.0 -999.0 -999.0 -999.0 -999.0 -999.0 -999.0 -999.0 -999.0 -999.0 -999.0
-999.0 1286.3 1360.6 1150.0 1709.2 -999.0 -999.0 -999.0 -999.0 -999.0 -999.0 -999.0 -999.0 -999.0 1476.7 1485.9 1383.6 1374.2 1334.0 1249.0 1263.3 1131.5 1083.1 952.6 1055.6 1074.5 930.5 1003.9 909.2 870.5 884.3 743.9 785.8 1044.0 989.2 961.1 1058.0 1174.0 1158.0 1312.0 1240.3 1199.7 1339.2 1227.1 1228.6 1037.3 1008.0 865.8 974.7 1253.9 1277.4 1329.7 1266.1 1319.6 -999.0 -999.0 -999.0 -999.0 -999.0 -999.0 -999.0 -999.0 -999.0 -999.0 -999.0 -999.0 -999.0 -999.0 -999.0 -999.0 -999.0
-999.0 1183.4 1205.7 1359.8 1682.2 -999.0 -999.0 -999.0 -999.0 -999.0 -999.0 -999.0 -999.0 -999.0 1242.4 1486.0 1350.9 1211.4 1114.0 1133.3 1203.9 1196.8 1157.6 1279.8 1162.2 942.1 901.6 976.1 992.3 1086.7 1185.0 774.7 1050.6 1015.4 1045.1 1035.7 1095.9 1194.7 1329.6 1148.3 1201.8 1207.6 1237.5 1186.8 1055.4 977.3 1043.3 976.5 1013.5 1261.2 1381.8 1374.3 1226.7 1384.9 -999.0 -999.0 -999.0 -999.0 -999.0 -999.0 -999.0 -999.0 -999.0 -999.0 -999.0 -999.0 -999.0 -999.0 -999.0 -999.0 -999.0
