GDD/GrowingDegreeDays_1966_Actual.txt
ncols         180
nrows         290
xllcorner     -200000
yllcorner     -200000
cellsize      5000
NODATA_value    -999
[rows 96 to 127 of 290, columns 71 to 141 of 180]
1109.4 1141.7 1273.2 1344.9 1015.7 1265.9 708.6 733.5 978.3 1215.0 828.1 526.5 531.2 467.3 682.1 758.1 802.5 581.8 653.9 549.9 519.1 758.1 751.3 764.7 966.7 882.3 1033.8 828.1 668.0 723.8 672.5 793.9 821.1 724.9 669.0 753.1 806.2 706.8 704.1 974.5 1069.5 1161.5 1182.5 1014.5 1088.7 -999.0 -999.0 -999.0 -999.0 -999.0 -999.0 -999.0 -999.0 -999.0 -999.0 -999.0 -999.0 -999.0 -999.0 -999.0 -999.0 -999.0 -999.0 -999.0 -999.0 -999.0 -999.0 -999.0 -999.0 -999.0 -999.0
1082.3 945.0 1302.3 1343.6 1009.4 1179.7 848.2 988.7 1197.3 1236.2 900.7 595.9 1216.7 625.4 785.9 655.8 821.6 639.0 865.0 738.3 832.2 830.9 471.2 814.8 795.8 894.2 949.9 986.2 691.9 814.5 901.3 859.5 683.9 818.1 738.2 866.8 824.2 865.2 954.6 1100.7 1092.9 1078.8 1132.1 1243.3 -999.0 -999.0 -999.0 -999.0 -999.0 -999.0 -999.0 -999.0 -999.0 -999.0 -999.0 -999.0 -999.0 -999.0 -999.0 -999.0 -999.0 -999.0 -999.0 -999.0 -999.0 -999.0 -999.0 -999.0 -999.0 -999.0 -999.0
1132.0 1303.3 844.6 997.2 940.1 695.2 522.2 1241.6 1328.6 598.8 1025.9 1109.5 600.5 746.8 574.4 748.6 595.3 923.2 1013.6 1092.2 1098.7 1090.3 1008.1 774.6 978.7 839.7 803.5 1021.1 884.3 786.7 945.3 947.6 842.9 847.4 934.1 853.5 930.7 1084.9 1148.5 1181.3 1089.1 1158.5 1225.6 1225.5 -999.0 -999.0 -999.0 -999.0 -999.0 -999.0 -999.0 -999.0 -999.0 -999.0 -999.0 -999.0 -999.0 -999.0 -999.0 -999.0 -999.0 -999.0 -999.0 -999.0 -999.0 -999.0 -999.0 -999.0 -999.0 -999.0 -999.0
1100.1 821.7 1110.3 942.7 901.9 1285.4 1303.8 -999.0 1101.1 592.6 754.1 522.7 887.2 1015.2 804.7 881.6 909.8 902.5 861.8 819.7 774.3 680.0 433.5 594.5 789.7 783.6 1035.1 1142.1 1234.4 871.9 810.7 968.5 970.1 943.3 1073.7 1036.4 1086.0 1157.1 1149.4 1131.4 1115.9 1061.0 1080.4 -999.0 -999.0 -999.0 -999.0 -999.0 -999.0 -999.0 -999.0 -999.0 -999.0 -999.0 -999.0 -999.0 -999.0 -999.0 -999.0 -999.0 -999.0 -999.0 -999.0 -999.0 -999.0 -999.0 -999.0 -999.0 -999.0 -999.0 -999.0
1346.9 1140.3 1035.5 1132.9 855.1 1213.5 -999.0 1344.6 1147.8 1328.9 952.8 1097.0 785.3 433.7 804.1 730.1 857.1 652.9 518.3 616.2 789.9 1075.7 989.8 1083.6 858.3 929.6 936.3 843.6 908.8 942.7 898.6 1015.2 1132.6 1118.9 1192.0 1185.9 1127.9 1090.3 1106.3 1105.7 1101.4 1191.2 1185.7 -999.0 -999.0 -999.0 -999.0 -999.0 -999.0 -999.0 -999.0 -999.0 -999.0 -999.0 -999.0 -999.0 -999.0 -999.0 -999.0 -999.0 -999.0 -999.0 -999.0 -999.0 -999.0 -999.0 -999.0 -999.0 -999.0 -999.0 -999.0
1306.8 1188.9 1368.6 1017.5 1279.2 -999.0 1386.4 1362.8 1223.3 465.9 800.7 334.9 741.1 916.7 1011.6 736.8 693.0 795.0 660.3 859.1 694.1 595.7 707.1 1099.0 853.6 710.2 671.1 859.1 862.5 1240.0 1062.0 1206.5 1257.4 1266.5 1234.4 1005.9 1007.7 999.8 1025.1 1011.2 1091.5 1198.3 1278.7 -999.0 -999.0 -999.0 -999.0 -999.0 -999.0 -999.0 -999.0 -999.0 -999.0 -999.0 -999.0 -999.0 -999.0 -999.0 -999.0 -999.0 -999.0 -999.0 -999.0 -999.0 -999.0 -999.0 -999.0 -999.0 -999.0 -999.0 -999.0
1335.7 1280.7 735.3 1375.9 -999.0 1417.3 -999.0 1041.7 907.7 746.8 1321.0 561.1 793.1 746.0 881.4 385.3 781.0 389.3 797.0 862.3 510.0 953.8 1271.3 799.7 539.7 504.0 916.4 924.5 907.0 1001.5 1154.1 1221.2 1233.1 1219.2 940.6 1072.9 1098.8 1153.5 1109.0 1093.3 1189.2 1275.5 -999.0 -999.0 -999.0 -999.0 -999.0 -999.0 -999.0 -999.0 -999.0 -999.0 -999.0 -999.0 -999.0 -999.0 -999.0 -999.0 -999.0 -999.0 -999.0 -999.0 -999.0 -999.0 -999.0 -999.0 -999.0 -999.0 -999.0 -999.0 -999.0
579.5 687.9 983.5 1376.1 -999.0 -999.0 1318.2 1290.7 1317.0 1260.1 930.2 506.3 1131.2 921.4 439.7 690.8 686.8 500.8 498.7 681.1 1167.1 712.6 707.8 542.8 666.7 831.2 631.0 627.1 904.0 1094.9 1244.6 1235.1 1130.4 903.8 1118.5 1229.4 1221.8 1348.4 1292.2 1202.1 -999.0 -999.0 -999.0 -999.0 -999.0 -999.0 -999.0 -999.0 -999.0 -999.0 -999.0 -999.0 -999.0 -999.0 -999.0 -999.0 -999.0 -999.0 -999.0 -999.0 -999.0 -999.0 -999.0 -999.0 -999.0 -999.0 -999.0 -999.0 -999.0 -999.0 -999.0
804.1 1081.4 1262.3 1374.4 -999.0 1407.4 1272.9 1127.8 952.7 1151.9 938.1 1235.5 1240.7 1002.7 754.9 816.8 951.5 1006.0 939.0 801.0 608.2 944.4 759.0 814.6 691.3 629.4 811.8 867.1 1042.2 1186.9 1256.5 1259.3 1074.0 1150.1 1307.8 1334.9 1373.3 1339.8 1329.2 -999.0 -999.0 -999.0 -999.0 -999.0 -999.0 -999.0 -999.0 -999.0 -999.0 -999.0 -999.0 -999.0 -999.0 -999.0 -999.0 -999.0 -999.0 -999.0 -999.0 -999.0 -999.0 -999.0 -999.0 -999.0 -999.0 -999.0 -999.0 -999.0 -999.0 -999.0 -999.0
1240.1 987.3 1228.4 -999.0 -999.0 1380.4 959.7 1067.9 888.1 1125.4 1279.7 1067.6 740.3 736.5 820.0 901.4 812.7 619.0 938.1 784.3 1084.5 952.9 744.4 1010.8 1224.4 1248.3 1140.9 1203.7 1257.5 1236.0 1249.0 1372.0 1250.6 1302.5 1347.2 1214.4 1287.7 1229.1 1291.7 -999.0 -999.0 -999.0 -999.0 -999.0 -999.0 -999.0 -999.0 -999.0 -999.0 -999.0 -999.0 -999.0 -999.0 -999.0 -999.0 -999.0 -999.0 -999.0 -999.0 -999.0 -999.0 -999.0 -999.0 -999.0 -999.0 -999.0 -999.0 -999.0 -999.0 -999.0 -999.0
-999.0 -999.0 -999.0 -999.0 1397.6 1058.7 1032.4 940.7 1025.1 948.0 730.1 781.3 625.8 1022.3 767.6 1230.3 687.0 1140.6 575.6 1003.4 802.1 517.3 891.9 1072.5 950.5 1064.1 1252.9 1218.0 1298.6 1366.1 1308.7 1378.7 1368.3 1272.2 1278.4 1278.4 1242.6 1290.1 1266.7 1342.4 -999.0 -999.0 -999.0 -999.0 -999.0 -999.0 -999.0 -999.0 -999.0 -999.0 -999.0 -999.0 -999.0 -999.0 -999.0 -999.0 -999.0 -999.0 -999.0 -999.0 -999.0 -999.0 -999.0 -999.0 -999.0 -999.0 -999.0 -999.0 -999.0 -999.0 -999.0
-999.0 -999.0 -999.0 -999.0 1356.1 1345.9 1020.8 919.2 1254.4 847.4 1076.3 1267.3 925.4 755.0 843.0 1418.8 767.4 829.1 774.6 989.3 701.8 847.8 788.2 658.3 900.2 990.7 1040.9 1097.0 1150.1 1117.3 1087.5 1005.4 1059.8 1217.4 1319.9 1287.0 1130.5 1233.1 1121.1 1187.4 1232.5 -999.0 -999.0 -999.0 -999.0 -999.0 -999.0 -999.0 -999.0 -999.0 -999.0 -999.0 -999.0 -999.0 -999.0 -999.0 -999.0 -999.0 -999.0 -999.0 -999.0 -999.0 -999.0 -999.0 -999.0 -999.0 -999.0 -999.0 -999.0 -999.0 -999.0
-999.0 -999.0 -999.0 1401.4 1355.8 1279.8 977.8 1148.6 955.8 963.0 1104.5 1291.8 873.7 846.5 674.5 1343.1 865.7 977.0 926.3 993.0 867.5 1244.4 1097.8 1037.7 1068.5 1205.1 1038.7 876.6 734.4 829.9 897.3 1017.3 1126.1 1060.1 1305.9 1183.7 1133.2 1125.9 1129.9 1160.7 1213.3 1293.9 -999.0 -999.0 -999.0 -999.0 -999.0 -999.0 -999.0 -999.0 -999.0 -999.0 -999.0 -999.0 -999.0 -999.0 -999.0 -999.0 -999.0 -999.0 -999.0 -999.0 -999.0 -999.0 -999.0 -999.0 -999.0 -999.0 -999.0 -999.0 -999.0
-999.0 -999.0 1393.4 -999.0 1310.3 1161.0 1255.3 945.8 828.7 1262.8 1337.4 1017.6 711.0 987.6 1462.0 1246.3 506.2 1174.8 1168.4 1077.3 1028.9 1176.1 1223.2 1307.2 1260.0 1009.9 706.8 737.6 867.7 946.9 1098.7 1131.5 1160.4 1106.2 1201.5 1205.5 1300.3 1374.5 1371.0 1365.3 1362.1 -999.0 -999.0 -999.0 -999.0 -999.0 -999.0 -999.0 -999.0 -999.0 -999.0 -999.0 -999.0 -999.0 -999.0 -999.0 -999.0 -999.0 -999.0 -999.0 -999.0 -999.0 -999.0 -999.0 -999.0 -999.0 -999.0 -999.0 -999.0 -999.0 -999.0
-999.0 1398.1 1061.4 -999.0 1359.7 1320.9 1200.3 1175.4 1207.2 1191.5 776.3 1213.9 845.7 892.1 906.2 1152.7 1327.8 720.7 1138.0 1292.0 1353.9 1355.0 1374.4 1405.2 1426.9 1111.6 1286.0 1310.5 1303.6 1168.8 1060.4 1149.4 1161.6 1238.0 1301.2 1295.2 1396.1 -999.0 -999.0 -999.0 -999.0 -999.0 -999.0 -999.0 -999.0 -999.0 -999.0 -999.0 -999.0 -999.0 -999.0 -999.0 -999.0 -999.0 -999.0 -999.0 -999.0 -999.0 -999.0 -999.0 -999.0 -999.0 -999.0 -999.0 -999.0 -999.0 -999.0 -999.0 -999.0 -999.0 -999.0
1368.5 1177.6 1272.8 -999.0 1048.7 1336.5 1117.4 1232.4 1422.8 905.4 887.9 765.4 763.9 1452.2 959.4 944.4 1411.8 1125.1 1058.4 1229.0 1201.3 1140.1 1086.8 1031.1 1364.9 1425.3 1421.2 1361.8 1281.8 1192.7 1092.0 1156.1 1174.7 1201.3 1337.2 -999.0 -999.0 -999.0 -999.0 -999.0 -999.0 -999.0 -999.0 -999.0 -999.0 -999.0 -999.0 -999.0 -999.0 -999.0 -999.0 -999.0 -999.0 -999.0 -999.0 -999.0 -999.0 -999.0 -999.0 -999.0 -999.0 -999.0 -999.0 -999.0 -999.0 -999.0 -999.0 -999.0 -999.0 -999.0 -999.0
795.5 1186.2 -999.0 1335.7 1312.6 990.6 1228.9 1379.8 910.8 1151.2 848.3 792.7 1035.2 1225.8 935.1 949.4 1483.2 1464.0 1403.4 1317.9 1212.8 1145.2 946.2 876.7 1157.3 1313.6 1420.3 1458.1 1351.7 1335.0 1282.9 1268.7 1121.4 1159.4 1391.5 -999.0 -999.0 -999.0 -999.0 -999.0 -999.0 -999.0 -999.0 -999.0 -999.0 -999.0 -999.0 -999.0 -999.0 -999.0 -999.0 -999.0 -999.0 -999.0 -999.0 -999.0 -999.0 -999.0 -999.0 -999.0 -999.0 -999.0 -999.0 -999.0 -999.0 -999.0 -999.0 -999.0 -999.0 -999.0 -999.0
1400.6 1408.5 -999.0 1389.2 838.4 1139.7 -999.0 1282.1 957.4 1126.3 919.6 1022.6 977.2 1416.4 1427.7 1268.3 1368.1 1354.7 1219.1 1338.0 749.6 762.5 866.5 885.9 1131.4 1359.0 1389.8 1489.2 1511.5 1447.5 1419.5 1359.3 1390.0 -999.0 -999.0 -999.0 -999.0 -999.0 1333.7 1334.6 1325.6 1410.6 -999.0 -999.0 -999.0 -999.0 -999.0 -999.0 -999.0 -999.0 -999.0 -999.0 -999.0 -999.0 -999.0 -999.0 -999.0 -999.0 -999.0 -999.0 -999.0 -999.0 -999.0 -999.0 -999.0 -999.0 -999.0 -999.0 -999.0 -999.0 -999.0
1205.8 -999.0 -999.0 1053.9 1348.8 910.6 -999.0 1301.2 870.8 1176.4 1379.2 789.7 1410.6 1524.3 1517.6 1468.6 1310.8 1161.4 959.6 1185.0 1159.1 1241.6 1228.8 1262.8 1215.5 1214.1 1224.2 1310.2 1398.8 1329.4 1277.6 1311.3 1402.0 1432.4 1455.2 -999.0 -999.0 1424.1 1343.3 1254.9 1334.0 1354.8 1377.2 1419.2 -999.0 -999.0 -999.0 -999.0 -999.0 -999.0 -999.0 -999.0 -999.0 -999.0 -999.0 -999.0 -999.0 -999.0 -999.0 -999.0 -999.0 -999.0 -999.0 -999.0 -999.0 -999.0 -999.0 -999.0 -999.0 -999.0 -999.0
1497.6 -999.0 -999.0 1406.6 1136.6 980.0 1383.7 1152.8 1316.8 1191.0 1120.9 1061.2 1458.9 1364.8 1170.9 1177.6 1182.6 1337.7 1337.4 1311.5 1351.9 1296.1 1288.1 1274.4 1213.5 1113.4 1123.1 1207.0 1106.5 1077.3 1246.3 1312.2 1336.2 1377.1 1374.3 1428.5 1388.8 1295.7 1262.8 1299.0 1237.6 1086.2 1125.5 1063.0 1368.3 -999.0 -999.0 -999.0 -999.0 -999.0 -999.0 -999.0 -999.0 -999.0 -999.0 -999.0 -999.0 -999.0 -999.0 -999.0 -999.0 -999.0 -999.0 -999.0 -999.0 -999.0 -999.0 -999.0 -999.0 -999.0 -999.0
-999.0 -999.0 -999.0 1215.0 894.8 1190.5 1098.0 1399.5 1172.0 1249.3 1412.8 1449.7 -999.0 1161.8 906.6 1169.5 1258.5 1354.5 1329.8 1425.5 1477.3 1306.3 1314.2 1269.0 1081.5 982.8 1000.4 1095.6 1141.4 1137.6 1203.5 1213.9 1213.1 1164.0 1291.7 1365.7 1213.4 1241.1 1199.3 1215.7 1100.9 967.1 957.1 928.4 1087.9 1056.2 1041.0 1355.3 -999.0 -999.0 -999.0 -999.0 -999.0 -999.0 -999.0 -999.0 -999.0 -999.0 -999.0 -999.0 -999.0 -999.0 -999.0 -999.0 -999.0 -999.0 -999.0 -999.0 -999.0 -999.0 -999.0
-999.0 -999.0 -999.0 1215.3 1248.9 1323.7 932.9 1431.1 -999.0 1446.0 1329.6 1470.9 -999.0 1121.3 789.0 1077.7 1137.4 1316.0 1425.0 1420.9 1433.7 1493.0 1431.8 1352.2 1204.6 951.2 959.4 988.9 1078.9 1075.6 1018.6 1000.3 914.9 1042.8 1249.7 1305.5 1177.1 1152.9 1114.4 821.5 780.8 931.1 948.8 1024.9 1054.7 1046.9 1210.1 1243.3 -999.0 -999.0 -999.0 -999.0 -999.0 -999.0 -999.0 -999.0 -999.0 -999.0 -999.0 -999.0 -999.0 -999.0 -999.0 -999.0 -999.0 -999.0 -999.0 -999.0 -999.0 -999.0 -999.0
-999.0 -999.0 -999.0 -999.0 1257.3 1103.5 1242.5 1460.7 -999.0 -999.0 1415.0 1496.0 1388.8 1159.3 941.1 1229.5 1161.0 1053.9 1199.5 1251.5 1325.4 1188.4 1344.4 1428.1 1302.6 1168.8 1035.9 982.3 893.5 978.0 862.5 850.7 977.0 1074.8 1064.0 1109.9 1057.4 969.2 905.3 932.1 812.5 922.6 984.8 1031.8 1256.3 1243.7 1149.5 1136.6 1190.5 -999.0 -999.0 -999.0 -999.0 -999.0 -999.0 -999.0 -999.0 -999.0 -999.0 -999.0 -999.0 -999.0 -999.0 -999.0 -999.0 -999.0 -999.0 -999.0 -999.0 -999.0 -999.0
-999.0 -999.0 -999.0 1443.6 1192.1 1140.9 -999.0 -999.0 -999.0 -999.0 -999.0 1495.0 1466.8 1097.8 1176.6 1335.8 1195.1 1069.5 1006.7 1097.4 1184.0 1139.3 1131.0 1241.1 1339.4 1166.9 1006.4 1042.0 1016.6 979.9 878.2 931.4 1009.2 994.6 1005.7 829.0 865.5 967.0 993.1 1080.1 960.4 994.3 1069.5 1071.0 1243.1 1274.0 1258.3 1252.3 1279.7 -999.0 -999.0 -999.0 -999.0 -999.0 -999.0 -999.0 -999.0 -999.0 -999.0 -999.0 -999.0 -999.0 -999.0 -999.0 -999.0 -999.0 -999.0 -999.0 -999.0 -999.0 -999.0
-999.0 1492.5 -999.0 1090.4 1193.6 1395.8 1448.9 1175.2 1093.6 -999.0 -999.0 -999.0 1484.8 1271.0 1299.9 1305.0 1270.3 1175.1 1047.3 989.2 958.9 949.1 1043.5 1084.4 1163.3 1346.7 1071.2 1094.6 1066.4 1053.6 1097.4 1103.4 918.2 994.1 821.9 668.3 749.1 896.3 917.6 1113.8 1077.7 1104.7 1113.1 1138.1 1265.3 1279.3 1293.5 1257.5 1222.3 1243.2 -999.0 -999.0 -999.0 -999.0 -999.0 -999.0 -999.0 -999.0 -999.0 -999.0 -999.0 -999.0 -999.0 -999.0 -999.0 -999.0 -999.0 -999.0 -999.0 -999.0 -999.0
-999.0 -999.0 1458.5 1044.2 1176.9 1442.0 1135.0 953.0 874.5 1434.2 -999.0 -999.0 -999.0 1469.8 1413.6 1410.5 1352.2 1290.3 1224.9 1058.5 1004.6 1003.6 1080.8 1099.4 1107.7 1125.4 1196.4 1146.5 1102.6 976.0 1036.7 887.6 1120.1 997.2 1034.6 1022.3 773.1 802.1 970.5 1058.3 1170.2 1199.8 1207.3 1217.3 1275.7 1282.0 1321.1 1253.9 1193.7 1238.9 1290.7 -999.0 -999.0 -999.0 -999.0 -999.0 -999.0 -999.0 -999.0 -999.0 -999.0 -999.0 -999.0 -999.0 -999.0 -999.0 -999.0 -999.0 -999.0 -999.0 -999.0
-999.0 -999.0 1323.5 1151.7 1004.1 1451.5 1455.5 1077.7 1015.4 1531.4 -999.0 -999.0 -999.0 -999.0 -999.0 1425.8 1394.5 1396.8 1366.0 1264.8 1181.8 1047.3 878.9 916.2 1029.6 1097.6 1173.5 1089.7 1068.2 1028.2 1090.4 932.5 1141.6 1039.7 977.3 1056.8 1224.7 1118.0 1193.2 1124.6 1249.6 1185.8 1228.8 1337.3 1358.9 1348.1 1321.4 1322.5 1158.3 1155.7 1223.3 1313.4 -999.0 -999.0 -999.0 -999.0 -999.0 -999.0 -999.0 -999.0 -999.0 -999.0 -999.0 -999.0 -999.0 -999.0 -999.0 -999.0 -999.0 -999.0 -999.0
-999.0 -999.0 1233.3 1032.7 1139.8 -999.0 1470.8 1365.9 826.9 1345.0 -999.0 -999.0 -999.0 -999.0 -999.0 1424.6 1329.7 1216.9 1285.3 1120.1 943.9 959.8 845.6 830.7 897.7 1049.8 995.5 1055.6 1081.3 943.8 920.7 1184.8 614.5 961.6 779.9 997.6 883.1 945.4 1246.4 1111.8 1228.3 1296.2 1326.7 1294.0 1215.7 1181.3 1243.1 1197.2 1305.0 1167.5 1059.3 1248.9 1270.2 1358.2 -999.0 -999.0 -999.0 -999.0 -999.0 -999.0 -999.0 -999.0 -999.0 -999.0 -999.0 -999.0 -999.0 -999.0 -999.0 -999.0 -999.0
-999.0 -999.0 1250.3 1221.5 1412.4 -999.0 -999.0 1133.3 883.3 1023.2 -999.0 -999.0 -999.0 -999.0 -999.0 1430.2 1378.9 1237.2 1252.0 1179.2 1039.7 1116.2 1025.3 1014.3 898.3 981.3 975.6 1024.6 880.9 664.1 809.5 928.1 541.3 648.1 911.0 890.7 1045.2 1207.5 1147.6 1114.8 1219.5 1203.1 1209.2 1301.3 1256.4 1254.9 1131.7 924.3 1066.4 1123.9 1094.1 1100.8 1260.0 1330.3 -999.0 -999.0 -999.0 -999.0 -999.0 -999.0 -999.0 -999.0 -999.0 -999.0 -999.0 -999.0 -999.0 -999.0 -999.0 -999.0 -999.0
-999.0 -999.0 1374.9 1317.3 -999.0 -999.0 -999.0 1443.9 1254.3 1186.9 -999.0 -999.0 -999.0 -999.0 -999.0 1418.7 1359.0 1267.8 1238.4 1203.8 1137.9 1049.3 831.2 763.7 917.6 879.4 1042.3 1038.4 1013.4 808.5 1026.6 707.8 778.2 883.8 814.4 797.2 1122.2 1013.7 1167.4 1106.4 1132.9 1289.5 1202.8 1158.1 1164.1 1218.2 852.1 819.3 859.1 1116.0 1098.3 1102.3 1199.0 1259.8 -999.0 -999.0 -999.0 -999.0 -999.0 -999.0 -999.0 -999.0 -999.0 -999.0 -999.0 -999.0 -999.0 -999.0 -999.0 -999.0 -999.0
-999.0 1136.8 1194.0 983.7 1528.5 -999.0 -999.0 -999.0 -999.0 -999.0 -999.0 -999.0 -999.0 -999.0 1314.6 1320.7 1221.8 1213.7 1178.8 1105.5 1125.2 997.5 955.9 830.7 955.7 1004.5 893.7 943.7 804.7 753.9 764.7 608.1 652.6 922.8 862.5 829.8 925.9 1042.5 1031.0 1191.8 1127.1 1088.9 1224.7 1117.6 1126.5 946.4 914.0 745.8 860.7 1146.8 1174.0 1234.2 1180.1 1238.3 -999.0 -999.0 -999.0 -999.0 -999.0 -999.0 -999.0 -999.0 -999.0 -999.0 -999.0 -999.0 -999.0 -999.0 -999.0 -999.0 -999.0
-999.0 1048.4 1062.7 1202.6 1513.8 -999.0 -999.0 -999.0 -999.0 -999.0 -999.0 -999.0 -999.0 -999.0 1097.6 1331.0 1197.6 1062.2 967.3 989.4 1063.9 1062.0 1030.1 1161.4 1062.0 866.8 867.0 922.1 898.5 978.8 1072.4 641.7 932.2 895.3 922.9 910.5 970.0 1070.6 1206.8 1032.4 1091.2 1097.5 1124.2 1078.9 952.4 876.3 948.4 872.0 905.4 1157.5 1277.0 1275.3 1137.0 1296.9 -999.0 -999.0 -999.0 -999.0 -999.0 -999.0 -999.0 -999.0 -999.0 -999.0 -999.0 -999.0 -999.0 -999.0 -999.0 -999.0 -999.0
