GDD/GrowingDegreeDays_1967_Actual.txt
ncols         180
nrows         290
xllcorner     -200000
yllcorner     -200000
cellsize      5000
NODATA_value    -999
[rows 64 to 95 of 290, columns 71 to 141 of 180]
-999.0 -999.0 -999.0 -999.0 -999.0 -999.0 -999.0 -999.0 -999.0 1352.0 1115.9 1125.1 1089.2 810.4 843.2 670.1 853.5 933.3 875.2 897.5 418.0 882.7 549.3 832.3 790.5 968.3 1016.0 903.5 727.9 759.3 582.8 937.6 -999.0 -999.0 -999.0 -999.0 -999.0 -999.0 -999.0 -999.0 -999.0 -999.0 -999.0 -999.0 -999.0 -999.0 -999.0 -999.0 -999.0 -999.0 -999.0 -999.0 -999.0 -999.0 -999.0 -999.0 -999.0 -999.0 -999.0 -999.0 -999.0 -999.0 -999.0 -999.0 -999.0 -999.0 -999.0 -999.0 -999.0 -999.0 -999.0
-999.0 -999.0 -999.0 -999.0 -999.0 -999.0 -999.0 -999.0 -999.0 -999.0 1351.9 1135.3 885.7 829.5 837.4 798.1 806.9 1169.4 1041.3 1008.1 772.3 720.9 686.5 827.5 925.5 844.1 892.8 933.4 869.5 902.5 965.4 1242.6 -999.0 -999.0 -999.0 -999.0 -999.0 -999.0 -999.0 -999.0 -999.0 -999.0 -999.0 -999.0 -999.0 -999.0 -999.0 -999.0 -999.0 -999.0 -999.0 -999.0 -999.0 -999.0 -999.0 -999.0 -999.0 -999.0 -999.0 -999.0 -999.0 -999.0 -999.0 -999.0 -999.0 -999.0 -999.0 -999.0 -999.0 -999.0 -999.0
-999.0 -999.0 -999.0 -999.0 -999.0 -999.0 -999.0 -999.0 1388.4 -999.0 1360.0 1176.8 854.6 825.2 740.2 530.2 1015.0 934.8 1182.0 1021.6 1013.3 900.1 800.0 990.9 949.3 868.3 806.3 783.2 903.0 1064.5 1262.8 -999.0 -999.0 -999.0 -999.0 -999.0 -999.0 -999.0 -999.0 -999.0 -999.0 -999.0 -999.0 -999.0 -999.0 -999.0 -999.0 -999.0 -999.0 -999.0 -999.0 -999.0 -999.0 -999.0 -999.0 -999.0 -999.0 -999.0 -999.0 -999.0 -999.0 -999.0 -999.0 -999.0 -999.0 -999.0 -999.0 -999.0 -999.0 -999.0 -999.0
-999.0 -999.0 -999.0 -999.0 -999.0 -999.0 -999.0 -999.0 1390.4 1344.4 1261.8 1265.6 850.4 1189.5 995.8 1092.9 954.9 1037.5 865.5 1165.8 1110.8 955.3 978.5 926.8 924.7 1023.0 740.6 927.2 968.7 -999.0 -999.0 -999.0 -999.0 -999.0 -999.0 -999.0 -999.0 -999.0 -999.0 -999.0 -999.0 -999.0 -999.0 -999.0 -999.0 -999.0 -999.0 -999.0 -999.0 -999.0 -999.0 -999.0 -999.0 -999.0 -999.0 -999.0 -999.0 -999.0 -999.0 -999.0 -999.0 -999.0 -999.0 -999.0 -999.0 -999.0 -999.0 -999.0 -999.0 -999.0 -999.0
-999.0 -999.0 -999.0 -999.0 -999.0 -999.0 -999.0 -999.0 -999.0 1356.0 743.9 1295.3 1053.3 976.7 981.9 1159.3 834.3 989.5 873.0 927.4 1150.8 1035.0 1054.5 1006.9 949.4 968.9 903.7 1256.0 -999.0 -999.0 -999.0 -999.0 -999.0 -999.0 -999.0 -999.0 -999.0 -999.0 -999.0 -999.0 -999.0 -999.0 -999.0 -999.0 -999.0 -999.0 -999.0 -999.0 -999.0 -999.0 -999.0 -999.0 -999.0 -999.0 -999.0 -999.0 -999.0 -999.0 -999.0 -999.0 -999.0 -999.0 -999.0 -999.0 -999.0 -999.0 -999.0 -999.0 -999.0 -999.0 -999.0
-999.0 -999.0 -999.0 -999.0 -999.0 -999.0 -999.0 -999.0 -999.0 -999.0 1387.0 982.4 1310.3 1078.1 692.5 1097.7 1060.0 1080.2 1263.1 1023.7 1199.5 1022.8 943.1 1198.2 928.3 1082.3 1212.1 -999.0 -999.0 -999.0 -999.0 -999.0 -999.0 -999.0 -999.0 -999.0 -999.0 -999.0 -999.0 -999.0 -999.0 -999.0 -999.0 -999.0 -999.0 -999.0 -999.0 -999.0 -999.0 -999.0 -999.0 -999.0 -999.0 -999.0 -999.0 -999.0 -999.0 -999.0 -999.0 -999.0 -999.0 -999.0 -999.0 -999.0 -999.0 -999.0 -999.0 -999.0 -999.0 -999.0 -999.0
-999.0 -999.0 -999.0 -999.0 -999.0 -999.0 1357.2 -999.0 -999.0 1414.6 1403.4 1140.2 954.9 876.9 892.4 1113.2 1042.8 846.1 1006.7 1122.8 1278.8 1054.0 972.6 1013.7 1283.3 1298.9 -999.0 -999.0 -999.0 -999.0 -999.0 -999.0 -999.0 -999.0 -999.0 -999.0 -999.0 -999.0 -999.0 -999.0 -999.0 -999.0 -999.0 -999.0 -999.0 -999.0 -999.0 -999.0 -999.0 -999.0 -999.0 -999.0 -999.0 -999.0 -999.0 -999.0 -999.0 -999.0 -999.0 -999.0 -999.0 -999.0 -999.0 -999.0 -999.0 -999.0 -999.0 -999.0 -999.0 -999.0 -999.0
-999.0 -999.0 -999.0 -999.0 1201.9 1368.7 1248.0 1376.5 1165.9 1392.8 925.2 1316.2 677.0 818.0 859.0 888.8 758.9 810.5 846.4 1231.5 1110.3 1197.4 948.4 1044.3 1166.9 1317.8 -999.0 -999.0 -999.0 -999.0 -999.0 -999.0 -999.0 -999.0 -999.0 -999.0 -999.0 -999.0 -999.0 -999.0 -999.0 -999.0 -999.0 -999.0 -999.0 -999.0 -999.0 -999.0 -999.0 -999.0 -999.0 -999.0 -999.0 -999.0 -999.0 -999.0 -999.0 -999.0 -999.0 -999.0 -999.0 -999.0 -999.0 -999.0 -999.0 -999.0 -999.0 -999.0 -999.0 -999.0 -999.0
-999.0 -999.0 -999.0 -999.0 873.1 1320.4 1325.1 1147.5 1080.5 892.9 636.1 830.4 1318.9 679.5 619.5 695.3 634.4 940.5 841.0 573.9 1019.4 1231.1 1268.5 1315.1 1322.7 -999.0 -999.0 1307.1 -999.0 -999.0 -999.0 -999.0 -999.0 -999.0 -999.0 -999.0 -999.0 -999.0 -999.0 -999.0 -999.0 -999.0 -999.0 -999.0 -999.0 -999.0 -999.0 -999.0 -999.0 -999.0 -999.0 -999.0 -999.0 -999.0 -999.0 -999.0 -999.0 -999.0 -999.0 -999.0 -999.0 -999.0 -999.0 -999.0 -999.0 -999.0 -999.0 -999.0 -999.0 -999.0 -999.0
-999.0 -999.0 -999.0 -999.0 1043.7 1182.8 1335.7 1091.1 708.8 1063.3 379.9 923.9 911.0 616.6 540.4 622.6 647.4 641.9 554.6 696.1 834.5 735.5 1038.4 931.3 1258.1 1300.4 1292.7 1309.8 -999.0 -999.0 -999.0 -999.0 -999.0 -999.0 -999.0 -999.0 -999.0 -999.0 -999.0 -999.0 -999.0 -999.0 -999.0 -999.0 -999.0 -999.0 -999.0 -999.0 -999.0 -999.0 -999.0 -999.0 -999.0 -999.0 -999.0 -999.0 -999.0 -999.0 -999.0 -999.0 -999.0 -999.0 -999.0 -999.0 -999.0 -999.0 -999.0 -999.0 -999.0 -999.0 -999.0
-999.0 -999.0 -999.0 -999.0 1330.7 1047.3 1316.8 991.0 958.9 608.5 763.2 770.0 921.7 903.5 862.5 578.7 716.0 661.6 684.7 962.1 991.6 862.5 1035.5 966.0 1217.9 1282.2 1268.3 -999.0 -999.0 -999.0 -999.0 -999.0 -999.0 -999.0 -999.0 -999.0 -999.0 -999.0 -999.0 -999.0 -999.0 -999.0 -999.0 -999.0 -999.0 -999.0 -999.0 -999.0 -999.0 -999.0 -999.0 -999.0 -999.0 -999.0 -999.0 -999.0 -999.0 -999.0 -999.0 -999.0 -999.0 -999.0 -999.0 -999.0 -999.0 -999.0 -999.0 -999.0 -999.0 -999.0 -999.0
-999.0 -999.0 -999.0 -999.0 1249.7 1306.1 1165.4 1383.3 547.7 731.6 711.5 771.8 583.6 349.9 692.6 844.5 889.0 615.3 705.7 941.5 871.8 1015.0 1097.9 1252.1 1320.4 1123.5 -999.0 -999.0 -999.0 -999.0 -999.0 -999.0 -999.0 -999.0 -999.0 -999.0 -999.0 -999.0 -999.0 -999.0 -999.0 -999.0 -999.0 -999.0 -999.0 -999.0 -999.0 -999.0 -999.0 -999.0 -999.0 -999.0 -999.0 -999.0 -999.0 -999.0 -999.0 -999.0 -999.0 -999.0 -999.0 -999.0 -999.0 -999.0 -999.0 -999.0 -999.0 -999.0 -999.0 -999.0 -999.0
-999.0 -999.0 -999.0 1421.6 1046.3 975.2 727.6 940.3 1341.9 798.7 806.9 752.2 820.1 772.0 855.3 706.0 902.8 928.0 470.1 793.5 942.8 1282.4 1320.5 1331.8 1357.7 -999.0 -999.0 -999.0 -999.0 -999.0 -999.0 1366.3 1322.4 1284.9 1360.1 -999.0 -999.0 1419.3 1262.5 1308.8 1394.2 1420.1 -999.0 -999.0 -999.0 1289.4 -999.0 1231.7 1205.5 -999.0 -999.0 -999.0 -999.0 -999.0 -999.0 -999.0 -999.0 -999.0 -999.0 -999.0 -999.0 -999.0 -999.0 -999.0 -999.0 -999.0 -999.0 -999.0 -999.0 -999.0 -999.0
-999.0 -999.0 -999.0 -999.0 1229.2 919.3 698.1 847.2 794.2 1298.6 805.0 859.7 696.1 849.9 945.6 1239.5 1043.4 795.4 844.3 976.2 1154.3 1197.0 1155.3 1104.0 1383.0 -999.0 -999.0 -999.0 1412.2 1425.0 1395.7 1361.5 1349.4 1397.7 1383.7 1417.2 1407.7 1268.4 1122.3 1119.3 1262.3 1322.9 1381.0 1285.8 1111.0 1042.9 1092.3 1139.6 1155.5 1182.2 -999.0 -999.0 -999.0 -999.0 -999.0 -999.0 -999.0 -999.0 -999.0 -999.0 -999.0 -999.0 -999.0 -999.0 -999.0 -999.0 -999.0 -999.0 -999.0 -999.0 -999.0
-999.0 1280.2 -999.0 1260.2 1455.9 1349.2 1286.8 431.0 1229.6 920.7 1090.5 825.0 1003.6 784.6 821.8 752.2 1076.8 1212.6 1192.6 1121.3 1298.5 1089.5 1230.7 1153.1 1380.7 1403.0 1410.4 1350.1 1372.9 1372.5 1236.3 1086.6 1279.5 1313.9 1209.6 1400.5 1093.4 947.7 983.6 1038.5 1192.3 1109.5 1204.2 1249.2 1147.3 1012.6 1057.6 1101.8 951.0 1184.4 1309.5 -999.0 -999.0 -999.0 -999.0 -999.0 -999.0 -999.0 -999.0 -999.0 -999.0 -999.0 -999.0 -999.0 -999.0 -999.0 -999.0 -999.0 -999.0 -999.0 -999.0
-999.0 -999.0 1410.6 786.9 1015.3 1087.1 604.1 797.6 536.2 1107.2 849.8 819.3 895.4 901.0 1079.3 664.6 771.9 782.2 1178.7 1326.5 1145.4 1302.9 1443.9 -999.0 1445.6 1332.9 1346.5 1220.3 1206.9 1237.4 1154.7 1172.9 1019.3 1008.0 1085.0 1189.2 1109.5 1102.5 1138.9 1147.6 1034.5 1149.4 1181.7 1161.8 1077.0 1076.8 1067.2 1086.8 1093.3 1106.4 1214.8 1303.1 -999.0 -999.0 -999.0 -999.0 -999.0 -999.0 -999.0 -999.0 -999.0 -999.0 -999.0 -999.0 -999.0 -999.0 -999.0 -999.0 -999.0 -999.0 -999.0
1276.9 -999.0 1425.5 1213.6 913.0 797.6 1073.0 545.2 651.2 1031.5 915.5 727.1 653.3 665.6 880.9 876.8 708.2 821.9 900.1 1335.5 1396.3 1444.6 1473.5 1402.6 1188.9 1112.2 1116.5 1132.1 1204.1 1066.4 992.8 1002.9 863.3 957.3 1149.8 999.8 966.3 946.1 1005.6 1227.4 1233.4 1256.5 1159.6 1144.5 1053.2 1081.9 1057.6 1124.2 1138.0 1163.7 1171.2 1251.7 -999.0 -999.0 -999.0 -999.0 -999.0 -999.0 -999.0 -999.0 -999.0 -999.0 -999.0 -999.0 -999.0 -999.0 -999.0 -999.0 -999.0 -999.0 -999.0
804.9 -999.0 -999.0 937.6 564.2 961.2 753.1 1391.8 1046.8 965.1 953.8 656.3 787.5 466.7 505.3 590.1 804.0 982.8 1181.5 1275.7 975.7 1195.3 1371.1 1131.5 946.7 810.9 898.3 994.1 970.4 998.0 827.0 812.5 1089.8 1094.9 1129.3 1184.2 1004.9 996.0 1051.4 1171.1 1228.7 1174.3 1023.4 1127.2 1061.5 1096.0 1015.1 1138.4 1090.9 1106.3 1109.7 1196.7 -999.0 -999.0 -999.0 -999.0 -999.0 -999.0 -999.0 -999.0 -999.0 -999.0 -999.0 -999.0 -999.0 -999.0 -999.0 -999.0 -999.0 -999.0 -999.0
976.5 -999.0 -999.0 1246.7 1322.4 1262.4 1324.1 1057.1 844.9 612.9 953.1 816.2 855.8 956.8 1007.5 811.6 814.3 840.7 898.8 984.7 732.1 1225.9 1049.0 1063.5 903.7 680.8 760.4 943.9 919.9 897.9 747.1 907.0 1204.6 833.9 1001.7 908.2 816.3 1026.7 967.1 1180.2 1104.7 941.2 1050.8 1068.7 1130.6 1083.0 1174.3 1167.9 1042.4 1126.2 1161.2 -999.0 -999.0 -999.0 -999.0 -999.0 -999.0 -999.0 -999.0 -999.0 -999.0 -999.0 -999.0 -999.0 -999.0 -999.0 -999.0 -999.0 -999.0 -999.0 -999.0
1350.1 1390.6 -999.0 -999.0 1566.2 1223.1 1343.3 1016.1 670.3 459.1 714.1 436.0 667.5 763.6 816.4 1030.1 984.5 866.1 898.7 793.2 1332.0 1060.1 1105.1 688.8 875.1 878.1 623.1 831.7 843.5 875.8 967.7 1103.0 1006.3 925.0 969.3 875.8 887.9 778.4 927.3 1132.1 902.2 1039.8 1107.1 1097.5 963.8 1118.2 1200.4 1241.4 1154.6 1149.9 1185.0 -999.0 -999.0 -999.0 -999.0 -999.0 -999.0 -999.0 -999.0 -999.0 -999.0 -999.0 -999.0 -999.0 -999.0 -999.0 -999.0 -999.0 -999.0 -999.0 -999.0
1148.7 1320.0 -999.0 -999.0 1375.7 1359.3 1382.5 973.1 1387.5 983.6 696.3 491.7 374.7 526.8 938.5 921.8 833.3 665.9 895.4 1237.3 990.3 970.3 938.4 742.4 790.5 841.8 644.1 917.5 987.3 1033.6 1058.2 696.4 955.4 933.8 579.2 758.1 856.4 825.2 1023.8 1023.1 1061.6 1123.8 1184.2 1174.6 1191.2 1114.2 1199.0 1216.3 1163.8 1156.1 -999.0 -999.0 -999.0 -999.0 -999.0 -999.0 -999.0 -999.0 -999.0 -999.0 -999.0 -999.0 -999.0 -999.0 -999.0 -999.0 -999.0 -999.0 -999.0 -999.0 -999.0
1098.3 1286.2 1238.1 993.6 676.1 843.1 692.1 849.1 1157.3 797.0 388.3 422.6 964.3 767.7 926.8 753.6 617.2 651.2 850.3 1090.8 960.5 606.7 525.7 730.2 700.5 686.2 952.5 1034.5 1058.3 889.0 743.2 967.1 964.5 957.1 804.8 641.4 748.9 608.1 1022.6 791.2 946.8 938.8 727.8 1085.5 1241.6 1127.6 1096.7 1213.1 1161.2 -999.0 -999.0 -999.0 -999.0 -999.0 -999.0 -999.0 -999.0 -999.0 -999.0 -999.0 -999.0 -999.0 -999.0 -999.0 -999.0 -999.0 -999.0 -999.0 -999.0 -999.0 -999.0
1362.4 1051.6 1286.3 711.8 1321.7 1198.4 979.2 572.7 432.8 801.4 684.4 784.8 512.9 660.3 739.5 777.0 997.0 979.8 1000.5 980.5 739.9 484.0 581.2 791.1 535.6 853.9 764.7 1075.5 1080.1 1007.1 865.5 786.4 787.8 753.9 608.3 635.5 880.3 800.4 1080.4 1074.9 1155.9 1123.7 1123.7 1192.4 1220.5 1239.7 1205.8 1193.4 1304.2 -999.0 -999.0 -999.0 -999.0 -999.0 -999.0 -999.0 -999.0 -999.0 -999.0 -999.0 -999.0 -999.0 -999.0 -999.0 -999.0 -999.0 -999.0 -999.0 -999.0 -999.0 -999.0
-999.0 1214.4 1121.0 -999.0 1339.5 784.1 485.8 406.9 818.6 950.1 878.7 464.4 478.5 1023.9 1125.2 930.7 654.8 1116.1 1004.6 743.2 534.7 477.2 500.4 432.3 669.5 594.8 753.1 1023.9 600.8 899.7 583.7 620.0 587.7 512.6 631.8 811.9 941.9 850.8 963.9 900.3 1042.2 1032.3 1136.1 1167.7 1201.4 1237.5 1263.0 1252.1 -999.0 -999.0 -999.0 -999.0 -999.0 -999.0 -999.0 -999.0 -999.0 -999.0 -999.0 -999.0 -999.0 -999.0 -999.0 -999.0 -999.0 -999.0 -999.0 -999.0 -999.0 -999.0 -999.0
1428.3 1037.1 1403.2 -999.0 626.8 906.8 831.1 1364.5 698.8 913.3 434.6 510.7 790.0 623.8 577.2 909.8 1257.0 756.3 721.2 620.4 429.8 406.7 413.4 386.9 595.5 833.7 1053.7 976.4 865.9 677.7 470.8 513.6 730.8 613.8 774.8 703.3 813.6 948.7 1045.6 967.7 952.2 977.1 1090.8 1037.6 1201.8 1129.5 1137.1 1259.2 -999.0 -999.0 -999.0 -999.0 -999.0 -999.0 -999.0 -999.0 -999.0 -999.0 -999.0 -999.0 -999.0 -999.0 -999.0 -999.0 -999.0 -999.0 -999.0 -999.0 -999.0 -999.0 -999.0
1165.6 1401.4 -999.0 1212.6 1072.7 735.7 1008.6 825.4 614.6 1013.0 1021.4 861.7 1023.9 1189.0 1205.0 1182.0 796.1 517.8 481.1 453.8 411.4 323.2 413.3 730.9 921.5 941.1 504.3 754.8 289.0 270.0 438.3 469.0 474.8 634.3 717.2 759.0 740.9 1172.7 1180.3 1101.1 1157.2 1129.5 737.7 928.9 1256.4 1252.0 1261.2 1273.9 1361.1 -999.0 -999.0 -999.0 -999.0 -999.0 -999.0 -999.0 -999.0 -999.0 -999.0 -999.0 -999.0 -999.0 -999.0 -999.0 -999.0 -999.0 -999.0 -999.0 -999.0 -999.0 -999.0
-999.0 -999.0 1460.3 923.7 833.8 707.2 1141.4 813.2 496.1 998.2 920.9 691.5 746.3 725.6 883.5 626.4 569.5 417.9 658.3 681.9 540.7 433.1 580.1 938.4 837.2 905.7 606.7 303.8 519.9 295.3 414.3 447.9 518.3 575.0 605.4 804.8 1032.8 1177.1 1103.9 1206.2 1240.1 1110.3 1167.2 1239.2 1293.3 1179.5 1157.6 1235.2 -999.0 -999.0 -999.0 -999.0 -999.0 -999.0 -999.0 -999.0 -999.0 -999.0 -999.0 -999.0 -999.0 -999.0 -999.0 -999.0 -999.0 -999.0 -999.0 -999.0 -999.0 -999.0 -999.0
-999.0 -999.0 1446.0 1414.6 1082.0 686.7 943.6 651.8 1130.9 1176.7 1130.0 930.5 542.9 450.6 567.1 796.6 838.6 746.7 523.1 685.4 701.2 802.5 797.8 660.1 608.8 512.1 397.7 407.2 383.2 579.8 628.0 706.1 971.4 877.0 785.2 770.7 723.0 884.2 997.0 789.7 942.5 1238.5 1162.0 1044.4 1009.4 1000.1 1141.5 -999.0 -999.0 -999.0 -999.0 -999.0 -999.0 -999.0 -999.0 -999.0 -999.0 -999.0 -999.0 -999.0 -999.0 -999.0 -999.0 -999.0 -999.0 -999.0 -999.0 -999.0 -999.0 -999.0 -999.0
-999.0 -999.0 1127.8 759.7 1254.4 597.6 542.5 645.8 545.6 728.6 1087.6 997.0 1162.5 1206.5 554.8 626.9 527.4 218.5 909.9 777.8 767.9 691.3 727.7 548.0 600.2 441.4 573.8 628.5 662.4 591.6 743.4 561.4 558.8 422.4 538.1 718.8 580.0 421.2 599.4 664.7 804.9 817.6 874.2 886.2 993.3 1032.9 1169.1 -999.0 -999.0 -999.0 -999.0 -999.0 -999.0 -999.0 -999.0 -999.0 -999.0 -999.0 -999.0 -999.0 -999.0 -999.0 -999.0 -999.0 -999.0 -999.0 -999.0 -999.0 -999.0 -999.0 -999.0
-999.0 1461.1 1474.1 1191.3 1451.1 1203.3 998.5 734.0 1096.3 1078.1 532.0 1099.2 1173.2 1147.9 1071.5 609.4 801.0 1003.0 852.2 451.7 520.7 709.4 338.8 498.4 554.4 450.1 389.5 460.5 507.0 492.9 506.8 535.1 488.0 310.7 767.0 541.3 575.5 959.6 992.0 693.1 862.2 806.6 784.5 1061.4 988.5 1041.4 1137.1 -999.0 -999.0 -999.0 -999.0 -999.0 -999.0 -999.0 -999.0 -999.0 -999.0 -999.0 -999.0 -999.0 -999.0 -999.0 -999.0 -999.0 -999.0 -999.0 -999.0 -999.0 -999.0 -999.0 -999.0
-999.0 -999.0 1410.9 1096.8 532.4 1179.6 1390.1 1230.9 1339.0 1415.8 1408.2 1375.3 1161.4 1071.2 651.0 892.0 793.6 828.1 471.8 577.1 792.6 706.3 330.0 588.9 491.3 687.6 442.0 462.0 667.4 324.5 387.3 424.5 308.6 357.4 543.7 423.1 538.5 700.6 919.6 1112.5 1061.8 856.5 976.3 1165.9 1146.5 1070.5 1285.0 -999.0 -999.0 -999.0 -999.0 -999.0 -999.0 -999.0 -999.0 -999.0 -999.0 -999.0 -999.0 -999.0 -999.0 -999.0 -999.0 -999.0 -999.0 -999.0 -999.0 -999.0 -999.0 -999.0 -999.0
1387.6 1387.7 1383.9 1263.8 862.9 1361.3 603.6 1026.3 807.9 631.8 1383.0 1336.1 230.7 462.5 421.0 560.8 389.5 471.7 436.6 430.5 373.6 584.0 552.5 718.8 748.7 793.3 642.4 660.9 420.7 668.8 616.8 749.3 586.8 419.7 509.6 945.3 694.6 631.1 910.3 682.9 1035.6 1185.4 1213.4 1208.1 1048.3 1165.3 -999.0 -999.0 -999.0 -999.0 -999.0 -999.0 -999.0 -999.0 -999.0 -999.0 -999.0 -999.0 -999.0 -999.0 -999.0 -999.0 -999.0 -999.0 -999.0 -999.0 -999.0 -999.0 -999.0 -999.0 -999.0
