GDD/GrowingDegreeDays_1982_Actual.txt
ncols         180
nrows         290
xllcorner     -200000
yllcorner     -200000
cellsize      5000
NODATA_value    -999
[rows 96 to 127 of 290, columns 71 to 141 of 180]
1241.8 1290.1 1429.4 1507.5 1193.2 1442.3 886.4 925.5 1197.8 1440.9 1037.4 677.6 665.5 585.6 811.2 884.2 923.1 678.8 742.2 623.9 586.7 835.3 840.5 863.4 1081.8 995.0 1153.6 934.5 761.4 806.9 744.9 859.5 904.0 820.0 769.3 863.4 923.1 815.7 811.9 1100.2 1195.9 1282.8 1288.7 1112.4 1189.7 -999.0 -999.0 -999.0 -999.0 -999.0 -999.0 -999.0 -999.0 -999.0 -999.0 -999.0 -999.0 -999.0 -999.0 -999.0 -999.0 -999.0 -999.0 -999.0 -999.0 -999.0 -999.0 -999.0 -999.0 -999.0 -999.0
1221.9 1100.6 1453.8 1499.9 1182.4 1355.5 1036.9 1197.2 1421.0 1474.0 1125.0 766.5 1384.0 760.2 923.2 775.3 942.3 733.8 954.1 796.5 870.9 877.6 539.8 910.4 899.1 1006.2 1064.8 1103.7 791.5 895.7 982.1 945.7 769.6 925.6 845.7 987.9 942.6 986.4 1076.8 1220.9 1212.0 1189.6 1216.6 1320.0 -999.0 -999.0 -999.0 -999.0 -999.0 -999.0 -999.0 -999.0 -999.0 -999.0 -999.0 -999.0 -999.0 -999.0 -999.0 -999.0 -999.0 -999.0 -999.0 -999.0 -999.0 -999.0 -999.0 -999.0 -999.0 -999.0 -999.0
1285.3 1455.6 1001.2 1162.8 1107.8 855.3 676.0 1435.3 1538.5 799.0 1237.4 1299.4 746.9 890.1 695.9 873.3 699.5 1031.8 1098.6 1134.4 1094.1 1100.6 1076.6 867.4 1093.1 950.2 912.3 1155.0 1004.9 878.5 1044.8 1054.8 952.1 964.2 1058.8 975.6 1054.7 1207.4 1262.0 1287.8 1200.8 1269.6 1323.4 1316.1 -999.0 -999.0 -999.0 -999.0 -999.0 -999.0 -999.0 -999.0 -999.0 -999.0 -999.0 -999.0 -999.0 -999.0 -999.0 -999.0 -999.0 -999.0 -999.0 -999.0 -999.0 -999.0 -999.0 -999.0 -999.0 -999.0 -999.0
1269.6 986.0 1272.3 1104.1 1065.8 1448.8 1473.7 -999.0 1296.9 765.6 934.1 669.2 1051.0 1170.0 941.4 1015.2 1035.3 1014.6 953.1 879.2 801.4 717.5 508.4 689.9 901.2 896.3 1163.5 1271.1 1360.8 983.7 918.4 1089.5 1095.0 1069.9 1203.5 1162.0 1201.2 1271.3 1255.3 1220.9 1223.8 1180.3 1193.8 -999.0 -999.0 -999.0 -999.0 -999.0 -999.0 -999.0 -999.0 -999.0 -999.0 -999.0 -999.0 -999.0 -999.0 -999.0 -999.0 -999.0 -999.0 -999.0 -999.0 -999.0 -999.0 -999.0 -999.0 -999.0 -999.0 -999.0 -999.0
1524.1 1310.6 1199.8 1291.8 1014.4 1373.3 -999.0 1514.3 1327.0 1504.3 1128.4 1270.3 934.0 548.5 940.6 854.6 984.5 757.8 605.5 696.3 871.0 1174.2 1117.3 1226.1 989.6 1060.8 1066.6 964.5 1035.6 1068.9 1023.2 1145.0 1262.5 1251.7 1329.2 1317.2 1237.5 1202.8 1223.6 1218.5 1227.0 1331.5 1323.8 -999.0 -999.0 -999.0 -999.0 -999.0 -999.0 -999.0 -999.0 -999.0 -999.0 -999.0 -999.0 -999.0 -999.0 -999.0 -999.0 -999.0 -999.0 -999.0 -999.0 -999.0 -999.0 -999.0 -999.0 -999.0 -999.0 -999.0 -999.0
1484.1 1357.2 1519.3 1172.8 1429.9 -999.0 1544.1 1524.7 1387.2 594.0 956.2 453.8 878.9 1063.3 1153.0 861.1 810.7 915.4 767.4 974.1 801.9 712.5 855.2 1273.2 999.2 832.7 787.1 987.6 990.2 1375.5 1196.4 1342.8 1394.1 1406.0 1376.5 1143.0 1142.2 1136.7 1168.9 1161.0 1246.5 1357.9 1437.4 -999.0 -999.0 -999.0 -999.0 -999.0 -999.0 -999.0 -999.0 -999.0 -999.0 -999.0 -999.0 -999.0 -999.0 -999.0 -999.0 -999.0 -999.0 -999.0 -999.0 -999.0 -999.0 -999.0 -999.0 -999.0 -999.0 -999.0 -999.0
1498.0 1437.9 881.2 1518.8 -999.0 1566.0 -999.0 1199.8 1066.7 892.2 1476.0 684.4 931.7 875.0 1017.7 490.5 907.8 494.1 922.2 994.0 621.4 1102.7 1455.2 962.2 666.3 618.8 1054.9 1061.1 1041.3 1138.2 1290.5 1362.2 1374.9 1362.0 1081.4 1215.0 1246.2 1312.1 1278.1 1278.6 1381.1 1448.3 -999.0 -999.0 -999.0 -999.0 -999.0 -999.0 -999.0 -999.0 -999.0 -999.0 -999.0 -999.0 -999.0 -999.0 -999.0 -999.0 -999.0 -999.0 -999.0 -999.0 -999.0 -999.0 -999.0 -999.0 -999.0 -999.0 -999.0 -999.0 -999.0
711.6 827.6 1129.1 1514.6 -999.0 -999.0 1462.3 1436.4 1467.3 1414.0 1083.5 623.0 1272.7 1056.9 540.6 808.3 805.2 609.8 608.7 808.3 1315.6 846.1 847.8 671.4 795.8 968.5 748.6 743.0 1040.4 1232.5 1382.7 1377.6 1272.6 1042.9 1263.8 1375.2 1374.3 1522.4 1482.5 1442.4 -999.0 -999.0 -999.0 -999.0 -999.0 -999.0 -999.0 -999.0 -999.0 -999.0 -999.0 -999.0 -999.0 -999.0 -999.0 -999.0 -999.0 -999.0 -999.0 -999.0 -999.0 -999.0 -999.0 -999.0 -999.0 -999.0 -999.0 -999.0 -999.0 -999.0 -999.0
948.9 1228.3 1397.8 1513.3 -999.0 1551.7 1414.7 1274.2 1104.3 1310.7 1095.4 1383.4 1377.2 1135.0 872.6 940.7 1085.5 1148.9 1091.6 945.1 731.5 1089.4 895.2 955.4 817.3 750.1 946.5 1005.2 1184.0 1325.9 1391.4 1400.1 1219.0 1297.0 1462.0 1486.9 1533.5 1511.7 1516.3 -999.0 -999.0 -999.0 -999.0 -999.0 -999.0 -999.0 -999.0 -999.0 -999.0 -999.0 -999.0 -999.0 -999.0 -999.0 -999.0 -999.0 -999.0 -999.0 -999.0 -999.0 -999.0 -999.0 -999.0 -999.0 -999.0 -999.0 -999.0 -999.0 -999.0 -999.0 -999.0
1380.2 1132.2 1367.1 -999.0 -999.0 1520.2 1104.4 1213.8 1039.6 1290.0 1438.0 1212.1 859.4 847.3 932.7 1019.6 934.2 737.6 1103.8 955.3 1243.7 1101.8 876.8 1159.5 1374.6 1397.8 1288.6 1349.8 1406.3 1382.4 1391.3 1523.2 1398.3 1457.0 1507.3 1368.0 1445.6 1390.1 1455.5 -999.0 -999.0 -999.0 -999.0 -999.0 -999.0 -999.0 -999.0 -999.0 -999.0 -999.0 -999.0 -999.0 -999.0 -999.0 -999.0 -999.0 -999.0 -999.0 -999.0 -999.0 -999.0 -999.0 -999.0 -999.0 -999.0 -999.0 -999.0 -999.0 -999.0 -999.0 -999.0
-999.0 -999.0 -999.0 -999.0 1541.6 1205.4 1176.3 1085.6 1171.9 1102.9 863.7 909.1 728.9 1138.1 862.8 1334.6 786.3 1277.6 706.0 1174.4 942.2 632.6 1038.5 1221.8 1096.6 1210.5 1404.9 1365.8 1451.1 1522.0 1457.2 1533.4 1526.2 1427.2 1436.2 1433.3 1385.5 1446.5 1443.9 1536.4 -999.0 -999.0 -999.0 -999.0 -999.0 -999.0 -999.0 -999.0 -999.0 -999.0 -999.0 -999.0 -999.0 -999.0 -999.0 -999.0 -999.0 -999.0 -999.0 -999.0 -999.0 -999.0 -999.0 -999.0 -999.0 -999.0 -999.0 -999.0 -999.0 -999.0 -999.0
-999.0 -999.0 -999.0 -999.0 1500.8 1488.7 1164.1 1060.1 1396.5 985.3 1215.8 1396.1 1041.4 849.6 928.9 1497.3 856.9 949.1 906.2 1134.7 827.4 987.5 926.7 785.8 1047.8 1140.8 1191.7 1248.8 1300.9 1267.6 1236.1 1153.8 1210.9 1374.0 1479.3 1439.8 1267.6 1381.4 1283.6 1357.5 1392.8 -999.0 -999.0 -999.0 -999.0 -999.0 -999.0 -999.0 -999.0 -999.0 -999.0 -999.0 -999.0 -999.0 -999.0 -999.0 -999.0 -999.0 -999.0 -999.0 -999.0 -999.0 -999.0 -999.0 -999.0 -999.0 -999.0 -999.0 -999.0 -999.0 -999.0
-999.0 -999.0 -999.0 1551.2 1503.0 1425.9 1122.6 1291.1 1095.3 1098.7 1235.8 1417.2 981.8 941.0 743.2 1416.3 957.0 1096.8 1060.0 1134.1 1005.5 1394.9 1250.7 1191.8 1224.1 1361.0 1193.3 1029.8 873.3 974.2 1047.5 1176.1 1279.4 1208.7 1456.9 1328.0 1276.8 1271.4 1281.6 1314.2 1362.9 1438.1 -999.0 -999.0 -999.0 -999.0 -999.0 -999.0 -999.0 -999.0 -999.0 -999.0 -999.0 -999.0 -999.0 -999.0 -999.0 -999.0 -999.0 -999.0 -999.0 -999.0 -999.0 -999.0 -999.0 -999.0 -999.0 -999.0 -999.0 -999.0 -999.0
-999.0 -999.0 1545.3 -999.0 1460.2 1312.1 1403.5 1090.8 963.2 1400.1 1473.1 1142.6 799.7 1069.3 1541.9 1334.8 578.8 1294.6 1299.8 1220.6 1174.5 1329.5 1383.9 1471.0 1424.2 1171.4 846.7 877.3 1015.8 1097.5 1257.0 1302.0 1315.6 1248.6 1339.1 1344.4 1445.5 1525.3 1525.8 1518.9 1510.9 -999.0 -999.0 -999.0 -999.0 -999.0 -999.0 -999.0 -999.0 -999.0 -999.0 -999.0 -999.0 -999.0 -999.0 -999.0 -999.0 -999.0 -999.0 -999.0 -999.0 -999.0 -999.0 -999.0 -999.0 -999.0 -999.0 -999.0 -999.0 -999.0 -999.0
-999.0 1548.3 1212.0 -999.0 1516.1 1477.0 1354.1 1327.4 1355.1 1331.2 895.8 1352.8 936.6 917.6 947.7 1237.1 1432.7 824.4 1269.5 1440.6 1512.6 1520.2 1545.6 1580.0 1599.8 1280.6 1451.9 1473.2 1462.8 1321.2 1213.2 1303.3 1307.1 1371.5 1428.3 1428.7 1540.4 -999.0 -999.0 -999.0 -999.0 -999.0 -999.0 -999.0 -999.0 -999.0 -999.0 -999.0 -999.0 -999.0 -999.0 -999.0 -999.0 -999.0 -999.0 -999.0 -999.0 -999.0 -999.0 -999.0 -999.0 -999.0 -999.0 -999.0 -999.0 -999.0 -999.0 -999.0 -999.0 -999.0 -999.0
1513.6 1324.0 1422.5 -999.0 1210.1 1498.4 1278.1 1389.2 1576.7 1042.0 1014.0 878.9 852.6 1482.3 1004.9 1032.1 1522.4 1241.6 1192.1 1378.0 1358.2 1302.7 1257.9 1207.2 1552.2 1599.1 1593.7 1528.2 1443.3 1346.4 1241.0 1303.7 1315.1 1321.6 1441.1 -999.0 -999.0 -999.0 -999.0 -999.0 -999.0 -999.0 -999.0 -999.0 -999.0 -999.0 -999.0 -999.0 -999.0 -999.0 -999.0 -999.0 -999.0 -999.0 -999.0 -999.0 -999.0 -999.0 -999.0 -999.0 -999.0 -999.0 -999.0 -999.0 -999.0 -999.0 -999.0 -999.0 -999.0 -999.0 -999.0
939.0 1330.4 -999.0 1495.2 1478.6 1155.4 1400.9 1546.9 1059.6 1293.9 970.7 907.3 1136.6 1327.3 1014.0 1034.8 1603.9 1599.4 1552.2 1474.6 1374.0 1310.0 1117.1 1055.7 1330.6 1486.5 1597.5 1635.8 1516.5 1497.2 1439.2 1426.3 1265.9 1289.8 1515.1 -999.0 -999.0 -999.0 -999.0 -999.0 -999.0 -999.0 -999.0 -999.0 -999.0 -999.0 -999.0 -999.0 -999.0 -999.0 -999.0 -999.0 -999.0 -999.0 -999.0 -999.0 -999.0 -999.0 -999.0 -999.0 -999.0 -999.0 -999.0 -999.0 -999.0 -999.0 -999.0 -999.0 -999.0 -999.0 -999.0
1540.1 1552.5 -999.0 1555.0 1012.5 1349.9 -999.0 1462.2 1112.3 1268.1 1044.7 1143.5 1093.4 1533.9 1513.1 1341.4 1490.3 1500.7 1372.4 1504.2 896.2 910.8 1026.1 1047.7 1295.0 1533.3 1570.2 1670.3 1690.2 1617.3 1586.9 1523.4 1548.8 -999.0 -999.0 -999.0 -999.0 -999.0 1471.5 1466.8 1450.0 1520.7 -999.0 -999.0 -999.0 -999.0 -999.0 -999.0 -999.0 -999.0 -999.0 -999.0 -999.0 -999.0 -999.0 -999.0 -999.0 -999.0 -999.0 -999.0 -999.0 -999.0 -999.0 -999.0 -999.0 -999.0 -999.0 -999.0 -999.0 -999.0 -999.0
1330.3 -999.0 -999.0 1218.6 1537.1 1126.7 -999.0 1487.2 1026.9 1324.6 1522.1 913.6 1544.1 1657.4 1645.5 1594.2 1449.7 1314.4 1121.3 1356.6 1327.4 1412.1 1396.3 1421.9 1358.2 1377.8 1396.9 1482.6 1571.6 1491.2 1434.9 1470.6 1567.3 1603.7 1619.4 -999.0 -999.0 1567.3 1481.9 1388.8 1465.9 1468.3 1470.9 1520.4 -999.0 -999.0 -999.0 -999.0 -999.0 -999.0 -999.0 -999.0 -999.0 -999.0 -999.0 -999.0 -999.0 -999.0 -999.0 -999.0 -999.0 -999.0 -999.0 -999.0 -999.0 -999.0 -999.0 -999.0 -999.0 -999.0 -999.0
1600.8 -999.0 -999.0 1563.1 1310.6 1165.9 1574.9 1325.9 1479.0 1345.2 1270.8 1207.8 1605.7 1501.7 1301.7 1316.5 1336.0 1517.5 1529.5 1495.9 1529.9 1469.1 1461.7 1443.4 1371.8 1291.5 1305.1 1379.3 1266.6 1231.5 1401.4 1472.0 1497.3 1523.6 1497.3 1569.5 1530.2 1430.4 1395.8 1438.8 1382.7 1221.0 1238.7 1169.2 1473.3 -999.0 -999.0 -999.0 -999.0 -999.0 -999.0 -999.0 -999.0 -999.0 -999.0 -999.0 -999.0 -999.0 -999.0 -999.0 -999.0 -999.0 -999.0 -999.0 -999.0 -999.0 -999.0 -999.0 -999.0 -999.0 -999.0
-999.0 -999.0 -999.0 1361.0 1040.6 1347.4 1260.7 1563.0 1328.3 1408.8 1582.8 1612.3 -999.0 1304.6 1047.4 1321.5 1429.0 1552.6 1551.5 1623.5 1664.7 1477.9 1491.7 1445.7 1277.5 1221.7 1203.5 1270.4 1304.8 1302.2 1358.1 1359.3 1352.6 1287.0 1411.6 1501.8 1345.3 1371.8 1327.9 1348.5 1245.2 1105.7 1073.3 1033.4 1188.1 1148.6 1115.3 1413.0 -999.0 -999.0 -999.0 -999.0 -999.0 -999.0 -999.0 -999.0 -999.0 -999.0 -999.0 -999.0 -999.0 -999.0 -999.0 -999.0 -999.0 -999.0 -999.0 -999.0 -999.0 -999.0 -999.0
-999.0 -999.0 -999.0 1353.2 1386.5 1458.5 1077.1 1586.8 -999.0 1611.6 1496.4 1634.8 -999.0 1255.8 929.9 1233.7 1309.5 1515.2 1648.9 1620.6 1600.4 1680.4 1616.6 1529.1 1412.4 1197.2 1164.5 1158.2 1238.1 1230.8 1163.8 1133.4 1035.2 1153.4 1371.9 1438.7 1308.4 1281.8 1243.0 943.2 901.1 1053.3 1054.0 1115.9 1150.6 1143.8 1298.9 1326.3 -999.0 -999.0 -999.0 -999.0 -999.0 -999.0 -999.0 -999.0 -999.0 -999.0 -999.0 -999.0 -999.0 -999.0 -999.0 -999.0 -999.0 -999.0 -999.0 -999.0 -999.0 -999.0 -999.0
-999.0 -999.0 -999.0 -999.0 1390.5 1241.8 1384.4 1610.8 -999.0 -999.0 1578.5 1663.2 1544.2 1297.4 1088.8 1391.5 1338.5 1252.2 1397.0 1439.9 1512.5 1375.4 1535.4 1623.6 1500.3 1370.1 1217.2 1144.0 1039.8 1123.3 997.4 980.0 1101.7 1179.8 1182.7 1238.9 1187.6 1097.6 1028.8 1053.6 927.3 1039.8 1087.4 1116.2 1353.7 1347.4 1251.1 1238.9 1297.9 -999.0 -999.0 -999.0 -999.0 -999.0 -999.0 -999.0 -999.0 -999.0 -999.0 -999.0 -999.0 -999.0 -999.0 -999.0 -999.0 -999.0 -999.0 -999.0 -999.0 -999.0 -999.0
-999.0 -999.0 -999.0 1572.9 1325.1 1277.2 -999.0 -999.0 -999.0 -999.0 -999.0 1671.6 1666.5 1264.0 1323.7 1495.5 1371.5 1263.6 1192.6 1281.0 1371.7 1337.8 1319.1 1425.2 1527.8 1344.2 1172.3 1194.2 1156.2 1119.3 1012.4 1067.0 1143.8 1121.3 1134.7 955.4 994.2 1096.7 1113.5 1190.6 1080.3 1114.3 1181.7 1168.9 1345.8 1385.5 1374.0 1370.9 1407.6 -999.0 -999.0 -999.0 -999.0 -999.0 -999.0 -999.0 -999.0 -999.0 -999.0 -999.0 -999.0 -999.0 -999.0 -999.0 -999.0 -999.0 -999.0 -999.0 -999.0 -999.0 -999.0
-999.0 1610.2 -999.0 1223.4 1326.1 1530.0 1584.6 1307.5 1226.1 -999.0 -999.0 -999.0 1674.0 1441.6 1456.6 1465.9 1446.0 1358.4 1227.3 1166.6 1135.3 1126.6 1221.3 1258.6 1336.6 1523.9 1237.4 1238.6 1179.1 1185.7 1232.6 1224.4 1043.6 1128.8 953.8 791.2 875.2 1026.2 1037.1 1221.9 1195.1 1225.7 1231.9 1243.6 1378.6 1399.3 1417.8 1382.3 1348.0 1366.3 -999.0 -999.0 -999.0 -999.0 -999.0 -999.0 -999.0 -999.0 -999.0 -999.0 -999.0 -999.0 -999.0 -999.0 -999.0 -999.0 -999.0 -999.0 -999.0 -999.0 -999.0
-999.0 -999.0 1584.6 1181.8 1311.9 1576.2 1268.9 1084.9 995.9 1542.7 -999.0 -999.0 -999.0 1641.3 1580.9 1583.8 1536.0 1480.7 1412.4 1237.5 1179.9 1176.0 1253.1 1269.3 1273.6 1294.2 1376.2 1300.8 1235.1 1113.6 1173.7 1013.6 1253.6 1138.9 1190.5 1171.8 905.0 933.7 1107.2 1186.0 1294.6 1326.1 1336.9 1349.8 1410.6 1413.3 1452.5 1379.4 1316.8 1358.0 1405.1 -999.0 -999.0 -999.0 -999.0 -999.0 -999.0 -999.0 -999.0 -999.0 -999.0 -999.0 -999.0 -999.0 -999.0 -999.0 -999.0 -999.0 -999.0 -999.0 -999.0
-999.0 -999.0 1453.5 1291.6 1148.4 1588.8 1590.0 1205.6 1121.0 1609.3 -999.0 -999.0 -999.0 -999.0 -999.0 1604.1 1585.7 1598.6 1561.5 1453.6 1362.8 1219.3 1043.7 1077.7 1188.8 1257.9 1339.2 1245.1 1218.6 1174.7 1233.0 1069.0 1281.2 1184.8 1133.1 1207.8 1372.4 1265.0 1348.9 1264.3 1379.2 1308.4 1364.1 1495.3 1513.3 1490.1 1454.9 1450.8 1276.1 1268.8 1332.0 1416.4 -999.0 -999.0 -999.0 -999.0 -999.0 -999.0 -999.0 -999.0 -999.0 -999.0 -999.0 -999.0 -999.0 -999.0 -999.0 -999.0 -999.0 -999.0 -999.0
-999.0 -999.0 1369.9 1180.6 1288.1 -999.0 1610.4 1497.6 951.9 1460.1 -999.0 -999.0 -999.0 -999.0 -999.0 1609.2 1521.9 1408.6 1480.4 1306.1 1122.9 1132.4 1007.8 984.7 1049.4 1198.4 1142.6 1203.9 1227.2 1085.7 1056.3 1321.3 735.9 1103.4 917.7 1143.7 1026.0 1096.1 1397.9 1248.4 1350.0 1411.6 1460.1 1450.6 1361.0 1312.7 1369.8 1318.5 1426.0 1279.9 1165.6 1350.3 1364.8 1450.8 -999.0 -999.0 -999.0 -999.0 -999.0 -999.0 -999.0 -999.0 -999.0 -999.0 -999.0 -999.0 -999.0 -999.0 -999.0 -999.0 -999.0
-999.0 -999.0 1391.5 1376.1 1563.5 -999.0 -999.0 1283.0 1045.9 1196.8 -999.0 -999.0 -999.0 -999.0 -999.0 1617.7 1567.4 1432.6 1448.0 1376.1 1231.7 1299.0 1193.0 1170.1 1043.2 1114.0 1096.3 1166.2 1013.4 782.6 939.6 1058.3 660.2 772.0 1051.2 1031.9 1195.0 1377.2 1298.0 1247.0 1342.0 1319.6 1334.0 1441.9 1391.1 1378.6 1247.0 1035.7 1178.8 1233.9 1201.7 1203.3 1358.5 1426.4 -999.0 -999.0 -999.0 -999.0 -999.0 -999.0 -999.0 -999.0 -999.0 -999.0 -999.0 -999.0 -999.0 -999.0 -999.0 -999.0 -999.0
-999.0 -999.0 1507.7 1480.9 -999.0 -999.0 -999.0 1607.6 1440.9 1410.4 -999.0 -999.0 -999.0 -999.0 -999.0 1610.1 1573.0 1469.4 1437.5 1421.2 1361.2 1240.8 994.4 907.4 1056.1 999.5 1139.1 1201.2 1131.5 923.0 1159.6 834.0 909.4 1020.6 949.0 932.6 1269.2 1164.6 1310.4 1236.5 1253.3 1413.8 1326.2 1281.7 1283.1 1323.3 946.2 920.9 965.2 1226.3 1206.5 1207.5 1299.4 1356.3 -999.0 -999.0 -999.0 -999.0 -999.0 -999.0 -999.0 -999.0 -999.0 -999.0 -999.0 -999.0 -999.0 -999.0 -999.0 -999.0 -999.0
-999.0 1268.0 1340.9 1146.1 1675.8 -999.0 -999.0 -999.0 -999.0 -999.0 -999.0 -999.0 -999.0 -999.0 1491.0 1508.0 1412.9 1407.2 1375.4 1318.8 1346.9 1188.6 1123.7 978.4 1092.3 1120.5 986.6 1062.2 927.7 874.7 893.0 729.8 775.7 1060.2 997.2 963.5 1064.6 1181.4 1161.2 1310.2 1234.5 1196.6 1342.3 1235.0 1239.0 1043.3 1009.3 839.8 965.6 1256.4 1282.2 1341.5 1284.4 1339.5 -999.0 -999.0 -999.0 -999.0 -999.0 -999.0 -999.0 -999.0 -999.0 -999.0 -999.0 -999.0 -999.0 -999.0 -999.0 -999.0 -999.0
-999.0 1173.2 1200.5 1342.5 1650.0 -999.0 -999.0 -999.0 -999.0 -999.0 -999.0 -999.0 -999.0 -999.0 1269.1 1509.1 1378.7 1243.9 1150.8 1179.4 1255.1 1240.9 1193.5 1314.4 1199.4 982.2 956.2 1029.8 1027.1 1116.8 1214.8 767.5 1068.1 1026.2 1054.5 1043.9 1104.3 1203.1 1331.7 1138.8 1176.1 1190.8 1236.0 1193.4 1062.5 978.7 1051.0 974.0 1012.6 1268.2 1392.8 1389.0 1243.1 1402.9 -999.0 -999.0 -999.0 -999.0 -999.0 -999.0 -999.0 -999.0 -999.0 -999.0 -999.0 -999.0 -999.0 -999.0 -999.0 -999.0 -999.0
