GDD/GrowingDegreeDays_1998_Actual.txt
ncols         180
nrows         290
xllcorner     -200000
yllcorner     -200000
cellsize      5000
NODATA_value    -999
[rows 64 to 95 of 290, columns 71 to 141 of 180]
-999.0 -999.0 -999.0 -999.0 -999.0 -999.0 -999.0 -999.0 -999.0 1458.5 1199.3 1228.9 1179.8 825.6 868.7 650.6 878.2 974.8 892.8 941.9 380.6 936.4 541.8 890.2 852.8 1086.7 1155.1 1009.0 782.4 826.3 601.1 1003.1 -999.0 -999.0 -999.0 -999.0 -999.0 -999.0 -999.0 -999.0 -999.0 -999.0 -999.0 -999.0 -999.0 -999.0 -999.0 -999.0 -999.0 -999.0 -999.0 -999.0 -999.0 -999.0 -999.0 -999.0 -999.0 -999.0 -999.0 -999.0 -999.0 -999.0 -999.0 -999.0 -999.0 -999.0 -999.0 -999.0 -999.0 -999.0 -999.0
-999.0 -999.0 -999.0 -999.0 -999.0 -999.0 -999.0 -999.0 -999.0 -999.0 1489.3 1246.0 930.7 846.8 858.5 803.2 819.5 1257.2 1074.1 1040.9 769.9 720.4 694.5 881.6 1023.5 931.2 1002.0 1057.5 967.4 989.2 1044.3 1344.7 -999.0 -999.0 -999.0 -999.0 -999.0 -999.0 -999.0 -999.0 -999.0 -999.0 -999.0 -999.0 -999.0 -999.0 -999.0 -999.0 -999.0 -999.0 -999.0 -999.0 -999.0 -999.0 -999.0 -999.0 -999.0 -999.0 -999.0 -999.0 -999.0 -999.0 -999.0 -999.0 -999.0 -999.0 -999.0 -999.0 -999.0 -999.0 -999.0
-999.0 -999.0 -999.0 -999.0 -999.0 -999.0 -999.0 -999.0 1475.7 -999.0 1517.2 1299.0 883.0 839.0 740.4 482.9 1062.4 957.2 1239.3 1054.0 1050.6 928.9 820.4 1070.8 1035.1 945.8 877.6 857.6 992.8 1160.3 1366.3 -999.0 -999.0 -999.0 -999.0 -999.0 -999.0 -999.0 -999.0 -999.0 -999.0 -999.0 -999.0 -999.0 -999.0 -999.0 -999.0 -999.0 -999.0 -999.0 -999.0 -999.0 -999.0 -999.0 -999.0 -999.0 -999.0 -999.0 -999.0 -999.0 -999.0 -999.0 -999.0 -999.0 -999.0 -999.0 -999.0 -999.0 -999.0 -999.0 -999.0
-999.0 -999.0 -999.0 -999.0 -999.0 -999.0 -999.0 -999.0 1483.6 1462.9 1407.8 1417.7 882.0 1302.2 1058.9 1163.4 982.7 1071.7 860.9 1217.0 1159.8 985.6 1031.4 983.6 995.5 1127.3 779.2 996.9 1035.8 -999.0 -999.0 -999.0 -999.0 -999.0 -999.0 -999.0 -999.0 -999.0 -999.0 -999.0 -999.0 -999.0 -999.0 -999.0 -999.0 -999.0 -999.0 -999.0 -999.0 -999.0 -999.0 -999.0 -999.0 -999.0 -999.0 -999.0 -999.0 -999.0 -999.0 -999.0 -999.0 -999.0 -999.0 -999.0 -999.0 -999.0 -999.0 -999.0 -999.0 -999.0 -999.0
-999.0 -999.0 -999.0 -999.0 -999.0 -999.0 -999.0 -999.0 -999.0 1458.6 728.2 1422.9 1150.4 1051.1 1041.8 1251.1 842.4 1026.2 874.5 927.1 1185.5 1072.1 1112.1 1072.6 1016.9 1046.8 955.8 1359.4 -999.0 -999.0 -999.0 -999.0 -999.0 -999.0 -999.0 -999.0 -999.0 -999.0 -999.0 -999.0 -999.0 -999.0 -999.0 -999.0 -999.0 -999.0 -999.0 -999.0 -999.0 -999.0 -999.0 -999.0 -999.0 -999.0 -999.0 -999.0 -999.0 -999.0 -999.0 -999.0 -999.0 -999.0 -999.0 -999.0 -999.0 -999.0 -999.0 -999.0 -999.0 -999.0 -999.0
-999.0 -999.0 -999.0 -999.0 -999.0 -999.0 -999.0 -999.0 -999.0 -999.0 1499.0 1017.3 1444.7 1167.6 686.4 1189.1 1134.3 1139.7 1330.0 1026.7 1210.2 1040.4 974.9 1297.6 982.1 1152.8 1289.9 -999.0 -999.0 -999.0 -999.0 -999.0 -999.0 -999.0 -999.0 -999.0 -999.0 -999.0 -999.0 -999.0 -999.0 -999.0 -999.0 -999.0 -999.0 -999.0 -999.0 -999.0 -999.0 -999.0 -999.0 -999.0 -999.0 -999.0 -999.0 -999.0 -999.0 -999.0 -999.0 -999.0 -999.0 -999.0 -999.0 -999.0 -999.0 -999.0 -999.0 -999.0 -999.0 -999.0 -999.0
-999.0 -999.0 -999.0 -999.0 -999.0 -999.0 1472.0 -999.0 -999.0 1508.2 1520.0 1220.3 1003.1 914.4 945.8 1213.5 1123.7 866.3 1048.4 1160.9 1323.3 1083.0 1005.8 1084.3 1394.9 1386.0 -999.0 -999.0 -999.0 -999.0 -999.0 -999.0 -999.0 -999.0 -999.0 -999.0 -999.0 -999.0 -999.0 -999.0 -999.0 -999.0 -999.0 -999.0 -999.0 -999.0 -999.0 -999.0 -999.0 -999.0 -999.0 -999.0 -999.0 -999.0 -999.0 -999.0 -999.0 -999.0 -999.0 -999.0 -999.0 -999.0 -999.0 -999.0 -999.0 -999.0 -999.0 -999.0 -999.0 -999.0 -999.0
-999.0 -999.0 -999.0 -999.0 1382.6 1571.1 1395.1 1526.9 1258.9 1513.7 965.6 1447.8 673.7 848.7 910.4 951.1 783.8 843.1 882.9 1324.0 1171.3 1274.3 985.3 1109.9 1236.5 1384.3 -999.0 -999.0 -999.0 -999.0 -999.0 -999.0 -999.0 -999.0 -999.0 -999.0 -999.0 -999.0 -999.0 -999.0 -999.0 -999.0 -999.0 -999.0 -999.0 -999.0 -999.0 -999.0 -999.0 -999.0 -999.0 -999.0 -999.0 -999.0 -999.0 -999.0 -999.0 -999.0 -999.0 -999.0 -999.0 -999.0 -999.0 -999.0 -999.0 -999.0 -999.0 -999.0 -999.0 -999.0 -999.0
-999.0 -999.0 -999.0 -999.0 954.3 1526.7 1504.4 1256.3 1175.7 961.0 633.4 875.5 1489.4 691.0 622.6 723.9 649.1 1028.9 898.4 559.3 1094.5 1345.8 1391.4 1438.5 1415.1 -999.0 -999.0 1360.7 -999.0 -999.0 -999.0 -999.0 -999.0 -999.0 -999.0 -999.0 -999.0 -999.0 -999.0 -999.0 -999.0 -999.0 -999.0 -999.0 -999.0 -999.0 -999.0 -999.0 -999.0 -999.0 -999.0 -999.0 -999.0 -999.0 -999.0 -999.0 -999.0 -999.0 -999.0 -999.0 -999.0 -999.0 -999.0 -999.0 -999.0 -999.0 -999.0 -999.0 -999.0 -999.0 -999.0
-999.0 -999.0 -999.0 -999.0 1123.4 1295.0 1467.4 1179.4 727.2 1172.1 351.2 1016.5 1003.9 634.2 534.0 639.5 677.9 664.0 550.2 721.7 890.2 773.0 1147.0 1012.0 1366.8 1370.5 1335.3 1365.0 -999.0 -999.0 -999.0 -999.0 -999.0 -999.0 -999.0 -999.0 -999.0 -999.0 -999.0 -999.0 -999.0 -999.0 -999.0 -999.0 -999.0 -999.0 -999.0 -999.0 -999.0 -999.0 -999.0 -999.0 -999.0 -999.0 -999.0 -999.0 -999.0 -999.0 -999.0 -999.0 -999.0 -999.0 -999.0 -999.0 -999.0 -999.0 -999.0 -999.0 -999.0 -999.0 -999.0
-999.0 -999.0 -999.0 -999.0 1440.3 1121.4 1431.3 1059.3 1016.9 600.6 812.7 835.1 1027.7 1013.1 959.5 591.5 756.8 687.2 713.2 1055.9 1091.0 938.4 1161.1 1072.3 1339.1 1369.8 1320.2 -999.0 -999.0 -999.0 -999.0 -999.0 -999.0 -999.0 -999.0 -999.0 -999.0 -999.0 -999.0 -999.0 -999.0 -999.0 -999.0 -999.0 -999.0 -999.0 -999.0 -999.0 -999.0 -999.0 -999.0 -999.0 -999.0 -999.0 -999.0 -999.0 -999.0 -999.0 -999.0 -999.0 -999.0 -999.0 -999.0 -999.0 -999.0 -999.0 -999.0 -999.0 -999.0 -999.0 -999.0
-999.0 -999.0 -999.0 -999.0 1348.3 1443.7 1274.3 1524.9 511.3 724.4 721.8 826.2 596.9 326.4 762.2 934.7 968.2 622.2 734.1 1038.2 958.3 1133.8 1257.0 1439.6 1449.3 1155.7 -999.0 -999.0 -999.0 -999.0 -999.0 -999.0 -999.0 -999.0 -999.0 -999.0 -999.0 -999.0 -999.0 -999.0 -999.0 -999.0 -999.0 -999.0 -999.0 -999.0 -999.0 -999.0 -999.0 -999.0 -999.0 -999.0 -999.0 -999.0 -999.0 -999.0 -999.0 -999.0 -999.0 -999.0 -999.0 -999.0 -999.0 -999.0 -999.0 -999.0 -999.0 -999.0 -999.0 -999.0 -999.0
-999.0 -999.0 -999.0 1507.2 1105.8 1064.9 754.9 1005.0 1474.7 799.7 814.5 768.0 874.6 836.7 944.3 747.7 984.0 1008.8 446.1 854.7 1048.1 1446.6 1511.1 1512.2 1440.4 -999.0 -999.0 -999.0 -999.0 -999.0 -999.0 1448.4 1436.7 1419.7 1443.6 -999.0 -999.0 1477.8 1307.5 1368.2 1455.9 1450.4 -999.0 -999.0 -999.0 1347.5 -999.0 1388.7 1420.1 -999.0 -999.0 -999.0 -999.0 -999.0 -999.0 -999.0 -999.0 -999.0 -999.0 -999.0 -999.0 -999.0 -999.0 -999.0 -999.0 -999.0 -999.0 -999.0 -999.0 -999.0 -999.0
-999.0 -999.0 -999.0 -999.0 1360.2 991.6 716.0 894.2 820.1 1426.1 820.5 898.0 718.7 933.6 1053.2 1401.5 1151.9 842.5 913.5 1086.4 1289.4 1298.3 1216.6 1113.0 1396.8 -999.0 -999.0 -999.0 1468.4 1512.2 1486.6 1463.8 1435.3 1469.2 1465.0 1482.1 1470.7 1330.1 1181.6 1194.6 1354.2 1390.5 1435.5 1319.1 1148.8 1100.9 1203.6 1301.2 1347.3 1328.7 -999.0 -999.0 -999.0 -999.0 -999.0 -999.0 -999.0 -999.0 -999.0 -999.0 -999.0 -999.0 -999.0 -999.0 -999.0 -999.0 -999.0 -999.0 -999.0 -999.0 -999.0
-999.0 1340.7 -999.0 1359.8 1633.0 1516.7 1422.5 388.1 1336.8 965.0 1183.7 860.3 1106.0 844.8 897.1 808.6 1202.2 1361.0 1346.8 1256.4 1429.3 1133.5 1228.7 1096.7 1335.0 1425.0 1440.4 1394.9 1461.7 1516.8 1352.0 1159.3 1375.4 1404.9 1280.5 1491.1 1122.8 980.7 1053.0 1129.5 1308.6 1193.9 1288.6 1341.4 1241.7 1099.6 1174.3 1246.7 1070.7 1286.3 1338.0 -999.0 -999.0 -999.0 -999.0 -999.0 -999.0 -999.0 -999.0 -999.0 -999.0 -999.0 -999.0 -999.0 -999.0 -999.0 -999.0 -999.0 -999.0 -999.0 -999.0
-999.0 -999.0 1512.4 798.9 1127.0 1215.2 608.2 821.0 492.5 1192.6 883.7 852.2 970.8 998.3 1225.3 701.4 830.9 837.2 1317.5 1463.1 1220.1 1346.0 1457.6 -999.0 1414.5 1371.2 1422.1 1289.2 1298.3 1343.5 1247.5 1263.8 1072.9 1048.8 1135.0 1261.6 1179.8 1188.5 1241.1 1254.3 1116.6 1253.9 1291.6 1272.3 1176.5 1175.9 1168.8 1195.5 1191.5 1180.2 1265.0 1319.3 -999.0 -999.0 -999.0 -999.0 -999.0 -999.0 -999.0 -999.0 -999.0 -999.0 -999.0 -999.0 -999.0 -999.0 -999.0 -999.0 -999.0 -999.0 -999.0
1367.8 -999.0 1516.9 1316.6 989.3 846.1 1187.8 523.7 632.8 1097.4 956.3 734.5 668.4 705.9 980.7 973.6 757.9 898.3 979.3 1460.3 1481.1 1496.0 1508.2 1429.1 1201.5 1171.6 1196.9 1219.3 1304.5 1139.1 1047.7 1059.7 889.0 992.9 1216.0 1038.3 1007.6 997.9 1077.4 1349.6 1360.3 1386.5 1279.1 1272.0 1164.6 1174.3 1135.0 1214.9 1228.2 1249.6 1255.1 1292.9 -999.0 -999.0 -999.0 -999.0 -999.0 -999.0 -999.0 -999.0 -999.0 -999.0 -999.0 -999.0 -999.0 -999.0 -999.0 -999.0 -999.0 -999.0 -999.0
804.0 -999.0 -999.0 958.5 518.3 1019.0 787.3 1535.6 1118.1 1014.4 1008.9 664.7 847.0 450.3 502.7 612.9 887.1 1102.7 1326.9 1396.4 970.7 1230.4 1414.8 1154.8 966.0 825.0 948.3 1071.1 1031.8 1053.9 848.9 832.1 1170.0 1170.7 1195.0 1262.0 1057.4 1058.0 1138.0 1286.6 1354.6 1290.6 1122.1 1282.6 1216.4 1192.8 1067.3 1218.0 1180.3 1212.2 1189.4 1241.5 -999.0 -999.0 -999.0 -999.0 -999.0 -999.0 -999.0 -999.0 -999.0 -999.0 -999.0 -999.0 -999.0 -999.0 -999.0 -999.0 -999.0 -999.0 -999.0
1043.7 -999.0 -999.0 1266.0 1349.2 1308.5 1425.3 1138.9 878.1 593.1 1024.9 870.2 930.4 1062.6 1134.7 891.9 893.4 922.5 981.9 1055.0 718.9 1290.5 1086.1 1115.7 932.7 678.9 787.1 1007.1 966.5 928.1 753.9 950.0 1311.1 860.3 1053.7 948.3 845.3 1103.7 1031.0 1296.2 1206.8 1005.7 1160.3 1215.8 1310.4 1195.1 1254.5 1253.8 1134.3 1233.9 1241.1 -999.0 -999.0 -999.0 -999.0 -999.0 -999.0 -999.0 -999.0 -999.0 -999.0 -999.0 -999.0 -999.0 -999.0 -999.0 -999.0 -999.0 -999.0 -999.0 -999.0
1517.9 1494.0 -999.0 -999.0 1566.1 1191.9 1413.6 1095.0 683.6 431.7 744.2 409.8 695.1 826.1 901.2 1166.7 1109.1 959.3 982.2 840.2 1453.2 1117.3 1176.2 685.5 908.8 922.2 616.6 863.4 869.8 882.3 1005.8 1181.8 1064.8 972.6 1027.3 923.9 948.3 812.1 985.0 1222.0 973.7 1137.5 1224.1 1220.2 1057.1 1228.0 1306.2 1362.8 1281.2 1256.9 1257.8 -999.0 -999.0 -999.0 -999.0 -999.0 -999.0 -999.0 -999.0 -999.0 -999.0 -999.0 -999.0 -999.0 -999.0 -999.0 -999.0 -999.0 -999.0 -999.0 -999.0
1317.4 1471.3 -999.0 -999.0 1437.5 1423.6 1510.0 1060.3 1553.8 1096.1 740.0 488.1 351.9 531.7 1038.0 1010.2 907.5 699.3 991.0 1391.7 1065.1 1017.5 994.8 765.4 816.1 884.4 645.0 965.6 1036.3 1047.6 1094.7 690.3 1006.7 988.3 563.0 786.0 921.7 885.2 1124.8 1151.8 1186.6 1242.3 1304.2 1286.9 1308.2 1208.5 1299.0 1326.5 1286.2 1247.5 -999.0 -999.0 -999.0 -999.0 -999.0 -999.0 -999.0 -999.0 -999.0 -999.0 -999.0 -999.0 -999.0 -999.0 -999.0 -999.0 -999.0 -999.0 -999.0 -999.0 -999.0
1266.0 1458.7 1407.9 1083.9 726.4 987.7 758.4 942.1 1316.3 875.6 371.5 416.3 1085.8 826.4 1007.9 779.2 618.8 678.5 936.4 1221.3 1033.1 598.0 509.5 776.8 743.7 716.4 1023.1 1109.5 1133.8 914.4 746.1 1026.4 1025.2 1017.9 841.4 650.3 796.5 622.5 1132.7 844.4 1028.6 1013.1 738.3 1178.3 1370.7 1229.1 1178.4 1302.4 1254.1 -999.0 -999.0 -999.0 -999.0 -999.0 -999.0 -999.0 -999.0 -999.0 -999.0 -999.0 -999.0 -999.0 -999.0 -999.0 -999.0 -999.0 -999.0 -999.0 -999.0 -999.0 -999.0
1527.6 1165.2 1438.0 767.8 1616.6 1493.9 1171.6 622.6 437.4 888.1 734.0 862.2 515.0 690.5 774.6 804.7 1059.0 1048.4 1084.6 1055.9 766.0 463.4 597.7 872.3 546.0 919.6 779.7 1151.6 1190.9 1099.9 926.4 829.1 834.9 797.5 631.2 671.2 979.8 864.7 1197.8 1184.3 1274.1 1231.9 1219.3 1301.9 1343.1 1362.9 1326.0 1284.7 1386.7 -999.0 -999.0 -999.0 -999.0 -999.0 -999.0 -999.0 -999.0 -999.0 -999.0 -999.0 -999.0 -999.0 -999.0 -999.0 -999.0 -999.0 -999.0 -999.0 -999.0 -999.0 -999.0
-999.0 1336.5 1223.1 -999.0 1595.5 924.3 520.1 416.1 932.4 1089.7 989.3 461.8 470.1 1127.6 1227.3 973.5 634.9 1188.8 1059.1 760.6 526.4 471.9 512.8 431.6 721.7 614.4 776.5 1121.5 659.6 1020.5 608.8 653.9 627.5 564.4 719.1 922.0 1056.5 919.2 1039.7 959.3 1135.4 1120.3 1237.1 1273.6 1310.1 1350.9 1407.1 1349.7 -999.0 -999.0 -999.0 -999.0 -999.0 -999.0 -999.0 -999.0 -999.0 -999.0 -999.0 -999.0 -999.0 -999.0 -999.0 -999.0 -999.0 -999.0 -999.0 -999.0 -999.0 -999.0 -999.0
1537.4 1108.0 1552.4 -999.0 660.6 1059.2 964.4 1587.7 758.3 1026.9 428.4 517.2 845.6 627.1 557.9 950.3 1354.7 749.7 712.0 627.7 418.5 399.4 413.7 391.3 645.8 946.6 1219.6 1163.6 1077.8 754.0 489.3 546.4 833.0 717.5 932.5 789.1 890.1 1019.7 1126.7 1035.1 1016.1 1046.4 1180.7 1118.4 1315.2 1222.8 1225.9 1344.5 -999.0 -999.0 -999.0 -999.0 -999.0 -999.0 -999.0 -999.0 -999.0 -999.0 -999.0 -999.0 -999.0 -999.0 -999.0 -999.0 -999.0 -999.0 -999.0 -999.0 -999.0 -999.0 -999.0
1216.4 1512.0 -999.0 1342.1 1192.9 812.0 1179.1 942.9 661.6 1144.9 1134.3 933.8 1117.4 1291.4 1299.0 1268.1 800.0 471.3 449.1 443.9 408.3 314.7 422.3 826.9 1057.2 1071.9 521.9 849.1 285.2 247.0 462.2 496.1 508.0 733.3 834.2 854.8 793.9 1268.4 1287.2 1206.2 1258.2 1220.5 743.2 980.3 1386.0 1381.4 1374.6 1343.9 1413.6 -999.0 -999.0 -999.0 -999.0 -999.0 -999.0 -999.0 -999.0 -999.0 -999.0 -999.0 -999.0 -999.0 -999.0 -999.0 -999.0 -999.0 -999.0 -999.0 -999.0 -999.0 -999.0
-999.0 -999.0 1583.8 997.1 922.6 770.3 1317.6 921.3 512.3 1114.3 1000.8 712.0 763.7 742.7 937.5 629.6 559.0 394.8 701.5 739.1 568.4 440.5 619.9 1069.2 928.7 1009.1 638.2 290.3 554.3 301.2 428.7 446.2 535.4 654.2 694.7 922.9 1186.6 1305.2 1227.5 1350.3 1375.4 1207.7 1262.5 1340.3 1421.0 1302.6 1255.0 1304.0 -999.0 -999.0 -999.0 -999.0 -999.0 -999.0 -999.0 -999.0 -999.0 -999.0 -999.0 -999.0 -999.0 -999.0 -999.0 -999.0 -999.0 -999.0 -999.0 -999.0 -999.0 -999.0 -999.0
-999.0 -999.0 1578.6 1592.3 1245.4 757.9 1078.7 703.3 1270.5 1302.6 1222.0 975.2 509.9 412.4 566.6 852.7 918.8 823.9 546.9 759.5 779.8 894.3 879.8 702.8 634.9 519.9 393.7 413.4 392.1 631.6 664.4 718.0 1040.1 1012.8 912.1 873.1 799.4 967.7 1103.4 854.7 1042.6 1386.5 1283.4 1127.6 1089.5 1095.7 1232.5 -999.0 -999.0 -999.0 -999.0 -999.0 -999.0 -999.0 -999.0 -999.0 -999.0 -999.0 -999.0 -999.0 -999.0 -999.0 -999.0 -999.0 -999.0 -999.0 -999.0 -999.0 -999.0 -999.0 -999.0
-999.0 -999.0 1240.7 845.3 1474.4 669.8 585.7 699.1 563.1 764.9 1155.3 1029.3 1203.8 1271.0 549.6 667.8 565.3 189.7 1049.5 883.5 861.1 756.5 799.9 566.3 631.8 445.2 615.8 690.4 727.1 623.8 789.7 537.3 538.1 409.2 565.5 801.2 612.3 404.5 616.8 706.0 880.5 897.6 965.8 965.2 1103.7 1156.3 1290.3 -999.0 -999.0 -999.0 -999.0 -999.0 -999.0 -999.0 -999.0 -999.0 -999.0 -999.0 -999.0 -999.0 -999.0 -999.0 -999.0 -999.0 -999.0 -999.0 -999.0 -999.0 -999.0 -999.0 -999.0
-999.0 1578.0 1656.4 1399.1 1718.1 1431.0 1174.8 815.6 1212.6 1149.9 488.8 1098.8 1173.1 1183.4 1170.8 691.0 937.7 1161.6 965.4 457.0 545.5 789.6 334.3 513.3 585.9 459.5 391.0 475.9 525.0 492.2 480.2 491.1 454.9 279.9 844.5 572.4 599.2 1050.7 1082.4 725.9 941.0 884.6 878.4 1219.2 1125.0 1161.4 1229.7 -999.0 -999.0 -999.0 -999.0 -999.0 -999.0 -999.0 -999.0 -999.0 -999.0 -999.0 -999.0 -999.0 -999.0 -999.0 -999.0 -999.0 -999.0 -999.0 -999.0 -999.0 -999.0 -999.0 -999.0
-999.0 -999.0 1580.8 1275.7 595.1 1412.4 1639.6 1417.3 1494.0 1514.6 1439.2 1323.5 1049.6 1011.3 680.2 1087.9 968.4 962.0 486.6 611.4 902.7 786.3 325.9 638.3 512.4 751.6 441.0 463.6 718.5 291.6 331.9 317.0 239.6 328.5 562.1 420.7 549.0 730.2 1000.4 1246.4 1192.5 962.0 1162.2 1353.1 1299.5 1146.1 1359.4 -999.0 -999.0 -999.0 -999.0 -999.0 -999.0 -999.0 -999.0 -999.0 -999.0 -999.0 -999.0 -999.0 -999.0 -999.0 -999.0 -999.0 -999.0 -999.0 -999.0 -999.0 -999.0 -999.0 -999.0
1541.8 1556.5 1572.8 1471.4 1007.7 1600.3 669.4 1175.5 894.3 640.4 1432.3 1282.1 122.6 374.1 411.3 641.7 427.1 507.0 447.7 440.2 383.9 635.8 604.1 814.8 839.1 873.7 673.1 697.5 401.2 703.8 611.5 722.2 555.2 394.0 516.5 1069.2 740.0 649.7 999.1 732.4 1173.6 1356.3 1397.1 1371.0 1135.4 1210.3 -999.0 -999.0 -999.0 -999.0 -999.0 -999.0 -999.0 -999.0 -999.0 -999.0 -999.0 -999.0 -999.0 -999.0 -999.0 -999.0 -999.0 -999.0 -999.0 -999.0 -999.0 -999.0 -999.0 -999.0 -999.0
