GDD/GrowingDegreeDays_2002_Actual.txt
ncols         180
nrows         290
xllcorner     -200000
yllcorner     -200000
cellsize      5000
NODATA_value    -999
[rows 96 to 127 of 290, columns 71 to 141 of 180]
1292.3 1350.9 1552.0 1664.7 1220.4 1548.0 820.5 841.2 1139.6 1427.3 872.4 450.2 460.0 414.4 734.8 862.1 929.5 639.2 735.5 607.3 563.0 881.4 895.6 911.8 1173.8 1026.6 1194.5 912.1 713.5 805.1 732.6 846.4 911.3 827.5 766.7 882.5 957.0 817.0 819.4 1212.2 1358.2 1486.7 1504.0 1248.3 1316.8 -999.0 -999.0 -999.0 -999.0 -999.0 -999.0 -999.0 -999.0 -999.0 -999.0 -999.0 -999.0 -999.0 -999.0 -999.0 -999.0 -999.0 -999.0 -999.0 -999.0 -999.0 -999.0 -999.0 -999.0 -999.0 -999.0
1261.5 1108.7 1581.2 1646.3 1211.6 1441.6 1003.2 1150.0 1430.6 1473.7 991.1 592.7 1377.6 654.6 881.7 717.3 946.7 713.1 1023.0 857.7 948.2 954.1 509.6 973.4 942.6 1039.2 1051.0 1092.7 727.1 911.1 1021.6 952.5 740.4 938.2 846.1 1021.2 975.8 1034.7 1156.1 1371.6 1388.1 1381.4 1402.6 1508.7 -999.0 -999.0 -999.0 -999.0 -999.0 -999.0 -999.0 -999.0 -999.0 -999.0 -999.0 -999.0 -999.0 -999.0 -999.0 -999.0 -999.0 -999.0 -999.0 -999.0 -999.0 -999.0 -999.0 -999.0 -999.0 -999.0 -999.0
1323.5 1558.4 968.9 1182.8 1132.4 795.9 528.4 1461.7 1583.4 620.8 1159.3 1289.5 634.0 835.3 622.0 848.3 649.5 1093.9 1226.0 1349.4 1245.7 1246.1 1188.7 906.0 1188.4 967.7 867.1 1169.7 987.2 855.4 1066.6 1084.8 956.6 969.9 1098.2 1000.7 1101.3 1307.3 1402.7 1470.0 1381.5 1506.1 1536.5 1487.2 -999.0 -999.0 -999.0 -999.0 -999.0 -999.0 -999.0 -999.0 -999.0 -999.0 -999.0 -999.0 -999.0 -999.0 -999.0 -999.0 -999.0 -999.0 -999.0 -999.0 -999.0 -999.0 -999.0 -999.0 -999.0 -999.0 -999.0
1279.7 912.5 1314.3 1121.6 1065.0 1533.3 1540.2 -999.0 1243.0 597.5 831.2 539.3 1031.4 1216.8 941.3 1046.4 1074.2 1053.1 996.4 930.7 842.1 732.6 443.1 675.8 943.7 908.9 1198.9 1327.6 1441.9 967.0 890.8 1111.1 1125.9 1093.9 1283.2 1241.8 1298.9 1381.9 1396.7 1395.9 1402.0 1340.9 1324.5 -999.0 -999.0 -999.0 -999.0 -999.0 -999.0 -999.0 -999.0 -999.0 -999.0 -999.0 -999.0 -999.0 -999.0 -999.0 -999.0 -999.0 -999.0 -999.0 -999.0 -999.0 -999.0 -999.0 -999.0 -999.0 -999.0 -999.0 -999.0
1648.6 1346.1 1186.1 1315.7 957.9 1411.8 -999.0 1553.3 1308.1 1588.2 1091.5 1291.4 888.3 458.9 970.2 873.9 1010.6 713.9 546.0 672.3 897.3 1272.6 1151.6 1291.7 1014.7 1083.9 1073.1 945.8 1034.3 1084.8 1020.7 1163.7 1326.3 1317.0 1436.2 1439.3 1347.0 1309.3 1348.6 1362.6 1361.0 1452.7 1411.4 -999.0 -999.0 -999.0 -999.0 -999.0 -999.0 -999.0 -999.0 -999.0 -999.0 -999.0 -999.0 -999.0 -999.0 -999.0 -999.0 -999.0 -999.0 -999.0 -999.0 -999.0 -999.0 -999.0 -999.0 -999.0 -999.0 -999.0 -999.0
1603.2 1421.4 1635.9 1161.5 1483.5 -999.0 1595.7 1567.9 1429.4 445.4 896.1 309.4 833.8 1116.1 1267.3 876.2 785.1 914.2 732.0 981.9 767.1 643.4 794.8 1310.1 978.2 787.0 746.3 995.7 997.9 1489.0 1242.3 1416.6 1478.2 1499.5 1487.6 1213.8 1218.7 1209.1 1263.8 1258.1 1309.4 1373.4 1466.4 -999.0 -999.0 -999.0 -999.0 -999.0 -999.0 -999.0 -999.0 -999.0 -999.0 -999.0 -999.0 -999.0 -999.0 -999.0 -999.0 -999.0 -999.0 -999.0 -999.0 -999.0 -999.0 -999.0 -999.0 -999.0 -999.0 -999.0 -999.0
1651.3 1582.5 845.4 1663.1 -999.0 1643.0 -999.0 1150.3 1019.9 808.7 1588.9 588.3 895.7 871.0 1067.8 402.3 908.9 397.5 911.5 972.2 520.0 1097.1 1516.5 888.6 552.0 535.4 1083.8 1090.9 1060.9 1177.2 1373.3 1450.3 1456.2 1446.5 1106.0 1319.0 1351.4 1386.9 1358.3 1365.7 1432.9 1430.3 -999.0 -999.0 -999.0 -999.0 -999.0 -999.0 -999.0 -999.0 -999.0 -999.0 -999.0 -999.0 -999.0 -999.0 -999.0 -999.0 -999.0 -999.0 -999.0 -999.0 -999.0 -999.0 -999.0 -999.0 -999.0 -999.0 -999.0 -999.0 -999.0
663.3 831.3 1193.4 1652.5 -999.0 -999.0 1637.8 1513.9 1567.1 1491.0 1048.0 507.8 1369.0 1093.3 460.2 810.0 823.1 550.5 516.8 713.9 1294.3 759.0 770.0 552.8 732.4 961.8 709.3 709.3 1060.6 1299.9 1489.4 1473.7 1340.2 1047.1 1319.1 1467.5 1445.2 1570.3 1556.7 1531.8 -999.0 -999.0 -999.0 -999.0 -999.0 -999.0 -999.0 -999.0 -999.0 -999.0 -999.0 -999.0 -999.0 -999.0 -999.0 -999.0 -999.0 -999.0 -999.0 -999.0 -999.0 -999.0 -999.0 -999.0 -999.0 -999.0 -999.0 -999.0 -999.0 -999.0 -999.0
951.0 1321.3 1535.1 1639.0 -999.0 1654.1 1513.2 1327.2 1089.9 1346.1 1068.1 1472.8 1489.7 1170.4 858.2 999.2 1227.1 1222.5 1048.7 822.7 544.0 1020.6 827.7 915.6 763.0 685.6 924.9 1005.8 1224.9 1398.7 1480.5 1490.4 1267.5 1354.2 1563.3 1601.2 1634.6 1566.6 1589.5 -999.0 -999.0 -999.0 -999.0 -999.0 -999.0 -999.0 -999.0 -999.0 -999.0 -999.0 -999.0 -999.0 -999.0 -999.0 -999.0 -999.0 -999.0 -999.0 -999.0 -999.0 -999.0 -999.0 -999.0 -999.0 -999.0 -999.0 -999.0 -999.0 -999.0 -999.0 -999.0
1478.6 1132.3 1414.0 -999.0 -999.0 1626.2 1105.5 1249.1 995.8 1315.4 1523.0 1218.5 793.4 805.5 939.1 1074.0 969.4 678.9 1042.1 809.9 1190.6 1060.2 820.7 1171.7 1449.4 1442.4 1304.0 1416.2 1488.1 1441.0 1436.2 1607.8 1473.7 1550.8 1609.0 1420.8 1527.6 1470.7 1540.4 -999.0 -999.0 -999.0 -999.0 -999.0 -999.0 -999.0 -999.0 -999.0 -999.0 -999.0 -999.0 -999.0 -999.0 -999.0 -999.0 -999.0 -999.0 -999.0 -999.0 -999.0 -999.0 -999.0 -999.0 -999.0 -999.0 -999.0 -999.0 -999.0 -999.0 -999.0 -999.0
-999.0 -999.0 -999.0 -999.0 1604.5 1202.4 1204.9 1071.6 1159.3 1055.1 771.6 836.1 650.3 1174.7 842.6 1460.7 739.7 1329.9 591.7 1130.6 902.6 531.2 1019.0 1270.8 1087.7 1171.4 1439.5 1455.8 1547.6 1606.5 1496.7 1605.2 1630.6 1510.6 1520.8 1538.2 1514.2 1596.5 1534.2 1605.4 -999.0 -999.0 -999.0 -999.0 -999.0 -999.0 -999.0 -999.0 -999.0 -999.0 -999.0 -999.0 -999.0 -999.0 -999.0 -999.0 -999.0 -999.0 -999.0 -999.0 -999.0 -999.0 -999.0 -999.0 -999.0 -999.0 -999.0 -999.0 -999.0 -999.0 -999.0
-999.0 -999.0 -999.0 -999.0 1567.9 1606.7 1175.3 1037.0 1468.2 919.6 1197.8 1482.3 1028.6 798.3 908.1 1732.3 824.3 912.3 848.9 1141.6 797.2 993.3 909.0 727.1 1019.1 1127.0 1233.7 1350.4 1357.7 1280.4 1244.1 1148.7 1237.7 1459.8 1613.3 1592.2 1379.6 1528.3 1365.4 1454.3 1506.0 -999.0 -999.0 -999.0 -999.0 -999.0 -999.0 -999.0 -999.0 -999.0 -999.0 -999.0 -999.0 -999.0 -999.0 -999.0 -999.0 -999.0 -999.0 -999.0 -999.0 -999.0 -999.0 -999.0 -999.0 -999.0 -999.0 -999.0 -999.0 -999.0 -999.0
-999.0 -999.0 -999.0 1594.4 1577.4 1512.4 1110.8 1341.2 1076.9 1059.2 1254.4 1519.2 946.5 906.1 683.2 1625.0 935.8 1092.1 1044.5 1150.2 1038.0 1527.4 1314.7 1197.7 1227.3 1419.0 1226.8 1039.2 840.3 949.2 1038.0 1202.7 1337.5 1243.8 1599.7 1444.5 1369.1 1357.7 1368.1 1415.9 1485.8 1595.9 -999.0 -999.0 -999.0 -999.0 -999.0 -999.0 -999.0 -999.0 -999.0 -999.0 -999.0 -999.0 -999.0 -999.0 -999.0 -999.0 -999.0 -999.0 -999.0 -999.0 -999.0 -999.0 -999.0 -999.0 -999.0 -999.0 -999.0 -999.0 -999.0
-999.0 -999.0 1595.7 -999.0 1535.9 1348.4 1499.8 1067.9 892.4 1468.0 1591.8 1146.6 715.9 1079.5 1723.0 1429.2 474.1 1348.4 1370.3 1262.0 1230.1 1428.5 1467.2 1551.1 1465.6 1139.6 772.6 836.5 1019.9 1124.1 1310.0 1342.0 1377.1 1275.0 1426.0 1436.5 1555.3 1651.8 1632.0 1626.8 1635.8 -999.0 -999.0 -999.0 -999.0 -999.0 -999.0 -999.0 -999.0 -999.0 -999.0 -999.0 -999.0 -999.0 -999.0 -999.0 -999.0 -999.0 -999.0 -999.0 -999.0 -999.0 -999.0 -999.0 -999.0 -999.0 -999.0 -999.0 -999.0 -999.0 -999.0
-999.0 1635.5 1167.0 -999.0 1629.4 1593.0 1428.6 1347.0 1371.5 1366.7 833.0 1436.0 897.4 883.3 914.1 1268.7 1535.8 754.6 1323.0 1548.0 1639.3 1638.3 1658.6 1675.4 1674.9 1289.3 1493.7 1548.3 1567.3 1393.0 1236.5 1358.7 1376.5 1456.4 1518.5 1494.6 1618.8 -999.0 -999.0 -999.0 -999.0 -999.0 -999.0 -999.0 -999.0 -999.0 -999.0 -999.0 -999.0 -999.0 -999.0 -999.0 -999.0 -999.0 -999.0 -999.0 -999.0 -999.0 -999.0 -999.0 -999.0 -999.0 -999.0 -999.0 -999.0 -999.0 -999.0 -999.0 -999.0 -999.0 -999.0
1627.1 1360.6 1498.1 -999.0 1227.4 1631.2 1302.7 1416.1 1646.7 965.0 972.9 829.5 786.3 1599.5 969.2 979.9 1642.8 1281.9 1187.9 1448.8 1421.3 1339.6 1276.8 1202.5 1648.5 1664.2 1674.8 1594.1 1486.8 1385.8 1269.1 1365.1 1403.1 1405.0 1537.7 -999.0 -999.0 -999.0 -999.0 -999.0 -999.0 -999.0 -999.0 -999.0 -999.0 -999.0 -999.0 -999.0 -999.0 -999.0 -999.0 -999.0 -999.0 -999.0 -999.0 -999.0 -999.0 -999.0 -999.0 -999.0 -999.0 -999.0 -999.0 -999.0 -999.0 -999.0 -999.0 -999.0 -999.0 -999.0 -999.0
864.4 1390.7 -999.0 1600.9 1588.8 1146.3 1420.0 1622.0 979.5 1306.2 940.2 851.7 1141.8 1344.7 966.1 984.1 1701.2 1700.0 1647.2 1552.5 1418.8 1340.0 1106.4 1040.5 1371.3 1554.3 1679.5 1712.6 1560.3 1554.5 1492.5 1471.4 1303.1 1306.1 1573.0 -999.0 -999.0 -999.0 -999.0 -999.0 -999.0 -999.0 -999.0 -999.0 -999.0 -999.0 -999.0 -999.0 -999.0 -999.0 -999.0 -999.0 -999.0 -999.0 -999.0 -999.0 -999.0 -999.0 -999.0 -999.0 -999.0 -999.0 -999.0 -999.0 -999.0 -999.0 -999.0 -999.0 -999.0 -999.0 -999.0
1682.5 1678.1 -999.0 1643.9 943.7 1324.4 -999.0 1498.6 1054.5 1306.0 1039.3 1145.5 1057.3 1592.9 1590.2 1379.3 1531.0 1543.1 1402.9 1584.6 822.2 848.5 1003.7 1038.3 1349.7 1643.3 1653.7 1753.7 1782.7 1708.5 1681.2 1587.9 1654.2 -999.0 -999.0 -999.0 -999.0 -999.0 1542.0 1586.6 1582.2 1681.7 -999.0 -999.0 -999.0 -999.0 -999.0 -999.0 -999.0 -999.0 -999.0 -999.0 -999.0 -999.0 -999.0 -999.0 -999.0 -999.0 -999.0 -999.0 -999.0 -999.0 -999.0 -999.0 -999.0 -999.0 -999.0 -999.0 -999.0 -999.0 -999.0
1391.1 -999.0 -999.0 1179.5 1643.1 1013.5 -999.0 1531.7 959.8 1388.7 1679.9 843.8 1648.1 1724.0 1694.0 1670.9 1494.3 1325.3 1066.1 1362.3 1346.9 1474.0 1469.2 1521.4 1450.6 1451.1 1440.3 1533.5 1649.6 1565.4 1506.7 1558.4 1658.6 1687.6 1679.3 -999.0 -999.0 1659.4 1609.0 1545.7 1663.5 1662.9 1657.8 1680.1 -999.0 -999.0 -999.0 -999.0 -999.0 -999.0 -999.0 -999.0 -999.0 -999.0 -999.0 -999.0 -999.0 -999.0 -999.0 -999.0 -999.0 -999.0 -999.0 -999.0 -999.0 -999.0 -999.0 -999.0 -999.0 -999.0 -999.0
1734.8 -999.0 -999.0 1668.1 1357.3 1123.6 1680.2 1346.0 1560.4 1414.1 1323.1 1199.1 1697.4 1537.6 1268.4 1320.3 1384.4 1619.2 1597.3 1527.5 1581.6 1531.8 1533.9 1526.2 1447.7 1347.3 1354.8 1446.1 1317.5 1278.8 1501.5 1598.1 1603.5 1626.1 1550.7 1650.4 1610.6 1515.9 1532.0 1629.9 1539.8 1315.7 1354.5 1247.1 1650.1 -999.0 -999.0 -999.0 -999.0 -999.0 -999.0 -999.0 -999.0 -999.0 -999.0 -999.0 -999.0 -999.0 -999.0 -999.0 -999.0 -999.0 -999.0 -999.0 -999.0 -999.0 -999.0 -999.0 -999.0 -999.0 -999.0
-999.0 -999.0 -999.0 1395.1 1021.8 1455.5 1311.4 1682.2 1352.6 1488.0 1755.7 1754.2 -999.0 1307.5 1006.2 1377.4 1533.9 1664.9 1655.4 1679.2 1666.0 1527.8 1551.0 1514.0 1320.2 1296.5 1263.1 1337.0 1392.0 1388.5 1465.8 1456.4 1443.1 1330.5 1482.0 1609.8 1403.6 1463.0 1439.1 1479.3 1320.0 1149.2 1147.4 1102.9 1304.4 1249.7 1195.3 1590.3 -999.0 -999.0 -999.0 -999.0 -999.0 -999.0 -999.0 -999.0 -999.0 -999.0 -999.0 -999.0 -999.0 -999.0 -999.0 -999.0 -999.0 -999.0 -999.0 -999.0 -999.0 -999.0 -999.0
-999.0 -999.0 -999.0 1389.3 1516.8 1651.2 1058.4 1703.7 -999.0 1732.8 1595.7 1764.6 -999.0 1265.0 883.2 1282.5 1388.0 1616.3 1707.4 1627.7 1633.1 1754.6 1714.0 1616.0 1481.9 1249.0 1208.6 1191.9 1304.1 1295.3 1208.2 1163.9 1039.5 1161.1 1431.0 1549.1 1377.9 1343.3 1311.6 942.1 899.9 1097.7 1122.5 1221.4 1265.8 1267.6 1484.7 1492.0 -999.0 -999.0 -999.0 -999.0 -999.0 -999.0 -999.0 -999.0 -999.0 -999.0 -999.0 -999.0 -999.0 -999.0 -999.0 -999.0 -999.0 -999.0 -999.0 -999.0 -999.0 -999.0 -999.0
-999.0 -999.0 -999.0 -999.0 1533.9 1331.4 1487.7 1761.6 -999.0 -999.0 1645.8 1755.6 1642.8 1344.3 1079.6 1492.8 1422.8 1265.1 1420.8 1450.7 1557.3 1430.6 1643.9 1740.7 1587.5 1433.2 1247.2 1161.5 1039.6 1154.3 997.6 980.7 1132.3 1224.3 1217.4 1292.3 1231.9 1118.0 1042.5 1085.1 935.3 1075.7 1154.0 1213.0 1528.0 1530.5 1418.3 1378.6 1415.4 -999.0 -999.0 -999.0 -999.0 -999.0 -999.0 -999.0 -999.0 -999.0 -999.0 -999.0 -999.0 -999.0 -999.0 -999.0 -999.0 -999.0 -999.0 -999.0 -999.0 -999.0 -999.0
-999.0 -999.0 -999.0 1738.7 1434.9 1361.0 -999.0 -999.0 -999.0 -999.0 -999.0 1745.8 1780.3 1287.2 1377.7 1614.6 1450.8 1279.4 1178.6 1295.2 1437.3 1465.8 1401.2 1508.9 1640.8 1391.3 1164.4 1216.6 1195.6 1148.9 1010.5 1095.4 1200.5 1150.9 1163.5 946.7 1001.6 1141.8 1177.2 1286.0 1104.2 1150.7 1248.1 1239.5 1487.3 1561.7 1557.0 1560.3 1569.2 -999.0 -999.0 -999.0 -999.0 -999.0 -999.0 -999.0 -999.0 -999.0 -999.0 -999.0 -999.0 -999.0 -999.0 -999.0 -999.0 -999.0 -999.0 -999.0 -999.0 -999.0 -999.0
-999.0 1678.2 -999.0 1290.3 1442.6 1719.4 1798.4 1421.2 1278.1 -999.0 -999.0 -999.0 1758.8 1488.9 1532.6 1566.2 1538.0 1408.7 1231.4 1167.6 1149.6 1159.0 1278.3 1311.5 1394.9 1625.4 1226.0 1277.9 1272.8 1249.1 1293.5 1293.2 1053.8 1164.3 957.7 768.1 869.6 1060.9 1088.4 1336.0 1250.1 1285.4 1286.1 1290.2 1498.4 1562.6 1590.2 1573.7 1539.4 1579.8 -999.0 -999.0 -999.0 -999.0 -999.0 -999.0 -999.0 -999.0 -999.0 -999.0 -999.0 -999.0 -999.0 -999.0 -999.0 -999.0 -999.0 -999.0 -999.0 -999.0 -999.0
-999.0 -999.0 1733.5 1243.9 1425.9 1764.8 1335.1 1117.0 995.2 1663.1 -999.0 -999.0 -999.0 1714.3 1665.1 1700.0 1642.2 1555.7 1466.1 1267.1 1233.2 1253.6 1339.7 1334.3 1316.9 1311.3 1380.0 1337.6 1321.2 1159.6 1220.1 1007.1 1330.3 1211.4 1324.7 1272.8 899.4 924.3 1138.2 1248.1 1385.0 1418.8 1418.6 1420.3 1529.0 1552.5 1611.7 1547.4 1509.6 1588.9 1631.0 -999.0 -999.0 -999.0 -999.0 -999.0 -999.0 -999.0 -999.0 -999.0 -999.0 -999.0 -999.0 -999.0 -999.0 -999.0 -999.0 -999.0 -999.0 -999.0 -999.0
-999.0 -999.0 1554.9 1390.1 1175.5 1760.3 1761.2 1265.3 1147.5 1735.2 -999.0 -999.0 -999.0 -999.0 -999.0 1702.6 1694.3 1684.1 1656.3 1552.8 1464.7 1300.6 1055.8 1079.7 1213.1 1285.7 1364.1 1246.1 1284.8 1261.0 1306.3 1068.2 1367.2 1281.1 1255.5 1331.9 1500.8 1317.5 1443.2 1315.2 1482.1 1390.8 1453.7 1600.7 1623.1 1619.6 1596.3 1621.4 1423.7 1455.6 1548.9 1645.0 -999.0 -999.0 -999.0 -999.0 -999.0 -999.0 -999.0 -999.0 -999.0 -999.0 -999.0 -999.0 -999.0 -999.0 -999.0 -999.0 -999.0 -999.0 -999.0
-999.0 -999.0 1443.8 1223.2 1336.7 -999.0 1757.8 1653.7 944.9 1575.6 -999.0 -999.0 -999.0 -999.0 -999.0 1692.9 1612.9 1467.3 1554.1 1342.4 1124.3 1151.7 997.0 963.7 1038.6 1226.3 1137.1 1215.0 1283.1 1118.1 1043.1 1370.3 667.5 1145.0 933.1 1218.7 1031.0 1084.6 1488.8 1294.0 1430.8 1507.7 1584.4 1535.4 1415.2 1371.2 1473.1 1435.1 1620.3 1455.3 1318.9 1578.9 1569.1 1648.5 -999.0 -999.0 -999.0 -999.0 -999.0 -999.0 -999.0 -999.0 -999.0 -999.0 -999.0 -999.0 -999.0 -999.0 -999.0 -999.0 -999.0
-999.0 -999.0 1482.3 1463.7 1667.1 -999.0 -999.0 1326.9 1051.0 1219.9 -999.0 -999.0 -999.0 -999.0 -999.0 1707.7 1694.5 1521.3 1518.8 1407.0 1212.7 1323.3 1210.1 1192.0 1029.4 1130.1 1109.3 1178.4 999.7 724.2 889.4 1026.2 572.4 730.6 1087.6 1048.1 1225.0 1411.3 1336.4 1296.0 1424.2 1393.6 1412.5 1535.9 1460.9 1435.6 1283.4 1051.6 1288.9 1408.8 1376.4 1386.4 1587.0 1644.0 -999.0 -999.0 -999.0 -999.0 -999.0 -999.0 -999.0 -999.0 -999.0 -999.0 -999.0 -999.0 -999.0 -999.0 -999.0 -999.0 -999.0
-999.0 -999.0 1662.8 1586.5 -999.0 -999.0 -999.0 1730.2 1526.6 1430.7 -999.0 -999.0 -999.0 -999.0 -999.0 1702.4 1647.9 1556.9 1498.0 1418.8 1306.2 1202.0 930.7 850.9 1049.7 994.6 1191.4 1200.8 1175.2 899.8 1188.6 780.4 873.4 1031.0 951.9 913.0 1324.8 1165.4 1370.9 1291.9 1324.6 1533.9 1407.2 1335.1 1307.9 1353.9 889.9 900.1 1009.2 1404.7 1383.0 1378.6 1510.2 1554.3 -999.0 -999.0 -999.0 -999.0 -999.0 -999.0 -999.0 -999.0 -999.0 -999.0 -999.0 -999.0 -999.0 -999.0 -999.0 -999.0 -999.0
-999.0 1335.9 1475.1 1166.9 1804.7 -999.0 -999.0 -999.0 -999.0 -999.0 -999.0 -999.0 -999.0 -999.0 1538.3 1588.4 1483.7 1479.1 1408.6 1279.8 1293.2 1136.3 1093.6 934.2 1099.3 1159.6 997.7 1080.0 912.3 840.5 849.9 660.9 724.6 1087.9 1007.2 952.5 1069.7 1214.3 1200.8 1423.9 1332.0 1273.7 1452.2 1290.6 1263.2 1000.7 975.7 810.7 999.0 1425.8 1469.0 1549.2 1478.7 1521.1 -999.0 -999.0 -999.0 -999.0 -999.0 -999.0 -999.0 -999.0 -999.0 -999.0 -999.0 -999.0 -999.0 -999.0 -999.0 -999.0 -999.0
-999.0 1226.0 1303.2 1451.4 1791.1 -999.0 -999.0 -999.0 -999.0 -999.0 -999.0 -999.0 -999.0 -999.0 1296.6 1642.4 1468.5 1258.3 1112.7 1134.5 1236.2 1241.2 1202.7 1385.1 1248.3 975.5 969.8 1060.4 1043.0 1138.7 1251.2 699.2 1079.4 1035.0 1073.7 1057.6 1130.0 1261.7 1448.7 1207.9 1279.2 1303.5 1334.3 1256.7 1067.3 954.1 1059.3 988.5 1046.2 1406.0 1581.6 1581.7 1401.2 1603.6 -999.0 -999.0 -999.0 -999.0 -999.0 -999.0 -999.0 -999.0 -999.0 -999.0 -999.0 -999.0 -999.0 -999.0 -999.0 -999.0 -999.0
