GDD/GrowingDegreeDays_1962_Actual.txt
ncols         180
nrows         290
xllcorner     -200000
yllcorner     -200000
cellsize      5000
NODATA_value    -999
[rows 192 to 223 of 290, columns 72 to 143 of 180]
-999.0 -999.0 -999.0 -999.0 -999.0 -999.0 -999.0 -999.0 -999.0 -999.0 -999.0 -999.0 -999.0 -999.0 -999.0 -999.0 -999.0 -999.0 -999.0 -999.0 1398.2 1166.6 1006.0 863.1 683.6 770.0 983.4 1172.2 1294.4 1197.0 1049.6 957.9 903.8 1116.5 1266.9 1240.9 1157.3 1168.9 1297.5 1107.3 1183.8 1194.3 1295.5 1257.9 1368.2 1423.8 1400.6 1363.0 1437.7 1484.9 1475.0 1448.9 1430.4 1358.8 1404.8 1425.5 1387.7 1331.4 1304.6 1287.9 1251.5 1299.2 1327.6 1256.5 1283.3 1307.8 1341.9 1351.4 1432.6 1430.4 1413.0 1490.9
-999.0 -999.0 -999.0 -999.0 -999.0 -999.0 -999.0 -999.0 -999.0 -999.0 -999.0 -999.0 -999.0 -999.0 -999.0 -999.0 -999.0 -999.0 -999.0 1581.0 1425.1 1210.1 998.6 896.2 915.3 933.2 1049.1 982.2 732.4 934.1 944.6 975.6 1156.4 1248.5 1193.3 1177.0 1276.2 1285.7 1240.8 1140.2 1159.2 1192.2 1308.0 1264.4 1406.1 1401.0 1288.8 1389.7 1381.4 1389.3 1417.4 1383.5 1411.6 1382.2 1454.8 1467.9 1397.3 1376.0 1383.9 1312.0 1320.6 1247.0 1297.6 1263.1 1333.9 1336.7 1353.5 1420.6 1447.8 1401.6 1413.2 1484.8
-999.0 -999.0 -999.0 -999.0 -999.0 -999.0 -999.0 -999.0 -999.0 -999.0 -999.0 -999.0 -999.0 -999.0 -999.0 -999.0 -999.0 -999.0 -999.0 1331.6 1262.8 1221.8 1179.5 1035.9 781.2 802.4 864.8 972.3 940.7 880.4 844.6 857.4 1137.8 1053.3 997.5 1278.0 1127.0 1364.4 1298.6 1179.7 1068.8 1283.1 1277.1 1405.0 1452.1 1411.4 1355.9 1181.6 1303.8 1326.1 1349.5 1353.6 1372.4 1381.0 1443.0 1434.3 1427.9 1400.3 1450.3 1412.4 1299.1 1258.8 1276.1 1252.6 1335.1 1396.2 1424.3 1460.5 1438.2 1405.3 1427.5 1468.8
-999.0 -999.0 -999.0 -999.0 -999.0 -999.0 -999.0 -999.0 -999.0 -999.0 -999.0 -999.0 -999.0 -999.0 -999.0 -999.0 -999.0 -999.0 -999.0 1361.0 1283.2 1421.2 1253.4 1048.2 779.5 881.3 850.3 1021.3 921.0 969.9 1075.9 1016.6 1002.2 1071.0 1195.4 1317.1 1301.0 1113.4 1346.3 1327.4 1299.8 1311.5 1249.4 1383.9 1493.4 1457.0 1374.4 1344.0 1372.5 1318.9 1333.4 1344.3 1346.2 1420.8 1421.1 1370.3 1411.8 1396.5 1460.5 1387.3 1283.0 1272.2 1348.6 1362.3 1330.3 1411.9 1409.2 1492.5 1431.6 1425.7 1487.9 1508.1
-999.0 -999.0 -999.0 -999.0 -999.0 -999.0 -999.0 -999.0 -999.0 -999.0 -999.0 -999.0 -999.0 -999.0 -999.0 -999.0 -999.0 -999.0 1454.6 1257.7 1029.8 1153.3 1236.2 987.4 919.0 810.2 812.8 1167.6 1160.4 1196.2 1087.6 992.7 1134.5 1144.0 1062.7 1233.0 1310.6 1337.6 1396.8 1420.2 1394.1 1343.9 1390.9 1444.1 1483.8 1502.2 1481.9 1430.5 1403.0 1440.8 1386.5 1390.9 1355.3 1414.3 1407.3 1403.2 1438.4 1449.9 1436.6 1334.1 1331.9 1334.4 1421.4 1387.0 1388.9 1411.1 1476.8 1437.2 1432.9 1434.7 1437.6 1490.7
-999.0 -999.0 -999.0 -999.0 -999.0 -999.0 -999.0 -999.0 -999.0 -999.0 -999.0 -999.0 -999.0 -999.0 -999.0 -999.0 -999.0 1346.0 1268.2 1144.4 1212.3 1267.5 1028.6 834.6 804.6 947.7 896.0 1169.0 1092.9 1185.3 1213.5 824.8 1112.5 1082.9 1313.5 1320.8 1401.3 1401.3 1377.3 1297.3 1383.6 1263.6 1423.2 1430.9 1562.1 1570.3 1522.1 1493.5 1480.4 1486.4 1439.7 1398.0 1383.2 1473.6 1434.3 1422.4 1398.1 1392.4 1377.6 1324.0 1365.3 1332.5 1423.0 1426.9 1486.6 1482.4 1404.5 1386.1 1425.4 1424.3 1451.4 1518.4
-999.0 -999.0 -999.0 -999.0 -999.0 -999.0 -999.0 -999.0 -999.0 -999.0 -999.0 -999.0 -999.0 -999.0 -999.0 1318.1 1313.6 1324.3 1413.2 1380.9 1272.8 1208.1 954.7 858.5 774.4 748.4 907.0 1057.3 1292.1 1133.7 1187.1 934.6 1140.7 1275.4 1362.5 1440.8 1406.4 1455.1 1381.0 1270.6 1328.1 1334.0 1526.0 1544.6 1580.5 1587.7 1500.6 1490.0 1476.1 1518.3 1461.6 1429.1 1454.2 1437.8 1482.9 1369.5 1361.3 1308.5 1271.3 1301.3 1335.4 1394.0 1440.7 1417.1 1395.9 1420.1 1395.4 1464.8 1436.6 1439.8 1476.7 1521.6
-999.0 -999.0 -999.0 -999.0 -999.0 -999.0 -999.0 -999.0 -999.0 -999.0 -999.0 1611.0 1597.0 1580.2 1219.2 1112.3 1041.6 1034.4 1242.5 1274.6 1296.9 939.0 990.5 851.6 847.3 893.1 1110.7 1213.9 1337.4 1223.7 1261.3 877.0 1010.5 1195.0 1401.4 1388.2 1411.9 1263.0 1435.9 1304.8 1307.8 1382.8 1506.8 1615.3 1640.4 1554.7 1540.1 1527.0 1440.8 1505.4 1486.3 1514.3 1460.9 1423.6 1396.9 1421.1 1343.4 1361.3 1325.9 1262.2 1273.7 1304.5 1352.2 1352.7 1374.1 1416.9 1452.3 1417.5 1505.9 1503.4 1509.6 1523.7
-999.0 -999.0 -999.0 -999.0 -999.0 -999.0 -999.0 -999.0 -999.0 -999.0 1426.9 1494.7 1357.2 1353.2 1329.4 1123.9 1161.8 1124.5 1300.6 1412.7 1141.2 1030.8 921.8 1165.5 807.3 989.3 1157.0 906.5 1129.3 1358.1 937.7 1091.9 1172.3 1467.6 1490.9 1452.2 1228.9 1441.2 1438.7 1406.3 1405.6 1365.8 1496.8 1546.8 1667.8 1586.2 1567.9 1536.8 1475.0 1481.3 1486.1 1483.7 1461.4 1386.2 1389.7 1263.1 1382.8 1394.9 1354.0 1294.1 1337.0 1350.4 1401.0 1422.3 1396.4 1431.6 1409.9 1476.8 1510.3 1499.9 1477.0 1520.5
-999.0 -999.0 -999.0 -999.0 -999.0 -999.0 -999.0 -999.0 -999.0 1392.6 1361.9 1492.6 1448.7 1417.7 1313.9 1347.7 1267.8 1325.3 1305.1 1007.8 1187.6 1253.5 934.1 1312.5 1041.9 985.3 808.1 927.8 947.7 1125.9 1166.2 1251.6 1462.3 1156.7 1201.8 1457.5 1434.3 1499.5 1531.1 1443.8 1469.2 1512.1 1483.2 1502.5 1664.8 1619.4 1596.5 1539.8 1537.9 1525.0 1495.1 1334.4 1424.5 1417.9 1369.5 1318.4 1356.0 1389.8 1346.9 1300.8 1315.0 1300.7 1363.0 1437.4 1458.5 1483.2 1422.4 1455.5 1507.5 1444.5 1457.6 1530.0
-999.0 -999.0 -999.0 -999.0 -999.0 1641.8 1396.3 1489.7 1320.6 1451.2 1409.4 1337.2 1399.4 1406.5 1230.9 1298.6 1263.0 1292.3 1119.0 1132.3 1254.0 1184.2 1162.0 1229.9 1178.6 933.2 906.6 1049.4 1110.9 1028.3 1201.3 1420.4 1103.7 1048.7 1232.0 1221.2 1425.9 1449.2 1542.1 1510.7 1325.8 1509.6 1401.9 1575.3 1637.5 1616.5 1584.2 1408.3 1508.0 1466.8 1217.2 1418.1 1409.4 1406.2 1352.5 1290.1 1379.3 1375.8 1360.9 1380.9 1351.3 1358.5 1404.7 1454.2 1438.4 1474.3 1451.0 1429.2 1448.4 1492.6 1514.0 1583.7
-999.0 -999.0 -999.0 -999.0 1591.4 1435.6 1437.0 1395.5 1191.8 966.1 1051.3 1092.8 1299.2 1203.4 1084.0 1168.2 1201.7 1073.0 1227.8 1275.8 1105.7 1293.5 1405.9 1285.7 1222.7 1036.3 1042.5 1078.7 1143.5 1175.3 1260.9 1190.6 700.6 945.3 1186.0 1364.0 1341.0 1446.1 1349.4 1491.2 1442.9 1529.9 1555.3 1583.1 1587.8 1613.1 1612.7 1517.8 1458.0 1219.8 1217.5 1286.0 1375.8 1411.5 1221.6 1322.2 1376.2 1367.9 1408.8 1365.6 1375.4 1391.9 1448.0 1387.6 1413.8 1461.1 1353.1 1380.2 1478.6 1504.0 1521.1 1571.3
-999.0 -999.0 1682.4 1565.1 1517.0 1408.1 1445.6 1381.5 1265.4 1239.8 1296.4 1379.6 1203.6 1289.3 1155.2 1385.9 1305.5 1134.4 1209.4 1350.7 1262.6 1467.9 1439.8 1150.3 1057.8 1115.6 1212.4 1089.5 1301.7 1351.5 1340.1 1048.6 902.5 898.9 1350.6 1304.5 1330.4 1345.6 1423.3 1551.5 1447.2 1503.6 1531.2 1594.2 1582.8 1650.0 1653.8 1526.6 1442.5 1227.0 1262.2 1328.4 1417.5 1360.4 1246.3 1288.7 1326.3 1381.5 1385.2 1401.8 1426.8 1444.6 1436.1 1404.2 1386.7 1414.0 1425.0 1440.5 1497.5 1463.4 1425.1 1529.9
-999.0 -999.0 1707.8 -999.0 1649.9 1588.7 1440.1 1497.1 1412.8 1412.9 1347.4 1384.8 1342.0 1241.7 1370.5 1316.5 1446.6 1484.3 1487.6 1485.3 1484.2 1266.3 1317.9 1037.0 647.6 1093.6 1067.7 1080.5 859.9 883.0 1398.0 1447.3 806.9 1096.0 1264.9 1238.0 1188.9 1374.7 1527.3 1589.8 1422.2 1417.0 1533.8 1616.3 1644.5 1620.6 1677.8 1549.9 1293.4 1222.5 1331.7 1410.6 1443.8 1441.1 1412.4 1339.0 1398.6 1432.7 1463.7 1484.6 1491.4 1477.2 1391.3 1414.4 1443.7 1427.8 1469.4 1470.9 1449.8 1512.3 1498.5 1508.5
-999.0 -999.0 -999.0 -999.0 -999.0 1492.7 1569.5 1573.6 1473.7 1520.1 1457.5 1440.8 1381.7 1450.6 1474.5 1415.0 1442.0 1360.8 1469.8 1262.0 1459.5 1220.7 1077.3 1026.9 883.4 806.9 955.2 857.3 785.9 1129.3 1036.9 1175.2 1540.0 1140.9 1191.7 1466.6 1435.5 1565.9 1397.5 1438.2 1254.5 1343.1 1549.0 1600.6 1654.6 1699.3 1561.3 1318.8 1363.8 1219.6 1351.2 1421.5 1392.5 1456.2 1338.8 1447.2 1452.4 1513.5 1544.5 1533.4 1494.8 1473.5 1463.0 1491.3 1495.7 1497.5 1452.6 1390.5 1367.6 1444.5 1489.0 1448.9
-999.0 -999.0 -999.0 -999.0 1627.1 1568.8 1538.7 1556.5 1576.4 1427.7 1345.2 1262.9 1341.0 1419.0 1460.3 1533.9 1481.0 1246.9 1487.5 1366.7 1582.1 1434.9 1359.5 1351.1 1361.9 1117.5 1156.8 997.1 987.3 868.0 1019.8 1039.4 1163.7 900.1 1335.8 1452.2 1494.7 1393.0 1429.5 1271.6 1345.9 1350.4 1578.9 1607.4 1604.4 1343.7 1277.6 1275.7 1227.4 1357.3 1342.4 1364.4 1404.4 1443.8 1444.5 1460.1 1526.3 1593.9 1616.3 1584.3 1479.9 1450.8 1426.1 1471.3 1511.9 1495.3 1420.1 1295.4 1428.3 1411.3 1419.0 1476.6
-999.0 -999.0 -999.0 1725.9 1656.0 1614.3 1590.6 1599.6 1598.0 1584.6 1515.1 1570.4 1536.9 1567.1 1571.0 1541.3 1513.9 1486.0 1284.1 1548.7 1236.2 1317.2 1287.1 1153.2 1209.6 1322.3 1301.2 1161.9 1223.0 1087.7 1121.1 1270.3 1008.9 1036.6 1444.1 1337.3 1537.5 1498.3 1367.3 1330.1 1435.7 1467.6 1539.8 1586.8 1417.6 1458.1 1305.1 1298.6 1342.6 1329.8 1369.2 1423.5 1424.6 1481.2 1513.0 1528.5 1579.8 1534.3 1666.8 1553.8 1532.7 1495.9 1500.1 1502.3 1490.9 1425.0 1323.5 1354.8 1391.9 1418.9 1450.6 1469.7
-999.0 -999.0 -999.0 -999.0 -999.0 1723.8 1662.1 1632.0 1597.1 1589.9 1569.3 -999.0 -999.0 -999.0 -999.0 1615.6 1533.8 1405.9 1583.5 1665.4 1542.6 1509.5 1468.6 1412.0 1587.6 910.3 893.5 1230.4 1319.7 1313.7 1189.4 1150.3 1077.8 1313.6 1415.3 1452.4 1558.9 1272.8 1429.2 1361.1 1568.4 1548.3 1545.8 1565.1 1339.3 1464.2 1331.8 1333.2 1400.3 1404.9 1432.4 1459.2 1499.6 1524.7 1539.2 1536.3 1571.2 1531.5 1628.0 1548.1 1481.4 1490.8 1470.6 1469.2 1387.8 1403.8 1364.6 1362.6 1400.1 1515.4 1519.9 1531.5
-999.0 -999.0 -999.0 -999.0 -999.0 1752.8 1632.5 1551.8 1692.5 1585.4 1708.2 -999.0 -999.0 -999.0 -999.0 -999.0 -999.0 -999.0 1687.2 1705.8 1668.3 1764.4 1643.5 1442.2 1135.5 982.8 865.8 948.7 1105.3 1237.2 1232.6 1359.2 1214.6 1227.9 1490.9 1567.0 1307.1 1331.5 1349.3 1617.1 1622.6 1570.8 1581.4 1429.3 1349.8 1360.1 1356.1 1406.3 1434.5 1459.0 1479.0 1487.7 1492.1 1508.2 1456.4 1512.7 1556.2 1614.6 1602.4 1515.3 1468.5 1464.9 1358.3 1376.8 1465.3 1378.1 1379.3 1425.9 1472.3 1533.9 1579.7 1555.9
-999.0 -999.0 -999.0 -999.0 -999.0 -999.0 -999.0 1722.1 -999.0 -999.0 -999.0 -999.0 -999.0 -999.0 -999.0 -999.0 1553.6 1551.9 1597.7 1563.5 1704.2 1788.3 1787.2 1599.0 1345.0 1072.3 1002.3 1077.5 1380.1 1408.1 1136.6 1279.5 1346.5 1511.8 1608.6 1674.1 1485.3 1529.2 1554.5 1649.4 1634.7 1554.1 1555.7 1299.1 1249.7 1341.8 1365.5 1439.0 1455.2 1470.1 1498.9 1458.2 1484.4 1458.9 1514.4 1530.5 1554.3 1564.6 1543.3 1437.6 1407.6 1347.0 1273.6 1379.7 1374.5 1523.5 1444.1 1477.9 1538.6 1525.0 1593.4 1604.1
-999.0 -999.0 -999.0 -999.0 -999.0 -999.0 -999.0 -999.0 -999.0 -999.0 -999.0 -999.0 -999.0 -999.0 -999.0 -999.0 1577.0 1570.9 1733.2 1644.0 1579.2 -999.0 -999.0 1802.9 1348.3 1485.6 1331.3 1378.1 1375.9 1333.0 1257.5 1519.7 1566.9 1577.0 1652.2 1686.1 1686.0 1693.5 1686.3 1660.8 1538.4 1535.1 1472.8 1285.6 1347.5 1383.5 1430.3 1454.9 1425.6 1447.9 1486.5 1476.9 1498.5 1470.4 1439.8 1430.6 1469.4 1423.4 1487.2 1471.1 1400.8 1233.9 1379.3 1368.9 1441.0 1588.4 1496.8 1532.7 1590.3 1649.2 1693.3 1709.1
-999.0 -999.0 -999.0 -999.0 -999.0 -999.0 -999.0 -999.0 -999.0 -999.0 -999.0 -999.0 -999.0 -999.0 -999.0 -999.0 -999.0 -999.0 -999.0 -999.0 -999.0 -999.0 -999.0 1801.1 1680.3 1448.1 1422.5 1536.6 1551.1 1538.7 1500.0 1590.8 1660.7 1669.7 1678.9 1715.1 1725.3 -999.0 1736.2 1685.3 1584.0 1563.2 1472.0 1319.2 1373.0 1383.8 1445.8 1521.5 1512.5 1439.4 1490.5 1476.4 1373.9 1323.3 1347.0 1318.8 1269.6 1346.5 1368.4 1392.0 1403.9 1351.7 1446.8 1418.9 1492.2 1539.6 1576.0 1611.2 1609.7 1649.6 1720.7 1745.6
-999.0 -999.0 -999.0 -999.0 -999.0 -999.0 -999.0 -999.0 -999.0 -999.0 -999.0 -999.0 -999.0 -999.0 -999.0 -999.0 -999.0 -999.0 -999.0 -999.0 -999.0 -999.0 -999.0 -999.0 1740.3 1627.3 1544.4 1478.6 1457.6 1572.7 1613.1 1637.7 1723.5 -999.0 -999.0 -999.0 -999.0 1725.6 1737.6 1638.2 1611.3 1583.5 1489.3 1336.1 1390.7 1362.2 1415.1 1537.3 1447.1 1442.9 1339.0 1394.3 1251.8 1312.8 1301.2 1346.6 1318.8 1319.5 1381.2 1352.4 1534.1 1531.4 1511.8 1580.5 1545.8 1590.9 1619.9 1638.6 1701.6 1746.5 1718.3 1707.3
-999.0 -999.0 -999.0 -999.0 -999.0 -999.0 -999.0 -999.0 -999.0 -999.0 -999.0 -999.0 -999.0 -999.0 -999.0 -999.0 -999.0 -999.0 -999.0 -999.0 -999.0 -999.0 -999.0 -999.0 -999.0 1708.5 1499.5 1504.0 1527.2 1478.7 1581.4 1676.3 -999.0 -999.0 -999.0 -999.0 1636.1 1550.0 1502.7 1674.3 1656.7 1630.2 1434.0 1355.0 1354.8 1346.8 1401.3 1434.0 1467.0 1338.2 1217.3 1273.9 1270.9 1333.8 1327.0 1349.2 1427.9 1397.4 1412.1 1472.6 1518.8 1566.1 1680.4 1584.6 1555.1 1582.2 1557.1 1551.6 1686.0 1745.5 1745.2 1773.1
-999.0 -999.0 -999.0 -999.0 -999.0 -999.0 -999.0 -999.0 -999.0 -999.0 -999.0 -999.0 -999.0 -999.0 -999.0 -999.0 -999.0 -999.0 -999.0 -999.0 -999.0 -999.0 -999.0 -999.0 -999.0 -999.0 1692.0 1610.0 1619.8 1521.0 1649.5 1673.0 -999.0 -999.0 -999.0 1664.5 1647.1 1593.9 1483.2 1521.5 1554.2 1649.5 1529.6 1585.8 1407.1 1371.1 1439.7 1355.1 1300.0 1302.4 1310.8 1251.0 1306.5 1358.6 1388.7 1442.5 1456.6 1460.2 1451.4 1440.5 1502.9 1570.1 1549.3 1488.1 1475.9 1550.7 1547.9 1558.8 1622.2 1701.9 1741.4 1770.2
-999.0 -999.0 -999.0 -999.0 -999.0 -999.0 -999.0 -999.0 -999.0 -999.0 -999.0 -999.0 -999.0 -999.0 -999.0 -999.0 -999.0 -999.0 -999.0 -999.0 -999.0 -999.0 -999.0 -999.0 -999.0 -999.0 -999.0 -999.0 -999.0 -999.0 -999.0 -999.0 -999.0 -999.0 1641.6 1632.9 1637.9 1616.1 1453.1 1586.6 1544.0 1491.8 1504.0 1520.8 1469.6 1537.3 1500.8 1457.9 1376.0 1385.3 1363.6 1341.7 1314.4 1337.9 1364.0 1273.6 1389.4 1369.2 1418.5 1411.2 1448.6 1520.3 1501.2 1486.1 1481.9 1465.5 1543.8 1575.4 1603.2 1636.1 1674.5 1646.5
-999.0 -999.0 -999.0 -999.0 -999.0 -999.0 -999.0 -999.0 -999.0 -999.0 -999.0 -999.0 -999.0 -999.0 -999.0 -999.0 -999.0 -999.0 -999.0 -999.0 -999.0 -999.0 -999.0 -999.0 -999.0 -999.0 -999.0 -999.0 -999.0 -999.0 -999.0 -999.0 -999.0 -999.0 1744.9 1547.1 1562.0 1184.8 1293.2 1549.8 1516.4 1481.4 1466.4 1438.9 1525.3 1551.5 1516.5 1475.6 1378.1 1416.6 1457.8 1334.6 1308.4 1223.1 1324.3 1308.0 1220.4 1328.1 1375.2 1425.4 1491.8 1515.1 1523.9 1524.5 1536.6 1569.8 1516.1 1528.1 1593.3 1604.5 1585.4 1541.3
-999.0 -999.0 -999.0 -999.0 -999.0 -999.0 -999.0 -999.0 -999.0 -999.0 -999.0 -999.0 -999.0 -999.0 -999.0 -999.0 -999.0 -999.0 -999.0 -999.0 -999.0 -999.0 -999.0 -999.0 -999.0 -999.0 -999.0 -999.0 -999.0 -999.0 -999.0 -999.0 -999.0 -999.0 1714.9 1666.4 1636.2 1447.2 1205.5 1309.4 1402.9 1484.7 1392.6 1489.0 1492.2 1529.4 1368.3 1315.3 1262.6 1328.6 1403.4 1374.3 1377.1 1359.7 1334.3 1325.2 1376.9 1375.0 1386.5 1419.1 1480.4 1530.4 1564.8 1561.8 1529.5 1561.2 1512.3 1513.2 1545.1 1501.8 1377.3 1449.2
-999.0 -999.0 -999.0 -999.0 -999.0 -999.0 -999.0 -999.0 -999.0 -999.0 -999.0 -999.0 -999.0 -999.0 -999.0 -999.0 -999.0 1898.9 1775.0 1796.5 1143.3 1089.3 1102.0 1137.5 1061.0 1715.9 1327.8 1808.9 -999.0 -999.0 -999.0 -999.0 -999.0 -999.0 1708.4 1660.5 1602.4 1635.8 1517.1 1374.2 1316.6 1374.0 1431.6 1456.8 1448.4 1395.4 1293.6 1329.3 1379.7 1403.1 1434.8 1377.5 1399.5 1449.7 1481.9 1484.8 1431.6 1448.5 1389.9 1368.9 1331.6 1452.3 1518.0 1492.9 1474.5 1516.8 1445.5 1484.6 1527.6 1450.6 1361.5 1439.9
-999.0 -999.0 -999.0 -999.0 -999.0 -999.0 -999.0 -999.0 -999.0 -999.0 -999.0 -999.0 -999.0 -999.0 -999.0 -999.0 -999.0 1518.6 1460.1 1265.1 1151.1 929.2 870.2 942.8 971.2 1045.4 1332.5 1559.5 1688.4 1622.5 1448.0 1623.6 1715.0 1760.4 1722.0 1685.3 1656.5 1644.4 1626.0 1573.4 1388.2 1375.1 1416.6 1468.4 1262.8 1368.8 1437.8 1397.4 1365.0 1445.3 1470.5 1467.3 1455.4 1465.7 1486.9 1471.2 1530.4 1481.4 1407.2 1391.8 1411.3 1382.4 1386.2 1489.7 1508.3 1538.1 1552.1 1470.4 1531.5 1245.4 1378.2 1411.2
-999.0 -999.0 -999.0 -999.0 -999.0 -999.0 -999.0 -999.0 -999.0 -999.0 -999.0 -999.0 -999.0 -999.0 -999.0 -999.0 1817.7 1715.1 1554.3 1452.0 1286.7 1019.7 905.7 940.2 1021.9 1057.6 1122.9 1302.9 1421.3 1484.4 1448.4 1378.3 1635.2 1689.8 1715.6 1669.0 1552.4 1633.6 1602.8 1465.2 1426.6 1429.2 1409.0 1241.0 1375.9 1275.4 1317.3 1376.5 1462.5 1459.4 1513.2 1467.7 1403.8 1498.4 1456.3 1512.2 1483.9 1471.0 1418.6 1410.5 1333.6 1303.0 1461.7 1506.6 1500.9 1349.9 1473.5 1515.4 1495.2 1485.0 1457.7 1446.1
-999.0 -999.0 -999.0 -999.0 -999.0 -999.0 -999.0 -999.0 -999.0 -999.0 -999.0 -999.0 -999.0 -999.0 -999.0 -999.0 -999.0 1773.6 1721.0 1645.2 1329.4 1245.6 1170.0 983.5 1086.4 1157.5 1340.5 1260.9 1130.9 1287.9 1462.9 1491.3 1400.0 1581.7 1698.9 1674.8 1654.0 1561.9 1512.4 1545.5 1519.1 1464.9 1428.9 1328.2 1406.6 1286.8 1353.0 1364.5 1406.3 1428.5 1491.3 1425.3 1400.7 1433.7 1536.8 1539.0 1495.2 1543.4 1494.3 1490.7 1415.8 1346.8 1370.3 1484.9 1478.6 1423.3 1438.3 1485.3 1541.4 1547.0 1554.2 1524.1
