GDD/GrowingDegreeDays_1981_Actual.txt
ncols         180
nrows         290
xllcorner     -200000
yllcorner     -200000
cellsize      5000
NODATA_value    -999
[rows 96 to 127 of 290, columns 71 to 141 of 180]
1121.9 1159.7 1301.6 1380.6 1048.5 1310.0 741.8 779.6 1042.9 1288.5 883.7 545.3 547.1 479.2 707.5 785.2 829.8 593.2 662.7 550.2 515.2 770.6 777.8 804.1 1030.3 945.1 1109.5 891.3 720.6 781.4 720.0 831.8 872.8 784.8 732.6 829.7 891.1 782.5 780.9 1076.3 1175.9 1266.9 1276.3 1092.5 1161.6 -999.0 -999.0 -999.0 -999.0 -999.0 -999.0 -999.0 -999.0 -999.0 -999.0 -999.0 -999.0 -999.0 -999.0 -999.0 -999.0 -999.0 -999.0 -999.0 -999.0 -999.0 -999.0 -999.0 -999.0 -999.0 -999.0
1102.5 967.1 1334.7 1379.0 1043.4 1224.1 892.2 1043.4 1266.1 1315.8 966.0 630.6 1270.6 650.5 819.1 677.9 850.9 649.5 877.8 727.8 811.1 820.4 470.3 852.9 845.0 957.5 1018.0 1061.5 750.3 880.8 973.3 919.0 732.7 889.5 808.5 954.1 911.0 957.8 1051.5 1203.3 1194.5 1172.8 1204.2 1299.8 -999.0 -999.0 -999.0 -999.0 -999.0 -999.0 -999.0 -999.0 -999.0 -999.0 -999.0 -999.0 -999.0 -999.0 -999.0 -999.0 -999.0 -999.0 -999.0 -999.0 -999.0 -999.0 -999.0 -999.0 -999.0 -999.0 -999.0
1158.8 1339.4 866.4 1029.6 973.9 716.0 532.0 1289.5 1388.8 641.3 1087.7 1171.0 626.2 779.3 592.7 775.5 607.4 950.3 1028.0 1077.2 1049.5 1055.5 1022.5 809.7 1042.5 899.4 861.1 1113.1 965.2 849.7 1022.6 1025.7 916.0 926.1 1022.0 940.2 1020.8 1181.8 1248.3 1281.5 1187.3 1254.8 1300.7 1282.2 -999.0 -999.0 -999.0 -999.0 -999.0 -999.0 -999.0 -999.0 -999.0 -999.0 -999.0 -999.0 -999.0 -999.0 -999.0 -999.0 -999.0 -999.0 -999.0 -999.0 -999.0 -999.0 -999.0 -999.0 -999.0 -999.0 -999.0
1131.5 842.3 1144.4 975.1 929.8 1318.4 1337.7 -999.0 1142.6 618.6 795.3 542.9 933.3 1063.5 839.2 919.7 945.1 929.3 873.3 809.4 741.3 655.3 435.9 627.6 844.7 841.4 1113.2 1229.0 1326.4 944.0 879.0 1051.4 1055.6 1029.6 1167.0 1126.6 1168.8 1245.0 1243.0 1225.7 1215.5 1156.0 1158.4 -999.0 -999.0 -999.0 -999.0 -999.0 -999.0 -999.0 -999.0 -999.0 -999.0 -999.0 -999.0 -999.0 -999.0 -999.0 -999.0 -999.0 -999.0 -999.0 -999.0 -999.0 -999.0 -999.0 -999.0 -999.0 -999.0 -999.0 -999.0
1402.8 1177.1 1062.3 1160.4 869.1 1234.1 -999.0 1375.8 1183.4 1380.7 994.9 1144.1 812.3 439.9 839.4 756.6 889.8 665.9 520.5 619.7 802.0 1113.8 1052.7 1164.2 928.9 1001.8 1009.3 910.4 984.9 1022.7 978.7 1100.9 1221.8 1209.7 1290.2 1281.8 1203.5 1171.0 1202.3 1208.2 1206.8 1290.1 1267.3 -999.0 -999.0 -999.0 -999.0 -999.0 -999.0 -999.0 -999.0 -999.0 -999.0 -999.0 -999.0 -999.0 -999.0 -999.0 -999.0 -999.0 -999.0 -999.0 -999.0 -999.0 -999.0 -999.0 -999.0 -999.0 -999.0 -999.0 -999.0
1359.9 1227.7 1402.6 1030.7 1293.1 -999.0 1405.4 1390.4 1257.1 464.0 823.1 328.2 759.7 958.0 1054.9 761.8 712.7 822.8 679.2 894.9 725.8 638.7 784.8 1207.9 932.4 766.8 724.0 931.6 936.9 1332.0 1147.5 1298.8 1348.7 1360.7 1332.8 1097.9 1097.7 1094.2 1131.5 1128.8 1204.6 1288.7 1359.6 -999.0 -999.0 -999.0 -999.0 -999.0 -999.0 -999.0 -999.0 -999.0 -999.0 -999.0 -999.0 -999.0 -999.0 -999.0 -999.0 -999.0 -999.0 -999.0 -999.0 -999.0 -999.0 -999.0 -999.0 -999.0 -999.0 -999.0 -999.0
1382.8 1320.1 740.8 1395.3 -999.0 1425.6 -999.0 1056.2 926.1 755.3 1356.7 561.3 812.1 763.7 915.1 385.1 807.9 393.4 834.0 910.8 540.3 1029.6 1390.9 892.4 593.8 548.8 993.1 1002.7 984.5 1083.3 1240.8 1311.9 1324.4 1312.8 1029.7 1168.2 1193.8 1254.8 1224.9 1228.5 1322.3 1372.5 -999.0 -999.0 -999.0 -999.0 -999.0 -999.0 -999.0 -999.0 -999.0 -999.0 -999.0 -999.0 -999.0 -999.0 -999.0 -999.0 -999.0 -999.0 -999.0 -999.0 -999.0 -999.0 -999.0 -999.0 -999.0 -999.0 -999.0 -999.0 -999.0
577.6 697.0 995.6 1388.5 -999.0 -999.0 1333.1 1311.8 1345.0 1288.1 946.7 497.8 1162.0 947.1 431.5 704.4 705.6 512.2 512.7 716.1 1237.2 765.4 770.2 595.9 725.3 903.6 684.4 682.8 982.4 1177.0 1331.2 1323.8 1218.6 988.0 1207.5 1323.5 1305.9 1432.1 1408.5 1375.7 -999.0 -999.0 -999.0 -999.0 -999.0 -999.0 -999.0 -999.0 -999.0 -999.0 -999.0 -999.0 -999.0 -999.0 -999.0 -999.0 -999.0 -999.0 -999.0 -999.0 -999.0 -999.0 -999.0 -999.0 -999.0 -999.0 -999.0 -999.0 -999.0 -999.0 -999.0
811.7 1098.0 1274.2 1384.0 -999.0 1420.1 1286.4 1143.4 965.5 1168.8 952.8 1263.1 1267.6 1022.3 762.3 836.7 986.7 1046.8 980.3 842.7 644.0 1007.0 816.1 880.4 746.0 681.4 882.2 942.9 1124.0 1269.8 1337.0 1341.3 1158.6 1237.9 1405.5 1434.6 1468.2 1431.5 1440.8 -999.0 -999.0 -999.0 -999.0 -999.0 -999.0 -999.0 -999.0 -999.0 -999.0 -999.0 -999.0 -999.0 -999.0 -999.0 -999.0 -999.0 -999.0 -999.0 -999.0 -999.0 -999.0 -999.0 -999.0 -999.0 -999.0 -999.0 -999.0 -999.0 -999.0 -999.0 -999.0
1252.3 983.7 1228.5 -999.0 -999.0 1396.8 970.3 1087.7 900.1 1142.3 1302.3 1083.5 735.9 731.4 821.0 913.6 829.4 627.9 976.4 819.3 1137.8 1013.6 798.8 1084.5 1310.8 1340.9 1226.9 1290.9 1346.7 1322.2 1331.1 1462.4 1339.8 1398.1 1446.3 1305.4 1383.0 1325.3 1383.3 -999.0 -999.0 -999.0 -999.0 -999.0 -999.0 -999.0 -999.0 -999.0 -999.0 -999.0 -999.0 -999.0 -999.0 -999.0 -999.0 -999.0 -999.0 -999.0 -999.0 -999.0 -999.0 -999.0 -999.0 -999.0 -999.0 -999.0 -999.0 -999.0 -999.0 -999.0 -999.0
-999.0 -999.0 -999.0 -999.0 1410.0 1065.9 1050.1 958.8 1044.2 965.6 726.3 778.5 609.3 1024.3 748.2 1227.4 676.4 1167.7 587.5 1046.0 840.0 551.8 958.2 1149.0 1024.8 1150.7 1351.2 1306.5 1391.2 1461.4 1402.8 1478.7 1467.7 1365.1 1373.5 1374.2 1330.0 1391.5 1384.5 1472.4 -999.0 -999.0 -999.0 -999.0 -999.0 -999.0 -999.0 -999.0 -999.0 -999.0 -999.0 -999.0 -999.0 -999.0 -999.0 -999.0 -999.0 -999.0 -999.0 -999.0 -999.0 -999.0 -999.0 -999.0 -999.0 -999.0 -999.0 -999.0 -999.0 -999.0 -999.0
-999.0 -999.0 -999.0 -999.0 1373.7 1373.9 1039.3 935.3 1285.7 854.9 1089.1 1283.9 922.0 731.3 806.6 1388.3 743.5 838.6 799.0 1033.3 747.8 920.0 857.2 710.5 970.8 1069.6 1123.7 1180.8 1232.5 1198.0 1171.0 1089.1 1144.9 1309.6 1418.7 1386.2 1218.3 1327.8 1224.7 1293.5 1320.9 -999.0 -999.0 -999.0 -999.0 -999.0 -999.0 -999.0 -999.0 -999.0 -999.0 -999.0 -999.0 -999.0 -999.0 -999.0 -999.0 -999.0 -999.0 -999.0 -999.0 -999.0 -999.0 -999.0 -999.0 -999.0 -999.0 -999.0 -999.0 -999.0 -999.0
-999.0 -999.0 -999.0 1412.6 1376.6 1307.1 995.1 1177.3 974.9 975.0 1117.5 1309.7 862.2 822.4 625.1 1305.7 841.4 989.8 957.3 1042.3 933.8 1342.7 1185.5 1111.4 1142.7 1286.7 1116.5 954.1 802.5 903.9 980.5 1112.8 1218.1 1142.9 1399.5 1270.8 1216.0 1204.6 1200.3 1230.3 1282.8 1356.8 -999.0 -999.0 -999.0 -999.0 -999.0 -999.0 -999.0 -999.0 -999.0 -999.0 -999.0 -999.0 -999.0 -999.0 -999.0 -999.0 -999.0 -999.0 -999.0 -999.0 -999.0 -999.0 -999.0 -999.0 -999.0 -999.0 -999.0 -999.0 -999.0
-999.0 -999.0 1405.0 -999.0 1334.3 1185.1 1294.2 967.7 834.2 1289.3 1367.5 1030.2 681.4 957.5 1440.4 1228.6 471.3 1194.3 1204.1 1127.6 1093.5 1260.5 1307.6 1391.3 1336.9 1078.8 761.0 799.2 941.2 1027.1 1192.2 1241.5 1253.9 1180.8 1271.8 1275.3 1369.9 1445.1 1432.2 1423.8 1423.0 -999.0 -999.0 -999.0 -999.0 -999.0 -999.0 -999.0 -999.0 -999.0 -999.0 -999.0 -999.0 -999.0 -999.0 -999.0 -999.0 -999.0 -999.0 -999.0 -999.0 -999.0 -999.0 -999.0 -999.0 -999.0 -999.0 -999.0 -999.0 -999.0 -999.0
-999.0 1412.3 1058.5 -999.0 1397.0 1366.1 1243.2 1209.7 1238.1 1216.2 776.3 1253.7 824.1 804.6 834.6 1132.1 1337.1 719.5 1172.0 1349.8 1427.7 1438.6 1463.0 1494.2 1506.1 1180.4 1362.6 1393.1 1391.8 1251.6 1142.7 1238.2 1241.2 1304.8 1353.6 1345.2 1448.9 -999.0 -999.0 -999.0 -999.0 -999.0 -999.0 -999.0 -999.0 -999.0 -999.0 -999.0 -999.0 -999.0 -999.0 -999.0 -999.0 -999.0 -999.0 -999.0 -999.0 -999.0 -999.0 -999.0 -999.0 -999.0 -999.0 -999.0 -999.0 -999.0 -999.0 -999.0 -999.0 -999.0 -999.0
1379.6 1181.4 1287.6 -999.0 1078.7 1394.1 1161.4 1273.6 1464.1 916.1 898.6 765.2 736.6 1385.9 893.8 924.2 1427.9 1145.3 1090.4 1283.0 1264.4 1208.0 1163.0 1109.8 1455.7 1504.4 1505.3 1444.2 1361.0 1269.2 1166.1 1231.6 1245.6 1248.5 1357.1 -999.0 -999.0 -999.0 -999.0 -999.0 -999.0 -999.0 -999.0 -999.0 -999.0 -999.0 -999.0 -999.0 -999.0 -999.0 -999.0 -999.0 -999.0 -999.0 -999.0 -999.0 -999.0 -999.0 -999.0 -999.0 -999.0 -999.0 -999.0 -999.0 -999.0 -999.0 -999.0 -999.0 -999.0 -999.0 -999.0
772.8 1188.8 -999.0 1369.2 1361.1 1028.3 1281.0 1431.2 928.0 1178.6 856.2 790.9 1028.0 1221.1 905.6 932.8 1505.2 1501.5 1454.1 1377.7 1275.9 1212.7 1016.7 957.5 1236.5 1396.1 1510.7 1548.7 1429.0 1410.5 1352.2 1337.1 1183.6 1205.3 1421.6 -999.0 -999.0 -999.0 -999.0 -999.0 -999.0 -999.0 -999.0 -999.0 -999.0 -999.0 -999.0 -999.0 -999.0 -999.0 -999.0 -999.0 -999.0 -999.0 -999.0 -999.0 -999.0 -999.0 -999.0 -999.0 -999.0 -999.0 -999.0 -999.0 -999.0 -999.0 -999.0 -999.0 -999.0 -999.0 -999.0
1400.8 1416.7 -999.0 1422.7 860.7 1204.6 -999.0 1334.2 978.2 1157.0 932.4 1033.4 977.0 1427.2 1409.4 1244.9 1384.5 1395.3 1269.2 1404.6 788.4 807.1 924.4 949.3 1203.9 1446.6 1480.7 1578.9 1597.7 1527.6 1498.7 1432.5 1464.7 -999.0 -999.0 -999.0 -999.0 -999.0 1374.1 1376.2 1359.6 1431.2 -999.0 -999.0 -999.0 -999.0 -999.0 -999.0 -999.0 -999.0 -999.0 -999.0 -999.0 -999.0 -999.0 -999.0 -999.0 -999.0 -999.0 -999.0 -999.0 -999.0 -999.0 -999.0 -999.0 -999.0 -999.0 -999.0 -999.0 -999.0 -999.0
1175.9 -999.0 -999.0 1066.0 1410.1 962.0 -999.0 1356.3 889.4 1216.3 1425.2 789.1 1437.6 1543.8 1539.8 1489.2 1338.3 1200.7 1006.2 1245.2 1217.7 1309.3 1295.5 1328.6 1269.7 1290.6 1306.7 1390.6 1479.0 1403.1 1352.9 1394.8 1489.6 1531.4 1537.1 -999.0 -999.0 1471.6 1392.9 1307.1 1382.8 1386.9 1388.4 1429.8 -999.0 -999.0 -999.0 -999.0 -999.0 -999.0 -999.0 -999.0 -999.0 -999.0 -999.0 -999.0 -999.0 -999.0 -999.0 -999.0 -999.0 -999.0 -999.0 -999.0 -999.0 -999.0 -999.0 -999.0 -999.0 -999.0 -999.0
1454.5 -999.0 -999.0 1432.7 1176.3 1015.5 1445.3 1190.9 1361.0 1234.8 1159.5 1083.3 1491.9 1386.7 1184.6 1202.1 1220.8 1401.8 1412.1 1373.8 1410.5 1355.4 1353.2 1339.7 1274.9 1198.3 1214.3 1293.1 1181.7 1145.2 1320.6 1403.6 1419.0 1442.4 1412.3 1482.9 1437.6 1339.6 1314.2 1356.0 1289.8 1131.9 1158.7 1088.4 1398.1 -999.0 -999.0 -999.0 -999.0 -999.0 -999.0 -999.0 -999.0 -999.0 -999.0 -999.0 -999.0 -999.0 -999.0 -999.0 -999.0 -999.0 -999.0 -999.0 -999.0 -999.0 -999.0 -999.0 -999.0 -999.0 -999.0
-999.0 -999.0 -999.0 1221.6 894.5 1222.8 1127.1 1440.9 1201.9 1300.5 1497.0 1511.1 -999.0 1178.1 927.1 1209.8 1317.2 1433.5 1432.3 1488.1 1527.8 1351.5 1370.2 1324.8 1163.2 1118.0 1107.3 1178.2 1215.4 1211.4 1274.5 1285.6 1279.6 1205.9 1331.5 1419.4 1257.5 1285.3 1247.8 1265.8 1147.3 1012.1 996.2 958.8 1118.5 1093.7 1088.0 1406.0 -999.0 -999.0 -999.0 -999.0 -999.0 -999.0 -999.0 -999.0 -999.0 -999.0 -999.0 -999.0 -999.0 -999.0 -999.0 -999.0 -999.0 -999.0 -999.0 -999.0 -999.0 -999.0 -999.0
-999.0 -999.0 -999.0 1213.6 1265.7 1348.1 931.9 1460.6 -999.0 1503.2 1398.3 1524.5 -999.0 1116.0 802.2 1118.7 1194.8 1392.3 1504.5 1484.5 1467.9 1547.2 1487.1 1397.6 1292.2 1086.6 1060.1 1061.7 1146.4 1143.4 1080.4 1054.7 957.9 1070.0 1285.7 1355.9 1224.5 1198.1 1160.9 858.9 816.9 968.0 974.1 1038.2 1081.0 1089.0 1264.7 1293.9 -999.0 -999.0 -999.0 -999.0 -999.0 -999.0 -999.0 -999.0 -999.0 -999.0 -999.0 -999.0 -999.0 -999.0 -999.0 -999.0 -999.0 -999.0 -999.0 -999.0 -999.0 -999.0 -999.0
-999.0 -999.0 -999.0 -999.0 1272.5 1114.1 1256.8 1482.3 -999.0 -999.0 1447.6 1522.4 1399.5 1152.7 957.7 1276.3 1220.6 1119.0 1269.3 1313.3 1386.5 1244.4 1412.3 1500.3 1381.1 1257.3 1109.2 1041.3 943.5 1033.0 911.0 898.2 1020.8 1095.3 1097.4 1155.1 1103.4 1013.1 944.7 969.4 842.0 955.4 1004.9 1036.0 1282.3 1288.1 1203.0 1190.9 1240.1 -999.0 -999.0 -999.0 -999.0 -999.0 -999.0 -999.0 -999.0 -999.0 -999.0 -999.0 -999.0 -999.0 -999.0 -999.0 -999.0 -999.0 -999.0 -999.0 -999.0 -999.0 -999.0
-999.0 -999.0 -999.0 1455.4 1202.6 1149.1 -999.0 -999.0 -999.0 -999.0 -999.0 1512.2 1486.9 1104.9 1202.8 1380.7 1252.7 1133.4 1066.1 1158.4 1250.8 1215.2 1195.8 1306.6 1411.3 1226.1 1055.9 1085.8 1054.0 1021.3 919.8 985.8 1063.2 1035.6 1046.6 868.5 906.9 1011.5 1029.9 1106.7 984.3 1023.1 1097.8 1088.8 1272.4 1321.9 1315.6 1316.1 1344.4 -999.0 -999.0 -999.0 -999.0 -999.0 -999.0 -999.0 -999.0 -999.0 -999.0 -999.0 -999.0 -999.0 -999.0 -999.0 -999.0 -999.0 -999.0 -999.0 -999.0 -999.0 -999.0
-999.0 1473.1 -999.0 1093.0 1206.3 1418.6 1469.8 1177.8 1089.0 -999.0 -999.0 -999.0 1503.0 1289.9 1332.2 1349.5 1329.0 1237.8 1104.2 1045.5 1015.2 1008.1 1104.6 1141.1 1217.7 1405.1 1108.7 1124.5 1073.9 1084.3 1136.0 1134.1 953.1 1036.7 860.4 703.6 787.0 939.6 953.3 1137.8 1099.0 1133.5 1146.6 1161.5 1302.5 1332.9 1353.9 1322.8 1285.7 1295.8 -999.0 -999.0 -999.0 -999.0 -999.0 -999.0 -999.0 -999.0 -999.0 -999.0 -999.0 -999.0 -999.0 -999.0 -999.0 -999.0 -999.0 -999.0 -999.0 -999.0 -999.0
-999.0 -999.0 1467.8 1050.9 1192.9 1464.7 1138.8 953.7 863.5 1423.7 -999.0 -999.0 -999.0 1494.2 1444.5 1456.9 1416.0 1357.7 1292.7 1116.8 1062.3 1061.4 1138.1 1151.3 1152.8 1164.3 1234.9 1178.1 1124.3 1005.0 1069.6 913.6 1156.9 1039.3 1087.7 1072.9 812.0 843.1 1018.8 1098.6 1206.7 1239.2 1252.3 1266.4 1335.3 1342.8 1383.1 1315.3 1255.8 1293.0 1333.2 -999.0 -999.0 -999.0 -999.0 -999.0 -999.0 -999.0 -999.0 -999.0 -999.0 -999.0 -999.0 -999.0 -999.0 -999.0 -999.0 -999.0 -999.0 -999.0 -999.0
-999.0 -999.0 1331.8 1170.4 1012.5 1476.1 1478.2 1080.9 999.1 1502.2 -999.0 -999.0 -999.0 -999.0 -999.0 1473.4 1461.1 1475.7 1443.5 1339.7 1249.4 1103.2 922.5 956.6 1065.6 1132.1 1208.7 1117.3 1097.8 1057.4 1119.3 954.0 1175.1 1080.8 1028.8 1108.5 1282.5 1175.3 1269.2 1175.9 1289.8 1219.0 1275.8 1413.4 1435.8 1414.5 1381.2 1381.9 1210.8 1206.5 1266.8 1347.2 -999.0 -999.0 -999.0 -999.0 -999.0 -999.0 -999.0 -999.0 -999.0 -999.0 -999.0 -999.0 -999.0 -999.0 -999.0 -999.0 -999.0 -999.0 -999.0
-999.0 -999.0 1242.2 1048.1 1158.0 -999.0 1495.6 1390.5 826.4 1345.6 -999.0 -999.0 -999.0 -999.0 -999.0 1479.3 1401.8 1291.1 1366.2 1186.3 998.7 1011.1 884.7 860.9 923.2 1074.0 1014.1 1074.1 1098.8 958.4 924.8 1183.8 618.3 993.0 814.3 1042.9 926.4 995.0 1310.4 1155.9 1249.8 1310.6 1367.3 1367.7 1281.4 1232.2 1292.6 1244.9 1358.2 1213.9 1098.0 1288.4 1297.9 1381.3 -999.0 -999.0 -999.0 -999.0 -999.0 -999.0 -999.0 -999.0 -999.0 -999.0 -999.0 -999.0 -999.0 -999.0 -999.0 -999.0 -999.0
-999.0 -999.0 1260.2 1249.2 1438.9 -999.0 -999.0 1156.8 913.8 1064.5 -999.0 -999.0 -999.0 -999.0 -999.0 1489.5 1454.5 1322.7 1335.8 1258.5 1106.9 1177.8 1070.3 1047.6 917.6 991.8 976.5 1025.1 870.0 651.2 803.4 912.2 538.5 664.0 946.2 929.7 1093.7 1273.4 1200.4 1154.5 1244.1 1222.1 1244.3 1356.0 1308.3 1295.7 1164.5 956.4 1103.9 1165.8 1136.7 1145.4 1303.1 1367.1 -999.0 -999.0 -999.0 -999.0 -999.0 -999.0 -999.0 -999.0 -999.0 -999.0 -999.0 -999.0 -999.0 -999.0 -999.0 -999.0 -999.0
-999.0 -999.0 1380.2 1351.7 -999.0 -999.0 -999.0 1492.0 1323.9 1286.4 -999.0 -999.0 -999.0 -999.0 -999.0 1483.4 1451.2 1359.8 1324.3 1299.4 1234.5 1114.3 865.7 782.0 929.7 875.3 1029.9 1025.7 979.9 779.0 1028.1 708.1 788.3 908.4 843.1 828.1 1170.0 1060.6 1215.8 1146.5 1164.9 1326.7 1239.3 1195.5 1195.0 1235.8 862.0 841.9 889.9 1157.6 1141.6 1149.4 1251.7 1306.0 -999.0 -999.0 -999.0 -999.0 -999.0 -999.0 -999.0 -999.0 -999.0 -999.0 -999.0 -999.0 -999.0 -999.0 -999.0 -999.0 -999.0
-999.0 1132.4 1215.5 1005.1 1552.9 -999.0 -999.0 -999.0 -999.0 -999.0 -999.0 -999.0 -999.0 -999.0 1362.8 1385.8 1298.7 1296.1 1257.2 1190.4 1219.1 1058.9 995.5 849.7 963.7 988.7 837.2 909.2 783.6 739.6 766.5 611.7 662.7 949.1 890.8 858.3 962.5 1083.3 1068.4 1230.4 1161.7 1120.4 1260.8 1149.9 1151.0 953.3 924.4 761.9 890.7 1188.1 1218.0 1287.9 1240.8 1296.5 -999.0 -999.0 -999.0 -999.0 -999.0 -999.0 -999.0 -999.0 -999.0 -999.0 -999.0 -999.0 -999.0 -999.0 -999.0 -999.0 -999.0
-999.0 1042.5 1077.2 1221.6 1530.4 -999.0 -999.0 -999.0 -999.0 -999.0 -999.0 -999.0 -999.0 -999.0 1140.8 1401.3 1268.6 1122.8 1023.9 1049.8 1128.2 1116.7 1070.0 1194.1 1072.9 845.4 809.7 886.4 893.6 994.4 1105.0 652.4 955.8 916.4 948.4 939.7 1003.7 1107.7 1245.6 1061.9 1119.5 1128.0 1155.8 1106.7 974.6 892.4 967.1 895.8 935.9 1196.7 1326.5 1332.6 1194.1 1362.3 -999.0 -999.0 -999.0 -999.0 -999.0 -999.0 -999.0 -999.0 -999.0 -999.0 -999.0 -999.0 -999.0 -999.0 -999.0 -999.0 -999.0
