GDD/GrowingDegreeDays_2008_Actual.txt
ncols         180
nrows         290
xllcorner     -200000
yllcorner     -200000
cellsize      5000
NODATA_value    -999
[rows 192 to 223 of 290, columns 71 to 141 of 180]
-999.0 -999.0 -999.0 -999.0 -999.0 -999.0 -999.0 -999.0 -999.0 -999.0 -999.0 -999.0 -999.0 -999.0 -999.0 -999.0 -999.0 -999.0 -999.0 -999.0 -999.0 1818.4 1486.5 1274.3 1104.7 880.0 1007.5 1290.2 1540.1 1695.1 1558.7 1366.4 1250.4 1179.9 1458.6 1663.0 1625.9 1515.8 1532.7 1702.3 1451.8 1559.3 1580.5 1717.6 1670.8 1807.4 1862.3 1819.0 1749.8 1820.2 1876.9 1867.4 1846.3 1849.0 1780.5 1829.2 1864.4 1843.0 1778.9 1745.8 1726.3 1683.0 1749.5 1788.6 1696.1 1727.2 1750.1 1790.6 1801.4 1897.4 1894.3
-999.0 -999.0 -999.0 -999.0 -999.0 -999.0 -999.0 -999.0 -999.0 -999.0 -999.0 -999.0 -999.0 -999.0 -999.0 -999.0 -999.0 -999.0 -999.0 -999.0 1978.8 1874.9 1551.0 1262.6 1145.1 1185.5 1216.6 1372.0 1288.6 954.3 1218.1 1233.8 1272.8 1507.7 1629.5 1559.2 1538.9 1670.2 1681.3 1623.8 1490.2 1522.3 1577.9 1729.9 1671.9 1853.0 1847.1 1731.7 1844.2 1755.6 1757.3 1800.2 1773.5 1833.4 1800.7 1869.4 1904.8 1852.8 1833.7 1837.9 1748.3 1769.9 1679.2 1751.0 1708.2 1796.3 1792.1 1811.4 1891.7 1922.4 1862.6
-999.0 -999.0 -999.0 -999.0 -999.0 -999.0 -999.0 -999.0 -999.0 -999.0 -999.0 -999.0 -999.0 -999.0 -999.0 -999.0 -999.0 -999.0 -999.0 -999.0 1670.5 1615.1 1555.8 1503.6 1326.0 997.4 1035.1 1130.3 1270.7 1231.2 1149.2 1102.6 1122.8 1496.6 1376.2 1299.2 1669.9 1466.0 1781.2 1695.2 1536.7 1392.2 1691.9 1681.7 1839.3 1895.0 1855.6 1807.5 1558.3 1682.8 1704.3 1734.9 1756.1 1794.1 1798.3 1862.7 1874.8 1903.4 1867.8 1905.0 1871.3 1739.0 1696.8 1730.4 1703.2 1801.8 1866.9 1898.8 1942.2 1911.6 1869.0
-999.0 -999.0 -999.0 -999.0 -999.0 -999.0 -999.0 -999.0 -999.0 -999.0 -999.0 -999.0 -999.0 -999.0 -999.0 -999.0 -999.0 -999.0 -999.0 -999.0 1716.2 1621.8 1790.1 1587.2 1339.2 993.0 1136.3 1104.7 1326.4 1196.3 1258.2 1401.3 1338.6 1337.3 1415.0 1557.3 1710.6 1689.0 1441.7 1755.2 1728.6 1695.2 1715.3 1632.1 1797.5 1929.5 1894.0 1794.2 1747.4 1776.4 1705.2 1729.9 1752.1 1762.8 1857.0 1862.8 1818.2 1891.9 1863.7 1916.7 1836.2 1715.9 1720.8 1836.4 1862.8 1808.8 1892.2 1878.3 1981.4 1898.9 1895.4
-999.0 -999.0 -999.0 -999.0 -999.0 -999.0 -999.0 -999.0 -999.0 -999.0 -999.0 -999.0 -999.0 -999.0 -999.0 -999.0 -999.0 -999.0 -999.0 1832.2 1586.4 1291.1 1423.4 1542.7 1250.6 1173.9 1039.5 1045.9 1504.3 1487.0 1532.7 1403.3 1296.5 1501.5 1497.6 1369.1 1580.4 1689.7 1731.4 1811.7 1841.5 1808.8 1745.7 1801.7 1861.1 1905.6 1930.5 1906.3 1836.9 1795.1 1844.7 1791.9 1807.9 1770.4 1843.5 1837.7 1853.2 1911.6 1927.0 1899.5 1766.8 1779.2 1802.7 1942.2 1910.1 1891.8 1893.3 1960.1 1905.6 1904.2 1908.7
-999.0 -999.0 -999.0 -999.0 -999.0 -999.0 -999.0 -999.0 -999.0 -999.0 -999.0 -999.0 -999.0 -999.0 -999.0 -999.0 -999.0 -999.0 1692.6 1600.8 1445.6 1526.2 1579.3 1276.4 1051.1 1028.0 1221.8 1150.3 1486.6 1373.0 1493.5 1552.5 1057.6 1440.6 1390.7 1661.9 1672.4 1790.2 1801.0 1776.9 1677.6 1789.1 1632.0 1829.8 1829.1 1985.9 1988.9 1937.1 1908.3 1880.3 1888.0 1845.0 1802.6 1803.0 1919.9 1862.6 1861.1 1840.9 1839.5 1817.1 1749.6 1816.7 1786.1 1927.1 1945.9 2009.8 1986.9 1869.8 1841.5 1895.2 1893.0
-999.0 -999.0 -999.0 -999.0 -999.0 -999.0 -999.0 -999.0 -999.0 -999.0 -999.0 -999.0 -999.0 -999.0 -999.0 -999.0 1653.2 1660.8 1680.0 1797.4 1751.5 1615.0 1529.6 1210.3 1101.5 1001.5 967.2 1167.4 1334.4 1625.9 1424.8 1513.9 1195.3 1462.7 1613.4 1693.1 1809.3 1792.3 1865.5 1778.4 1640.8 1718.7 1715.9 1948.2 1955.9 1976.9 1974.5 1895.9 1900.6 1880.1 1929.6 1857.4 1815.0 1894.8 1913.3 1902.2 1779.5 1781.3 1720.9 1674.9 1719.0 1768.2 1847.7 1924.7 1907.0 1878.5 1898.5 1856.3 1940.9 1897.1 1900.7
-999.0 -999.0 -999.0 -999.0 -999.0 -999.0 -999.0 -999.0 -999.0 -999.0 -999.0 -999.0 1970.8 1943.5 1935.4 1513.1 1404.0 1329.2 1321.7 1582.5 1618.9 1650.3 1199.9 1287.8 1124.4 1124.6 1179.1 1451.5 1556.7 1704.5 1559.7 1619.0 1121.5 1292.3 1514.5 1765.3 1753.4 1798.9 1619.3 1856.2 1691.6 1688.7 1771.3 1907.4 2025.6 2038.3 1914.5 1945.1 1950.7 1839.6 1919.7 1886.8 1918.5 1894.2 1854.0 1791.0 1834.8 1748.7 1778.5 1738.3 1662.6 1684.9 1727.9 1802.8 1809.5 1836.7 1883.9 1922.7 1869.1 1968.9 1962.7
-999.0 -999.0 -999.0 -999.0 -999.0 -999.0 -999.0 -999.0 -999.0 -999.0 -999.0 1755.1 1840.3 1665.8 1672.0 1675.1 1433.6 1490.0 1437.6 1656.0 1791.2 1450.4 1334.2 1232.1 1578.6 1100.4 1338.7 1552.0 1187.3 1459.8 1756.0 1206.1 1405.9 1508.0 1882.5 1902.3 1848.4 1559.0 1832.2 1861.2 1833.9 1816.1 1743.3 1883.7 1930.4 2080.8 1990.8 1983.4 1957.1 1878.8 1894.4 1904.1 1919.3 1916.0 1814.1 1802.9 1630.9 1787.9 1809.8 1765.9 1696.4 1759.0 1781.2 1851.6 1882.7 1850.7 1890.1 1861.1 1938.3 1962.4 1937.0
-999.0 -999.0 -999.0 -999.0 -999.0 -999.0 -999.0 -999.0 -999.0 -999.0 1711.3 1686.4 1860.0 1812.2 1782.7 1674.2 1729.8 1625.6 1688.8 1661.4 1277.3 1516.3 1630.2 1258.2 1784.2 1419.1 1361.5 1110.3 1232.8 1238.1 1463.7 1510.9 1621.1 1890.8 1486.6 1541.4 1865.5 1815.2 1881.0 1943.4 1861.9 1889.0 1926.1 1868.8 1879.3 2087.0 2045.2 2020.6 1949.4 1956.8 1953.5 1939.1 1788.8 1959.5 1878.9 1779.0 1692.6 1730.7 1781.3 1745.0 1696.6 1723.3 1711.1 1793.4 1889.4 1906.5 1938.0 1870.2 1906.5 1960.2 1875.9
-999.0 -999.0 -999.0 -999.0 -999.0 -999.0 1987.4 1693.1 1827.5 1622.5 1799.8 1757.8 1674.1 1756.3 1777.7 1576.2 1680.2 1623.0 1647.7 1425.5 1446.2 1611.5 1540.3 1534.8 1639.7 1569.7 1251.2 1215.9 1390.0 1460.0 1336.5 1558.8 1846.8 1424.7 1351.8 1596.8 1579.1 1825.3 1835.6 1954.9 1931.5 1701.2 1925.4 1776.5 1988.9 2066.9 2045.2 2007.1 1793.8 1935.6 1893.6 1582.8 1896.2 1918.1 1857.5 1747.4 1633.5 1733.1 1744.7 1751.4 1788.2 1761.3 1777.3 1840.6 1901.5 1868.7 1910.3 1902.4 1884.6 1888.9 1916.6
-999.0 -999.0 -999.0 -999.0 -999.0 1919.0 1741.6 1763.5 1727.7 1468.5 1181.9 1297.8 1359.0 1627.8 1515.7 1377.5 1493.2 1532.7 1361.9 1562.6 1631.2 1418.8 1671.3 1826.2 1680.7 1594.9 1332.0 1358.5 1422.6 1505.0 1536.4 1638.4 1539.9 889.3 1226.7 1555.3 1774.3 1733.1 1855.1 1729.7 1915.6 1855.2 1955.6 1979.0 2007.0 2013.5 2041.8 2040.8 1935.4 1882.1 1579.2 1580.4 1685.8 1808.6 1837.4 1562.2 1661.0 1715.2 1733.9 1808.4 1766.3 1789.2 1814.1 1891.5 1816.1 1843.5 1901.8 1777.8 1818.7 1925.2 1933.1
-999.0 -999.0 -999.0 2007.5 1865.8 1824.5 1706.9 1783.2 1723.4 1579.5 1536.6 1607.9 1716.4 1500.8 1618.0 1453.3 1751.0 1649.8 1430.3 1534.9 1722.4 1617.5 1882.3 1853.1 1485.8 1366.2 1439.8 1594.6 1458.9 1727.6 1777.5 1752.3 1354.0 1166.5 1172.4 1769.5 1699.9 1722.3 1734.3 1835.0 2001.3 1869.0 1925.8 1947.1 2017.5 2003.2 2085.5 2073.1 1922.0 1854.8 1582.6 1630.3 1716.4 1829.1 1752.0 1591.8 1632.5 1677.8 1758.8 1778.3 1808.8 1850.1 1879.9 1873.2 1834.9 1815.2 1847.0 1859.4 1876.6 1924.0 1854.7
-999.0 -999.0 -999.0 2033.1 -999.0 1983.3 1917.3 1763.3 1869.9 1769.3 1751.4 1664.0 1715.2 1672.5 1556.8 1719.0 1643.5 1813.1 1868.5 1884.2 1894.1 1894.5 1613.8 1682.1 1324.6 817.3 1417.5 1397.2 1428.6 1125.4 1148.1 1833.0 1882.0 1040.8 1423.8 1646.7 1608.3 1537.6 1773.3 1967.7 2053.7 1840.5 1816.2 1946.9 2034.2 2072.0 2043.7 2064.2 1915.9 1634.7 1561.1 1709.2 1800.4 1840.3 1843.3 1807.0 1708.8 1784.9 1831.9 1876.9 1908.6 1925.5 1918.7 1814.5 1846.3 1884.6 1862.8 1910.9 1905.2 1846.4 1874.2
-999.0 -999.0 -999.0 -999.0 -999.0 -999.0 1776.7 1887.0 1919.9 1812.4 1865.4 1788.0 1776.8 1721.3 1822.0 1844.6 1756.2 1800.4 1699.9 1856.5 1607.8 1860.7 1539.3 1352.6 1300.5 1127.4 1030.9 1227.7 1095.0 996.5 1464.2 1350.5 1533.1 1997.2 1477.6 1543.2 1897.2 1854.5 2015.0 1800.8 1852.0 1610.9 1719.8 1971.2 2016.2 2068.1 2128.8 1945.1 1639.9 1732.4 1554.3 1728.4 1804.8 1760.7 1856.7 1712.2 1851.3 1854.1 1928.3 1972.7 1967.3 1930.5 1914.6 1906.5 1939.8 1941.4 1946.3 1892.4 1806.4 1764.6 1852.1
-999.0 -999.0 -999.0 -999.0 -999.0 1934.9 1861.3 1823.0 1860.1 1902.9 1724.4 1629.6 1534.8 1652.9 1760.4 1802.1 1879.3 1822.3 1545.2 1866.1 1722.1 1996.6 1801.8 1709.5 1710.0 1739.5 1424.5 1471.5 1244.8 1232.1 1116.2 1339.9 1347.2 1508.1 1163.0 1732.9 1881.5 1933.4 1797.7 1841.0 1632.4 1731.1 1731.9 2018.2 2031.6 2017.2 1690.2 1612.8 1618.9 1566.2 1740.6 1718.7 1739.6 1787.8 1846.1 1845.4 1862.9 1940.6 2014.4 2044.3 2023.0 1912.4 1887.1 1858.2 1910.9 1954.5 1936.9 1848.2 1686.8 1861.2 1837.4
-999.0 -999.0 -999.0 -999.0 2056.2 1969.9 1919.1 1874.7 1898.1 1911.5 1897.7 1809.2 1890.0 1865.3 1905.4 1888.3 1844.6 1836.5 1829.5 1591.9 1933.0 1542.9 1652.1 1619.5 1453.6 1537.5 1690.8 1655.6 1456.5 1537.2 1393.4 1457.3 1637.3 1293.1 1336.9 1878.2 1744.4 1991.6 1943.0 1768.5 1713.3 1847.7 1892.8 1984.5 2023.2 1798.1 1852.8 1665.2 1664.3 1724.3 1707.7 1758.0 1820.7 1824.4 1895.8 1930.3 1942.6 1997.9 1922.0 2084.0 1970.8 1979.8 1947.1 1955.7 1953.9 1933.0 1849.5 1722.3 1767.2 1811.6 1843.4
-999.0 -999.0 -999.0 -999.0 -999.0 -999.0 2057.5 1973.7 1938.9 1900.5 1877.8 1837.5 -999.0 -999.0 -999.0 -999.0 1916.1 1844.5 1707.6 1941.6 2052.7 1907.2 1875.7 1843.2 1786.1 2029.4 1158.3 1130.6 1559.1 1675.6 1685.2 1528.3 1468.6 1375.7 1690.1 1837.0 1895.8 2021.6 1654.2 1854.0 1754.3 2015.9 1994.0 1991.7 2002.1 1709.5 1869.1 1706.5 1709.8 1793.7 1800.4 1834.1 1865.2 1918.3 1946.7 1963.3 1949.6 1977.8 1905.0 2036.8 1970.9 1922.2 1950.0 1927.2 1918.1 1806.9 1827.4 1776.3 1771.4 1821.8 1958.4
-999.0 -999.0 -999.0 -999.0 -999.0 -999.0 2085.6 1939.5 1839.8 2014.6 1858.9 1999.7 -999.0 -999.0 -999.0 -999.0 -999.0 -999.0 -999.0 2053.4 2077.5 2019.0 2161.9 2046.0 1812.9 1456.0 1265.4 1104.2 1199.6 1400.3 1578.2 1570.8 1732.9 1548.4 1560.3 1908.6 2011.1 1668.8 1714.6 1734.0 2071.1 2080.4 2015.2 2026.6 1842.4 1746.6 1759.7 1747.7 1803.0 1834.0 1866.7 1890.6 1899.0 1906.1 1924.9 1858.0 1923.3 1960.2 1994.3 2014.8 1954.7 1916.9 1928.2 1798.8 1807.4 1914.5 1788.5 1792.0 1849.7 1907.3 1977.3
-999.0 -999.0 -999.0 -999.0 -999.0 -999.0 -999.0 -999.0 2049.4 -999.0 -999.0 -999.0 -999.0 -999.0 -999.0 -999.0 -999.0 1885.8 1885.9 1924.1 1884.4 2021.6 2164.9 2211.5 1997.1 1713.1 1379.5 1283.5 1367.5 1757.4 1793.1 1441.2 1626.0 1710.1 1905.9 2018.3 2077.7 1831.1 1925.3 1975.8 2099.5 2085.1 1988.8 2002.1 1687.1 1649.2 1764.2 1771.8 1848.5 1863.1 1878.4 1911.6 1856.1 1890.6 1859.4 1925.7 1943.0 1972.1 1979.3 1973.0 1871.0 1841.7 1776.3 1688.8 1829.8 1809.6 1984.6 1876.2 1917.3 1989.1 1982.2
-999.0 -999.0 -999.0 -999.0 -999.0 -999.0 -999.0 -999.0 -999.0 -999.0 -999.0 -999.0 -999.0 -999.0 -999.0 -999.0 -999.0 1911.4 1894.2 2086.4 2017.1 2011.1 -999.0 -999.0 2257.9 1693.4 1889.9 1700.6 1757.2 1750.8 1694.8 1598.1 1935.2 1992.1 1977.0 2053.0 2077.3 2078.9 2115.3 2127.8 2105.1 1957.6 1964.2 1892.2 1672.2 1775.4 1819.9 1855.1 1869.7 1825.9 1847.9 1876.8 1859.2 1899.2 1865.0 1819.8 1801.1 1869.2 1829.3 1924.3 1919.2 1830.6 1628.8 1838.1 1851.2 1930.9 2080.8 1947.0 1983.3 2046.5 2087.2
-999.0 -999.0 -999.0 -999.0 -999.0 -999.0 -999.0 -999.0 -999.0 -999.0 -999.0 -999.0 -999.0 -999.0 -999.0 -999.0 -999.0 -999.0 -999.0 -999.0 -999.0 -999.0 -999.0 -999.0 2249.6 2102.4 1830.2 1812.1 1958.8 1972.9 1959.4 1912.8 2030.0 2110.1 2097.6 2099.1 2135.0 2153.3 -999.0 2179.7 2114.6 1996.6 1984.0 1884.0 1706.0 1788.4 1801.1 1866.4 1943.6 1924.8 1829.1 1879.2 1848.5 1731.3 1670.2 1691.3 1659.0 1621.3 1744.0 1785.6 1820.7 1840.6 1777.0 1912.7 1923.0 1939.4 2014.9 2042.5 2075.0 2062.2 2072.2
-999.0 -999.0 -999.0 -999.0 -999.0 -999.0 -999.0 -999.0 -999.0 -999.0 -999.0 -999.0 -999.0 -999.0 -999.0 -999.0 -999.0 -999.0 -999.0 -999.0 -999.0 -999.0 -999.0 -999.0 -999.0 2143.3 2043.6 1965.8 1885.0 1858.8 2012.5 2066.6 2108.9 2193.0 -999.0 -999.0 -999.0 -999.0 2159.8 2172.7 2041.1 2006.0 1997.9 1902.7 1722.0 1804.1 1773.0 1831.7 1956.8 1835.5 1838.0 1700.1 1758.8 1575.0 1661.6 1641.7 1711.1 1693.8 1714.0 1802.0 1767.8 1994.1 1983.6 1963.9 2072.0 2034.4 2076.8 2097.7 2110.7 2190.7 2257.3
-999.0 -999.0 -999.0 -999.0 -999.0 -999.0 -999.0 -999.0 -999.0 -999.0 -999.0 -999.0 -999.0 -999.0 -999.0 -999.0 -999.0 -999.0 -999.0 -999.0 -999.0 -999.0 -999.0 -999.0 -999.0 -999.0 2143.1 1894.7 1895.2 1939.9 1896.1 2019.9 2133.0 -999.0 -999.0 -999.0 -999.0 2048.5 1935.9 1858.1 2070.9 2056.3 2049.2 1827.5 1739.1 1755.0 1764.3 1846.7 1857.1 1876.6 1711.1 1554.0 1618.2 1617.6 1701.3 1693.8 1729.5 1841.7 1809.3 1835.5 1916.4 1967.5 2013.2 2131.7 2056.4 2026.0 2052.3 2020.2 2012.0 2172.1 2238.0
-999.0 -999.0 -999.0 -999.0 -999.0 -999.0 -999.0 -999.0 -999.0 -999.0 -999.0 -999.0 -999.0 -999.0 -999.0 -999.0 -999.0 -999.0 -999.0 -999.0 -999.0 -999.0 -999.0 -999.0 -999.0 -999.0 -999.0 2128.0 2020.0 2047.7 1942.7 2094.0 2108.0 -999.0 -999.0 -999.0 2088.8 2063.6 1991.7 1830.8 1882.5 1944.6 2083.5 1935.8 2013.6 1813.2 1793.3 1897.1 1769.5 1677.8 1674.1 1683.8 1585.1 1670.7 1743.9 1786.0 1856.2 1876.5 1881.9 1878.6 1870.6 1948.1 2030.5 2020.9 1932.7 1912.6 2002.7 2004.3 2020.5 2091.0 2183.0
-999.0 -999.0 -999.0 -999.0 -999.0 -999.0 -999.0 -999.0 -999.0 -999.0 -999.0 -999.0 -999.0 -999.0 -999.0 -999.0 -999.0 -999.0 -999.0 -999.0 -999.0 -999.0 -999.0 -999.0 -999.0 -999.0 -999.0 -999.0 -999.0 -999.0 -999.0 -999.0 -999.0 -999.0 -999.0 2029.0 2045.2 2049.4 2016.9 1813.6 1988.1 1948.4 1892.9 1920.1 1946.3 1884.7 1977.5 1945.4 1887.6 1776.0 1785.5 1755.5 1726.6 1692.9 1723.8 1761.1 1648.1 1800.3 1776.6 1841.3 1831.2 1873.0 1966.3 1946.3 1901.8 1892.4 1882.2 1990.3 2036.2 2063.4 2096.9
-999.0 -999.0 -999.0 -999.0 -999.0 -999.0 -999.0 -999.0 -999.0 -999.0 -999.0 -999.0 -999.0 -999.0 -999.0 -999.0 -999.0 -999.0 -999.0 -999.0 -999.0 -999.0 -999.0 -999.0 -999.0 -999.0 -999.0 -999.0 -999.0 -999.0 -999.0 -999.0 -999.0 -999.0 -999.0 2154.0 1926.5 1948.7 1477.7 1616.6 1945.2 1911.1 1874.3 1869.3 1840.7 1946.0 1981.5 1952.1 1905.9 1780.4 1827.2 1880.7 1721.2 1686.1 1577.1 1713.3 1696.0 1586.2 1732.6 1793.0 1847.6 1917.8 1942.3 1948.9 1945.7 1946.1 1983.8 1948.7 1978.1 2048.5 2056.5
-999.0 -999.0 -999.0 -999.0 -999.0 -999.0 -999.0 -999.0 -999.0 -999.0 -999.0 -999.0 -999.0 -999.0 -999.0 -999.0 -999.0 -999.0 -999.0 -999.0 -999.0 -999.0 -999.0 -999.0 -999.0 -999.0 -999.0 -999.0 -999.0 -999.0 -999.0 -999.0 -999.0 -999.0 -999.0 2120.1 2070.7 2030.7 1792.7 1504.5 1640.9 1762.0 1871.7 1770.9 1899.7 1902.4 1953.6 1763.0 1698.3 1632.4 1718.2 1817.3 1785.6 1779.0 1755.9 1722.5 1716.5 1787.5 1788.8 1803.8 1831.8 1887.7 1934.7 1951.1 1960.3 1932.6 1967.0 1948.2 1962.4 1998.0 1946.3
-999.0 -999.0 -999.0 -999.0 -999.0 -999.0 -999.0 -999.0 -999.0 -999.0 -999.0 -999.0 -999.0 -999.0 -999.0 -999.0 -999.0 -999.0 2351.6 2178.7 2222.4 1437.3 1392.1 1408.6 1460.6 1355.5 2197.2 1694.2 2278.9 -999.0 -999.0 -999.0 -999.0 -999.0 -999.0 2097.3 2050.9 1983.3 2024.8 1884.9 1721.8 1651.2 1733.8 1820.0 1860.8 1854.8 1790.4 1669.6 1720.1 1784.5 1812.6 1853.7 1787.9 1803.5 1863.1 1901.1 1909.0 1851.7 1879.4 1807.2 1771.0 1707.4 1837.0 1882.4 1877.1 1877.7 1933.3 1867.0 1922.3 1980.9 1892.9
-999.0 -999.0 -999.0 -999.0 -999.0 -999.0 -999.0 -999.0 -999.0 -999.0 -999.0 -999.0 -999.0 -999.0 -999.0 -999.0 -999.0 -999.0 1910.4 1802.9 1580.2 1493.3 1213.1 1118.6 1225.0 1273.4 1362.1 1728.2 1984.2 2148.6 2062.1 1823.4 2011.5 2084.0 2126.2 2079.0 2051.1 2041.9 2037.2 2024.0 1969.4 1751.6 1746.9 1809.7 1885.6 1628.6 1764.7 1858.9 1808.8 1764.0 1863.2 1892.9 1880.6 1863.3 1871.4 1899.8 1888.2 1975.2 1924.4 1834.4 1810.8 1822.8 1768.4 1760.5 1913.7 1938.9 1976.0 2002.2 1908.2 1992.2 1634.9
-999.0 -999.0 -999.0 -999.0 -999.0 -999.0 -999.0 -999.0 -999.0 -999.0 -999.0 -999.0 -999.0 -999.0 -999.0 -999.0 -999.0 2351.7 2163.1 1910.0 1818.3 1663.4 1333.9 1167.2 1230.5 1364.7 1417.8 1475.8 1679.3 1836.0 1911.5 1839.9 1715.2 1987.3 2021.2 2035.0 1995.7 1897.8 2023.0 2001.8 1846.3 1812.8 1826.9 1811.3 1604.5 1784.5 1659.8 1717.3 1792.2 1895.6 1880.2 1939.2 1869.9 1778.0 1902.3 1861.3 1947.3 1915.6 1916.5 1865.0 1847.1 1736.2 1683.8 1879.5 1936.6 1932.9 1745.6 1910.6 1970.5 1951.0 1943.0
-999.0 -999.0 -999.0 -999.0 -999.0 -999.0 -999.0 -999.0 -999.0 -999.0 -999.0 -999.0 -999.0 -999.0 -999.0 -999.0 -999.0 -999.0 2166.2 2099.3 2047.9 1691.2 1604.1 1514.2 1283.0 1448.3 1579.8 1770.4 1617.0 1451.5 1653.3 1856.3 1862.2 1717.9 1909.4 2031.8 2011.5 2026.7 1938.8 1897.5 1950.9 1932.3 1876.7 1839.1 1721.9 1839.3 1690.5 1775.3 1783.9 1829.6 1841.4 1905.0 1816.1 1786.8 1832.9 1972.4 1982.6 1937.4 2017.6 1965.6 1953.6 1848.7 1754.7 1780.5 1919.4 1908.3 1842.2 1872.2 1942.1 2016.3 2027.8
