GDD/GrowingDegreeDays_1976_Actual.txt
ncols         180
nrows         290
xllcorner     -200000
yllcorner     -200000
cellsize      5000
NODATA_value    -999
[rows 128 to 159 of 290, columns 71 to 141 of 180]
-999.0 1323.8 1632.8 1676.5 -999.0 -999.0 -999.0 -999.0 -999.0 -999.0 -999.0 -999.0 -999.0 1517.9 1396.6 1568.2 1379.0 1221.0 1314.1 1099.0 944.1 1028.9 922.6 1047.4 1186.0 1273.9 1230.5 1035.9 1095.8 1155.5 1366.2 1152.1 881.4 1079.8 956.8 1146.3 1170.5 1354.7 1338.3 1233.6 1292.1 1265.9 1162.8 1046.5 959.3 1011.1 1140.1 1238.6 1273.2 1375.4 1257.8 1237.4 1339.8 1424.1 -999.0 -999.0 -999.0 -999.0 -999.0 -999.0 -999.0 -999.0 -999.0 -999.0 -999.0 -999.0 -999.0 -999.0 -999.0 -999.0 -999.0
-999.0 -999.0 -999.0 -999.0 -999.0 -999.0 -999.0 -999.0 -999.0 -999.0 -999.0 -999.0 -999.0 1547.7 1608.1 1280.6 1364.9 1189.7 1304.3 1052.9 1039.4 875.3 931.7 960.8 1074.7 1130.1 1312.3 823.4 890.0 1172.3 1398.2 1136.8 962.8 1146.0 1109.4 1011.0 1233.9 1102.9 1050.6 1177.0 1050.3 1041.6 879.9 1159.8 1156.6 1101.0 1107.4 1128.4 1313.9 1473.2 1401.3 1418.0 1449.2 1512.9 1564.2 -999.0 -999.0 -999.0 -999.0 -999.0 -999.0 -999.0 -999.0 -999.0 -999.0 -999.0 -999.0 -999.0 -999.0 -999.0 -999.0
-999.0 -999.0 -999.0 -999.0 -999.0 -999.0 -999.0 -999.0 -999.0 -999.0 -999.0 -999.0 1741.3 1365.7 1228.8 1249.0 1172.7 1170.1 1248.8 1301.9 1002.8 1013.1 938.4 998.6 1033.0 1254.3 1471.6 1214.1 1128.9 1154.1 1358.7 1359.3 1190.5 1168.2 1166.6 1132.6 948.9 1206.9 1241.6 1201.1 1204.7 869.9 1031.8 943.6 1022.2 1196.7 1180.8 1165.0 1166.3 1160.2 1428.7 1499.1 1512.4 1534.6 1601.8 -999.0 -999.0 -999.0 -999.0 -999.0 -999.0 -999.0 -999.0 -999.0 -999.0 -999.0 -999.0 -999.0 -999.0 -999.0 -999.0
-999.0 -999.0 -999.0 -999.0 -999.0 -999.0 -999.0 -999.0 -999.0 -999.0 -999.0 -999.0 1460.1 1345.4 1310.9 997.9 1053.1 1206.5 1243.4 1000.1 1283.2 1189.8 1044.3 1164.3 1159.3 1406.2 1540.2 1368.0 1294.9 1120.9 1433.4 1394.7 1362.6 1275.8 1361.2 1058.5 1351.7 1080.4 1180.6 1318.6 886.7 1203.3 1107.8 1074.4 1154.4 1107.6 1280.5 1285.4 1143.8 1201.4 1366.6 1378.1 1445.6 1528.2 1581.5 -999.0 -999.0 -999.0 -999.0 -999.0 -999.0 -999.0 -999.0 -999.0 -999.0 -999.0 -999.0 -999.0 -999.0 -999.0 -999.0
-999.0 -999.0 -999.0 -999.0 -999.0 -999.0 -999.0 -999.0 -999.0 -999.0 -999.0 1445.5 1452.3 1407.2 1151.8 1226.8 1199.9 796.3 1069.6 1084.6 1303.4 1208.8 1188.5 1294.2 1174.7 1230.3 1404.7 1304.8 1359.0 1512.3 1552.7 1461.1 1290.5 1281.8 1098.8 1251.8 1386.0 1081.7 1291.0 1240.7 925.6 1171.8 1256.6 1331.0 1222.7 1136.8 1195.6 1183.1 1186.8 1317.1 1367.7 1432.4 1517.3 1528.0 1575.4 -999.0 -999.0 -999.0 -999.0 -999.0 -999.0 -999.0 -999.0 -999.0 -999.0 -999.0 -999.0 -999.0 -999.0 -999.0 -999.0
-999.0 -999.0 -999.0 -999.0 -999.0 -999.0 -999.0 -999.0 -999.0 -999.0 1622.9 1413.9 1258.1 1432.9 1348.7 1262.4 1307.3 1121.7 1229.7 862.6 1367.9 1419.5 1324.7 1278.3 1262.1 1247.8 1410.7 1549.2 1637.5 1423.5 1575.6 1567.8 1381.1 1333.9 1337.8 1342.1 1444.7 1262.6 1422.9 1276.5 1000.1 1072.6 1067.7 1154.6 1212.3 1294.6 1334.8 1196.4 1268.9 1331.2 1362.4 1419.9 1461.7 1549.1 1587.8 1628.3 -999.0 -999.0 -999.0 -999.0 -999.0 -999.0 -999.0 -999.0 -999.0 -999.0 -999.0 -999.0 -999.0 -999.0 -999.0
-999.0 -999.0 -999.0 -999.0 -999.0 -999.0 -999.0 -999.0 -999.0 -999.0 1343.3 1014.0 1212.2 1300.9 1380.4 1398.0 1472.3 887.3 1085.0 1238.1 1274.8 1465.6 1444.0 1353.5 1391.8 1114.4 1498.9 1636.2 1664.7 1661.9 1406.6 1579.2 1375.0 1423.1 1385.6 1437.3 1435.7 1432.7 1275.6 1379.7 1194.5 1131.9 1175.5 1127.3 1262.0 1367.8 1410.3 1309.5 1361.6 1286.6 1363.1 1467.8 1562.3 1524.1 1553.4 1604.7 -999.0 -999.0 -999.0 -999.0 -999.0 -999.0 -999.0 -999.0 -999.0 -999.0 -999.0 -999.0 -999.0 -999.0 -999.0
-999.0 -999.0 -999.0 -999.0 -999.0 -999.0 -999.0 -999.0 1587.2 1496.5 1224.5 1219.4 1243.6 1230.3 1390.6 1389.7 1523.1 1160.6 1231.3 1207.0 1319.2 1352.0 1524.1 1361.0 1337.0 1422.7 1465.0 1522.6 1724.3 1690.6 1547.5 1557.3 1547.5 1515.1 1489.6 1547.3 1558.5 1442.1 1448.9 1442.7 1166.7 1206.5 1221.2 1235.7 1185.2 1331.3 1390.7 1520.5 1430.6 1391.0 1434.0 1492.1 1578.4 1571.9 1565.3 1582.7 -999.0 -999.0 -999.0 -999.0 -999.0 -999.0 -999.0 -999.0 -999.0 -999.0 -999.0 -999.0 -999.0 -999.0 -999.0
-999.0 -999.0 -999.0 -999.0 -999.0 -999.0 -999.0 -999.0 1491.8 1431.8 1480.8 1254.8 1294.2 1237.4 1418.0 1518.4 1579.0 1550.0 1424.2 1085.6 1292.3 1365.8 1522.1 1521.5 1498.6 1526.7 1545.4 1515.6 1652.6 1574.7 1669.9 1643.4 1633.0 1607.8 1622.4 1641.8 1672.0 1625.8 1496.7 1473.7 1475.9 1354.2 1307.3 1324.1 1362.8 1424.4 1641.7 1504.2 1288.1 1360.2 1495.6 1522.9 1583.3 1592.2 1648.0 1623.6 1654.3 -999.0 -999.0 -999.0 -999.0 -999.0 -999.0 -999.0 -999.0 -999.0 -999.0 -999.0 -999.0 -999.0 -999.0
-999.0 -999.0 -999.0 -999.0 -999.0 -999.0 -999.0 -999.0 1467.3 1412.6 1546.4 1333.0 1451.8 1383.3 1471.4 1548.7 1559.8 1643.8 1354.1 1328.0 1371.1 1249.4 1487.4 1539.2 1527.6 1579.8 1463.2 1217.2 1556.6 -999.0 -999.0 -999.0 1668.8 1629.2 -999.0 1700.3 1721.0 1679.3 1634.8 1582.3 1432.3 1281.6 1371.6 1389.3 1351.7 1464.0 1388.8 1364.2 1480.1 1564.3 1616.1 1628.8 1587.4 1773.2 1763.9 1699.0 1657.6 -999.0 -999.0 -999.0 -999.0 -999.0 -999.0 -999.0 -999.0 -999.0 -999.0 -999.0 -999.0 -999.0 -999.0
1702.0 -999.0 -999.0 -999.0 -999.0 -999.0 -999.0 -999.0 1604.6 1322.2 1507.6 1546.1 1504.5 1459.3 1467.5 1501.2 1595.6 1635.6 1604.7 1223.4 1380.0 1294.0 1495.3 1554.0 1405.5 1615.9 1566.2 1573.4 1628.3 -999.0 -999.0 -999.0 1671.8 1643.7 1624.0 1669.3 1735.3 1714.8 1680.8 1475.9 1237.3 1145.0 1291.7 1105.8 1335.0 1392.5 1224.6 1406.0 1350.6 1365.9 1447.2 1654.6 1574.6 1480.1 1634.8 1634.3 1678.7 -999.0 -999.0 -999.0 -999.0 -999.0 -999.0 -999.0 -999.0 -999.0 -999.0 -999.0 -999.0 -999.0 -999.0
1511.8 1578.4 -999.0 -999.0 -999.0 -999.0 -999.0 -999.0 -999.0 1462.9 1413.4 1577.5 -999.0 1549.2 1495.8 1510.8 1527.5 1624.6 -999.0 1606.7 1646.7 1475.4 1548.9 1489.6 1486.7 1646.1 1657.4 -999.0 -999.0 -999.0 -999.0 1669.4 1640.5 1628.3 1643.6 1630.1 1641.1 1671.8 1598.7 1491.5 1195.0 905.4 1287.8 991.4 1231.4 1142.6 1097.3 1297.3 1214.2 1348.8 1500.3 1421.9 1419.9 1505.9 1649.4 1586.5 1555.2 1707.6 -999.0 -999.0 -999.0 -999.0 -999.0 -999.0 -999.0 -999.0 -999.0 -999.0 -999.0 -999.0 -999.0
1404.3 -999.0 -999.0 -999.0 -999.0 -999.0 -999.0 -999.0 -999.0 -999.0 1515.3 -999.0 -999.0 -999.0 1642.8 1515.0 1503.4 1543.6 1624.9 -999.0 -999.0 1585.1 1649.7 1488.8 1445.5 -999.0 -999.0 -999.0 -999.0 -999.0 1717.1 1593.0 1589.8 1596.6 1614.2 1565.9 1610.9 1541.2 1459.2 1529.8 1334.5 1068.9 901.5 1049.4 959.7 951.3 969.0 1158.0 1147.9 1143.8 1245.5 1423.6 1454.8 1443.0 1622.4 1566.9 1493.7 1559.0 -999.0 -999.0 -999.0 -999.0 -999.0 -999.0 -999.0 -999.0 -999.0 -999.0 -999.0 -999.0 -999.0
-999.0 -999.0 -999.0 -999.0 -999.0 -999.0 -999.0 -999.0 -999.0 -999.0 1592.8 1605.9 -999.0 -999.0 -999.0 1632.7 1453.3 1452.2 1542.6 -999.0 -999.0 -999.0 -999.0 1696.1 -999.0 -999.0 -999.0 -999.0 -999.0 -999.0 1724.5 1632.3 1604.4 1493.6 1404.9 1406.1 1502.1 1506.4 1551.9 1516.7 1423.0 1139.4 932.1 1093.0 814.9 902.3 889.8 1099.6 1106.7 1025.4 1211.3 1360.2 1448.5 1578.6 1625.7 1532.0 1460.4 1530.8 -999.0 -999.0 -999.0 -999.0 -999.0 -999.0 -999.0 -999.0 -999.0 -999.0 -999.0 -999.0 -999.0
1782.9 1794.9 1758.5 -999.0 -999.0 -999.0 -999.0 -999.0 -999.0 -999.0 -999.0 1482.3 -999.0 -999.0 -999.0 -999.0 1605.3 1490.7 1580.3 -999.0 -999.0 -999.0 -999.0 -999.0 -999.0 -999.0 -999.0 -999.0 -999.0 1756.9 1655.7 1499.7 1405.7 1373.2 1282.4 1309.8 1393.7 1430.3 1532.6 1473.5 1444.9 1252.1 792.3 735.1 779.5 868.3 1106.4 1224.6 1202.5 1300.8 1450.5 1318.5 1342.1 1565.5 1569.8 1493.4 1448.2 1522.3 1661.3 -999.0 -999.0 -999.0 -999.0 -999.0 -999.0 -999.0 -999.0 -999.0 -999.0 -999.0 -999.0
1532.3 1545.4 1633.9 1694.5 -999.0 -999.0 -999.0 -999.0 -999.0 -999.0 -999.0 1404.5 -999.0 -999.0 -999.0 -999.0 -999.0 -999.0 -999.0 -999.0 -999.0 -999.0 -999.0 -999.0 -999.0 -999.0 -999.0 -999.0 -999.0 1664.1 1588.9 1551.6 1517.9 1578.9 1095.0 1251.6 1345.9 1259.6 1518.2 1401.6 1590.8 1392.1 901.9 667.5 854.0 1005.9 793.8 783.5 914.6 1068.3 1178.0 1511.0 1490.1 1513.6 1437.3 1485.3 1504.8 1510.5 1638.5 1762.8 -999.0 -999.0 -999.0 -999.0 -999.0 -999.0 -999.0 -999.0 -999.0 -999.0 -999.0
1584.0 1615.9 1596.0 1651.4 -999.0 -999.0 -999.0 -999.0 -999.0 -999.0 -999.0 -999.0 -999.0 -999.0 -999.0 -999.0 -999.0 -999.0 -999.0 -999.0 -999.0 -999.0 -999.0 -999.0 -999.0 -999.0 -999.0 -999.0 1781.8 1659.3 1513.3 1577.5 1295.8 1685.4 822.4 861.0 1393.4 1358.4 1472.1 1539.8 1456.6 1499.5 1271.5 739.7 812.6 946.7 1023.1 1117.6 1016.7 1073.9 1172.8 1354.1 1494.8 1528.8 1543.9 1544.2 1496.0 1567.7 1727.7 1786.3 -999.0 -999.0 -999.0 -999.0 -999.0 -999.0 -999.0 -999.0 -999.0 -999.0 -999.0
1654.1 1686.9 1685.3 1647.4 -999.0 -999.0 -999.0 -999.0 -999.0 -999.0 -999.0 -999.0 -999.0 -999.0 -999.0 -999.0 -999.0 -999.0 -999.0 -999.0 -999.0 -999.0 -999.0 -999.0 -999.0 -999.0 -999.0 -999.0 1757.8 1500.4 1541.0 1371.2 900.6 1355.9 1582.7 1182.1 1123.3 1277.8 1323.2 1409.8 1438.0 1491.1 1442.1 1333.7 807.5 936.2 989.4 1130.9 1170.8 1202.7 1358.4 1409.1 1459.8 1436.0 1565.1 1484.4 1535.5 1570.7 1704.0 1798.6 1789.7 1742.3 1726.3 -999.0 -999.0 -999.0 -999.0 -999.0 -999.0 -999.0 -999.0
1597.0 1729.9 -999.0 1653.1 1696.4 -999.0 -999.0 -999.0 -999.0 -999.0 -999.0 -999.0 -999.0 -999.0 -999.0 -999.0 -999.0 -999.0 -999.0 -999.0 -999.0 -999.0 -999.0 -999.0 -999.0 -999.0 -999.0 -999.0 1721.8 1508.0 1410.7 1137.0 1439.5 1356.5 1255.7 1038.6 1243.9 1326.5 1048.1 1414.8 1259.8 1432.1 1508.8 1537.8 1263.1 1053.0 1055.3 1124.1 1182.8 1346.1 1359.1 1432.1 1520.4 1595.1 1595.1 1589.1 1546.4 1616.4 1693.3 1738.1 1489.8 1580.5 1506.8 1495.0 1583.4 -999.0 -999.0 -999.0 -999.0 -999.0 -999.0
1555.8 1650.3 1663.8 1636.8 -999.0 -999.0 -999.0 -999.0 -999.0 -999.0 -999.0 -999.0 -999.0 -999.0 -999.0 -999.0 -999.0 -999.0 -999.0 -999.0 -999.0 -999.0 -999.0 -999.0 -999.0 -999.0 -999.0 -999.0 1720.2 1494.9 1302.2 940.8 842.3 1062.3 1333.3 1270.0 1189.9 1012.6 1312.2 1039.6 1180.8 1312.2 1386.1 1430.0 1492.6 1382.6 1071.0 1107.1 1186.1 1264.6 1341.8 1422.5 1482.7 1563.3 1637.5 1616.9 1611.7 1664.3 1680.0 1664.1 1548.7 1295.0 1321.9 1339.4 1334.8 1431.5 1662.8 -999.0 -999.0 -999.0 -999.0
1624.0 1658.0 1629.6 1601.5 -999.0 -999.0 -999.0 -999.0 -999.0 -999.0 -999.0 -999.0 -999.0 -999.0 -999.0 -999.0 -999.0 -999.0 -999.0 -999.0 -999.0 -999.0 -999.0 -999.0 -999.0 -999.0 -999.0 -999.0 1748.2 1631.9 1302.0 1111.8 1419.0 687.5 845.0 1324.0 1171.8 1326.6 1016.8 963.4 1191.1 1328.7 1321.1 1293.6 1420.5 900.9 982.9 999.6 980.3 995.0 1090.9 1382.2 1365.9 1545.9 1621.5 1632.9 1642.1 1669.3 1703.2 1706.8 1615.0 1377.5 1448.9 1474.4 1417.9 1376.3 1616.9 1487.6 -999.0 -999.0 -999.0
1674.5 1649.4 1553.9 1648.1 -999.0 -999.0 -999.0 -999.0 -999.0 -999.0 -999.0 -999.0 -999.0 -999.0 -999.0 -999.0 1776.0 1766.3 1808.4 -999.0 -999.0 -999.0 -999.0 -999.0 -999.0 -999.0 -999.0 -999.0 -999.0 1768.5 1633.0 1498.8 1320.7 1255.9 1018.9 1474.2 1695.5 1253.5 1251.5 1267.9 1311.9 1191.4 1190.1 1276.0 1229.1 1042.6 1039.8 843.3 929.5 1095.2 1193.9 1217.6 1394.6 1551.9 1620.1 1655.1 1635.1 1679.5 1694.9 1325.0 1389.2 1123.0 1096.2 1182.7 1254.3 1465.1 1288.7 1397.4 1640.5 -999.0 -999.0
1748.6 1632.4 1653.6 -999.0 -999.0 -999.0 -999.0 -999.0 -999.0 -999.0 -999.0 -999.0 -999.0 -999.0 -999.0 -999.0 1731.4 1728.8 -999.0 -999.0 -999.0 -999.0 -999.0 -999.0 -999.0 -999.0 -999.0 -999.0 -999.0 -999.0 1683.1 1673.5 1322.8 1353.3 817.7 1315.3 1317.6 1409.5 1541.2 1528.1 1455.0 1455.6 882.1 1269.5 1187.2 880.3 1059.6 1297.8 1379.4 1081.6 1395.4 1251.5 1462.7 1608.0 1683.8 1685.2 1665.5 1600.7 1405.5 1313.3 1357.8 1358.8 1403.0 1320.1 1237.3 1281.2 1266.1 1413.7 1423.4 -999.0 -999.0
1628.0 1596.9 -999.0 -999.0 -999.0 -999.0 -999.0 -999.0 -999.0 -999.0 -999.0 -999.0 -999.0 -999.0 -999.0 1712.4 1377.2 1462.1 1738.0 -999.0 -999.0 -999.0 -999.0 -999.0 -999.0 -999.0 -999.0 -999.0 -999.0 -999.0 1696.9 1425.5 1307.2 1279.0 1392.3 1284.1 1459.9 1520.5 1559.5 1578.6 1409.5 1483.3 1517.6 906.2 1171.0 1218.4 1009.2 1195.1 1031.6 1249.4 1243.2 1417.3 1527.1 1626.5 1671.4 1727.0 1690.3 1543.4 1434.2 1484.1 1410.3 1344.5 1377.2 1322.6 1334.6 1334.8 1331.9 1503.5 1422.1 1688.1 -999.0
-999.0 -999.0 -999.0 -999.0 -999.0 -999.0 -999.0 -999.0 -999.0 -999.0 -999.0 -999.0 -999.0 -999.0 1776.5 1328.2 1189.6 1065.2 1755.2 -999.0 -999.0 -999.0 -999.0 -999.0 -999.0 -999.0 -999.0 -999.0 -999.0 -999.0 1720.6 1254.7 1353.4 1660.3 1486.0 1550.0 1505.4 1653.9 1642.1 1530.8 1423.6 1604.9 1070.1 1230.2 1015.2 1213.0 923.9 1380.0 1279.9 1437.6 1303.1 1470.3 1508.2 1569.8 1714.8 1731.8 1694.0 1617.2 1389.3 1374.5 1425.5 1528.1 1493.1 1482.9 1455.0 1435.5 1334.2 1356.2 1492.0 1552.0 -999.0
-999.0 -999.0 -999.0 -999.0 -999.0 -999.0 -999.0 -999.0 -999.0 -999.0 -999.0 -999.0 -999.0 1769.3 1665.7 1043.1 1363.6 1558.9 -999.0 -999.0 -999.0 -999.0 -999.0 -999.0 -999.0 -999.0 -999.0 -999.0 -999.0 -999.0 -999.0 1701.0 1715.5 1724.5 1507.3 1688.5 1542.3 1700.1 1669.5 1614.4 1508.8 1623.5 1122.2 1084.4 963.6 991.8 942.4 1005.8 1017.6 1122.4 1232.4 1277.5 1369.9 1597.1 1676.3 1678.4 1613.0 1592.0 1581.4 1312.5 1450.5 1663.1 1663.2 1598.3 1611.9 1600.7 1606.7 1604.0 1666.5 1676.2 1626.8
-999.0 -999.0 -999.0 -999.0 -999.0 -999.0 -999.0 -999.0 -999.0 -999.0 -999.0 -999.0 -999.0 1494.6 1252.7 1591.8 1711.1 1819.5 -999.0 -999.0 -999.0 -999.0 -999.0 -999.0 -999.0 -999.0 -999.0 -999.0 -999.0 -999.0 -999.0 -999.0 1797.7 1661.6 1702.9 1728.5 1649.4 1734.7 1720.2 1665.5 1509.5 1628.7 1146.1 1187.6 1210.0 1018.6 1082.9 1159.8 921.2 946.9 1220.3 1172.2 1327.8 1420.1 1614.0 1653.5 1610.9 1612.9 1639.3 1642.5 1667.7 1729.5 1685.3 1625.1 1590.6 1611.3 1649.3 1661.5 1660.3 1424.8 1432.9
-999.0 -999.0 -999.0 -999.0 -999.0 -999.0 -999.0 -999.0 -999.0 -999.0 -999.0 -999.0 -999.0 1481.7 1541.8 1556.5 1816.1 -999.0 -999.0 -999.0 -999.0 -999.0 -999.0 -999.0 -999.0 -999.0 -999.0 -999.0 -999.0 -999.0 -999.0 -999.0 1841.0 1697.3 1689.9 -999.0 1763.0 -999.0 1826.1 1759.4 1667.0 1677.1 1609.0 1174.1 1218.6 1189.5 955.7 1390.9 1339.1 983.2 1118.8 1215.0 1305.8 1457.1 1593.9 1675.6 1727.8 1725.4 1694.7 1698.7 1661.9 1584.2 1649.5 1556.8 1595.9 1665.8 1632.3 1533.4 1556.1 1583.2 1568.6
-999.0 -999.0 -999.0 -999.0 -999.0 -999.0 -999.0 -999.0 -999.0 -999.0 -999.0 -999.0 1744.6 1746.3 1732.4 -999.0 -999.0 -999.0 -999.0 -999.0 -999.0 -999.0 -999.0 -999.0 -999.0 -999.0 -999.0 -999.0 -999.0 -999.0 -999.0 -999.0 1858.3 1818.2 1796.5 -999.0 -999.0 -999.0 1877.1 1633.8 1741.3 1619.3 1493.1 1543.3 1513.5 1396.7 1121.7 1107.1 1433.8 1143.0 1063.6 1279.9 1247.9 1388.1 1513.3 1711.3 1742.5 1748.8 1736.9 1724.6 1704.0 1676.8 1665.6 1607.1 1677.5 1642.0 1576.0 1515.3 1482.6 1483.6 1526.9
-999.0 -999.0 -999.0 -999.0 -999.0 -999.0 -999.0 -999.0 -999.0 -999.0 -999.0 -999.0 -999.0 -999.0 -999.0 -999.0 -999.0 -999.0 -999.0 -999.0 -999.0 -999.0 -999.0 -999.0 -999.0 -999.0 -999.0 -999.0 -999.0 -999.0 -999.0 -999.0 -999.0 -999.0 -999.0 -999.0 -999.0 1902.7 1861.8 1681.8 1438.7 1345.4 1326.6 1320.9 1417.9 1402.5 1212.9 1232.8 1339.6 1483.4 1278.4 1206.6 1349.1 1435.8 1534.1 1629.4 1697.3 1699.6 1737.8 1749.0 1754.6 1755.1 1729.7 1725.8 1634.9 1426.3 1561.9 1520.7 1595.9 1585.3 1638.3
-999.0 -999.0 -999.0 -999.0 -999.0 -999.0 -999.0 -999.0 -999.0 -999.0 -999.0 -999.0 -999.0 -999.0 -999.0 -999.0 -999.0 -999.0 -999.0 -999.0 -999.0 -999.0 -999.0 -999.0 -999.0 -999.0 -999.0 -999.0 -999.0 -999.0 -999.0 -999.0 -999.0 -999.0 -999.0 -999.0 -999.0 1832.6 1752.6 1509.7 1248.7 1078.3 1203.3 1450.0 1365.4 1566.7 1488.6 1534.3 1400.0 1338.4 1305.6 1316.0 1368.3 1465.0 1523.4 1578.9 1683.7 1692.5 1742.4 1765.9 1809.1 1809.3 1766.0 1740.5 1679.4 1385.3 1462.6 1616.4 1666.0 1689.4 1683.7
-999.0 -999.0 -999.0 -999.0 -999.0 -999.0 -999.0 -999.0 -999.0 -999.0 -999.0 -999.0 -999.0 -999.0 -999.0 -999.0 -999.0 -999.0 -999.0 -999.0 -999.0 -999.0 -999.0 -999.0 -999.0 -999.0 -999.0 -999.0 -999.0 -999.0 -999.0 -999.0 -999.0 -999.0 -999.0 -999.0 -999.0 1780.3 1757.8 1640.4 1392.8 1294.8 1349.2 1454.8 1483.1 1533.3 1474.7 1554.2 1565.9 1517.0 1662.7 1350.1 1487.7 1416.6 1522.6 1565.7 1694.6 1724.6 1727.8 1746.3 1839.6 1821.9 1794.2 1744.0 1723.8 1569.8 1526.5 1616.0 1688.3 1711.2 1722.2
