GDD/GrowingDegreeDays_1968_Actual.txt
ncols         180
nrows         290
xllcorner     -200000
yllcorner     -200000
cellsize      5000
NODATA_value    -999
[rows 96 to 127 of 290, columns 71 to 141 of 180]
1211.9 1253.0 1395.2 1473.9 1145.6 1407.6 837.0 871.1 1134.4 1375.6 970.0 621.0 622.6 541.9 780.6 855.7 897.1 645.3 717.4 595.9 557.2 813.3 802.3 810.6 1027.0 929.1 1089.8 862.3 687.2 748.1 689.6 802.0 832.4 735.3 678.4 770.8 829.7 723.1 720.6 1010.3 1110.1 1202.2 1214.0 1025.7 1094.9 -999.0 -999.0 -999.0 -999.0 -999.0 -999.0 -999.0 -999.0 -999.0 -999.0 -999.0 -999.0 -999.0 -999.0 -999.0 -999.0 -999.0 -999.0 -999.0 -999.0 -999.0 -999.0 -999.0 -999.0 -999.0 -999.0
1183.0 1052.7 1421.8 1471.7 1138.3 1319.0 984.8 1137.3 1354.9 1399.0 1051.6 710.6 1354.6 723.2 892.2 742.8 915.8 707.9 946.5 801.0 898.1 893.2 497.1 867.7 840.2 941.4 997.1 1033.2 712.3 849.3 956.5 906.9 698.1 839.7 752.0 890.4 844.8 888.9 983.5 1137.2 1129.5 1108.8 1145.0 1243.1 -999.0 -999.0 -999.0 -999.0 -999.0 -999.0 -999.0 -999.0 -999.0 -999.0 -999.0 -999.0 -999.0 -999.0 -999.0 -999.0 -999.0 -999.0 -999.0 -999.0 -999.0 -999.0 -999.0 -999.0 -999.0 -999.0 -999.0
1228.1 1411.2 950.3 1116.6 1064.0 806.6 614.0 1381.2 1478.7 723.5 1177.4 1256.1 701.8 853.2 657.3 840.5 665.9 1015.9 1106.1 1180.6 1184.3 1173.5 1085.8 826.2 1044.2 883.8 837.7 1075.3 925.9 817.8 1002.4 1002.8 873.9 871.1 958.8 871.5 948.1 1108.7 1178.4 1215.1 1122.4 1190.3 1246.9 1238.2 -999.0 -999.0 -999.0 -999.0 -999.0 -999.0 -999.0 -999.0 -999.0 -999.0 -999.0 -999.0 -999.0 -999.0 -999.0 -999.0 -999.0 -999.0 -999.0 -999.0 -999.0 -999.0 -999.0 -999.0 -999.0 -999.0 -999.0
1189.0 912.6 1222.8 1059.7 1019.3 1407.3 1428.8 -999.0 1238.2 702.8 881.7 619.0 1015.4 1141.3 907.0 984.3 1007.9 992.6 942.5 890.5 837.6 734.9 467.2 637.8 843.5 827.8 1095.6 1202.7 1296.9 910.4 842.7 1005.7 998.9 965.8 1098.2 1050.8 1090.2 1167.7 1173.5 1160.1 1148.0 1087.1 1099.1 -999.0 -999.0 -999.0 -999.0 -999.0 -999.0 -999.0 -999.0 -999.0 -999.0 -999.0 -999.0 -999.0 -999.0 -999.0 -999.0 -999.0 -999.0 -999.0 -999.0 -999.0 -999.0 -999.0 -999.0 -999.0 -999.0 -999.0 -999.0
1441.3 1234.5 1137.7 1242.5 958.2 1324.9 -999.0 1465.0 1277.3 1472.9 1089.6 1245.7 901.0 501.1 905.3 816.9 949.5 719.5 563.7 670.2 861.2 1172.3 1086.1 1180.4 927.3 991.3 990.9 884.9 954.0 983.2 932.0 1040.9 1150.3 1138.9 1216.8 1201.6 1121.8 1091.0 1126.2 1134.3 1131.7 1215.1 1195.9 -999.0 -999.0 -999.0 -999.0 -999.0 -999.0 -999.0 -999.0 -999.0 -999.0 -999.0 -999.0 -999.0 -999.0 -999.0 -999.0 -999.0 -999.0 -999.0 -999.0 -999.0 -999.0 -999.0 -999.0 -999.0 -999.0 -999.0 -999.0
1401.0 1281.1 1467.1 1111.6 1376.7 -999.0 1491.3 1477.0 1347.1 536.0 911.9 400.0 844.3 1029.7 1121.8 819.1 766.1 872.4 721.0 936.7 758.8 659.9 797.3 1221.1 931.9 755.3 704.8 904.6 904.1 1288.1 1096.0 1233.1 1275.4 1289.6 1258.0 1017.7 1014.8 1009.1 1047.4 1049.4 1127.1 1210.5 1280.7 -999.0 -999.0 -999.0 -999.0 -999.0 -999.0 -999.0 -999.0 -999.0 -999.0 -999.0 -999.0 -999.0 -999.0 -999.0 -999.0 -999.0 -999.0 -999.0 -999.0 -999.0 -999.0 -999.0 -999.0 -999.0 -999.0 -999.0 -999.0
1432.1 1378.7 812.1 1468.8 -999.0 1507.1 -999.0 1148.7 1016.1 841.0 1443.6 635.5 890.8 833.4 975.9 427.6 859.8 424.0 868.3 938.8 555.2 1051.1 1408.1 900.6 588.2 532.4 971.7 972.2 947.3 1037.6 1186.6 1250.3 1257.7 1242.9 956.2 1084.3 1104.6 1159.2 1130.4 1156.4 1268.9 1294.2 -999.0 -999.0 -999.0 -999.0 -999.0 -999.0 -999.0 -999.0 -999.0 -999.0 -999.0 -999.0 -999.0 -999.0 -999.0 -999.0 -999.0 -999.0 -999.0 -999.0 -999.0 -999.0 -999.0 -999.0 -999.0 -999.0 -999.0 -999.0 -999.0
649.4 770.4 1070.5 1460.8 -999.0 -999.0 1416.0 1397.6 1430.5 1372.2 1030.5 565.8 1236.4 1014.7 482.3 758.8 752.2 541.4 534.0 735.7 1253.9 776.7 780.2 595.5 720.1 888.0 661.3 651.8 942.0 1126.4 1271.9 1260.3 1153.9 922.4 1132.3 1239.3 1218.1 1325.7 1299.6 1215.1 -999.0 -999.0 -999.0 -999.0 -999.0 -999.0 -999.0 -999.0 -999.0 -999.0 -999.0 -999.0 -999.0 -999.0 -999.0 -999.0 -999.0 -999.0 -999.0 -999.0 -999.0 -999.0 -999.0 -999.0 -999.0 -999.0 -999.0 -999.0 -999.0 -999.0 -999.0
886.6 1171.2 1346.8 1456.7 -999.0 1497.0 1371.5 1231.6 1051.1 1253.0 1033.8 1339.3 1341.0 1092.6 826.4 894.0 1034.0 1085.3 1012.1 858.1 641.2 1015.0 820.6 879.4 737.7 665.8 857.8 908.6 1079.0 1213.2 1267.2 1268.0 1092.6 1168.5 1327.5 1347.1 1379.5 1332.1 1329.7 -999.0 -999.0 -999.0 -999.0 -999.0 -999.0 -999.0 -999.0 -999.0 -999.0 -999.0 -999.0 -999.0 -999.0 -999.0 -999.0 -999.0 -999.0 -999.0 -999.0 -999.0 -999.0 -999.0 -999.0 -999.0 -999.0 -999.0 -999.0 -999.0 -999.0 -999.0 -999.0
1318.0 1061.0 1299.8 -999.0 -999.0 1473.9 1057.3 1170.9 984.6 1224.3 1383.5 1162.7 813.1 802.2 891.0 975.4 881.7 665.0 1009.1 843.2 1149.1 1018.0 797.2 1077.7 1292.9 1309.7 1192.6 1248.8 1298.3 1263.3 1259.2 1382.8 1271.1 1329.1 1372.1 1227.2 1299.1 1234.7 1294.8 -999.0 -999.0 -999.0 -999.0 -999.0 -999.0 -999.0 -999.0 -999.0 -999.0 -999.0 -999.0 -999.0 -999.0 -999.0 -999.0 -999.0 -999.0 -999.0 -999.0 -999.0 -999.0 -999.0 -999.0 -999.0 -999.0 -999.0 -999.0 -999.0 -999.0 -999.0 -999.0
-999.0 -999.0 -999.0 -999.0 1479.6 1149.4 1133.4 1040.9 1126.9 1047.1 805.6 859.2 682.2 1101.3 823.8 1303.9 734.2 1212.8 614.0 1063.5 850.5 542.0 953.1 1137.1 1010.3 1118.7 1300.1 1256.8 1338.5 1400.5 1333.5 1405.0 1398.4 1301.2 1306.2 1297.8 1256.1 1304.2 1266.8 1327.6 -999.0 -999.0 -999.0 -999.0 -999.0 -999.0 -999.0 -999.0 -999.0 -999.0 -999.0 -999.0 -999.0 -999.0 -999.0 -999.0 -999.0 -999.0 -999.0 -999.0 -999.0 -999.0 -999.0 -999.0 -999.0 -999.0 -999.0 -999.0 -999.0 -999.0 -999.0
-999.0 -999.0 -999.0 -999.0 1438.9 1443.8 1119.6 1016.8 1365.1 938.4 1174.8 1366.4 1005.9 812.8 899.3 1481.3 815.4 887.4 825.9 1045.1 742.3 900.7 838.7 699.3 957.4 1043.1 1080.6 1123.8 1184.7 1150.0 1115.8 1030.6 1086.6 1250.3 1355.1 1312.7 1142.0 1246.8 1118.7 1179.8 1221.2 -999.0 -999.0 -999.0 -999.0 -999.0 -999.0 -999.0 -999.0 -999.0 -999.0 -999.0 -999.0 -999.0 -999.0 -999.0 -999.0 -999.0 -999.0 -999.0 -999.0 -999.0 -999.0 -999.0 -999.0 -999.0 -999.0 -999.0 -999.0 -999.0 -999.0
-999.0 -999.0 -999.0 1469.6 1436.6 1372.8 1072.5 1253.2 1055.5 1059.8 1205.0 1396.1 952.2 914.3 711.3 1402.9 920.3 1035.4 977.3 1038.9 918.8 1300.7 1160.7 1098.9 1128.4 1260.6 1082.4 912.8 766.3 864.0 931.4 1049.0 1156.5 1087.2 1339.7 1205.8 1146.0 1133.0 1134.3 1160.8 1203.8 1277.0 -999.0 -999.0 -999.0 -999.0 -999.0 -999.0 -999.0 -999.0 -999.0 -999.0 -999.0 -999.0 -999.0 -999.0 -999.0 -999.0 -999.0 -999.0 -999.0 -999.0 -999.0 -999.0 -999.0 -999.0 -999.0 -999.0 -999.0 -999.0 -999.0
-999.0 -999.0 1457.1 -999.0 1388.3 1247.6 1358.3 1042.8 918.0 1371.8 1454.6 1120.4 771.0 1063.8 1540.9 1318.4 527.8 1236.0 1207.8 1096.6 1072.0 1239.4 1292.1 1376.5 1325.0 1063.8 743.2 774.9 910.8 988.5 1136.2 1165.7 1191.5 1130.1 1224.4 1221.4 1311.8 1382.8 1374.1 1362.8 1353.5 -999.0 -999.0 -999.0 -999.0 -999.0 -999.0 -999.0 -999.0 -999.0 -999.0 -999.0 -999.0 -999.0 -999.0 -999.0 -999.0 -999.0 -999.0 -999.0 -999.0 -999.0 -999.0 -999.0 -999.0 -999.0 -999.0 -999.0 -999.0 -999.0 -999.0
-999.0 1465.4 1121.7 -999.0 1439.0 1410.0 1299.0 1274.9 1310.4 1298.5 862.6 1340.0 923.4 948.7 968.6 1230.3 1407.4 769.1 1184.7 1317.9 1404.2 1425.2 1453.0 1483.7 1497.4 1168.0 1344.7 1367.3 1358.8 1215.0 1098.3 1184.1 1191.3 1261.6 1312.7 1300.0 1398.4 -999.0 -999.0 -999.0 -999.0 -999.0 -999.0 -999.0 -999.0 -999.0 -999.0 -999.0 -999.0 -999.0 -999.0 -999.0 -999.0 -999.0 -999.0 -999.0 -999.0 -999.0 -999.0 -999.0 -999.0 -999.0 -999.0 -999.0 -999.0 -999.0 -999.0 -999.0 -999.0 -999.0 -999.0
1436.7 1243.9 1341.7 -999.0 1127.0 1426.7 1209.9 1329.5 1525.5 998.7 980.1 844.3 827.6 1524.5 1026.5 1020.9 1502.2 1203.3 1125.7 1293.2 1271.5 1216.5 1169.9 1112.5 1445.7 1493.3 1488.0 1420.8 1334.7 1239.1 1131.3 1192.1 1205.1 1210.5 1324.3 -999.0 -999.0 -999.0 -999.0 -999.0 -999.0 -999.0 -999.0 -999.0 -999.0 -999.0 -999.0 -999.0 -999.0 -999.0 -999.0 -999.0 -999.0 -999.0 -999.0 -999.0 -999.0 -999.0 -999.0 -999.0 -999.0 -999.0 -999.0 -999.0 -999.0 -999.0 -999.0 -999.0 -999.0 -999.0 -999.0
855.3 1252.5 -999.0 1411.0 1397.5 1074.3 1319.8 1475.4 1002.0 1253.0 935.6 867.3 1118.7 1306.0 1009.3 1030.4 1577.5 1555.8 1493.6 1403.5 1296.9 1228.9 1032.5 969.2 1236.7 1385.2 1489.6 1518.5 1400.9 1380.3 1317.2 1295.8 1146.4 1166.6 1381.1 -999.0 -999.0 -999.0 -999.0 -999.0 -999.0 -999.0 -999.0 -999.0 -999.0 -999.0 -999.0 -999.0 -999.0 -999.0 -999.0 -999.0 -999.0 -999.0 -999.0 -999.0 -999.0 -999.0 -999.0 -999.0 -999.0 -999.0 -999.0 -999.0 -999.0 -999.0 -999.0 -999.0 -999.0 -999.0 -999.0
1470.1 1475.9 -999.0 1462.2 915.1 1226.3 -999.0 1373.6 1049.1 1228.6 1010.2 1110.2 1058.2 1500.1 1511.8 1352.7 1458.5 1450.1 1313.1 1438.5 823.0 836.4 948.3 968.7 1217.9 1441.8 1460.4 1540.3 1563.6 1496.4 1461.3 1387.5 1424.9 -999.0 -999.0 -999.0 -999.0 -999.0 1339.5 1340.8 1325.5 1398.6 -999.0 -999.0 -999.0 -999.0 -999.0 -999.0 -999.0 -999.0 -999.0 -999.0 -999.0 -999.0 -999.0 -999.0 -999.0 -999.0 -999.0 -999.0 -999.0 -999.0 -999.0 -999.0 -999.0 -999.0 -999.0 -999.0 -999.0 -999.0 -999.0
1258.4 -999.0 -999.0 1121.0 1435.5 989.0 -999.0 1389.2 960.9 1282.2 1490.5 868.1 1505.9 1606.4 1599.0 1560.1 1403.1 1255.2 1053.2 1285.2 1256.8 1342.2 1325.0 1360.9 1320.7 1301.3 1297.6 1371.0 1454.4 1378.4 1323.1 1357.1 1445.6 1468.6 1480.8 -999.0 -999.0 1441.4 1363.9 1275.8 1350.5 1356.1 1365.4 1398.8 -999.0 -999.0 -999.0 -999.0 -999.0 -999.0 -999.0 -999.0 -999.0 -999.0 -999.0 -999.0 -999.0 -999.0 -999.0 -999.0 -999.0 -999.0 -999.0 -999.0 -999.0 -999.0 -999.0 -999.0 -999.0 -999.0 -999.0
1535.9 -999.0 -999.0 1476.6 1222.4 1058.6 1468.7 1237.7 1413.7 1296.8 1226.0 1154.5 1551.4 1450.8 1252.7 1266.6 1278.3 1448.5 1453.1 1420.5 1462.5 1403.0 1390.2 1375.1 1314.3 1208.9 1211.6 1282.3 1169.6 1130.0 1299.1 1367.7 1381.6 1416.8 1408.0 1460.4 1417.8 1322.9 1292.2 1329.0 1258.1 1093.7 1125.4 1051.0 1354.6 -999.0 -999.0 -999.0 -999.0 -999.0 -999.0 -999.0 -999.0 -999.0 -999.0 -999.0 -999.0 -999.0 -999.0 -999.0 -999.0 -999.0 -999.0 -999.0 -999.0 -999.0 -999.0 -999.0 -999.0 -999.0 -999.0
-999.0 -999.0 -999.0 1278.2 966.1 1274.0 1179.3 1484.6 1259.7 1355.6 1539.9 1560.3 -999.0 1251.4 998.3 1268.3 1365.2 1473.7 1468.4 1539.7 1589.9 1413.1 1413.3 1361.7 1183.9 1111.3 1105.0 1174.8 1208.8 1194.4 1257.2 1265.0 1258.2 1194.2 1327.3 1406.5 1248.9 1280.0 1232.2 1244.3 1120.1 982.5 967.1 929.5 1078.2 1032.5 992.3 1292.9 -999.0 -999.0 -999.0 -999.0 -999.0 -999.0 -999.0 -999.0 -999.0 -999.0 -999.0 -999.0 -999.0 -999.0 -999.0 -999.0 -999.0 -999.0 -999.0 -999.0 -999.0 -999.0 -999.0
-999.0 -999.0 -999.0 1275.5 1327.3 1406.2 1002.9 1507.8 -999.0 1547.7 1440.9 1575.5 -999.0 1203.3 877.5 1176.9 1242.9 1430.9 1536.0 1529.7 1559.9 1604.3 1530.3 1439.9 1310.9 1082.0 1062.6 1063.9 1144.2 1131.7 1068.4 1043.4 952.8 1064.0 1272.2 1347.0 1217.3 1191.9 1150.0 848.7 802.2 948.5 957.1 1024.4 1052.5 1039.6 1194.9 1212.7 -999.0 -999.0 -999.0 -999.0 -999.0 -999.0 -999.0 -999.0 -999.0 -999.0 -999.0 -999.0 -999.0 -999.0 -999.0 -999.0 -999.0 -999.0 -999.0 -999.0 -999.0 -999.0 -999.0
-999.0 -999.0 -999.0 -999.0 1333.5 1182.1 1313.5 1531.8 -999.0 -999.0 1501.7 1591.4 1492.9 1245.9 1038.7 1336.4 1265.7 1152.9 1305.2 1354.1 1435.6 1284.3 1443.2 1523.8 1399.4 1267.8 1120.4 1050.2 948.1 1029.5 905.7 886.0 1013.5 1120.7 1103.9 1151.1 1098.3 1008.2 939.9 962.6 835.6 941.2 993.1 1030.1 1262.7 1249.5 1149.0 1128.4 1175.8 -999.0 -999.0 -999.0 -999.0 -999.0 -999.0 -999.0 -999.0 -999.0 -999.0 -999.0 -999.0 -999.0 -999.0 -999.0 -999.0 -999.0 -999.0 -999.0 -999.0 -999.0 -999.0
-999.0 -999.0 -999.0 1511.0 1264.1 1212.2 -999.0 -999.0 -999.0 -999.0 -999.0 1582.1 1559.9 1192.1 1280.3 1445.5 1299.1 1168.4 1104.3 1197.7 1286.3 1235.1 1221.2 1331.0 1431.8 1247.8 1076.6 1099.2 1061.7 1025.6 919.2 952.7 1028.4 1034.8 1050.7 872.2 908.3 1008.7 1028.8 1114.9 990.6 1013.7 1080.8 1072.1 1249.9 1286.7 1271.1 1263.1 1289.1 -999.0 -999.0 -999.0 -999.0 -999.0 -999.0 -999.0 -999.0 -999.0 -999.0 -999.0 -999.0 -999.0 -999.0 -999.0 -999.0 -999.0 -999.0 -999.0 -999.0 -999.0 -999.0
-999.0 1534.2 -999.0 1161.0 1267.5 1472.4 1522.8 1237.2 1152.4 -999.0 -999.0 -999.0 1561.6 1359.1 1401.5 1409.8 1375.3 1276.6 1144.6 1084.9 1052.5 1039.8 1132.7 1168.9 1244.7 1430.0 1138.0 1142.7 1081.0 1092.8 1146.9 1161.3 963.5 1043.5 872.6 709.3 790.8 939.2 953.4 1152.6 1110.3 1127.3 1126.1 1135.7 1274.9 1295.5 1313.5 1275.0 1231.9 1240.5 -999.0 -999.0 -999.0 -999.0 -999.0 -999.0 -999.0 -999.0 -999.0 -999.0 -999.0 -999.0 -999.0 -999.0 -999.0 -999.0 -999.0 -999.0 -999.0 -999.0 -999.0
-999.0 -999.0 1524.4 1120.0 1254.2 1517.9 1200.8 1021.2 930.5 1470.3 -999.0 -999.0 -999.0 1544.7 1498.1 1504.9 1454.2 1391.6 1326.2 1154.3 1097.8 1093.6 1169.1 1182.1 1184.9 1198.7 1271.5 1204.9 1140.9 1023.5 1089.5 940.5 1178.1 1060.3 1125.6 1097.0 820.8 845.6 1013.0 1095.0 1203.5 1225.5 1226.7 1231.4 1296.9 1304.7 1347.0 1274.5 1207.6 1244.1 1285.6 -999.0 -999.0 -999.0 -999.0 -999.0 -999.0 -999.0 -999.0 -999.0 -999.0 -999.0 -999.0 -999.0 -999.0 -999.0 -999.0 -999.0 -999.0 -999.0 -999.0
-999.0 -999.0 1392.0 1235.0 1078.9 1524.7 1526.8 1143.4 1061.6 1546.0 -999.0 -999.0 -999.0 -999.0 -999.0 1505.9 1489.4 1498.6 1469.3 1367.7 1279.8 1135.0 959.7 993.0 1102.8 1167.5 1245.0 1151.7 1128.9 1087.6 1148.5 984.3 1200.8 1108.4 1068.1 1137.2 1294.5 1175.8 1248.0 1168.1 1283.9 1199.6 1243.9 1362.0 1385.4 1376.6 1348.5 1350.8 1173.4 1164.2 1225.1 1303.1 -999.0 -999.0 -999.0 -999.0 -999.0 -999.0 -999.0 -999.0 -999.0 -999.0 -999.0 -999.0 -999.0 -999.0 -999.0 -999.0 -999.0 -999.0 -999.0
-999.0 -999.0 1306.3 1116.3 1217.3 -999.0 1540.1 1437.5 887.9 1391.0 -999.0 -999.0 -999.0 -999.0 -999.0 1493.5 1417.2 1311.9 1386.3 1214.0 1031.0 1044.1 923.1 901.9 966.1 1113.9 1055.3 1114.4 1142.6 1001.9 969.6 1233.2 650.1 1021.6 839.0 1064.0 944.7 1011.9 1310.1 1156.8 1257.9 1296.4 1332.6 1315.1 1232.6 1201.8 1269.4 1221.3 1335.7 1186.0 1064.8 1247.0 1250.1 1330.4 -999.0 -999.0 -999.0 -999.0 -999.0 -999.0 -999.0 -999.0 -999.0 -999.0 -999.0 -999.0 -999.0 -999.0 -999.0 -999.0 -999.0
-999.0 -999.0 1326.4 1314.6 1494.4 -999.0 -999.0 1208.3 970.9 1111.8 -999.0 -999.0 -999.0 -999.0 -999.0 1490.9 1453.8 1329.5 1349.7 1273.5 1127.3 1203.9 1105.7 1087.7 963.9 1034.8 1016.5 1070.4 933.0 707.0 855.0 966.6 569.5 691.0 970.8 952.1 1119.5 1309.6 1221.2 1163.4 1253.9 1217.1 1221.2 1327.3 1283.1 1285.9 1158.8 947.2 1089.7 1146.7 1110.9 1105.8 1254.2 1311.5 -999.0 -999.0 -999.0 -999.0 -999.0 -999.0 -999.0 -999.0 -999.0 -999.0 -999.0 -999.0 -999.0 -999.0 -999.0 -999.0 -999.0
-999.0 -999.0 1448.5 1425.8 -999.0 -999.0 -999.0 1525.0 1356.6 1314.1 -999.0 -999.0 -999.0 -999.0 -999.0 1484.2 1437.3 1360.2 1334.7 1299.0 1229.0 1134.1 905.9 827.4 981.5 927.1 1065.3 1079.0 1069.5 858.0 1081.7 750.7 826.9 939.3 869.5 853.0 1193.6 1087.7 1235.0 1156.1 1170.9 1326.8 1230.4 1184.5 1193.8 1258.8 883.4 847.1 886.6 1144.0 1119.7 1114.0 1202.2 1248.0 -999.0 -999.0 -999.0 -999.0 -999.0 -999.0 -999.0 -999.0 -999.0 -999.0 -999.0 -999.0 -999.0 -999.0 -999.0 -999.0 -999.0
-999.0 1201.1 1286.3 1078.7 1606.9 -999.0 -999.0 -999.0 -999.0 -999.0 -999.0 -999.0 -999.0 -999.0 1380.7 1399.8 1308.1 1307.6 1273.7 1196.4 1215.3 1081.0 1035.0 899.0 1021.5 1062.8 950.6 1000.8 855.3 801.7 814.4 647.8 696.5 982.1 920.4 886.1 987.0 1104.3 1085.2 1242.4 1169.5 1123.7 1263.5 1150.3 1159.9 981.4 948.9 772.1 889.1 1176.2 1199.3 1255.9 1193.5 1236.9 -999.0 -999.0 -999.0 -999.0 -999.0 -999.0 -999.0 -999.0 -999.0 -999.0 -999.0 -999.0 -999.0 -999.0 -999.0 -999.0 -999.0
-999.0 1107.9 1144.3 1279.0 1578.8 -999.0 -999.0 -999.0 -999.0 -999.0 -999.0 -999.0 -999.0 -999.0 1175.9 1423.3 1292.3 1152.1 1055.3 1076.7 1151.8 1147.1 1110.5 1240.0 1132.4 927.6 926.4 982.8 957.7 1039.3 1134.8 685.8 992.4 954.8 983.4 969.8 1029.6 1129.0 1263.6 1077.5 1132.6 1138.8 1166.1 1115.9 989.7 911.0 983.3 903.6 935.3 1187.0 1310.9 1303.0 1152.2 1305.9 -999.0 -999.0 -999.0 -999.0 -999.0 -999.0 -999.0 -999.0 -999.0 -999.0 -999.0 -999.0 -999.0 -999.0 -999.0 -999.0 -999.0
