GDD/GrowingDegreeDays_1987_Actual.txt
ncols         180
nrows         290
xllcorner     -200000
yllcorner     -200000
cellsize      5000
NODATA_value    -999
[rows 96 to 127 of 290, columns 71 to 141 of 180]
1067.2 1115.8 1258.9 1339.5 1022.2 1282.0 726.5 771.5 1047.1 1297.2 868.1 498.8 499.3 439.6 672.0 754.8 800.1 562.3 633.1 521.0 488.9 740.2 744.4 767.5 987.9 890.8 1044.0 825.1 657.1 715.2 652.2 760.2 797.8 709.2 656.0 748.8 807.3 701.8 699.3 985.2 1082.2 1169.0 1174.9 990.6 1065.6 -999.0 -999.0 -999.0 -999.0 -999.0 -999.0 -999.0 -999.0 -999.0 -999.0 -999.0 -999.0 -999.0 -999.0 -999.0 -999.0 -999.0 -999.0 -999.0 -999.0 -999.0 -999.0 -999.0 -999.0 -999.0 -999.0
1046.6 925.9 1289.7 1339.9 1019.2 1200.7 880.2 1042.7 1279.1 1344.1 979.3 611.3 1234.2 617.9 790.9 649.1 824.7 622.6 852.6 704.2 786.2 795.3 451.6 832.3 821.1 909.1 950.8 988.0 683.0 810.4 901.8 848.0 661.7 813.4 731.5 870.7 827.4 871.2 964.0 1114.5 1102.7 1076.0 1103.3 1203.6 -999.0 -999.0 -999.0 -999.0 -999.0 -999.0 -999.0 -999.0 -999.0 -999.0 -999.0 -999.0 -999.0 -999.0 -999.0 -999.0 -999.0 -999.0 -999.0 -999.0 -999.0 -999.0 -999.0 -999.0 -999.0 -999.0 -999.0
1105.4 1287.0 832.4 1001.0 950.5 702.1 520.9 1283.7 1395.1 655.3 1096.6 1159.6 604.9 757.6 566.6 753.5 583.7 928.1 1009.0 1057.5 1021.0 1028.3 1003.6 793.1 1030.3 854.7 797.1 1038.7 896.8 781.9 953.8 952.9 841.7 849.7 941.2 857.4 935.0 1091.5 1159.3 1194.7 1099.8 1160.6 1206.7 1193.9 -999.0 -999.0 -999.0 -999.0 -999.0 -999.0 -999.0 -999.0 -999.0 -999.0 -999.0 -999.0 -999.0 -999.0 -999.0 -999.0 -999.0 -999.0 -999.0 -999.0 -999.0 -999.0 -999.0 -999.0 -999.0 -999.0 -999.0
1081.8 803.8 1106.9 947.9 911.3 1298.4 1323.2 -999.0 1146.6 620.5 796.5 529.3 918.7 1044.0 818.5 898.7 926.5 913.1 858.2 793.0 720.5 633.0 417.6 598.3 810.9 795.2 1053.5 1159.2 1255.6 877.3 811.3 979.2 979.9 951.3 1084.7 1041.2 1080.9 1155.8 1158.4 1147.2 1131.4 1068.1 1072.0 -999.0 -999.0 -999.0 -999.0 -999.0 -999.0 -999.0 -999.0 -999.0 -999.0 -999.0 -999.0 -999.0 -999.0 -999.0 -999.0 -999.0 -999.0 -999.0 -999.0 -999.0 -999.0 -999.0 -999.0 -999.0 -999.0 -999.0 -999.0
1338.6 1129.0 1028.5 1133.8 856.1 1220.5 -999.0 1366.5 1179.4 1373.2 995.6 1140.6 806.9 427.3 821.3 741.1 875.1 653.2 508.2 605.7 785.5 1089.3 1018.5 1121.6 883.9 953.0 954.9 851.2 920.9 955.1 908.7 1027.7 1144.4 1130.8 1207.7 1196.9 1118.9 1086.1 1119.4 1127.0 1124.2 1212.2 1194.1 -999.0 -999.0 -999.0 -999.0 -999.0 -999.0 -999.0 -999.0 -999.0 -999.0 -999.0 -999.0 -999.0 -999.0 -999.0 -999.0 -999.0 -999.0 -999.0 -999.0 -999.0 -999.0 -999.0 -999.0 -999.0 -999.0 -999.0 -999.0
1300.0 1178.3 1360.2 1010.4 1275.0 -999.0 1392.1 1380.5 1250.4 457.9 824.0 325.0 757.7 944.1 1039.3 749.8 703.2 815.9 674.1 895.8 715.4 609.9 739.5 1156.8 884.7 720.2 675.4 873.3 875.3 1259.3 1076.5 1219.7 1267.7 1279.4 1251.6 1015.9 1014.4 1010.7 1047.7 1043.5 1124.8 1223.0 1298.9 -999.0 -999.0 -999.0 -999.0 -999.0 -999.0 -999.0 -999.0 -999.0 -999.0 -999.0 -999.0 -999.0 -999.0 -999.0 -999.0 -999.0 -999.0 -999.0 -999.0 -999.0 -999.0 -999.0 -999.0 -999.0 -999.0 -999.0 -999.0
1328.2 1273.7 715.3 1365.0 -999.0 1410.9 -999.0 1050.5 926.1 760.0 1354.4 557.8 810.9 759.1 903.0 381.8 801.9 392.9 837.5 931.2 540.8 1004.4 1340.7 841.9 550.5 505.7 941.3 946.2 923.4 1016.8 1166.0 1231.1 1241.6 1232.3 952.9 1090.7 1116.2 1176.3 1144.6 1145.4 1244.2 1307.2 -999.0 -999.0 -999.0 -999.0 -999.0 -999.0 -999.0 -999.0 -999.0 -999.0 -999.0 -999.0 -999.0 -999.0 -999.0 -999.0 -999.0 -999.0 -999.0 -999.0 -999.0 -999.0 -999.0 -999.0 -999.0 -999.0 -999.0 -999.0 -999.0
546.7 670.4 973.6 1363.3 -999.0 -999.0 1318.9 1300.2 1345.5 1296.7 959.0 501.1 1156.8 940.8 429.7 697.7 700.4 508.8 514.1 730.5 1249.6 744.8 735.7 556.6 685.7 856.4 638.7 632.0 922.4 1110.6 1253.6 1235.9 1128.8 908.9 1137.5 1261.7 1240.7 1361.2 1333.3 1295.5 -999.0 -999.0 -999.0 -999.0 -999.0 -999.0 -999.0 -999.0 -999.0 -999.0 -999.0 -999.0 -999.0 -999.0 -999.0 -999.0 -999.0 -999.0 -999.0 -999.0 -999.0 -999.0 -999.0 -999.0 -999.0 -999.0 -999.0 -999.0 -999.0 -999.0 -999.0
791.0 1076.7 1253.2 1365.3 -999.0 1400.7 1270.9 1147.0 992.6 1203.7 978.5 1271.5 1264.0 1018.6 759.1 829.7 982.2 1050.7 996.4 853.8 633.6 992.8 785.8 844.3 710.5 643.7 837.8 891.6 1065.4 1204.2 1262.5 1247.2 1062.0 1157.7 1334.1 1371.9 1402.3 1359.4 1364.0 -999.0 -999.0 -999.0 -999.0 -999.0 -999.0 -999.0 -999.0 -999.0 -999.0 -999.0 -999.0 -999.0 -999.0 -999.0 -999.0 -999.0 -999.0 -999.0 -999.0 -999.0 -999.0 -999.0 -999.0 -999.0 -999.0 -999.0 -999.0 -999.0 -999.0 -999.0 -999.0
1233.9 980.3 1218.6 -999.0 -999.0 1389.6 978.9 1119.3 969.6 1220.2 1348.0 1102.3 745.7 733.5 817.8 908.5 827.1 634.5 1010.3 865.6 1152.6 1001.6 769.6 1050.4 1268.1 1299.6 1186.9 1237.5 1286.0 1262.5 1276.4 1390.8 1257.5 1318.5 1372.4 1236.6 1309.9 1249.1 1308.8 -999.0 -999.0 -999.0 -999.0 -999.0 -999.0 -999.0 -999.0 -999.0 -999.0 -999.0 -999.0 -999.0 -999.0 -999.0 -999.0 -999.0 -999.0 -999.0 -999.0 -999.0 -999.0 -999.0 -999.0 -999.0 -999.0 -999.0 -999.0 -999.0 -999.0 -999.0 -999.0
-999.0 -999.0 -999.0 -999.0 1405.2 1076.5 1069.5 1010.4 1146.3 1058.4 777.1 803.4 616.0 1022.3 747.8 1218.3 675.3 1171.9 607.8 1087.3 845.1 524.2 926.6 1110.6 992.6 1126.2 1311.0 1252.6 1329.1 1402.0 1356.5 1418.6 1390.2 1287.8 1299.7 1303.0 1259.2 1308.9 1290.5 1364.4 -999.0 -999.0 -999.0 -999.0 -999.0 -999.0 -999.0 -999.0 -999.0 -999.0 -999.0 -999.0 -999.0 -999.0 -999.0 -999.0 -999.0 -999.0 -999.0 -999.0 -999.0 -999.0 -999.0 -999.0 -999.0 -999.0 -999.0 -999.0 -999.0 -999.0 -999.0
-999.0 -999.0 -999.0 -999.0 1369.1 1373.6 1058.1 976.8 1355.4 921.6 1126.0 1292.3 925.1 732.9 807.6 1373.6 741.8 835.5 799.1 1034.7 722.3 877.7 812.1 671.6 934.1 1035.3 1082.9 1129.6 1174.3 1142.5 1111.7 1020.2 1068.9 1230.4 1340.9 1313.8 1147.2 1246.1 1133.0 1200.2 1245.3 -999.0 -999.0 -999.0 -999.0 -999.0 -999.0 -999.0 -999.0 -999.0 -999.0 -999.0 -999.0 -999.0 -999.0 -999.0 -999.0 -999.0 -999.0 -999.0 -999.0 -999.0 -999.0 -999.0 -999.0 -999.0 -999.0 -999.0 -999.0 -999.0 -999.0
-999.0 -999.0 -999.0 1405.1 1369.3 1303.2 1005.6 1193.3 1003.6 1003.3 1130.5 1305.8 862.8 820.4 623.6 1288.5 835.1 979.0 945.0 1023.6 899.3 1289.6 1133.1 1066.5 1095.9 1232.9 1066.1 900.0 746.0 839.1 897.4 1007.6 1121.4 1059.4 1316.4 1194.5 1140.8 1129.9 1137.8 1168.3 1219.1 1309.4 -999.0 -999.0 -999.0 -999.0 -999.0 -999.0 -999.0 -999.0 -999.0 -999.0 -999.0 -999.0 -999.0 -999.0 -999.0 -999.0 -999.0 -999.0 -999.0 -999.0 -999.0 -999.0 -999.0 -999.0 -999.0 -999.0 -999.0 -999.0 -999.0
-999.0 -999.0 1396.2 -999.0 1322.5 1178.9 1284.3 971.8 847.5 1287.8 1357.2 1023.7 680.7 949.1 1416.3 1208.5 463.2 1170.4 1179.3 1101.5 1064.4 1216.5 1257.0 1333.7 1280.3 1028.5 711.3 744.5 877.6 951.6 1090.6 1104.7 1145.1 1093.4 1191.5 1198.1 1296.0 1374.7 1374.2 1368.6 1363.3 -999.0 -999.0 -999.0 -999.0 -999.0 -999.0 -999.0 -999.0 -999.0 -999.0 -999.0 -999.0 -999.0 -999.0 -999.0 -999.0 -999.0 -999.0 -999.0 -999.0 -999.0 -999.0 -999.0 -999.0 -999.0 -999.0 -999.0 -999.0 -999.0 -999.0
-999.0 1404.2 1063.2 -999.0 1375.9 1342.4 1226.7 1198.2 1227.4 1205.5 774.3 1229.4 816.2 797.9 825.8 1111.8 1305.0 700.3 1141.8 1311.4 1385.3 1389.4 1406.9 1430.9 1444.5 1139.6 1298.1 1321.3 1313.6 1171.4 1053.6 1135.5 1145.0 1216.8 1272.2 1269.9 1379.1 -999.0 -999.0 -999.0 -999.0 -999.0 -999.0 -999.0 -999.0 -999.0 -999.0 -999.0 -999.0 -999.0 -999.0 -999.0 -999.0 -999.0 -999.0 -999.0 -999.0 -999.0 -999.0 -999.0 -999.0 -999.0 -999.0 -999.0 -999.0 -999.0 -999.0 -999.0 -999.0 -999.0 -999.0
1380.4 1180.8 1277.9 -999.0 1063.9 1366.2 1146.1 1255.9 1442.4 910.9 890.4 759.9 731.5 1358.4 886.1 908.8 1391.1 1109.3 1059.8 1245.5 1224.3 1165.9 1115.4 1055.6 1370.9 1416.0 1428.1 1364.7 1284.1 1192.2 1085.0 1144.1 1158.0 1162.6 1276.9 -999.0 -999.0 -999.0 -999.0 -999.0 -999.0 -999.0 -999.0 -999.0 -999.0 -999.0 -999.0 -999.0 -999.0 -999.0 -999.0 -999.0 -999.0 -999.0 -999.0 -999.0 -999.0 -999.0 -999.0 -999.0 -999.0 -999.0 -999.0 -999.0 -999.0 -999.0 -999.0 -999.0 -999.0 -999.0 -999.0
796.4 1189.1 -999.0 1346.3 1331.2 1016.4 1266.4 1403.7 918.8 1160.4 848.5 788.5 1009.2 1199.0 899.4 924.0 1473.7 1464.7 1413.6 1334.6 1233.6 1168.5 972.8 906.5 1167.6 1314.5 1414.3 1453.1 1348.3 1331.5 1271.5 1249.5 1095.3 1123.2 1343.9 -999.0 -999.0 -999.0 -999.0 -999.0 -999.0 -999.0 -999.0 -999.0 -999.0 -999.0 -999.0 -999.0 -999.0 -999.0 -999.0 -999.0 -999.0 -999.0 -999.0 -999.0 -999.0 -999.0 -999.0 -999.0 -999.0 -999.0 -999.0 -999.0 -999.0 -999.0 -999.0 -999.0 -999.0 -999.0 -999.0
1407.8 1411.7 -999.0 1396.7 846.9 1158.4 -999.0 1299.7 967.0 1135.3 921.1 1020.8 970.1 1406.0 1397.1 1236.5 1358.1 1360.9 1232.0 1360.2 758.5 772.1 882.1 899.8 1139.6 1359.1 1353.7 1476.5 1521.3 1448.1 1415.2 1343.9 1368.4 -999.0 -999.0 -999.0 -999.0 -999.0 1308.5 1310.6 1301.2 1389.3 -999.0 -999.0 -999.0 -999.0 -999.0 -999.0 -999.0 -999.0 -999.0 -999.0 -999.0 -999.0 -999.0 -999.0 -999.0 -999.0 -999.0 -999.0 -999.0 -999.0 -999.0 -999.0 -999.0 -999.0 -999.0 -999.0 -999.0 -999.0 -999.0
1190.6 -999.0 -999.0 1056.5 1364.9 924.3 -999.0 1315.4 877.9 1187.4 1391.9 784.8 1415.0 1524.8 1512.3 1462.6 1308.9 1168.9 974.2 1206.4 1180.8 1262.8 1244.8 1269.8 1204.4 1214.1 1214.4 1308.0 1404.8 1330.2 1275.5 1303.3 1401.1 1448.2 1460.5 -999.0 -999.0 1403.5 1322.6 1236.2 1313.8 1335.3 1362.0 1392.3 -999.0 -999.0 -999.0 -999.0 -999.0 -999.0 -999.0 -999.0 -999.0 -999.0 -999.0 -999.0 -999.0 -999.0 -999.0 -999.0 -999.0 -999.0 -999.0 -999.0 -999.0 -999.0 -999.0 -999.0 -999.0 -999.0 -999.0
1454.5 -999.0 -999.0 1406.6 1147.3 989.1 1398.2 1162.6 1327.4 1199.0 1126.0 1063.8 1463.2 1366.9 1171.4 1181.6 1190.0 1355.9 1360.4 1329.3 1370.9 1315.5 1305.1 1285.8 1216.8 1134.9 1145.0 1222.5 1119.0 1088.0 1251.4 1305.7 1347.0 1380.9 1362.7 1418.1 1370.9 1273.0 1242.1 1283.8 1213.4 1061.8 1099.3 1028.9 1332.9 -999.0 -999.0 -999.0 -999.0 -999.0 -999.0 -999.0 -999.0 -999.0 -999.0 -999.0 -999.0 -999.0 -999.0 -999.0 -999.0 -999.0 -999.0 -999.0 -999.0 -999.0 -999.0 -999.0 -999.0 -999.0 -999.0
-999.0 -999.0 -999.0 1207.8 885.1 1191.3 1102.7 1405.5 1175.2 1252.3 1416.7 1452.9 -999.0 1165.5 915.3 1182.9 1277.3 1379.3 1362.0 1440.6 1492.1 1321.5 1325.2 1276.5 1116.8 1065.6 1050.6 1119.9 1163.6 1182.6 1224.0 1211.9 1208.0 1151.9 1281.3 1356.2 1193.7 1217.8 1177.0 1193.2 1076.1 942.9 928.8 892.5 1047.6 1013.5 994.9 1308.6 -999.0 -999.0 -999.0 -999.0 -999.0 -999.0 -999.0 -999.0 -999.0 -999.0 -999.0 -999.0 -999.0 -999.0 -999.0 -999.0 -999.0 -999.0 -999.0 -999.0 -999.0 -999.0 -999.0
-999.0 -999.0 -999.0 1203.2 1242.6 1318.9 925.1 1428.3 -999.0 1446.6 1326.4 1473.6 -999.0 1115.5 795.4 1096.0 1161.6 1344.7 1445.0 1437.5 1434.6 1509.7 1444.2 1352.8 1245.5 1039.9 1010.5 1009.2 1096.9 1106.7 1031.5 993.9 897.1 1018.7 1234.6 1293.6 1159.4 1131.5 1092.1 796.1 755.0 903.1 912.8 979.5 1011.8 1007.5 1172.3 1203.8 -999.0 -999.0 -999.0 -999.0 -999.0 -999.0 -999.0 -999.0 -999.0 -999.0 -999.0 -999.0 -999.0 -999.0 -999.0 -999.0 -999.0 -999.0 -999.0 -999.0 -999.0 -999.0 -999.0
-999.0 -999.0 -999.0 -999.0 1250.5 1098.5 1236.2 1453.1 -999.0 -999.0 1417.0 1514.4 1416.3 1162.9 958.0 1255.8 1191.8 1098.6 1233.6 1273.1 1347.0 1213.8 1367.5 1443.8 1328.3 1206.2 1058.8 988.2 892.2 980.2 860.2 846.0 966.2 1036.5 1039.8 1092.8 1039.1 949.1 880.9 902.9 779.8 890.6 946.2 983.6 1214.1 1206.6 1114.1 1100.1 1154.0 -999.0 -999.0 -999.0 -999.0 -999.0 -999.0 -999.0 -999.0 -999.0 -999.0 -999.0 -999.0 -999.0 -999.0 -999.0 -999.0 -999.0 -999.0 -999.0 -999.0 -999.0 -999.0
-999.0 -999.0 -999.0 1433.2 1185.5 1136.0 -999.0 -999.0 -999.0 -999.0 -999.0 1521.0 1512.4 1127.8 1210.3 1373.3 1228.4 1113.2 1039.9 1122.0 1210.4 1180.9 1158.8 1255.8 1357.3 1177.4 1005.5 1028.5 995.3 966.9 870.3 940.6 1015.6 980.4 988.0 811.6 847.8 947.3 962.8 1035.3 916.7 955.0 1030.5 1023.3 1198.1 1238.2 1227.3 1225.4 1257.6 -999.0 -999.0 -999.0 -999.0 -999.0 -999.0 -999.0 -999.0 -999.0 -999.0 -999.0 -999.0 -999.0 -999.0 -999.0 -999.0 -999.0 -999.0 -999.0 -999.0 -999.0 -999.0
-999.0 1461.9 -999.0 1085.8 1189.0 1392.6 1442.9 1165.7 1082.4 -999.0 -999.0 -999.0 1513.2 1297.7 1335.5 1340.6 1301.7 1204.4 1070.2 1005.9 972.4 963.6 1058.4 1093.7 1169.6 1348.5 1050.5 1057.2 1005.5 1023.1 1082.3 1078.7 902.8 979.8 802.7 647.6 729.7 878.4 889.5 1065.3 1027.4 1063.2 1074.7 1086.5 1217.5 1243.4 1265.1 1231.0 1195.6 1207.5 -999.0 -999.0 -999.0 -999.0 -999.0 -999.0 -999.0 -999.0 -999.0 -999.0 -999.0 -999.0 -999.0 -999.0 -999.0 -999.0 -999.0 -999.0 -999.0 -999.0 -999.0
-999.0 -999.0 1448.2 1045.8 1176.6 1436.9 1127.1 946.5 859.7 1399.8 -999.0 -999.0 -999.0 1482.2 1430.6 1433.8 1382.5 1317.2 1246.1 1068.3 1000.1 988.3 1077.5 1100.0 1104.8 1114.3 1169.1 1111.2 1059.8 949.3 1018.5 865.0 1099.8 980.3 1016.7 1004.4 753.0 786.1 957.0 1033.0 1139.1 1169.2 1176.7 1182.8 1243.3 1251.0 1293.8 1224.9 1163.3 1200.7 1244.2 -999.0 -999.0 -999.0 -999.0 -999.0 -999.0 -999.0 -999.0 -999.0 -999.0 -999.0 -999.0 -999.0 -999.0 -999.0 -999.0 -999.0 -999.0 -999.0 -999.0
-999.0 -999.0 1320.0 1157.9 1007.3 1446.4 1448.5 1066.7 991.4 1476.1 -999.0 -999.0 -999.0 -999.0 -999.0 1436.5 1418.8 1424.4 1387.8 1276.4 1172.2 1022.0 866.3 909.3 1019.3 1084.8 1159.8 1069.5 1046.6 1007.0 1068.2 909.0 1119.6 1020.6 957.9 1037.4 1208.7 1108.3 1202.5 1113.3 1232.7 1158.9 1200.4 1318.0 1336.8 1321.9 1292.5 1293.5 1122.5 1117.3 1178.3 1262.0 -999.0 -999.0 -999.0 -999.0 -999.0 -999.0 -999.0 -999.0 -999.0 -999.0 -999.0 -999.0 -999.0 -999.0 -999.0 -999.0 -999.0 -999.0 -999.0
-999.0 -999.0 1234.4 1044.7 1146.7 -999.0 1461.8 1357.0 812.8 1315.0 -999.0 -999.0 -999.0 -999.0 -999.0 1428.5 1346.5 1234.9 1304.6 1125.9 939.5 949.6 833.8 816.3 882.2 1031.6 976.3 1037.9 1061.5 919.8 889.7 1146.6 583.1 939.8 757.3 977.8 860.9 924.8 1238.0 1098.8 1224.4 1281.3 1294.7 1273.6 1187.5 1145.9 1207.8 1161.0 1272.4 1130.7 1017.5 1201.8 1211.9 1299.1 -999.0 -999.0 -999.0 -999.0 -999.0 -999.0 -999.0 -999.0 -999.0 -999.0 -999.0 -999.0 -999.0 -999.0 -999.0 -999.0 -999.0
-999.0 -999.0 1250.3 1237.4 1416.8 -999.0 -999.0 1131.2 887.6 1027.8 -999.0 -999.0 -999.0 -999.0 -999.0 1428.2 1381.5 1259.0 1269.1 1185.0 1036.4 1109.7 1014.3 998.0 876.9 951.6 941.1 1005.7 853.4 626.5 776.8 886.2 508.4 619.0 888.6 869.2 1018.4 1169.0 1119.7 1095.3 1213.1 1190.4 1180.9 1275.6 1224.6 1214.1 1085.9 883.9 1027.1 1085.8 1056.0 1058.1 1211.1 1277.0 -999.0 -999.0 -999.0 -999.0 -999.0 -999.0 -999.0 -999.0 -999.0 -999.0 -999.0 -999.0 -999.0 -999.0 -999.0 -999.0 -999.0
-999.0 -999.0 1366.1 1337.4 -999.0 -999.0 -999.0 1438.2 1262.7 1209.9 -999.0 -999.0 -999.0 -999.0 -999.0 1424.5 1397.4 1295.6 1252.9 1207.2 1134.1 1041.0 816.1 740.8 889.1 837.3 991.5 1031.2 977.4 768.3 995.2 674.2 747.9 858.3 789.3 771.2 1095.4 986.3 1139.7 1081.7 1109.8 1269.6 1174.6 1123.9 1120.9 1158.9 798.1 775.8 820.4 1078.2 1060.6 1062.0 1156.7 1214.4 -999.0 -999.0 -999.0 -999.0 -999.0 -999.0 -999.0 -999.0 -999.0 -999.0 -999.0 -999.0 -999.0 -999.0 -999.0 -999.0 -999.0
-999.0 1131.6 1206.4 1005.2 1524.6 -999.0 -999.0 -999.0 -999.0 -999.0 -999.0 -999.0 -999.0 -999.0 1312.1 1331.9 1240.9 1232.7 1187.6 1102.9 1119.4 988.1 941.0 807.4 922.0 950.5 810.1 887.0 764.3 713.6 728.9 569.1 616.3 895.4 835.7 803.0 901.6 1014.8 1002.3 1159.7 1093.2 1055.4 1193.2 1080.8 1080.2 887.9 858.3 701.2 821.6 1106.5 1135.2 1197.1 1145.7 1203.3 -999.0 -999.0 -999.0 -999.0 -999.0 -999.0 -999.0 -999.0 -999.0 -999.0 -999.0 -999.0 -999.0 -999.0 -999.0 -999.0 -999.0
-999.0 1047.1 1074.1 1210.4 1503.3 -999.0 -999.0 -999.0 -999.0 -999.0 -999.0 -999.0 -999.0 -999.0 1096.4 1340.9 1209.1 1068.3 968.9 985.6 1057.5 1052.2 1015.2 1140.7 1028.6 810.7 780.8 854.5 855.4 941.0 1034.3 599.2 898.7 859.9 890.1 880.8 941.5 1039.9 1173.9 995.3 1043.9 1054.4 1088.0 1040.1 911.3 830.5 899.1 829.0 866.1 1115.7 1239.8 1239.5 1101.0 1267.0 -999.0 -999.0 -999.0 -999.0 -999.0 -999.0 -999.0 -999.0 -999.0 -999.0 -999.0 -999.0 -999.0 -999.0 -999.0 -999.0 -999.0
