GDD/GrowingDegreeDays_1999_Actual.txt
ncols         180
nrows         290
xllcorner     -200000
yllcorner     -200000
cellsize      5000
NODATA_value    -999
[rows 64 to 95 of 290, columns 71 to 141 of 180]
-999.0 -999.0 -999.0 -999.0 -999.0 -999.0 -999.0 -999.0 -999.0 1510.6 1281.0 1316.2 1279.7 943.9 987.7 764.0 1000.0 1091.3 1003.0 1042.3 449.7 1035.2 617.1 992.2 961.6 1212.7 1289.8 1137.8 888.8 926.2 675.1 1095.5 -999.0 -999.0 -999.0 -999.0 -999.0 -999.0 -999.0 -999.0 -999.0 -999.0 -999.0 -999.0 -999.0 -999.0 -999.0 -999.0 -999.0 -999.0 -999.0 -999.0 -999.0 -999.0 -999.0 -999.0 -999.0 -999.0 -999.0 -999.0 -999.0 -999.0 -999.0 -999.0 -999.0 -999.0 -999.0 -999.0 -999.0 -999.0 -999.0
-999.0 -999.0 -999.0 -999.0 -999.0 -999.0 -999.0 -999.0 -999.0 -999.0 1532.3 1320.0 1035.6 958.8 973.2 921.7 940.8 1362.6 1181.0 1141.3 866.4 812.0 783.1 985.6 1133.3 1051.5 1129.4 1180.5 1078.6 1091.3 1134.6 1416.0 -999.0 -999.0 -999.0 -999.0 -999.0 -999.0 -999.0 -999.0 -999.0 -999.0 -999.0 -999.0 -999.0 -999.0 -999.0 -999.0 -999.0 -999.0 -999.0 -999.0 -999.0 -999.0 -999.0 -999.0 -999.0 -999.0 -999.0 -999.0 -999.0 -999.0 -999.0 -999.0 -999.0 -999.0 -999.0 -999.0 -999.0 -999.0 -999.0
-999.0 -999.0 -999.0 -999.0 -999.0 -999.0 -999.0 -999.0 1510.6 -999.0 1548.4 1360.0 979.6 943.3 849.7 575.1 1173.9 1068.6 1333.1 1150.2 1142.9 1024.5 917.2 1171.0 1142.3 1059.4 993.3 969.9 1102.4 1262.8 1445.4 -999.0 -999.0 -999.0 -999.0 -999.0 -999.0 -999.0 -999.0 -999.0 -999.0 -999.0 -999.0 -999.0 -999.0 -999.0 -999.0 -999.0 -999.0 -999.0 -999.0 -999.0 -999.0 -999.0 -999.0 -999.0 -999.0 -999.0 -999.0 -999.0 -999.0 -999.0 -999.0 -999.0 -999.0 -999.0 -999.0 -999.0 -999.0 -999.0 -999.0
-999.0 -999.0 -999.0 -999.0 -999.0 -999.0 -999.0 -999.0 1514.8 1490.2 1444.1 1463.9 963.2 1368.4 1156.7 1264.6 1089.5 1173.1 959.5 1300.9 1241.9 1074.9 1125.8 1084.4 1101.1 1236.1 886.0 1107.8 1146.2 -999.0 -999.0 -999.0 -999.0 -999.0 -999.0 -999.0 -999.0 -999.0 -999.0 -999.0 -999.0 -999.0 -999.0 -999.0 -999.0 -999.0 -999.0 -999.0 -999.0 -999.0 -999.0 -999.0 -999.0 -999.0 -999.0 -999.0 -999.0 -999.0 -999.0 -999.0 -999.0 -999.0 -999.0 -999.0 -999.0 -999.0 -999.0 -999.0 -999.0 -999.0 -999.0
-999.0 -999.0 -999.0 -999.0 -999.0 -999.0 -999.0 -999.0 -999.0 1490.1 817.3 1466.0 1212.0 1128.1 1135.0 1343.2 949.2 1124.9 968.6 1011.1 1258.3 1153.7 1203.2 1168.9 1118.8 1150.4 1062.3 1450.0 -999.0 -999.0 -999.0 -999.0 -999.0 -999.0 -999.0 -999.0 -999.0 -999.0 -999.0 -999.0 -999.0 -999.0 -999.0 -999.0 -999.0 -999.0 -999.0 -999.0 -999.0 -999.0 -999.0 -999.0 -999.0 -999.0 -999.0 -999.0 -999.0 -999.0 -999.0 -999.0 -999.0 -999.0 -999.0 -999.0 -999.0 -999.0 -999.0 -999.0 -999.0 -999.0 -999.0
-999.0 -999.0 -999.0 -999.0 -999.0 -999.0 -999.0 -999.0 -999.0 -999.0 1539.0 1100.9 1492.6 1245.3 784.7 1281.6 1231.1 1234.0 1411.2 1108.8 1280.1 1123.0 1068.6 1387.1 1082.0 1253.2 1382.0 -999.0 -999.0 -999.0 -999.0 -999.0 -999.0 -999.0 -999.0 -999.0 -999.0 -999.0 -999.0 -999.0 -999.0 -999.0 -999.0 -999.0 -999.0 -999.0 -999.0 -999.0 -999.0 -999.0 -999.0 -999.0 -999.0 -999.0 -999.0 -999.0 -999.0 -999.0 -999.0 -999.0 -999.0 -999.0 -999.0 -999.0 -999.0 -999.0 -999.0 -999.0 -999.0 -999.0 -999.0
-999.0 -999.0 -999.0 -999.0 -999.0 -999.0 1509.2 -999.0 -999.0 1553.4 1567.8 1299.7 1097.4 1014.5 1047.8 1307.2 1221.7 967.3 1141.5 1246.2 1399.2 1170.6 1100.0 1178.5 1475.5 1466.7 -999.0 -999.0 -999.0 -999.0 -999.0 -999.0 -999.0 -999.0 -999.0 -999.0 -999.0 -999.0 -999.0 -999.0 -999.0 -999.0 -999.0 -999.0 -999.0 -999.0 -999.0 -999.0 -999.0 -999.0 -999.0 -999.0 -999.0 -999.0 -999.0 -999.0 -999.0 -999.0 -999.0 -999.0 -999.0 -999.0 -999.0 -999.0 -999.0 -999.0 -999.0 -999.0 -999.0 -999.0 -999.0
-999.0 -999.0 -999.0 -999.0 1430.7 1593.3 1434.8 1567.9 1333.3 1567.5 1068.3 1514.3 778.1 956.1 1018.1 1056.7 886.1 946.2 982.3 1410.5 1263.4 1364.3 1082.3 1205.1 1325.9 1460.0 -999.0 -999.0 -999.0 -999.0 -999.0 -999.0 -999.0 -999.0 -999.0 -999.0 -999.0 -999.0 -999.0 -999.0 -999.0 -999.0 -999.0 -999.0 -999.0 -999.0 -999.0 -999.0 -999.0 -999.0 -999.0 -999.0 -999.0 -999.0 -999.0 -999.0 -999.0 -999.0 -999.0 -999.0 -999.0 -999.0 -999.0 -999.0 -999.0 -999.0 -999.0 -999.0 -999.0 -999.0 -999.0
-999.0 -999.0 -999.0 -999.0 1059.1 1569.8 1550.5 1335.0 1267.7 1069.4 744.1 988.0 1563.1 797.1 724.6 827.1 749.2 1132.9 1002.4 647.1 1192.2 1435.7 1476.8 1518.2 1486.9 -999.0 -999.0 1438.1 -999.0 -999.0 -999.0 -999.0 -999.0 -999.0 -999.0 -999.0 -999.0 -999.0 -999.0 -999.0 -999.0 -999.0 -999.0 -999.0 -999.0 -999.0 -999.0 -999.0 -999.0 -999.0 -999.0 -999.0 -999.0 -999.0 -999.0 -999.0 -999.0 -999.0 -999.0 -999.0 -999.0 -999.0 -999.0 -999.0 -999.0 -999.0 -999.0 -999.0 -999.0 -999.0 -999.0
-999.0 -999.0 -999.0 -999.0 1234.9 1379.3 1531.3 1272.8 848.0 1276.0 441.2 1129.4 1115.9 736.5 626.7 736.9 779.0 765.3 643.6 821.0 993.8 872.2 1246.6 1107.7 1439.7 1425.7 1402.3 1443.0 -999.0 -999.0 -999.0 -999.0 -999.0 -999.0 -999.0 -999.0 -999.0 -999.0 -999.0 -999.0 -999.0 -999.0 -999.0 -999.0 -999.0 -999.0 -999.0 -999.0 -999.0 -999.0 -999.0 -999.0 -999.0 -999.0 -999.0 -999.0 -999.0 -999.0 -999.0 -999.0 -999.0 -999.0 -999.0 -999.0 -999.0 -999.0 -999.0 -999.0 -999.0 -999.0 -999.0
-999.0 -999.0 -999.0 -999.0 1542.5 1233.8 1502.1 1170.9 1135.4 721.5 936.0 954.7 1138.6 1116.1 1055.5 682.0 860.1 791.4 819.1 1164.8 1198.2 1043.0 1258.6 1165.7 1419.6 1440.6 1398.5 -999.0 -999.0 -999.0 -999.0 -999.0 -999.0 -999.0 -999.0 -999.0 -999.0 -999.0 -999.0 -999.0 -999.0 -999.0 -999.0 -999.0 -999.0 -999.0 -999.0 -999.0 -999.0 -999.0 -999.0 -999.0 -999.0 -999.0 -999.0 -999.0 -999.0 -999.0 -999.0 -999.0 -999.0 -999.0 -999.0 -999.0 -999.0 -999.0 -999.0 -999.0 -999.0 -999.0 -999.0
-999.0 -999.0 -999.0 -999.0 1453.3 1534.2 1375.8 1603.8 635.8 860.6 853.2 950.5 702.3 394.4 852.5 1033.7 1076.6 728.3 846.0 1152.1 1067.1 1235.0 1339.3 1503.2 1519.5 1246.8 -999.0 -999.0 -999.0 -999.0 -999.0 -999.0 -999.0 -999.0 -999.0 -999.0 -999.0 -999.0 -999.0 -999.0 -999.0 -999.0 -999.0 -999.0 -999.0 -999.0 -999.0 -999.0 -999.0 -999.0 -999.0 -999.0 -999.0 -999.0 -999.0 -999.0 -999.0 -999.0 -999.0 -999.0 -999.0 -999.0 -999.0 -999.0 -999.0 -999.0 -999.0 -999.0 -999.0 -999.0 -999.0
-999.0 -999.0 -999.0 1577.3 1223.7 1187.5 893.0 1136.1 1583.8 952.4 958.6 896.2 993.0 944.5 1046.2 850.9 1097.6 1128.1 547.6 978.7 1164.0 1532.0 1563.6 1556.8 1503.8 -999.0 -999.0 -999.0 -999.0 -999.0 -999.0 1564.8 1557.7 1545.6 1558.3 -999.0 -999.0 1579.6 1423.6 1482.0 1565.8 1565.9 -999.0 -999.0 -999.0 1455.3 -999.0 1478.9 1502.6 -999.0 -999.0 -999.0 -999.0 -999.0 -999.0 -999.0 -999.0 -999.0 -999.0 -999.0 -999.0 -999.0 -999.0 -999.0 -999.0 -999.0 -999.0 -999.0 -999.0 -999.0 -999.0
-999.0 -999.0 -999.0 -999.0 1443.7 1118.0 854.0 1034.4 972.9 1559.5 969.9 1032.4 837.7 1049.5 1163.9 1496.3 1266.6 970.3 1052.3 1234.1 1422.1 1401.2 1298.6 1192.3 1466.6 -999.0 -999.0 -999.0 1568.6 1620.1 1606.2 1583.0 1561.0 1586.1 1577.6 1588.0 1575.3 1444.2 1303.6 1319.5 1475.5 1515.0 1564.2 1451.6 1277.2 1223.2 1316.3 1404.6 1442.8 1422.0 -999.0 -999.0 -999.0 -999.0 -999.0 -999.0 -999.0 -999.0 -999.0 -999.0 -999.0 -999.0 -999.0 -999.0 -999.0 -999.0 -999.0 -999.0 -999.0 -999.0 -999.0
-999.0 1415.5 -999.0 1439.7 1690.5 1591.3 1514.4 505.9 1456.6 1113.9 1314.8 994.3 1224.3 965.7 1015.1 923.7 1316.9 1481.1 1485.7 1407.4 1558.9 1238.3 1314.6 1177.9 1407.7 1502.2 1521.4 1492.6 1566.3 1623.6 1473.0 1287.1 1500.3 1524.8 1399.4 1596.7 1241.0 1101.5 1174.4 1252.4 1429.4 1320.9 1418.1 1466.3 1364.6 1220.0 1288.6 1354.5 1176.0 1380.2 1428.9 -999.0 -999.0 -999.0 -999.0 -999.0 -999.0 -999.0 -999.0 -999.0 -999.0 -999.0 -999.0 -999.0 -999.0 -999.0 -999.0 -999.0 -999.0 -999.0 -999.0
-999.0 -999.0 1576.4 930.8 1240.7 1328.0 749.7 965.2 622.0 1315.4 1019.7 981.8 1094.6 1118.8 1335.8 815.3 946.1 957.4 1435.2 1572.8 1328.8 1428.9 1522.6 -999.0 1489.3 1448.1 1502.7 1390.7 1409.3 1458.4 1368.2 1384.1 1195.2 1168.8 1251.7 1373.8 1294.7 1303.9 1356.0 1369.7 1236.4 1374.9 1413.4 1393.5 1297.7 1294.0 1282.8 1302.3 1287.7 1270.2 1361.7 1416.8 -999.0 -999.0 -999.0 -999.0 -999.0 -999.0 -999.0 -999.0 -999.0 -999.0 -999.0 -999.0 -999.0 -999.0 -999.0 -999.0 -999.0 -999.0 -999.0
1442.9 -999.0 1584.0 1409.9 1118.5 992.4 1319.1 666.9 774.9 1224.1 1086.9 860.3 788.2 824.5 1098.5 1087.8 868.0 1007.1 1084.1 1545.3 1561.7 1557.3 1544.5 1494.1 1291.2 1263.3 1290.6 1324.1 1413.8 1255.8 1167.0 1178.6 1006.1 1108.3 1327.2 1150.0 1120.6 1111.3 1191.2 1459.5 1469.8 1499.0 1397.5 1395.1 1288.9 1291.6 1251.3 1323.6 1323.3 1339.5 1359.4 1395.0 -999.0 -999.0 -999.0 -999.0 -999.0 -999.0 -999.0 -999.0 -999.0 -999.0 -999.0 -999.0 -999.0 -999.0 -999.0 -999.0 -999.0 -999.0 -999.0
928.8 -999.0 -999.0 1080.7 659.2 1164.3 969.2 1662.7 1255.9 1147.7 1137.3 787.7 968.7 555.3 608.9 719.9 992.2 1200.7 1405.1 1472.0 1074.2 1311.2 1471.5 1238.6 1066.1 927.4 1056.0 1181.9 1149.1 1172.5 967.8 948.0 1285.2 1283.6 1305.3 1368.9 1166.6 1167.4 1245.6 1393.0 1462.7 1403.8 1243.3 1409.1 1349.0 1313.8 1189.3 1331.9 1286.9 1315.5 1296.2 1347.0 -999.0 -999.0 -999.0 -999.0 -999.0 -999.0 -999.0 -999.0 -999.0 -999.0 -999.0 -999.0 -999.0 -999.0 -999.0 -999.0 -999.0 -999.0 -999.0
1156.5 -999.0 -999.0 1355.4 1435.5 1419.8 1577.5 1299.6 1031.3 728.6 1150.0 995.5 1050.5 1176.0 1241.8 1001.2 998.2 1022.5 1073.6 1143.8 814.5 1376.7 1179.0 1218.3 1049.4 788.8 898.7 1125.6 1088.6 1052.9 873.0 1071.8 1427.3 978.3 1169.5 1060.3 953.3 1211.0 1137.1 1397.2 1313.6 1118.1 1279.0 1344.6 1443.2 1316.8 1370.2 1366.1 1244.0 1339.4 1347.1 -999.0 -999.0 -999.0 -999.0 -999.0 -999.0 -999.0 -999.0 -999.0 -999.0 -999.0 -999.0 -999.0 -999.0 -999.0 -999.0 -999.0 -999.0 -999.0 -999.0
1593.0 1561.7 -999.0 -999.0 1619.8 1285.9 1521.6 1232.1 828.5 551.6 875.1 516.4 814.3 941.9 1012.3 1268.8 1209.9 1059.6 1081.6 938.9 1534.5 1215.9 1278.9 796.2 1046.2 1058.3 729.0 986.0 997.2 1021.2 1141.9 1310.4 1193.7 1097.6 1145.7 1036.7 1058.0 917.4 1090.1 1319.1 1079.3 1247.0 1337.7 1339.5 1178.7 1344.3 1417.9 1470.0 1387.3 1364.0 1364.2 -999.0 -999.0 -999.0 -999.0 -999.0 -999.0 -999.0 -999.0 -999.0 -999.0 -999.0 -999.0 -999.0 -999.0 -999.0 -999.0 -999.0 -999.0 -999.0 -999.0
1418.4 1544.2 -999.0 -999.0 1505.5 1501.1 1593.3 1185.4 1641.2 1217.1 868.2 601.7 444.2 640.0 1145.2 1115.8 1010.9 799.1 1090.8 1475.5 1165.3 1123.6 1107.9 883.2 950.4 1021.6 762.4 1093.5 1172.6 1203.1 1241.6 809.4 1136.2 1115.3 665.7 898.0 1031.6 991.7 1228.0 1250.2 1286.8 1346.1 1410.1 1395.6 1416.6 1319.3 1407.4 1432.5 1388.6 1352.6 -999.0 -999.0 -999.0 -999.0 -999.0 -999.0 -999.0 -999.0 -999.0 -999.0 -999.0 -999.0 -999.0 -999.0 -999.0 -999.0 -999.0 -999.0 -999.0 -999.0 -999.0
1380.0 1540.4 1480.3 1190.5 857.9 1112.7 895.1 1071.7 1420.1 1005.1 475.3 520.3 1195.7 939.7 1114.6 889.0 719.9 778.0 1036.7 1317.1 1137.5 700.4 611.3 894.3 864.8 837.5 1156.6 1243.2 1268.6 1053.7 873.3 1154.1 1148.3 1138.8 958.6 752.9 904.5 718.3 1235.4 946.3 1131.7 1115.6 837.9 1282.5 1472.3 1334.5 1286.4 1408.8 1359.4 -999.0 -999.0 -999.0 -999.0 -999.0 -999.0 -999.0 -999.0 -999.0 -999.0 -999.0 -999.0 -999.0 -999.0 -999.0 -999.0 -999.0 -999.0 -999.0 -999.0 -999.0 -999.0
1641.2 1290.2 1519.2 900.6 1701.7 1590.4 1285.0 756.0 555.5 1015.6 859.3 981.2 622.7 802.6 885.1 910.4 1156.8 1146.6 1184.8 1159.5 874.3 560.1 705.7 991.8 657.5 1052.3 917.7 1294.6 1324.8 1232.7 1055.0 951.0 953.7 911.4 730.2 774.1 1089.7 972.5 1300.1 1283.9 1371.1 1330.4 1318.1 1401.2 1443.0 1457.8 1421.0 1385.5 1482.8 -999.0 -999.0 -999.0 -999.0 -999.0 -999.0 -999.0 -999.0 -999.0 -999.0 -999.0 -999.0 -999.0 -999.0 -999.0 -999.0 -999.0 -999.0 -999.0 -999.0 -999.0 -999.0
-999.0 1479.4 1344.8 -999.0 1679.5 1056.7 652.1 533.1 1057.6 1202.2 1104.2 567.4 573.4 1229.3 1320.8 1074.7 735.0 1281.9 1160.6 867.5 627.0 570.2 616.5 531.1 841.7 738.5 917.3 1268.3 795.3 1155.6 725.2 765.3 729.9 652.8 818.2 1033.1 1169.7 1028.2 1142.6 1058.4 1232.3 1217.5 1333.0 1371.9 1408.2 1442.0 1486.1 1445.2 -999.0 -999.0 -999.0 -999.0 -999.0 -999.0 -999.0 -999.0 -999.0 -999.0 -999.0 -999.0 -999.0 -999.0 -999.0 -999.0 -999.0 -999.0 -999.0 -999.0 -999.0 -999.0 -999.0
1691.5 1271.9 1660.5 -999.0 797.1 1181.5 1091.3 1667.5 885.9 1141.3 532.5 627.5 959.7 736.0 660.4 1054.0 1438.7 854.2 816.6 732.7 511.1 490.1 508.3 481.7 763.8 1076.4 1354.7 1307.9 1245.5 882.6 595.3 647.1 943.0 814.9 1037.7 893.3 996.5 1122.6 1221.6 1129.5 1110.0 1140.8 1274.9 1218.0 1414.4 1324.2 1329.8 1457.8 -999.0 -999.0 -999.0 -999.0 -999.0 -999.0 -999.0 -999.0 -999.0 -999.0 -999.0 -999.0 -999.0 -999.0 -999.0 -999.0 -999.0 -999.0 -999.0 -999.0 -999.0 -999.0 -999.0
1362.3 1634.9 -999.0 1446.5 1304.1 946.5 1290.3 1066.8 786.0 1251.7 1238.1 1045.9 1221.5 1383.7 1389.5 1359.4 906.8 565.7 542.5 537.2 500.3 391.3 516.9 946.3 1177.3 1198.1 642.4 987.3 369.2 315.9 559.0 591.6 598.7 833.9 938.6 955.1 890.5 1359.5 1366.5 1291.0 1346.8 1311.0 834.5 1081.8 1486.8 1484.3 1484.7 1464.8 1516.6 -999.0 -999.0 -999.0 -999.0 -999.0 -999.0 -999.0 -999.0 -999.0 -999.0 -999.0 -999.0 -999.0 -999.0 -999.0 -999.0 -999.0 -999.0 -999.0 -999.0 -999.0 -999.0
-999.0 -999.0 1672.3 1122.5 1052.7 906.1 1415.8 1044.3 630.5 1220.1 1110.5 825.4 876.2 854.1 1046.8 735.3 660.3 481.0 811.3 852.2 677.3 537.0 735.0 1187.5 1049.1 1130.3 759.4 374.0 663.4 379.3 520.5 535.1 629.7 750.5 791.7 1019.7 1272.8 1392.5 1302.2 1430.0 1457.3 1295.8 1347.1 1444.4 1531.8 1413.9 1367.4 1415.3 -999.0 -999.0 -999.0 -999.0 -999.0 -999.0 -999.0 -999.0 -999.0 -999.0 -999.0 -999.0 -999.0 -999.0 -999.0 -999.0 -999.0 -999.0 -999.0 -999.0 -999.0 -999.0 -999.0
-999.0 -999.0 1653.7 1668.1 1351.5 895.9 1194.3 830.9 1366.0 1396.7 1319.6 1084.1 613.9 502.9 670.1 964.5 1029.2 935.4 648.5 876.0 904.9 1024.5 1009.2 822.0 748.3 624.6 486.9 508.7 482.3 740.1 773.0 825.6 1153.3 1118.5 1017.0 970.4 890.2 1060.8 1190.3 940.7 1128.8 1470.7 1380.0 1253.2 1225.6 1213.3 1339.9 -999.0 -999.0 -999.0 -999.0 -999.0 -999.0 -999.0 -999.0 -999.0 -999.0 -999.0 -999.0 -999.0 -999.0 -999.0 -999.0 -999.0 -999.0 -999.0 -999.0 -999.0 -999.0 -999.0 -999.0
-999.0 -999.0 1337.6 982.3 1559.3 812.7 720.1 826.2 682.1 883.4 1260.6 1139.1 1307.2 1370.0 651.9 775.3 665.8 260.4 1158.4 1001.3 988.9 893.3 935.4 676.1 742.3 539.3 723.0 800.6 836.7 727.0 897.6 629.1 628.7 489.0 653.2 898.3 697.2 478.2 699.2 791.8 971.6 994.1 1068.8 1080.1 1222.2 1265.2 1383.7 -999.0 -999.0 -999.0 -999.0 -999.0 -999.0 -999.0 -999.0 -999.0 -999.0 -999.0 -999.0 -999.0 -999.0 -999.0 -999.0 -999.0 -999.0 -999.0 -999.0 -999.0 -999.0 -999.0 -999.0
-999.0 1636.9 1718.4 1489.7 1785.5 1520.5 1285.0 940.9 1312.0 1254.9 595.2 1212.0 1286.7 1293.8 1275.2 798.5 1050.9 1263.2 1077.4 550.7 654.8 925.0 418.5 614.4 689.5 550.0 474.7 566.4 618.0 579.6 564.4 572.8 534.4 347.0 941.3 654.9 682.2 1144.9 1176.4 814.3 1033.6 978.8 975.0 1320.6 1233.0 1267.5 1329.6 -999.0 -999.0 -999.0 -999.0 -999.0 -999.0 -999.0 -999.0 -999.0 -999.0 -999.0 -999.0 -999.0 -999.0 -999.0 -999.0 -999.0 -999.0 -999.0 -999.0 -999.0 -999.0 -999.0 -999.0
-999.0 -999.0 1642.6 1375.4 745.8 1501.1 1706.5 1498.0 1568.6 1591.3 1532.4 1432.3 1175.4 1132.3 790.5 1193.8 1081.0 1072.3 580.9 717.4 1018.4 907.6 403.5 746.1 605.4 857.5 525.5 549.2 819.0 359.0 402.3 391.5 308.3 396.9 644.8 493.8 628.0 818.9 1095.4 1332.8 1280.1 1055.1 1252.8 1445.7 1398.9 1251.3 1450.9 -999.0 -999.0 -999.0 -999.0 -999.0 -999.0 -999.0 -999.0 -999.0 -999.0 -999.0 -999.0 -999.0 -999.0 -999.0 -999.0 -999.0 -999.0 -999.0 -999.0 -999.0 -999.0 -999.0 -999.0
1578.4 1605.3 1628.3 1542.9 1128.1 1665.6 795.4 1273.2 1006.8 756.1 1522.4 1398.0 202.1 451.0 495.7 746.2 514.9 599.8 534.7 526.2 463.1 739.7 705.5 921.4 942.1 973.8 768.9 793.1 478.4 799.5 699.5 815.6 637.8 465.3 593.2 1153.1 824.9 732.8 1087.7 818.8 1259.7 1440.2 1482.4 1461.7 1239.1 1313.2 -999.0 -999.0 -999.0 -999.0 -999.0 -999.0 -999.0 -999.0 -999.0 -999.0 -999.0 -999.0 -999.0 -999.0 -999.0 -999.0 -999.0 -999.0 -999.0 -999.0 -999.0 -999.0 -999.0 -999.0 -999.0
