GDD/GrowingDegreeDays_2001_Actual.txt
ncols         180
nrows         290
xllcorner     -200000
yllcorner     -200000
cellsize      5000
NODATA_value    -999
[rows 192 to 223 of 290, columns 71 to 141 of 180]
-999.0 -999.0 -999.0 -999.0 -999.0 -999.0 -999.0 -999.0 -999.0 -999.0 -999.0 -999.0 -999.0 -999.0 -999.0 -999.0 -999.0 -999.0 -999.0 -999.0 -999.0 1784.3 1448.7 1270.2 1164.2 983.7 1114.4 1385.8 1610.6 1760.5 1638.4 1451.8 1324.3 1248.9 1528.1 1728.7 1691.7 1580.9 1593.5 1753.2 1513.3 1620.7 1649.1 1792.4 1740.7 1861.7 1924.4 1893.0 1813.0 1869.5 1919.9 1924.1 1904.8 1890.5 1827.2 1877.1 1909.4 1883.1 1825.9 1799.5 1784.8 1748.4 1813.7 1853.5 1769.7 1804.8 1835.7 1871.3 1863.0 1945.0 1936.3
-999.0 -999.0 -999.0 -999.0 -999.0 -999.0 -999.0 -999.0 -999.0 -999.0 -999.0 -999.0 -999.0 -999.0 -999.0 -999.0 -999.0 -999.0 -999.0 -999.0 1869.1 1841.8 1524.9 1268.4 1200.4 1275.1 1314.9 1473.1 1381.5 1034.8 1296.6 1313.7 1347.2 1569.5 1689.4 1631.4 1612.2 1736.9 1744.6 1680.8 1536.1 1575.6 1644.9 1800.5 1742.1 1908.6 1919.0 1810.5 1910.6 1813.1 1802.5 1871.8 1854.5 1887.3 1853.7 1932.1 1954.6 1894.9 1879.4 1884.5 1802.6 1824.9 1738.4 1807.3 1771.2 1859.9 1862.2 1873.3 1946.4 1969.0 1906.0
-999.0 -999.0 -999.0 -999.0 -999.0 -999.0 -999.0 -999.0 -999.0 -999.0 -999.0 -999.0 -999.0 -999.0 -999.0 -999.0 -999.0 -999.0 -999.0 -999.0 1611.4 1611.3 1584.5 1541.1 1394.7 1069.9 1121.6 1245.2 1380.2 1320.4 1226.4 1179.2 1192.8 1544.2 1440.7 1380.5 1741.6 1550.4 1853.2 1776.9 1577.4 1442.8 1756.6 1750.5 1900.1 1961.9 1930.8 1890.7 1706.9 1886.4 1801.8 1820.6 1833.5 1853.9 1852.1 1929.0 1931.6 1931.7 1915.5 1939.8 1910.6 1788.6 1746.1 1772.1 1748.8 1851.2 1923.1 1951.3 1995.1 1965.5 1915.4
-999.0 -999.0 -999.0 -999.0 -999.0 -999.0 -999.0 -999.0 -999.0 -999.0 -999.0 -999.0 -999.0 -999.0 -999.0 -999.0 -999.0 -999.0 -999.0 -999.0 1681.0 1634.4 1812.8 1627.3 1407.9 1057.0 1216.4 1207.0 1432.0 1285.8 1333.4 1468.5 1392.3 1363.3 1471.3 1645.0 1788.0 1766.1 1534.7 1841.1 1785.8 1743.4 1773.8 1701.5 1865.2 2003.6 1969.2 1892.8 1884.0 1918.6 1807.9 1815.0 1830.5 1831.4 1911.2 1930.6 1875.0 1910.6 1889.2 1949.1 1877.8 1766.0 1759.8 1853.4 1871.6 1829.2 1933.2 1932.9 2038.5 1962.2 1945.0
-999.0 -999.0 -999.0 -999.0 -999.0 -999.0 -999.0 -999.0 -999.0 -999.0 -999.0 -999.0 -999.0 -999.0 -999.0 -999.0 -999.0 -999.0 -999.0 1771.5 1583.6 1333.6 1452.9 1567.5 1297.4 1229.1 1111.9 1131.8 1586.1 1564.3 1598.1 1469.1 1356.5 1533.2 1610.3 1497.3 1672.1 1768.6 1801.6 1875.9 1897.2 1861.3 1805.4 1865.2 1930.1 1980.2 2004.4 1990.4 1929.3 1885.9 1925.8 1870.0 1884.9 1842.5 1912.4 1909.2 1904.4 1946.7 1954.4 1934.9 1818.6 1827.0 1830.7 1924.9 1888.1 1888.6 1923.7 2013.1 1973.1 1972.7 1964.3
-999.0 -999.0 -999.0 -999.0 -999.0 -999.0 -999.0 -999.0 -999.0 -999.0 -999.0 -999.0 -999.0 -999.0 -999.0 -999.0 -999.0 -999.0 1653.4 1591.9 1474.0 1568.3 1622.5 1310.8 1088.2 1077.9 1287.9 1227.5 1566.0 1457.2 1568.9 1616.4 1136.8 1537.1 1536.7 1767.1 1758.8 1866.7 1864.6 1832.6 1735.3 1846.0 1707.8 1904.9 1913.7 2065.5 2070.2 2013.1 1977.1 1946.4 1952.4 1917.9 1879.5 1876.6 1992.9 1935.9 1921.1 1894.6 1888.5 1872.5 1812.2 1872.9 1828.5 1920.5 1926.7 1997.8 2006.3 1918.7 1905.2 1969.7 1967.0
-999.0 -999.0 -999.0 -999.0 -999.0 -999.0 -999.0 -999.0 -999.0 -999.0 -999.0 -999.0 -999.0 -999.0 -999.0 -999.0 1629.3 1662.4 1694.0 1808.7 1766.7 1638.5 1558.5 1245.3 1140.6 1054.7 1029.4 1241.2 1418.9 1707.5 1498.6 1577.4 1276.5 1555.2 1706.8 1769.1 1873.6 1866.8 1920.5 1829.2 1700.0 1783.8 1791.8 2020.3 2036.8 2075.4 2063.3 1967.7 1968.9 1946.8 1994.1 1929.4 1885.8 1967.5 2001.0 1973.2 1850.2 1846.7 1785.3 1742.2 1788.5 1835.2 1896.4 1948.9 1912.4 1892.8 1932.2 1908.3 1997.4 1971.9 1974.1
-999.0 -999.0 -999.0 -999.0 -999.0 -999.0 -999.0 -999.0 -999.0 -999.0 -999.0 -999.0 1899.2 1903.4 1906.7 1516.8 1444.9 1390.7 1389.8 1608.7 1618.9 1640.5 1224.7 1327.8 1176.3 1178.4 1236.8 1514.3 1622.7 1762.1 1615.3 1671.8 1195.2 1378.3 1601.7 1829.6 1811.9 1855.7 1687.1 1916.4 1760.8 1755.6 1843.6 1976.5 2092.5 2120.7 1991.6 2007.2 2005.6 1910.1 1989.5 1951.4 1959.6 1962.2 1932.1 1868.8 1908.1 1818.5 1844.7 1806.8 1735.2 1756.6 1788.1 1840.4 1845.7 1877.5 1932.9 1977.3 1929.7 2037.6 2040.3
-999.0 -999.0 -999.0 -999.0 -999.0 -999.0 -999.0 -999.0 -999.0 -999.0 -999.0 1702.1 1820.1 1682.8 1690.6 1691.5 1484.9 1543.6 1482.5 1649.2 1743.5 1417.6 1343.5 1289.3 1620.0 1141.5 1383.9 1596.4 1242.1 1510.6 1799.2 1271.6 1473.6 1585.4 1942.8 1951.3 1896.8 1626.1 1890.3 1932.9 1918.0 1888.9 1813.1 1946.6 2005.8 2141.5 2057.3 2051.5 2026.0 1950.6 1966.1 1975.5 1981.4 1973.9 1882.8 1874.6 1710.2 1853.5 1874.6 1834.6 1769.1 1827.7 1836.3 1891.9 1932.2 1912.7 1954.2 1918.4 1987.5 2036.2 2026.1
-999.0 -999.0 -999.0 -999.0 -999.0 -999.0 -999.0 -999.0 -999.0 -999.0 1662.3 1673.0 1869.5 1844.0 1802.6 1678.5 1709.0 1618.1 1661.7 1618.2 1247.7 1474.4 1615.2 1295.2 1780.8 1436.5 1391.5 1152.2 1278.1 1292.7 1522.3 1572.3 1680.9 1938.4 1556.3 1608.1 1922.3 1873.6 1941.3 2006.8 1929.7 1951.6 1979.4 1926.1 1938.8 2137.6 2102.8 2089.0 2031.1 2028.2 2025.2 2004.9 1850.2 2009.1 1942.5 1850.1 1760.3 1799.2 1852.1 1813.2 1768.8 1794.0 1776.4 1854.1 1961.6 2012.8 2033.2 1924.4 1945.5 2011.2 1945.8
-999.0 -999.0 -999.0 -999.0 -999.0 -999.0 1888.8 1628.2 1766.8 1589.6 1775.4 1771.8 1707.4 1768.7 1779.4 1565.7 1632.1 1591.1 1595.6 1383.2 1411.2 1576.3 1524.4 1530.4 1631.5 1573.6 1271.9 1246.7 1425.7 1502.7 1391.7 1611.5 1898.1 1491.7 1415.9 1668.1 1663.8 1895.5 1902.2 2014.8 1984.6 1764.6 1973.3 1836.7 2030.9 2107.6 2090.8 2059.7 1862.2 1999.0 1961.8 1664.3 1956.4 1979.0 1922.8 1811.8 1685.0 1779.0 1807.6 1815.8 1853.4 1827.3 1842.2 1904.5 1978.9 1992.7 2026.8 1940.3 1898.6 1921.6 1949.9
-999.0 -999.0 -999.0 -999.0 -999.0 1849.3 1705.6 1729.7 1699.3 1461.4 1211.1 1339.8 1402.3 1643.5 1529.9 1381.3 1472.7 1509.0 1335.5 1512.0 1583.7 1395.6 1644.3 1797.0 1666.4 1587.1 1337.2 1379.7 1450.3 1540.1 1578.2 1675.6 1588.3 955.5 1295.6 1629.1 1841.7 1800.4 1907.5 1786.7 1951.4 1891.5 1989.6 2013.3 2033.4 2036.6 2063.9 2069.7 1980.8 1942.1 1661.7 1661.8 1763.8 1881.7 1898.8 1628.4 1696.7 1740.4 1787.3 1868.5 1827.2 1846.0 1869.6 1945.9 1882.8 1925.5 1977.9 1823.8 1843.9 1953.9 1968.5
-999.0 -999.0 -999.0 1903.6 1785.5 1768.4 1681.6 1759.0 1683.7 1551.6 1530.2 1613.9 1724.8 1527.5 1635.4 1465.9 1733.6 1632.8 1414.0 1497.6 1665.4 1566.6 1829.6 1812.8 1475.3 1369.8 1448.8 1604.1 1467.8 1735.9 1808.9 1785.3 1402.3 1220.4 1234.7 1819.6 1758.3 1773.7 1779.6 1866.3 2000.4 1879.3 1946.8 1970.3 2020.5 1998.2 2063.5 2067.3 1950.5 1911.9 1666.4 1713.2 1783.2 1882.5 1808.5 1654.2 1687.8 1730.9 1818.2 1838.5 1864.8 1894.9 1913.0 1910.8 1887.6 1874.0 1905.6 1910.9 1913.8 1953.8 1887.2
-999.0 -999.0 -999.0 1926.7 -999.0 1921.6 1867.1 1720.3 1793.8 1704.4 1720.4 1664.1 1727.6 1702.1 1590.0 1736.8 1654.0 1815.9 1844.2 1822.4 1793.9 1790.9 1557.3 1637.8 1317.1 843.6 1437.8 1423.9 1448.0 1169.5 1220.2 1881.9 1909.9 1098.3 1469.4 1691.7 1659.4 1585.2 1808.5 1983.5 2039.0 1845.8 1838.7 1961.6 2014.0 2047.1 1985.1 2035.7 1933.8 1687.7 1639.0 1777.4 1841.0 1867.3 1880.2 1859.2 1767.2 1841.7 1886.8 1929.8 1959.2 1960.3 1927.6 1840.7 1889.2 1935.1 1917.0 1963.5 1948.0 1885.5 1912.7
-999.0 -999.0 -999.0 -999.0 -999.0 -999.0 1755.9 1852.2 1855.0 1759.5 1832.9 1785.8 1795.6 1759.8 1851.3 1866.3 1757.4 1814.5 1689.8 1801.9 1527.5 1764.2 1493.6 1327.9 1295.8 1146.3 1063.4 1260.5 1131.9 1044.3 1517.6 1413.3 1583.0 2008.7 1530.2 1589.5 1915.4 1878.0 2034.2 1831.7 1869.5 1647.5 1755.7 1986.6 2016.2 2060.9 2086.2 1932.8 1674.4 1784.2 1628.2 1784.7 1834.3 1786.3 1887.8 1769.0 1905.3 1908.8 1976.9 2013.3 2009.6 1966.6 1938.7 1935.4 1980.5 1993.0 1995.2 1942.3 1855.2 1806.2 1888.4
-999.0 -999.0 -999.0 -999.0 -999.0 1893.8 1852.4 1838.0 1861.4 1883.6 1722.2 1638.0 1552.3 1674.6 1783.8 1819.6 1862.0 1797.8 1548.1 1840.6 1683.9 1937.6 1766.2 1687.2 1702.5 1744.4 1450.9 1498.6 1281.3 1271.1 1158.4 1399.4 1403.8 1564.1 1235.2 1781.7 1914.5 1955.9 1833.7 1875.7 1680.1 1773.9 1773.0 2037.1 2036.9 2028.1 1712.3 1644.9 1672.5 1637.9 1809.3 1777.8 1781.3 1823.0 1894.0 1902.0 1919.5 1989.3 2055.7 2078.5 2054.8 1956.7 1932.1 1905.6 1961.5 2012.1 1994.5 1902.6 1743.8 1910.0 1888.3
-999.0 -999.0 -999.0 -999.0 1997.0 1958.4 1898.0 1881.6 1916.1 1922.9 1900.5 1796.2 1854.0 1823.8 1871.1 1876.3 1846.0 1845.7 1843.9 1610.4 1923.0 1547.6 1644.2 1617.6 1475.1 1567.7 1722.9 1689.8 1493.8 1572.8 1426.5 1505.3 1679.7 1354.3 1402.6 1932.8 1805.8 2022.3 1976.9 1812.0 1763.6 1883.1 1932.1 2026.7 2040.2 1827.7 1880.4 1715.8 1733.4 1798.7 1779.9 1819.4 1870.9 1875.7 1954.8 1986.9 1995.7 2044.9 1972.3 2132.3 2015.8 2025.8 1999.7 2005.0 1999.2 1989.2 1907.1 1783.4 1822.3 1866.7 1893.6
-999.0 -999.0 -999.0 -999.0 -999.0 -999.0 2015.2 1978.1 1978.5 1915.8 1860.4 1791.1 -999.0 -999.0 -999.0 -999.0 1901.2 1874.3 1767.5 1982.2 2075.7 1917.0 1865.0 1826.8 1784.6 2043.6 1235.9 1199.0 1606.0 1710.8 1704.9 1560.3 1517.3 1440.4 1753.5 1900.8 1941.9 2052.4 1715.8 1887.9 1785.1 2043.0 2026.0 2027.8 2030.2 1753.1 1911.7 1769.2 1782.1 1863.9 1866.8 1895.1 1923.1 1967.6 1999.0 2012.9 2005.3 2039.0 1980.8 2093.1 2027.4 1981.4 2002.1 1976.5 1958.1 1846.6 1871.9 1839.7 1831.8 1864.1 1994.9
-999.0 -999.0 -999.0 -999.0 -999.0 -999.0 2018.0 1920.3 1844.3 1992.5 1814.0 1902.5 -999.0 -999.0 -999.0 -999.0 -999.0 -999.0 -999.0 2118.4 2122.7 2041.9 2123.2 1969.6 1781.0 1526.3 1401.6 1197.5 1268.7 1450.5 1606.4 1606.8 1776.4 1613.6 1637.8 1976.1 2063.8 1733.8 1767.9 1767.0 2083.9 2096.5 2033.8 2043.1 1887.1 1802.5 1828.3 1821.0 1869.9 1902.8 1930.2 1950.0 1958.6 1961.5 1979.5 1921.4 1987.0 2025.1 2065.7 2079.7 2021.4 1989.8 1967.7 1846.6 1849.6 1956.7 1836.0 1853.2 1912.8 1957.1 2011.8
-999.0 -999.0 -999.0 -999.0 -999.0 -999.0 -999.0 -999.0 1993.3 -999.0 -999.0 -999.0 -999.0 -999.0 -999.0 -999.0 -999.0 1915.0 1947.1 1975.4 1931.5 2059.4 2115.5 2049.7 1920.0 1750.7 1497.1 1377.4 1439.3 1800.6 1818.7 1483.9 1685.0 1782.1 1979.9 2092.4 2152.1 1910.7 1961.3 1989.2 2107.9 2096.8 2014.2 2049.5 1754.2 1727.3 1847.6 1851.2 1914.0 1926.6 1939.0 1969.9 1919.1 1953.9 1929.7 1993.0 2011.7 2037.4 2049.1 2046.8 1959.4 1939.9 1857.5 1750.4 1882.9 1858.8 2033.5 1934.1 1976.5 2036.6 1992.4
-999.0 -999.0 -999.0 -999.0 -999.0 -999.0 -999.0 -999.0 -999.0 -999.0 -999.0 -999.0 -999.0 -999.0 -999.0 -999.0 -999.0 1909.4 1907.8 2077.5 2029.1 2076.0 -999.0 -999.0 2191.3 1706.9 1937.7 1763.2 1812.8 1807.2 1748.9 1658.6 1990.6 2057.5 2042.0 2104.7 2109.5 2095.8 2104.8 2114.1 2109.2 1988.8 2016.8 1954.3 1749.8 1856.9 1902.6 1929.1 1930.2 1887.2 1909.6 1955.4 1941.2 1970.1 1940.2 1889.5 1877.6 1943.8 1909.4 2008.0 2010.8 1934.1 1719.3 1902.9 1912.8 1983.3 2123.5 1996.2 2036.3 2096.6 2149.8
-999.0 -999.0 -999.0 -999.0 -999.0 -999.0 -999.0 -999.0 -999.0 -999.0 -999.0 -999.0 -999.0 -999.0 -999.0 -999.0 -999.0 -999.0 -999.0 -999.0 -999.0 -999.0 -999.0 -999.0 2130.8 2030.2 1841.4 1865.4 2015.6 2038.9 2026.4 1981.0 2076.6 2130.1 2100.7 2081.3 2088.9 2103.1 -999.0 2160.9 2143.2 2065.8 2045.4 1949.6 1780.5 1865.4 1875.1 1930.4 2006.4 1995.5 1901.1 1961.2 1934.4 1810.9 1760.8 1768.9 1724.5 1703.2 1835.4 1878.7 1908.3 1923.3 1842.1 1961.7 1973.9 1992.7 2066.8 2093.7 2121.2 2114.4 2151.9
-999.0 -999.0 -999.0 -999.0 -999.0 -999.0 -999.0 -999.0 -999.0 -999.0 -999.0 -999.0 -999.0 -999.0 -999.0 -999.0 -999.0 -999.0 -999.0 -999.0 -999.0 -999.0 -999.0 -999.0 -999.0 2017.9 2007.0 1991.6 1963.4 1951.9 2099.8 2136.0 2124.6 2170.9 -999.0 -999.0 -999.0 -999.0 2120.5 2172.3 2101.9 2091.7 2057.7 1958.3 1785.8 1865.3 1833.5 1891.3 2026.2 1924.3 1911.9 1786.0 1841.2 1663.8 1762.5 1743.8 1789.1 1777.8 1805.1 1892.5 1849.3 2050.4 2019.6 1982.2 2092.5 2074.7 2122.8 2145.0 2156.2 2222.9 2290.1
-999.0 -999.0 -999.0 -999.0 -999.0 -999.0 -999.0 -999.0 -999.0 -999.0 -999.0 -999.0 -999.0 -999.0 -999.0 -999.0 -999.0 -999.0 -999.0 -999.0 -999.0 -999.0 -999.0 -999.0 -999.0 -999.0 2074.4 1890.8 1950.0 2025.0 1993.0 2079.1 2139.1 -999.0 -999.0 -999.0 -999.0 2030.7 1951.0 1887.1 2145.4 2130.0 2097.8 1867.4 1785.4 1808.3 1817.8 1884.1 1911.8 1940.4 1788.0 1649.3 1724.6 1719.7 1798.2 1790.5 1817.9 1922.6 1891.4 1914.6 1982.1 2017.9 2044.1 2103.6 2071.1 2078.9 2096.4 2065.4 2054.5 2201.9 2249.2
-999.0 -999.0 -999.0 -999.0 -999.0 -999.0 -999.0 -999.0 -999.0 -999.0 -999.0 -999.0 -999.0 -999.0 -999.0 -999.0 -999.0 -999.0 -999.0 -999.0 -999.0 -999.0 -999.0 -999.0 -999.0 -999.0 -999.0 2069.1 2010.5 2065.2 1998.4 2118.1 2116.7 -999.0 -999.0 -999.0 2122.1 2127.5 2062.0 1883.2 1945.6 2007.3 2119.2 1973.5 2043.4 1854.4 1837.6 1929.7 1817.3 1742.0 1749.3 1775.6 1694.2 1775.5 1837.0 1873.8 1939.4 1957.7 1967.5 1959.8 1940.0 2002.1 2068.9 2058.6 2004.7 2027.7 2074.0 2065.5 2065.6 2123.4 2188.1
-999.0 -999.0 -999.0 -999.0 -999.0 -999.0 -999.0 -999.0 -999.0 -999.0 -999.0 -999.0 -999.0 -999.0 -999.0 -999.0 -999.0 -999.0 -999.0 -999.0 -999.0 -999.0 -999.0 -999.0 -999.0 -999.0 -999.0 -999.0 -999.0 -999.0 -999.0 -999.0 -999.0 -999.0 -999.0 2061.6 2146.9 2170.2 2120.5 1900.9 2057.3 2004.0 1935.5 1965.9 1988.3 1940.9 2024.6 1987.2 1935.8 1835.4 1847.3 1827.3 1808.9 1778.2 1807.5 1842.0 1731.9 1884.2 1872.5 1936.1 1911.8 1941.4 2023.8 2008.6 1997.7 2001.5 1981.9 2059.0 2098.1 2123.8 2146.0
-999.0 -999.0 -999.0 -999.0 -999.0 -999.0 -999.0 -999.0 -999.0 -999.0 -999.0 -999.0 -999.0 -999.0 -999.0 -999.0 -999.0 -999.0 -999.0 -999.0 -999.0 -999.0 -999.0 -999.0 -999.0 -999.0 -999.0 -999.0 -999.0 -999.0 -999.0 -999.0 -999.0 -999.0 -999.0 2205.1 2048.1 2071.5 1599.3 1728.6 2029.2 1968.4 1921.0 1914.4 1892.8 2017.0 2032.8 1990.3 1958.0 1845.5 1878.7 1925.4 1774.6 1750.1 1651.8 1787.8 1775.7 1672.6 1824.5 1886.9 1928.8 1992.2 2013.6 2024.6 2028.1 2030.5 2067.3 2016.9 2042.8 2128.2 2142.9
-999.0 -999.0 -999.0 -999.0 -999.0 -999.0 -999.0 -999.0 -999.0 -999.0 -999.0 -999.0 -999.0 -999.0 -999.0 -999.0 -999.0 -999.0 -999.0 -999.0 -999.0 -999.0 -999.0 -999.0 -999.0 -999.0 -999.0 -999.0 -999.0 -999.0 -999.0 -999.0 -999.0 -999.0 -999.0 2171.4 2174.9 2155.4 1944.3 1623.6 1725.7 1815.7 1915.1 1817.8 1953.3 1953.5 1984.0 1787.0 1740.5 1694.1 1768.7 1863.4 1838.5 1840.5 1822.0 1790.9 1788.0 1859.6 1865.7 1881.5 1906.9 1968.2 2009.1 2024.3 2029.3 2010.7 2050.9 2008.3 2022.9 2063.1 2008.9
-999.0 -999.0 -999.0 -999.0 -999.0 -999.0 -999.0 -999.0 -999.0 -999.0 -999.0 -999.0 -999.0 -999.0 -999.0 -999.0 -999.0 -999.0 2230.2 2089.2 2162.0 1458.0 1424.1 1439.1 1482.4 1383.4 2197.9 1718.5 2195.8 -999.0 -999.0 -999.0 -999.0 -999.0 -999.0 2157.1 2153.8 2105.3 2153.4 1999.7 1800.8 1702.5 1778.4 1871.5 1911.6 1885.5 1789.7 1636.8 1699.2 1808.7 1851.5 1894.1 1848.1 1867.2 1924.0 1963.1 1973.9 1914.5 1944.8 1872.2 1838.2 1780.7 1907.8 1975.0 1945.4 1932.3 2001.6 1929.2 1985.2 2037.0 1946.4
-999.0 -999.0 -999.0 -999.0 -999.0 -999.0 -999.0 -999.0 -999.0 -999.0 -999.0 -999.0 -999.0 -999.0 -999.0 -999.0 -999.0 -999.0 1902.1 1818.4 1636.1 1575.2 1302.7 1192.7 1288.7 1336.1 1436.0 1804.8 1997.2 2113.8 2014.6 1797.4 2000.8 2087.3 2160.8 2164.5 2166.0 2154.2 2141.4 2120.1 2050.8 1824.8 1814.4 1871.8 1930.8 1644.8 1725.0 1718.6 1670.5 1743.6 1892.5 1931.2 1944.3 1929.0 1926.3 1957.1 1955.2 2034.5 1982.0 1894.7 1869.9 1883.4 1836.1 1832.7 1945.3 1955.7 2029.5 2058.6 1965.6 2040.7 1693.4
-999.0 -999.0 -999.0 -999.0 -999.0 -999.0 -999.0 -999.0 -999.0 -999.0 -999.0 -999.0 -999.0 -999.0 -999.0 -999.0 -999.0 2286.0 2190.8 2005.2 1908.7 1752.1 1424.6 1236.2 1286.5 1417.3 1463.9 1549.0 1750.3 1844.0 1912.3 1862.7 1773.8 2053.6 2111.8 2168.8 2138.0 2017.9 2124.8 2100.8 1946.7 1921.4 1927.4 1887.9 1654.9 1800.9 1622.9 1591.6 1664.9 1868.6 1906.9 1984.8 1940.2 1863.9 1956.4 1916.1 2023.0 1981.2 1970.1 1922.0 1904.8 1797.1 1750.1 1944.1 1996.8 2001.0 1828.1 1979.5 2029.4 2005.2 1992.2
-999.0 -999.0 -999.0 -999.0 -999.0 -999.0 -999.0 -999.0 -999.0 -999.0 -999.0 -999.0 -999.0 -999.0 -999.0 -999.0 -999.0 -999.0 2206.4 2186.3 2122.7 1762.5 1665.9 1564.1 1323.4 1469.4 1592.2 1817.2 1698.8 1491.0 1677.2 1910.8 1940.8 1803.4 2014.0 2166.9 2147.7 2131.9 2040.2 2005.1 2071.9 2072.5 2013.0 1927.7 1780.5 1865.5 1686.5 1742.5 1756.0 1836.9 1874.0 1955.8 1882.5 1858.7 1892.6 2027.0 2042.8 1971.0 2060.5 2019.7 2006.5 1900.9 1810.7 1843.6 2015.7 2033.7 1955.0 1951.0 2003.6 2067.6 2067.4
