GDD/GrowingDegreeDays_2000_Actual.txt
ncols         180
nrows         290
xllcorner     -200000
yllcorner     -200000
cellsize      5000
NODATA_value    -999
[rows 192 to 223 of 290, columns 71 to 141 of 180]
-999.0 -999.0 -999.0 -999.0 -999.0 -999.0 -999.0 -999.0 -999.0 -999.0 -999.0 -999.0 -999.0 -999.0 -999.0 -999.0 -999.0 -999.0 -999.0 -999.0 -999.0 1799.1 1424.6 1226.5 1110.1 920.6 1059.0 1347.0 1593.4 1754.7 1615.1 1408.4 1267.0 1183.3 1489.6 1708.8 1667.1 1542.9 1553.7 1725.0 1464.7 1583.3 1615.4 1771.1 1712.2 1846.8 1920.3 1887.6 1792.6 1847.8 1908.5 1918.6 1905.3 1892.1 1806.8 1860.0 1894.5 1862.6 1795.4 1766.8 1752.6 1715.9 1792.4 1840.7 1755.6 1803.7 1845.4 1877.3 1860.4 1952.9 1943.5
-999.0 -999.0 -999.0 -999.0 -999.0 -999.0 -999.0 -999.0 -999.0 -999.0 -999.0 -999.0 -999.0 -999.0 -999.0 -999.0 -999.0 -999.0 -999.0 -999.0 1907.2 1866.8 1512.8 1225.5 1151.2 1229.9 1273.5 1445.7 1346.1 969.7 1242.8 1257.0 1288.4 1528.6 1658.8 1595.4 1573.0 1704.2 1708.2 1639.1 1488.2 1540.4 1619.9 1783.5 1714.3 1900.5 1914.8 1798.4 1907.2 1788.8 1786.7 1856.2 1841.3 1878.0 1833.6 1916.4 1945.6 1875.0 1852.9 1853.6 1766.2 1797.2 1708.6 1788.9 1753.7 1856.9 1861.1 1871.0 1952.0 1977.0 1906.9
-999.0 -999.0 -999.0 -999.0 -999.0 -999.0 -999.0 -999.0 -999.0 -999.0 -999.0 -999.0 -999.0 -999.0 -999.0 -999.0 -999.0 -999.0 -999.0 -999.0 1618.0 1612.8 1582.3 1524.8 1357.6 1015.8 1069.8 1202.6 1348.8 1276.1 1167.6 1109.7 1116.3 1495.9 1381.5 1314.5 1708.8 1495.8 1815.4 1727.5 1529.9 1395.2 1743.6 1727.6 1892.2 1960.2 1923.3 1875.5 1636.2 1785.5 1757.9 1790.7 1809.0 1833.5 1833.3 1917.9 1923.1 1925.7 1893.4 1894.3 1879.2 1755.8 1715.4 1750.0 1726.2 1842.3 1923.8 1953.7 2001.7 1968.7 1916.7
-999.0 -999.0 -999.0 -999.0 -999.0 -999.0 -999.0 -999.0 -999.0 -999.0 -999.0 -999.0 -999.0 -999.0 -999.0 -999.0 -999.0 -999.0 -999.0 -999.0 1692.9 1641.8 1847.7 1623.8 1373.8 1002.4 1168.7 1159.0 1397.7 1235.0 1280.5 1422.7 1331.4 1291.3 1412.0 1599.8 1755.1 1727.7 1466.7 1794.9 1752.9 1715.5 1752.0 1669.3 1848.3 2005.2 1962.4 1868.1 1834.4 1858.4 1761.7 1779.9 1802.5 1804.9 1895.5 1920.4 1860.7 1911.0 1882.2 1906.0 1842.9 1732.2 1732.3 1842.2 1864.1 1817.1 1932.1 1929.8 2047.4 1964.3 1951.1
-999.0 -999.0 -999.0 -999.0 -999.0 -999.0 -999.0 -999.0 -999.0 -999.0 -999.0 -999.0 -999.0 -999.0 -999.0 -999.0 -999.0 -999.0 -999.0 1795.2 1581.1 1302.1 1438.4 1566.0 1260.0 1183.3 1057.7 1075.7 1561.4 1532.3 1565.0 1422.1 1292.2 1479.8 1556.2 1432.8 1622.5 1728.8 1765.8 1850.2 1881.2 1845.1 1782.5 1848.2 1920.3 1974.4 2002.5 1982.1 1909.3 1868.2 1918.5 1846.3 1860.8 1814.8 1896.9 1893.7 1890.3 1940.4 1944.7 1912.0 1787.7 1802.8 1813.9 1927.6 1888.5 1885.4 1922.9 2021.8 1978.7 1983.2 1977.1
-999.0 -999.0 -999.0 -999.0 -999.0 -999.0 -999.0 -999.0 -999.0 -999.0 -999.0 -999.0 -999.0 -999.0 -999.0 -999.0 -999.0 -999.0 1659.4 1589.0 1454.7 1560.7 1627.2 1281.1 1039.0 1023.7 1241.9 1172.8 1531.8 1412.1 1530.4 1579.9 1057.9 1483.1 1473.7 1719.1 1712.3 1834.3 1841.4 1809.7 1705.4 1828.9 1673.7 1891.1 1898.6 2071.4 2076.4 2011.2 1976.0 1968.3 1971.0 1898.5 1846.9 1849.0 1987.1 1923.0 1907.0 1878.9 1869.5 1850.2 1787.2 1859.6 1814.6 1923.5 1933.8 2009.9 2016.0 1918.6 1908.6 1991.7 1989.2
-999.0 -999.0 -999.0 -999.0 -999.0 -999.0 -999.0 -999.0 -999.0 -999.0 -999.0 -999.0 -999.0 -999.0 -999.0 -999.0 1624.2 1656.8 1695.0 1826.6 1780.8 1639.6 1550.5 1203.0 1089.2 995.9 966.9 1185.3 1371.4 1679.0 1454.7 1539.4 1208.6 1503.8 1658.3 1708.4 1838.1 1835.7 1909.2 1811.9 1675.4 1764.1 1765.7 2022.5 2038.6 2083.3 2070.7 1961.0 1968.6 1954.1 2001.4 1895.4 1831.7 1950.3 2003.2 1966.6 1826.1 1823.6 1756.4 1710.7 1764.5 1822.4 1895.8 1956.6 1913.0 1886.5 1931.3 1905.4 2013.8 1994.4 1996.5
-999.0 -999.0 -999.0 -999.0 -999.0 -999.0 -999.0 -999.0 -999.0 -999.0 -999.0 -999.0 1913.1 1897.9 1906.6 1491.1 1407.8 1335.9 1350.2 1603.1 1618.6 1640.6 1179.4 1285.4 1116.1 1118.4 1179.5 1476.8 1592.0 1741.2 1583.1 1644.2 1125.6 1315.4 1550.9 1791.9 1776.6 1833.5 1655.5 1919.3 1748.5 1734.3 1825.6 1971.7 2100.4 2134.2 1989.3 2007.6 2031.9 1899.0 1980.4 1916.0 1912.1 1939.2 1918.3 1848.7 1892.2 1792.9 1823.2 1783.1 1709.2 1739.0 1786.9 1847.3 1837.5 1865.2 1926.1 1980.7 1934.2 2060.8 2064.2
-999.0 -999.0 -999.0 -999.0 -999.0 -999.0 -999.0 -999.0 -999.0 -999.0 -999.0 1716.0 1832.7 1664.4 1676.8 1685.3 1451.6 1510.0 1462.1 1665.6 1768.6 1398.0 1305.1 1227.8 1581.9 1071.5 1329.8 1559.3 1182.1 1472.6 1788.2 1212.1 1429.0 1546.5 1940.5 1946.4 1886.7 1589.7 1885.1 1944.3 1937.6 1886.9 1790.9 1936.1 2001.4 2154.0 2052.6 2025.6 2015.0 1930.8 1947.7 1953.8 1956.4 1954.6 1860.1 1853.2 1675.3 1833.7 1857.2 1814.8 1745.9 1820.3 1851.9 1918.4 1931.5 1891.1 1936.7 1908.8 1997.2 2056.1 2043.8
-999.0 -999.0 -999.0 -999.0 -999.0 -999.0 -999.0 -999.0 -999.0 -999.0 1680.5 1693.4 1906.5 1862.8 1811.3 1674.7 1711.6 1618.7 1697.7 1676.3 1245.6 1471.1 1607.7 1236.6 1762.7 1389.7 1324.2 1075.7 1218.1 1236.3 1487.4 1542.2 1663.5 1948.9 1517.7 1571.6 1922.8 1869.3 1941.8 2017.2 1934.7 1953.8 1979.5 1912.9 1927.7 2148.6 2099.2 2042.5 1952.8 2000.6 2012.5 1990.2 1820.6 2000.2 1927.1 1826.8 1731.5 1776.3 1834.5 1792.0 1743.6 1776.1 1766.2 1848.9 1946.7 1971.3 1999.6 1916.0 1957.6 2029.1 1951.9
-999.0 -999.0 -999.0 -999.0 -999.0 -999.0 1917.9 1630.6 1787.5 1594.2 1807.0 1812.7 1745.2 1796.5 1795.8 1552.5 1621.2 1596.4 1655.8 1465.5 1451.0 1597.4 1519.2 1512.0 1615.1 1543.7 1209.8 1181.2 1379.0 1464.7 1345.8 1589.2 1919.7 1457.3 1367.7 1639.7 1637.1 1900.9 1897.7 2021.8 1989.1 1740.3 1971.8 1814.9 2031.3 2117.1 2093.5 2044.9 1815.8 1979.5 1944.1 1618.6 1941.4 1968.7 1907.6 1788.6 1657.4 1764.1 1789.3 1793.3 1835.8 1804.7 1821.2 1886.0 1952.5 1933.4 1981.5 1946.9 1922.2 1934.3 1957.7
-999.0 -999.0 -999.0 -999.0 -999.0 1864.2 1705.0 1735.7 1708.0 1448.3 1180.7 1332.9 1406.2 1658.8 1522.7 1357.3 1458.9 1515.1 1356.6 1577.7 1639.9 1409.4 1663.7 1819.2 1660.7 1564.7 1289.2 1334.5 1408.1 1507.1 1551.4 1659.1 1566.2 879.8 1237.5 1598.3 1834.5 1789.3 1904.4 1765.4 1952.0 1883.7 1991.9 2017.6 2040.5 2044.1 2075.5 2078.1 1971.0 1924.5 1616.5 1618.8 1730.1 1861.0 1882.8 1590.9 1674.6 1726.6 1767.3 1851.6 1800.9 1817.8 1841.4 1923.2 1844.8 1886.5 1956.5 1814.2 1851.2 1964.6 1974.0
-999.0 -999.0 -999.0 1916.4 1791.3 1773.5 1677.0 1767.0 1691.5 1548.2 1525.3 1622.2 1745.9 1520.0 1634.0 1451.9 1753.5 1653.2 1430.9 1542.1 1738.3 1620.4 1886.6 1845.4 1456.4 1332.8 1412.0 1580.4 1429.9 1722.6 1807.6 1780.5 1357.6 1159.5 1172.9 1812.1 1739.7 1757.0 1761.8 1858.0 2014.6 1874.9 1945.0 1971.2 2031.1 2009.1 2092.7 2101.6 1954.3 1888.0 1623.1 1675.3 1753.8 1863.7 1781.6 1617.9 1657.2 1705.8 1798.2 1815.7 1839.4 1863.5 1876.6 1877.8 1854.5 1842.6 1883.7 1901.8 1911.8 1953.7 1875.4
-999.0 -999.0 -999.0 1938.2 -999.0 1942.9 1884.6 1728.2 1822.1 1722.3 1735.1 1668.5 1736.6 1699.0 1571.9 1738.2 1662.1 1852.1 1901.8 1911.0 1929.1 1917.6 1602.1 1657.8 1287.9 776.8 1402.8 1382.8 1407.3 1108.6 1163.4 1882.3 1916.0 1028.9 1432.0 1669.6 1628.5 1545.6 1794.1 1991.7 2060.3 1838.6 1824.9 1964.2 2032.2 2070.0 2021.1 2118.3 1974.0 1658.2 1597.8 1747.7 1819.8 1850.0 1863.0 1838.8 1738.9 1821.4 1870.5 1916.1 1940.3 1924.6 1874.3 1794.9 1857.6 1913.4 1899.9 1956.9 1942.9 1872.4 1899.0
-999.0 -999.0 -999.0 -999.0 -999.0 -999.0 1759.1 1871.3 1882.2 1778.6 1856.4 1797.1 1803.8 1755.1 1843.5 1873.4 1776.7 1854.6 1728.7 1884.3 1627.0 1885.8 1529.2 1316.4 1266.5 1099.3 1006.4 1210.0 1070.8 973.8 1470.3 1350.6 1544.4 2037.1 1502.7 1557.4 1916.0 1870.7 2045.4 1816.1 1860.6 1613.9 1732.7 1993.0 2028.4 2083.1 2124.5 1967.0 1668.3 1767.0 1589.8 1757.7 1814.1 1761.8 1869.4 1736.4 1889.1 1895.4 1972.7 2010.3 1999.4 1935.9 1892.8 1901.8 1962.7 1983.0 1988.2 1933.0 1837.5 1783.9 1870.7
-999.0 -999.0 -999.0 -999.0 -999.0 1906.8 1869.1 1853.5 1879.0 1902.9 1721.6 1628.2 1536.0 1670.1 1788.1 1840.0 1903.1 1837.7 1565.3 1906.0 1746.2 2035.8 1814.0 1706.7 1710.0 1744.9 1415.5 1464.0 1226.4 1208.4 1073.6 1305.4 1331.6 1527.1 1172.3 1762.7 1906.2 1950.6 1811.3 1858.3 1644.8 1751.6 1752.2 2049.3 2047.5 2035.4 1686.3 1617.8 1646.5 1604.2 1786.9 1749.9 1753.1 1797.2 1871.6 1880.1 1904.5 1985.9 2063.9 2090.5 2055.6 1937.8 1906.9 1880.4 1947.5 2007.8 1990.1 1889.7 1717.2 1898.8 1869.6
-999.0 -999.0 -999.0 -999.0 1998.0 1976.0 1936.5 1906.5 1924.7 1932.0 1911.3 1799.9 1874.6 1850.1 1912.8 1932.0 1904.3 1892.7 1883.6 1627.9 1986.8 1564.3 1664.5 1626.5 1457.6 1546.6 1704.8 1665.7 1451.2 1531.2 1353.4 1420.0 1626.2 1290.5 1343.1 1919.0 1775.5 2015.7 1959.7 1777.6 1734.3 1873.2 1930.7 2037.0 2047.3 1799.6 1862.5 1686.6 1707.7 1778.4 1754.3 1797.0 1852.4 1852.2 1930.7 1969.4 1989.2 2049.8 1975.9 2160.7 2015.8 2023.1 1994.0 1999.9 1994.9 1984.3 1894.0 1760.0 1804.0 1853.8 1883.3
-999.0 -999.0 -999.0 -999.0 -999.0 -999.0 2056.2 1987.5 1961.5 1912.1 1862.4 1793.9 -999.0 -999.0 -999.0 -999.0 1972.6 1921.8 1789.6 2032.9 2143.9 1971.1 1915.4 1866.5 1801.7 2061.2 1158.2 1126.2 1567.1 1681.2 1667.9 1501.4 1458.5 1378.7 1720.3 1877.4 1920.7 2044.4 1655.1 1861.3 1758.6 2052.1 2036.4 2038.2 2037.0 1721.7 1897.9 1744.0 1760.3 1850.4 1851.4 1880.9 1910.5 1955.6 1985.2 2001.2 1999.9 2041.1 1977.5 2106.5 2026.4 1972.0 2001.2 1974.3 1953.1 1827.5 1855.9 1823.4 1815.6 1852.7 2004.2
-999.0 -999.0 -999.0 -999.0 -999.0 -999.0 2036.3 1895.8 1804.5 1995.8 1812.9 1918.5 -999.0 -999.0 -999.0 -999.0 -999.0 -999.0 -999.0 2175.8 2190.5 2122.4 2232.1 2067.8 1819.6 1469.9 1286.4 1108.2 1202.3 1398.4 1564.5 1561.5 1747.2 1565.1 1590.0 1959.5 2056.0 1689.9 1727.7 1732.2 2089.9 2109.4 2041.4 2053.9 1875.0 1780.4 1809.9 1801.1 1856.2 1893.1 1921.7 1943.6 1951.8 1952.8 1971.0 1905.8 1980.6 2024.7 2068.4 2082.6 2012.5 1976.9 1972.0 1834.3 1831.3 1948.9 1817.4 1838.0 1903.6 1953.6 2025.4
-999.0 -999.0 -999.0 -999.0 -999.0 -999.0 -999.0 -999.0 1991.9 -999.0 -999.0 -999.0 -999.0 -999.0 -999.0 -999.0 -999.0 1951.6 1978.7 2003.9 1972.1 2134.2 2231.9 2203.1 2006.2 1734.7 1411.4 1301.2 1382.4 1779.8 1798.1 1429.4 1643.3 1746.3 1963.9 2087.9 2148.7 1879.8 1946.6 1983.4 2115.8 2104.9 2015.2 2052.8 1728.3 1700.8 1832.9 1835.7 1904.5 1919.1 1932.7 1966.4 1909.7 1946.3 1919.0 1990.0 2010.9 2039.0 2049.6 2043.4 1935.4 1903.4 1829.8 1722.4 1869.1 1844.2 2039.6 1929.3 1977.9 2046.6 2003.2
-999.0 -999.0 -999.0 -999.0 -999.0 -999.0 -999.0 -999.0 -999.0 -999.0 -999.0 -999.0 -999.0 -999.0 -999.0 -999.0 -999.0 1941.0 1933.3 2116.2 2068.9 2099.3 -999.0 -999.0 2277.2 1701.8 1937.5 1737.0 1793.7 1785.3 1717.5 1613.5 1972.1 2045.1 2034.1 2111.0 2113.9 2099.0 2114.5 2121.9 2107.8 1970.8 2006.8 1943.6 1721.8 1842.9 1893.7 1923.3 1926.2 1876.3 1901.8 1951.9 1934.8 1964.3 1930.3 1873.0 1862.6 1935.8 1896.7 2004.2 1994.3 1900.9 1678.1 1888.9 1905.1 1986.9 2145.8 2001.1 2046.6 2114.8 2175.1
-999.0 -999.0 -999.0 -999.0 -999.0 -999.0 -999.0 -999.0 -999.0 -999.0 -999.0 -999.0 -999.0 -999.0 -999.0 -999.0 -999.0 -999.0 -999.0 -999.0 -999.0 -999.0 -999.0 -999.0 2211.9 2087.3 1853.6 1867.2 2023.4 2040.5 2016.3 1955.5 2054.7 2123.7 2107.3 2096.9 2108.7 2120.2 -999.0 2165.4 2125.7 2032.0 2030.1 1937.9 1754.7 1850.9 1864.8 1927.1 2010.4 1996.9 1891.4 1958.4 1925.8 1786.8 1730.1 1737.1 1692.5 1672.3 1820.7 1868.4 1895.1 1908.1 1824.1 1965.7 1982.9 2004.8 2088.2 2115.0 2143.4 2133.5 2177.5
-999.0 -999.0 -999.0 -999.0 -999.0 -999.0 -999.0 -999.0 -999.0 -999.0 -999.0 -999.0 -999.0 -999.0 -999.0 -999.0 -999.0 -999.0 -999.0 -999.0 -999.0 -999.0 -999.0 -999.0 -999.0 2085.4 2050.2 2017.2 1966.6 1941.3 2093.5 2119.0 2105.7 2171.4 -999.0 -999.0 -999.0 -999.0 2136.6 2181.1 2087.6 2070.1 2049.1 1948.5 1763.4 1853.4 1822.2 1887.6 2031.9 1913.7 1903.7 1764.9 1824.1 1629.0 1733.4 1710.5 1763.2 1756.1 1792.0 1890.2 1840.2 2065.0 2039.6 2008.1 2133.3 2105.5 2156.7 2176.3 2185.1 2251.4 2313.4
-999.0 -999.0 -999.0 -999.0 -999.0 -999.0 -999.0 -999.0 -999.0 -999.0 -999.0 -999.0 -999.0 -999.0 -999.0 -999.0 -999.0 -999.0 -999.0 -999.0 -999.0 -999.0 -999.0 -999.0 -999.0 -999.0 2123.0 1906.8 1959.9 2034.3 1982.5 2069.0 2139.4 -999.0 -999.0 -999.0 -999.0 2047.4 1952.6 1884.9 2157.2 2136.7 2104.8 1854.6 1766.7 1795.4 1811.9 1889.1 1911.5 1938.7 1770.4 1621.5 1703.9 1696.6 1777.3 1767.8 1797.8 1917.8 1888.0 1915.1 1990.7 2036.5 2077.8 2170.5 2122.0 2119.8 2137.4 2090.2 2072.8 2231.4 2284.7
-999.0 -999.0 -999.0 -999.0 -999.0 -999.0 -999.0 -999.0 -999.0 -999.0 -999.0 -999.0 -999.0 -999.0 -999.0 -999.0 -999.0 -999.0 -999.0 -999.0 -999.0 -999.0 -999.0 -999.0 -999.0 -999.0 -999.0 2109.0 2041.9 2097.0 2004.9 2136.5 2145.2 -999.0 -999.0 -999.0 2149.5 2144.9 2069.9 1876.9 1942.7 2008.8 2135.2 1976.6 2055.4 1845.8 1832.6 1938.3 1810.7 1725.0 1732.1 1762.0 1674.9 1762.3 1824.6 1864.5 1938.4 1960.6 1976.0 1969.6 1946.7 2019.6 2101.4 2089.6 2035.5 2077.0 2125.4 2093.5 2086.2 2148.3 2225.8
-999.0 -999.0 -999.0 -999.0 -999.0 -999.0 -999.0 -999.0 -999.0 -999.0 -999.0 -999.0 -999.0 -999.0 -999.0 -999.0 -999.0 -999.0 -999.0 -999.0 -999.0 -999.0 -999.0 -999.0 -999.0 -999.0 -999.0 -999.0 -999.0 -999.0 -999.0 -999.0 -999.0 -999.0 -999.0 2076.5 2171.3 2181.3 2126.2 1887.0 2063.0 2005.9 1934.3 1970.5 1994.7 1936.7 2034.9 1999.2 1944.2 1833.3 1843.8 1817.8 1798.8 1764.2 1794.0 1831.9 1713.1 1882.0 1875.2 1948.1 1917.5 1951.6 2046.2 2031.3 2024.0 2033.9 2007.4 2082.3 2117.9 2138.4 2162.4
-999.0 -999.0 -999.0 -999.0 -999.0 -999.0 -999.0 -999.0 -999.0 -999.0 -999.0 -999.0 -999.0 -999.0 -999.0 -999.0 -999.0 -999.0 -999.0 -999.0 -999.0 -999.0 -999.0 -999.0 -999.0 -999.0 -999.0 -999.0 -999.0 -999.0 -999.0 -999.0 -999.0 -999.0 -999.0 2228.1 2044.5 2069.0 1552.1 1696.2 2031.9 1971.8 1922.4 1913.9 1888.8 2023.0 2047.4 2009.7 1978.0 1851.9 1882.0 1925.2 1756.2 1732.8 1624.4 1775.1 1762.2 1652.2 1820.6 1891.1 1934.8 2007.2 2032.5 2045.3 2048.1 2045.1 2080.5 2029.8 2053.2 2130.7 2130.9
-999.0 -999.0 -999.0 -999.0 -999.0 -999.0 -999.0 -999.0 -999.0 -999.0 -999.0 -999.0 -999.0 -999.0 -999.0 -999.0 -999.0 -999.0 -999.0 -999.0 -999.0 -999.0 -999.0 -999.0 -999.0 -999.0 -999.0 -999.0 -999.0 -999.0 -999.0 -999.0 -999.0 -999.0 -999.0 2191.1 2187.5 2162.2 1917.9 1577.7 1701.3 1810.8 1924.7 1812.7 1961.9 1966.3 2011.0 1808.0 1758.3 1698.7 1767.6 1859.8 1830.5 1833.1 1813.4 1779.8 1776.9 1857.1 1865.2 1882.3 1911.7 1980.7 2026.7 2044.0 2048.1 2013.5 2053.6 2016.6 2031.5 2066.9 2005.6
-999.0 -999.0 -999.0 -999.0 -999.0 -999.0 -999.0 -999.0 -999.0 -999.0 -999.0 -999.0 -999.0 -999.0 -999.0 -999.0 -999.0 -999.0 2251.0 2096.3 2182.9 1416.0 1379.6 1392.4 1437.1 1326.2 2223.8 1696.1 2234.4 -999.0 -999.0 -999.0 -999.0 -999.0 -999.0 2174.8 2164.7 2105.5 2154.4 1990.2 1784.9 1686.5 1774.5 1874.4 1924.2 1907.5 1826.7 1690.9 1756.0 1841.1 1860.6 1898.4 1841.2 1860.3 1926.2 1971.9 1982.3 1917.7 1952.2 1874.7 1837.3 1774.4 1916.5 1995.5 1965.1 1935.9 2007.7 1926.6 1989.2 2043.6 1945.0
-999.0 -999.0 -999.0 -999.0 -999.0 -999.0 -999.0 -999.0 -999.0 -999.0 -999.0 -999.0 -999.0 -999.0 -999.0 -999.0 -999.0 -999.0 1878.1 1783.8 1592.6 1539.0 1241.9 1119.5 1217.7 1266.0 1368.0 1771.9 1998.8 2147.9 2046.1 1795.0 2011.3 2100.4 2175.3 2179.2 2177.4 2163.3 2151.5 2129.7 2059.7 1813.9 1806.0 1875.0 1950.2 1658.4 1786.9 1855.0 1803.8 1794.3 1907.6 1934.6 1921.7 1920.9 1936.0 1971.6 1959.8 2047.3 1996.5 1905.7 1877.1 1888.0 1837.0 1838.0 1955.3 1960.6 2037.9 2068.8 1965.8 2049.1 1668.8
-999.0 -999.0 -999.0 -999.0 -999.0 -999.0 -999.0 -999.0 -999.0 -999.0 -999.0 -999.0 -999.0 -999.0 -999.0 -999.0 -999.0 2300.2 2187.7 1979.3 1884.2 1727.3 1369.6 1163.0 1212.1 1340.6 1382.8 1480.8 1715.5 1849.5 1930.7 1860.1 1748.3 2049.6 2113.9 2181.8 2147.0 2014.8 2136.7 2110.3 1942.4 1917.8 1927.3 1890.7 1648.9 1827.9 1678.3 1711.2 1793.4 1933.8 1926.2 1983.4 1915.4 1852.0 1973.9 1930.4 2020.6 1980.9 1992.0 1954.3 1922.3 1793.7 1739.7 1951.2 2004.1 2001.4 1808.6 1977.3 2034.3 2008.3 1995.5
-999.0 -999.0 -999.0 -999.0 -999.0 -999.0 -999.0 -999.0 -999.0 -999.0 -999.0 -999.0 -999.0 -999.0 -999.0 -999.0 -999.0 -999.0 2206.5 2180.0 2119.3 1732.5 1628.2 1513.5 1250.3 1393.5 1511.1 1761.1 1652.1 1457.6 1662.1 1901.7 1923.8 1770.8 2002.8 2177.1 2157.9 2143.6 2040.7 2003.6 2078.1 2086.6 2018.7 1930.3 1781.1 1890.8 1720.3 1806.6 1820.3 1877.8 1889.2 1960.9 1876.6 1852.3 1895.1 2039.9 2046.9 1974.9 2094.0 2072.4 2033.0 1906.4 1802.9 1834.4 2012.9 2023.6 1939.5 1942.6 2003.9 2077.4 2077.9
