GDD/GrowingDegreeDays_1995_Actual.txt
ncols         180
nrows         290
xllcorner     -200000
yllcorner     -200000
cellsize      5000
NODATA_value    -999
[rows 64 to 95 of 290, columns 71 to 141 of 180]
-999.0 -999.0 -999.0 -999.0 -999.0 -999.0 -999.0 -999.0 -999.0 1526.7 1331.9 1368.6 1341.3 1047.8 1081.5 886.1 1087.2 1164.7 1088.2 1121.4 596.4 1115.4 760.7 1072.8 1034.2 1219.3 1266.3 1149.2 963.0 1002.6 788.8 1135.1 -999.0 -999.0 -999.0 -999.0 -999.0 -999.0 -999.0 -999.0 -999.0 -999.0 -999.0 -999.0 -999.0 -999.0 -999.0 -999.0 -999.0 -999.0 -999.0 -999.0 -999.0 -999.0 -999.0 -999.0 -999.0 -999.0 -999.0 -999.0 -999.0 -999.0 -999.0 -999.0 -999.0 -999.0 -999.0 -999.0 -999.0 -999.0 -999.0
-999.0 -999.0 -999.0 -999.0 -999.0 -999.0 -999.0 -999.0 -999.0 -999.0 1552.6 1367.6 1117.5 1051.1 1064.8 1021.1 1039.0 1403.2 1245.6 1212.0 975.7 932.7 907.0 1069.8 1182.5 1096.3 1151.2 1199.2 1125.4 1143.0 1179.1 1422.0 -999.0 -999.0 -999.0 -999.0 -999.0 -999.0 -999.0 -999.0 -999.0 -999.0 -999.0 -999.0 -999.0 -999.0 -999.0 -999.0 -999.0 -999.0 -999.0 -999.0 -999.0 -999.0 -999.0 -999.0 -999.0 -999.0 -999.0 -999.0 -999.0 -999.0 -999.0 -999.0 -999.0 -999.0 -999.0 -999.0 -999.0 -999.0 -999.0
-999.0 -999.0 -999.0 -999.0 -999.0 -999.0 -999.0 -999.0 1529.8 -999.0 1569.5 1401.9 1065.6 1033.7 953.5 721.5 1240.2 1150.7 1381.2 1224.0 1219.3 1116.3 1023.0 1231.6 1197.8 1117.1 1056.8 1037.6 1153.7 1294.6 1455.0 -999.0 -999.0 -999.0 -999.0 -999.0 -999.0 -999.0 -999.0 -999.0 -999.0 -999.0 -999.0 -999.0 -999.0 -999.0 -999.0 -999.0 -999.0 -999.0 -999.0 -999.0 -999.0 -999.0 -999.0 -999.0 -999.0 -999.0 -999.0 -999.0 -999.0 -999.0 -999.0 -999.0 -999.0 -999.0 -999.0 -999.0 -999.0 -999.0 -999.0
-999.0 -999.0 -999.0 -999.0 -999.0 -999.0 -999.0 -999.0 1533.9 1518.7 1480.7 1488.8 1049.9 1398.7 1214.8 1312.8 1167.5 1242.1 1062.0 1362.5 1316.1 1167.0 1204.7 1162.2 1169.4 1279.5 977.5 1163.4 1196.6 -999.0 -999.0 -999.0 -999.0 -999.0 -999.0 -999.0 -999.0 -999.0 -999.0 -999.0 -999.0 -999.0 -999.0 -999.0 -999.0 -999.0 -999.0 -999.0 -999.0 -999.0 -999.0 -999.0 -999.0 -999.0 -999.0 -999.0 -999.0 -999.0 -999.0 -999.0 -999.0 -999.0 -999.0 -999.0 -999.0 -999.0 -999.0 -999.0 -999.0 -999.0 -999.0
-999.0 -999.0 -999.0 -999.0 -999.0 -999.0 -999.0 -999.0 -999.0 1516.1 928.2 1487.8 1262.2 1190.0 1197.9 1381.9 1046.7 1201.6 1073.8 1118.4 1340.9 1242.8 1276.1 1240.4 1190.6 1213.7 1134.5 1467.9 -999.0 -999.0 -999.0 -999.0 -999.0 -999.0 -999.0 -999.0 -999.0 -999.0 -999.0 -999.0 -999.0 -999.0 -999.0 -999.0 -999.0 -999.0 -999.0 -999.0 -999.0 -999.0 -999.0 -999.0 -999.0 -999.0 -999.0 -999.0 -999.0 -999.0 -999.0 -999.0 -999.0 -999.0 -999.0 -999.0 -999.0 -999.0 -999.0 -999.0 -999.0 -999.0 -999.0
-999.0 -999.0 -999.0 -999.0 -999.0 -999.0 -999.0 -999.0 -999.0 -999.0 1555.1 1171.5 1511.4 1295.2 904.7 1333.7 1293.8 1300.4 1456.1 1200.8 1354.7 1214.3 1159.3 1430.6 1164.4 1307.6 1416.5 -999.0 -999.0 -999.0 -999.0 -999.0 -999.0 -999.0 -999.0 -999.0 -999.0 -999.0 -999.0 -999.0 -999.0 -999.0 -999.0 -999.0 -999.0 -999.0 -999.0 -999.0 -999.0 -999.0 -999.0 -999.0 -999.0 -999.0 -999.0 -999.0 -999.0 -999.0 -999.0 -999.0 -999.0 -999.0 -999.0 -999.0 -999.0 -999.0 -999.0 -999.0 -999.0 -999.0 -999.0
-999.0 -999.0 -999.0 -999.0 -999.0 -999.0 1522.2 -999.0 -999.0 1569.4 1582.5 1346.1 1170.6 1101.6 1133.4 1359.6 1287.8 1072.6 1223.1 1318.1 1449.7 1251.0 1186.2 1252.8 1509.4 1499.8 -999.0 -999.0 -999.0 -999.0 -999.0 -999.0 -999.0 -999.0 -999.0 -999.0 -999.0 -999.0 -999.0 -999.0 -999.0 -999.0 -999.0 -999.0 -999.0 -999.0 -999.0 -999.0 -999.0 -999.0 -999.0 -999.0 -999.0 -999.0 -999.0 -999.0 -999.0 -999.0 -999.0 -999.0 -999.0 -999.0 -999.0 -999.0 -999.0 -999.0 -999.0 -999.0 -999.0 -999.0 -999.0
-999.0 -999.0 -999.0 -999.0 1449.9 1596.0 1461.8 1581.9 1380.2 1583.3 1148.8 1535.8 898.2 1054.8 1111.2 1146.6 1002.6 1055.0 1089.0 1456.4 1328.9 1417.2 1172.8 1277.9 1382.8 1502.6 -999.0 -999.0 -999.0 -999.0 -999.0 -999.0 -999.0 -999.0 -999.0 -999.0 -999.0 -999.0 -999.0 -999.0 -999.0 -999.0 -999.0 -999.0 -999.0 -999.0 -999.0 -999.0 -999.0 -999.0 -999.0 -999.0 -999.0 -999.0 -999.0 -999.0 -999.0 -999.0 -999.0 -999.0 -999.0 -999.0 -999.0 -999.0 -999.0 -999.0 -999.0 -999.0 -999.0 -999.0 -999.0
-999.0 -999.0 -999.0 -999.0 1133.4 1585.5 1572.8 1383.4 1322.4 1150.3 865.9 1081.5 1580.5 919.8 857.1 950.9 883.5 1216.1 1105.1 797.9 1269.1 1480.0 1517.7 1556.6 1533.3 -999.0 -999.0 1477.6 -999.0 -999.0 -999.0 -999.0 -999.0 -999.0 -999.0 -999.0 -999.0 -999.0 -999.0 -999.0 -999.0 -999.0 -999.0 -999.0 -999.0 -999.0 -999.0 -999.0 -999.0 -999.0 -999.0 -999.0 -999.0 -999.0 -999.0 -999.0 -999.0 -999.0 -999.0 -999.0 -999.0 -999.0 -999.0 -999.0 -999.0 -999.0 -999.0 -999.0 -999.0 -999.0 -999.0
-999.0 -999.0 -999.0 -999.0 1297.7 1433.6 1574.4 1333.0 953.2 1325.9 588.6 1203.3 1196.3 869.9 772.4 874.2 910.2 898.1 792.8 950.5 1100.2 996.7 1319.2 1200.5 1494.2 1492.7 1461.9 1485.1 -999.0 -999.0 -999.0 -999.0 -999.0 -999.0 -999.0 -999.0 -999.0 -999.0 -999.0 -999.0 -999.0 -999.0 -999.0 -999.0 -999.0 -999.0 -999.0 -999.0 -999.0 -999.0 -999.0 -999.0 -999.0 -999.0 -999.0 -999.0 -999.0 -999.0 -999.0 -999.0 -999.0 -999.0 -999.0 -999.0 -999.0 -999.0 -999.0 -999.0 -999.0 -999.0 -999.0
-999.0 -999.0 -999.0 -999.0 1569.4 1307.7 1545.3 1238.5 1198.9 833.8 1028.5 1051.4 1217.2 1206.3 1159.7 827.2 981.9 921.1 945.0 1242.6 1272.2 1143.7 1329.9 1251.3 1472.8 1494.5 1452.0 -999.0 -999.0 -999.0 -999.0 -999.0 -999.0 -999.0 -999.0 -999.0 -999.0 -999.0 -999.0 -999.0 -999.0 -999.0 -999.0 -999.0 -999.0 -999.0 -999.0 -999.0 -999.0 -999.0 -999.0 -999.0 -999.0 -999.0 -999.0 -999.0 -999.0 -999.0 -999.0 -999.0 -999.0 -999.0 -999.0 -999.0 -999.0 -999.0 -999.0 -999.0 -999.0 -999.0 -999.0
-999.0 -999.0 -999.0 -999.0 1494.8 1568.6 1422.7 1611.2 748.9 943.5 943.2 1043.0 834.8 551.0 985.1 1141.0 1171.0 863.5 964.9 1226.1 1158.6 1308.3 1405.8 1553.8 1562.5 1318.6 -999.0 -999.0 -999.0 -999.0 -999.0 -999.0 -999.0 -999.0 -999.0 -999.0 -999.0 -999.0 -999.0 -999.0 -999.0 -999.0 -999.0 -999.0 -999.0 -999.0 -999.0 -999.0 -999.0 -999.0 -999.0 -999.0 -999.0 -999.0 -999.0 -999.0 -999.0 -999.0 -999.0 -999.0 -999.0 -999.0 -999.0 -999.0 -999.0 -999.0 -999.0 -999.0 -999.0 -999.0 -999.0
-999.0 -999.0 -999.0 1597.9 1296.2 1260.9 990.8 1191.5 1559.8 1004.8 1022.3 986.9 1088.2 1057.6 1151.8 977.4 1187.2 1207.4 691.5 1066.8 1232.0 1566.1 1610.8 1605.5 1548.9 -999.0 -999.0 -999.0 -999.0 -999.0 -999.0 1575.0 1554.9 1529.0 1549.2 -999.0 -999.0 1558.1 1413.3 1460.1 1532.4 1530.9 -999.0 -999.0 -999.0 1420.7 -999.0 1429.9 1456.3 -999.0 -999.0 -999.0 -999.0 -999.0 -999.0 -999.0 -999.0 -999.0 -999.0 -999.0 -999.0 -999.0 -999.0 -999.0 -999.0 -999.0 -999.0 -999.0 -999.0 -999.0 -999.0
-999.0 -999.0 -999.0 -999.0 1497.0 1202.5 957.0 1099.6 1025.9 1515.3 1026.5 1103.0 948.2 1144.5 1246.8 1535.2 1332.2 1070.3 1125.3 1255.4 1428.3 1443.2 1368.0 1277.9 1511.2 -999.0 -999.0 -999.0 1607.7 1664.5 1626.7 1599.4 1571.1 1586.8 1575.7 1580.9 1561.8 1435.3 1307.7 1317.2 1449.8 1484.1 1529.5 1423.7 1268.1 1220.1 1297.4 1370.1 1410.7 1397.8 -999.0 -999.0 -999.0 -999.0 -999.0 -999.0 -999.0 -999.0 -999.0 -999.0 -999.0 -999.0 -999.0 -999.0 -999.0 -999.0 -999.0 -999.0 -999.0 -999.0 -999.0
-999.0 1440.4 -999.0 1485.3 1712.5 1624.5 1538.6 631.5 1452.9 1149.1 1331.7 1072.7 1283.3 1069.6 1117.9 1040.9 1380.1 1514.2 1500.5 1395.2 1546.6 1308.8 1386.8 1266.6 1457.3 1529.4 1544.7 1529.5 1609.6 1684.6 1532.9 1350.9 1522.4 1540.5 1428.2 1592.7 1272.6 1138.9 1195.1 1260.1 1409.8 1315.3 1397.4 1436.1 1344.5 1220.0 1281.2 1342.0 1198.2 1377.5 1410.4 -999.0 -999.0 -999.0 -999.0 -999.0 -999.0 -999.0 -999.0 -999.0 -999.0 -999.0 -999.0 -999.0 -999.0 -999.0 -999.0 -999.0 -999.0 -999.0 -999.0
-999.0 -999.0 1578.9 1024.0 1301.1 1375.3 852.3 1036.6 729.8 1340.8 1089.6 1067.3 1173.4 1202.8 1396.9 946.7 1064.1 1071.6 1480.3 1595.8 1394.3 1504.2 1597.0 -999.0 1538.9 1485.2 1529.1 1438.4 1463.6 1515.0 1431.1 1431.9 1263.2 1239.6 1312.1 1403.5 1313.4 1301.9 1344.3 1360.0 1248.3 1361.6 1390.1 1368.8 1284.9 1285.6 1282.4 1310.9 1322.0 1310.2 1355.0 1386.3 -999.0 -999.0 -999.0 -999.0 -999.0 -999.0 -999.0 -999.0 -999.0 -999.0 -999.0 -999.0 -999.0 -999.0 -999.0 -999.0 -999.0 -999.0 -999.0
1448.4 -999.0 1572.6 1427.1 1170.8 1054.6 1337.0 764.3 864.4 1265.8 1152.3 963.8 907.6 945.5 1191.2 1186.9 996.4 1122.9 1195.3 1608.7 1640.8 1647.2 1660.4 1576.3 1369.4 1330.2 1349.9 1379.5 1459.5 1323.4 1246.6 1250.1 1100.7 1186.6 1377.9 1214.2 1170.7 1148.8 1214.2 1441.3 1449.7 1467.3 1369.8 1356.7 1265.1 1282.4 1262.9 1331.5 1350.5 1367.6 1333.5 1359.9 -999.0 -999.0 -999.0 -999.0 -999.0 -999.0 -999.0 -999.0 -999.0 -999.0 -999.0 -999.0 -999.0 -999.0 -999.0 -999.0 -999.0 -999.0 -999.0
996.5 -999.0 -999.0 1123.0 751.0 1184.0 996.6 1612.7 1281.1 1200.1 1200.4 903.3 1069.8 705.2 758.3 861.9 1109.1 1295.9 1485.1 1550.0 1227.0 1426.8 1577.6 1347.8 1179.9 1049.5 1155.1 1258.9 1228.9 1246.1 1067.7 1047.4 1328.9 1326.1 1345.2 1392.7 1213.7 1206.3 1269.3 1391.0 1444.1 1383.9 1232.9 1349.3 1286.6 1299.0 1222.4 1335.5 1291.3 1308.0 1277.5 1316.2 -999.0 -999.0 -999.0 -999.0 -999.0 -999.0 -999.0 -999.0 -999.0 -999.0 -999.0 -999.0 -999.0 -999.0 -999.0 -999.0 -999.0 -999.0 -999.0
1189.7 -999.0 -999.0 1351.9 1430.0 1408.3 1507.9 1290.3 1083.5 836.5 1216.0 1089.6 1143.2 1254.6 1314.8 1109.6 1111.8 1136.3 1187.7 1253.8 969.4 1467.3 1293.0 1321.3 1169.6 932.6 1024.2 1211.7 1173.6 1136.8 978.2 1143.8 1436.6 1057.0 1220.9 1128.1 1034.2 1243.9 1175.2 1387.4 1310.1 1141.0 1262.2 1290.0 1357.4 1290.5 1364.7 1351.1 1229.9 1304.6 1310.1 -999.0 -999.0 -999.0 -999.0 -999.0 -999.0 -999.0 -999.0 -999.0 -999.0 -999.0 -999.0 -999.0 -999.0 -999.0 -999.0 -999.0 -999.0 -999.0 -999.0
1562.4 1525.8 -999.0 -999.0 1603.5 1316.0 1492.6 1252.9 916.1 687.3 981.2 668.9 938.5 1053.5 1116.7 1341.6 1293.6 1163.7 1178.7 1053.2 1586.5 1313.3 1370.3 947.7 1173.2 1180.8 873.0 1090.0 1090.1 1098.0 1198.2 1334.4 1222.1 1143.7 1195.0 1104.9 1120.4 994.2 1126.1 1299.9 1101.2 1247.0 1319.3 1306.4 1166.0 1316.4 1387.4 1420.6 1323.5 1294.7 1305.1 -999.0 -999.0 -999.0 -999.0 -999.0 -999.0 -999.0 -999.0 -999.0 -999.0 -999.0 -999.0 -999.0 -999.0 -999.0 -999.0 -999.0 -999.0 -999.0 -999.0
1410.2 1508.5 -999.0 -999.0 1473.8 1482.9 1567.5 1224.4 1637.0 1279.3 984.3 755.1 607.3 787.0 1231.9 1205.8 1116.3 928.8 1180.8 1512.4 1256.2 1226.8 1216.8 1023.5 1093.3 1151.1 902.4 1182.2 1234.6 1244.5 1276.1 908.6 1173.9 1157.2 778.7 984.5 1097.6 1055.8 1241.6 1241.9 1274.7 1334.4 1387.8 1370.6 1387.6 1302.1 1374.1 1374.3 1293.7 1255.6 -999.0 -999.0 -999.0 -999.0 -999.0 -999.0 -999.0 -999.0 -999.0 -999.0 -999.0 -999.0 -999.0 -999.0 -999.0 -999.0 -999.0 -999.0 -999.0 -999.0 -999.0
1377.6 1510.2 1451.0 1208.5 924.8 1143.5 964.0 1133.2 1454.0 1109.2 649.2 693.0 1280.9 1053.0 1202.7 1002.1 853.5 907.4 1136.7 1380.9 1230.1 847.4 768.6 1028.2 1003.1 973.7 1244.0 1308.1 1319.3 1128.4 971.1 1206.1 1196.7 1187.7 1035.7 859.2 990.2 823.5 1259.8 1003.8 1159.7 1147.7 909.0 1284.2 1447.3 1322.9 1274.3 1361.2 1281.6 -999.0 -999.0 -999.0 -999.0 -999.0 -999.0 -999.0 -999.0 -999.0 -999.0 -999.0 -999.0 -999.0 -999.0 -999.0 -999.0 -999.0 -999.0 -999.0 -999.0 -999.0 -999.0
1606.5 1299.6 1498.6 967.2 1638.2 1533.7 1299.6 860.9 709.9 1138.3 1019.4 1119.1 789.1 934.9 999.0 1014.2 1225.8 1221.2 1260.4 1242.9 997.6 716.4 850.3 1108.8 805.4 1156.1 1034.2 1356.9 1370.7 1285.1 1130.5 1036.9 1035.0 994.8 837.0 876.9 1153.8 1051.6 1327.2 1305.2 1374.5 1336.9 1324.1 1390.5 1426.3 1439.0 1406.7 1359.3 1425.6 -999.0 -999.0 -999.0 -999.0 -999.0 -999.0 -999.0 -999.0 -999.0 -999.0 -999.0 -999.0 -999.0 -999.0 -999.0 -999.0 -999.0 -999.0 -999.0 -999.0 -999.0 -999.0
-999.0 1474.9 1356.9 -999.0 1635.9 1096.2 760.0 673.0 1157.9 1318.6 1259.7 770.1 749.8 1306.4 1373.3 1147.3 850.4 1325.0 1232.7 986.0 775.2 723.0 766.5 681.8 967.8 871.3 1035.1 1335.4 909.1 1216.9 844.1 876.7 841.5 764.9 906.7 1098.0 1229.7 1110.8 1200.8 1120.2 1265.3 1246.6 1341.2 1369.5 1398.6 1428.9 1483.7 1421.7 -999.0 -999.0 -999.0 -999.0 -999.0 -999.0 -999.0 -999.0 -999.0 -999.0 -999.0 -999.0 -999.0 -999.0 -999.0 -999.0 -999.0 -999.0 -999.0 -999.0 -999.0 -999.0 -999.0
1653.0 1301.5 1638.0 -999.0 886.5 1220.4 1151.6 1667.6 1011.0 1259.5 741.8 816.1 1084.9 876.1 798.6 1127.2 1448.4 953.0 929.8 862.6 663.3 642.3 659.2 631.8 894.2 1168.3 1403.6 1351.7 1277.5 983.5 722.2 771.5 1024.4 902.4 1086.1 977.0 1079.4 1195.5 1278.4 1190.2 1165.3 1185.1 1295.8 1240.4 1404.7 1321.2 1321.4 1418.3 -999.0 -999.0 -999.0 -999.0 -999.0 -999.0 -999.0 -999.0 -999.0 -999.0 -999.0 -999.0 -999.0 -999.0 -999.0 -999.0 -999.0 -999.0 -999.0 -999.0 -999.0 -999.0 -999.0
1375.8 1613.7 -999.0 1455.5 1332.4 1025.0 1331.9 1148.4 917.8 1337.6 1335.1 1164.3 1306.5 1439.9 1433.3 1398.4 1000.2 707.8 689.8 687.1 651.5 543.5 667.9 1057.9 1257.7 1270.8 773.8 1074.0 512.8 460.9 687.6 717.5 719.6 921.9 1011.1 1037.6 989.8 1403.5 1414.7 1339.8 1374.8 1333.9 917.2 1126.2 1468.3 1458.3 1446.9 1417.6 1467.1 -999.0 -999.0 -999.0 -999.0 -999.0 -999.0 -999.0 -999.0 -999.0 -999.0 -999.0 -999.0 -999.0 -999.0 -999.0 -999.0 -999.0 -999.0 -999.0 -999.0 -999.0 -999.0
-999.0 -999.0 1648.9 1176.0 1114.1 989.8 1443.7 1127.5 775.3 1298.9 1207.3 958.6 998.5 974.2 1137.7 861.0 794.4 631.0 930.2 970.2 813.6 686.0 865.6 1266.3 1144.4 1212.0 880.4 512.8 790.7 512.4 651.2 664.4 749.5 844.2 873.8 1100.8 1337.7 1434.3 1364.0 1463.9 1471.6 1322.7 1365.5 1442.8 1511.2 1393.4 1340.5 1376.9 -999.0 -999.0 -999.0 -999.0 -999.0 -999.0 -999.0 -999.0 -999.0 -999.0 -999.0 -999.0 -999.0 -999.0 -999.0 -999.0 -999.0 -999.0 -999.0 -999.0 -999.0 -999.0 -999.0
-999.0 -999.0 1631.5 1645.0 1375.5 978.3 1248.3 937.9 1414.4 1446.5 1384.8 1179.5 765.6 661.7 808.2 1062.0 1118.3 1037.9 787.3 991.9 1016.6 1120.2 1106.3 942.6 877.0 765.0 630.1 647.9 619.7 859.3 888.5 930.4 1208.3 1167.3 1068.0 1057.6 998.6 1142.5 1255.0 1032.8 1187.1 1476.0 1389.6 1273.8 1246.1 1213.7 1308.4 -999.0 -999.0 -999.0 -999.0 -999.0 -999.0 -999.0 -999.0 -999.0 -999.0 -999.0 -999.0 -999.0 -999.0 -999.0 -999.0 -999.0 -999.0 -999.0 -999.0 -999.0 -999.0 -999.0 -999.0
-999.0 -999.0 1359.6 1040.9 1549.6 897.8 828.0 930.3 811.8 994.8 1328.1 1226.9 1376.9 1430.5 793.0 895.5 796.9 403.3 1239.4 1102.7 1089.6 1000.2 1039.5 810.8 871.7 686.5 851.5 920.0 951.9 854.2 1009.0 766.3 763.3 618.4 769.9 994.3 820.4 601.1 820.5 896.5 1044.5 1052.2 1109.3 1115.2 1231.1 1243.7 1329.6 -999.0 -999.0 -999.0 -999.0 -999.0 -999.0 -999.0 -999.0 -999.0 -999.0 -999.0 -999.0 -999.0 -999.0 -999.0 -999.0 -999.0 -999.0 -999.0 -999.0 -999.0 -999.0 -999.0 -999.0
-999.0 1618.2 1684.6 1481.8 1733.6 1520.3 1322.1 1031.6 1362.2 1318.5 746.6 1297.5 1370.7 1374.0 1346.0 910.6 1131.2 1326.3 1167.8 701.8 792.7 1031.0 564.0 756.1 823.1 697.8 621.4 711.0 757.9 728.5 726.1 748.0 700.3 482.0 1037.6 781.9 809.5 1217.2 1242.2 915.0 1089.2 1019.4 997.9 1302.6 1228.0 1240.3 1274.7 -999.0 -999.0 -999.0 -999.0 -999.0 -999.0 -999.0 -999.0 -999.0 -999.0 -999.0 -999.0 -999.0 -999.0 -999.0 -999.0 -999.0 -999.0 -999.0 -999.0 -999.0 -999.0 -999.0 -999.0
-999.0 -999.0 1625.6 1388.1 829.6 1507.5 1696.4 1519.4 1585.6 1612.1 1571.7 1503.4 1299.5 1252.2 921.7 1255.2 1152.4 1158.1 728.4 852.7 1121.8 1023.5 555.3 875.9 749.8 975.1 672.4 694.3 940.2 507.9 574.1 599.3 481.6 545.2 777.9 626.2 759.0 935.1 1171.1 1363.6 1298.1 1068.2 1203.3 1395.3 1371.9 1249.0 1414.0 -999.0 -999.0 -999.0 -999.0 -999.0 -999.0 -999.0 -999.0 -999.0 -999.0 -999.0 -999.0 -999.0 -999.0 -999.0 -999.0 -999.0 -999.0 -999.0 -999.0 -999.0 -999.0 -999.0 -999.0
1589.9 1605.4 1621.5 1545.9 1179.5 1658.3 898.2 1322.5 1093.5 881.0 1553.4 1466.0 385.7 649.1 660.9 872.1 659.5 744.8 689.7 684.1 623.8 877.4 844.7 1037.3 1053.6 1079.4 893.9 914.7 623.6 921.3 841.2 966.0 796.4 614.8 730.4 1222.2 933.6 851.6 1159.5 916.0 1285.6 1418.1 1434.6 1421.4 1239.0 1317.9 -999.0 -999.0 -999.0 -999.0 -999.0 -999.0 -999.0 -999.0 -999.0 -999.0 -999.0 -999.0 -999.0 -999.0 -999.0 -999.0 -999.0 -999.0 -999.0 -999.0 -999.0 -999.0 -999.0 -999.0 -999.0
