GDD/GrowingDegreeDays_2004_Actual.txt
ncols         180
nrows         290
xllcorner     -200000
yllcorner     -200000
cellsize      5000
NODATA_value    -999
[rows 192 to 223 of 290, columns 71 to 141 of 180]
-999.0 -999.0 -999.0 -999.0 -999.0 -999.0 -999.0 -999.0 -999.0 -999.0 -999.0 -999.0 -999.0 -999.0 -999.0 -999.0 -999.0 -999.0 -999.0 -999.0 -999.0 1876.9 1511.2 1306.9 1185.1 980.2 1132.6 1448.0 1709.8 1884.4 1756.4 1554.6 1408.4 1320.9 1639.6 1857.0 1811.6 1687.1 1696.8 1870.9 1602.7 1719.1 1750.3 1908.2 1849.9 1979.0 2044.7 2009.0 1923.5 1996.4 2053.9 2055.4 2036.3 2021.2 1950.8 2008.5 2050.6 2025.8 1964.7 1937.2 1919.8 1879.8 1950.2 1991.7 1895.3 1925.5 1953.7 1996.9 1991.8 2086.3 2079.7
-999.0 -999.0 -999.0 -999.0 -999.0 -999.0 -999.0 -999.0 -999.0 -999.0 -999.0 -999.0 -999.0 -999.0 -999.0 -999.0 -999.0 -999.0 -999.0 -999.0 1968.5 1929.4 1593.9 1300.9 1224.9 1311.4 1361.1 1540.8 1441.3 1059.7 1372.1 1403.4 1449.1 1706.8 1834.3 1760.0 1728.9 1858.0 1858.1 1785.3 1626.1 1666.1 1736.0 1913.2 1849.5 2030.6 2036.5 1910.4 2020.1 1920.3 1922.1 1992.1 1975.2 2014.8 1974.5 2055.7 2092.3 2032.7 2018.8 2025.9 1934.7 1959.6 1863.8 1939.2 1896.8 1992.4 1990.2 2004.3 2086.0 2113.5 2044.4
-999.0 -999.0 -999.0 -999.0 -999.0 -999.0 -999.0 -999.0 -999.0 -999.0 -999.0 -999.0 -999.0 -999.0 -999.0 -999.0 -999.0 -999.0 -999.0 -999.0 1699.5 1694.0 1664.0 1608.4 1433.3 1077.7 1141.8 1272.9 1424.0 1383.8 1294.7 1258.2 1297.6 1724.2 1587.9 1490.1 1877.3 1651.3 1970.3 1876.9 1669.4 1518.4 1856.6 1855.5 2024.8 2088.6 2048.4 1992.1 1734.0 1862.0 1881.1 1925.9 1949.4 1976.1 1972.0 2058.2 2068.8 2072.7 2058.4 2081.6 2051.9 1917.4 1870.8 1898.9 1871.6 1983.0 2061.9 2091.3 2139.7 2108.7 2055.2
-999.0 -999.0 -999.0 -999.0 -999.0 -999.0 -999.0 -999.0 -999.0 -999.0 -999.0 -999.0 -999.0 -999.0 -999.0 -999.0 -999.0 -999.0 -999.0 -999.0 1780.0 1723.9 1913.2 1705.7 1447.7 1064.0 1251.7 1242.2 1499.3 1350.3 1421.5 1601.8 1565.3 1585.8 1662.0 1797.5 1931.4 1893.8 1619.3 1947.9 1898.8 1853.7 1884.7 1805.2 1986.1 2135.7 2090.9 1991.7 1943.2 1963.2 1887.9 1919.1 1948.3 1952.4 2042.5 2067.4 2008.4 2048.1 2024.7 2089.6 2012.8 1891.1 1885.3 1988.0 2006.0 1959.9 2073.5 2071.8 2188.3 2106.2 2090.1
-999.0 -999.0 -999.0 -999.0 -999.0 -999.0 -999.0 -999.0 -999.0 -999.0 -999.0 -999.0 -999.0 -999.0 -999.0 -999.0 -999.0 -999.0 -999.0 1888.6 1675.2 1381.7 1513.1 1642.5 1337.0 1264.6 1140.1 1167.8 1688.3 1669.6 1718.7 1598.4 1509.9 1754.7 1791.4 1620.1 1800.6 1901.8 1927.3 2001.4 2025.8 1987.1 1923.4 1989.5 2061.4 2113.8 2136.0 2111.1 2034.8 1991.3 2047.6 1989.8 2012.5 1969.4 2049.2 2044.8 2040.7 2087.3 2097.3 2075.5 1947.6 1959.2 1965.1 2064.5 2020.3 2024.6 2064.4 2162.2 2122.0 2124.3 2115.7
-999.0 -999.0 -999.0 -999.0 -999.0 -999.0 -999.0 -999.0 -999.0 -999.0 -999.0 -999.0 -999.0 -999.0 -999.0 -999.0 -999.0 -999.0 1777.1 1697.8 1551.5 1646.8 1703.0 1352.2 1108.0 1101.6 1345.1 1281.6 1668.6 1549.4 1678.9 1748.3 1219.0 1685.9 1663.6 1899.0 1896.2 2015.1 2001.6 1957.1 1845.1 1965.9 1815.6 2034.3 2044.8 2212.6 2213.1 2145.1 2105.6 2085.1 2093.8 2052.0 2017.0 2014.4 2141.6 2076.9 2059.0 2030.1 2022.8 2004.9 1941.3 2011.3 1963.6 2059.2 2060.6 2142.7 2153.0 2058.9 2049.6 2124.7 2121.2
-999.0 -999.0 -999.0 -999.0 -999.0 -999.0 -999.0 -999.0 -999.0 -999.0 -999.0 -999.0 -999.0 -999.0 -999.0 -999.0 1764.9 1805.5 1829.5 1936.3 1877.4 1730.5 1635.5 1278.9 1167.0 1078.3 1055.4 1299.8 1504.9 1825.6 1598.9 1697.5 1363.3 1679.6 1834.8 1880.4 2013.0 2010.3 2061.8 1951.8 1799.0 1890.2 1906.8 2160.5 2180.4 2229.1 2210.4 2097.4 2096.9 2080.1 2135.8 2076.9 2047.1 2122.9 2148.5 2120.1 1980.6 1975.9 1907.2 1861.6 1915.4 1970.4 2042.8 2098.5 2052.5 2027.0 2069.0 2045.8 2150.0 2126.0 2126.9
-999.0 -999.0 -999.0 -999.0 -999.0 -999.0 -999.0 -999.0 -999.0 -999.0 -999.0 -999.0 2024.5 2021.6 2026.9 1623.3 1561.7 1511.1 1497.2 1723.9 1721.7 1735.1 1258.1 1367.6 1197.0 1216.2 1293.1 1612.7 1734.5 1888.2 1731.2 1799.6 1263.9 1473.0 1717.1 1959.7 1942.9 1992.6 1802.6 2043.7 1866.3 1863.6 1963.2 2110.1 2231.9 2265.9 2127.7 2136.2 2135.6 2032.0 2127.4 2101.6 2127.1 2117.0 2076.3 2004.7 2042.7 1942.2 1971.4 1930.9 1857.5 1885.3 1928.6 1988.3 1980.2 2005.5 2063.5 2114.1 2069.0 2191.4 2195.4
-999.0 -999.0 -999.0 -999.0 -999.0 -999.0 -999.0 -999.0 -999.0 -999.0 -999.0 1816.9 1937.7 1786.8 1801.9 1819.1 1602.3 1679.7 1601.8 1772.0 1860.7 1488.0 1390.6 1303.6 1671.6 1175.3 1467.5 1709.1 1310.6 1616.8 1938.0 1351.0 1583.0 1705.7 2097.2 2101.5 2040.0 1740.5 2029.3 2055.4 2022.2 2009.9 1929.9 2073.8 2131.2 2279.6 2192.0 2175.3 2149.5 2073.4 2099.1 2118.2 2130.2 2122.0 2019.2 2005.8 1822.4 1976.2 1999.5 1958.8 1890.7 1959.8 1981.0 2047.6 2066.8 2027.3 2069.8 2038.2 2123.2 2181.5 2174.3
-999.0 -999.0 -999.0 -999.0 -999.0 -999.0 -999.0 -999.0 -999.0 -999.0 1774.1 1774.7 1983.8 1963.0 1930.1 1809.6 1854.0 1752.1 1795.3 1741.0 1312.3 1558.7 1703.0 1320.8 1862.8 1520.6 1474.5 1208.6 1355.3 1373.7 1636.6 1695.7 1817.1 2096.7 1672.9 1726.9 2069.6 2019.0 2092.6 2146.0 2052.8 2083.6 2116.2 2053.2 2064.0 2279.8 2241.5 2210.6 2139.8 2157.2 2165.8 2149.2 1984.9 2157.7 2079.6 1971.4 1870.8 1910.5 1969.8 1931.9 1888.3 1919.5 1904.9 1985.1 2078.8 2096.5 2116.7 2033.5 2070.2 2146.2 2080.3
-999.0 -999.0 -999.0 -999.0 -999.0 -999.0 2029.2 1746.0 1894.4 1696.6 1890.9 1869.6 1793.7 1880.8 1910.2 1688.9 1772.5 1721.4 1721.6 1478.8 1504.8 1681.7 1617.2 1618.0 1736.7 1684.9 1349.5 1320.9 1527.5 1616.7 1493.3 1742.5 2054.9 1609.0 1519.4 1793.3 1785.4 2032.8 2041.5 2161.7 2126.7 1885.8 2116.2 1963.8 2174.6 2258.5 2239.1 2199.7 1983.6 2143.4 2107.3 1782.1 2101.4 2124.4 2055.0 1926.9 1787.1 1886.8 1917.8 1931.9 1979.5 1954.3 1970.9 2032.0 2090.9 2058.7 2092.7 2055.0 2024.9 2047.2 2081.0
-999.0 -999.0 -999.0 -999.0 -999.0 1984.2 1824.4 1850.5 1816.1 1552.5 1261.8 1396.3 1464.4 1749.0 1635.2 1478.1 1586.1 1624.5 1426.3 1625.2 1702.9 1490.3 1760.9 1928.8 1789.2 1712.3 1447.1 1488.3 1567.2 1666.4 1706.5 1812.6 1718.3 992.9 1382.7 1753.1 1981.4 1932.0 2048.4 1916.3 2100.7 2035.7 2142.0 2171.0 2196.1 2200.7 2228.6 2232.3 2138.3 2106.2 1794.9 1784.9 1891.0 2015.6 2028.7 1729.4 1801.2 1849.5 1895.0 1989.4 1951.9 1978.5 2006.6 2083.7 1998.1 2025.5 2080.6 1931.9 1961.6 2080.9 2099.2
-999.0 -999.0 -999.0 2049.3 1922.7 1899.1 1797.5 1879.3 1797.8 1654.3 1627.9 1716.1 1839.2 1630.2 1755.1 1570.0 1868.6 1757.4 1514.6 1613.2 1802.3 1692.5 1972.5 1952.5 1584.3 1471.5 1570.9 1746.5 1596.4 1888.5 1960.0 1932.7 1510.7 1302.0 1315.8 1964.7 1890.9 1906.1 1912.6 2010.5 2166.0 2033.7 2105.2 2139.1 2211.8 2185.8 2258.6 2254.7 2119.4 2086.9 1808.9 1844.1 1914.1 2019.0 1932.6 1761.7 1791.8 1836.3 1933.6 1961.3 1998.1 2042.0 2072.7 2061.6 2020.2 1992.9 2022.4 2030.6 2037.1 2082.2 2010.0
-999.0 -999.0 -999.0 2072.6 -999.0 2062.9 2002.5 1840.0 1920.0 1823.0 1840.0 1779.1 1850.7 1828.3 1713.1 1872.9 1779.5 1954.5 1987.4 1973.0 1958.8 1953.0 1683.5 1765.9 1406.1 865.6 1550.9 1541.1 1571.8 1247.5 1301.3 2039.4 2073.9 1164.0 1589.8 1822.8 1782.4 1700.4 1946.2 2140.0 2212.9 2001.4 1990.2 2141.3 2231.9 2257.3 2221.8 2246.5 2104.4 1830.1 1770.2 1911.8 1979.7 2008.9 2015.3 1986.1 1883.0 1963.0 2014.4 2066.1 2105.2 2121.9 2108.6 1999.4 2030.6 2067.3 2045.3 2093.5 2077.2 2009.8 2036.2
-999.0 -999.0 -999.0 -999.0 -999.0 -999.0 1888.8 1989.6 1987.2 1885.0 1967.1 1915.5 1928.6 1896.3 2005.1 2016.7 1894.1 1955.4 1821.4 1951.1 1669.2 1924.9 1613.0 1421.9 1383.1 1214.5 1121.7 1348.3 1202.9 1101.1 1639.5 1524.1 1721.8 2194.5 1659.3 1709.9 2060.2 2018.9 2188.6 1973.9 2018.9 1776.8 1897.3 2159.5 2204.2 2254.8 2300.2 2120.3 1815.3 1925.5 1750.6 1917.6 1975.7 1926.5 2024.8 1889.2 2037.0 2042.2 2121.3 2161.9 2160.8 2122.2 2103.3 2093.3 2127.7 2134.5 2132.3 2075.3 1978.8 1924.8 2009.2
-999.0 -999.0 -999.0 -999.0 -999.0 2037.9 2006.1 1988.8 2003.9 2024.2 1851.4 1761.8 1669.7 1809.3 1930.1 1965.1 2004.4 1935.4 1663.3 1987.9 1821.7 2098.7 1907.9 1819.6 1835.4 1880.3 1556.5 1612.3 1369.8 1361.8 1234.1 1498.1 1514.4 1697.3 1312.9 1907.0 2047.2 2096.8 1970.1 2019.2 1806.0 1911.0 1910.5 2202.2 2201.5 2187.6 1848.2 1778.2 1803.4 1762.2 1942.9 1906.3 1909.9 1953.9 2023.5 2029.2 2052.2 2132.6 2211.3 2238.6 2209.4 2101.2 2075.5 2045.7 2101.9 2153.0 2132.5 2032.6 1862.3 2037.5 2007.7
-999.0 -999.0 -999.0 -999.0 2138.0 2087.5 2076.2 2050.8 2066.7 2071.3 2050.0 1943.9 2007.4 1974.7 2023.7 2024.6 1988.6 1986.5 1982.4 1730.4 2074.9 1666.6 1773.9 1746.8 1586.1 1683.4 1848.9 1815.0 1604.0 1694.7 1530.4 1613.6 1809.8 1446.5 1488.7 2050.3 1908.9 2159.1 2129.9 1950.5 1896.3 2028.6 2081.0 2182.4 2191.4 1945.0 2012.9 1844.1 1866.7 1936.3 1909.2 1949.2 2002.7 2002.2 2079.2 2116.0 2133.2 2193.5 2125.9 2300.6 2163.7 2168.1 2138.3 2143.0 2139.2 2128.9 2039.8 1907.0 1947.1 1994.3 2022.0
-999.0 -999.0 -999.0 -999.0 -999.0 -999.0 2191.0 2140.2 2124.2 2064.5 2016.8 1958.2 -999.0 -999.0 -999.0 -999.0 2052.2 2017.1 1899.8 2129.9 2231.2 2069.9 2024.0 1989.1 1936.2 2190.1 1283.2 1251.8 1721.0 1839.1 1834.4 1673.8 1624.4 1532.5 1863.7 1998.9 2024.7 2180.8 1845.7 2036.1 1919.7 2198.2 2178.1 2178.8 2179.2 1870.0 2045.9 1898.2 1923.2 2014.6 2005.8 2028.7 2055.0 2100.1 2129.1 2143.5 2140.4 2181.7 2124.4 2246.0 2164.8 2109.8 2132.7 2107.6 2092.5 1975.3 2001.9 1966.7 1959.2 1995.7 2142.9
-999.0 -999.0 -999.0 -999.0 -999.0 -999.0 2177.5 2065.8 1981.0 2148.8 1970.8 2080.1 -999.0 -999.0 -999.0 -999.0 -999.0 -999.0 -999.0 2271.1 2276.3 2203.4 2316.4 2186.3 1963.9 1615.2 1416.4 1232.3 1338.1 1548.3 1720.1 1718.5 1901.1 1716.0 1734.8 2087.5 2175.9 1839.9 1892.2 1896.1 2234.7 2248.0 2181.9 2192.6 2020.6 1924.1 1953.1 1949.8 2012.8 2049.5 2070.0 2086.1 2090.8 2091.9 2110.4 2045.9 2118.6 2161.2 2203.5 2215.0 2143.8 2106.9 2094.7 1967.8 1974.6 2090.8 1963.1 1980.8 2046.5 2101.4 2174.5
-999.0 -999.0 -999.0 -999.0 -999.0 -999.0 -999.0 -999.0 2147.1 -999.0 -999.0 -999.0 -999.0 -999.0 -999.0 -999.0 -999.0 2063.7 2094.7 2125.0 2072.0 2217.5 2322.1 2335.6 2148.4 1888.0 1555.4 1442.7 1528.2 1927.4 1946.9 1578.2 1795.4 1896.4 2104.3 2221.1 2290.4 2038.0 2096.0 2130.3 2255.5 2243.6 2155.4 2189.7 1868.8 1833.7 1963.8 1974.3 2046.5 2062.1 2072.2 2102.4 2045.4 2079.2 2052.1 2119.3 2141.0 2168.5 2180.3 2171.5 2066.8 2031.8 1964.2 1861.8 2007.4 1985.0 2170.6 2065.0 2115.8 2191.9 2180.2
-999.0 -999.0 -999.0 -999.0 -999.0 -999.0 -999.0 -999.0 -999.0 -999.0 -999.0 -999.0 -999.0 -999.0 -999.0 -999.0 -999.0 2058.4 2055.9 2243.6 2176.8 2194.9 -999.0 -999.0 2404.8 1866.4 2090.4 1889.6 1942.9 1933.1 1867.1 1766.0 2123.8 2191.1 2172.9 2242.2 2252.8 2242.2 2250.7 2258.5 2252.6 2123.0 2150.4 2082.7 1859.4 1969.6 2019.0 2054.4 2058.5 2011.6 2035.5 2082.2 2064.9 2091.4 2054.9 2001.1 1993.0 2065.1 2027.9 2130.7 2121.6 2034.0 1817.6 2021.2 2038.2 2116.7 2265.8 2131.2 2177.7 2247.1 2305.6
-999.0 -999.0 -999.0 -999.0 -999.0 -999.0 -999.0 -999.0 -999.0 -999.0 -999.0 -999.0 -999.0 -999.0 -999.0 -999.0 -999.0 -999.0 -999.0 -999.0 -999.0 -999.0 -999.0 -999.0 2369.9 2262.8 2018.9 2015.4 2158.6 2175.4 2159.7 2112.2 2216.8 2271.6 2240.7 2224.0 2234.9 2248.2 -999.0 2304.4 2280.1 2194.3 2174.6 2072.5 1889.1 1979.7 1991.4 2052.6 2134.4 2121.2 2020.4 2085.0 2052.6 1916.3 1859.0 1867.0 1821.8 1803.7 1948.3 1994.9 2022.2 2036.3 1957.1 2091.9 2107.6 2126.2 2204.0 2232.1 2265.0 2258.6 2289.8
-999.0 -999.0 -999.0 -999.0 -999.0 -999.0 -999.0 -999.0 -999.0 -999.0 -999.0 -999.0 -999.0 -999.0 -999.0 -999.0 -999.0 -999.0 -999.0 -999.0 -999.0 -999.0 -999.0 -999.0 -999.0 2283.0 2206.1 2150.1 2093.4 2073.5 2230.6 2276.2 2302.8 2315.9 -999.0 -999.0 -999.0 -999.0 2264.0 2314.3 2232.8 2219.1 2183.8 2076.9 1891.1 1977.3 1945.5 2008.9 2150.6 2040.4 2029.1 1893.0 1951.0 1758.3 1860.3 1839.6 1887.4 1879.9 1913.7 2009.4 1964.4 2180.3 2162.4 2139.8 2251.7 2214.1 2257.5 2281.9 2298.4 2372.9 2442.9
-999.0 -999.0 -999.0 -999.0 -999.0 -999.0 -999.0 -999.0 -999.0 -999.0 -999.0 -999.0 -999.0 -999.0 -999.0 -999.0 -999.0 -999.0 -999.0 -999.0 -999.0 -999.0 -999.0 -999.0 -999.0 -999.0 2261.3 2030.2 2057.4 2133.7 2112.0 2208.8 2274.2 -999.0 -999.0 -999.0 -999.0 2170.6 2083.8 2022.2 2263.1 2254.7 2219.2 1971.0 1881.6 1910.9 1926.5 2000.2 2029.7 2059.0 1894.9 1746.3 1826.2 1818.8 1899.0 1887.9 1916.7 2031.2 2000.6 2028.6 2103.3 2149.2 2197.6 2314.3 2249.4 2210.0 2218.8 2191.3 2187.2 2347.8 2404.5
-999.0 -999.0 -999.0 -999.0 -999.0 -999.0 -999.0 -999.0 -999.0 -999.0 -999.0 -999.0 -999.0 -999.0 -999.0 -999.0 -999.0 -999.0 -999.0 -999.0 -999.0 -999.0 -999.0 -999.0 -999.0 -999.0 -999.0 2208.7 2114.0 2170.9 2119.5 2249.1 2238.9 -999.0 -999.0 -999.0 2261.6 2263.7 2196.5 2016.2 2066.3 2123.7 2233.7 2067.2 2138.2 1953.8 1944.8 2045.0 1926.7 1844.1 1850.6 1880.0 1793.2 1878.0 1938.9 1976.8 2045.4 2063.0 2074.9 2067.6 2052.7 2126.8 2209.4 2204.2 2142.8 2119.9 2169.5 2180.1 2191.3 2260.4 2342.5
-999.0 -999.0 -999.0 -999.0 -999.0 -999.0 -999.0 -999.0 -999.0 -999.0 -999.0 -999.0 -999.0 -999.0 -999.0 -999.0 -999.0 -999.0 -999.0 -999.0 -999.0 -999.0 -999.0 -999.0 -999.0 -999.0 -999.0 -999.0 -999.0 -999.0 -999.0 -999.0 -999.0 -999.0 -999.0 2186.4 2279.3 2297.8 2246.5 2016.2 2177.3 2114.8 2035.0 2050.6 2071.9 2037.6 2136.1 2103.1 2050.6 1943.0 1953.0 1927.6 1908.2 1875.2 1903.2 1938.4 1822.7 1980.8 1964.1 2028.8 2013.0 2051.2 2142.3 2126.1 2107.0 2090.3 2068.3 2163.9 2214.8 2245.9 2275.7
-999.0 -999.0 -999.0 -999.0 -999.0 -999.0 -999.0 -999.0 -999.0 -999.0 -999.0 -999.0 -999.0 -999.0 -999.0 -999.0 -999.0 -999.0 -999.0 -999.0 -999.0 -999.0 -999.0 -999.0 -999.0 -999.0 -999.0 -999.0 -999.0 -999.0 -999.0 -999.0 -999.0 -999.0 -999.0 2332.6 2166.2 2186.7 1679.3 1819.3 2140.2 2074.0 2019.2 2005.8 1983.2 2119.7 2145.5 2108.9 2077.6 1956.0 1982.2 2024.7 1862.3 1838.6 1734.2 1879.6 1865.8 1756.1 1911.1 1974.1 2024.8 2095.5 2116.6 2124.0 2122.4 2119.2 2157.4 2112.3 2146.2 2235.8 2245.6
-999.0 -999.0 -999.0 -999.0 -999.0 -999.0 -999.0 -999.0 -999.0 -999.0 -999.0 -999.0 -999.0 -999.0 -999.0 -999.0 -999.0 -999.0 -999.0 -999.0 -999.0 -999.0 -999.0 -999.0 -999.0 -999.0 -999.0 -999.0 -999.0 -999.0 -999.0 -999.0 -999.0 -999.0 -999.0 2300.5 2295.1 2266.0 2027.2 1691.9 1811.0 1906.8 2012.4 1907.6 2054.4 2062.3 2106.6 1909.4 1860.1 1800.6 1865.1 1951.8 1924.6 1928.3 1910.5 1878.2 1875.2 1952.6 1957.3 1973.0 2000.8 2062.8 2098.7 2107.2 2111.3 2091.3 2133.8 2097.6 2118.7 2161.9 2104.8
-999.0 -999.0 -999.0 -999.0 -999.0 -999.0 -999.0 -999.0 -999.0 -999.0 -999.0 -999.0 -999.0 -999.0 -999.0 -999.0 -999.0 -999.0 2369.2 2217.6 2295.6 1554.8 1520.9 1537.3 1586.5 1478.5 2349.6 1850.8 2363.0 -999.0 -999.0 -999.0 -999.0 -999.0 -999.0 2287.5 2272.2 2210.9 2248.6 2090.9 1884.8 1782.3 1862.6 1964.5 2015.4 2001.3 1924.0 1792.5 1854.9 1934.6 1947.8 1973.4 1926.0 1951.3 2010.2 2052.6 2067.9 2009.5 2041.7 1967.0 1927.2 1862.3 1986.0 2046.6 2004.3 1994.8 2079.1 2010.9 2075.2 2132.5 2039.0
-999.0 -999.0 -999.0 -999.0 -999.0 -999.0 -999.0 -999.0 -999.0 -999.0 -999.0 -999.0 -999.0 -999.0 -999.0 -999.0 -999.0 -999.0 2021.0 1917.5 1727.8 1671.6 1375.2 1252.4 1361.2 1416.2 1525.6 1931.7 2157.1 2312.7 2215.6 1960.8 2151.3 2232.8 2304.7 2295.9 2283.5 2261.6 2243.2 2217.8 2143.6 1899.2 1888.7 1957.5 2033.6 1755.2 1883.3 1949.4 1900.9 1889.2 1992.8 2009.7 2024.8 2011.2 2001.9 2035.5 2046.2 2135.3 2084.6 1993.9 1963.7 1969.6 1910.3 1891.0 1991.2 2004.4 2100.1 2144.1 2052.0 2134.6 1771.5
-999.0 -999.0 -999.0 -999.0 -999.0 -999.0 -999.0 -999.0 -999.0 -999.0 -999.0 -999.0 -999.0 -999.0 -999.0 -999.0 -999.0 2440.7 2307.8 2082.8 1998.0 1848.5 1501.6 1294.6 1351.2 1490.0 1536.8 1643.3 1895.4 2045.3 2126.2 2033.1 1906.1 2189.8 2247.8 2296.4 2252.4 2118.4 2224.0 2192.1 2020.9 1980.5 1986.7 1961.0 1737.4 1915.3 1774.7 1809.9 1889.3 2022.2 2013.0 2074.9 2020.4 1942.9 2029.9 1988.1 2118.4 2077.5 2077.0 2033.0 2007.0 1881.5 1822.8 2016.0 2058.4 2061.6 1891.1 2059.1 2118.1 2094.8 2083.9
-999.0 -999.0 -999.0 -999.0 -999.0 -999.0 -999.0 -999.0 -999.0 -999.0 -999.0 -999.0 -999.0 -999.0 -999.0 -999.0 -999.0 -999.0 2284.3 2256.3 2214.8 1854.8 1758.3 1651.4 1385.1 1538.9 1662.6 1917.1 1823.9 1636.6 1846.0 2066.0 2071.4 1916.4 2133.3 2286.2 2256.5 2233.4 2129.3 2083.6 2135.9 2105.2 2044.3 1988.4 1857.8 1969.5 1812.5 1897.2 1910.8 1965.6 1978.4 2049.0 1967.7 1940.5 1973.2 2115.0 2137.7 2069.7 2175.3 2138.1 2113.1 1991.3 1888.8 1915.5 2090.6 2107.4 2030.5 2030.3 2089.6 2160.1 2159.9
