GDD/GrowingDegreeDays_1960_Actual.txt
ncols         180
nrows         290
xllcorner     -200000
yllcorner     -200000
cellsize      5000
NODATA_value    -999
[rows 96 to 127 of 290, columns 71 to 141 of 180]
1312.1 1346.2 1489.0 1564.6 1211.0 1486.3 871.4 910.3 1192.7 1452.7 1026.7 650.3 643.7 559.5 809.1 892.3 938.5 672.0 754.7 629.3 593.1 868.7 858.3 870.8 1098.5 999.4 1165.4 930.9 745.2 812.7 752.4 888.0 923.6 816.7 754.3 858.1 923.5 809.3 808.8 1123.5 1235.4 1340.1 1362.1 1185.5 1266.3 -999.0 -999.0 -999.0 -999.0 -999.0 -999.0 -999.0 -999.0 -999.0 -999.0 -999.0 -999.0 -999.0 -999.0 -999.0 -999.0 -999.0 -999.0 -999.0 -999.0 -999.0 -999.0 -999.0 -999.0 -999.0 -999.0
1276.6 1126.8 1517.6 1562.9 1204.5 1394.4 1038.2 1202.7 1434.0 1477.7 1105.3 739.5 1422.8 750.0 931.8 775.9 963.8 747.0 1003.6 855.3 960.0 957.8 538.4 933.9 906.7 1013.8 1068.8 1106.8 774.2 921.2 1020.9 971.8 768.6 931.5 841.5 994.8 950.2 998.8 1099.9 1260.8 1258.7 1248.8 1301.6 1421.0 -999.0 -999.0 -999.0 -999.0 -999.0 -999.0 -999.0 -999.0 -999.0 -999.0 -999.0 -999.0 -999.0 -999.0 -999.0 -999.0 -999.0 -999.0 -999.0 -999.0 -999.0 -999.0 -999.0 -999.0 -999.0 -999.0 -999.0
1332.4 1516.7 1015.7 1188.7 1127.8 855.0 657.9 1473.5 1571.2 762.4 1234.6 1315.9 730.7 891.4 683.7 883.1 699.6 1074.6 1174.3 1254.6 1260.3 1251.6 1158.3 892.3 1118.5 954.4 901.5 1148.7 1001.5 888.7 1073.8 1076.3 960.8 970.1 1068.2 983.9 1071.2 1240.4 1310.2 1347.8 1255.9 1330.2 1403.3 1410.4 -999.0 -999.0 -999.0 -999.0 -999.0 -999.0 -999.0 -999.0 -999.0 -999.0 -999.0 -999.0 -999.0 -999.0 -999.0 -999.0 -999.0 -999.0 -999.0 -999.0 -999.0 -999.0 -999.0 -999.0 -999.0 -999.0 -999.0
1297.6 991.3 1310.8 1127.6 1086.3 1508.6 1533.0 -999.0 1317.3 741.7 923.2 640.7 1055.8 1193.8 953.0 1035.7 1065.0 1053.3 1005.9 956.7 902.4 793.0 507.5 689.7 910.7 896.2 1173.3 1284.7 1384.2 992.2 923.1 1102.3 1106.1 1077.4 1220.6 1180.7 1231.6 1313.8 1315.0 1298.8 1285.1 1228.1 1249.9 -999.0 -999.0 -999.0 -999.0 -999.0 -999.0 -999.0 -999.0 -999.0 -999.0 -999.0 -999.0 -999.0 -999.0 -999.0 -999.0 -999.0 -999.0 -999.0 -999.0 -999.0 -999.0 -999.0 -999.0 -999.0 -999.0 -999.0 -999.0
1565.7 1342.5 1230.1 1338.7 1036.9 1433.1 -999.0 1577.6 1359.5 1550.1 1136.8 1290.4 935.6 520.8 953.9 864.6 1007.2 767.5 605.3 720.6 928.1 1249.1 1156.8 1257.6 1000.8 1070.1 1072.2 963.3 1037.6 1074.4 1027.3 1155.4 1281.5 1267.6 1347.6 1341.5 1271.3 1238.8 1272.7 1279.2 1275.9 1369.1 1364.8 -999.0 -999.0 -999.0 -999.0 -999.0 -999.0 -999.0 -999.0 -999.0 -999.0 -999.0 -999.0 -999.0 -999.0 -999.0 -999.0 -999.0 -999.0 -999.0 -999.0 -999.0 -999.0 -999.0 -999.0 -999.0 -999.0 -999.0 -999.0
1524.6 1396.5 1591.6 1213.5 1501.7 -999.0 1621.4 1589.9 1432.0 570.6 959.8 407.8 881.5 1083.5 1185.6 871.4 817.6 932.2 774.7 1005.6 820.1 712.2 856.6 1290.8 1004.6 824.1 772.3 986.7 989.0 1394.3 1204.6 1359.1 1415.2 1423.2 1393.2 1159.3 1159.5 1153.8 1194.2 1200.5 1289.0 1382.1 1470.3 -999.0 -999.0 -999.0 -999.0 -999.0 -999.0 -999.0 -999.0 -999.0 -999.0 -999.0 -999.0 -999.0 -999.0 -999.0 -999.0 -999.0 -999.0 -999.0 -999.0 -999.0 -999.0 -999.0 -999.0 -999.0 -999.0 -999.0 -999.0
1552.3 1494.8 898.4 1604.6 -999.0 1656.4 -999.0 1236.1 1085.2 898.4 1525.4 669.7 940.5 882.1 1036.9 457.3 919.6 459.9 934.7 1010.5 602.9 1121.4 1483.6 963.3 642.2 587.0 1056.0 1061.6 1038.6 1139.2 1300.1 1371.6 1385.1 1371.3 1079.9 1237.3 1267.3 1327.0 1296.1 1339.7 1474.7 1489.6 -999.0 -999.0 -999.0 -999.0 -999.0 -999.0 -999.0 -999.0 -999.0 -999.0 -999.0 -999.0 -999.0 -999.0 -999.0 -999.0 -999.0 -999.0 -999.0 -999.0 -999.0 -999.0 -999.0 -999.0 -999.0 -999.0 -999.0 -999.0 -999.0
705.5 836.6 1170.0 1603.6 -999.0 -999.0 1535.0 1499.1 1522.2 1458.5 1097.2 601.9 1310.7 1078.8 515.8 813.7 808.6 586.0 582.0 798.2 1345.0 843.5 846.6 649.9 787.4 970.2 730.3 722.1 1035.7 1235.9 1391.3 1382.6 1272.8 1033.5 1264.6 1374.5 1386.3 1551.7 1488.2 1396.9 -999.0 -999.0 -999.0 -999.0 -999.0 -999.0 -999.0 -999.0 -999.0 -999.0 -999.0 -999.0 -999.0 -999.0 -999.0 -999.0 -999.0 -999.0 -999.0 -999.0 -999.0 -999.0 -999.0 -999.0 -999.0 -999.0 -999.0 -999.0 -999.0 -999.0 -999.0
970.4 1274.6 1473.6 1602.9 -999.0 1634.8 1480.2 1317.6 1124.9 1336.1 1104.8 1423.2 1424.6 1161.9 881.7 954.9 1107.4 1166.4 1093.1 933.4 706.6 1095.9 893.0 957.6 810.9 733.1 942.0 1000.1 1185.3 1332.6 1400.1 1405.7 1214.5 1297.0 1463.8 1480.8 1540.3 1527.8 1516.0 -999.0 -999.0 -999.0 -999.0 -999.0 -999.0 -999.0 -999.0 -999.0 -999.0 -999.0 -999.0 -999.0 -999.0 -999.0 -999.0 -999.0 -999.0 -999.0 -999.0 -999.0 -999.0 -999.0 -999.0 -999.0 -999.0 -999.0 -999.0 -999.0 -999.0 -999.0 -999.0
1451.8 1178.1 1444.3 -999.0 -999.0 1598.4 1136.0 1250.3 1051.2 1305.6 1469.4 1239.8 868.5 857.1 948.6 1038.5 944.6 720.7 1094.3 925.2 1256.4 1111.7 874.3 1171.5 1398.4 1419.7 1300.3 1361.3 1414.3 1387.1 1401.9 1535.4 1401.1 1460.1 1508.7 1364.9 1444.7 1388.3 1460.0 -999.0 -999.0 -999.0 -999.0 -999.0 -999.0 -999.0 -999.0 -999.0 -999.0 -999.0 -999.0 -999.0 -999.0 -999.0 -999.0 -999.0 -999.0 -999.0 -999.0 -999.0 -999.0 -999.0 -999.0 -999.0 -999.0 -999.0 -999.0 -999.0 -999.0 -999.0 -999.0
-999.0 -999.0 -999.0 -999.0 1623.9 1247.1 1214.6 1111.9 1201.3 1116.4 863.8 919.7 729.3 1169.6 871.9 1371.0 782.9 1299.2 672.9 1173.8 943.8 609.4 1047.5 1238.0 1101.9 1221.1 1419.2 1376.2 1456.7 1525.5 1466.0 1541.9 1529.5 1427.2 1434.2 1428.0 1377.4 1436.9 1423.4 1507.9 -999.0 -999.0 -999.0 -999.0 -999.0 -999.0 -999.0 -999.0 -999.0 -999.0 -999.0 -999.0 -999.0 -999.0 -999.0 -999.0 -999.0 -999.0 -999.0 -999.0 -999.0 -999.0 -999.0 -999.0 -999.0 -999.0 -999.0 -999.0 -999.0 -999.0 -999.0
-999.0 -999.0 -999.0 -999.0 1576.6 1554.4 1201.9 1087.7 1451.5 1002.8 1251.4 1451.1 1070.6 862.9 941.0 1537.7 858.0 953.8 904.8 1154.6 829.4 1009.4 937.1 773.7 1045.3 1140.2 1190.8 1247.8 1297.8 1256.2 1227.4 1140.3 1199.5 1368.6 1475.5 1431.4 1256.2 1369.9 1261.6 1338.2 1396.6 -999.0 -999.0 -999.0 -999.0 -999.0 -999.0 -999.0 -999.0 -999.0 -999.0 -999.0 -999.0 -999.0 -999.0 -999.0 -999.0 -999.0 -999.0 -999.0 -999.0 -999.0 -999.0 -999.0 -999.0 -999.0 -999.0 -999.0 -999.0 -999.0 -999.0
-999.0 -999.0 -999.0 1632.1 1575.4 1485.6 1153.1 1334.3 1124.7 1132.3 1283.6 1481.1 1013.6 966.8 747.0 1455.5 968.3 1115.9 1076.2 1158.2 1030.8 1451.2 1284.5 1199.0 1221.1 1361.4 1185.1 1013.5 850.3 954.5 1027.1 1153.5 1266.0 1194.5 1452.3 1318.1 1261.1 1254.2 1269.6 1311.0 1374.9 1467.1 -999.0 -999.0 -999.0 -999.0 -999.0 -999.0 -999.0 -999.0 -999.0 -999.0 -999.0 -999.0 -999.0 -999.0 -999.0 -999.0 -999.0 -999.0 -999.0 -999.0 -999.0 -999.0 -999.0 -999.0 -999.0 -999.0 -999.0 -999.0 -999.0
-999.0 -999.0 1627.8 -999.0 1526.4 1356.1 1450.7 1112.9 980.8 1454.8 1545.8 1197.1 824.0 1108.6 1603.7 1381.0 566.8 1333.2 1338.4 1248.6 1203.4 1367.5 1407.5 1475.9 1412.4 1141.9 810.1 850.9 998.4 1082.0 1242.1 1273.7 1299.6 1236.2 1333.1 1337.2 1431.0 1512.9 1528.1 1533.1 1537.7 -999.0 -999.0 -999.0 -999.0 -999.0 -999.0 -999.0 -999.0 -999.0 -999.0 -999.0 -999.0 -999.0 -999.0 -999.0 -999.0 -999.0 -999.0 -999.0 -999.0 -999.0 -999.0 -999.0 -999.0 -999.0 -999.0 -999.0 -999.0 -999.0 -999.0
-999.0 1630.2 1262.9 -999.0 1580.7 1527.7 1389.8 1356.2 1385.1 1372.1 932.3 1434.7 974.1 950.7 982.6 1287.1 1493.1 840.6 1307.3 1478.4 1546.3 1545.4 1556.9 1566.7 1568.4 1238.7 1436.0 1468.8 1463.2 1318.3 1199.5 1291.4 1296.8 1363.2 1424.3 1428.3 1544.0 -999.0 -999.0 -999.0 -999.0 -999.0 -999.0 -999.0 -999.0 -999.0 -999.0 -999.0 -999.0 -999.0 -999.0 -999.0 -999.0 -999.0 -999.0 -999.0 -999.0 -999.0 -999.0 -999.0 -999.0 -999.0 -999.0 -999.0 -999.0 -999.0 -999.0 -999.0 -999.0 -999.0 -999.0
1595.7 1385.5 1492.1 -999.0 1246.7 1543.6 1302.7 1416.5 1605.8 1052.9 1045.3 905.2 879.6 1550.7 1055.7 1082.8 1593.9 1294.0 1225.9 1412.7 1382.0 1312.3 1249.6 1171.5 1497.9 1562.5 1580.7 1525.6 1442.6 1345.4 1233.3 1296.6 1308.8 1312.0 1429.7 -999.0 -999.0 -999.0 -999.0 -999.0 -999.0 -999.0 -999.0 -999.0 -999.0 -999.0 -999.0 -999.0 -999.0 -999.0 -999.0 -999.0 -999.0 -999.0 -999.0 -999.0 -999.0 -999.0 -999.0 -999.0 -999.0 -999.0 -999.0 -999.0 -999.0 -999.0 -999.0 -999.0 -999.0 -999.0 -999.0
968.4 1391.6 -999.0 1559.7 1530.9 1173.4 1428.1 1582.3 1068.8 1324.6 990.4 915.6 1188.3 1388.9 1098.1 1119.4 1682.4 1663.3 1601.3 1511.0 1396.3 1319.9 1102.5 1024.1 1297.8 1461.8 1589.8 1634.3 1519.4 1501.5 1442.1 1424.3 1261.6 1287.7 1516.8 -999.0 -999.0 -999.0 -999.0 -999.0 -999.0 -999.0 -999.0 -999.0 -999.0 -999.0 -999.0 -999.0 -999.0 -999.0 -999.0 -999.0 -999.0 -999.0 -999.0 -999.0 -999.0 -999.0 -999.0 -999.0 -999.0 -999.0 -999.0 -999.0 -999.0 -999.0 -999.0 -999.0 -999.0 -999.0 -999.0
1626.3 1634.4 -999.0 1616.0 1013.3 1339.3 -999.0 1487.7 1131.2 1306.9 1074.7 1169.0 1134.4 1618.7 1643.0 1470.0 1571.0 1556.1 1409.5 1539.5 891.3 901.8 1015.1 1028.9 1285.3 1528.7 1568.9 1675.9 1699.3 1628.1 1594.5 1526.8 1554.2 -999.0 -999.0 -999.0 -999.0 -999.0 1514.3 1545.0 1539.9 1600.3 -999.0 -999.0 -999.0 -999.0 -999.0 -999.0 -999.0 -999.0 -999.0 -999.0 -999.0 -999.0 -999.0 -999.0 -999.0 -999.0 -999.0 -999.0 -999.0 -999.0 -999.0 -999.0 -999.0 -999.0 -999.0 -999.0 -999.0 -999.0 -999.0
1402.0 -999.0 -999.0 1252.5 1570.3 1092.9 -999.0 1517.6 1045.5 1373.5 1588.2 946.4 1620.6 1750.4 1753.6 1692.1 1519.7 1357.7 1137.6 1380.9 1349.0 1435.3 1414.1 1437.7 1367.8 1379.1 1394.7 1486.7 1581.2 1503.2 1443.1 1478.8 1575.5 1617.1 1636.7 -999.0 -999.0 1592.4 1507.3 1421.1 1507.4 1524.5 1550.3 1591.4 -999.0 -999.0 -999.0 -999.0 -999.0 -999.0 -999.0 -999.0 -999.0 -999.0 -999.0 -999.0 -999.0 -999.0 -999.0 -999.0 -999.0 -999.0 -999.0 -999.0 -999.0 -999.0 -999.0 -999.0 -999.0 -999.0 -999.0
1698.3 -999.0 -999.0 1637.0 1346.9 1174.7 1613.0 1364.1 1538.4 1397.4 1320.7 1255.8 1682.7 1582.6 1380.5 1381.9 1386.9 1562.1 1564.5 1529.4 1567.7 1503.9 1488.9 1466.4 1388.3 1292.6 1301.3 1380.2 1268.2 1238.1 1416.3 1480.6 1510.5 1548.3 1517.6 1581.3 1543.8 1446.3 1410.4 1450.2 1388.9 1231.6 1275.0 1207.1 1517.0 -999.0 -999.0 -999.0 -999.0 -999.0 -999.0 -999.0 -999.0 -999.0 -999.0 -999.0 -999.0 -999.0 -999.0 -999.0 -999.0 -999.0 -999.0 -999.0 -999.0 -999.0 -999.0 -999.0 -999.0 -999.0 -999.0
-999.0 -999.0 -999.0 1436.1 1079.2 1411.4 1313.5 1638.9 1388.9 1465.4 1638.5 1680.2 -999.0 1360.4 1083.6 1371.1 1473.8 1590.1 1583.8 1665.1 1704.3 1521.6 1524.4 1478.1 1289.8 1221.6 1201.2 1272.1 1309.4 1313.4 1378.7 1395.1 1381.3 1302.9 1421.0 1508.5 1352.3 1383.1 1337.8 1355.8 1235.2 1097.3 1085.9 1052.7 1218.6 1178.2 1149.9 1465.5 -999.0 -999.0 -999.0 -999.0 -999.0 -999.0 -999.0 -999.0 -999.0 -999.0 -999.0 -999.0 -999.0 -999.0 -999.0 -999.0 -999.0 -999.0 -999.0 -999.0 -999.0 -999.0 -999.0
-999.0 -999.0 -999.0 1439.1 1476.0 1554.2 1135.5 1690.7 -999.0 1688.5 1551.2 1707.1 -999.0 1303.1 951.3 1270.8 1339.9 1544.8 1680.0 1632.8 1638.7 1717.4 1655.1 1569.8 1433.3 1195.0 1160.4 1154.1 1238.7 1233.9 1172.5 1160.9 1057.2 1168.5 1382.5 1445.9 1313.7 1287.1 1246.3 933.2 889.3 1053.0 1069.5 1147.7 1177.4 1165.4 1328.1 1363.7 -999.0 -999.0 -999.0 -999.0 -999.0 -999.0 -999.0 -999.0 -999.0 -999.0 -999.0 -999.0 -999.0 -999.0 -999.0 -999.0 -999.0 -999.0 -999.0 -999.0 -999.0 -999.0 -999.0
-999.0 -999.0 -999.0 -999.0 1487.7 1325.0 1498.0 1759.4 -999.0 -999.0 1661.9 1752.8 1631.1 1351.4 1124.2 1441.3 1365.6 1245.7 1388.3 1428.6 1528.6 1380.9 1555.9 1649.7 1518.0 1374.2 1213.3 1135.7 1029.3 1120.4 996.0 984.4 1113.7 1202.5 1191.6 1240.7 1184.6 1091.3 1019.8 1047.3 917.3 1039.4 1105.4 1154.0 1386.1 1370.6 1271.4 1263.4 1329.0 -999.0 -999.0 -999.0 -999.0 -999.0 -999.0 -999.0 -999.0 -999.0 -999.0 -999.0 -999.0 -999.0 -999.0 -999.0 -999.0 -999.0 -999.0 -999.0 -999.0 -999.0 -999.0
-999.0 -999.0 -999.0 1681.6 1419.3 1376.8 -999.0 -999.0 -999.0 -999.0 -999.0 1769.2 1748.1 1317.9 1391.9 1562.5 1406.9 1263.7 1185.9 1278.4 1374.8 1326.5 1317.5 1434.8 1541.9 1345.1 1158.2 1184.8 1152.0 1114.9 1009.4 1073.3 1152.9 1124.4 1131.1 939.5 978.0 1084.9 1105.7 1191.5 1074.2 1111.3 1190.5 1187.0 1367.2 1402.2 1388.1 1386.2 1430.2 -999.0 -999.0 -999.0 -999.0 -999.0 -999.0 -999.0 -999.0 -999.0 -999.0 -999.0 -999.0 -999.0 -999.0 -999.0 -999.0 -999.0 -999.0 -999.0 -999.0 -999.0 -999.0
-999.0 1727.8 -999.0 1297.9 1418.7 1655.0 1743.2 1471.5 1360.8 -999.0 -999.0 -999.0 1757.6 1511.9 1533.9 1535.6 1499.0 1393.6 1243.6 1170.0 1131.6 1117.5 1216.7 1257.2 1337.1 1527.1 1210.6 1227.1 1193.0 1186.8 1242.5 1252.1 1051.9 1120.0 925.8 753.6 845.0 1006.7 1021.8 1220.6 1193.0 1224.7 1232.9 1248.0 1386.5 1405.9 1426.2 1391.5 1364.5 1394.0 -999.0 -999.0 -999.0 -999.0 -999.0 -999.0 -999.0 -999.0 -999.0 -999.0 -999.0 -999.0 -999.0 -999.0 -999.0 -999.0 -999.0 -999.0 -999.0 -999.0 -999.0
-999.0 -999.0 1684.6 1240.8 1393.1 1692.2 1375.7 1181.8 1078.7 1661.5 -999.0 -999.0 -999.0 1729.5 1663.3 1663.4 1610.4 1548.5 1458.9 1256.5 1186.7 1177.7 1255.8 1269.1 1270.9 1278.3 1338.7 1281.5 1235.4 1102.2 1171.8 1015.1 1257.1 1109.1 1133.5 1128.9 867.1 901.5 1082.9 1171.8 1290.0 1322.2 1332.1 1341.7 1403.8 1411.5 1454.1 1386.3 1327.6 1378.4 1433.2 -999.0 -999.0 -999.0 -999.0 -999.0 -999.0 -999.0 -999.0 -999.0 -999.0 -999.0 -999.0 -999.0 -999.0 -999.0 -999.0 -999.0 -999.0 -999.0 -999.0
-999.0 -999.0 1529.0 1346.3 1195.6 1687.7 1700.4 1286.1 1197.2 1727.5 -999.0 -999.0 -999.0 -999.0 -999.0 1691.9 1672.7 1692.4 1628.7 1493.9 1385.5 1224.5 1033.1 1066.3 1182.3 1248.3 1323.5 1225.6 1202.6 1158.9 1224.7 1050.8 1267.4 1145.1 1068.4 1162.5 1352.3 1240.9 1317.6 1244.5 1372.8 1301.3 1350.3 1475.4 1496.0 1482.3 1453.6 1455.2 1283.1 1282.0 1352.3 1443.3 -999.0 -999.0 -999.0 -999.0 -999.0 -999.0 -999.0 -999.0 -999.0 -999.0 -999.0 -999.0 -999.0 -999.0 -999.0 -999.0 -999.0 -999.0 -999.0
-999.0 -999.0 1414.0 1199.7 1327.5 -999.0 1701.3 1582.7 995.4 1546.0 -999.0 -999.0 -999.0 -999.0 -999.0 1708.3 1611.1 1473.6 1534.7 1330.7 1121.6 1127.5 993.9 968.3 1036.7 1192.7 1125.3 1185.8 1209.5 1060.1 1029.2 1301.9 685.1 1069.0 868.5 1109.0 991.5 1064.4 1378.6 1231.3 1348.3 1406.9 1443.5 1430.7 1346.1 1306.6 1370.7 1321.1 1433.5 1286.8 1171.8 1370.0 1388.9 1484.2 -999.0 -999.0 -999.0 -999.0 -999.0 -999.0 -999.0 -999.0 -999.0 -999.0 -999.0 -999.0 -999.0 -999.0 -999.0 -999.0 -999.0
-999.0 -999.0 1407.4 1381.6 1594.9 -999.0 -999.0 1331.9 1064.7 1220.2 -999.0 -999.0 -999.0 -999.0 -999.0 1736.2 1720.0 1494.1 1490.6 1394.7 1224.7 1297.2 1189.1 1168.3 1033.8 1110.5 1091.0 1143.6 980.2 737.1 903.8 1022.6 602.9 725.1 1018.6 998.3 1169.0 1345.5 1276.0 1231.8 1338.3 1314.1 1323.5 1430.8 1386.8 1384.4 1251.6 1031.4 1179.8 1237.9 1205.0 1209.9 1374.5 1450.5 -999.0 -999.0 -999.0 -999.0 -999.0 -999.0 -999.0 -999.0 -999.0 -999.0 -999.0 -999.0 -999.0 -999.0 -999.0 -999.0 -999.0
-999.0 -999.0 1510.7 1464.9 -999.0 -999.0 -999.0 1664.3 1466.2 1399.9 -999.0 -999.0 -999.0 -999.0 -999.0 1692.6 1569.7 1502.8 1467.4 1417.3 1331.3 1221.6 973.2 888.4 1053.6 1002.2 1165.8 1165.3 1115.6 887.4 1138.4 791.5 871.8 991.1 914.6 895.5 1247.2 1136.3 1291.9 1219.3 1240.0 1407.0 1316.7 1274.7 1283.4 1339.6 949.5 916.6 957.8 1230.1 1208.7 1210.3 1310.2 1375.5 -999.0 -999.0 -999.0 -999.0 -999.0 -999.0 -999.0 -999.0 -999.0 -999.0 -999.0 -999.0 -999.0 -999.0 -999.0 -999.0 -999.0
-999.0 1287.6 1336.6 1120.9 1697.5 -999.0 -999.0 -999.0 -999.0 -999.0 -999.0 -999.0 -999.0 -999.0 1552.4 1564.8 1450.0 1435.6 1392.7 1301.5 1313.0 1161.5 1109.4 963.6 1096.8 1146.9 1023.6 1080.5 908.5 840.3 856.3 679.9 730.6 1034.7 968.7 931.4 1037.3 1157.6 1140.9 1300.2 1222.6 1183.8 1335.3 1228.5 1241.6 1051.4 1017.9 831.4 958.3 1261.6 1287.4 1348.5 1290.5 1353.1 -999.0 -999.0 -999.0 -999.0 -999.0 -999.0 -999.0 -999.0 -999.0 -999.0 -999.0 -999.0 -999.0 -999.0 -999.0 -999.0 -999.0
-999.0 1203.4 1212.0 1363.0 1694.9 -999.0 -999.0 -999.0 -999.0 -999.0 -999.0 -999.0 -999.0 -999.0 1298.6 1554.4 1411.1 1258.4 1147.7 1164.9 1238.8 1228.5 1186.7 1325.3 1212.5 995.8 992.2 1055.2 1020.9 1101.6 1198.2 719.0 1045.4 1003.2 1033.5 1018.5 1080.5 1182.4 1319.2 1118.7 1161.7 1176.4 1223.6 1184.7 1057.9 976.7 1056.3 970.6 1007.3 1270.5 1396.9 1391.3 1242.4 1413.4 -999.0 -999.0 -999.0 -999.0 -999.0 -999.0 -999.0 -999.0 -999.0 -999.0 -999.0 -999.0 -999.0 -999.0 -999.0 -999.0 -999.0
