GDD/GrowingDegreeDays_2003_Actual.txt
ncols         180
nrows         290
xllcorner     -200000
yllcorner     -200000
cellsize      5000
NODATA_value    -999
[rows 96 to 127 of 290, columns 71 to 141 of 180]
1426.7 1481.3 1674.3 1782.5 1356.1 1671.3 947.5 965.8 1262.3 1535.8 984.4 574.5 582.6 535.8 835.0 958.3 1025.2 741.7 835.3 708.0 661.2 972.6 991.4 1012.1 1281.5 1135.1 1305.2 1017.3 806.0 880.7 806.8 929.5 1003.2 921.8 866.8 989.6 1068.8 925.1 927.0 1322.8 1461.1 1589.5 1616.2 1374.0 1465.8 -999.0 -999.0 -999.0 -999.0 -999.0 -999.0 -999.0 -999.0 -999.0 -999.0 -999.0 -999.0 -999.0 -999.0 -999.0 -999.0 -999.0 -999.0 -999.0 -999.0 -999.0 -999.0 -999.0 -999.0 -999.0 -999.0
1393.9 1241.1 1697.0 1759.0 1341.0 1564.9 1127.8 1273.1 1539.7 1579.0 1104.7 704.3 1474.4 759.1 978.6 818.2 1043.7 813.4 1121.6 955.1 1026.6 1024.3 606.5 1069.4 1044.7 1147.6 1164.8 1209.7 821.6 978.8 1089.0 1036.6 829.9 1039.6 948.6 1132.8 1087.7 1146.4 1267.2 1474.9 1471.4 1451.9 1497.4 1623.0 -999.0 -999.0 -999.0 -999.0 -999.0 -999.0 -999.0 -999.0 -999.0 -999.0 -999.0 -999.0 -999.0 -999.0 -999.0 -999.0 -999.0 -999.0 -999.0 -999.0 -999.0 -999.0 -999.0 -999.0 -999.0 -999.0 -999.0
1450.0 1670.8 1093.2 1306.2 1256.7 921.1 659.5 1568.2 1680.0 740.2 1267.3 1391.0 739.5 933.7 722.4 941.6 749.3 1192.7 1328.4 1465.5 1285.0 1284.7 1268.0 999.6 1293.0 1075.1 979.7 1288.1 1090.9 937.3 1148.1 1177.3 1055.2 1075.3 1210.6 1112.4 1216.2 1424.6 1515.0 1569.9 1460.6 1560.5 1614.9 1592.3 -999.0 -999.0 -999.0 -999.0 -999.0 -999.0 -999.0 -999.0 -999.0 -999.0 -999.0 -999.0 -999.0 -999.0 -999.0 -999.0 -999.0 -999.0 -999.0 -999.0 -999.0 -999.0 -999.0 -999.0 -999.0 -999.0 -999.0
1404.2 1035.6 1424.8 1234.8 1184.6 1639.8 1642.1 -999.0 1355.7 717.2 940.5 652.5 1131.1 1303.1 1025.2 1134.5 1167.5 1149.6 1091.6 1018.3 904.5 796.2 542.1 771.4 1047.0 1018.3 1312.3 1441.3 1547.9 1065.3 985.0 1214.3 1233.7 1205.3 1402.0 1361.0 1419.4 1499.8 1510.6 1504.5 1500.8 1432.3 1424.0 -999.0 -999.0 -999.0 -999.0 -999.0 -999.0 -999.0 -999.0 -999.0 -999.0 -999.0 -999.0 -999.0 -999.0 -999.0 -999.0 -999.0 -999.0 -999.0 -999.0 -999.0 -999.0 -999.0 -999.0 -999.0 -999.0 -999.0 -999.0
1756.9 1460.5 1291.7 1418.2 1079.8 1522.8 -999.0 1651.1 1418.7 1682.6 1201.8 1389.4 982.6 551.8 1027.2 943.4 1098.2 811.2 645.8 763.9 980.0 1360.7 1250.3 1397.6 1118.5 1196.7 1187.1 1057.0 1145.5 1194.6 1127.3 1276.7 1443.8 1437.9 1558.2 1561.6 1466.9 1428.0 1465.9 1478.0 1476.4 1566.1 1526.6 -999.0 -999.0 -999.0 -999.0 -999.0 -999.0 -999.0 -999.0 -999.0 -999.0 -999.0 -999.0 -999.0 -999.0 -999.0 -999.0 -999.0 -999.0 -999.0 -999.0 -999.0 -999.0 -999.0 -999.0 -999.0 -999.0 -999.0 -999.0
1718.6 1542.1 1741.5 1288.1 1601.4 -999.0 1689.1 1663.8 1535.8 569.3 1009.2 429.0 928.7 1180.7 1288.1 934.7 873.3 1010.2 830.5 1078.3 860.1 738.1 894.4 1424.7 1082.3 892.7 854.8 1108.9 1111.3 1603.5 1362.9 1534.6 1597.0 1621.8 1611.4 1343.1 1345.2 1329.7 1382.7 1391.6 1441.4 1494.4 1588.8 -999.0 -999.0 -999.0 -999.0 -999.0 -999.0 -999.0 -999.0 -999.0 -999.0 -999.0 -999.0 -999.0 -999.0 -999.0 -999.0 -999.0 -999.0 -999.0 -999.0 -999.0 -999.0 -999.0 -999.0 -999.0 -999.0 -999.0 -999.0
1769.4 1710.8 991.5 1823.7 -999.0 1738.5 -999.0 1271.3 1141.6 927.7 1683.6 700.4 997.6 953.7 1134.6 499.9 1004.3 508.7 1012.4 1072.2 616.2 1192.3 1628.4 995.6 656.5 641.8 1201.4 1210.7 1180.2 1301.3 1497.8 1575.4 1581.9 1574.7 1234.6 1450.4 1482.0 1512.4 1479.5 1499.4 1565.1 1545.6 -999.0 -999.0 -999.0 -999.0 -999.0 -999.0 -999.0 -999.0 -999.0 -999.0 -999.0 -999.0 -999.0 -999.0 -999.0 -999.0 -999.0 -999.0 -999.0 -999.0 -999.0 -999.0 -999.0 -999.0 -999.0 -999.0 -999.0 -999.0 -999.0
798.5 968.2 1349.9 1811.7 -999.0 -999.0 1718.7 1618.2 1670.8 1597.1 1165.7 627.8 1475.6 1198.2 567.6 915.1 933.8 661.7 625.6 812.3 1390.0 833.9 852.0 652.0 833.5 1073.2 815.6 817.1 1184.9 1431.3 1616.8 1602.8 1470.9 1173.8 1449.2 1591.8 1572.8 1697.4 1680.6 1655.7 -999.0 -999.0 -999.0 -999.0 -999.0 -999.0 -999.0 -999.0 -999.0 -999.0 -999.0 -999.0 -999.0 -999.0 -999.0 -999.0 -999.0 -999.0 -999.0 -999.0 -999.0 -999.0 -999.0 -999.0 -999.0 -999.0 -999.0 -999.0 -999.0 -999.0 -999.0
1086.0 1459.3 1670.5 1769.7 -999.0 1751.7 1615.2 1442.8 1210.8 1463.0 1188.5 1577.6 1594.1 1284.3 967.7 1117.1 1343.3 1336.1 1161.7 924.6 649.9 1117.9 923.3 1020.7 866.1 790.6 1040.4 1127.2 1356.0 1532.9 1617.3 1624.8 1402.6 1488.7 1690.0 1722.5 1757.8 1696.0 1713.5 -999.0 -999.0 -999.0 -999.0 -999.0 -999.0 -999.0 -999.0 -999.0 -999.0 -999.0 -999.0 -999.0 -999.0 -999.0 -999.0 -999.0 -999.0 -999.0 -999.0 -999.0 -999.0 -999.0 -999.0 -999.0 -999.0 -999.0 -999.0 -999.0 -999.0 -999.0 -999.0
1602.4 1266.4 1541.6 -999.0 -999.0 1727.9 1228.0 1368.0 1119.1 1434.9 1629.6 1337.9 910.1 922.8 1059.6 1194.7 1089.7 794.2 1159.6 918.0 1298.2 1169.3 924.5 1292.7 1569.2 1568.5 1432.1 1539.5 1612.0 1578.1 1584.1 1748.1 1613.5 1686.3 1741.0 1556.7 1660.6 1601.3 1663.0 -999.0 -999.0 -999.0 -999.0 -999.0 -999.0 -999.0 -999.0 -999.0 -999.0 -999.0 -999.0 -999.0 -999.0 -999.0 -999.0 -999.0 -999.0 -999.0 -999.0 -999.0 -999.0 -999.0 -999.0 -999.0 -999.0 -999.0 -999.0 -999.0 -999.0 -999.0 -999.0
-999.0 -999.0 -999.0 -999.0 1709.5 1325.1 1325.5 1193.9 1280.6 1179.8 892.3 957.8 772.1 1300.3 975.6 1581.3 868.6 1448.7 709.6 1247.5 1014.0 641.4 1137.3 1392.8 1215.3 1305.0 1566.7 1569.9 1665.9 1738.7 1647.0 1747.8 1770.3 1658.6 1668.4 1675.6 1650.5 1727.7 1663.6 1734.4 -999.0 -999.0 -999.0 -999.0 -999.0 -999.0 -999.0 -999.0 -999.0 -999.0 -999.0 -999.0 -999.0 -999.0 -999.0 -999.0 -999.0 -999.0 -999.0 -999.0 -999.0 -999.0 -999.0 -999.0 -999.0 -999.0 -999.0 -999.0 -999.0 -999.0 -999.0
-999.0 -999.0 -999.0 -999.0 1670.9 1709.4 1296.7 1159.9 1579.0 1043.1 1316.5 1590.8 1158.7 935.0 1064.1 1856.3 974.6 1043.6 969.1 1258.3 905.8 1109.0 1022.8 836.1 1144.9 1258.3 1362.3 1471.4 1487.5 1425.1 1393.3 1296.3 1390.3 1619.8 1775.2 1732.0 1522.2 1670.8 1518.7 1603.9 1632.4 -999.0 -999.0 -999.0 -999.0 -999.0 -999.0 -999.0 -999.0 -999.0 -999.0 -999.0 -999.0 -999.0 -999.0 -999.0 -999.0 -999.0 -999.0 -999.0 -999.0 -999.0 -999.0 -999.0 -999.0 -999.0 -999.0 -999.0 -999.0 -999.0 -999.0
-999.0 -999.0 -999.0 1695.5 1681.3 1622.6 1234.6 1459.2 1199.3 1182.7 1371.9 1626.9 1077.9 1046.9 845.0 1761.4 1091.4 1230.0 1172.3 1266.4 1144.3 1626.2 1434.8 1327.1 1360.1 1548.3 1360.6 1169.3 958.3 1081.3 1182.4 1357.3 1491.0 1400.9 1752.3 1594.8 1519.2 1515.8 1548.1 1595.1 1621.7 1684.0 -999.0 -999.0 -999.0 -999.0 -999.0 -999.0 -999.0 -999.0 -999.0 -999.0 -999.0 -999.0 -999.0 -999.0 -999.0 -999.0 -999.0 -999.0 -999.0 -999.0 -999.0 -999.0 -999.0 -999.0 -999.0 -999.0 -999.0 -999.0 -999.0
-999.0 -999.0 1698.8 -999.0 1644.2 1468.8 1612.4 1194.0 1018.7 1575.0 1691.7 1269.3 844.1 1218.2 1835.5 1567.4 613.8 1476.7 1493.0 1382.8 1338.0 1535.9 1585.0 1673.7 1598.1 1278.2 884.0 954.2 1155.2 1269.7 1464.0 1504.0 1532.4 1431.3 1578.8 1588.3 1703.1 1801.2 1800.2 1794.6 1777.0 -999.0 -999.0 -999.0 -999.0 -999.0 -999.0 -999.0 -999.0 -999.0 -999.0 -999.0 -999.0 -999.0 -999.0 -999.0 -999.0 -999.0 -999.0 -999.0 -999.0 -999.0 -999.0 -999.0 -999.0 -999.0 -999.0 -999.0 -999.0 -999.0 -999.0
-999.0 1742.0 1290.1 -999.0 1738.5 1706.7 1552.4 1470.3 1488.4 1481.5 955.1 1543.7 1025.6 1020.5 1058.9 1407.7 1657.9 885.4 1450.3 1663.9 1745.3 1745.6 1772.1 1796.6 1804.0 1435.6 1631.8 1682.2 1702.7 1539.6 1389.6 1514.8 1532.2 1609.6 1668.1 1643.5 1761.0 -999.0 -999.0 -999.0 -999.0 -999.0 -999.0 -999.0 -999.0 -999.0 -999.0 -999.0 -999.0 -999.0 -999.0 -999.0 -999.0 -999.0 -999.0 -999.0 -999.0 -999.0 -999.0 -999.0 -999.0 -999.0 -999.0 -999.0 -999.0 -999.0 -999.0 -999.0 -999.0 -999.0 -999.0
1741.6 1483.1 1610.9 -999.0 1361.3 1755.0 1443.9 1543.5 1751.1 1092.2 1093.2 946.3 908.9 1710.6 1118.9 1131.3 1757.7 1414.2 1325.1 1572.6 1546.6 1469.7 1412.6 1345.2 1784.0 1795.1 1806.3 1732.3 1630.4 1535.6 1422.0 1519.6 1557.4 1561.2 1687.3 -999.0 -999.0 -999.0 -999.0 -999.0 -999.0 -999.0 -999.0 -999.0 -999.0 -999.0 -999.0 -999.0 -999.0 -999.0 -999.0 -999.0 -999.0 -999.0 -999.0 -999.0 -999.0 -999.0 -999.0 -999.0 -999.0 -999.0 -999.0 -999.0 -999.0 -999.0 -999.0 -999.0 -999.0 -999.0 -999.0
1004.9 1512.0 -999.0 1711.4 1708.4 1296.4 1563.2 1742.7 1111.2 1422.3 1054.0 954.8 1252.5 1476.9 1137.2 1155.4 1814.8 1811.8 1762.6 1674.5 1547.6 1473.3 1245.8 1178.3 1514.3 1692.1 1816.3 1857.3 1712.7 1702.2 1642.4 1626.1 1463.3 1466.0 1719.6 -999.0 -999.0 -999.0 -999.0 -999.0 -999.0 -999.0 -999.0 -999.0 -999.0 -999.0 -999.0 -999.0 -999.0 -999.0 -999.0 -999.0 -999.0 -999.0 -999.0 -999.0 -999.0 -999.0 -999.0 -999.0 -999.0 -999.0 -999.0 -999.0 -999.0 -999.0 -999.0 -999.0 -999.0 -999.0 -999.0
1788.0 1780.9 -999.0 1749.6 1082.5 1459.4 -999.0 1619.1 1180.5 1421.2 1153.4 1250.5 1173.7 1715.9 1758.0 1562.4 1660.8 1665.7 1531.3 1711.9 947.8 975.3 1140.3 1177.3 1493.0 1777.1 1797.7 1922.8 1943.6 1850.8 1822.0 1737.2 1798.9 -999.0 -999.0 -999.0 -999.0 -999.0 1690.2 1736.4 1737.8 1837.3 -999.0 -999.0 -999.0 -999.0 -999.0 -999.0 -999.0 -999.0 -999.0 -999.0 -999.0 -999.0 -999.0 -999.0 -999.0 -999.0 -999.0 -999.0 -999.0 -999.0 -999.0 -999.0 -999.0 -999.0 -999.0 -999.0 -999.0 -999.0 -999.0
1509.0 -999.0 -999.0 1303.3 1747.9 1147.8 -999.0 1641.8 1083.3 1497.9 1769.7 960.7 1746.6 1831.8 1821.0 1800.1 1617.8 1449.5 1201.8 1502.5 1487.8 1604.6 1599.4 1652.6 1589.3 1594.3 1591.0 1698.5 1805.6 1711.8 1653.8 1707.9 1811.3 1820.3 1811.6 -999.0 -999.0 1802.0 1756.4 1698.4 1814.4 1821.8 1821.0 1838.2 -999.0 -999.0 -999.0 -999.0 -999.0 -999.0 -999.0 -999.0 -999.0 -999.0 -999.0 -999.0 -999.0 -999.0 -999.0 -999.0 -999.0 -999.0 -999.0 -999.0 -999.0 -999.0 -999.0 -999.0 -999.0 -999.0 -999.0
1828.5 -999.0 -999.0 1766.3 1475.0 1249.8 1776.3 1458.7 1654.4 1513.2 1423.1 1307.1 1790.4 1650.3 1399.4 1449.2 1498.5 1708.6 1707.6 1651.9 1707.5 1659.5 1661.6 1657.5 1584.8 1491.8 1502.2 1592.9 1464.3 1421.7 1643.3 1743.5 1762.8 1779.9 1712.1 1799.4 1759.8 1669.8 1685.5 1780.4 1692.1 1479.9 1522.4 1419.5 1806.1 -999.0 -999.0 -999.0 -999.0 -999.0 -999.0 -999.0 -999.0 -999.0 -999.0 -999.0 -999.0 -999.0 -999.0 -999.0 -999.0 -999.0 -999.0 -999.0 -999.0 -999.0 -999.0 -999.0 -999.0 -999.0 -999.0
-999.0 -999.0 -999.0 1508.0 1148.4 1567.6 1427.1 1770.0 1454.4 1573.3 1806.7 1823.0 -999.0 1427.0 1136.5 1499.0 1640.7 1761.6 1762.3 1788.3 1780.4 1656.5 1679.1 1645.6 1459.3 1437.7 1406.4 1479.1 1526.4 1513.6 1600.4 1607.4 1600.9 1498.7 1648.2 1762.1 1565.7 1622.9 1600.6 1636.8 1480.0 1311.0 1314.6 1271.9 1477.6 1424.0 1368.9 1750.8 -999.0 -999.0 -999.0 -999.0 -999.0 -999.0 -999.0 -999.0 -999.0 -999.0 -999.0 -999.0 -999.0 -999.0 -999.0 -999.0 -999.0 -999.0 -999.0 -999.0 -999.0 -999.0 -999.0
-999.0 -999.0 -999.0 1500.1 1623.1 1747.4 1177.0 1787.6 -999.0 1798.7 1655.3 1832.4 -999.0 1388.9 1009.5 1406.9 1508.2 1726.2 1818.0 1733.9 1743.9 1868.0 1834.1 1741.4 1616.3 1391.7 1350.9 1337.4 1440.2 1430.4 1352.4 1317.5 1192.4 1320.5 1586.5 1701.9 1540.8 1507.4 1476.4 1099.1 1054.2 1264.1 1293.4 1397.9 1443.9 1446.6 1654.9 1663.2 -999.0 -999.0 -999.0 -999.0 -999.0 -999.0 -999.0 -999.0 -999.0 -999.0 -999.0 -999.0 -999.0 -999.0 -999.0 -999.0 -999.0 -999.0 -999.0 -999.0 -999.0 -999.0 -999.0
-999.0 -999.0 -999.0 -999.0 1638.8 1443.4 1588.9 1841.2 -999.0 -999.0 1727.2 1842.8 1752.1 1467.8 1204.9 1607.6 1541.1 1392.7 1541.1 1570.1 1679.5 1571.0 1771.0 1859.7 1715.4 1568.9 1387.6 1303.3 1181.3 1296.2 1143.8 1130.3 1288.5 1382.4 1376.1 1453.8 1394.8 1282.8 1208.0 1255.2 1099.2 1251.1 1331.8 1396.0 1706.4 1707.6 1597.9 1559.9 1596.2 -999.0 -999.0 -999.0 -999.0 -999.0 -999.0 -999.0 -999.0 -999.0 -999.0 -999.0 -999.0 -999.0 -999.0 -999.0 -999.0 -999.0 -999.0 -999.0 -999.0 -999.0 -999.0
-999.0 -999.0 -999.0 1830.4 1545.1 1472.3 -999.0 -999.0 -999.0 -999.0 -999.0 1838.3 1877.4 1409.3 1487.4 1716.6 1568.4 1406.5 1310.3 1426.4 1569.5 1610.1 1542.3 1639.7 1763.5 1526.9 1305.3 1351.2 1326.4 1287.6 1159.8 1253.9 1357.6 1310.4 1322.8 1102.3 1161.7 1306.6 1345.6 1461.6 1291.3 1334.0 1431.4 1434.5 1682.5 1743.5 1733.9 1737.6 1749.3 -999.0 -999.0 -999.0 -999.0 -999.0 -999.0 -999.0 -999.0 -999.0 -999.0 -999.0 -999.0 -999.0 -999.0 -999.0 -999.0 -999.0 -999.0 -999.0 -999.0 -999.0 -999.0
-999.0 1767.2 -999.0 1406.2 1553.3 1809.7 1878.8 1526.3 1387.9 -999.0 -999.0 -999.0 1852.6 1601.8 1635.2 1672.3 1652.5 1534.1 1364.8 1302.3 1286.7 1300.7 1417.5 1450.8 1530.8 1745.5 1363.7 1403.2 1383.2 1378.2 1438.3 1455.8 1219.7 1323.1 1113.2 915.6 1022.4 1225.4 1255.8 1508.3 1439.7 1470.1 1470.3 1502.1 1720.6 1749.5 1765.9 1752.6 1725.4 1757.2 -999.0 -999.0 -999.0 -999.0 -999.0 -999.0 -999.0 -999.0 -999.0 -999.0 -999.0 -999.0 -999.0 -999.0 -999.0 -999.0 -999.0 -999.0 -999.0 -999.0 -999.0
-999.0 -999.0 1822.8 1363.0 1536.7 1851.8 1446.1 1235.1 1110.7 1749.4 -999.0 -999.0 -999.0 1809.8 1765.8 1803.4 1755.7 1677.2 1592.5 1402.0 1364.1 1384.2 1473.5 1471.7 1454.6 1447.7 1508.4 1463.8 1441.0 1294.6 1365.8 1169.8 1486.1 1371.7 1484.4 1434.5 1054.6 1081.8 1303.5 1417.0 1554.7 1587.1 1587.3 1605.7 1722.8 1731.8 1780.7 1720.0 1685.4 1760.4 1796.1 -999.0 -999.0 -999.0 -999.0 -999.0 -999.0 -999.0 -999.0 -999.0 -999.0 -999.0 -999.0 -999.0 -999.0 -999.0 -999.0 -999.0 -999.0 -999.0 -999.0
-999.0 -999.0 1657.2 1504.0 1296.1 1848.2 1846.6 1378.7 1256.6 1813.2 -999.0 -999.0 -999.0 -999.0 -999.0 1810.7 1808.3 1799.6 1775.0 1676.1 1587.5 1428.6 1197.1 1222.9 1352.7 1421.0 1490.7 1375.1 1414.3 1395.2 1445.5 1223.8 1518.8 1439.9 1417.2 1492.7 1654.2 1478.7 1592.3 1477.3 1639.6 1552.7 1608.4 1743.5 1774.0 1778.8 1760.1 1784.5 1599.1 1630.5 1718.5 1805.8 -999.0 -999.0 -999.0 -999.0 -999.0 -999.0 -999.0 -999.0 -999.0 -999.0 -999.0 -999.0 -999.0 -999.0 -999.0 -999.0 -999.0 -999.0 -999.0
-999.0 -999.0 1554.8 1343.4 1451.5 -999.0 1844.0 1747.5 1061.0 1673.3 -999.0 -999.0 -999.0 -999.0 -999.0 1807.0 1737.6 1602.3 1685.0 1482.4 1265.8 1291.0 1144.6 1110.7 1183.4 1364.4 1274.7 1348.1 1415.7 1258.8 1191.4 1514.1 816.4 1303.6 1088.7 1381.0 1197.6 1256.9 1641.3 1457.2 1589.9 1660.9 1729.0 1675.8 1567.2 1536.9 1640.0 1606.1 1784.3 1632.3 1502.5 1745.7 1730.4 1798.0 -999.0 -999.0 -999.0 -999.0 -999.0 -999.0 -999.0 -999.0 -999.0 -999.0 -999.0 -999.0 -999.0 -999.0 -999.0 -999.0 -999.0
-999.0 -999.0 1597.0 1577.9 1764.4 -999.0 -999.0 1442.1 1176.5 1339.5 -999.0 -999.0 -999.0 -999.0 -999.0 1825.9 1816.2 1657.0 1659.1 1563.3 1378.5 1475.0 1358.4 1337.6 1176.8 1272.5 1249.1 1314.2 1133.5 860.5 1035.0 1180.2 720.6 877.3 1249.0 1212.4 1398.4 1589.8 1508.7 1462.1 1584.0 1554.8 1568.6 1684.9 1618.5 1604.3 1463.3 1228.4 1468.7 1595.2 1565.1 1563.5 1744.9 1792.0 -999.0 -999.0 -999.0 -999.0 -999.0 -999.0 -999.0 -999.0 -999.0 -999.0 -999.0 -999.0 -999.0 -999.0 -999.0 -999.0 -999.0
-999.0 -999.0 1768.9 1699.2 -999.0 -999.0 -999.0 1824.1 1636.3 1547.9 -999.0 -999.0 -999.0 -999.0 -999.0 1823.3 1781.4 1693.4 1648.9 1610.5 1525.3 1382.0 1094.3 1002.3 1198.1 1140.6 1330.6 1336.7 1294.5 1032.7 1330.1 926.0 1025.3 1188.7 1109.1 1071.9 1491.2 1340.3 1535.7 1457.7 1486.8 1684.2 1563.7 1497.4 1481.4 1546.5 1078.5 1072.8 1183.9 1584.8 1565.4 1550.4 1666.6 1701.3 -999.0 -999.0 -999.0 -999.0 -999.0 -999.0 -999.0 -999.0 -999.0 -999.0 -999.0 -999.0 -999.0 -999.0 -999.0 -999.0 -999.0
-999.0 1455.8 1591.7 1297.0 1891.5 -999.0 -999.0 -999.0 -999.0 -999.0 -999.0 -999.0 -999.0 -999.0 1656.5 1711.6 1619.2 1620.2 1567.1 1484.5 1515.0 1323.0 1256.8 1089.0 1245.9 1304.1 1148.7 1226.3 1047.9 977.7 992.5 804.8 870.1 1243.9 1166.0 1112.0 1234.3 1381.5 1367.2 1579.2 1492.0 1435.0 1604.5 1455.2 1438.8 1196.2 1166.9 973.8 1169.3 1591.0 1633.4 1705.5 1630.9 1663.7 -999.0 -999.0 -999.0 -999.0 -999.0 -999.0 -999.0 -999.0 -999.0 -999.0 -999.0 -999.0 -999.0 -999.0 -999.0 -999.0 -999.0
-999.0 1344.2 1422.0 1564.5 1877.4 -999.0 -999.0 -999.0 -999.0 -999.0 -999.0 -999.0 -999.0 -999.0 1416.4 1757.6 1601.7 1409.0 1276.4 1311.6 1415.7 1407.7 1356.8 1524.2 1390.0 1124.5 1119.6 1209.5 1189.0 1282.6 1394.4 843.4 1234.7 1192.9 1233.1 1219.1 1292.3 1420.8 1600.2 1371.2 1438.8 1461.6 1489.2 1417.8 1236.0 1123.1 1233.2 1154.1 1212.5 1564.6 1730.9 1730.4 1553.9 1739.1 -999.0 -999.0 -999.0 -999.0 -999.0 -999.0 -999.0 -999.0 -999.0 -999.0 -999.0 -999.0 -999.0 -999.0 -999.0 -999.0 -999.0
