GDD/GrowingDegreeDays_1962_Actual.txt
ncols         180
nrows         290
xllcorner     -200000
yllcorner     -200000
cellsize      5000
NODATA_value    -999
[rows 64 to 95 of 290, columns 72 to 143 of 180]
-999.0 -999.0 -999.0 -999.0 -999.0 -999.0 -999.0 -999.0 1289.4 1075.2 1069.8 1033.7 784.8 814.4 649.8 821.6 886.0 831.5 844.3 378.7 817.2 490.2 751.7 701.3 852.4 889.1 783.7 622.5 653.4 492.6 823.3 -999.0 -999.0 -999.0 -999.0 -999.0 -999.0 -999.0 -999.0 -999.0 -999.0 -999.0 -999.0 -999.0 -999.0 -999.0 -999.0 -999.0 -999.0 -999.0 -999.0 -999.0 -999.0 -999.0 -999.0 -999.0 -999.0 -999.0 -999.0 -999.0 -999.0 -999.0 -999.0 -999.0 -999.0 -999.0 -999.0 -999.0 -999.0 -999.0 -999.0 -999.0
-999.0 -999.0 -999.0 -999.0 -999.0 -999.0 -999.0 -999.0 -999.0 1257.2 1066.4 850.7 804.3 810.8 773.6 778.7 1090.2 981.3 947.3 726.8 670.4 630.8 753.4 831.9 751.3 786.0 817.5 759.3 793.2 851.9 1081.3 -999.0 -999.0 -999.0 -999.0 -999.0 -999.0 -999.0 -999.0 -999.0 -999.0 -999.0 -999.0 -999.0 -999.0 -999.0 -999.0 -999.0 -999.0 -999.0 -999.0 -999.0 -999.0 -999.0 -999.0 -999.0 -999.0 -999.0 -999.0 -999.0 -999.0 -999.0 -999.0 -999.0 -999.0 -999.0 -999.0 -999.0 -999.0 -999.0 -999.0 -999.0
-999.0 -999.0 -999.0 -999.0 -999.0 -999.0 -999.0 1330.2 -999.0 1255.3 1102.1 827.3 802.8 721.3 511.9 967.4 892.5 1098.9 961.3 948.6 840.9 741.5 907.9 862.2 781.5 712.9 686.4 799.1 939.4 1105.5 -999.0 -999.0 -999.0 -999.0 -999.0 -999.0 -999.0 -999.0 -999.0 -999.0 -999.0 -999.0 -999.0 -999.0 -999.0 -999.0 -999.0 -999.0 -999.0 -999.0 -999.0 -999.0 -999.0 -999.0 -999.0 -999.0 -999.0 -999.0 -999.0 -999.0 -999.0 -999.0 -999.0 -999.0 -999.0 -999.0 -999.0 -999.0 -999.0 -999.0 -999.0 -999.0
-999.0 -999.0 -999.0 -999.0 -999.0 -999.0 -999.0 1326.2 1262.4 1176.7 1169.3 824.1 1121.3 957.8 1036.4 914.0 983.7 826.9 1080.3 1032.2 897.0 911.3 855.2 844.7 920.0 658.5 829.1 868.2 -999.0 -999.0 -999.0 -999.0 -999.0 -999.0 -999.0 -999.0 -999.0 -999.0 -999.0 -999.0 -999.0 -999.0 -999.0 -999.0 -999.0 -999.0 -999.0 -999.0 -999.0 -999.0 -999.0 -999.0 -999.0 -999.0 -999.0 -999.0 -999.0 -999.0 -999.0 -999.0 -999.0 -999.0 -999.0 -999.0 -999.0 -999.0 -999.0 -999.0 -999.0 -999.0 -999.0 -999.0
-999.0 -999.0 -999.0 -999.0 -999.0 -999.0 -999.0 -999.0 1277.0 734.5 1201.4 1007.4 939.0 946.8 1089.8 806.2 941.9 831.9 879.4 1066.8 968.2 981.0 928.3 868.7 874.2 815.8 1107.0 -999.0 -999.0 -999.0 -999.0 -999.0 -999.0 -999.0 -999.0 -999.0 -999.0 -999.0 -999.0 -999.0 -999.0 -999.0 -999.0 -999.0 -999.0 -999.0 -999.0 -999.0 -999.0 -999.0 -999.0 -999.0 -999.0 -999.0 -999.0 -999.0 -999.0 -999.0 -999.0 -999.0 -999.0 -999.0 -999.0 -999.0 -999.0 -999.0 -999.0 -999.0 -999.0 -999.0 -999.0 -999.0
-999.0 -999.0 -999.0 -999.0 -999.0 -999.0 -999.0 -999.0 -999.0 1301.9 955.9 1222.4 1029.8 681.6 1037.3 1004.5 1020.6 1162.9 964.2 1106.8 959.3 883.2 1086.6 848.8 977.1 1081.1 -999.0 -999.0 -999.0 -999.0 -999.0 -999.0 -999.0 -999.0 -999.0 -999.0 -999.0 -999.0 -999.0 -999.0 -999.0 -999.0 -999.0 -999.0 -999.0 -999.0 -999.0 -999.0 -999.0 -999.0 -999.0 -999.0 -999.0 -999.0 -999.0 -999.0 -999.0 -999.0 -999.0 -999.0 -999.0 -999.0 -999.0 -999.0 -999.0 -999.0 -999.0 -999.0 -999.0 -999.0 -999.0 -999.0
-999.0 -999.0 -999.0 -999.0 -999.0 1356.4 -999.0 -999.0 1354.4 1328.6 1097.6 930.8 854.8 862.7 1049.8 989.9 812.6 952.6 1046.4 1170.8 984.9 908.0 930.9 1139.2 1154.6 -999.0 -999.0 -999.0 -999.0 -999.0 -999.0 -999.0 -999.0 -999.0 -999.0 -999.0 -999.0 -999.0 -999.0 -999.0 -999.0 -999.0 -999.0 -999.0 -999.0 -999.0 -999.0 -999.0 -999.0 -999.0 -999.0 -999.0 -999.0 -999.0 -999.0 -999.0 -999.0 -999.0 -999.0 -999.0 -999.0 -999.0 -999.0 -999.0 -999.0 -999.0 -999.0 -999.0 -999.0 -999.0 -999.0 -999.0
-999.0 -999.0 -999.0 1228.8 1359.4 1252.8 1344.1 1161.1 1330.9 924.9 1241.8 675.0 802.0 832.1 855.5 733.3 774.3 803.4 1131.1 1031.3 1098.1 884.4 960.4 1057.1 1177.9 -999.0 -999.0 -999.0 -999.0 -999.0 -999.0 -999.0 -999.0 -999.0 -999.0 -999.0 -999.0 -999.0 -999.0 -999.0 -999.0 -999.0 -999.0 -999.0 -999.0 -999.0 -999.0 -999.0 -999.0 -999.0 -999.0 -999.0 -999.0 -999.0 -999.0 -999.0 -999.0 -999.0 -999.0 -999.0 -999.0 -999.0 -999.0 -999.0 -999.0 -999.0 -999.0 -999.0 -999.0 -999.0 -999.0 -999.0
-999.0 -999.0 -999.0 936.9 1298.0 1298.7 1144.8 1076.1 897.9 653.0 823.9 1230.9 669.3 602.1 670.1 605.1 886.1 793.5 532.5 950.3 1114.8 1140.6 1169.3 1171.6 -999.0 -999.0 1172.6 -999.0 -999.0 -999.0 -999.0 -999.0 -999.0 -999.0 -999.0 -999.0 -999.0 -999.0 -999.0 -999.0 -999.0 -999.0 -999.0 -999.0 -999.0 -999.0 -999.0 -999.0 -999.0 -999.0 -999.0 -999.0 -999.0 -999.0 -999.0 -999.0 -999.0 -999.0 -999.0 -999.0 -999.0 -999.0 -999.0 -999.0 -999.0 -999.0 -999.0 -999.0 -999.0 -999.0 -999.0 -999.0
-999.0 -999.0 -999.0 1079.3 1184.2 1305.8 1096.2 740.5 1049.5 394.1 908.7 890.8 603.3 521.3 596.7 613.9 603.0 512.2 648.4 776.8 681.2 947.4 848.6 1112.7 1146.7 1148.4 1169.8 -999.0 -999.0 -999.0 -999.0 -999.0 -999.0 -999.0 -999.0 -999.0 -999.0 -999.0 -999.0 -999.0 -999.0 -999.0 -999.0 -999.0 -999.0 -999.0 -999.0 -999.0 -999.0 -999.0 -999.0 -999.0 -999.0 -999.0 -999.0 -999.0 -999.0 -999.0 -999.0 -999.0 -999.0 -999.0 -999.0 -999.0 -999.0 -999.0 -999.0 -999.0 -999.0 -999.0 -999.0 -999.0
-999.0 -999.0 -999.0 1310.5 1067.4 1290.8 1005.8 969.4 630.7 766.5 764.2 899.6 874.2 831.8 550.7 678.5 620.8 639.6 888.5 911.1 792.2 937.5 878.4 1076.5 1127.6 1122.4 -999.0 -999.0 -999.0 -999.0 -999.0 -999.0 -999.0 -999.0 -999.0 -999.0 -999.0 -999.0 -999.0 -999.0 -999.0 -999.0 -999.0 -999.0 -999.0 -999.0 -999.0 -999.0 -999.0 -999.0 -999.0 -999.0 -999.0 -999.0 -999.0 -999.0 -999.0 -999.0 -999.0 -999.0 -999.0 -999.0 -999.0 -999.0 -999.0 -999.0 -999.0 -999.0 -999.0 -999.0 -999.0 -999.0
-999.0 -999.0 -999.0 1239.5 1273.6 1156.1 1328.8 580.6 750.0 720.2 767.3 573.8 335.1 665.6 803.8 838.1 571.2 656.5 868.0 801.4 925.4 993.8 1105.6 1160.9 1013.5 -999.0 -999.0 -999.0 -999.0 -999.0 -999.0 -999.0 -999.0 -999.0 -999.0 -999.0 -999.0 -999.0 -999.0 -999.0 -999.0 -999.0 -999.0 -999.0 -999.0 -999.0 -999.0 -999.0 -999.0 -999.0 -999.0 -999.0 -999.0 -999.0 -999.0 -999.0 -999.0 -999.0 -999.0 -999.0 -999.0 -999.0 -999.0 -999.0 -999.0 -999.0 -999.0 -999.0 -999.0 -999.0 -999.0 -999.0
-999.0 -999.0 1394.0 1070.0 990.3 759.4 951.2 1289.9 814.0 814.0 749.4 803.4 750.8 819.5 672.0 848.8 866.2 423.7 731.1 864.1 1138.7 1166.9 1176.3 1202.3 -999.0 -999.0 -999.0 -999.0 -999.0 -999.0 1205.3 1183.0 1156.9 1204.2 -999.0 -999.0 1217.4 1091.6 1119.2 1169.4 1160.8 -999.0 -999.0 -999.0 1100.8 -999.0 1097.2 1093.6 -999.0 -999.0 -999.0 -999.0 -999.0 -999.0 -999.0 -999.0 -999.0 -999.0 -999.0 -999.0 -999.0 -999.0 -999.0 -999.0 -999.0 -999.0 -999.0 -999.0 -999.0 -999.0 -999.0 -999.0
-999.0 -999.0 -999.0 1213.3 946.8 731.9 863.4 811.5 1255.6 812.3 851.5 685.0 820.0 899.9 1139.2 974.0 744.9 783.8 895.1 1043.5 1076.9 1046.6 1012.4 1230.9 -999.0 -999.0 -999.0 1240.1 1247.2 1203.2 1183.8 1190.0 1251.5 1210.9 1182.4 1167.3 1071.7 961.6 956.7 1060.4 1079.5 1095.6 1032.4 926.4 896.9 952.5 1002.0 1018.4 1013.9 -999.0 -999.0 -999.0 -999.0 -999.0 -999.0 -999.0 -999.0 -999.0 -999.0 -999.0 -999.0 -999.0 -999.0 -999.0 -999.0 -999.0 -999.0 -999.0 -999.0 -999.0 -999.0 -999.0
1262.0 -999.0 1240.1 1388.0 1299.0 1241.6 457.1 1184.6 918.4 1056.6 814.5 966.8 757.8 784.7 711.3 999.5 1104.6 1086.5 1017.8 1158.4 995.4 1112.8 1050.4 1227.9 1219.1 1206.4 1166.4 1192.4 1194.2 1080.5 957.5 1122.2 1160.3 1047.8 1149.7 898.1 796.3 837.8 887.1 1008.3 923.9 989.2 1033.0 970.0 871.8 918.2 952.5 810.1 964.0 1016.7 -999.0 -999.0 -999.0 -999.0 -999.0 -999.0 -999.0 -999.0 -999.0 -999.0 -999.0 -999.0 -999.0 -999.0 -999.0 -999.0 -999.0 -999.0 -999.0 -999.0 -999.0 -999.0
-999.0 1348.7 820.9 1010.8 1070.3 628.8 806.2 539.2 1056.2 834.6 802.9 866.9 861.6 1011.5 622.9 722.5 728.6 1072.4 1184.1 1041.4 1173.5 1286.2 -999.0 1283.1 1163.3 1155.4 1059.2 1051.2 1078.4 1011.5 1024.2 898.1 887.2 938.5 1002.8 934.7 938.4 976.7 990.2 891.9 985.7 1012.0 1003.7 941.0 944.7 932.0 939.7 926.3 904.6 968.5 1043.1 -999.0 -999.0 -999.0 -999.0 -999.0 -999.0 -999.0 -999.0 -999.0 -999.0 -999.0 -999.0 -999.0 -999.0 -999.0 -999.0 -999.0 -999.0 -999.0 -999.0 -999.0
-999.0 1359.2 1174.3 915.5 811.0 1046.0 554.3 648.9 993.0 891.8 710.5 630.6 631.4 830.2 820.1 656.0 759.9 830.5 1188.7 1237.1 1286.5 1316.7 1248.6 1067.1 985.9 979.0 989.2 1047.6 934.1 869.7 876.5 751.8 833.1 990.6 859.8 829.6 813.0 873.8 1071.1 1076.1 1096.0 1023.5 1026.9 954.5 972.0 935.5 976.6 969.8 968.7 964.9 1033.1 -999.0 -999.0 -999.0 -999.0 -999.0 -999.0 -999.0 -999.0 -999.0 -999.0 -999.0 -999.0 -999.0 -999.0 -999.0 -999.0 -999.0 -999.0 -999.0 -999.0 -999.0
-999.0 -999.0 949.6 596.3 958.3 766.1 1295.3 1015.7 940.4 927.1 638.0 756.8 432.3 463.1 540.0 741.8 902.1 1066.5 1141.8 899.8 1085.3 1228.4 1029.3 858.5 726.0 796.0 872.9 848.9 867.9 716.5 700.8 939.8 944.1 974.2 1020.1 869.8 865.8 924.6 1036.5 1083.3 1039.7 922.9 1044.4 1002.1 1006.6 906.9 994.7 940.7 938.5 939.0 1015.4 -999.0 -999.0 -999.0 -999.0 -999.0 -999.0 -999.0 -999.0 -999.0 -999.0 -999.0 -999.0 -999.0 -999.0 -999.0 -999.0 -999.0 -999.0 -999.0 -999.0 -999.0
-999.0 -999.0 1210.5 1260.0 1205.9 1250.8 1027.0 838.7 607.7 920.9 787.1 813.2 891.1 925.5 745.0 747.7 771.1 825.3 902.7 674.2 1096.5 955.2 964.3 817.2 605.8 671.6 825.2 794.5 766.8 631.0 775.8 1027.0 711.8 865.6 785.2 704.9 897.3 850.9 1043.2 980.5 836.7 950.1 998.0 1071.5 997.7 1041.3 1018.5 901.5 966.5 997.5 -999.0 -999.0 -999.0 -999.0 -999.0 -999.0 -999.0 -999.0 -999.0 -999.0 -999.0 -999.0 -999.0 -999.0 -999.0 -999.0 -999.0 -999.0 -999.0 -999.0 -999.0 -999.0
1316.8 -999.0 -999.0 1464.3 1177.9 1265.3 989.7 672.2 451.6 697.1 412.4 631.0 706.9 745.0 931.7 897.1 792.2 821.9 725.1 1177.7 962.8 999.1 624.2 787.2 783.2 538.8 721.4 712.3 724.3 811.9 939.3 853.9 785.4 835.6 758.4 771.8 675.3 814.8 998.9 795.2 925.2 992.6 997.3 881.7 1001.3 1048.4 1071.3 994.4 992.6 1030.0 -999.0 -999.0 -999.0 -999.0 -999.0 -999.0 -999.0 -999.0 -999.0 -999.0 -999.0 -999.0 -999.0 -999.0 -999.0 -999.0 -999.0 -999.0 -999.0 -999.0 -999.0 -999.0
1244.1 -999.0 -999.0 1295.4 1271.7 1284.7 948.2 1274.8 943.1 676.2 462.9 346.4 475.4 850.5 834.8 762.1 607.5 818.0 1100.0 901.4 885.7 855.5 673.0 714.1 752.2 557.4 794.0 833.1 848.6 883.0 579.5 812.1 795.7 480.2 655.3 746.2 718.9 901.3 902.6 938.5 995.7 1048.6 1043.1 1054.3 976.9 1032.9 1039.8 996.8 1001.4 -999.0 -999.0 -999.0 -999.0 -999.0 -999.0 -999.0 -999.0 -999.0 -999.0 -999.0 -999.0 -999.0 -999.0 -999.0 -999.0 -999.0 -999.0 -999.0 -999.0 -999.0 -999.0 -999.0
1211.7 1168.5 975.4 689.2 833.0 695.3 836.1 1091.9 776.1 373.3 395.8 899.1 711.4 847.6 692.3 567.7 601.2 783.7 987.5 878.5 550.4 467.1 657.9 626.1 606.0 841.1 901.9 907.9 748.9 620.7 832.0 834.5 832.8 701.2 546.8 649.8 516.7 899.7 690.4 834.3 827.2 630.4 955.4 1087.0 979.0 942.9 1037.0 999.9 -999.0 -999.0 -999.0 -999.0 -999.0 -999.0 -999.0 -999.0 -999.0 -999.0 -999.0 -999.0 -999.0 -999.0 -999.0 -999.0 -999.0 -999.0 -999.0 -999.0 -999.0 -999.0 -999.0 -999.0
1025.2 1211.5 728.6 1230.7 1126.4 947.4 568.7 427.6 776.9 663.5 749.8 478.7 617.9 693.1 730.6 932.1 915.0 926.7 905.2 684.9 431.0 517.8 712.0 466.3 761.0 675.0 947.3 939.3 870.6 748.7 678.6 685.8 655.5 518.7 545.9 772.8 701.1 951.6 948.4 1018.1 990.1 987.8 1044.5 1063.8 1065.7 1027.8 1023.6 1125.3 -999.0 -999.0 -999.0 -999.0 -999.0 -999.0 -999.0 -999.0 -999.0 -999.0 -999.0 -999.0 -999.0 -999.0 -999.0 -999.0 -999.0 -999.0 -999.0 -999.0 -999.0 -999.0 -999.0 -999.0
1175.1 1091.8 -999.0 1253.5 786.6 488.7 408.1 796.0 905.4 838.6 441.4 450.5 953.3 1039.6 884.8 633.4 1040.7 941.7 699.1 485.5 422.8 441.0 373.5 596.8 519.1 669.8 908.7 510.6 778.1 493.1 527.4 500.7 432.7 545.9 715.5 832.3 748.8 851.1 794.0 921.2 911.2 998.8 1019.7 1040.0 1055.7 1064.1 1078.3 -999.0 -999.0 -999.0 -999.0 -999.0 -999.0 -999.0 -999.0 -999.0 -999.0 -999.0 -999.0 -999.0 -999.0 -999.0 -999.0 -999.0 -999.0 -999.0 -999.0 -999.0 -999.0 -999.0 -999.0 -999.0
1048.1 1333.6 -999.0 654.8 896.3 819.3 1250.4 692.2 875.6 420.5 490.6 756.4 598.8 552.5 870.9 1163.4 731.8 690.2 578.8 383.7 356.6 358.4 332.0 523.4 744.5 941.6 875.6 748.2 579.6 394.1 431.8 640.9 533.3 686.9 619.9 719.5 833.9 920.5 855.8 843.3 865.3 960.8 910.8 1041.0 971.5 977.4 1093.9 -999.0 -999.0 -999.0 -999.0 -999.0 -999.0 -999.0 -999.0 -999.0 -999.0 -999.0 -999.0 -999.0 -999.0 -999.0 -999.0 -999.0 -999.0 -999.0 -999.0 -999.0 -999.0 -999.0 -999.0 -999.0
1350.9 -999.0 1174.0 1053.5 747.6 976.1 808.8 608.8 960.4 963.3 826.2 962.7 1096.8 1113.1 1098.0 769.8 495.9 449.6 413.9 365.7 282.3 358.9 662.4 833.3 847.6 437.7 670.9 243.9 223.3 362.5 388.8 400.8 562.0 647.1 682.6 657.2 1024.1 1031.0 973.1 1027.3 1002.6 648.7 819.9 1095.1 1081.8 1083.8 1105.5 1185.7 -999.0 -999.0 -999.0 -999.0 -999.0 -999.0 -999.0 -999.0 -999.0 -999.0 -999.0 -999.0 -999.0 -999.0 -999.0 -999.0 -999.0 -999.0 -999.0 -999.0 -999.0 -999.0 -999.0 -999.0
-999.0 1389.6 938.5 843.2 720.3 1085.4 801.1 494.5 949.0 880.1 673.8 720.7 700.4 843.1 603.4 546.1 392.2 622.3 639.6 492.1 383.3 522.7 857.9 765.3 823.2 538.2 259.7 445.0 243.0 339.3 367.7 438.5 521.1 562.4 739.1 932.3 1039.9 972.1 1065.2 1104.1 992.7 1035.4 1101.2 1137.4 1029.2 1002.5 1070.4 -999.0 -999.0 -999.0 -999.0 -999.0 -999.0 -999.0 -999.0 -999.0 -999.0 -999.0 -999.0 -999.0 -999.0 -999.0 -999.0 -999.0 -999.0 -999.0 -999.0 -999.0 -999.0 -999.0 -999.0 -999.0
-999.0 1376.9 1330.5 1054.0 700.0 922.7 653.3 1062.6 1091.8 1053.7 885.4 529.4 435.6 547.8 762.3 798.7 710.5 487.6 644.2 655.1 744.5 737.4 604.3 550.9 453.1 342.1 346.0 321.7 497.5 539.0 599.3 842.9 807.5 739.7 710.4 653.4 797.2 893.2 707.8 854.5 1117.3 1055.9 953.0 907.9 884.7 984.7 -999.0 -999.0 -999.0 -999.0 -999.0 -999.0 -999.0 -999.0 -999.0 -999.0 -999.0 -999.0 -999.0 -999.0 -999.0 -999.0 -999.0 -999.0 -999.0 -999.0 -999.0 -999.0 -999.0 -999.0 -999.0 -999.0
-999.0 1115.8 784.9 1189.0 615.8 553.9 645.8 545.4 712.7 1016.4 939.5 1071.8 1106.9 540.5 608.3 505.3 214.0 850.5 729.9 718.5 645.7 677.8 496.6 545.8 386.2 510.1 560.5 590.3 514.2 657.4 469.7 469.3 362.3 480.6 651.9 513.2 363.1 533.3 595.4 733.2 752.0 807.0 814.6 899.1 931.0 1068.0 -999.0 -999.0 -999.0 -999.0 -999.0 -999.0 -999.0 -999.0 -999.0 -999.0 -999.0 -999.0 -999.0 -999.0 -999.0 -999.0 -999.0 -999.0 -999.0 -999.0 -999.0 -999.0 -999.0 -999.0 -999.0 -999.0
1404.0 1391.2 1146.3 1339.7 1140.5 967.4 730.5 1036.9 1015.3 527.8 1023.1 1079.3 1059.6 1004.8 594.4 767.0 938.7 803.8 415.3 480.5 666.1 302.7 448.5 501.7 396.2 335.4 399.1 441.3 423.2 431.5 453.4 409.3 261.0 693.8 474.6 510.7 865.5 894.6 626.0 794.6 759.6 751.2 986.7 902.1 948.7 1045.7 -999.0 -999.0 -999.0 -999.0 -999.0 -999.0 -999.0 -999.0 -999.0 -999.0 -999.0 -999.0 -999.0 -999.0 -999.0 -999.0 -999.0 -999.0 -999.0 -999.0 -999.0 -999.0 -999.0 -999.0 -999.0 -999.0
-999.0 1335.4 1072.5 558.3 1122.0 1274.2 1145.0 1224.6 1282.8 1272.9 1243.6 1070.5 996.4 632.8 850.7 759.2 786.9 442.6 543.7 747.2 665.9 295.1 541.8 441.1 639.1 389.3 405.4 608.7 270.9 322.1 351.3 251.9 296.8 474.1 360.0 474.6 627.6 830.3 1007.7 980.4 823.4 963.9 1092.6 1045.3 977.3 1160.0 -999.0 -999.0 -999.0 -999.0 -999.0 -999.0 -999.0 -999.0 -999.0 -999.0 -999.0 -999.0 -999.0 -999.0 -999.0 -999.0 -999.0 -999.0 -999.0 -999.0 -999.0 -999.0 -999.0 -999.0 -999.0 -999.0
1313.3 1304.3 1197.4 864.2 1259.7 615.5 984.7 797.8 634.2 1256.6 1214.9 234.8 448.7 405.2 544.3 371.1 447.8 406.6 396.4 340.3 544.8 510.8 675.7 704.7 747.1 598.9 615.1 366.7 609.7 553.2 689.6 520.6 352.1 442.2 860.5 624.9 565.8 825.3 615.2 951.4 1097.4 1131.2 1108.9 961.6 1059.1 -999.0 -999.0 -999.0 -999.0 -999.0 -999.0 -999.0 -999.0 -999.0 -999.0 -999.0 -999.0 -999.0 -999.0 -999.0 -999.0 -999.0 -999.0 -999.0 -999.0 -999.0 -999.0 -999.0 -999.0 -999.0 -999.0 -999.0
