GDD/GrowingDegreeDays_1968_Actual.txt
ncols         180
nrows         290
xllcorner     -200000
yllcorner     -200000
cellsize      5000
NODATA_value    -999
[rows 64 to 95 of 290, columns 71 to 141 of 180]
-999.0 -999.0 -999.0 -999.0 -999.0 -999.0 -999.0 -999.0 -999.0 1372.7 1166.8 1172.7 1134.9 872.5 899.1 726.5 898.5 965.0 906.9 920.7 435.1 899.5 565.7 839.2 793.8 954.6 995.5 885.7 721.1 750.2 573.9 906.3 -999.0 -999.0 -999.0 -999.0 -999.0 -999.0 -999.0 -999.0 -999.0 -999.0 -999.0 -999.0 -999.0 -999.0 -999.0 -999.0 -999.0 -999.0 -999.0 -999.0 -999.0 -999.0 -999.0 -999.0 -999.0 -999.0 -999.0 -999.0 -999.0 -999.0 -999.0 -999.0 -999.0 -999.0 -999.0 -999.0 -999.0 -999.0 -999.0
-999.0 -999.0 -999.0 -999.0 -999.0 -999.0 -999.0 -999.0 -999.0 -999.0 1382.1 1183.7 946.8 886.8 889.4 846.3 849.3 1171.7 1052.3 1015.9 792.7 737.9 702.4 830.7 916.8 836.9 879.2 913.0 851.6 880.4 930.0 1171.3 -999.0 -999.0 -999.0 -999.0 -999.0 -999.0 -999.0 -999.0 -999.0 -999.0 -999.0 -999.0 -999.0 -999.0 -999.0 -999.0 -999.0 -999.0 -999.0 -999.0 -999.0 -999.0 -999.0 -999.0 -999.0 -999.0 -999.0 -999.0 -999.0 -999.0 -999.0 -999.0 -999.0 -999.0 -999.0 -999.0 -999.0 -999.0 -999.0
-999.0 -999.0 -999.0 -999.0 -999.0 -999.0 -999.0 -999.0 1409.1 -999.0 1399.6 1225.2 910.9 875.5 791.1 570.1 1038.1 955.2 1170.2 1019.9 1008.2 901.4 804.6 978.6 936.9 858.0 796.2 769.1 878.4 1017.5 1186.6 -999.0 -999.0 -999.0 -999.0 -999.0 -999.0 -999.0 -999.0 -999.0 -999.0 -999.0 -999.0 -999.0 -999.0 -999.0 -999.0 -999.0 -999.0 -999.0 -999.0 -999.0 -999.0 -999.0 -999.0 -999.0 -999.0 -999.0 -999.0 -999.0 -999.0 -999.0 -999.0 -999.0 -999.0 -999.0 -999.0 -999.0 -999.0 -999.0 -999.0
-999.0 -999.0 -999.0 -999.0 -999.0 -999.0 -999.0 -999.0 1415.4 1380.8 1321.4 1300.9 891.0 1195.6 1025.2 1109.0 978.0 1043.2 878.2 1141.1 1088.2 945.2 966.0 916.3 914.1 997.5 733.0 899.4 930.3 -999.0 -999.0 -999.0 -999.0 -999.0 -999.0 -999.0 -999.0 -999.0 -999.0 -999.0 -999.0 -999.0 -999.0 -999.0 -999.0 -999.0 -999.0 -999.0 -999.0 -999.0 -999.0 -999.0 -999.0 -999.0 -999.0 -999.0 -999.0 -999.0 -999.0 -999.0 -999.0 -999.0 -999.0 -999.0 -999.0 -999.0 -999.0 -999.0 -999.0 -999.0 -999.0
-999.0 -999.0 -999.0 -999.0 -999.0 -999.0 -999.0 -999.0 -999.0 1387.6 825.9 1311.7 1071.5 1003.0 1010.7 1165.8 864.7 997.6 880.2 920.1 1116.6 1010.3 1030.6 986.5 933.8 948.7 880.6 1188.7 -999.0 -999.0 -999.0 -999.0 -999.0 -999.0 -999.0 -999.0 -999.0 -999.0 -999.0 -999.0 -999.0 -999.0 -999.0 -999.0 -999.0 -999.0 -999.0 -999.0 -999.0 -999.0 -999.0 -999.0 -999.0 -999.0 -999.0 -999.0 -999.0 -999.0 -999.0 -999.0 -999.0 -999.0 -999.0 -999.0 -999.0 -999.0 -999.0 -999.0 -999.0 -999.0 -999.0
-999.0 -999.0 -999.0 -999.0 -999.0 -999.0 -999.0 -999.0 -999.0 -999.0 1408.4 1033.7 1314.6 1103.0 744.5 1112.6 1071.5 1078.6 1229.5 1003.2 1155.4 996.5 928.4 1157.7 912.6 1046.7 1154.2 -999.0 -999.0 -999.0 -999.0 -999.0 -999.0 -999.0 -999.0 -999.0 -999.0 -999.0 -999.0 -999.0 -999.0 -999.0 -999.0 -999.0 -999.0 -999.0 -999.0 -999.0 -999.0 -999.0 -999.0 -999.0 -999.0 -999.0 -999.0 -999.0 -999.0 -999.0 -999.0 -999.0 -999.0 -999.0 -999.0 -999.0 -999.0 -999.0 -999.0 -999.0 -999.0 -999.0 -999.0
-999.0 -999.0 -999.0 -999.0 -999.0 -999.0 1422.2 -999.0 -999.0 1444.1 1429.5 1187.7 1009.2 928.7 939.9 1131.1 1059.7 866.7 1003.8 1095.1 1227.0 1026.6 955.3 991.5 1225.4 1235.8 -999.0 -999.0 -999.0 -999.0 -999.0 -999.0 -999.0 -999.0 -999.0 -999.0 -999.0 -999.0 -999.0 -999.0 -999.0 -999.0 -999.0 -999.0 -999.0 -999.0 -999.0 -999.0 -999.0 -999.0 -999.0 -999.0 -999.0 -999.0 -999.0 -999.0 -999.0 -999.0 -999.0 -999.0 -999.0 -999.0 -999.0 -999.0 -999.0 -999.0 -999.0 -999.0 -999.0 -999.0 -999.0
-999.0 -999.0 -999.0 -999.0 1298.8 1453.1 1345.1 1448.3 1251.9 1438.1 1009.3 1351.5 754.0 881.7 912.8 931.0 799.9 837.0 861.4 1200.1 1086.0 1160.3 936.2 1018.9 1123.7 1250.6 -999.0 -999.0 -999.0 -999.0 -999.0 -999.0 -999.0 -999.0 -999.0 -999.0 -999.0 -999.0 -999.0 -999.0 -999.0 -999.0 -999.0 -999.0 -999.0 -999.0 -999.0 -999.0 -999.0 -999.0 -999.0 -999.0 -999.0 -999.0 -999.0 -999.0 -999.0 -999.0 -999.0 -999.0 -999.0 -999.0 -999.0 -999.0 -999.0 -999.0 -999.0 -999.0 -999.0 -999.0 -999.0
-999.0 -999.0 -999.0 -999.0 1008.6 1427.0 1433.7 1263.8 1187.9 998.7 736.3 914.8 1355.2 751.2 680.6 748.5 676.3 963.3 861.5 585.2 1012.8 1194.0 1223.7 1259.2 1258.9 -999.0 -999.0 1247.8 -999.0 -999.0 -999.0 -999.0 -999.0 -999.0 -999.0 -999.0 -999.0 -999.0 -999.0 -999.0 -999.0 -999.0 -999.0 -999.0 -999.0 -999.0 -999.0 -999.0 -999.0 -999.0 -999.0 -999.0 -999.0 -999.0 -999.0 -999.0 -999.0 -999.0 -999.0 -999.0 -999.0 -999.0 -999.0 -999.0 -999.0 -999.0 -999.0 -999.0 -999.0 -999.0 -999.0
-999.0 -999.0 -999.0 -999.0 1177.5 1319.4 1457.1 1221.7 842.3 1159.7 454.1 1008.1 989.1 686.5 595.0 676.3 691.9 676.0 575.4 717.7 845.7 745.9 1019.6 915.2 1201.4 1233.9 1224.5 1241.4 -999.0 -999.0 -999.0 -999.0 -999.0 -999.0 -999.0 -999.0 -999.0 -999.0 -999.0 -999.0 -999.0 -999.0 -999.0 -999.0 -999.0 -999.0 -999.0 -999.0 -999.0 -999.0 -999.0 -999.0 -999.0 -999.0 -999.0 -999.0 -999.0 -999.0 -999.0 -999.0 -999.0 -999.0 -999.0 -999.0 -999.0 -999.0 -999.0 -999.0 -999.0 -999.0 -999.0
-999.0 -999.0 -999.0 -999.0 1434.0 1194.9 1436.8 1125.9 1074.4 715.9 861.1 860.0 1000.6 975.4 927.5 629.2 764.0 699.0 714.7 970.6 992.3 866.5 1016.7 944.9 1161.4 1209.7 1192.4 -999.0 -999.0 -999.0 -999.0 -999.0 -999.0 -999.0 -999.0 -999.0 -999.0 -999.0 -999.0 -999.0 -999.0 -999.0 -999.0 -999.0 -999.0 -999.0 -999.0 -999.0 -999.0 -999.0 -999.0 -999.0 -999.0 -999.0 -999.0 -999.0 -999.0 -999.0 -999.0 -999.0 -999.0 -999.0 -999.0 -999.0 -999.0 -999.0 -999.0 -999.0 -999.0 -999.0 -999.0
-999.0 -999.0 -999.0 -999.0 1356.6 1413.3 1286.5 1461.4 652.2 827.4 802.4 859.4 662.0 393.5 761.2 902.0 934.8 648.7 735.3 951.1 877.9 1001.2 1068.8 1190.3 1242.2 1062.4 -999.0 -999.0 -999.0 -999.0 -999.0 -999.0 -999.0 -999.0 -999.0 -999.0 -999.0 -999.0 -999.0 -999.0 -999.0 -999.0 -999.0 -999.0 -999.0 -999.0 -999.0 -999.0 -999.0 -999.0 -999.0 -999.0 -999.0 -999.0 -999.0 -999.0 -999.0 -999.0 -999.0 -999.0 -999.0 -999.0 -999.0 -999.0 -999.0 -999.0 -999.0 -999.0 -999.0 -999.0 -999.0
-999.0 -999.0 -999.0 1488.3 1164.0 1100.6 860.5 1047.9 1382.4 871.6 883.6 836.3 904.2 852.4 925.0 765.8 949.8 961.1 483.8 808.2 939.4 1236.0 1257.5 1253.4 1262.2 -999.0 -999.0 -999.0 -999.0 -999.0 -999.0 1254.8 1228.3 1197.5 1252.8 -999.0 -999.0 1303.1 1165.5 1203.4 1274.8 1288.3 -999.0 -999.0 -999.0 1187.4 -999.0 1170.8 1163.4 -999.0 -999.0 -999.0 -999.0 -999.0 -999.0 -999.0 -999.0 -999.0 -999.0 -999.0 -999.0 -999.0 -999.0 -999.0 -999.0 -999.0 -999.0 -999.0 -999.0 -999.0 -999.0
-999.0 -999.0 -999.0 -999.0 1325.8 1041.9 825.9 959.6 880.3 1308.6 879.5 943.7 781.8 930.4 1015.7 1286.9 1091.0 835.8 871.3 980.6 1134.5 1160.7 1112.1 1055.7 1282.5 -999.0 -999.0 -999.0 1302.4 1313.6 1267.2 1254.5 1247.3 1279.6 1278.4 1312.5 1302.9 1176.7 1047.9 1044.5 1166.2 1210.1 1251.9 1169.6 1024.6 975.8 1030.6 1082.8 1103.8 1104.1 -999.0 -999.0 -999.0 -999.0 -999.0 -999.0 -999.0 -999.0 -999.0 -999.0 -999.0 -999.0 -999.0 -999.0 -999.0 -999.0 -999.0 -999.0 -999.0 -999.0 -999.0
-999.0 1360.9 -999.0 1346.9 1522.5 1433.0 1382.1 534.3 1309.7 1008.2 1169.0 922.2 1087.8 868.4 897.9 818.7 1129.5 1237.9 1202.9 1115.3 1262.5 1065.0 1178.1 1102.9 1287.9 1275.2 1257.8 1232.9 1277.3 1292.3 1165.9 1025.8 1195.5 1223.1 1134.1 1304.4 1023.0 896.1 931.4 979.0 1113.5 1032.5 1112.6 1156.9 1071.6 958.2 1001.9 1039.5 905.3 1065.6 1120.3 -999.0 -999.0 -999.0 -999.0 -999.0 -999.0 -999.0 -999.0 -999.0 -999.0 -999.0 -999.0 -999.0 -999.0 -999.0 -999.0 -999.0 -999.0 -999.0 -999.0
-999.0 -999.0 1480.0 914.6 1137.2 1202.6 736.7 932.4 656.7 1231.8 979.1 929.8 991.4 984.2 1153.6 728.1 830.9 827.5 1192.4 1302.0 1127.2 1252.4 1363.5 -999.0 1357.5 1231.0 1227.7 1133.0 1139.5 1172.7 1098.9 1110.7 972.0 961.4 1029.3 1119.3 1047.9 1042.2 1075.0 1083.6 980.0 1082.5 1114.0 1099.0 1025.1 1024.4 1012.9 1024.1 1019.1 1006.1 1070.7 1139.7 -999.0 -999.0 -999.0 -999.0 -999.0 -999.0 -999.0 -999.0 -999.0 -999.0 -999.0 -999.0 -999.0 -999.0 -999.0 -999.0 -999.0 -999.0 -999.0
1364.2 -999.0 1498.2 1319.0 1046.2 932.5 1191.7 670.2 788.4 1171.1 1051.6 842.9 748.9 747.3 956.4 944.1 764.8 867.5 930.7 1311.3 1346.3 1368.0 1380.9 1326.4 1139.1 1059.2 1056.9 1074.1 1144.4 1024.2 956.3 963.8 832.5 918.8 1092.2 956.4 924.5 904.4 960.2 1161.2 1168.8 1190.1 1108.4 1101.8 1020.7 1041.4 1009.3 1058.4 1061.3 1068.1 1057.0 1120.0 -999.0 -999.0 -999.0 -999.0 -999.0 -999.0 -999.0 -999.0 -999.0 -999.0 -999.0 -999.0 -999.0 -999.0 -999.0 -999.0 -999.0 -999.0 -999.0
932.4 -999.0 -999.0 1070.2 701.7 1093.7 891.7 1476.8 1172.3 1096.6 1078.4 767.9 889.1 528.9 564.0 649.1 862.6 1023.9 1194.5 1263.5 978.6 1160.6 1302.6 1097.8 928.8 798.9 875.8 962.4 941.6 966.8 807.9 790.4 1042.7 1046.1 1077.1 1125.7 964.2 955.0 1008.5 1116.7 1171.6 1124.7 993.6 1103.8 1050.9 1067.3 975.2 1074.4 1021.8 1024.3 1016.8 1087.5 -999.0 -999.0 -999.0 -999.0 -999.0 -999.0 -999.0 -999.0 -999.0 -999.0 -999.0 -999.0 -999.0 -999.0 -999.0 -999.0 -999.0 -999.0 -999.0
1102.2 -999.0 -999.0 1350.6 1426.6 1372.9 1422.7 1179.2 976.5 737.9 1068.9 927.2 956.0 1040.0 1076.8 879.5 875.5 891.7 938.0 1007.0 756.7 1200.4 1037.7 1047.9 897.7 683.6 759.1 924.7 899.3 875.6 732.6 879.2 1145.2 806.0 963.6 876.9 792.1 987.5 933.6 1128.1 1062.4 911.0 1020.4 1052.1 1120.3 1055.5 1118.2 1099.3 976.9 1043.9 1068.7 -999.0 -999.0 -999.0 -999.0 -999.0 -999.0 -999.0 -999.0 -999.0 -999.0 -999.0 -999.0 -999.0 -999.0 -999.0 -999.0 -999.0 -999.0 -999.0 -999.0
1439.3 1472.0 -999.0 -999.0 1650.0 1345.2 1445.5 1140.9 802.7 560.7 833.7 516.0 766.8 851.6 894.9 1089.3 1042.9 921.4 944.5 833.0 1314.8 1065.6 1101.9 705.0 880.2 880.2 626.7 827.2 831.0 853.3 939.1 1059.3 964.5 887.2 933.6 849.4 861.9 757.9 900.5 1087.3 876.8 1003.6 1067.8 1062.8 937.6 1069.6 1131.9 1159.2 1072.1 1062.4 1090.5 -999.0 -999.0 -999.0 -999.0 -999.0 -999.0 -999.0 -999.0 -999.0 -999.0 -999.0 -999.0 -999.0 -999.0 -999.0 -999.0 -999.0 -999.0 -999.0 -999.0
1266.5 1414.7 -999.0 -999.0 1486.0 1469.8 1483.1 1101.6 1468.6 1096.5 814.2 581.7 440.9 601.6 1015.1 991.8 903.9 730.6 947.4 1247.1 1017.9 993.3 958.0 766.2 810.6 855.9 655.2 914.1 967.4 997.9 1022.1 679.2 918.6 897.2 552.6 739.7 834.0 803.8 990.2 989.8 1023.2 1077.5 1130.2 1118.8 1129.0 1051.1 1118.7 1126.8 1071.2 1062.5 -999.0 -999.0 -999.0 -999.0 -999.0 -999.0 -999.0 -999.0 -999.0 -999.0 -999.0 -999.0 -999.0 -999.0 -999.0 -999.0 -999.0 -999.0 -999.0 -999.0 -999.0
1218.8 1387.3 1350.6 1138.5 830.4 990.7 838.3 984.0 1266.6 919.2 473.8 502.7 1057.1 859.4 1008.2 836.6 695.5 724.8 912.8 1125.3 999.2 644.9 548.9 761.6 730.3 712.0 965.0 1033.2 1044.5 877.3 736.0 945.5 937.3 928.6 786.8 623.6 733.5 590.2 988.7 770.6 914.9 903.8 695.0 1028.3 1165.9 1056.2 1018.2 1116.8 1066.1 -999.0 -999.0 -999.0 -999.0 -999.0 -999.0 -999.0 -999.0 -999.0 -999.0 -999.0 -999.0 -999.0 -999.0 -999.0 -999.0 -999.0 -999.0 -999.0 -999.0 -999.0 -999.0
1447.9 1176.8 1385.3 861.0 1427.7 1314.4 1110.8 705.6 539.2 923.6 803.0 895.3 604.3 756.8 834.8 869.8 1075.1 1052.0 1061.8 1034.1 796.9 514.3 615.8 827.0 560.0 885.2 796.8 1087.1 1079.3 1003.3 866.2 784.8 782.4 744.7 597.3 624.2 862.0 783.0 1042.5 1035.7 1108.7 1076.5 1071.9 1125.1 1144.8 1153.6 1111.4 1096.5 1197.7 -999.0 -999.0 -999.0 -999.0 -999.0 -999.0 -999.0 -999.0 -999.0 -999.0 -999.0 -999.0 -999.0 -999.0 -999.0 -999.0 -999.0 -999.0 -999.0 -999.0 -999.0 -999.0
-999.0 1317.3 1238.3 -999.0 1438.7 924.4 612.7 514.9 945.8 1066.2 992.9 557.6 568.4 1111.1 1200.4 1021.5 756.4 1186.9 1074.1 814.8 583.3 510.2 530.8 453.5 710.6 628.6 799.6 1056.3 623.1 914.1 591.6 624.6 588.9 508.8 632.6 805.9 921.2 831.1 934.1 874.3 1006.5 995.0 1087.1 1105.9 1127.4 1146.4 1149.2 1149.6 -999.0 -999.0 -999.0 -999.0 -999.0 -999.0 -999.0 -999.0 -999.0 -999.0 -999.0 -999.0 -999.0 -999.0 -999.0 -999.0 -999.0 -999.0 -999.0 -999.0 -999.0 -999.0 -999.0
1490.0 1149.6 1483.0 -999.0 765.5 1042.9 967.2 1455.0 835.4 1034.2 534.1 617.5 901.3 729.6 675.6 1004.8 1321.9 855.1 809.3 690.8 469.7 437.7 439.4 409.1 632.6 877.4 1098.2 1025.4 888.9 699.2 473.7 517.3 744.3 624.5 783.9 706.4 802.8 917.7 1007.0 937.2 924.6 946.9 1049.5 993.6 1131.7 1051.3 1050.7 1162.0 -999.0 -999.0 -999.0 -999.0 -999.0 -999.0 -999.0 -999.0 -999.0 -999.0 -999.0 -999.0 -999.0 -999.0 -999.0 -999.0 -999.0 -999.0 -999.0 -999.0 -999.0 -999.0 -999.0
1250.6 1468.2 -999.0 1317.7 1196.3 876.1 1139.5 960.3 750.8 1132.7 1132.8 977.8 1126.2 1269.9 1280.2 1256.1 896.6 600.2 547.1 506.4 451.0 355.2 441.6 779.1 962.1 981.7 534.0 797.9 302.1 279.6 440.9 471.9 481.0 658.2 742.4 770.8 736.3 1119.8 1127.9 1064.9 1120.2 1095.1 723.9 900.4 1191.9 1174.0 1171.2 1176.4 1253.4 -999.0 -999.0 -999.0 -999.0 -999.0 -999.0 -999.0 -999.0 -999.0 -999.0 -999.0 -999.0 -999.0 -999.0 -999.0 -999.0 -999.0 -999.0 -999.0 -999.0 -999.0 -999.0
-999.0 -999.0 1525.5 1054.5 973.2 848.4 1264.3 952.3 625.5 1121.2 1043.5 817.9 865.5 840.4 986.0 727.6 662.1 483.8 741.5 755.5 596.6 468.8 626.3 980.2 884.4 946.6 644.0 320.6 538.8 304.9 418.1 452.9 530.6 610.5 650.5 828.9 1020.7 1138.0 1068.3 1167.0 1200.0 1083.9 1133.8 1197.7 1235.9 1117.3 1083.4 1145.7 -999.0 -999.0 -999.0 -999.0 -999.0 -999.0 -999.0 -999.0 -999.0 -999.0 -999.0 -999.0 -999.0 -999.0 -999.0 -999.0 -999.0 -999.0 -999.0 -999.0 -999.0 -999.0 -999.0
-999.0 -999.0 1512.7 1496.4 1212.4 830.7 1082.1 794.6 1250.3 1287.3 1243.6 1050.6 661.1 548.3 674.8 898.5 932.0 836.8 595.3 762.1 771.4 862.7 853.1 710.8 651.6 542.1 415.1 421.1 394.0 600.4 648.6 725.5 976.1 917.6 840.5 799.5 733.7 880.6 981.4 782.8 925.9 1206.2 1148.0 1032.0 984.7 958.1 1074.9 -999.0 -999.0 -999.0 -999.0 -999.0 -999.0 -999.0 -999.0 -999.0 -999.0 -999.0 -999.0 -999.0 -999.0 -999.0 -999.0 -999.0 -999.0 -999.0 -999.0 -999.0 -999.0 -999.0 -999.0
-999.0 -999.0 1238.1 895.3 1365.7 743.2 683.7 791.1 686.2 866.8 1206.3 1118.3 1263.3 1296.5 667.0 734.9 619.0 264.5 987.3 854.9 840.1 757.4 788.7 591.5 643.5 463.6 605.8 659.5 691.7 613.1 767.7 574.9 572.2 433.0 560.0 741.1 587.7 414.4 606.4 667.1 798.1 812.0 873.1 879.0 969.6 989.6 1101.3 -999.0 -999.0 -999.0 -999.0 -999.0 -999.0 -999.0 -999.0 -999.0 -999.0 -999.0 -999.0 -999.0 -999.0 -999.0 -999.0 -999.0 -999.0 -999.0 -999.0 -999.0 -999.0 -999.0 -999.0
-999.0 1518.3 1542.0 1305.9 1538.0 1322.6 1137.0 881.1 1223.3 1204.0 666.1 1215.5 1278.8 1247.9 1173.8 719.1 902.7 1088.0 936.3 510.4 583.1 781.0 377.2 538.0 595.2 474.2 408.6 478.4 526.3 506.8 518.8 545.8 494.0 318.1 787.9 550.7 588.1 967.3 994.9 699.7 858.4 807.9 789.6 1044.4 962.9 998.5 1075.9 -999.0 -999.0 -999.0 -999.0 -999.0 -999.0 -999.0 -999.0 -999.0 -999.0 -999.0 -999.0 -999.0 -999.0 -999.0 -999.0 -999.0 -999.0 -999.0 -999.0 -999.0 -999.0 -999.0 -999.0
-999.0 -999.0 1490.6 1222.8 672.1 1301.8 1485.5 1345.4 1437.9 1502.8 1494.7 1460.7 1271.3 1181.3 772.6 998.8 898.5 924.4 545.2 657.0 871.8 780.6 369.2 639.1 526.6 733.2 465.6 482.4 700.7 335.6 396.4 428.6 312.6 359.7 553.3 420.9 548.2 718.3 927.3 1097.8 1049.1 861.7 985.0 1141.6 1105.6 1023.5 1211.1 -999.0 -999.0 -999.0 -999.0 -999.0 -999.0 -999.0 -999.0 -999.0 -999.0 -999.0 -999.0 -999.0 -999.0 -999.0 -999.0 -999.0 -999.0 -999.0 -999.0 -999.0 -999.0 -999.0 -999.0
1462.5 1466.9 1468.5 1369.0 1004.6 1461.8 754.1 1165.1 956.4 778.0 1474.1 1428.2 310.7 573.9 518.6 672.9 467.8 555.4 508.3 494.4 428.5 654.9 612.2 779.6 803.1 841.4 682.5 699.2 439.1 700.7 642.9 775.9 604.3 420.9 516.9 947.4 706.8 644.0 911.0 687.5 1020.8 1158.2 1185.1 1166.9 1008.3 1106.0 -999.0 -999.0 -999.0 -999.0 -999.0 -999.0 -999.0 -999.0 -999.0 -999.0 -999.0 -999.0 -999.0 -999.0 -999.0 -999.0 -999.0 -999.0 -999.0 -999.0 -999.0 -999.0 -999.0 -999.0 -999.0
