GDD/GrowingDegreeDays_1996_Actual.txt
ncols         180
nrows         290
xllcorner     -200000
yllcorner     -200000
cellsize      5000
NODATA_value    -999
[rows 128 to 159 of 290, columns 71 to 141 of 180]
-999.0 1165.4 1515.8 1530.5 -999.0 -999.0 -999.0 -999.0 -999.0 -999.0 -999.0 -999.0 -999.0 1378.4 1283.1 1483.0 1263.6 1082.1 1170.5 948.6 786.1 895.1 787.7 938.7 1094.7 1188.1 1154.0 944.2 1004.8 1065.3 1286.2 1065.2 745.3 957.1 833.8 1046.0 1072.3 1269.7 1251.8 1138.9 1198.4 1186.7 1090.5 948.3 845.0 903.6 1051.6 1156.4 1181.9 1286.0 1161.3 1151.3 1281.2 1366.7 -999.0 -999.0 -999.0 -999.0 -999.0 -999.0 -999.0 -999.0 -999.0 -999.0 -999.0 -999.0 -999.0 -999.0 -999.0 -999.0 -999.0
-999.0 -999.0 -999.0 -999.0 -999.0 -999.0 -999.0 -999.0 -999.0 -999.0 -999.0 -999.0 -999.0 1425.3 1525.9 1174.3 1250.0 1057.7 1162.6 898.6 887.4 720.7 796.3 837.4 964.6 1024.8 1219.5 683.5 757.6 1080.6 1337.3 1066.0 828.8 1000.9 985.4 884.6 1130.6 997.1 939.5 1080.3 947.7 943.3 762.6 1080.0 1077.9 1014.0 1014.8 1030.8 1220.5 1373.7 1293.9 1319.6 1377.3 1424.1 1435.4 -999.0 -999.0 -999.0 -999.0 -999.0 -999.0 -999.0 -999.0 -999.0 -999.0 -999.0 -999.0 -999.0 -999.0 -999.0 -999.0
-999.0 -999.0 -999.0 -999.0 -999.0 -999.0 -999.0 -999.0 -999.0 -999.0 -999.0 -999.0 1561.8 1213.2 1114.6 1133.3 1046.8 1043.7 1110.3 1160.9 849.3 868.4 795.4 864.9 898.0 1128.8 1352.6 1091.7 1002.7 1045.5 1275.2 1278.0 1074.6 1035.0 1044.6 1011.3 812.6 1108.9 1148.1 1112.8 1126.1 754.2 938.6 831.5 919.9 1108.9 1086.4 1064.2 1056.8 1045.0 1326.6 1404.6 1429.2 1428.0 1461.9 -999.0 -999.0 -999.0 -999.0 -999.0 -999.0 -999.0 -999.0 -999.0 -999.0 -999.0 -999.0 -999.0 -999.0 -999.0 -999.0
-999.0 -999.0 -999.0 -999.0 -999.0 -999.0 -999.0 -999.0 -999.0 -999.0 -999.0 -999.0 1290.1 1207.6 1192.6 855.9 910.1 1065.2 1102.8 853.9 1140.4 1045.2 896.9 1013.6 1008.5 1259.4 1397.8 1231.9 1161.2 989.2 1323.1 1286.8 1247.1 1153.6 1247.6 928.8 1244.4 962.1 1075.3 1239.5 772.0 1127.7 1029.9 977.2 1056.4 1000.3 1189.5 1190.1 1025.2 1084.7 1264.7 1278.3 1349.8 1422.5 1438.6 -999.0 -999.0 -999.0 -999.0 -999.0 -999.0 -999.0 -999.0 -999.0 -999.0 -999.0 -999.0 -999.0 -999.0 -999.0 -999.0
-999.0 -999.0 -999.0 -999.0 -999.0 -999.0 -999.0 -999.0 -999.0 -999.0 -999.0 1273.8 1317.9 1293.7 1020.3 1088.2 1053.8 615.9 922.6 942.9 1153.2 1054.8 1029.7 1131.5 1013.0 1072.4 1250.5 1156.0 1212.6 1374.1 1425.1 1334.9 1162.5 1156.7 967.8 1134.6 1279.4 960.0 1182.3 1140.4 800.5 1088.1 1187.3 1249.9 1123.2 1025.4 1084.4 1069.9 1068.3 1204.6 1262.3 1326.8 1413.6 1423.8 1437.2 -999.0 -999.0 -999.0 -999.0 -999.0 -999.0 -999.0 -999.0 -999.0 -999.0 -999.0 -999.0 -999.0 -999.0 -999.0 -999.0
-999.0 -999.0 -999.0 -999.0 -999.0 -999.0 -999.0 -999.0 -999.0 -999.0 1445.8 1264.6 1138.0 1323.5 1223.1 1112.0 1151.5 961.3 1071.5 692.0 1218.8 1264.0 1162.6 1110.0 1094.5 1088.3 1256.2 1393.8 1481.1 1261.7 1425.1 1428.6 1245.5 1202.7 1215.9 1224.7 1335.2 1147.9 1308.9 1158.8 861.8 952.5 956.3 1048.6 1103.2 1187.2 1223.3 1073.0 1147.9 1214.7 1251.0 1314.3 1356.8 1448.1 1463.3 1474.6 -999.0 -999.0 -999.0 -999.0 -999.0 -999.0 -999.0 -999.0 -999.0 -999.0 -999.0 -999.0 -999.0 -999.0 -999.0
-999.0 -999.0 -999.0 -999.0 -999.0 -999.0 -999.0 -999.0 -999.0 -999.0 1161.6 861.4 1090.0 1182.3 1258.2 1251.7 1312.4 694.6 914.8 1084.0 1115.3 1309.5 1283.0 1184.5 1227.0 953.0 1343.4 1480.4 1506.8 1498.9 1243.7 1434.3 1238.2 1290.3 1258.2 1314.7 1315.5 1307.7 1143.9 1253.0 1064.2 1006.1 1059.4 992.4 1129.1 1250.6 1295.7 1190.1 1242.5 1163.7 1247.7 1360.6 1461.3 1423.6 1439.3 1468.3 -999.0 -999.0 -999.0 -999.0 -999.0 -999.0 -999.0 -999.0 -999.0 -999.0 -999.0 -999.0 -999.0 -999.0 -999.0
-999.0 -999.0 -999.0 -999.0 -999.0 -999.0 -999.0 -999.0 1400.7 1320.8 1051.0 1061.5 1111.3 1098.4 1255.0 1240.1 1357.1 972.1 1053.2 1047.0 1160.1 1199.0 1373.9 1201.3 1178.3 1271.6 1313.7 1363.9 1570.5 1535.9 1390.5 1406.5 1406.7 1377.1 1352.9 1411.4 1424.2 1310.9 1316.1 1306.4 1028.3 1090.1 1107.6 1100.2 1039.1 1203.8 1271.5 1409.8 1319.0 1276.3 1317.2 1374.0 1459.4 1455.1 1450.3 1455.0 -999.0 -999.0 -999.0 -999.0 -999.0 -999.0 -999.0 -999.0 -999.0 -999.0 -999.0 -999.0 -999.0 -999.0 -999.0
-999.0 -999.0 -999.0 -999.0 -999.0 -999.0 -999.0 -999.0 1317.7 1283.1 1347.5 1090.1 1157.4 1103.1 1275.2 1366.7 1405.0 1356.7 1229.9 910.0 1139.5 1223.9 1383.8 1400.5 1358.7 1384.5 1404.6 1367.7 1505.6 1418.8 1506.8 1478.3 1481.8 1463.8 1478.3 1491.5 1515.5 1473.5 1352.7 1334.7 1348.2 1236.3 1188.5 1199.8 1233.6 1302.1 1527.7 1394.6 1184.1 1257.5 1375.7 1387.7 1437.3 1439.0 1511.0 1514.2 1577.4 -999.0 -999.0 -999.0 -999.0 -999.0 -999.0 -999.0 -999.0 -999.0 -999.0 -999.0 -999.0 -999.0 -999.0
-999.0 -999.0 -999.0 -999.0 -999.0 -999.0 -999.0 -999.0 1315.5 1285.0 1447.8 1189.2 1316.7 1249.1 1335.2 1408.0 1394.9 1459.1 1149.0 1146.4 1218.5 1114.5 1353.3 1420.4 1373.1 1445.2 1327.6 1075.6 1397.4 -999.0 -999.0 -999.0 1506.2 1477.8 -999.0 1541.7 1557.4 1512.3 1479.2 1440.5 1302.9 1158.5 1254.5 1273.2 1228.4 1348.2 1268.5 1257.3 1391.1 1466.5 1482.5 1475.3 1429.9 1617.9 1613.6 1582.5 1546.7 -999.0 -999.0 -999.0 -999.0 -999.0 -999.0 -999.0 -999.0 -999.0 -999.0 -999.0 -999.0 -999.0 -999.0
1565.2 -999.0 -999.0 -999.0 -999.0 -999.0 -999.0 -999.0 1464.9 1182.3 1390.6 1403.6 1347.2 1295.2 1317.1 1369.8 1451.1 1467.6 1424.2 1023.8 1221.0 1168.7 1375.3 1413.8 1255.3 1485.1 1429.3 1411.1 1436.0 -999.0 -999.0 -999.0 1508.6 1498.2 1481.3 1511.1 1568.3 1543.8 1519.7 1324.7 1097.0 1014.3 1183.9 991.8 1227.0 1288.8 1109.9 1303.0 1255.1 1255.3 1301.6 1493.9 1423.5 1334.1 1492.9 1514.6 1552.4 -999.0 -999.0 -999.0 -999.0 -999.0 -999.0 -999.0 -999.0 -999.0 -999.0 -999.0 -999.0 -999.0 -999.0
1395.2 1436.7 -999.0 -999.0 -999.0 -999.0 -999.0 -999.0 -999.0 1321.7 1259.1 1413.9 -999.0 1346.0 1319.4 1368.7 1403.3 1484.6 -999.0 1408.9 1480.0 1343.2 1462.2 1371.6 1343.6 1493.6 1488.5 -999.0 -999.0 -999.0 -999.0 1490.2 1509.4 1508.2 1514.4 1479.6 1474.1 1505.2 1438.3 1340.9 1051.5 749.0 1192.7 879.9 1136.4 1039.9 984.2 1190.8 1104.5 1237.3 1365.5 1273.6 1283.6 1378.1 1527.3 1467.2 1427.3 1562.6 -999.0 -999.0 -999.0 -999.0 -999.0 -999.0 -999.0 -999.0 -999.0 -999.0 -999.0 -999.0 -999.0
1293.2 -999.0 -999.0 -999.0 -999.0 -999.0 -999.0 -999.0 -999.0 -999.0 1348.2 -999.0 -999.0 -999.0 1450.2 1355.8 1393.3 1427.5 1460.2 -999.0 -999.0 1417.9 1530.5 1314.2 1264.7 -999.0 -999.0 -999.0 -999.0 -999.0 1507.6 1445.8 1499.4 1487.9 1492.7 1426.3 1459.6 1385.3 1305.8 1386.6 1202.5 942.1 776.2 967.0 857.8 839.1 854.7 1065.0 1048.3 1033.4 1130.0 1299.9 1330.5 1313.9 1504.3 1462.4 1379.7 1420.7 -999.0 -999.0 -999.0 -999.0 -999.0 -999.0 -999.0 -999.0 -999.0 -999.0 -999.0 -999.0 -999.0
-999.0 -999.0 -999.0 -999.0 -999.0 -999.0 -999.0 -999.0 -999.0 -999.0 1434.6 1428.5 -999.0 -999.0 -999.0 1467.9 1332.6 1345.9 1398.9 -999.0 -999.0 -999.0 -999.0 1491.5 -999.0 -999.0 -999.0 -999.0 -999.0 -999.0 1547.8 1492.8 1482.8 1375.6 1278.1 1271.1 1361.6 1361.7 1406.0 1376.6 1297.6 1027.5 820.3 1034.7 716.8 801.6 784.5 1018.4 1012.8 911.8 1105.6 1248.3 1324.2 1436.5 1496.6 1429.0 1358.6 1407.0 -999.0 -999.0 -999.0 -999.0 -999.0 -999.0 -999.0 -999.0 -999.0 -999.0 -999.0 -999.0 -999.0
1693.8 1671.2 1626.6 -999.0 -999.0 -999.0 -999.0 -999.0 -999.0 -999.0 -999.0 1320.1 -999.0 -999.0 -999.0 -999.0 1477.6 1365.3 1433.5 -999.0 -999.0 -999.0 -999.0 -999.0 -999.0 -999.0 -999.0 -999.0 -999.0 1567.2 1505.1 1373.5 1281.6 1243.4 1146.6 1168.8 1255.6 1289.1 1377.7 1328.7 1320.0 1154.4 673.9 635.1 697.9 784.3 1044.2 1167.1 1122.8 1214.8 1354.7 1205.0 1211.2 1428.6 1444.2 1381.0 1352.9 1412.3 1519.2 -999.0 -999.0 -999.0 -999.0 -999.0 -999.0 -999.0 -999.0 -999.0 -999.0 -999.0 -999.0
1426.8 1455.8 1540.2 1589.4 -999.0 -999.0 -999.0 -999.0 -999.0 -999.0 -999.0 1250.7 -999.0 -999.0 -999.0 -999.0 -999.0 -999.0 -999.0 -999.0 -999.0 -999.0 -999.0 -999.0 -999.0 -999.0 -999.0 -999.0 -999.0 1517.4 1474.6 1449.5 1392.1 1438.0 927.9 1098.5 1211.2 1110.8 1337.8 1247.7 1479.2 1299.8 821.7 570.6 783.6 946.0 690.6 665.3 805.0 980.6 1091.6 1399.4 1344.5 1366.3 1301.9 1370.0 1413.4 1413.7 1497.1 1587.9 -999.0 -999.0 -999.0 -999.0 -999.0 -999.0 -999.0 -999.0 -999.0 -999.0 -999.0
1515.3 1513.1 1492.5 1547.6 -999.0 -999.0 -999.0 -999.0 -999.0 -999.0 -999.0 -999.0 -999.0 -999.0 -999.0 -999.0 -999.0 -999.0 -999.0 -999.0 -999.0 -999.0 -999.0 -999.0 -999.0 -999.0 -999.0 -999.0 1620.5 1548.1 1421.6 1478.4 1159.5 1544.0 637.2 686.5 1251.6 1210.7 1303.4 1400.0 1345.3 1409.3 1206.3 619.6 695.0 864.1 949.8 1041.1 921.3 985.7 1095.3 1249.1 1344.3 1376.0 1407.7 1433.5 1405.9 1477.9 1598.6 1626.5 -999.0 -999.0 -999.0 -999.0 -999.0 -999.0 -999.0 -999.0 -999.0 -999.0 -999.0
1587.9 1588.9 1584.4 1529.2 -999.0 -999.0 -999.0 -999.0 -999.0 -999.0 -999.0 -999.0 -999.0 -999.0 -999.0 -999.0 -999.0 -999.0 -999.0 -999.0 -999.0 -999.0 -999.0 -999.0 -999.0 -999.0 -999.0 -999.0 1605.2 1365.3 1437.0 1260.3 738.7 1208.7 1452.2 1034.0 962.1 1141.5 1189.4 1287.1 1335.0 1394.8 1341.3 1224.2 660.5 826.2 903.1 1060.4 1094.9 1121.5 1277.8 1301.7 1322.0 1287.3 1427.3 1373.6 1446.6 1472.7 1575.2 1644.3 1646.9 1618.2 1613.5 -999.0 -999.0 -999.0 -999.0 -999.0 -999.0 -999.0 -999.0
1525.1 1633.7 -999.0 1542.7 1573.2 -999.0 -999.0 -999.0 -999.0 -999.0 -999.0 -999.0 -999.0 -999.0 -999.0 -999.0 -999.0 -999.0 -999.0 -999.0 -999.0 -999.0 -999.0 -999.0 -999.0 -999.0 -999.0 -999.0 1569.1 1373.9 1292.3 1012.5 1325.0 1225.2 1118.3 879.7 1099.5 1209.3 920.8 1323.6 1171.9 1336.7 1399.9 1431.9 1152.0 939.0 955.7 1041.5 1109.8 1270.5 1259.1 1302.2 1388.9 1454.2 1451.7 1467.8 1446.6 1505.0 1540.9 1573.5 1357.5 1489.3 1436.4 1440.1 1526.2 -999.0 -999.0 -999.0 -999.0 -999.0 -999.0
1500.8 1551.6 1600.8 1546.7 -999.0 -999.0 -999.0 -999.0 -999.0 -999.0 -999.0 -999.0 -999.0 -999.0 -999.0 -999.0 -999.0 -999.0 -999.0 -999.0 -999.0 -999.0 -999.0 -999.0 -999.0 -999.0 -999.0 -999.0 1565.3 1366.2 1187.5 793.1 685.7 933.2 1211.0 1137.8 1048.8 865.5 1210.9 947.5 1113.7 1225.9 1282.8 1319.6 1388.1 1281.2 955.1 1014.0 1121.7 1187.9 1237.1 1285.3 1355.7 1429.0 1498.8 1484.7 1494.5 1545.1 1524.1 1501.5 1434.5 1218.2 1278.1 1320.9 1312.8 1396.7 1629.2 -999.0 -999.0 -999.0 -999.0
1555.6 1567.8 1582.3 1529.7 -999.0 -999.0 -999.0 -999.0 -999.0 -999.0 -999.0 -999.0 -999.0 -999.0 -999.0 -999.0 -999.0 -999.0 -999.0 -999.0 -999.0 -999.0 -999.0 -999.0 -999.0 -999.0 -999.0 -999.0 1591.3 1513.0 1184.0 990.1 1319.0 518.8 701.3 1209.9 1025.8 1177.0 879.2 845.9 1107.8 1241.5 1213.4 1175.7 1309.8 755.6 853.9 890.1 878.4 891.5 990.2 1279.3 1254.2 1419.2 1486.6 1497.2 1511.2 1543.0 1584.7 1604.6 1511.0 1293.9 1391.6 1445.1 1400.0 1360.4 1605.6 1443.6 -999.0 -999.0 -999.0
1562.3 1496.2 1444.8 1543.2 -999.0 -999.0 -999.0 -999.0 -999.0 -999.0 -999.0 -999.0 -999.0 -999.0 -999.0 -999.0 1757.7 1781.0 1808.2 -999.0 -999.0 -999.0 -999.0 -999.0 -999.0 -999.0 -999.0 -999.0 -999.0 1624.6 1514.7 1403.7 1220.9 1199.0 920.7 1372.9 1570.0 1092.0 1107.4 1143.2 1199.0 1071.9 1064.6 1150.9 1109.2 909.8 914.5 701.6 801.5 990.9 1093.2 1107.7 1277.4 1421.1 1479.2 1510.1 1492.3 1545.4 1588.3 1227.3 1286.3 1027.1 1017.1 1124.8 1205.3 1425.2 1250.0 1349.7 1563.1 -999.0 -999.0
1618.0 1485.0 1526.6 -999.0 -999.0 -999.0 -999.0 -999.0 -999.0 -999.0 -999.0 -999.0 -999.0 -999.0 -999.0 -999.0 1738.0 1768.4 -999.0 -999.0 -999.0 -999.0 -999.0 -999.0 -999.0 -999.0 -999.0 -999.0 -999.0 -999.0 1514.0 1562.3 1217.6 1288.4 687.2 1228.6 1202.8 1277.5 1410.1 1401.8 1323.5 1322.4 710.7 1137.2 1056.5 725.0 927.5 1182.3 1268.2 962.0 1290.2 1134.9 1335.0 1464.6 1525.4 1519.8 1506.8 1454.2 1274.8 1192.1 1248.1 1262.2 1317.0 1244.3 1162.5 1204.5 1197.8 1369.4 1345.9 -999.0 -999.0
1532.3 1497.3 -999.0 -999.0 -999.0 -999.0 -999.0 -999.0 -999.0 -999.0 -999.0 -999.0 -999.0 -999.0 -999.0 1639.4 1346.8 1456.8 1702.8 -999.0 -999.0 -999.0 -999.0 -999.0 -999.0 -999.0 -999.0 -999.0 -999.0 -999.0 1478.0 1263.2 1197.5 1194.5 1339.7 1186.9 1365.1 1402.7 1433.7 1452.8 1266.7 1340.0 1381.9 732.7 1022.5 1075.8 860.6 1062.7 891.5 1128.2 1125.4 1299.4 1391.7 1471.7 1487.3 1533.7 1518.1 1391.5 1297.4 1357.1 1296.8 1235.5 1273.7 1232.0 1253.0 1247.8 1252.5 1459.8 1350.4 1557.1 -999.0
-999.0 -999.0 -999.0 -999.0 -999.0 -999.0 -999.0 -999.0 -999.0 -999.0 -999.0 -999.0 -999.0 -999.0 1661.0 1222.3 1120.8 977.9 1663.3 -999.0 -999.0 -999.0 -999.0 -999.0 -999.0 -999.0 -999.0 -999.0 -999.0 -999.0 1510.6 1082.4 1245.3 1610.5 1416.3 1465.3 1394.3 1533.1 1521.6 1397.2 1274.5 1462.2 907.6 1080.5 849.4 1058.4 762.0 1254.2 1152.6 1319.0 1179.7 1348.0 1376.7 1413.1 1527.7 1533.6 1527.6 1474.9 1252.0 1240.1 1296.7 1402.6 1376.1 1377.6 1364.7 1355.5 1251.2 1283.5 1412.1 1438.6 -999.0
-999.0 -999.0 -999.0 -999.0 -999.0 -999.0 -999.0 -999.0 -999.0 -999.0 -999.0 -999.0 -999.0 1632.5 1571.3 940.1 1262.1 1424.8 -999.0 -999.0 -999.0 -999.0 -999.0 -999.0 -999.0 -999.0 -999.0 -999.0 -999.0 -999.0 -999.0 1541.8 1613.8 1657.0 1407.4 1595.2 1406.4 1555.5 1532.5 1483.3 1354.4 1480.3 956.9 921.0 799.7 833.8 785.8 860.3 879.5 1001.2 1117.1 1160.5 1250.5 1460.6 1519.0 1520.8 1479.8 1465.1 1447.6 1161.8 1296.4 1517.2 1532.5 1476.4 1484.0 1489.3 1508.1 1504.8 1576.2 1572.8 1504.1
-999.0 -999.0 -999.0 -999.0 -999.0 -999.0 -999.0 -999.0 -999.0 -999.0 -999.0 -999.0 -999.0 1379.6 1166.3 1519.3 1585.4 1638.1 -999.0 -999.0 -999.0 -999.0 -999.0 -999.0 -999.0 -999.0 -999.0 -999.0 -999.0 -999.0 -999.0 -999.0 1658.8 1560.3 1604.4 1627.1 1504.2 1569.2 1548.9 1513.0 1358.4 1490.8 983.1 1025.3 1060.5 870.8 947.4 1032.2 772.6 805.1 1109.0 1058.5 1211.6 1296.4 1480.4 1514.3 1476.2 1481.0 1502.1 1488.0 1502.5 1569.6 1541.2 1489.3 1437.4 1471.2 1523.9 1541.7 1555.5 1332.1 1339.7
-999.0 -999.0 -999.0 -999.0 -999.0 -999.0 -999.0 -999.0 -999.0 -999.0 -999.0 -999.0 -999.0 1368.0 1473.3 1459.9 1642.9 -999.0 -999.0 -999.0 -999.0 -999.0 -999.0 -999.0 -999.0 -999.0 -999.0 -999.0 -999.0 -999.0 -999.0 -999.0 1651.5 1558.4 1580.6 -999.0 1590.8 -999.0 1620.6 1589.9 1527.2 1540.2 1464.4 1007.8 1060.5 1051.4 805.7 1283.4 1228.9 845.0 999.0 1107.7 1192.9 1337.6 1467.5 1524.5 1541.8 1558.2 1547.2 1548.9 1502.6 1422.8 1500.4 1413.7 1449.3 1515.2 1472.0 1387.4 1437.0 1490.9 1487.8
-999.0 -999.0 -999.0 -999.0 -999.0 -999.0 -999.0 -999.0 -999.0 -999.0 -999.0 -999.0 1582.6 1624.4 1633.3 -999.0 -999.0 -999.0 -999.0 -999.0 -999.0 -999.0 -999.0 -999.0 -999.0 -999.0 -999.0 -999.0 -999.0 -999.0 -999.0 -999.0 1638.0 1637.0 1655.1 -999.0 -999.0 -999.0 1648.7 1439.7 1596.5 1473.0 1340.2 1391.9 1364.7 1264.5 988.6 979.8 1328.3 1020.0 932.3 1168.1 1137.8 1275.6 1396.2 1576.4 1574.1 1589.7 1588.9 1580.1 1557.5 1525.3 1515.0 1455.8 1525.4 1477.7 1408.5 1362.5 1356.4 1378.2 1440.5
-999.0 -999.0 -999.0 -999.0 -999.0 -999.0 -999.0 -999.0 -999.0 -999.0 -999.0 -999.0 -999.0 -999.0 -999.0 -999.0 -999.0 -999.0 -999.0 -999.0 -999.0 -999.0 -999.0 -999.0 -999.0 -999.0 -999.0 -999.0 -999.0 -999.0 -999.0 -999.0 -999.0 -999.0 -999.0 -999.0 -999.0 1653.4 1627.9 1486.3 1265.2 1182.4 1166.3 1158.1 1268.8 1271.7 1079.4 1104.3 1217.6 1364.4 1152.4 1082.3 1237.7 1337.8 1439.5 1524.1 1564.4 1557.0 1593.8 1606.7 1607.5 1602.6 1577.1 1573.5 1477.5 1265.9 1399.3 1372.6 1463.6 1469.2 1538.5
-999.0 -999.0 -999.0 -999.0 -999.0 -999.0 -999.0 -999.0 -999.0 -999.0 -999.0 -999.0 -999.0 -999.0 -999.0 -999.0 -999.0 -999.0 -999.0 -999.0 -999.0 -999.0 -999.0 -999.0 -999.0 -999.0 -999.0 -999.0 -999.0 -999.0 -999.0 -999.0 -999.0 -999.0 -999.0 -999.0 -999.0 1608.3 1546.4 1314.1 1070.3 900.0 1026.4 1278.2 1205.4 1431.8 1357.8 1402.7 1265.0 1202.1 1175.2 1186.2 1246.6 1367.1 1443.7 1494.9 1565.4 1562.2 1607.7 1629.4 1651.1 1639.4 1603.0 1583.6 1522.9 1229.0 1309.5 1472.3 1531.7 1563.8 1569.7
-999.0 -999.0 -999.0 -999.0 -999.0 -999.0 -999.0 -999.0 -999.0 -999.0 -999.0 -999.0 -999.0 -999.0 -999.0 -999.0 -999.0 -999.0 -999.0 -999.0 -999.0 -999.0 -999.0 -999.0 -999.0 -999.0 -999.0 -999.0 -999.0 -999.0 -999.0 -999.0 -999.0 -999.0 -999.0 -999.0 -999.0 1609.3 1590.8 1473.6 1225.1 1128.9 1175.8 1274.4 1315.1 1385.4 1333.7 1417.9 1430.8 1376.9 1525.9 1204.7 1350.7 1297.3 1419.3 1460.3 1578.2 1603.3 1608.5 1637.6 1684.0 1636.4 1620.9 1584.2 1568.5 1413.6 1373.4 1470.6 1552.7 1577.4 1596.0
