GDD/GrowingDegreeDays_1995_Actual.txt
ncols         180
nrows         290
xllcorner     -200000
yllcorner     -200000
cellsize      5000
NODATA_value    -999
[rows 160 to 191 of 290, columns 71 to 141 of 180]
-999.0 -999.0 -999.0 -999.0 -999.0 -999.0 -999.0 -999.0 -999.0 -999.0 -999.0 -999.0 -999.0 -999.0 -999.0 -999.0 -999.0 -999.0 -999.0 -999.0 -999.0 -999.0 -999.0 -999.0 -999.0 -999.0 -999.0 -999.0 -999.0 -999.0 -999.0 -999.0 -999.0 -999.0 -999.0 1944.0 1947.2 1932.7 1871.0 1619.5 1498.3 1265.2 1559.0 1430.8 1826.8 1706.9 1719.2 1607.1 1539.5 1594.9 1499.5 1826.6 1826.8 1834.5 1854.5 1899.0 1814.6 1892.4 1912.9 1917.5 1954.5 1954.0 1914.7 1880.3 1854.8 1830.5 1693.7 1752.4 1831.6 1870.8 1882.8
-999.0 -999.0 -999.0 -999.0 -999.0 -999.0 -999.0 -999.0 -999.0 -999.0 -999.0 -999.0 -999.0 -999.0 -999.0 -999.0 -999.0 -999.0 -999.0 -999.0 -999.0 -999.0 -999.0 -999.0 -999.0 -999.0 -999.0 -999.0 -999.0 -999.0 -999.0 -999.0 -999.0 -999.0 -999.0 1973.0 1982.5 1985.5 2008.5 1918.7 1609.2 1797.3 1768.3 1876.1 1742.7 1463.7 1632.9 1537.2 1583.5 1487.3 1845.4 1557.8 1773.6 1686.6 1744.5 1750.8 1849.4 1872.7 1905.6 1920.6 1930.3 1927.6 1891.3 1861.0 1863.3 1864.3 1833.4 1740.0 1809.8 1880.6 1893.8
-999.0 -999.0 -999.0 -999.0 -999.0 -999.0 -999.0 -999.0 -999.0 -999.0 -999.0 -999.0 -999.0 -999.0 -999.0 -999.0 -999.0 -999.0 -999.0 -999.0 -999.0 -999.0 -999.0 -999.0 -999.0 -999.0 -999.0 -999.0 -999.0 -999.0 -999.0 -999.0 -999.0 -999.0 -999.0 1952.1 1987.3 1933.3 2036.3 1970.2 1849.1 1799.0 1841.0 1904.1 1757.4 1648.9 1657.2 1565.8 1412.2 1636.2 1725.4 1898.5 1774.3 1963.8 1911.1 1853.4 1811.5 1868.0 1879.8 1911.2 1903.3 1905.1 1885.3 1863.2 1865.6 1867.6 1856.5 1777.9 1744.1 1871.9 1965.0
-999.0 -999.0 -999.0 -999.0 -999.0 -999.0 -999.0 -999.0 -999.0 -999.0 -999.0 -999.0 -999.0 -999.0 -999.0 -999.0 -999.0 -999.0 -999.0 -999.0 -999.0 -999.0 -999.0 -999.0 -999.0 -999.0 -999.0 -999.0 -999.0 -999.0 -999.0 -999.0 -999.0 -999.0 -999.0 1951.9 1942.9 1928.4 1973.1 1969.8 1917.4 1913.5 1825.0 1702.9 1862.2 1784.9 1684.1 1325.4 1339.9 1339.0 1523.5 1747.1 1839.3 1834.2 1972.0 2021.5 1902.0 1837.4 1908.0 1927.3 1915.7 1926.3 1908.6 1890.3 1890.2 1895.7 1901.1 1797.0 1750.4 1932.4 2043.4
-999.0 -999.0 -999.0 -999.0 -999.0 -999.0 -999.0 -999.0 -999.0 -999.0 -999.0 -999.0 -999.0 -999.0 -999.0 -999.0 -999.0 -999.0 -999.0 -999.0 -999.0 -999.0 -999.0 -999.0 -999.0 -999.0 -999.0 -999.0 -999.0 -999.0 -999.0 -999.0 -999.0 -999.0 -999.0 1967.7 1978.9 1987.6 2014.6 1998.4 1977.2 1867.0 1847.5 1730.6 1669.4 1494.4 1391.9 1321.6 1532.8 1447.6 1644.8 1721.6 1880.1 1755.8 1865.4 1990.3 2030.4 2008.9 1970.3 1966.0 1942.4 1934.2 1933.2 1922.6 1917.2 1927.7 1921.9 1923.9 1871.7 1959.5 2044.8
-999.0 -999.0 -999.0 -999.0 -999.0 -999.0 -999.0 -999.0 -999.0 -999.0 -999.0 -999.0 -999.0 -999.0 -999.0 -999.0 -999.0 -999.0 -999.0 -999.0 -999.0 -999.0 -999.0 -999.0 -999.0 -999.0 -999.0 -999.0 -999.0 -999.0 -999.0 -999.0 -999.0 -999.0 -999.0 -999.0 1949.5 1975.8 2000.7 1998.1 1891.8 1686.7 1653.6 1597.3 1673.7 1700.6 1513.8 1537.7 1445.5 1572.3 1830.6 2039.1 1975.3 1925.5 1884.7 2049.0 2030.4 1939.2 1957.2 1994.5 1950.8 1957.6 1957.3 1954.9 1945.1 1948.7 1947.0 1931.0 1954.3 1961.3 1990.4
-999.0 -999.0 -999.0 -999.0 -999.0 -999.0 -999.0 -999.0 -999.0 -999.0 -999.0 -999.0 -999.0 -999.0 -999.0 -999.0 -999.0 -999.0 -999.0 -999.0 -999.0 -999.0 -999.0 -999.0 -999.0 -999.0 -999.0 -999.0 -999.0 -999.0 -999.0 -999.0 -999.0 -999.0 -999.0 2009.0 1971.7 1993.4 2019.8 1987.4 1902.7 1562.2 1519.1 1661.0 1463.7 1517.0 1594.5 1603.2 1333.4 1541.3 1585.5 1847.4 2100.8 1855.9 2012.6 2115.6 1976.3 1952.4 2002.5 1967.1 1985.3 1984.1 1973.4 1965.5 1960.3 1967.5 1862.5 1923.2 1950.4 1838.5 1884.7
-999.0 -999.0 -999.0 -999.0 -999.0 -999.0 -999.0 -999.0 -999.0 -999.0 -999.0 -999.0 -999.0 -999.0 -999.0 -999.0 -999.0 -999.0 -999.0 -999.0 -999.0 -999.0 -999.0 -999.0 -999.0 -999.0 -999.0 -999.0 -999.0 -999.0 -999.0 -999.0 -999.0 -999.0 -999.0 2024.8 2030.5 2021.6 2032.9 1848.7 1901.5 1817.1 1563.7 1786.8 1777.6 1746.4 1827.2 1783.1 1491.9 1574.5 1618.4 1949.9 1829.2 1708.9 1943.6 1881.6 1930.7 1886.2 1930.1 1963.6 2011.5 2013.4 1997.6 1985.0 1969.0 1988.7 1985.1 1915.1 1972.0 1926.4 1859.7
-999.0 -999.0 -999.0 -999.0 -999.0 -999.0 -999.0 -999.0 -999.0 -999.0 -999.0 -999.0 -999.0 -999.0 -999.0 -999.0 -999.0 -999.0 -999.0 -999.0 -999.0 -999.0 -999.0 -999.0 -999.0 -999.0 -999.0 -999.0 -999.0 -999.0 -999.0 -999.0 -999.0 -999.0 1988.2 2040.1 2035.7 1942.1 1971.2 1938.7 1965.4 1876.9 1851.3 1890.5 1924.2 1942.6 1901.6 1788.3 1515.9 1332.1 1296.6 1658.6 1567.0 1643.9 1898.1 1901.2 1990.0 1947.6 1938.1 1994.3 2033.0 2028.4 2016.6 1997.2 1971.6 1992.9 1984.4 1965.8 1960.2 1947.2 1812.2
-999.0 -999.0 -999.0 -999.0 -999.0 -999.0 -999.0 -999.0 -999.0 -999.0 -999.0 -999.0 -999.0 -999.0 -999.0 -999.0 -999.0 -999.0 -999.0 -999.0 -999.0 -999.0 -999.0 -999.0 -999.0 -999.0 -999.0 -999.0 -999.0 -999.0 -999.0 -999.0 -999.0 -999.0 -999.0 2021.5 2067.4 2027.6 2005.6 1847.0 2024.1 2024.2 2019.7 1994.7 1980.8 2015.7 1984.0 1879.9 1774.1 1409.7 1270.0 1235.8 1526.0 1563.6 1725.5 1870.1 1862.1 2044.8 2036.5 1955.2 2038.9 2046.9 2040.2 2009.1 1977.3 1985.2 1981.6 1952.7 1964.5 1963.8 1942.0
-999.0 -999.0 -999.0 -999.0 -999.0 -999.0 -999.0 -999.0 -999.0 -999.0 -999.0 -999.0 -999.0 -999.0 -999.0 -999.0 -999.0 -999.0 -999.0 -999.0 -999.0 -999.0 -999.0 -999.0 -999.0 -999.0 -999.0 -999.0 -999.0 -999.0 -999.0 -999.0 -999.0 -999.0 -999.0 2077.2 2094.2 2115.0 2104.7 2061.3 2046.0 2049.8 2083.6 2079.9 2128.0 2137.9 2089.6 1983.2 1786.5 1715.4 1307.0 1169.4 1224.3 1459.4 1662.3 1812.4 1947.0 1892.9 1982.3 1908.6 2022.5 2030.2 2040.3 1991.7 1972.3 1974.0 1948.3 1937.7 1949.6 1959.4 1921.1
-999.0 -999.0 -999.0 -999.0 -999.0 -999.0 -999.0 -999.0 -999.0 -999.0 -999.0 -999.0 -999.0 -999.0 -999.0 1997.4 1981.3 1932.2 1890.8 -999.0 -999.0 -999.0 -999.0 -999.0 -999.0 -999.0 -999.0 -999.0 -999.0 -999.0 -999.0 -999.0 -999.0 -999.0 2166.0 2196.3 2117.3 2139.2 2069.8 2065.3 2098.0 2093.6 2088.7 2116.9 2131.0 2153.0 2102.5 2011.0 1871.1 1561.3 1357.2 1345.9 1579.0 1419.2 1598.7 1967.5 1938.9 2031.4 1804.2 1840.5 1985.5 1986.3 1972.4 1936.0 1947.5 1966.2 1955.8 1921.2 1928.9 1964.3 1947.6
-999.0 -999.0 -999.0 -999.0 -999.0 -999.0 -999.0 -999.0 -999.0 -999.0 -999.0 -999.0 -999.0 -999.0 -999.0 1958.9 1910.3 1922.5 1992.4 -999.0 -999.0 -999.0 -999.0 -999.0 -999.0 -999.0 -999.0 -999.0 -999.0 -999.0 -999.0 -999.0 -999.0 2265.8 2142.0 2176.5 2130.2 2043.7 2124.3 2070.2 2117.5 2103.8 2092.3 2112.0 2097.7 2077.3 2084.8 2023.1 1917.1 1791.6 1372.1 1316.8 1601.4 1561.9 1713.6 1840.5 2105.0 2068.0 1899.6 1861.2 1951.0 2025.5 2026.5 1977.1 1952.9 1973.3 1964.8 1943.0 1901.7 1950.0 1928.4
-999.0 -999.0 -999.0 -999.0 -999.0 -999.0 -999.0 -999.0 -999.0 -999.0 -999.0 -999.0 -999.0 1940.7 2094.0 2072.6 1942.1 1968.5 1973.5 2119.6 2145.9 2140.9 -999.0 -999.0 2035.8 2115.6 -999.0 -999.0 -999.0 2181.5 2095.5 2074.0 -999.0 2263.2 2052.1 2116.7 2152.7 2143.0 2130.6 2028.6 2028.1 2004.3 2048.2 2022.7 2093.9 2014.4 2014.2 1980.4 1619.2 1894.6 1774.8 1499.2 1832.5 1752.2 1469.5 1995.3 1868.5 2011.1 1922.8 1902.7 1964.8 2011.7 2070.4 2079.7 2025.7 2021.3 1972.9 1967.3 1897.9 1958.7 1950.3
-999.0 -999.0 -999.0 -999.0 -999.0 -999.0 -999.0 -999.0 -999.0 -999.0 -999.0 -999.0 -999.0 -999.0 2085.1 2084.3 2050.0 2059.1 2084.5 2088.0 1990.6 2198.5 -999.0 2202.3 2063.5 1877.2 1982.2 1920.8 2147.1 2162.9 1800.6 1826.5 1947.9 -999.0 2135.5 2043.0 2077.8 2127.9 2105.9 1986.8 2068.5 2139.4 2130.9 2068.4 2025.2 1997.1 1895.8 1887.1 1579.0 1509.0 1572.8 1558.9 1606.2 1493.1 1563.2 1788.7 1987.5 2023.2 1841.3 1840.0 1968.6 1946.8 2037.9 2017.6 2006.0 2021.2 1977.0 1981.4 1910.1 1965.7 1967.5
-999.0 -999.0 -999.0 -999.0 -999.0 -999.0 -999.0 -999.0 -999.0 -999.0 -999.0 -999.0 -999.0 -999.0 -999.0 2095.9 2065.3 2054.1 2158.9 2199.3 2223.5 2228.5 1771.5 1215.8 2014.2 1683.6 1662.4 1761.1 1911.0 2083.3 2067.6 1883.3 1729.7 1939.1 2152.3 2160.9 2078.5 2090.1 2034.5 1848.9 1968.0 2127.7 2162.7 2084.7 2022.0 1978.6 1882.8 1820.4 1423.8 1322.3 1498.4 1542.9 1693.6 1743.1 1693.5 1771.6 1974.9 1990.5 1866.9 1903.2 1943.9 1904.9 1993.6 1941.3 2007.8 2005.4 1995.9 1970.8 1865.9 1996.5 1991.9
-999.0 -999.0 -999.0 -999.0 -999.0 -999.0 -999.0 -999.0 -999.0 -999.0 -999.0 -999.0 -999.0 -999.0 -999.0 -999.0 2022.5 2145.7 2198.0 2239.5 2122.8 1880.9 965.3 1454.6 2154.9 1607.1 1875.1 1605.9 1675.3 1944.1 2082.5 1584.4 1796.9 1795.2 2003.2 2179.5 2109.6 2058.0 2067.4 1947.3 1942.9 2036.2 2075.5 2072.6 2001.5 1957.8 1898.9 1689.2 1574.3 1276.8 1469.1 1474.6 1529.5 1841.6 1727.7 1661.9 1837.5 1883.4 1854.2 1906.8 1899.8 1902.3 1968.6 1923.9 2004.2 2018.9 1987.8 2001.6 1984.9 1986.3 2001.7
-999.0 -999.0 -999.0 -999.0 -999.0 -999.0 -999.0 -999.0 -999.0 -999.0 -999.0 -999.0 -999.0 -999.0 -999.0 -999.0 -999.0 2161.9 2188.9 2029.1 1849.6 1073.9 951.2 1427.3 1734.2 1736.7 1613.0 1495.4 1519.3 1540.8 1833.7 1951.8 1487.1 1750.6 1950.8 2000.6 2090.8 2085.4 2047.3 2016.4 1983.5 2029.1 2065.5 2027.2 1970.9 1929.4 1858.3 1694.0 1502.2 1401.2 1567.0 1600.3 1505.7 1674.6 1950.5 1706.9 1907.1 1855.6 1821.3 1895.2 1906.8 1928.5 1929.1 1921.1 2003.9 2029.3 2010.9 2045.8 1949.9 1990.0 2008.2
-999.0 -999.0 -999.0 -999.0 -999.0 -999.0 -999.0 -999.0 -999.0 -999.0 -999.0 -999.0 -999.0 -999.0 -999.0 -999.0 -999.0 2166.7 2075.9 1710.9 1563.5 1404.2 1146.2 1687.0 1926.5 1698.2 1443.0 1395.4 1372.6 1550.3 1781.6 1980.8 1462.6 1590.5 1897.8 1974.9 2111.4 2095.5 2036.5 1947.0 1971.8 1997.2 2008.0 2014.5 1974.2 1908.0 1724.9 1638.1 1729.5 1373.2 1552.8 1535.9 1466.4 1529.0 1750.4 1872.6 1903.7 1960.2 1836.8 1799.8 1900.8 1926.3 1984.2 1978.3 2031.6 2021.8 2029.3 2050.7 2029.0 1977.5 1999.4
-999.0 -999.0 -999.0 -999.0 -999.0 -999.0 -999.0 -999.0 -999.0 -999.0 -999.0 -999.0 -999.0 -999.0 -999.0 -999.0 -999.0 2173.4 2004.1 1780.4 1798.5 1374.6 1508.4 1780.1 1684.3 1807.6 1625.6 1381.3 1526.0 1354.2 1544.1 1831.2 1517.3 1512.8 1677.5 2005.7 2069.3 2100.3 2001.5 1898.3 1924.1 1981.6 1998.6 1998.8 1945.9 1805.4 1744.4 1781.0 1749.2 1539.1 1572.3 1600.0 1634.7 1735.5 1766.4 1727.6 1979.7 1886.4 1877.7 1926.6 1904.0 1959.4 1919.3 2033.9 2043.3 2028.6 2038.5 2040.1 1906.8 1988.0 2012.3
-999.0 -999.0 -999.0 -999.0 -999.0 -999.0 -999.0 -999.0 -999.0 -999.0 -999.0 -999.0 -999.0 -999.0 -999.0 -999.0 2157.1 1361.5 1891.4 1738.3 1558.6 1894.5 1077.3 1268.1 1369.3 1508.8 1305.0 1525.3 1475.8 1563.2 1679.6 1564.9 1341.1 1550.0 1682.9 2001.3 2087.7 2114.0 1954.3 1942.2 1972.9 1979.4 2008.2 1967.4 1846.7 1859.1 1860.8 1717.4 1607.2 1798.9 1471.9 1544.9 1794.4 1768.9 1844.5 1916.3 1924.8 1965.0 1976.8 2032.0 1934.9 1988.9 2047.7 1949.3 2047.0 2033.5 2015.2 2007.3 1902.0 1989.5 2017.6
-999.0 -999.0 -999.0 -999.0 -999.0 -999.0 -999.0 -999.0 -999.0 -999.0 -999.0 -999.0 -999.0 -999.0 2177.2 2133.9 1770.2 1854.2 2017.9 1970.5 1765.0 1980.1 1711.4 1558.1 1302.9 1337.0 1222.2 1343.3 1306.6 1705.3 1526.7 1589.8 1860.8 1865.1 1963.2 1947.6 2029.0 2059.8 1953.6 1946.6 1940.8 1971.6 1942.5 1813.7 1877.4 1836.9 1891.6 1740.2 1669.7 1704.5 1777.5 1852.0 1748.5 1821.2 1879.6 1897.3 1917.5 1937.1 2039.5 2038.9 2046.9 2097.2 2081.5 2046.3 2035.6 2002.2 2019.1 1998.7 1905.9 1980.3 2024.1
-999.0 -999.0 -999.0 -999.0 -999.0 -999.0 -999.0 -999.0 -999.0 -999.0 -999.0 -999.0 -999.0 2158.5 2112.8 2100.5 2081.3 2119.5 2164.1 2142.7 2162.2 2090.3 1768.7 1601.6 1474.3 980.8 1459.2 1539.4 1523.8 1779.7 1335.9 1318.9 1460.9 1779.9 1936.6 1930.2 1952.8 1975.7 1937.1 1888.1 1925.4 1923.0 1898.9 1824.5 1784.6 1883.5 1871.5 1737.6 1749.5 1783.8 1809.5 1816.8 1819.8 1940.5 1918.8 1990.5 2069.6 1983.2 2032.4 2102.7 2153.4 2133.0 2043.6 2050.3 2029.4 1997.5 1980.9 1974.8 1858.2 1924.9 1995.8
-999.0 -999.0 -999.0 -999.0 -999.0 -999.0 -999.0 -999.0 -999.0 -999.0 -999.0 -999.0 2158.9 1988.9 2036.8 2072.7 -999.0 -999.0 -999.0 -999.0 2138.5 1538.0 1530.1 1529.1 1393.3 1498.2 1564.2 1248.2 1317.3 1521.0 951.2 1165.8 1445.2 1505.2 1800.6 2005.7 1958.3 1931.9 1951.8 1932.6 1936.3 1938.7 1879.1 1909.6 1778.9 1850.2 1850.9 1827.4 1813.4 1815.3 1844.1 1938.1 1949.4 1976.7 2006.2 2041.5 2093.1 2096.9 2077.7 2094.8 2109.3 2096.4 2060.5 2039.1 1970.9 1922.8 1914.7 1929.3 1873.6 1909.8 1933.3
-999.0 -999.0 -999.0 -999.0 -999.0 -999.0 -999.0 -999.0 -999.0 -999.0 -999.0 -999.0 2096.7 1841.0 2150.2 2179.4 -999.0 -999.0 -999.0 -999.0 2167.2 1732.8 1426.8 1783.7 1387.8 1395.5 1418.6 1189.5 1124.0 1402.2 1146.4 1681.8 1654.1 1751.9 1883.8 2012.5 1995.4 1941.8 1934.9 1898.8 1853.7 1938.9 1873.5 1887.6 1871.8 1807.0 1888.7 1874.6 1941.4 1882.3 1826.2 1823.8 1849.7 1985.6 2042.5 2059.3 2064.2 2006.8 2019.5 2001.3 2009.3 2015.0 1923.2 1960.4 1809.3 1814.7 1812.2 1897.5 1878.7 1909.9 1933.8
-999.0 -999.0 -999.0 -999.0 -999.0 -999.0 -999.0 -999.0 -999.0 -999.0 -999.0 -999.0 -999.0 -999.0 -999.0 -999.0 -999.0 -999.0 -999.0 -999.0 2157.8 1641.2 1632.6 1802.6 1564.6 1700.7 1209.4 1278.8 1625.4 1396.3 1458.9 1626.0 1637.3 1865.9 1968.0 2042.2 1931.8 1936.9 1915.9 1910.5 1939.4 1952.0 1934.9 1925.4 1914.2 1876.3 1935.7 1968.3 1957.3 1922.7 1953.3 1909.7 1891.5 2041.7 1931.4 1856.9 1951.6 1946.6 1954.6 2015.3 1962.6 1884.7 1782.0 1811.9 1869.8 1846.7 1804.6 1865.6 1859.6 1910.0 1918.3
-999.0 -999.0 -999.0 -999.0 -999.0 -999.0 -999.0 -999.0 -999.0 -999.0 -999.0 -999.0 -999.0 -999.0 -999.0 -999.0 -999.0 -999.0 -999.0 -999.0 -999.0 1642.6 2191.0 2044.4 1693.8 1309.4 1440.9 1327.4 1320.9 1664.6 1618.2 1580.6 1905.1 1956.8 2039.4 2031.5 1997.2 1946.2 1958.0 1960.9 1972.1 1988.2 1975.1 1939.1 1957.7 1916.2 1944.1 2005.8 1841.9 1907.8 2017.3 2022.9 2008.1 1995.4 1997.0 1883.8 1858.6 1916.4 1834.3 1975.5 1992.6 1887.2 1889.2 1868.8 1877.6 1907.7 1826.6 1855.6 1895.1 1954.1 1922.9
-999.0 -999.0 -999.0 -999.0 -999.0 -999.0 -999.0 -999.0 -999.0 -999.0 -999.0 -999.0 -999.0 -999.0 -999.0 -999.0 -999.0 -999.0 -999.0 -999.0 -999.0 1956.1 1483.0 1410.5 1566.5 1601.3 1677.5 1491.1 1655.8 1647.6 1828.9 1984.4 1805.0 1994.0 2034.5 1866.1 1895.4 1931.9 1976.4 2032.8 2027.5 1960.6 1978.0 1880.7 1897.3 1925.9 1974.1 2050.2 1873.4 1829.2 1957.4 2024.7 2042.4 2015.7 1992.0 1951.5 1898.7 1854.3 1710.9 1851.3 2007.9 1967.7 1887.4 1805.4 1759.5 1796.8 1879.7 1864.6 1920.4 1969.0 2004.3
-999.0 -999.0 -999.0 -999.0 -999.0 -999.0 -999.0 -999.0 -999.0 -999.0 -999.0 -999.0 -999.0 -999.0 -999.0 -999.0 -999.0 -999.0 -999.0 -999.0 1984.2 1836.0 1963.0 1291.1 1700.5 1775.6 1548.6 1580.7 1709.0 1498.2 1870.1 2002.2 1772.6 2059.3 1537.5 1778.6 1913.1 1924.0 1861.6 1982.8 2000.6 1773.6 1816.7 1878.9 1980.5 1952.1 1984.7 2030.5 1980.6 1967.6 2008.3 2039.3 2027.2 2021.5 1999.1 1933.3 1936.7 1842.2 1877.7 1953.6 1986.1 1931.4 1850.0 1775.6 1738.9 1784.8 1910.2 1918.5 1959.8 1997.5 2034.5
-999.0 -999.0 -999.0 -999.0 -999.0 -999.0 -999.0 -999.0 -999.0 -999.0 -999.0 -999.0 -999.0 -999.0 -999.0 -999.0 -999.0 -999.0 -999.0 -999.0 2179.9 1951.4 1380.6 1810.7 2124.6 1878.6 1792.4 1610.7 1450.3 1511.7 1841.4 1959.2 1915.5 2006.8 1899.9 1864.9 1802.5 1766.7 1940.5 1923.7 1932.3 1924.6 1886.6 1980.2 1990.1 1947.3 1985.0 1972.1 1981.1 2063.9 2060.1 2041.9 2028.5 2019.6 2016.5 1985.1 1970.0 1898.1 1885.7 1947.0 1964.0 1883.5 1774.5 1704.5 1801.4 1795.8 1836.8 1911.1 2000.6 1947.0 2044.3
-999.0 -999.0 -999.0 -999.0 -999.0 -999.0 -999.0 -999.0 -999.0 -999.0 -999.0 -999.0 -999.0 -999.0 -999.0 -999.0 -999.0 -999.0 -999.0 -999.0 2208.2 1790.2 2185.9 1897.9 1916.9 1800.0 1754.9 1338.2 1521.2 1434.1 1716.9 1854.3 1998.7 2007.1 1910.1 1694.7 1597.0 1469.7 1857.3 1726.3 1844.9 1858.2 1892.3 2027.3 1989.2 1970.7 1995.1 1987.5 2058.7 2091.3 1994.8 1998.7 2031.3 2011.0 1907.1 2018.2 1983.7 1947.7 1955.1 1991.0 1966.6 1871.2 1824.4 1818.9 1851.4 1869.2 1954.4 1982.3 1957.9 1967.2 2063.4
-999.0 -999.0 -999.0 -999.0 -999.0 -999.0 -999.0 -999.0 -999.0 -999.0 -999.0 -999.0 -999.0 -999.0 -999.0 -999.0 -999.0 -999.0 -999.0 -999.0 -999.0 2155.8 1822.7 1542.7 1346.1 1269.8 1495.9 1496.3 1668.0 1917.8 1915.5 1972.7 1910.0 1896.9 1953.6 1821.0 1808.9 1534.2 1717.0 1813.2 1848.6 1762.0 1812.1 2003.1 1915.0 2007.8 2048.4 1900.0 2069.5 2084.5 2086.8 2036.2 2049.0 2026.1 1887.8 1945.0 2010.4 1955.3 1971.2 1983.6 1936.3 1856.7 1891.3 1917.9 1976.3 1926.5 2007.7 1932.1 1947.9 2042.1 2077.8
