GDD/GrowingDegreeDays_1973_Actual.txt
ncols         180
nrows         290
xllcorner     -200000
yllcorner     -200000
cellsize      5000
NODATA_value    -999
[rows 160 to 191 of 290, columns 71 to 141 of 180]
-999.0 -999.0 -999.0 -999.0 -999.0 -999.0 -999.0 -999.0 -999.0 -999.0 -999.0 -999.0 -999.0 -999.0 -999.0 -999.0 -999.0 -999.0 -999.0 -999.0 -999.0 -999.0 -999.0 -999.0 -999.0 -999.0 -999.0 -999.0 -999.0 -999.0 -999.0 -999.0 -999.0 -999.0 -999.0 1673.9 1640.7 1611.1 1566.6 1334.3 1230.8 1034.5 1256.8 1155.8 1499.5 1398.3 1406.9 1295.6 1236.3 1302.6 1252.3 1563.5 1538.6 1520.5 1536.1 1574.1 1502.8 1574.7 1605.1 1636.6 1685.0 1695.8 1647.6 1592.7 1561.5 1539.5 1422.0 1471.6 1537.0 1571.7 1576.8
-999.0 -999.0 -999.0 -999.0 -999.0 -999.0 -999.0 -999.0 -999.0 -999.0 -999.0 -999.0 -999.0 -999.0 -999.0 -999.0 -999.0 -999.0 -999.0 -999.0 -999.0 -999.0 -999.0 -999.0 -999.0 -999.0 -999.0 -999.0 -999.0 -999.0 -999.0 -999.0 -999.0 -999.0 -999.0 1687.2 1641.1 1637.8 1666.5 1596.0 1324.3 1481.8 1445.3 1539.4 1433.5 1211.0 1339.8 1198.6 1240.5 1197.6 1524.3 1304.4 1492.0 1411.4 1459.5 1460.9 1532.2 1539.0 1574.8 1625.0 1640.5 1642.1 1595.3 1549.2 1551.1 1558.7 1539.6 1466.6 1525.7 1583.5 1592.6
-999.0 -999.0 -999.0 -999.0 -999.0 -999.0 -999.0 -999.0 -999.0 -999.0 -999.0 -999.0 -999.0 -999.0 -999.0 -999.0 -999.0 -999.0 -999.0 -999.0 -999.0 -999.0 -999.0 -999.0 -999.0 -999.0 -999.0 -999.0 -999.0 -999.0 -999.0 -999.0 -999.0 -999.0 -999.0 1689.4 1653.6 1589.9 1693.1 1647.8 1542.8 1492.5 1516.7 1573.2 1456.1 1374.2 1378.5 1208.7 1088.7 1309.8 1411.5 1581.9 1493.4 1675.4 1628.3 1571.9 1513.5 1541.8 1560.0 1611.5 1600.2 1606.9 1577.7 1545.1 1547.8 1562.3 1560.0 1498.8 1474.7 1587.9 1670.1
-999.0 -999.0 -999.0 -999.0 -999.0 -999.0 -999.0 -999.0 -999.0 -999.0 -999.0 -999.0 -999.0 -999.0 -999.0 -999.0 -999.0 -999.0 -999.0 -999.0 -999.0 -999.0 -999.0 -999.0 -999.0 -999.0 -999.0 -999.0 -999.0 -999.0 -999.0 -999.0 -999.0 -999.0 -999.0 1677.2 1620.2 1593.9 1651.0 1668.6 1626.7 1611.8 1525.3 1418.0 1556.9 1483.5 1381.1 1055.5 1051.8 1066.8 1246.6 1453.0 1547.3 1543.3 1673.1 1724.2 1603.6 1529.2 1591.2 1615.3 1608.7 1620.8 1598.6 1577.9 1580.4 1595.5 1610.2 1528.0 1504.2 1675.7 1776.1
-999.0 -999.0 -999.0 -999.0 -999.0 -999.0 -999.0 -999.0 -999.0 -999.0 -999.0 -999.0 -999.0 -999.0 -999.0 -999.0 -999.0 -999.0 -999.0 -999.0 -999.0 -999.0 -999.0 -999.0 -999.0 -999.0 -999.0 -999.0 -999.0 -999.0 -999.0 -999.0 -999.0 -999.0 -999.0 1671.4 1643.1 1648.1 1697.8 1710.7 1693.2 1577.6 1553.0 1452.1 1389.1 1226.6 1128.2 1054.5 1213.4 1156.0 1340.8 1424.5 1557.5 1438.7 1551.5 1672.5 1704.2 1685.1 1651.5 1644.3 1626.2 1623.8 1628.5 1617.9 1616.0 1634.4 1632.6 1649.3 1625.1 1724.6 1794.1
-999.0 -999.0 -999.0 -999.0 -999.0 -999.0 -999.0 -999.0 -999.0 -999.0 -999.0 -999.0 -999.0 -999.0 -999.0 -999.0 -999.0 -999.0 -999.0 -999.0 -999.0 -999.0 -999.0 -999.0 -999.0 -999.0 -999.0 -999.0 -999.0 -999.0 -999.0 -999.0 -999.0 -999.0 -999.0 -999.0 1599.9 1630.1 1679.0 1703.2 1608.8 1411.3 1376.4 1330.7 1388.2 1391.3 1223.0 1229.5 1145.7 1254.4 1482.6 1674.2 1618.1 1564.2 1553.7 1699.1 1684.8 1615.5 1629.4 1667.4 1627.8 1642.3 1651.0 1650.3 1643.9 1647.1 1644.9 1642.9 1681.1 1709.1 1743.0
-999.0 -999.0 -999.0 -999.0 -999.0 -999.0 -999.0 -999.0 -999.0 -999.0 -999.0 -999.0 -999.0 -999.0 -999.0 -999.0 -999.0 -999.0 -999.0 -999.0 -999.0 -999.0 -999.0 -999.0 -999.0 -999.0 -999.0 -999.0 -999.0 -999.0 -999.0 -999.0 -999.0 -999.0 -999.0 1690.4 1616.2 1640.7 1679.4 1675.3 1605.2 1295.2 1250.9 1365.8 1200.5 1223.8 1290.9 1293.1 1068.1 1232.7 1259.4 1458.4 1693.0 1506.4 1655.5 1743.5 1633.7 1609.3 1663.0 1638.7 1658.2 1665.1 1662.3 1658.6 1652.1 1651.8 1558.7 1629.1 1657.1 1571.6 1610.7
-999.0 -999.0 -999.0 -999.0 -999.0 -999.0 -999.0 -999.0 -999.0 -999.0 -999.0 -999.0 -999.0 -999.0 -999.0 -999.0 -999.0 -999.0 -999.0 -999.0 -999.0 -999.0 -999.0 -999.0 -999.0 -999.0 -999.0 -999.0 -999.0 -999.0 -999.0 -999.0 -999.0 -999.0 -999.0 1701.3 1676.7 1670.2 1684.6 1541.6 1599.6 1514.1 1289.2 1499.0 1471.6 1435.9 1525.6 1476.2 1216.2 1269.8 1290.9 1565.1 1453.8 1374.1 1596.4 1543.0 1599.0 1557.0 1601.2 1635.9 1688.7 1698.0 1686.3 1673.6 1651.1 1668.4 1668.7 1614.2 1659.0 1616.8 1564.0
-999.0 -999.0 -999.0 -999.0 -999.0 -999.0 -999.0 -999.0 -999.0 -999.0 -999.0 -999.0 -999.0 -999.0 -999.0 -999.0 -999.0 -999.0 -999.0 -999.0 -999.0 -999.0 -999.0 -999.0 -999.0 -999.0 -999.0 -999.0 -999.0 -999.0 -999.0 -999.0 -999.0 -999.0 1697.9 1711.1 1699.9 1607.0 1623.3 1620.3 1659.7 1582.3 1557.0 1607.3 1637.9 1653.2 1616.6 1509.6 1257.3 1089.2 1048.5 1329.4 1241.8 1314.5 1548.4 1567.6 1664.2 1627.5 1619.5 1676.1 1718.7 1722.3 1706.5 1684.2 1659.2 1680.8 1680.4 1667.4 1653.6 1636.2 1521.5
-999.0 -999.0 -999.0 -999.0 -999.0 -999.0 -999.0 -999.0 -999.0 -999.0 -999.0 -999.0 -999.0 -999.0 -999.0 -999.0 -999.0 -999.0 -999.0 -999.0 -999.0 -999.0 -999.0 -999.0 -999.0 -999.0 -999.0 -999.0 -999.0 -999.0 -999.0 -999.0 -999.0 -999.0 -999.0 1696.0 1743.4 1699.0 1671.5 1537.8 1722.9 1726.1 1718.5 1711.8 1713.2 1754.1 1730.0 1620.8 1498.3 1169.9 1037.0 988.2 1212.7 1244.3 1392.5 1538.3 1548.2 1714.9 1711.4 1646.6 1730.9 1739.7 1725.4 1693.5 1671.0 1679.7 1676.0 1647.9 1652.9 1651.9 1630.1
-999.0 -999.0 -999.0 -999.0 -999.0 -999.0 -999.0 -999.0 -999.0 -999.0 -999.0 -999.0 -999.0 -999.0 -999.0 -999.0 -999.0 -999.0 -999.0 -999.0 -999.0 -999.0 -999.0 -999.0 -999.0 -999.0 -999.0 -999.0 -999.0 -999.0 -999.0 -999.0 -999.0 -999.0 -999.0 1772.2 1783.2 1777.6 1756.3 1730.1 1734.5 1741.3 1770.1 1783.5 1859.6 1890.1 1846.7 1733.6 1522.3 1427.7 1068.6 945.9 976.4 1158.8 1339.1 1493.0 1623.0 1574.4 1656.3 1600.6 1708.7 1716.0 1721.4 1687.6 1677.7 1673.2 1647.0 1633.1 1644.6 1650.5 1606.7
-999.0 -999.0 -999.0 -999.0 -999.0 -999.0 -999.0 -999.0 -999.0 -999.0 -999.0 -999.0 -999.0 -999.0 -999.0 1747.3 1710.6 1685.8 1668.8 -999.0 -999.0 -999.0 -999.0 -999.0 -999.0 -999.0 -999.0 -999.0 -999.0 -999.0 -999.0 -999.0 -999.0 -999.0 1818.5 1870.1 1825.9 1820.1 1735.5 1731.9 1761.0 1767.3 1768.9 1808.8 1855.1 1902.6 1857.8 1751.2 1592.7 1295.0 1107.7 1085.9 1258.1 1130.7 1303.7 1662.8 1644.3 1702.0 1499.4 1533.2 1661.0 1662.3 1667.1 1666.6 1664.7 1668.6 1653.7 1622.4 1632.0 1663.6 1647.8
-999.0 -999.0 -999.0 -999.0 -999.0 -999.0 -999.0 -999.0 -999.0 -999.0 -999.0 -999.0 -999.0 -999.0 -999.0 1672.6 1589.5 1617.6 1711.9 -999.0 -999.0 -999.0 -999.0 -999.0 -999.0 -999.0 -999.0 -999.0 -999.0 -999.0 -999.0 -999.0 -999.0 1916.7 1782.3 1837.6 1841.3 1761.8 1802.7 1741.3 1771.9 1774.2 1766.8 1791.2 1803.7 1801.6 1818.8 1748.0 1622.7 1483.1 1113.4 1056.5 1276.3 1253.7 1416.8 1575.0 1831.7 1754.3 1582.4 1544.8 1622.0 1692.2 1703.4 1676.8 1649.8 1666.1 1659.1 1644.3 1611.6 1653.9 1638.1
-999.0 -999.0 -999.0 -999.0 -999.0 -999.0 -999.0 -999.0 -999.0 -999.0 -999.0 -999.0 -999.0 1742.5 1834.2 1757.0 1595.9 1603.6 1628.7 1774.2 1849.6 1887.5 -999.0 -999.0 1801.6 1895.5 -999.0 -999.0 -999.0 1846.3 1711.8 1718.3 -999.0 1888.0 1717.7 1801.0 1856.4 1796.9 1797.3 1711.8 1707.8 1695.2 1728.3 1684.4 1758.2 1710.6 1725.7 1694.3 1354.8 1572.8 1448.0 1208.4 1483.1 1419.8 1212.9 1688.3 1588.7 1701.1 1598.6 1574.4 1630.0 1673.0 1721.2 1665.4 1666.1 1693.7 1664.1 1674.3 1623.7 1665.1 1653.2
-999.0 -999.0 -999.0 -999.0 -999.0 -999.0 -999.0 -999.0 -999.0 -999.0 -999.0 -999.0 -999.0 -999.0 1857.1 1798.3 1701.7 1669.0 1678.0 1690.9 1643.0 1869.9 -999.0 1874.0 1766.9 1618.3 1736.1 1641.8 1859.8 1838.8 1452.6 1473.5 1583.3 -999.0 1791.4 1748.2 1777.4 1798.9 1777.3 1664.4 1752.5 1846.0 1829.5 1719.6 1680.2 1676.7 1621.4 1622.0 1326.0 1266.0 1304.3 1268.9 1293.7 1196.7 1267.4 1483.5 1652.3 1686.6 1516.7 1511.2 1613.0 1598.5 1689.8 1658.5 1658.0 1689.4 1663.3 1687.4 1645.0 1671.3 1666.5
-999.0 -999.0 -999.0 -999.0 -999.0 -999.0 -999.0 -999.0 -999.0 -999.0 -999.0 -999.0 -999.0 -999.0 -999.0 1854.7 1746.9 1667.5 1732.1 1752.1 1780.4 1842.0 1449.0 987.1 1639.6 1351.8 1361.3 1443.0 1600.7 1743.3 1692.8 1523.6 1392.0 1589.8 1801.9 1835.0 1778.1 1780.1 1699.7 1522.7 1635.5 1843.0 1866.3 1751.2 1680.8 1663.5 1613.7 1563.3 1198.9 1125.4 1265.5 1259.2 1360.9 1401.6 1363.0 1431.2 1611.3 1637.8 1538.2 1558.3 1564.3 1531.9 1636.5 1601.3 1669.4 1675.8 1677.3 1652.8 1556.3 1690.8 1685.4
-999.0 -999.0 -999.0 -999.0 -999.0 -999.0 -999.0 -999.0 -999.0 -999.0 -999.0 -999.0 -999.0 -999.0 -999.0 -999.0 1751.7 1792.2 1785.6 1787.1 1679.5 1486.5 767.0 1130.8 1716.2 1250.2 1510.0 1277.3 1343.2 1582.5 1697.5 1263.9 1445.9 1455.3 1664.7 1856.6 1791.7 1738.0 1715.2 1593.4 1603.1 1724.6 1762.3 1743.3 1670.1 1637.5 1600.8 1417.1 1306.8 1063.3 1210.7 1189.5 1218.5 1485.2 1381.6 1323.8 1448.6 1523.9 1533.4 1595.2 1534.0 1533.6 1612.4 1587.6 1667.4 1685.8 1667.6 1688.4 1698.2 1688.3 1695.1
-999.0 -999.0 -999.0 -999.0 -999.0 -999.0 -999.0 -999.0 -999.0 -999.0 -999.0 -999.0 -999.0 -999.0 -999.0 -999.0 -999.0 1848.2 1804.3 1606.5 1390.7 812.0 744.9 1093.1 1337.2 1353.7 1269.8 1168.7 1180.2 1206.8 1470.9 1586.4 1189.2 1404.6 1595.3 1667.9 1758.4 1755.2 1705.6 1662.0 1638.4 1684.6 1724.4 1694.6 1641.8 1606.0 1542.2 1394.4 1223.1 1134.1 1263.9 1281.7 1199.4 1334.7 1571.4 1378.7 1547.8 1504.2 1516.2 1636.6 1636.1 1596.6 1586.2 1587.0 1667.2 1695.4 1684.3 1720.0 1654.3 1687.6 1696.7
-999.0 -999.0 -999.0 -999.0 -999.0 -999.0 -999.0 -999.0 -999.0 -999.0 -999.0 -999.0 -999.0 -999.0 -999.0 -999.0 -999.0 1868.5 1722.2 1347.2 1198.4 1078.5 875.1 1291.5 1514.8 1329.6 1126.7 1057.5 1022.0 1194.5 1425.5 1615.1 1173.3 1269.3 1532.6 1640.8 1776.5 1760.5 1699.0 1608.9 1620.8 1640.9 1661.3 1675.0 1641.7 1582.4 1415.1 1327.3 1399.6 1104.9 1249.4 1228.6 1167.3 1218.1 1394.3 1503.2 1540.1 1605.4 1527.6 1531.9 1609.7 1599.3 1640.1 1641.7 1696.2 1691.7 1694.6 1697.4 1668.8 1643.9 1680.5
-999.0 -999.0 -999.0 -999.0 -999.0 -999.0 -999.0 -999.0 -999.0 -999.0 -999.0 -999.0 -999.0 -999.0 -999.0 -999.0 -999.0 1861.2 1660.2 1418.5 1426.8 1067.9 1170.0 1409.9 1318.5 1431.5 1270.0 1025.7 1119.1 1039.4 1225.7 1480.4 1216.9 1239.0 1365.2 1714.1 1765.4 1772.5 1671.2 1570.2 1579.3 1624.9 1646.8 1652.5 1611.3 1492.2 1427.3 1421.3 1396.4 1247.8 1271.5 1283.8 1301.3 1381.5 1400.4 1360.1 1589.5 1532.7 1534.3 1594.3 1578.0 1625.1 1585.8 1695.7 1710.7 1699.0 1700.2 1693.6 1581.3 1663.8 1687.6
-999.0 -999.0 -999.0 -999.0 -999.0 -999.0 -999.0 -999.0 -999.0 -999.0 -999.0 -999.0 -999.0 -999.0 -999.0 -999.0 1850.2 1107.4 1529.2 1383.1 1225.6 1516.4 865.3 1015.9 1083.6 1189.4 1020.5 1170.4 1125.1 1234.8 1349.2 1254.6 1080.2 1251.8 1380.0 1697.4 1777.5 1786.1 1628.7 1604.1 1631.3 1626.2 1649.6 1616.3 1508.5 1530.4 1535.4 1365.7 1269.7 1466.6 1192.2 1243.9 1440.0 1409.4 1463.9 1499.2 1530.6 1592.2 1590.0 1685.8 1621.4 1669.0 1709.7 1620.3 1711.8 1699.8 1681.6 1675.6 1588.0 1665.5 1695.8
-999.0 -999.0 -999.0 -999.0 -999.0 -999.0 -999.0 -999.0 -999.0 -999.0 -999.0 -999.0 -999.0 -999.0 1853.3 1786.4 1447.8 1506.9 1642.2 1622.7 1438.3 1623.3 1402.0 1270.8 1056.1 1070.3 981.4 1079.1 1047.1 1393.7 1254.5 1283.7 1507.6 1509.9 1618.9 1629.4 1709.0 1731.5 1626.2 1602.6 1600.3 1629.2 1596.7 1477.0 1526.0 1493.6 1560.8 1409.3 1341.0 1377.2 1443.7 1509.8 1409.8 1460.8 1510.4 1532.5 1590.9 1593.6 1650.7 1716.5 1779.7 1791.1 1749.8 1707.9 1697.0 1668.6 1687.4 1672.0 1592.7 1656.6 1698.6
-999.0 -999.0 -999.0 -999.0 -999.0 -999.0 -999.0 -999.0 -999.0 -999.0 -999.0 -999.0 -999.0 1814.2 1740.2 1719.5 1715.6 1769.0 1824.9 1784.7 1785.3 1737.1 1465.0 1310.8 1190.0 804.5 1186.6 1299.9 1264.1 1471.6 1105.0 1058.7 1142.8 1426.4 1599.6 1610.2 1636.6 1654.0 1613.4 1564.0 1594.6 1588.8 1561.7 1489.5 1444.9 1528.3 1520.8 1404.6 1411.8 1445.1 1473.8 1478.8 1475.1 1571.5 1560.8 1629.3 1782.2 1664.2 1701.8 1793.4 1873.5 1818.4 1715.3 1710.0 1687.9 1665.2 1655.5 1654.5 1550.3 1606.1 1669.3
-999.0 -999.0 -999.0 -999.0 -999.0 -999.0 -999.0 -999.0 -999.0 -999.0 -999.0 -999.0 1839.3 1646.9 1664.3 1697.8 -999.0 -999.0 -999.0 -999.0 1818.3 1263.6 1242.3 1230.6 1112.9 1206.9 1273.6 1047.4 1098.6 1239.5 781.5 914.6 1105.2 1205.6 1498.0 1687.1 1645.1 1616.1 1626.0 1603.4 1604.2 1604.9 1546.8 1565.8 1442.3 1494.3 1494.4 1478.4 1465.1 1471.8 1501.5 1581.3 1585.6 1610.3 1650.3 1709.8 1783.7 1768.7 1747.5 1767.5 1774.6 1752.0 1718.6 1695.0 1633.9 1596.7 1593.4 1609.5 1558.4 1589.6 1612.9
-999.0 -999.0 -999.0 -999.0 -999.0 -999.0 -999.0 -999.0 -999.0 -999.0 -999.0 -999.0 1792.1 1527.9 1797.3 1857.5 -999.0 -999.0 -999.0 -999.0 1891.8 1440.9 1155.8 1442.0 1101.4 1119.6 1141.2 969.9 924.4 1133.1 919.8 1328.4 1309.2 1438.9 1584.1 1703.5 1682.2 1625.6 1613.5 1575.5 1533.8 1607.7 1544.5 1552.1 1528.3 1463.3 1531.7 1520.0 1578.6 1528.6 1483.4 1478.4 1498.3 1620.1 1672.5 1697.5 1718.0 1668.4 1683.0 1670.4 1671.4 1673.3 1588.5 1618.5 1489.7 1500.7 1502.1 1578.3 1560.5 1590.2 1612.4
-999.0 -999.0 -999.0 -999.0 -999.0 -999.0 -999.0 -999.0 -999.0 -999.0 -999.0 -999.0 -999.0 -999.0 -999.0 -999.0 -999.0 -999.0 -999.0 -999.0 1905.0 1377.0 1327.5 1457.8 1248.8 1372.3 961.3 1003.4 1305.3 1127.6 1174.5 1307.1 1324.0 1547.4 1655.4 1725.8 1617.3 1615.4 1601.0 1597.7 1621.8 1621.0 1611.5 1605.9 1571.8 1525.3 1570.0 1596.5 1588.8 1559.7 1588.1 1551.5 1537.9 1679.2 1579.6 1513.9 1600.7 1600.6 1615.4 1672.3 1624.5 1544.9 1443.6 1471.4 1532.6 1527.9 1501.6 1559.1 1550.9 1592.5 1602.8
-999.0 -999.0 -999.0 -999.0 -999.0 -999.0 -999.0 -999.0 -999.0 -999.0 -999.0 -999.0 -999.0 -999.0 -999.0 -999.0 -999.0 -999.0 -999.0 -999.0 -999.0 1389.4 1842.0 1695.1 1375.6 1053.3 1114.1 1018.7 1051.2 1342.9 1313.3 1285.2 1571.4 1626.0 1707.3 1703.9 1666.9 1623.0 1652.5 1667.4 1655.3 1656.6 1651.0 1621.7 1610.2 1550.7 1555.9 1604.6 1473.7 1546.0 1640.3 1645.1 1639.1 1629.1 1639.7 1544.3 1521.2 1574.2 1506.1 1637.3 1646.3 1529.8 1528.5 1508.2 1531.9 1583.8 1532.6 1560.7 1592.0 1636.7 1614.4
-999.0 -999.0 -999.0 -999.0 -999.0 -999.0 -999.0 -999.0 -999.0 -999.0 -999.0 -999.0 -999.0 -999.0 -999.0 -999.0 -999.0 -999.0 -999.0 -999.0 -999.0 1674.4 1232.8 1154.5 1274.3 1287.2 1339.1 1185.5 1334.5 1326.9 1504.8 1656.0 1501.9 1667.3 1699.3 1552.0 1583.1 1608.4 1680.4 1743.8 1710.5 1624.8 1641.2 1551.5 1547.6 1548.3 1558.3 1603.8 1494.1 1479.6 1586.8 1641.5 1663.7 1642.3 1625.6 1596.6 1555.7 1521.1 1403.4 1536.7 1674.9 1610.6 1528.3 1453.1 1429.7 1488.8 1581.2 1573.4 1624.8 1666.1 1696.3
-999.0 -999.0 -999.0 -999.0 -999.0 -999.0 -999.0 -999.0 -999.0 -999.0 -999.0 -999.0 -999.0 -999.0 -999.0 -999.0 -999.0 -999.0 -999.0 -999.0 1736.9 1556.0 1637.2 1073.7 1416.8 1454.5 1252.3 1283.4 1394.8 1214.2 1553.3 1695.6 1488.0 1728.6 1258.6 1464.5 1598.9 1615.2 1558.2 1669.1 1661.6 1427.5 1462.4 1525.8 1611.8 1570.5 1584.1 1620.9 1607.5 1602.9 1627.0 1655.5 1653.4 1655.9 1634.5 1578.4 1583.3 1504.6 1545.4 1642.9 1676.6 1597.5 1503.7 1430.4 1408.4 1466.0 1589.3 1613.8 1673.0 1728.7 1755.2
-999.0 -999.0 -999.0 -999.0 -999.0 -999.0 -999.0 -999.0 -999.0 -999.0 -999.0 -999.0 -999.0 -999.0 -999.0 -999.0 -999.0 -999.0 -999.0 -999.0 1924.5 1668.0 1127.8 1516.9 1799.4 1542.1 1467.4 1312.2 1181.9 1236.2 1533.0 1650.9 1610.5 1675.5 1567.9 1516.3 1451.6 1445.9 1603.5 1584.9 1579.0 1541.1 1504.5 1601.6 1619.9 1584.0 1624.0 1628.9 1645.9 1692.1 1668.3 1661.7 1663.4 1661.0 1656.5 1626.6 1615.0 1552.6 1547.8 1624.8 1641.4 1547.6 1436.0 1371.5 1453.9 1455.5 1503.8 1591.4 1712.1 1704.8 1784.8
-999.0 -999.0 -999.0 -999.0 -999.0 -999.0 -999.0 -999.0 -999.0 -999.0 -999.0 -999.0 -999.0 -999.0 -999.0 -999.0 -999.0 -999.0 -999.0 -999.0 1981.5 1545.8 1806.9 1566.2 1578.1 1433.0 1406.8 1076.5 1228.4 1162.5 1405.9 1534.1 1664.6 1666.8 1573.7 1362.1 1264.5 1180.7 1515.6 1398.7 1498.6 1495.6 1523.6 1653.5 1626.8 1618.0 1664.0 1688.7 1755.4 1753.2 1645.9 1650.9 1679.9 1657.2 1567.1 1666.1 1635.6 1605.6 1609.0 1647.6 1626.7 1527.6 1473.6 1465.7 1491.4 1503.4 1584.1 1629.0 1645.6 1691.2 1762.9
-999.0 -999.0 -999.0 -999.0 -999.0 -999.0 -999.0 -999.0 -999.0 -999.0 -999.0 -999.0 -999.0 -999.0 -999.0 -999.0 -999.0 -999.0 -999.0 -999.0 -999.0 1739.3 1456.5 1263.8 1086.2 999.2 1175.9 1189.2 1350.5 1571.7 1592.7 1637.5 1577.4 1563.9 1607.1 1485.3 1471.7 1240.4 1398.7 1480.8 1512.1 1432.7 1480.6 1649.9 1575.0 1664.6 1727.9 1630.8 1795.6 1802.8 1792.8 1728.7 1717.9 1679.7 1553.7 1615.2 1674.5 1615.6 1623.1 1629.8 1584.6 1507.0 1528.4 1549.4 1595.8 1554.0 1630.0 1578.5 1611.7 1712.1 1744.2
