GDD/GrowingDegreeDays_2005_Actual.txt
ncols         180
nrows         290
xllcorner     -200000
yllcorner     -200000
cellsize      5000
NODATA_value    -999
[rows 192 to 223 of 290, columns 71 to 141 of 180]
-999.0 -999.0 -999.0 -999.0 -999.0 -999.0 -999.0 -999.0 -999.0 -999.0 -999.0 -999.0 -999.0 -999.0 -999.0 -999.0 -999.0 -999.0 -999.0 -999.0 -999.0 1982.1 1602.2 1391.5 1271.9 1064.9 1216.6 1518.3 1769.1 1938.7 1804.8 1601.9 1456.3 1370.2 1686.1 1905.5 1860.4 1733.5 1740.9 1914.1 1645.1 1761.4 1792.0 1949.7 1891.1 2023.9 2099.5 2072.1 1979.1 2032.3 2089.5 2093.7 2076.8 2059.3 1979.3 2033.4 2074.3 2048.4 1987.4 1958.4 1940.6 1898.3 1966.3 2004.4 1905.7 1933.0 1960.5 2002.1 1995.3 2087.3 2079.7
-999.0 -999.0 -999.0 -999.0 -999.0 -999.0 -999.0 -999.0 -999.0 -999.0 -999.0 -999.0 -999.0 -999.0 -999.0 -999.0 -999.0 -999.0 -999.0 -999.0 2067.6 2055.4 1690.5 1390.0 1317.6 1402.9 1442.7 1609.1 1504.1 1119.1 1423.0 1450.3 1492.6 1746.8 1874.6 1800.8 1770.0 1899.7 1898.8 1825.8 1665.5 1705.6 1777.2 1953.6 1890.2 2075.9 2093.4 1986.9 2093.2 1959.5 1958.1 2031.3 2016.6 2049.1 2000.0 2079.7 2119.7 2060.0 2045.3 2049.5 1955.4 1976.4 1878.5 1952.1 1907.5 1999.7 1996.7 2008.1 2087.7 2113.0 2044.0
-999.0 -999.0 -999.0 -999.0 -999.0 -999.0 -999.0 -999.0 -999.0 -999.0 -999.0 -999.0 -999.0 -999.0 -999.0 -999.0 -999.0 -999.0 -999.0 -999.0 1779.9 1778.9 1738.9 1694.8 1537.8 1175.2 1226.7 1345.0 1486.2 1438.9 1344.4 1301.3 1333.9 1754.6 1621.0 1525.6 1913.3 1688.5 2006.3 1914.8 1707.5 1555.4 1895.7 1894.4 2064.6 2135.0 2098.9 2051.3 1791.1 1907.1 1920.8 1963.3 1983.9 2005.3 1998.2 2086.7 2100.7 2108.5 2096.4 2111.8 2073.1 1935.1 1886.5 1911.3 1881.7 1992.3 2069.0 2094.9 2140.6 2107.3 2053.3
-999.0 -999.0 -999.0 -999.0 -999.0 -999.0 -999.0 -999.0 -999.0 -999.0 -999.0 -999.0 -999.0 -999.0 -999.0 -999.0 -999.0 -999.0 -999.0 -999.0 1848.7 1792.8 1976.9 1789.8 1553.9 1159.3 1334.5 1310.2 1551.7 1398.7 1463.5 1638.7 1593.8 1602.7 1687.2 1827.2 1961.1 1922.2 1651.3 1980.7 1933.5 1889.4 1920.7 1841.1 2023.3 2179.2 2134.1 2036.2 1988.7 2004.3 1924.6 1953.1 1979.3 1979.7 2068.4 2098.4 2042.2 2088.8 2068.7 2121.9 2034.9 1908.2 1899.7 1999.3 2016.1 1967.5 2079.2 2075.0 2186.6 2103.1 2085.3
-999.0 -999.0 -999.0 -999.0 -999.0 -999.0 -999.0 -999.0 -999.0 -999.0 -999.0 -999.0 -999.0 -999.0 -999.0 -999.0 -999.0 -999.0 -999.0 1951.2 1742.4 1460.3 1597.3 1729.1 1428.0 1351.3 1216.2 1228.8 1726.8 1700.4 1750.5 1631.2 1537.9 1775.4 1818.2 1648.0 1821.5 1921.2 1953.1 2033.0 2061.5 2023.4 1958.4 2024.5 2095.5 2149.9 2174.6 2151.2 2077.1 2035.1 2089.5 2025.1 2041.7 1993.3 2071.7 2070.1 2068.6 2121.4 2130.5 2101.7 1969.2 1976.5 1977.8 2075.7 2030.9 2032.5 2068.8 2163.6 2115.4 2112.0 2102.6
-999.0 -999.0 -999.0 -999.0 -999.0 -999.0 -999.0 -999.0 -999.0 -999.0 -999.0 -999.0 -999.0 -999.0 -999.0 -999.0 -999.0 -999.0 1831.5 1758.3 1622.5 1725.5 1790.4 1442.1 1192.9 1180.2 1412.1 1330.7 1684.4 1556.5 1700.1 1777.1 1252.1 1714.3 1693.2 1922.8 1906.4 2026.8 2023.7 1987.8 1883.5 2005.6 1850.8 2067.0 2076.0 2246.7 2249.5 2182.5 2148.0 2142.8 2147.3 2090.5 2044.1 2029.6 2151.9 2090.6 2080.2 2055.1 2048.0 2028.2 1961.3 2028.7 1977.5 2072.3 2073.5 2153.0 2157.0 2057.6 2038.2 2100.5 2097.1
-999.0 -999.0 -999.0 -999.0 -999.0 -999.0 -999.0 -999.0 -999.0 -999.0 -999.0 -999.0 -999.0 -999.0 -999.0 -999.0 1812.3 1858.1 1886.9 2000.6 1947.9 1807.2 1716.8 1365.2 1251.1 1155.0 1121.9 1347.4 1512.4 1817.6 1615.5 1724.9 1396.8 1707.5 1859.0 1901.5 2028.9 2023.9 2082.1 1979.5 1846.1 1938.8 1940.8 2192.3 2209.2 2261.9 2244.0 2129.9 2136.4 2129.1 2185.0 2115.3 2073.1 2129.4 2139.3 2122.5 1994.4 1994.4 1927.7 1880.8 1933.6 1986.9 2057.7 2112.5 2063.8 2034.6 2072.8 2044.2 2137.5 2101.0 2101.6
-999.0 -999.0 -999.0 -999.0 -999.0 -999.0 -999.0 -999.0 -999.0 -999.0 -999.0 -999.0 2065.4 2070.0 2076.8 1671.5 1613.0 1566.3 1557.8 1787.5 1789.1 1806.9 1338.8 1451.0 1283.3 1296.9 1366.3 1667.2 1764.5 1907.5 1756.1 1826.9 1298.2 1502.3 1740.8 1981.5 1960.7 2008.7 1818.6 2061.1 1887.2 1893.3 1992.1 2135.6 2257.3 2295.0 2156.9 2166.5 2169.4 2066.2 2165.6 2135.3 2151.5 2126.7 2073.9 2008.7 2056.8 1958.2 1988.8 1948.6 1874.7 1901.0 1943.5 2001.2 1990.0 2011.7 2067.5 2113.9 2062.9 2179.4 2183.7
-999.0 -999.0 -999.0 -999.0 -999.0 -999.0 -999.0 -999.0 -999.0 -999.0 -999.0 1852.2 1981.3 1837.6 1854.3 1869.4 1655.8 1736.8 1660.8 1833.7 1925.3 1555.8 1467.1 1389.1 1756.1 1259.0 1556.6 1787.9 1369.8 1656.8 1972.9 1385.0 1608.9 1729.8 2121.7 2124.4 2058.3 1751.1 2038.9 2059.0 2016.2 2025.1 1952.4 2095.7 2153.5 2303.1 2219.6 2206.6 2182.3 2105.0 2131.9 2149.4 2154.4 2136.4 2027.9 2016.7 1837.5 1991.3 2016.4 1975.0 1907.9 1975.6 1996.8 2059.3 2075.8 2033.8 2072.6 2039.4 2120.6 2179.3 2170.9
-999.0 -999.0 -999.0 -999.0 -999.0 -999.0 -999.0 -999.0 -999.0 -999.0 1803.7 1811.6 2026.6 2010.1 1980.0 1859.7 1905.4 1806.4 1851.7 1798.3 1376.5 1622.4 1774.6 1402.8 1948.7 1600.2 1591.8 1314.0 1426.6 1426.0 1673.0 1719.9 1830.4 2113.3 1693.6 1745.5 2084.4 2023.0 2095.7 2153.7 2060.6 2099.8 2138.6 2075.3 2085.9 2304.3 2270.0 2241.4 2169.5 2189.9 2197.5 2176.5 2002.3 2172.7 2094.4 1986.0 1883.9 1925.2 1985.8 1947.3 1903.8 1934.1 1918.2 1996.6 2087.7 2103.5 2121.3 2033.1 2068.8 2145.9 2079.5
-999.0 -999.0 -999.0 -999.0 -999.0 -999.0 2032.3 1754.8 1908.6 1718.0 1922.0 1909.7 1835.8 1924.9 1959.8 1741.3 1825.5 1777.1 1777.2 1534.7 1561.9 1742.1 1681.0 1687.2 1808.5 1756.3 1435.2 1404.1 1590.7 1664.6 1530.9 1759.1 2053.9 1615.5 1537.6 1814.6 1801.0 2042.0 2051.2 2175.5 2143.2 1904.6 2139.6 1986.9 2200.2 2285.0 2269.3 2231.4 2013.2 2176.6 2138.6 1808.1 2122.0 2140.8 2071.5 1941.0 1797.5 1899.8 1932.8 1945.5 1994.4 1968.6 1984.0 2043.2 2099.7 2067.3 2097.6 2052.8 2021.5 2046.2 2082.5
-999.0 -999.0 -999.0 -999.0 -999.0 1982.7 1828.2 1855.7 1825.7 1569.1 1294.6 1439.6 1509.3 1792.3 1685.0 1532.6 1642.7 1681.6 1481.7 1677.5 1753.6 1543.5 1817.9 1987.7 1848.0 1764.2 1481.7 1536.1 1616.2 1709.6 1741.5 1834.7 1727.0 1013.2 1408.9 1777.0 2005.0 1951.5 2067.2 1932.9 2120.0 2057.1 2166.7 2197.7 2224.1 2229.0 2259.1 2264.2 2172.4 2144.4 1827.0 1812.4 1914.1 2036.6 2047.1 1743.5 1812.2 1859.4 1909.1 2003.8 1966.2 1991.5 2019.7 2094.8 2006.8 2032.3 2085.0 1933.1 1960.0 2080.5 2100.7
-999.0 -999.0 -999.0 2042.3 1916.3 1897.4 1799.1 1878.5 1795.1 1659.0 1650.5 1750.4 1880.7 1676.3 1806.8 1626.0 1925.9 1813.2 1568.3 1659.7 1844.0 1734.4 2020.6 2004.7 1634.7 1519.8 1608.6 1787.3 1640.9 1929.3 2000.0 1964.2 1535.5 1329.8 1345.7 1994.0 1918.3 1930.7 1934.4 2031.5 2188.4 2054.2 2127.5 2165.5 2240.2 2215.0 2288.4 2285.2 2154.5 2127.0 1844.8 1872.3 1938.9 2040.7 1951.8 1778.7 1806.0 1849.4 1947.3 1975.8 2012.3 2055.3 2084.6 2072.5 2029.1 1999.8 2028.2 2034.8 2039.0 2083.9 2013.1
-999.0 -999.0 -999.0 2066.9 -999.0 2060.9 1999.8 1835.1 1902.9 1817.8 1857.7 1808.4 1892.8 1879.2 1767.7 1930.0 1836.0 2011.1 2037.4 2011.1 1982.7 1978.2 1720.9 1808.9 1455.0 909.6 1596.6 1586.6 1616.2 1296.0 1347.6 2075.3 2106.6 1196.5 1616.1 1853.8 1811.7 1728.0 1970.5 2164.8 2234.9 2019.9 2012.4 2167.6 2259.8 2287.3 2253.1 2276.9 2135.8 1862.4 1803.3 1938.9 2003.7 2032.8 2035.8 2003.6 1898.8 1977.9 2028.6 2080.6 2119.4 2135.6 2120.9 2010.7 2040.6 2076.2 2052.8 2100.0 2082.4 2013.3 2041.6
-999.0 -999.0 -999.0 -999.0 -999.0 -999.0 1886.3 1986.3 1981.4 1885.2 1983.5 1944.1 1968.0 1946.4 2062.1 2073.6 1950.5 2011.8 1869.1 1986.1 1692.7 1948.3 1646.5 1462.1 1428.5 1262.8 1170.3 1397.1 1249.9 1146.0 1677.1 1559.3 1754.1 2231.4 1690.7 1743.1 2096.9 2050.8 2218.3 1995.0 2040.2 1795.8 1919.9 2187.5 2233.8 2284.7 2327.4 2147.4 1840.3 1953.6 1780.0 1942.2 1999.1 1950.1 2046.1 1906.5 2052.9 2057.8 2134.8 2175.3 2174.5 2135.2 2116.6 2104.9 2138.8 2144.1 2140.8 2081.8 1986.2 1930.5 2012.6
-999.0 -999.0 -999.0 -999.0 -999.0 2040.9 1998.4 1983.4 2005.3 2030.4 1864.4 1781.5 1699.7 1849.8 1980.5 2022.2 2063.0 1989.6 1710.8 2025.9 1854.3 2129.0 1942.7 1857.8 1878.2 1924.7 1601.6 1655.7 1415.6 1402.6 1270.2 1529.0 1548.2 1732.6 1354.5 1953.4 2090.8 2130.6 1990.8 2037.7 1825.2 1933.9 1936.8 2232.0 2231.3 2218.6 1872.6 1801.8 1828.5 1788.4 1968.6 1929.7 1932.0 1973.6 2038.7 2043.6 2067.0 2146.9 2222.9 2248.7 2218.8 2113.2 2088.2 2057.3 2112.8 2164.4 2142.8 2042.2 1871.4 2045.3 2011.5
-999.0 -999.0 -999.0 -999.0 2156.7 2116.4 2049.4 2028.6 2060.7 2072.8 2057.6 1955.1 2027.5 2006.7 2070.8 2087.7 2058.8 2044.0 2029.0 1769.7 2110.2 1702.7 1810.0 1784.9 1627.6 1726.6 1892.9 1859.2 1646.8 1735.5 1567.7 1645.3 1843.7 1485.3 1533.6 2113.8 1972.6 2196.0 2132.3 1955.8 1913.0 2052.8 2110.7 2217.0 2222.9 1973.9 2042.2 1868.9 1889.4 1958.8 1932.4 1970.9 2023.2 2018.1 2089.9 2127.9 2148.2 2207.1 2133.2 2309.6 2173.7 2179.9 2150.6 2156.1 2149.6 2139.3 2050.2 1918.3 1959.6 2005.8 2030.2
-999.0 -999.0 -999.0 -999.0 -999.0 -999.0 2168.5 2118.4 2111.1 2058.6 2016.6 1953.0 -999.0 -999.0 -999.0 -999.0 2118.9 2072.3 1942.7 2169.4 2268.9 2103.1 2058.4 2024.7 1974.7 2233.4 1328.8 1297.2 1764.0 1881.5 1873.0 1710.3 1661.7 1572.8 1914.4 2077.3 2125.6 2224.7 1828.0 2033.4 1935.0 2225.1 2210.2 2212.1 2212.3 1902.2 2079.1 1924.7 1942.8 2033.0 2027.5 2050.7 2075.8 2116.4 2142.2 2157.4 2155.0 2196.7 2136.5 2258.4 2176.5 2121.2 2146.1 2121.8 2104.3 1986.5 2013.4 1980.5 1973.7 2009.4 2153.2
-999.0 -999.0 -999.0 -999.0 -999.0 -999.0 2160.5 2042.4 1960.0 2138.6 1965.2 2070.0 -999.0 -999.0 -999.0 -999.0 -999.0 -999.0 -999.0 2309.2 2311.9 2237.3 2352.4 2217.9 1996.3 1653.2 1457.7 1275.3 1383.7 1592.5 1763.0 1759.7 1942.1 1757.3 1780.5 2149.9 2244.3 1872.7 1904.6 1908.3 2258.2 2276.7 2210.7 2223.5 2056.1 1963.6 1992.7 1981.2 2033.7 2070.9 2093.0 2109.0 2111.9 2108.9 2125.6 2061.5 2133.9 2175.9 2218.1 2228.5 2154.8 2118.7 2107.8 1979.8 1986.3 2102.3 1976.0 1994.5 2063.4 2117.8 2190.5
-999.0 -999.0 -999.0 -999.0 -999.0 -999.0 -999.0 -999.0 2128.7 -999.0 -999.0 -999.0 -999.0 -999.0 -999.0 -999.0 -999.0 2093.8 2126.0 2155.2 2102.0 2244.1 2351.3 2365.7 2179.0 1923.2 1595.0 1484.3 1572.5 1972.5 1990.5 1618.9 1834.4 1935.0 2146.9 2262.6 2316.7 2055.8 2119.5 2153.8 2284.0 2273.5 2187.6 2225.3 1909.1 1887.8 2019.0 2013.2 2075.2 2085.9 2095.6 2123.6 2065.0 2097.6 2068.6 2134.6 2155.0 2183.4 2194.1 2185.2 2077.8 2041.3 1976.1 1873.5 2019.8 1997.2 2186.1 2080.5 2132.4 2208.6 2203.1
-999.0 -999.0 -999.0 -999.0 -999.0 -999.0 -999.0 -999.0 -999.0 -999.0 -999.0 -999.0 -999.0 -999.0 -999.0 -999.0 -999.0 2079.7 2077.2 2269.1 2198.7 2215.8 -999.0 -999.0 2431.2 1894.9 2125.2 1928.7 1983.2 1974.4 1907.1 1802.8 2159.6 2226.9 2210.0 2275.9 2273.7 2257.3 2274.2 2287.5 2283.2 2154.8 2183.8 2118.7 1901.3 2027.6 2077.2 2092.5 2086.7 2034.5 2057.6 2105.6 2085.9 2108.6 2069.8 2012.3 2005.6 2078.5 2042.0 2145.1 2135.5 2044.7 1831.4 2035.6 2053.9 2130.1 2282.0 2146.2 2193.4 2263.9 2324.4
-999.0 -999.0 -999.0 -999.0 -999.0 -999.0 -999.0 -999.0 -999.0 -999.0 -999.0 -999.0 -999.0 -999.0 -999.0 -999.0 -999.0 -999.0 -999.0 -999.0 -999.0 -999.0 -999.0 -999.0 2392.9 2290.4 2052.3 2053.4 2197.8 2215.4 2196.1 2146.9 2249.5 2302.4 2272.4 2253.1 2258.2 2269.9 -999.0 2335.0 2314.4 2230.3 2209.4 2107.4 1925.0 2021.3 2031.6 2083.2 2155.7 2140.9 2041.8 2107.8 2073.6 1931.1 1867.1 1871.8 1833.2 1819.2 1964.3 2010.5 2036.9 2050.4 1971.5 2108.8 2125.0 2142.1 2221.1 2248.9 2282.7 2275.9 2306.6
-999.0 -999.0 -999.0 -999.0 -999.0 -999.0 -999.0 -999.0 -999.0 -999.0 -999.0 -999.0 -999.0 -999.0 -999.0 -999.0 -999.0 -999.0 -999.0 -999.0 -999.0 -999.0 -999.0 -999.0 -999.0 2311.1 2237.1 2187.4 2136.2 2114.2 2265.9 2306.0 2333.1 2341.4 -999.0 -999.0 -999.0 -999.0 2291.5 2345.8 2268.6 2256.9 2218.0 2108.8 1922.4 2008.6 1974.3 2032.4 2169.7 2056.8 2049.0 1916.2 1971.1 1775.1 1869.7 1846.6 1899.8 1896.3 1932.4 2027.2 1981.5 2199.7 2181.5 2162.6 2274.6 2232.3 2274.8 2299.4 2316.9 2389.8 2461.1
-999.0 -999.0 -999.0 -999.0 -999.0 -999.0 -999.0 -999.0 -999.0 -999.0 -999.0 -999.0 -999.0 -999.0 -999.0 -999.0 -999.0 -999.0 -999.0 -999.0 -999.0 -999.0 -999.0 -999.0 -999.0 -999.0 2291.2 2068.1 2108.3 2183.9 2151.3 2239.0 2300.1 -999.0 -999.0 -999.0 -999.0 2195.6 2110.0 2050.4 2296.7 2291.2 2253.3 1998.8 1909.0 1937.9 1949.8 2017.0 2048.4 2078.4 1918.5 1771.9 1852.3 1841.8 1916.2 1904.5 1934.7 2049.2 2021.0 2048.0 2122.1 2169.3 2222.3 2344.3 2279.0 2231.6 2232.8 2205.4 2202.4 2366.3 2427.4
-999.0 -999.0 -999.0 -999.0 -999.0 -999.0 -999.0 -999.0 -999.0 -999.0 -999.0 -999.0 -999.0 -999.0 -999.0 -999.0 -999.0 -999.0 -999.0 -999.0 -999.0 -999.0 -999.0 -999.0 -999.0 -999.0 -999.0 2248.3 2168.0 2225.4 2163.8 2285.2 2280.5 -999.0 -999.0 -999.0 2291.1 2291.4 2223.2 2042.6 2096.5 2155.6 2262.3 2089.6 2159.4 1975.8 1966.2 2064.2 1946.8 1869.4 1876.9 1907.9 1822.7 1905.6 1963.2 1998.7 2067.2 2085.1 2098.0 2091.3 2074.7 2147.6 2232.6 2232.1 2173.4 2144.5 2182.0 2193.7 2205.5 2274.5 2365.0
-999.0 -999.0 -999.0 -999.0 -999.0 -999.0 -999.0 -999.0 -999.0 -999.0 -999.0 -999.0 -999.0 -999.0 -999.0 -999.0 -999.0 -999.0 -999.0 -999.0 -999.0 -999.0 -999.0 -999.0 -999.0 -999.0 -999.0 -999.0 -999.0 -999.0 -999.0 -999.0 -999.0 -999.0 -999.0 2219.2 2310.2 2325.7 2271.5 2041.4 2205.3 2144.2 2060.9 2068.3 2084.8 2059.6 2161.9 2127.6 2078.1 1971.9 1982.3 1958.0 1939.2 1905.1 1932.5 1966.4 1850.2 2007.4 1992.3 2055.2 2037.8 2073.8 2164.6 2147.8 2130.4 2110.2 2086.8 2178.8 2227.1 2247.0 2270.5
-999.0 -999.0 -999.0 -999.0 -999.0 -999.0 -999.0 -999.0 -999.0 -999.0 -999.0 -999.0 -999.0 -999.0 -999.0 -999.0 -999.0 -999.0 -999.0 -999.0 -999.0 -999.0 -999.0 -999.0 -999.0 -999.0 -999.0 -999.0 -999.0 -999.0 -999.0 -999.0 -999.0 -999.0 -999.0 2363.8 2190.4 2207.7 1703.4 1844.9 2167.8 2103.0 2046.1 2027.3 2003.1 2147.1 2175.8 2139.5 2110.9 1989.2 2016.9 2057.6 1895.6 1872.4 1767.2 1911.3 1896.7 1786.5 1940.4 2002.9 2050.4 2118.3 2136.7 2144.3 2140.5 2133.0 2167.3 2128.3 2160.1 2226.5 2218.1
-999.0 -999.0 -999.0 -999.0 -999.0 -999.0 -999.0 -999.0 -999.0 -999.0 -999.0 -999.0 -999.0 -999.0 -999.0 -999.0 -999.0 -999.0 -999.0 -999.0 -999.0 -999.0 -999.0 -999.0 -999.0 -999.0 -999.0 -999.0 -999.0 -999.0 -999.0 -999.0 -999.0 -999.0 -999.0 2324.0 2317.7 2283.9 2045.7 1720.2 1840.9 1936.9 2039.6 1934.9 2080.9 2093.6 2140.5 1945.7 1900.5 1841.6 1904.3 1991.5 1964.3 1966.0 1947.0 1913.9 1909.6 1984.0 1987.7 2001.0 2026.0 2086.9 2121.5 2128.1 2129.2 2103.3 2142.4 2113.6 2135.9 2172.2 2112.8
-999.0 -999.0 -999.0 -999.0 -999.0 -999.0 -999.0 -999.0 -999.0 -999.0 -999.0 -999.0 -999.0 -999.0 -999.0 -999.0 -999.0 -999.0 2376.1 2224.6 2307.9 1568.3 1540.5 1559.1 1609.8 1502.0 2377.4 1875.6 2390.3 -999.0 -999.0 -999.0 -999.0 -999.0 -999.0 2307.5 2295.4 2231.9 2270.6 2116.2 1916.9 1812.3 1890.8 1993.3 2045.4 2034.9 1963.6 1838.0 1902.7 1979.4 1991.8 2020.7 1973.0 1992.0 2050.0 2092.7 2106.1 2043.7 2073.2 1994.7 1954.2 1887.1 2008.5 2068.9 2025.2 2015.0 2098.0 2030.1 2096.6 2151.3 2060.0
-999.0 -999.0 -999.0 -999.0 -999.0 -999.0 -999.0 -999.0 -999.0 -999.0 -999.0 -999.0 -999.0 -999.0 -999.0 -999.0 -999.0 -999.0 2027.2 1923.9 1741.1 1694.8 1408.1 1282.5 1390.9 1445.6 1553.5 1958.7 2183.8 2341.5 2242.7 1985.3 2171.9 2241.2 2311.8 2313.6 2308.1 2288.8 2271.1 2247.6 2172.6 1927.4 1916.7 1986.4 2065.6 1792.9 1927.6 2007.9 1960.2 1936.8 2035.9 2056.8 2058.1 2049.9 2049.2 2083.6 2089.6 2174.1 2116.1 2023.0 1990.0 1993.3 1933.3 1914.5 2014.3 2028.1 2121.3 2162.5 2073.2 2154.5 1799.2
-999.0 -999.0 -999.0 -999.0 -999.0 -999.0 -999.0 -999.0 -999.0 -999.0 -999.0 -999.0 -999.0 -999.0 -999.0 -999.0 -999.0 2453.1 2322.4 2100.6 2021.2 1877.8 1537.9 1330.6 1387.2 1522.9 1567.6 1674.6 1926.0 2072.3 2154.6 2063.2 1931.7 2202.9 2259.3 2319.2 2279.9 2148.6 2254.9 2221.3 2046.9 2000.4 2005.9 1986.0 1769.8 1951.6 1820.6 1867.8 1947.8 2068.7 2053.6 2111.9 2052.9 1985.1 2080.3 2039.2 2167.1 2123.2 2111.9 2062.2 2032.4 1906.0 1847.5 2037.9 2082.2 2085.9 1916.7 2081.6 2139.3 2117.6 2107.4
-999.0 -999.0 -999.0 -999.0 -999.0 -999.0 -999.0 -999.0 -999.0 -999.0 -999.0 -999.0 -999.0 -999.0 -999.0 -999.0 -999.0 -999.0 2309.5 2286.4 2246.6 1886.8 1795.4 1690.3 1427.3 1576.0 1695.6 1950.7 1860.6 1675.0 1884.1 2102.6 2104.8 1942.9 2157.6 2315.3 2287.9 2265.6 2161.6 2113.3 2156.8 2106.1 2048.8 2009.5 1888.5 2005.0 1852.9 1944.0 1959.0 2009.7 2018.1 2087.3 2007.0 1981.7 2016.4 2157.6 2181.4 2106.6 2204.0 2164.6 2136.3 2013.9 1910.8 1937.8 2114.0 2134.3 2055.4 2052.9 2112.4 2181.8 2183.1
