GDD/GrowingDegreeDays_1998_Actual.txt
ncols         180
nrows         290
xllcorner     -200000
yllcorner     -200000
cellsize      5000
NODATA_value    -999
[rows 96 to 127 of 290, columns 71 to 141 of 180]
1238.7 1302.3 1509.9 1623.6 1173.5 1513.9 775.1 808.8 1129.8 1443.3 875.6 439.6 434.5 391.3 686.4 813.2 880.6 586.9 673.5 541.5 502.1 821.1 837.3 855.8 1129.7 985.6 1166.4 876.2 669.4 765.4 688.1 786.8 846.6 757.9 706.4 837.3 920.4 769.5 765.8 1160.0 1290.5 1410.5 1425.9 1166.7 1224.3 -999.0 -999.0 -999.0 -999.0 -999.0 -999.0 -999.0 -999.0 -999.0 -999.0 -999.0 -999.0 -999.0 -999.0 -999.0 -999.0 -999.0 -999.0 -999.0 -999.0 -999.0 -999.0 -999.0 -999.0 -999.0 -999.0
1213.3 1059.8 1548.1 1616.4 1169.8 1411.5 968.8 1132.6 1441.7 1523.5 1051.7 599.0 1369.4 612.5 837.0 668.1 896.1 652.8 950.2 765.2 878.3 899.8 462.4 924.5 898.7 1008.1 1032.3 1080.2 694.8 894.6 1011.7 919.9 684.3 894.8 804.2 1011.2 975.2 1025.7 1129.4 1321.4 1304.1 1274.2 1315.4 1426.5 -999.0 -999.0 -999.0 -999.0 -999.0 -999.0 -999.0 -999.0 -999.0 -999.0 -999.0 -999.0 -999.0 -999.0 -999.0 -999.0 -999.0 -999.0 -999.0 -999.0 -999.0 -999.0 -999.0 -999.0 -999.0 -999.0 -999.0
1282.4 1530.1 928.2 1145.6 1093.3 754.6 495.2 1452.8 1596.7 636.8 1241.8 1335.1 606.0 795.5 574.1 798.0 593.4 1038.4 1148.6 1222.8 1209.2 1216.1 1149.7 859.4 1157.8 941.5 846.2 1160.3 968.0 822.3 1036.0 1057.9 920.6 939.4 1089.9 1025.0 1178.3 1356.6 1399.3 1427.7 1293.9 1383.1 1441.2 1408.6 -999.0 -999.0 -999.0 -999.0 -999.0 -999.0 -999.0 -999.0 -999.0 -999.0 -999.0 -999.0 -999.0 -999.0 -999.0 -999.0 -999.0 -999.0 -999.0 -999.0 -999.0 -999.0 -999.0 -999.0 -999.0 -999.0 -999.0
1245.2 874.6 1292.9 1090.6 1030.9 1513.9 1521.9 -999.0 1240.9 589.8 839.1 519.8 1007.3 1181.8 897.0 1002.7 1028.6 1002.2 932.9 857.8 791.2 683.0 407.7 625.2 908.9 885.6 1201.4 1324.4 1433.4 942.1 854.5 1088.5 1102.8 1072.1 1280.9 1287.5 1415.3 1449.7 1403.2 1370.3 1349.0 1270.2 1259.0 -999.0 -999.0 -999.0 -999.0 -999.0 -999.0 -999.0 -999.0 -999.0 -999.0 -999.0 -999.0 -999.0 -999.0 -999.0 -999.0 -999.0 -999.0 -999.0 -999.0 -999.0 -999.0 -999.0 -999.0 -999.0 -999.0 -999.0 -999.0
1625.4 1324.1 1166.8 1304.5 929.5 1390.0 -999.0 1540.5 1295.9 1584.9 1075.1 1268.3 847.3 417.8 922.0 820.4 964.2 658.0 493.3 614.3 848.4 1241.4 1118.1 1263.0 981.8 1072.1 1080.2 934.1 1016.2 1064.0 995.0 1142.8 1301.5 1289.3 1421.7 1453.8 1386.9 1335.4 1351.2 1352.0 1347.9 1436.6 1381.6 -999.0 -999.0 -999.0 -999.0 -999.0 -999.0 -999.0 -999.0 -999.0 -999.0 -999.0 -999.0 -999.0 -999.0 -999.0 -999.0 -999.0 -999.0 -999.0 -999.0 -999.0 -999.0 -999.0 -999.0 -999.0 -999.0 -999.0 -999.0
1579.3 1402.5 1625.9 1140.3 1467.2 -999.0 1582.6 1561.6 1415.6 419.3 862.6 290.0 787.0 1073.7 1222.9 823.3 729.5 866.9 680.1 944.5 719.2 591.6 739.8 1277.8 942.8 748.9 715.0 977.5 976.0 1474.1 1224.0 1395.4 1447.3 1461.6 1459.9 1193.2 1206.7 1199.1 1253.6 1255.7 1337.1 1416.2 1474.5 -999.0 -999.0 -999.0 -999.0 -999.0 -999.0 -999.0 -999.0 -999.0 -999.0 -999.0 -999.0 -999.0 -999.0 -999.0 -999.0 -999.0 -999.0 -999.0 -999.0 -999.0 -999.0 -999.0 -999.0 -999.0 -999.0 -999.0 -999.0
1626.2 1561.1 810.5 1647.5 -999.0 1614.6 -999.0 1174.3 1001.7 772.4 1564.1 544.2 854.7 820.9 1020.7 363.3 856.4 362.2 872.5 948.3 485.5 1066.4 1486.0 841.0 510.3 498.4 1065.9 1074.0 1040.8 1161.5 1356.9 1432.8 1432.3 1417.0 1070.3 1277.8 1313.1 1359.7 1339.3 1364.1 1474.1 1491.0 -999.0 -999.0 -999.0 -999.0 -999.0 -999.0 -999.0 -999.0 -999.0 -999.0 -999.0 -999.0 -999.0 -999.0 -999.0 -999.0 -999.0 -999.0 -999.0 -999.0 -999.0 -999.0 -999.0 -999.0 -999.0 -999.0 -999.0 -999.0 -999.0
616.6 789.4 1165.9 1636.4 -999.0 -999.0 1564.3 1529.8 1552.8 1465.8 1016.7 477.2 1341.9 1053.2 414.9 744.9 756.4 496.8 479.7 700.2 1336.3 716.9 707.4 506.0 687.7 936.2 671.4 669.7 1042.4 1288.7 1480.4 1466.5 1327.4 1015.4 1280.8 1409.1 1390.5 1532.5 1526.6 1513.5 -999.0 -999.0 -999.0 -999.0 -999.0 -999.0 -999.0 -999.0 -999.0 -999.0 -999.0 -999.0 -999.0 -999.0 -999.0 -999.0 -999.0 -999.0 -999.0 -999.0 -999.0 -999.0 -999.0 -999.0 -999.0 -999.0 -999.0 -999.0 -999.0 -999.0 -999.0
912.8 1292.8 1512.4 1613.5 -999.0 1619.0 1481.5 1298.8 1052.5 1312.7 1034.7 1452.4 1470.3 1131.3 799.8 929.9 1150.4 1171.4 1031.6 840.7 587.2 1036.2 792.2 884.4 726.2 654.7 909.3 992.4 1217.1 1394.2 1480.8 1495.9 1263.8 1330.4 1523.5 1541.6 1579.7 1523.3 1548.7 -999.0 -999.0 -999.0 -999.0 -999.0 -999.0 -999.0 -999.0 -999.0 -999.0 -999.0 -999.0 -999.0 -999.0 -999.0 -999.0 -999.0 -999.0 -999.0 -999.0 -999.0 -999.0 -999.0 -999.0 -999.0 -999.0 -999.0 -999.0 -999.0 -999.0 -999.0 -999.0
1456.0 1098.9 1388.5 -999.0 -999.0 1594.1 1066.6 1205.0 943.9 1270.5 1488.1 1188.6 751.3 751.7 875.3 1006.4 902.4 614.3 1015.4 798.6 1220.3 1063.0 785.5 1162.1 1461.4 1480.2 1327.8 1420.6 1487.3 1443.5 1450.0 1619.2 1465.9 1525.2 1571.1 1374.0 1477.6 1424.6 1492.4 -999.0 -999.0 -999.0 -999.0 -999.0 -999.0 -999.0 -999.0 -999.0 -999.0 -999.0 -999.0 -999.0 -999.0 -999.0 -999.0 -999.0 -999.0 -999.0 -999.0 -999.0 -999.0 -999.0 -999.0 -999.0 -999.0 -999.0 -999.0 -999.0 -999.0 -999.0 -999.0
-999.0 -999.0 -999.0 -999.0 1572.7 1165.1 1162.9 1022.8 1102.9 1000.6 720.4 789.9 594.7 1111.0 754.2 1353.8 652.2 1263.6 530.2 1098.0 869.5 482.9 989.6 1257.9 1099.3 1234.1 1485.1 1449.5 1547.1 1616.2 1526.6 1622.9 1618.1 1478.6 1478.4 1481.3 1445.4 1542.0 1484.6 1551.3 -999.0 -999.0 -999.0 -999.0 -999.0 -999.0 -999.0 -999.0 -999.0 -999.0 -999.0 -999.0 -999.0 -999.0 -999.0 -999.0 -999.0 -999.0 -999.0 -999.0 -999.0 -999.0 -999.0 -999.0 -999.0 -999.0 -999.0 -999.0 -999.0 -999.0 -999.0
-999.0 -999.0 -999.0 -999.0 1537.8 1573.5 1135.9 991.3 1418.4 868.1 1157.0 1438.5 974.7 715.1 779.7 1503.1 703.5 827.0 772.1 1073.7 711.5 919.3 851.3 679.0 1014.9 1149.9 1246.7 1344.0 1352.7 1278.5 1244.3 1139.5 1216.7 1421.8 1567.4 1531.5 1306.4 1466.9 1311.3 1394.6 1437.3 -999.0 -999.0 -999.0 -999.0 -999.0 -999.0 -999.0 -999.0 -999.0 -999.0 -999.0 -999.0 -999.0 -999.0 -999.0 -999.0 -999.0 -999.0 -999.0 -999.0 -999.0 -999.0 -999.0 -999.0 -999.0 -999.0 -999.0 -999.0 -999.0 -999.0
-999.0 -999.0 -999.0 1565.3 1546.9 1481.1 1075.5 1304.8 1037.3 1020.7 1217.8 1477.1 891.0 824.1 557.1 1391.8 809.8 1000.1 953.9 1044.7 916.8 1408.5 1252.5 1170.3 1219.4 1424.0 1226.2 1026.0 806.2 922.2 1015.0 1180.5 1312.4 1211.1 1554.9 1394.4 1313.1 1303.2 1306.2 1348.4 1415.0 1504.1 -999.0 -999.0 -999.0 -999.0 -999.0 -999.0 -999.0 -999.0 -999.0 -999.0 -999.0 -999.0 -999.0 -999.0 -999.0 -999.0 -999.0 -999.0 -999.0 -999.0 -999.0 -999.0 -999.0 -999.0 -999.0 -999.0 -999.0 -999.0 -999.0
-999.0 -999.0 1572.2 -999.0 1504.9 1319.0 1469.2 1036.8 856.0 1438.5 1561.0 1114.1 660.2 1019.2 1614.8 1314.8 395.0 1257.5 1252.4 1097.8 1097.3 1323.1 1408.2 1527.8 1465.3 1134.6 732.5 799.4 996.7 1105.0 1290.3 1317.2 1350.7 1244.1 1387.2 1392.0 1504.3 1593.2 1563.4 1553.2 1562.9 -999.0 -999.0 -999.0 -999.0 -999.0 -999.0 -999.0 -999.0 -999.0 -999.0 -999.0 -999.0 -999.0 -999.0 -999.0 -999.0 -999.0 -999.0 -999.0 -999.0 -999.0 -999.0 -999.0 -999.0 -999.0 -999.0 -999.0 -999.0 -999.0 -999.0
-999.0 1619.0 1143.8 -999.0 1594.6 1558.2 1399.4 1321.0 1348.2 1346.3 800.6 1417.5 863.8 838.4 859.7 1210.2 1471.1 675.7 1222.5 1397.3 1520.6 1559.0 1610.5 1658.8 1692.5 1302.1 1499.5 1541.9 1555.8 1376.9 1216.8 1336.3 1349.4 1424.4 1480.8 1452.7 1569.8 -999.0 -999.0 -999.0 -999.0 -999.0 -999.0 -999.0 -999.0 -999.0 -999.0 -999.0 -999.0 -999.0 -999.0 -999.0 -999.0 -999.0 -999.0 -999.0 -999.0 -999.0 -999.0 -999.0 -999.0 -999.0 -999.0 -999.0 -999.0 -999.0 -999.0 -999.0 -999.0 -999.0 -999.0
1619.4 1342.9 1473.8 -999.0 1196.3 1594.6 1272.1 1388.6 1625.5 947.9 960.7 810.3 757.7 1577.7 938.1 943.9 1600.7 1238.2 1131.3 1373.6 1353.4 1287.3 1238.1 1180.1 1650.1 1682.0 1675.3 1585.3 1474.3 1371.2 1250.2 1342.0 1374.5 1373.8 1500.5 -999.0 -999.0 -999.0 -999.0 -999.0 -999.0 -999.0 -999.0 -999.0 -999.0 -999.0 -999.0 -999.0 -999.0 -999.0 -999.0 -999.0 -999.0 -999.0 -999.0 -999.0 -999.0 -999.0 -999.0 -999.0 -999.0 -999.0 -999.0 -999.0 -999.0 -999.0 -999.0 -999.0 -999.0 -999.0 -999.0
851.2 1370.7 -999.0 1567.5 1553.9 1112.4 1383.1 1590.9 960.8 1299.4 931.3 850.0 1154.0 1340.4 946.1 960.8 1672.9 1670.6 1607.8 1511.1 1378.5 1302.6 1070.6 1004.4 1354.8 1543.4 1666.7 1696.4 1546.3 1536.5 1470.7 1444.2 1273.7 1275.3 1538.6 -999.0 -999.0 -999.0 -999.0 -999.0 -999.0 -999.0 -999.0 -999.0 -999.0 -999.0 -999.0 -999.0 -999.0 -999.0 -999.0 -999.0 -999.0 -999.0 -999.0 -999.0 -999.0 -999.0 -999.0 -999.0 -999.0 -999.0 -999.0 -999.0 -999.0 -999.0 -999.0 -999.0 -999.0 -999.0 -999.0
1672.3 1658.8 -999.0 1614.2 914.3 1292.9 -999.0 1470.8 1037.4 1297.7 1034.4 1161.8 1065.7 1602.1 1592.6 1367.5 1507.5 1516.6 1375.1 1568.7 779.5 799.6 964.2 1001.9 1326.2 1621.0 1630.0 1733.1 1770.0 1689.2 1657.9 1560.0 1620.2 -999.0 -999.0 -999.0 -999.0 -999.0 1476.3 1510.7 1509.5 1618.2 -999.0 -999.0 -999.0 -999.0 -999.0 -999.0 -999.0 -999.0 -999.0 -999.0 -999.0 -999.0 -999.0 -999.0 -999.0 -999.0 -999.0 -999.0 -999.0 -999.0 -999.0 -999.0 -999.0 -999.0 -999.0 -999.0 -999.0 -999.0 -999.0
1376.6 -999.0 -999.0 1156.2 1612.0 986.9 -999.0 1504.2 939.7 1376.0 1670.9 823.7 1649.6 1750.1 1742.2 1661.5 1467.4 1291.5 1037.6 1363.7 1342.5 1448.5 1436.6 1486.7 1418.3 1423.4 1417.9 1516.9 1634.3 1546.2 1482.7 1528.8 1625.8 1664.4 1653.6 -999.0 -999.0 1602.2 1529.1 1437.4 1565.6 1597.2 1608.5 1618.9 -999.0 -999.0 -999.0 -999.0 -999.0 -999.0 -999.0 -999.0 -999.0 -999.0 -999.0 -999.0 -999.0 -999.0 -999.0 -999.0 -999.0 -999.0 -999.0 -999.0 -999.0 -999.0 -999.0 -999.0 -999.0 -999.0 -999.0
1717.8 -999.0 -999.0 1639.5 1333.0 1099.2 1649.6 1322.6 1538.7 1396.4 1308.7 1187.4 1689.0 1542.9 1272.7 1303.5 1346.0 1564.3 1555.5 1500.4 1558.3 1499.9 1497.1 1486.6 1406.5 1309.3 1324.9 1423.0 1301.2 1264.8 1480.8 1564.3 1560.8 1594.5 1517.8 1617.7 1569.3 1461.5 1450.8 1505.0 1433.7 1236.0 1294.1 1191.3 1582.7 -999.0 -999.0 -999.0 -999.0 -999.0 -999.0 -999.0 -999.0 -999.0 -999.0 -999.0 -999.0 -999.0 -999.0 -999.0 -999.0 -999.0 -999.0 -999.0 -999.0 -999.0 -999.0 -999.0 -999.0 -999.0 -999.0
-999.0 -999.0 -999.0 1370.1 995.0 1428.1 1286.0 1652.5 1330.8 1465.3 1727.9 1728.1 -999.0 1295.4 988.6 1351.8 1491.4 1610.1 1584.3 1635.4 1630.2 1488.7 1508.1 1466.2 1268.0 1233.8 1218.3 1306.9 1374.2 1395.3 1452.0 1427.1 1408.2 1306.8 1458.2 1578.1 1364.5 1412.7 1374.8 1397.4 1237.2 1071.7 1085.6 1043.6 1245.0 1186.8 1125.2 1502.0 -999.0 -999.0 -999.0 -999.0 -999.0 -999.0 -999.0 -999.0 -999.0 -999.0 -999.0 -999.0 -999.0 -999.0 -999.0 -999.0 -999.0 -999.0 -999.0 -999.0 -999.0 -999.0 -999.0
-999.0 -999.0 -999.0 1362.3 1486.9 1620.9 1030.9 1671.2 -999.0 1707.2 1570.1 1736.7 -999.0 1245.2 845.9 1254.4 1350.6 1565.8 1642.0 1586.1 1592.1 1701.1 1658.5 1558.0 1423.0 1184.9 1160.9 1158.7 1279.9 1282.5 1190.1 1139.9 1009.2 1156.3 1424.7 1519.6 1340.3 1300.4 1261.5 876.2 827.9 1036.0 1066.8 1167.9 1210.0 1206.9 1410.9 1400.8 -999.0 -999.0 -999.0 -999.0 -999.0 -999.0 -999.0 -999.0 -999.0 -999.0 -999.0 -999.0 -999.0 -999.0 -999.0 -999.0 -999.0 -999.0 -999.0 -999.0 -999.0 -999.0 -999.0
-999.0 -999.0 -999.0 -999.0 1502.1 1300.4 1449.5 1717.0 -999.0 -999.0 1620.7 1724.8 1605.0 1318.6 1051.8 1461.2 1386.5 1226.8 1379.4 1412.1 1508.7 1357.3 1573.8 1667.0 1525.2 1380.8 1204.1 1125.2 1005.5 1127.0 966.7 947.1 1104.2 1193.0 1189.5 1258.2 1194.4 1077.5 996.6 1038.1 875.2 1026.8 1107.5 1164.7 1474.1 1468.4 1344.3 1282.2 1285.5 -999.0 -999.0 -999.0 -999.0 -999.0 -999.0 -999.0 -999.0 -999.0 -999.0 -999.0 -999.0 -999.0 -999.0 -999.0 -999.0 -999.0 -999.0 -999.0 -999.0 -999.0 -999.0
-999.0 -999.0 -999.0 1710.6 1404.1 1326.2 -999.0 -999.0 -999.0 -999.0 -999.0 1720.3 1768.8 1267.5 1346.0 1584.2 1419.3 1246.0 1143.0 1255.6 1381.0 1369.6 1324.3 1445.8 1582.4 1343.9 1123.2 1174.3 1152.3 1112.6 977.9 1069.0 1171.1 1119.4 1127.6 898.6 956.5 1100.8 1136.2 1243.5 1061.3 1108.1 1207.4 1198.0 1440.1 1504.2 1481.6 1445.3 1388.7 -999.0 -999.0 -999.0 -999.0 -999.0 -999.0 -999.0 -999.0 -999.0 -999.0 -999.0 -999.0 -999.0 -999.0 -999.0 -999.0 -999.0 -999.0 -999.0 -999.0 -999.0 -999.0
-999.0 1655.2 -999.0 1262.4 1412.0 1682.9 1753.5 1372.5 1244.4 -999.0 -999.0 -999.0 1746.5 1472.3 1506.1 1538.0 1509.5 1379.5 1200.8 1128.9 1100.9 1100.1 1220.0 1259.6 1346.1 1575.2 1180.0 1224.4 1204.2 1201.0 1261.7 1276.9 1030.2 1124.8 900.2 701.3 811.7 1017.9 1046.8 1294.7 1208.9 1247.5 1251.9 1252.5 1454.8 1511.1 1519.3 1452.9 1318.5 1267.1 -999.0 -999.0 -999.0 -999.0 -999.0 -999.0 -999.0 -999.0 -999.0 -999.0 -999.0 -999.0 -999.0 -999.0 -999.0 -999.0 -999.0 -999.0 -999.0 -999.0 -999.0
-999.0 -999.0 1705.3 1215.3 1396.3 1734.2 1305.6 1093.2 980.1 1659.9 -999.0 -999.0 -999.0 1694.8 1643.0 1676.3 1618.9 1527.8 1437.9 1233.3 1189.0 1197.9 1290.7 1288.2 1273.4 1263.2 1320.3 1274.5 1264.7 1118.3 1187.0 982.1 1299.4 1154.7 1226.6 1196.2 841.3 873.0 1094.7 1207.3 1348.6 1386.6 1391.9 1392.8 1494.2 1511.1 1551.9 1445.3 1326.6 1329.2 1408.0 -999.0 -999.0 -999.0 -999.0 -999.0 -999.0 -999.0 -999.0 -999.0 -999.0 -999.0 -999.0 -999.0 -999.0 -999.0 -999.0 -999.0 -999.0 -999.0 -999.0
-999.0 -999.0 1524.1 1361.3 1148.7 1732.4 1735.1 1250.3 1147.8 1750.5 -999.0 -999.0 -999.0 -999.0 -999.0 1680.7 1673.3 1661.8 1631.4 1525.5 1439.9 1251.1 1010.5 1037.6 1172.2 1236.8 1291.7 1166.8 1240.8 1226.4 1270.7 1037.5 1326.9 1217.1 1156.9 1252.1 1453.7 1276.2 1380.6 1270.3 1450.6 1365.1 1436.9 1598.2 1614.2 1591.4 1551.8 1551.3 1324.5 1331.6 1428.7 1537.2 -999.0 -999.0 -999.0 -999.0 -999.0 -999.0 -999.0 -999.0 -999.0 -999.0 -999.0 -999.0 -999.0 -999.0 -999.0 -999.0 -999.0 -999.0 -999.0
-999.0 -999.0 1409.1 1190.4 1309.4 -999.0 1735.3 1637.7 929.0 1574.7 -999.0 -999.0 -999.0 -999.0 -999.0 1678.2 1599.9 1451.1 1534.5 1318.9 1097.2 1119.7 957.9 921.7 997.6 1182.7 1089.2 1166.9 1247.7 1085.3 1011.8 1337.7 617.6 1098.3 871.4 1172.2 1002.1 1070.6 1452.4 1260.1 1406.1 1482.7 1568.0 1536.5 1410.3 1351.6 1445.4 1395.5 1575.0 1421.3 1286.6 1526.0 1504.6 1573.5 -999.0 -999.0 -999.0 -999.0 -999.0 -999.0 -999.0 -999.0 -999.0 -999.0 -999.0 -999.0 -999.0 -999.0 -999.0 -999.0 -999.0
-999.0 -999.0 1441.2 1428.5 1638.4 -999.0 -999.0 1307.7 1033.5 1200.6 -999.0 -999.0 -999.0 -999.0 -999.0 1695.0 1688.7 1507.4 1502.4 1388.9 1192.2 1299.9 1180.6 1159.4 992.5 1091.3 1070.2 1148.4 978.7 692.8 858.4 999.0 529.9 678.8 1051.8 1018.2 1219.2 1440.2 1333.6 1275.4 1402.5 1373.3 1395.6 1526.1 1452.3 1429.2 1271.2 1024.8 1274.3 1431.8 1401.4 1369.2 1543.3 1586.6 -999.0 -999.0 -999.0 -999.0 -999.0 -999.0 -999.0 -999.0 -999.0 -999.0 -999.0 -999.0 -999.0 -999.0 -999.0 -999.0 -999.0
-999.0 -999.0 1620.3 1550.1 -999.0 -999.0 -999.0 1705.8 1503.1 1405.0 -999.0 -999.0 -999.0 -999.0 -999.0 1687.8 1635.7 1544.1 1483.7 1405.7 1296.3 1184.8 900.4 808.9 1014.0 948.7 1143.6 1167.0 1178.7 897.2 1173.7 742.7 839.3 1002.8 918.5 880.6 1315.0 1165.6 1362.8 1274.8 1305.2 1513.8 1391.0 1322.7 1304.5 1370.6 883.9 876.8 991.0 1418.5 1396.7 1362.5 1476.5 1512.2 -999.0 -999.0 -999.0 -999.0 -999.0 -999.0 -999.0 -999.0 -999.0 -999.0 -999.0 -999.0 -999.0 -999.0 -999.0 -999.0 -999.0
-999.0 1291.4 1433.1 1128.5 1773.9 -999.0 -999.0 -999.0 -999.0 -999.0 -999.0 -999.0 -999.0 -999.0 1505.1 1568.8 1468.4 1465.3 1396.7 1269.8 1284.3 1121.8 1071.6 900.1 1061.3 1102.9 911.5 1013.7 880.7 818.0 822.7 624.6 685.9 1066.3 982.2 925.6 1052.3 1203.3 1187.6 1407.7 1315.3 1257.4 1437.3 1278.4 1260.1 1006.2 975.7 781.8 977.7 1413.2 1453.4 1522.5 1447.6 1486.5 -999.0 -999.0 -999.0 -999.0 -999.0 -999.0 -999.0 -999.0 -999.0 -999.0 -999.0 -999.0 -999.0 -999.0 -999.0 -999.0 -999.0
-999.0 1185.5 1264.4 1416.3 1759.1 -999.0 -999.0 -999.0 -999.0 -999.0 -999.0 -999.0 -999.0 -999.0 1240.6 1614.8 1452.6 1249.0 1103.8 1125.4 1226.1 1226.7 1183.7 1359.6 1212.5 917.3 882.1 990.5 1007.7 1123.0 1245.3 670.6 1069.4 1018.4 1057.2 1038.5 1114.2 1245.5 1433.9 1194.6 1266.4 1289.9 1320.5 1244.6 1053.8 939.4 1049.2 967.5 1023.3 1382.4 1551.3 1546.2 1366.5 1570.4 -999.0 -999.0 -999.0 -999.0 -999.0 -999.0 -999.0 -999.0 -999.0 -999.0 -999.0 -999.0 -999.0 -999.0 -999.0 -999.0 -999.0
