GDD/GrowingDegreeDays_1984_Actual.txt
ncols         180
nrows         290
xllcorner     -200000
yllcorner     -200000
cellsize      5000
NODATA_value    -999
[rows 160 to 191 of 290, columns 71 to 141 of 180]
-999.0 -999.0 -999.0 -999.0 -999.0 -999.0 -999.0 -999.0 -999.0 -999.0 -999.0 -999.0 -999.0 -999.0 -999.0 -999.0 -999.0 -999.0 -999.0 -999.0 -999.0 -999.0 -999.0 -999.0 -999.0 -999.0 -999.0 -999.0 -999.0 -999.0 -999.0 -999.0 -999.0 -999.0 -999.0 1696.1 1669.9 1647.7 1610.2 1391.5 1295.8 1089.5 1341.9 1234.2 1584.8 1477.3 1484.2 1369.4 1309.2 1374.6 1316.6 1629.9 1611.2 1595.3 1608.6 1643.9 1578.9 1651.1 1658.9 1621.2 1655.7 1699.0 1663.8 1619.2 1593.9 1576.9 1465.5 1515.7 1577.4 1608.9 1611.9
-999.0 -999.0 -999.0 -999.0 -999.0 -999.0 -999.0 -999.0 -999.0 -999.0 -999.0 -999.0 -999.0 -999.0 -999.0 -999.0 -999.0 -999.0 -999.0 -999.0 -999.0 -999.0 -999.0 -999.0 -999.0 -999.0 -999.0 -999.0 -999.0 -999.0 -999.0 -999.0 -999.0 -999.0 -999.0 1689.9 1658.5 1674.9 1713.9 1656.4 1399.7 1566.7 1542.9 1632.9 1516.9 1281.5 1406.8 1268.1 1316.0 1266.4 1601.4 1375.8 1570.7 1484.5 1533.0 1534.6 1618.2 1649.0 1671.5 1650.9 1648.6 1656.3 1617.0 1577.7 1583.4 1593.4 1578.0 1507.1 1564.5 1615.6 1622.0
-999.0 -999.0 -999.0 -999.0 -999.0 -999.0 -999.0 -999.0 -999.0 -999.0 -999.0 -999.0 -999.0 -999.0 -999.0 -999.0 -999.0 -999.0 -999.0 -999.0 -999.0 -999.0 -999.0 -999.0 -999.0 -999.0 -999.0 -999.0 -999.0 -999.0 -999.0 -999.0 -999.0 -999.0 -999.0 1676.7 1668.3 1641.6 1751.2 1714.8 1619.8 1579.6 1617.7 1668.1 1539.1 1441.8 1435.0 1275.5 1152.5 1384.1 1480.0 1674.2 1590.4 1749.8 1693.7 1637.3 1595.0 1636.4 1638.1 1644.5 1609.1 1626.1 1603.7 1575.8 1580.4 1594.4 1595.8 1537.3 1513.1 1619.3 1695.7
-999.0 -999.0 -999.0 -999.0 -999.0 -999.0 -999.0 -999.0 -999.0 -999.0 -999.0 -999.0 -999.0 -999.0 -999.0 -999.0 -999.0 -999.0 -999.0 -999.0 -999.0 -999.0 -999.0 -999.0 -999.0 -999.0 -999.0 -999.0 -999.0 -999.0 -999.0 -999.0 -999.0 -999.0 -999.0 1669.0 1656.1 1656.7 1715.0 1734.0 1698.7 1691.3 1610.2 1500.2 1630.4 1552.6 1449.0 1110.5 1111.1 1126.2 1312.9 1539.8 1640.6 1622.5 1736.5 1780.6 1673.9 1608.8 1656.4 1652.0 1631.9 1644.8 1628.8 1608.7 1612.7 1626.5 1642.9 1563.8 1542.4 1707.1 1797.2
-999.0 -999.0 -999.0 -999.0 -999.0 -999.0 -999.0 -999.0 -999.0 -999.0 -999.0 -999.0 -999.0 -999.0 -999.0 -999.0 -999.0 -999.0 -999.0 -999.0 -999.0 -999.0 -999.0 -999.0 -999.0 -999.0 -999.0 -999.0 -999.0 -999.0 -999.0 -999.0 -999.0 -999.0 -999.0 1701.4 1713.7 1723.3 1765.7 1772.3 1760.9 1653.7 1625.7 1522.8 1462.3 1294.1 1189.9 1110.2 1285.9 1222.8 1413.7 1502.4 1641.9 1519.0 1623.4 1739.1 1775.6 1759.2 1722.8 1698.8 1667.0 1658.2 1659.5 1647.1 1646.1 1662.5 1661.4 1677.4 1656.2 1751.3 1817.9
-999.0 -999.0 -999.0 -999.0 -999.0 -999.0 -999.0 -999.0 -999.0 -999.0 -999.0 -999.0 -999.0 -999.0 -999.0 -999.0 -999.0 -999.0 -999.0 -999.0 -999.0 -999.0 -999.0 -999.0 -999.0 -999.0 -999.0 -999.0 -999.0 -999.0 -999.0 -999.0 -999.0 -999.0 -999.0 -999.0 1750.7 1739.2 1758.4 1771.5 1678.8 1490.0 1447.7 1398.4 1456.1 1460.6 1288.6 1297.0 1209.7 1323.2 1554.1 1750.8 1711.0 1647.4 1625.8 1767.0 1762.1 1705.0 1718.0 1733.2 1677.8 1680.5 1683.0 1677.0 1669.3 1670.8 1669.0 1665.1 1702.2 1729.3 1764.9
-999.0 -999.0 -999.0 -999.0 -999.0 -999.0 -999.0 -999.0 -999.0 -999.0 -999.0 -999.0 -999.0 -999.0 -999.0 -999.0 -999.0 -999.0 -999.0 -999.0 -999.0 -999.0 -999.0 -999.0 -999.0 -999.0 -999.0 -999.0 -999.0 -999.0 -999.0 -999.0 -999.0 -999.0 -999.0 1791.8 1747.2 1743.8 1759.3 1747.3 1675.8 1369.5 1316.9 1426.7 1256.7 1286.4 1349.8 1354.3 1121.1 1299.9 1327.9 1555.3 1816.5 1600.0 1725.2 1807.2 1710.6 1696.9 1745.8 1703.6 1707.2 1700.8 1691.0 1681.9 1673.7 1669.7 1578.9 1642.5 1667.4 1583.1 1621.7
-999.0 -999.0 -999.0 -999.0 -999.0 -999.0 -999.0 -999.0 -999.0 -999.0 -999.0 -999.0 -999.0 -999.0 -999.0 -999.0 -999.0 -999.0 -999.0 -999.0 -999.0 -999.0 -999.0 -999.0 -999.0 -999.0 -999.0 -999.0 -999.0 -999.0 -999.0 -999.0 -999.0 -999.0 -999.0 1771.3 1754.5 1745.2 1756.4 1619.6 1670.8 1583.7 1343.2 1529.1 1523.1 1498.6 1571.3 1528.7 1278.6 1336.4 1362.8 1656.1 1562.4 1457.7 1664.9 1611.0 1667.7 1629.9 1668.9 1690.3 1727.4 1723.2 1703.5 1687.2 1665.7 1678.7 1670.6 1611.2 1651.8 1608.1 1561.1
-999.0 -999.0 -999.0 -999.0 -999.0 -999.0 -999.0 -999.0 -999.0 -999.0 -999.0 -999.0 -999.0 -999.0 -999.0 -999.0 -999.0 -999.0 -999.0 -999.0 -999.0 -999.0 -999.0 -999.0 -999.0 -999.0 -999.0 -999.0 -999.0 -999.0 -999.0 -999.0 -999.0 -999.0 1746.1 1764.1 1767.3 1681.0 1691.8 1687.9 1724.0 1645.4 1608.4 1643.0 1690.2 1719.6 1679.1 1569.5 1319.4 1139.6 1094.9 1397.0 1316.9 1387.8 1615.2 1629.0 1719.4 1687.2 1675.4 1717.6 1740.0 1728.9 1710.5 1687.8 1663.5 1684.7 1676.2 1655.2 1637.5 1618.9 1509.3
-999.0 -999.0 -999.0 -999.0 -999.0 -999.0 -999.0 -999.0 -999.0 -999.0 -999.0 -999.0 -999.0 -999.0 -999.0 -999.0 -999.0 -999.0 -999.0 -999.0 -999.0 -999.0 -999.0 -999.0 -999.0 -999.0 -999.0 -999.0 -999.0 -999.0 -999.0 -999.0 -999.0 -999.0 -999.0 1735.7 1798.7 1763.4 1739.4 1610.2 1777.7 1777.8 1774.2 1768.5 1784.2 1848.9 1814.6 1686.7 1562.4 1223.5 1073.3 1025.0 1276.5 1310.7 1461.2 1602.3 1609.4 1763.4 1753.8 1679.4 1737.1 1728.3 1711.3 1683.2 1665.4 1676.9 1672.8 1642.9 1641.8 1634.7 1603.5
-999.0 -999.0 -999.0 -999.0 -999.0 -999.0 -999.0 -999.0 -999.0 -999.0 -999.0 -999.0 -999.0 -999.0 -999.0 -999.0 -999.0 -999.0 -999.0 -999.0 -999.0 -999.0 -999.0 -999.0 -999.0 -999.0 -999.0 -999.0 -999.0 -999.0 -999.0 -999.0 -999.0 -999.0 -999.0 1802.7 1817.1 1828.5 1819.0 1793.7 1793.9 1795.8 1831.3 1847.1 1935.0 1999.2 1939.1 1796.5 1585.9 1488.8 1114.1 979.4 1018.4 1219.5 1408.1 1560.6 1682.2 1628.3 1699.1 1634.9 1715.6 1700.4 1701.5 1661.8 1657.3 1663.1 1645.7 1633.2 1641.8 1639.2 1585.2
-999.0 -999.0 -999.0 -999.0 -999.0 -999.0 -999.0 -999.0 -999.0 -999.0 -999.0 -999.0 -999.0 -999.0 -999.0 1811.4 1780.9 1754.8 1733.3 -999.0 -999.0 -999.0 -999.0 -999.0 -999.0 -999.0 -999.0 -999.0 -999.0 -999.0 -999.0 -999.0 -999.0 -999.0 1848.6 1896.2 1852.6 1861.3 1795.0 1793.8 1822.2 1826.2 1832.0 1872.6 1917.7 1970.5 1921.3 1807.0 1653.2 1356.2 1157.7 1136.1 1322.6 1190.9 1372.8 1722.8 1699.0 1749.2 1550.7 1572.6 1676.2 1651.3 1622.0 1597.0 1624.8 1652.7 1653.6 1628.2 1635.5 1662.2 1639.5
-999.0 -999.0 -999.0 -999.0 -999.0 -999.0 -999.0 -999.0 -999.0 -999.0 -999.0 -999.0 -999.0 -999.0 -999.0 1738.8 1668.7 1694.1 1780.4 -999.0 -999.0 -999.0 -999.0 -999.0 -999.0 -999.0 -999.0 -999.0 -999.0 -999.0 -999.0 -999.0 -999.0 1917.6 1805.1 1867.6 1872.4 1808.5 1860.1 1801.7 1832.0 1830.2 1826.5 1851.6 1862.7 1859.4 1866.3 1793.4 1676.1 1540.1 1160.4 1103.1 1342.5 1323.6 1490.6 1635.8 1872.9 1798.8 1636.9 1590.2 1647.6 1684.0 1644.9 1593.2 1609.2 1653.0 1662.7 1654.0 1623.8 1659.4 1639.6
-999.0 -999.0 -999.0 -999.0 -999.0 -999.0 -999.0 -999.0 -999.0 -999.0 -999.0 -999.0 -999.0 1786.5 1875.1 1808.6 1667.1 1675.5 1697.8 1838.9 1913.6 1949.4 -999.0 -999.0 1833.6 1903.4 -999.0 -999.0 -999.0 1873.3 1761.4 1761.8 -999.0 1907.9 1758.1 1843.1 1901.5 1868.3 1866.4 1772.5 1771.6 1757.7 1788.9 1744.0 1816.7 1775.2 1772.7 1732.9 1405.4 1614.8 1493.2 1261.8 1546.3 1493.3 1284.3 1753.0 1651.6 1756.2 1656.2 1627.1 1667.5 1689.3 1704.6 1635.1 1650.9 1690.8 1671.4 1686.2 1639.2 1674.0 1660.4
-999.0 -999.0 -999.0 -999.0 -999.0 -999.0 -999.0 -999.0 -999.0 -999.0 -999.0 -999.0 -999.0 -999.0 1895.4 1841.9 1756.4 1731.3 1743.5 1756.9 1708.8 1931.3 -999.0 1927.8 1803.1 1632.7 1738.7 1674.1 1885.3 1865.7 1508.0 1529.0 1634.7 -999.0 1844.1 1806.0 1829.3 1863.5 1845.9 1730.6 1812.8 1896.9 1879.8 1771.8 1733.2 1729.4 1650.7 1635.7 1366.8 1299.7 1332.8 1315.7 1357.2 1264.9 1342.3 1556.3 1720.1 1750.7 1587.8 1580.1 1674.5 1650.4 1715.1 1669.3 1668.0 1697.6 1673.4 1694.1 1651.4 1673.8 1672.1
-999.0 -999.0 -999.0 -999.0 -999.0 -999.0 -999.0 -999.0 -999.0 -999.0 -999.0 -999.0 -999.0 -999.0 -999.0 1901.7 1803.3 1730.0 1794.9 1817.9 1848.5 1895.6 1506.0 1035.7 1696.1 1404.0 1407.6 1496.0 1649.2 1787.5 1740.6 1578.6 1453.9 1646.0 1846.3 1870.6 1825.2 1835.0 1765.3 1595.6 1700.1 1889.1 1913.2 1804.1 1735.2 1709.8 1630.3 1566.9 1233.7 1145.9 1281.5 1303.7 1425.5 1466.5 1432.4 1517.2 1693.8 1713.0 1613.5 1634.8 1658.0 1617.4 1688.8 1637.8 1692.7 1692.6 1687.2 1649.9 1544.3 1684.5 1687.3
-999.0 -999.0 -999.0 -999.0 -999.0 -999.0 -999.0 -999.0 -999.0 -999.0 -999.0 -999.0 -999.0 -999.0 -999.0 -999.0 1815.6 1861.2 1854.5 1857.4 1750.9 1555.7 801.4 1211.9 1802.9 1339.9 1585.2 1350.2 1411.7 1642.4 1754.7 1333.7 1513.1 1520.5 1704.6 1871.8 1829.4 1788.1 1776.1 1662.8 1670.6 1781.3 1815.0 1798.2 1725.6 1688.4 1641.7 1459.1 1354.7 1095.5 1251.1 1241.3 1285.2 1550.9 1464.6 1423.2 1555.5 1616.4 1612.4 1665.8 1627.6 1619.8 1673.0 1633.4 1698.0 1707.6 1682.4 1687.0 1686.2 1681.3 1697.4
-999.0 -999.0 -999.0 -999.0 -999.0 -999.0 -999.0 -999.0 -999.0 -999.0 -999.0 -999.0 -999.0 -999.0 -999.0 -999.0 -999.0 1920.0 1874.8 1677.0 1464.6 854.7 791.3 1199.5 1480.6 1493.5 1378.2 1253.8 1257.6 1280.8 1542.3 1659.4 1265.5 1480.2 1649.5 1714.6 1805.3 1806.9 1766.2 1726.1 1704.5 1747.2 1782.4 1753.5 1702.4 1663.5 1598.7 1454.5 1281.6 1188.9 1325.5 1346.8 1269.0 1417.7 1659.7 1482.2 1651.2 1596.2 1591.1 1685.4 1691.4 1662.9 1646.6 1636.6 1702.5 1721.4 1703.7 1727.2 1654.9 1687.3 1705.4
-999.0 -999.0 -999.0 -999.0 -999.0 -999.0 -999.0 -999.0 -999.0 -999.0 -999.0 -999.0 -999.0 -999.0 -999.0 -999.0 -999.0 1940.0 1792.7 1426.6 1280.7 1162.1 953.0 1429.7 1709.4 1523.1 1244.0 1140.5 1094.6 1273.5 1502.8 1694.0 1248.3 1332.7 1585.6 1686.3 1821.6 1814.1 1758.5 1675.4 1686.8 1705.9 1723.1 1734.5 1705.9 1647.8 1483.4 1394.9 1463.9 1163.1 1318.2 1298.8 1238.1 1296.8 1487.5 1603.8 1639.5 1687.3 1597.8 1589.9 1667.5 1658.9 1694.3 1688.1 1732.0 1721.6 1720.5 1719.9 1689.8 1665.3 1700.0
-999.0 -999.0 -999.0 -999.0 -999.0 -999.0 -999.0 -999.0 -999.0 -999.0 -999.0 -999.0 -999.0 -999.0 -999.0 -999.0 -999.0 1931.8 1730.1 1497.6 1511.0 1154.3 1278.2 1540.6 1480.5 1589.6 1383.9 1102.8 1196.3 1110.5 1303.1 1556.6 1290.6 1295.2 1422.3 1733.1 1796.7 1823.2 1731.0 1636.9 1646.3 1691.2 1710.3 1718.1 1685.7 1567.2 1497.0 1487.9 1461.8 1316.4 1344.8 1358.5 1379.9 1466.8 1493.8 1460.6 1682.8 1612.9 1607.9 1658.0 1641.4 1682.8 1641.7 1738.7 1745.9 1729.8 1735.3 1727.8 1627.5 1704.9 1718.8
-999.0 -999.0 -999.0 -999.0 -999.0 -999.0 -999.0 -999.0 -999.0 -999.0 -999.0 -999.0 -999.0 -999.0 -999.0 -999.0 1918.1 1179.7 1598.0 1460.9 1312.8 1601.3 938.1 1115.3 1198.2 1306.8 1109.6 1256.5 1201.6 1304.1 1415.9 1327.6 1147.0 1323.1 1441.9 1732.1 1817.3 1838.8 1692.2 1668.7 1696.3 1693.4 1718.7 1691.7 1597.7 1616.7 1603.4 1432.3 1338.2 1535.5 1259.0 1316.4 1517.3 1492.2 1555.6 1613.3 1630.8 1666.7 1667.3 1737.3 1674.4 1721.5 1759.3 1669.1 1752.0 1737.7 1720.7 1716.2 1638.5 1711.2 1728.9
-999.0 -999.0 -999.0 -999.0 -999.0 -999.0 -999.0 -999.0 -999.0 -999.0 -999.0 -999.0 -999.0 -999.0 1933.3 1862.3 1521.3 1576.5 1709.0 1693.1 1517.8 1710.2 1518.9 1393.3 1154.8 1163.2 1054.9 1151.0 1106.3 1431.9 1294.3 1347.6 1577.0 1581.9 1684.8 1688.5 1768.3 1791.4 1690.0 1669.1 1667.6 1696.6 1668.6 1558.7 1616.8 1586.6 1633.3 1480.4 1412.5 1447.8 1513.5 1578.3 1485.7 1538.8 1588.6 1609.3 1640.7 1655.7 1726.2 1763.1 1807.9 1828.0 1793.2 1752.0 1739.9 1709.9 1727.3 1712.9 1639.1 1697.6 1731.5
-999.0 -999.0 -999.0 -999.0 -999.0 -999.0 -999.0 -999.0 -999.0 -999.0 -999.0 -999.0 -999.0 1904.3 1832.9 1805.8 1789.7 1839.8 1894.9 1859.8 1865.3 1831.5 1586.8 1436.0 1295.6 860.7 1263.9 1362.9 1328.0 1506.1 1137.9 1113.3 1214.5 1506.5 1674.7 1683.5 1705.5 1721.4 1680.2 1630.4 1660.3 1656.9 1633.8 1568.2 1530.5 1611.5 1597.8 1479.7 1486.6 1517.5 1542.7 1550.5 1550.5 1640.7 1627.9 1675.4 1800.9 1710.6 1753.2 1828.3 1897.0 1853.4 1760.9 1753.8 1732.4 1707.7 1696.6 1692.5 1593.5 1645.0 1701.9
-999.0 -999.0 -999.0 -999.0 -999.0 -999.0 -999.0 -999.0 -999.0 -999.0 -999.0 -999.0 1925.6 1746.2 1770.9 1791.5 -999.0 -999.0 -999.0 -999.0 1899.1 1361.8 1348.3 1336.8 1203.7 1293.3 1349.8 1110.2 1163.5 1301.6 807.2 963.8 1180.2 1293.3 1591.6 1770.8 1719.4 1685.9 1691.7 1666.7 1669.2 1670.8 1617.5 1638.3 1520.3 1572.6 1570.5 1551.8 1540.0 1544.7 1572.9 1648.3 1654.6 1675.0 1708.8 1750.6 1812.1 1811.3 1795.3 1811.0 1819.0 1797.8 1766.6 1741.0 1681.7 1645.3 1638.9 1649.4 1602.6 1629.7 1649.4
-999.0 -999.0 -999.0 -999.0 -999.0 -999.0 -999.0 -999.0 -999.0 -999.0 -999.0 -999.0 1879.8 1624.5 1897.9 1950.0 -999.0 -999.0 -999.0 -999.0 1968.3 1523.9 1239.8 1528.1 1182.3 1197.8 1215.3 1028.8 978.1 1202.0 972.5 1405.7 1394.0 1532.8 1682.1 1789.5 1756.0 1694.2 1676.0 1634.7 1594.2 1670.4 1612.6 1622.6 1600.9 1538.8 1605.2 1591.1 1647.4 1599.4 1557.3 1553.4 1572.2 1683.9 1730.3 1751.4 1768.2 1724.0 1741.0 1729.1 1727.3 1725.8 1645.9 1670.8 1544.5 1551.0 1551.1 1621.9 1603.7 1628.5 1647.5
-999.0 -999.0 -999.0 -999.0 -999.0 -999.0 -999.0 -999.0 -999.0 -999.0 -999.0 -999.0 -999.0 -999.0 -999.0 -999.0 -999.0 -999.0 -999.0 -999.0 1971.4 1450.0 1403.0 1527.9 1324.1 1446.7 1019.7 1065.1 1379.5 1197.7 1248.0 1389.3 1411.4 1635.9 1743.4 1804.4 1688.6 1679.4 1660.5 1650.1 1671.8 1681.9 1677.5 1669.6 1639.8 1595.2 1637.2 1658.2 1653.5 1629.9 1658.9 1624.5 1611.2 1738.8 1641.8 1580.4 1664.9 1662.9 1677.1 1727.7 1682.6 1608.3 1507.8 1530.4 1587.9 1579.9 1551.1 1603.6 1594.4 1629.8 1637.4
-999.0 -999.0 -999.0 -999.0 -999.0 -999.0 -999.0 -999.0 -999.0 -999.0 -999.0 -999.0 -999.0 -999.0 -999.0 -999.0 -999.0 -999.0 -999.0 -999.0 -999.0 1450.2 1888.9 1739.7 1434.1 1113.1 1181.2 1081.3 1118.5 1413.9 1392.2 1371.1 1656.6 1712.5 1789.7 1778.0 1728.4 1672.6 1709.3 1720.7 1709.6 1717.9 1714.9 1684.6 1678.2 1617.5 1617.9 1657.2 1539.5 1614.4 1710.4 1716.7 1709.8 1699.4 1704.9 1610.1 1589.5 1638.4 1573.4 1695.5 1704.1 1596.6 1599.3 1571.4 1590.0 1636.0 1580.5 1603.2 1630.9 1672.0 1647.3
-999.0 -999.0 -999.0 -999.0 -999.0 -999.0 -999.0 -999.0 -999.0 -999.0 -999.0 -999.0 -999.0 -999.0 -999.0 -999.0 -999.0 -999.0 -999.0 -999.0 -999.0 1712.8 1281.0 1190.3 1311.4 1341.1 1404.8 1257.1 1411.7 1405.9 1586.5 1743.1 1595.3 1758.1 1784.9 1629.1 1644.5 1652.5 1744.9 1798.5 1771.3 1687.0 1700.0 1615.4 1616.8 1614.9 1612.6 1640.4 1551.4 1550.3 1662.3 1715.9 1735.9 1714.0 1697.8 1665.5 1624.6 1589.0 1475.6 1607.7 1731.1 1671.4 1598.6 1519.6 1491.2 1543.3 1627.7 1614.1 1663.9 1698.1 1725.2
-999.0 -999.0 -999.0 -999.0 -999.0 -999.0 -999.0 -999.0 -999.0 -999.0 -999.0 -999.0 -999.0 -999.0 -999.0 -999.0 -999.0 -999.0 -999.0 -999.0 1775.3 1589.5 1654.8 1085.7 1420.5 1492.3 1317.1 1356.3 1471.3 1296.9 1642.0 1793.7 1588.5 1829.1 1362.8 1551.0 1666.6 1676.0 1623.1 1732.8 1727.8 1497.9 1526.7 1590.9 1681.0 1639.7 1645.3 1670.9 1668.4 1680.0 1712.0 1736.2 1728.5 1726.4 1706.2 1651.1 1654.6 1576.0 1616.4 1705.2 1728.4 1655.3 1571.7 1495.5 1469.8 1523.4 1639.6 1657.1 1707.4 1754.8 1777.7
-999.0 -999.0 -999.0 -999.0 -999.0 -999.0 -999.0 -999.0 -999.0 -999.0 -999.0 -999.0 -999.0 -999.0 -999.0 -999.0 -999.0 -999.0 -999.0 -999.0 1961.1 1699.0 1166.8 1528.1 1804.0 1581.7 1526.6 1384.3 1258.6 1319.5 1620.9 1745.2 1710.0 1792.9 1680.0 1607.8 1529.8 1519.4 1671.7 1655.3 1649.8 1612.1 1572.9 1668.9 1691.2 1656.5 1690.3 1689.7 1715.2 1782.0 1767.6 1747.6 1740.1 1729.9 1725.3 1696.7 1685.1 1624.5 1619.3 1685.6 1693.2 1604.7 1502.7 1436.2 1518.2 1518.4 1562.6 1641.4 1747.1 1731.8 1804.1
-999.0 -999.0 -999.0 -999.0 -999.0 -999.0 -999.0 -999.0 -999.0 -999.0 -999.0 -999.0 -999.0 -999.0 -999.0 -999.0 -999.0 -999.0 -999.0 -999.0 2022.6 1591.3 1840.3 1603.1 1619.2 1488.3 1469.6 1144.1 1303.8 1241.9 1491.9 1622.7 1757.5 1769.6 1675.5 1456.4 1348.6 1258.5 1590.1 1477.0 1572.9 1568.1 1597.1 1722.1 1697.6 1691.4 1730.9 1746.2 1814.3 1829.5 1734.0 1730.5 1755.9 1729.2 1642.2 1731.7 1703.9 1670.7 1674.6 1708.6 1684.1 1591.9 1540.8 1531.0 1558.5 1572.1 1651.1 1684.1 1689.1 1723.2 1787.0
-999.0 -999.0 -999.0 -999.0 -999.0 -999.0 -999.0 -999.0 -999.0 -999.0 -999.0 -999.0 -999.0 -999.0 -999.0 -999.0 -999.0 -999.0 -999.0 -999.0 -999.0 1790.5 1512.3 1327.3 1145.3 1051.2 1241.1 1258.3 1418.7 1637.5 1663.9 1715.2 1664.0 1655.0 1695.7 1573.0 1556.2 1324.6 1480.2 1559.6 1589.0 1511.3 1554.5 1715.7 1644.9 1734.8 1792.1 1693.1 1848.9 1861.9 1855.1 1793.6 1790.1 1754.8 1632.0 1684.1 1733.8 1680.0 1687.8 1693.6 1650.6 1573.3 1594.7 1613.1 1661.3 1625.7 1699.3 1636.7 1659.7 1747.7 1772.7
