GDD/GrowingDegreeDays_1989_Actual.txt
ncols         180
nrows         290
xllcorner     -200000
yllcorner     -200000
cellsize      5000
NODATA_value    -999
[rows 192 to 223 of 290, columns 71 to 141 of 180]
-999.0 -999.0 -999.0 -999.0 -999.0 -999.0 -999.0 -999.0 -999.0 -999.0 -999.0 -999.0 -999.0 -999.0 -999.0 -999.0 -999.0 -999.0 -999.0 -999.0 -999.0 1852.9 1561.7 1379.1 1240.3 1072.2 1178.1 1408.4 1629.2 1778.5 1679.5 1501.5 1385.2 1327.9 1576.5 1748.5 1710.1 1607.7 1620.4 1771.9 1547.7 1644.6 1663.9 1790.9 1753.0 1887.1 1965.7 1956.9 1892.7 1938.3 1987.7 1989.7 1969.0 1947.1 1857.8 1907.4 1930.0 1882.2 1814.6 1785.9 1770.2 1732.7 1792.7 1831.1 1753.8 1791.7 1826.7 1862.9 1869.2 1962.0 1962.2
-999.0 -999.0 -999.0 -999.0 -999.0 -999.0 -999.0 -999.0 -999.0 -999.0 -999.0 -999.0 -999.0 -999.0 -999.0 -999.0 -999.0 -999.0 -999.0 -999.0 2008.5 1902.3 1618.3 1364.3 1262.7 1319.4 1348.5 1474.8 1390.7 1099.1 1346.6 1363.7 1405.8 1640.0 1750.7 1665.2 1635.9 1750.9 1756.7 1702.2 1582.6 1613.2 1665.2 1807.5 1761.3 1937.5 1954.5 1880.8 1984.3 1866.2 1866.4 1927.4 1899.5 1928.2 1885.9 1969.8 1976.9 1884.5 1855.3 1869.6 1791.2 1808.5 1730.3 1795.9 1762.0 1849.4 1857.1 1877.4 1954.9 1987.7 1936.5
-999.0 -999.0 -999.0 -999.0 -999.0 -999.0 -999.0 -999.0 -999.0 -999.0 -999.0 -999.0 -999.0 -999.0 -999.0 -999.0 -999.0 -999.0 -999.0 -999.0 1735.9 1680.1 1627.7 1575.6 1406.0 1124.2 1164.2 1238.9 1348.5 1323.2 1269.5 1238.8 1262.9 1602.1 1502.1 1429.0 1757.3 1569.4 1848.3 1770.2 1625.4 1501.3 1774.3 1770.2 1924.6 1986.6 1956.7 1922.3 1699.0 1802.2 1815.1 1848.6 1857.7 1878.3 1884.5 1961.9 1937.9 1899.7 1867.5 1936.2 1902.3 1781.3 1741.8 1767.8 1746.1 1848.2 1925.0 1961.1 2008.7 1984.4 1945.5
-999.0 -999.0 -999.0 -999.0 -999.0 -999.0 -999.0 -999.0 -999.0 -999.0 -999.0 -999.0 -999.0 -999.0 -999.0 -999.0 -999.0 -999.0 -999.0 -999.0 1776.4 1685.2 1846.3 1649.7 1419.6 1117.7 1248.9 1208.4 1379.1 1276.5 1364.1 1504.6 1446.6 1435.1 1519.3 1660.9 1797.7 1775.7 1547.1 1829.7 1807.3 1780.9 1804.5 1734.3 1896.6 2028.2 1992.4 1903.0 1862.5 1882.6 1811.6 1827.2 1842.0 1844.2 1930.8 1928.8 1855.4 1868.9 1842.1 1947.3 1872.9 1762.5 1757.3 1851.8 1873.7 1841.6 1944.0 1948.3 2057.3 1982.5 1971.6
-999.0 -999.0 -999.0 -999.0 -999.0 -999.0 -999.0 -999.0 -999.0 -999.0 -999.0 -999.0 -999.0 -999.0 -999.0 -999.0 -999.0 -999.0 -999.0 1887.4 1652.1 1369.9 1469.8 1585.3 1341.0 1281.8 1163.8 1166.9 1575.4 1569.5 1624.6 1512.9 1414.6 1590.3 1608.6 1498.4 1688.3 1782.8 1817.7 1889.6 1918.0 1891.6 1838.8 1897.8 1960.4 2008.2 2030.9 2008.1 1945.5 1910.6 1950.9 1882.9 1888.1 1850.1 1922.1 1911.5 1896.6 1922.3 1931.2 1925.6 1816.0 1819.5 1825.4 1932.5 1900.0 1908.3 1941.8 2025.8 1985.7 1978.1 1978.5
-999.0 -999.0 -999.0 -999.0 -999.0 -999.0 -999.0 -999.0 -999.0 -999.0 -999.0 -999.0 -999.0 -999.0 -999.0 -999.0 -999.0 -999.0 1766.3 1674.3 1523.8 1584.9 1613.7 1347.6 1165.2 1153.3 1330.6 1273.6 1594.7 1502.8 1607.9 1656.7 1210.7 1555.4 1523.9 1766.4 1775.4 1883.5 1890.5 1864.9 1773.2 1877.5 1743.4 1934.0 1941.7 2095.0 2102.4 2045.8 2011.3 1996.0 1998.7 1933.3 1883.2 1883.0 1998.2 1944.4 1924.4 1892.8 1883.2 1870.0 1809.5 1858.7 1815.7 1929.8 1945.6 2020.8 2024.4 1937.8 1918.3 1962.0 1960.9
-999.0 -999.0 -999.0 -999.0 -999.0 -999.0 -999.0 -999.0 -999.0 -999.0 -999.0 -999.0 -999.0 -999.0 -999.0 -999.0 1736.8 1739.6 1749.6 1848.7 1803.7 1674.2 1593.3 1303.7 1210.2 1125.8 1100.1 1290.3 1471.1 1748.3 1551.8 1624.8 1334.3 1577.9 1718.4 1785.8 1896.0 1885.9 1950.2 1865.9 1738.6 1812.1 1825.8 2055.8 2076.4 2117.0 2113.6 2011.5 2002.1 1987.2 2027.6 1937.4 1883.8 1968.3 1997.6 1985.4 1863.5 1856.1 1795.7 1753.8 1788.7 1822.9 1884.0 1948.6 1935.0 1916.8 1949.7 1924.5 2003.8 1968.5 1971.7
-999.0 -999.0 -999.0 -999.0 -999.0 -999.0 -999.0 -999.0 -999.0 -999.0 -999.0 -999.0 2012.7 1965.2 1962.4 1602.9 1506.6 1435.8 1423.2 1660.3 1694.0 1719.7 1305.7 1382.7 1227.5 1225.0 1278.7 1536.3 1656.0 1804.5 1668.3 1719.1 1268.5 1425.4 1630.5 1859.3 1851.6 1894.7 1727.7 1931.1 1777.2 1788.7 1886.6 2040.0 2168.4 2184.2 2058.0 2053.5 2034.1 1943.7 2015.2 1971.1 2003.9 1972.3 1944.4 1890.7 1929.2 1842.0 1863.4 1822.5 1748.3 1761.2 1795.1 1857.6 1864.4 1895.5 1948.2 1990.4 1949.3 2046.6 2041.8
-999.0 -999.0 -999.0 -999.0 -999.0 -999.0 -999.0 -999.0 -999.0 -999.0 -999.0 1833.9 1898.2 1725.7 1733.7 1744.1 1526.4 1580.9 1535.5 1736.0 1859.7 1547.0 1434.2 1334.4 1629.3 1187.2 1397.0 1595.9 1299.0 1561.9 1836.8 1342.0 1526.3 1620.6 1964.7 1987.1 1942.8 1683.2 1933.2 1931.1 1891.5 1904.8 1870.3 2035.5 2108.0 2239.4 2121.8 2095.2 2053.1 1988.8 1999.5 2000.7 2008.4 2006.2 1913.4 1906.2 1753.1 1891.1 1904.6 1857.6 1790.7 1841.6 1858.0 1919.8 1948.8 1923.0 1967.5 1943.0 2019.1 2051.8 2030.4
-999.0 -999.0 -999.0 -999.0 -999.0 -999.0 -999.0 -999.0 -999.0 -999.0 1799.2 1775.6 1925.9 1870.4 1844.0 1747.5 1800.4 1709.0 1771.3 1748.1 1396.2 1609.8 1703.1 1348.5 1797.4 1462.7 1389.7 1182.9 1326.6 1352.3 1568.3 1618.7 1723.2 1972.2 1608.1 1659.8 1957.3 1924.5 1999.0 2039.2 1945.9 1985.8 2045.6 2022.4 2057.1 2238.2 2172.8 2138.7 2073.3 2075.0 2066.7 2047.0 1912.2 2069.4 1989.7 1900.9 1828.1 1861.7 1898.7 1852.8 1802.5 1819.4 1802.8 1878.8 1969.2 1999.4 2031.9 1964.9 2002.6 2055.4 1980.3
-999.0 -999.0 -999.0 -999.0 -999.0 -999.0 2037.7 1770.1 1886.3 1709.4 1870.0 1839.2 1768.0 1834.7 1848.3 1666.3 1760.7 1711.7 1740.5 1539.1 1555.3 1698.2 1621.4 1602.4 1678.8 1605.2 1307.8 1285.9 1466.1 1548.8 1454.0 1665.6 1930.3 1550.7 1484.8 1706.9 1687.6 1906.4 1948.3 2064.3 2035.3 1828.6 2048.4 1925.8 2130.6 2199.8 2171.1 2131.5 1928.7 2056.8 2014.9 1729.7 2017.9 2037.6 1983.6 1889.6 1802.8 1898.7 1888.5 1870.5 1893.7 1857.2 1865.2 1921.6 1986.6 1976.7 2025.1 2003.3 1982.0 1993.2 2032.4
-999.0 -999.0 -999.0 -999.0 -999.0 1972.5 1803.4 1813.9 1779.1 1558.6 1310.4 1425.5 1485.7 1725.7 1621.6 1493.3 1598.6 1636.4 1485.8 1669.3 1726.7 1528.5 1750.7 1880.1 1733.2 1638.7 1398.5 1425.1 1495.0 1589.2 1637.3 1742.0 1657.2 1071.1 1369.9 1664.4 1869.4 1839.5 1966.2 1859.6 2032.1 1980.1 2078.6 2106.7 2137.6 2142.9 2168.2 2167.1 2062.2 2011.7 1732.7 1727.8 1822.6 1937.7 1968.5 1730.8 1844.2 1902.5 1887.0 1932.3 1874.0 1874.4 1887.4 1960.4 1904.3 1946.5 2012.4 1891.5 1924.6 2029.3 2050.1
-999.0 -999.0 -999.0 2076.4 1938.8 1884.6 1765.9 1818.3 1759.7 1641.2 1624.1 1702.9 1808.3 1616.0 1724.7 1571.8 1840.0 1743.4 1546.7 1643.8 1813.5 1716.7 1951.3 1916.4 1573.2 1451.2 1499.1 1633.6 1514.7 1785.0 1857.2 1845.4 1491.8 1320.7 1322.3 1868.8 1817.9 1854.8 1874.5 1966.5 2121.2 2001.3 2055.9 2081.4 2150.8 2137.2 2209.4 2207.2 2061.6 1980.4 1732.3 1773.5 1849.9 1954.3 1888.2 1753.8 1803.2 1847.0 1906.6 1904.3 1908.5 1906.5 1905.6 1917.7 1913.5 1914.5 1955.7 1974.4 1989.9 2046.2 1994.6
-999.0 -999.0 -999.0 2107.9 -999.0 2032.9 1962.1 1804.2 1881.3 1800.5 1811.8 1753.9 1811.0 1779.9 1682.1 1827.3 1749.2 1892.7 1942.7 1962.2 1972.2 1975.9 1721.4 1778.4 1443.9 983.6 1507.1 1488.1 1521.0 1258.0 1288.8 1916.4 1973.7 1217.7 1573.9 1779.4 1757.3 1725.6 1945.3 2100.5 2173.7 1981.9 1961.0 2087.6 2177.1 2213.2 2184.7 2226.3 2080.2 1793.6 1717.6 1847.5 1924.1 1957.1 1970.2 1946.3 1862.2 1933.7 1970.5 1998.1 2001.9 1954.8 1877.7 1835.5 1922.0 1983.6 1976.4 2028.8 2027.9 1989.8 2031.3
-999.0 -999.0 -999.0 -999.0 -999.0 -999.0 1862.5 1940.2 1947.3 1853.8 1918.1 1867.0 1866.4 1826.7 1939.4 1952.1 1867.7 1895.3 1800.9 1943.5 1716.2 1950.2 1662.4 1492.0 1435.5 1272.1 1184.7 1357.7 1249.6 1162.8 1579.7 1475.3 1654.0 2104.8 1638.0 1696.0 2034.9 2040.1 2188.4 1956.4 1994.8 1773.9 1874.4 2106.0 2153.3 2219.0 2283.8 2105.3 1817.7 1885.1 1715.3 1867.7 1925.7 1878.5 1981.3 1857.9 1989.3 1997.2 2067.6 2097.9 2070.7 1987.6 1922.2 1947.5 2023.5 2051.8 2062.5 2016.0 1941.4 1906.6 1986.4
-999.0 -999.0 -999.0 -999.0 -999.0 2057.6 1976.8 1918.8 1931.7 1961.7 1806.4 1728.6 1651.4 1757.8 1860.1 1919.5 2006.8 1945.7 1675.3 1964.9 1833.4 2085.8 1914.3 1830.0 1824.5 1841.6 1553.6 1596.8 1393.7 1383.7 1275.8 1459.2 1483.3 1651.7 1339.9 1869.0 2011.4 2079.0 1960.7 1994.6 1797.5 1883.1 1881.9 2139.8 2162.4 2159.2 1862.5 1786.4 1789.2 1736.1 1890.9 1865.8 1877.8 1921.8 1980.1 1986.4 2007.9 2086.3 2165.9 2191.6 2151.1 2019.9 1978.7 1960.0 2026.2 2083.5 2069.5 1987.2 1837.7 1992.8 1959.9
-999.0 -999.0 -999.0 -999.0 2164.7 2136.1 2055.9 2001.2 1993.1 1985.4 1964.2 1889.3 1975.0 1957.0 1997.6 2030.9 2013.0 1985.6 1956.1 1727.4 2038.8 1681.0 1781.1 1751.3 1596.7 1669.6 1807.3 1777.8 1601.8 1687.3 1559.5 1589.0 1761.6 1457.6 1497.4 1983.9 1861.5 2116.1 2089.4 1927.1 1872.6 1990.1 2017.7 2097.0 2145.9 1946.1 2002.0 1832.4 1838.6 1894.3 1870.9 1908.1 1963.2 1964.9 2033.0 2069.0 2087.4 2147.3 2097.8 2253.9 2130.6 2114.1 2074.5 2083.4 2084.2 2071.9 1996.6 1880.3 1920.0 1962.8 1985.7
-999.0 -999.0 -999.0 -999.0 -999.0 -999.0 2185.6 2089.3 2040.4 1989.3 1950.8 1909.3 -999.0 -999.0 -999.0 -999.0 2100.7 2011.7 1865.9 2073.4 2166.7 2030.6 2001.7 1965.8 1907.3 2118.2 1328.6 1307.5 1708.2 1828.0 1834.7 1680.2 1626.9 1540.9 1827.0 1938.9 1972.4 2140.1 1830.3 2011.8 1914.2 2147.1 2116.2 2107.7 2128.8 1865.5 2018.9 1878.1 1903.7 1987.3 1970.8 1991.7 2017.1 2060.3 2087.6 2103.1 2098.5 2132.2 2075.0 2210.2 2143.3 2084.2 2097.5 2074.1 2068.2 1968.8 1987.2 1939.8 1935.5 1979.4 2106.4
-999.0 -999.0 -999.0 -999.0 -999.0 -999.0 2205.2 2053.6 1958.8 2105.6 1949.0 2071.3 -999.0 -999.0 -999.0 -999.0 -999.0 -999.0 -999.0 2191.4 2206.5 2155.6 2285.3 2169.9 1942.9 1603.2 1427.7 1286.0 1383.9 1582.1 1757.2 1752.7 1888.9 1708.0 1718.2 2027.3 2114.4 1831.7 1883.0 1905.9 2208.6 2209.1 2146.2 2154.7 1980.5 1887.6 1904.7 1910.9 1985.2 2023.9 2037.2 2052.4 2056.0 2058.1 2075.0 2013.7 2076.9 2116.3 2161.1 2191.4 2139.9 2108.8 2078.1 1956.6 1976.5 2076.5 1967.2 1966.1 2017.6 2069.5 2136.2
-999.0 -999.0 -999.0 -999.0 -999.0 -999.0 -999.0 -999.0 2157.2 -999.0 -999.0 -999.0 -999.0 -999.0 -999.0 -999.0 -999.0 2045.1 2049.5 2101.9 2061.7 2169.5 2298.5 2334.1 2129.2 1849.2 1535.4 1450.2 1542.1 1916.0 1976.1 1652.1 1800.2 1863.5 2049.3 2161.1 2237.9 2030.3 2099.4 2135.3 2240.3 2221.2 2127.9 2128.9 1831.0 1780.8 1890.5 1923.3 2012.6 2036.5 2048.4 2077.9 2026.8 2056.3 2024.8 2086.7 2103.8 2133.9 2152.7 2158.6 2077.6 2139.7 1976.6 1872.1 2002.3 1991.5 2157.2 2055.0 2092.7 2159.6 2143.0
-999.0 -999.0 -999.0 -999.0 -999.0 -999.0 -999.0 -999.0 -999.0 -999.0 -999.0 -999.0 -999.0 -999.0 -999.0 -999.0 -999.0 2073.7 2074.0 2270.8 2197.9 2204.1 -999.0 -999.0 2377.1 1843.0 2005.8 1834.4 1895.1 1903.7 1865.4 1777.1 2074.9 2117.0 2114.2 2210.3 2257.8 2266.3 2282.3 2279.0 2247.6 2104.9 2101.9 2031.9 1815.7 1896.7 1941.2 1999.9 2030.9 1999.1 2024.4 2065.6 2050.7 2074.9 2040.1 1994.8 1976.9 2041.7 2008.9 2108.1 2105.1 2017.6 1839.2 2018.6 2025.2 2104.7 2248.1 2127.9 2163.7 2232.5 2301.8
-999.0 -999.0 -999.0 -999.0 -999.0 -999.0 -999.0 -999.0 -999.0 -999.0 -999.0 -999.0 -999.0 -999.0 -999.0 -999.0 -999.0 -999.0 -999.0 -999.0 -999.0 -999.0 -999.0 -999.0 2367.4 2213.1 1954.8 1937.3 2073.7 2098.1 2090.6 2052.3 2165.6 2237.8 2226.9 2250.1 2301.9 2320.3 -999.0 2334.2 2270.0 2151.0 2130.0 2031.2 1856.5 1927.3 1944.1 2022.0 2113.5 2104.7 2016.5 2072.3 2048.5 1927.9 1869.4 1884.6 1840.9 1808.6 1925.9 1969.1 2009.2 2031.2 1972.3 2094.1 2100.3 2117.6 2197.0 2226.9 2264.2 2268.1 2322.3
-999.0 -999.0 -999.0 -999.0 -999.0 -999.0 -999.0 -999.0 -999.0 -999.0 -999.0 -999.0 -999.0 -999.0 -999.0 -999.0 -999.0 -999.0 -999.0 -999.0 -999.0 -999.0 -999.0 -999.0 -999.0 2249.5 2148.0 2075.3 2005.2 1987.5 2124.7 2183.9 2241.2 2328.2 -999.0 -999.0 -999.0 -999.0 2321.1 2334.8 2221.3 2183.2 2152.8 2049.8 1874.7 1948.0 1920.9 1989.4 2135.2 2032.4 2023.5 1898.4 1958.3 1786.9 1866.8 1845.3 1897.1 1878.9 1898.2 1981.9 1955.9 2173.6 2172.9 2153.8 2246.7 2209.6 2255.2 2280.6 2301.1 2389.1 2487.3
-999.0 -999.0 -999.0 -999.0 -999.0 -999.0 -999.0 -999.0 -999.0 -999.0 -999.0 -999.0 -999.0 -999.0 -999.0 -999.0 -999.0 -999.0 -999.0 -999.0 -999.0 -999.0 -999.0 -999.0 -999.0 -999.0 2248.0 2025.4 2032.7 2075.8 2032.0 2152.6 2269.4 -999.0 -999.0 -999.0 -999.0 2214.0 2100.8 2015.6 2276.9 2243.3 2206.8 1979.3 1891.5 1906.1 1908.9 1980.3 2017.6 2057.4 1904.8 1763.5 1836.8 1831.4 1904.3 1893.8 1920.2 2022.3 1994.0 2019.3 2095.8 2153.7 2210.2 2337.6 2242.1 2218.3 2252.4 2209.6 2198.1 2361.3 2444.6
-999.0 -999.0 -999.0 -999.0 -999.0 -999.0 -999.0 -999.0 -999.0 -999.0 -999.0 -999.0 -999.0 -999.0 -999.0 -999.0 -999.0 -999.0 -999.0 -999.0 -999.0 -999.0 -999.0 -999.0 -999.0 -999.0 -999.0 2250.8 2161.1 2197.1 2103.4 2236.0 2259.8 -999.0 -999.0 -999.0 2254.5 2221.0 2139.6 1977.3 2058.5 2118.5 2226.7 2077.7 2143.1 1961.2 1936.6 2028.3 1926.7 1863.1 1867.4 1885.7 1813.2 1885.5 1942.2 1978.0 2042.9 2062.5 2071.7 2067.5 2058.6 2136.0 2215.2 2201.0 2112.1 2143.1 2236.6 2198.3 2197.7 2266.9 2356.3
-999.0 -999.0 -999.0 -999.0 -999.0 -999.0 -999.0 -999.0 -999.0 -999.0 -999.0 -999.0 -999.0 -999.0 -999.0 -999.0 -999.0 -999.0 -999.0 -999.0 -999.0 -999.0 -999.0 -999.0 -999.0 -999.0 -999.0 -999.0 -999.0 -999.0 -999.0 -999.0 -999.0 -999.0 -999.0 2222.1 2225.3 2213.6 2177.9 1985.8 2148.1 2108.1 2050.3 2062.5 2081.8 2029.0 2123.3 2095.5 2052.3 1959.9 1974.5 1956.4 1933.3 1900.1 1924.7 1957.2 1849.4 1990.6 1971.4 2032.9 2026.4 2072.9 2157.2 2134.7 2095.1 2113.8 2107.6 2177.9 2202.5 2218.8 2245.3
-999.0 -999.0 -999.0 -999.0 -999.0 -999.0 -999.0 -999.0 -999.0 -999.0 -999.0 -999.0 -999.0 -999.0 -999.0 -999.0 -999.0 -999.0 -999.0 -999.0 -999.0 -999.0 -999.0 -999.0 -999.0 -999.0 -999.0 -999.0 -999.0 -999.0 -999.0 -999.0 -999.0 -999.0 -999.0 2331.9 2112.2 2131.4 1693.1 1822.0 2117.8 2077.1 2040.9 2027.9 1995.7 2097.3 2138.4 2113.3 2074.6 1966.1 2016.4 2076.7 1931.1 1894.6 1790.3 1914.6 1896.2 1794.0 1927.4 1985.3 2045.4 2124.4 2152.3 2161.1 2152.7 2156.4 2189.5 2124.7 2126.1 2183.4 2168.5
-999.0 -999.0 -999.0 -999.0 -999.0 -999.0 -999.0 -999.0 -999.0 -999.0 -999.0 -999.0 -999.0 -999.0 -999.0 -999.0 -999.0 -999.0 -999.0 -999.0 -999.0 -999.0 -999.0 -999.0 -999.0 -999.0 -999.0 -999.0 -999.0 -999.0 -999.0 -999.0 -999.0 -999.0 -999.0 2297.9 2247.2 2222.9 2026.5 1744.0 1848.8 1940.6 2036.2 1945.5 2066.7 2072.1 2123.5 1949.0 1888.3 1831.2 1919.6 2019.6 1991.2 1985.0 1963.0 1932.0 1924.1 1988.4 1986.4 2003.3 2041.8 2116.0 2175.0 2216.3 2204.0 2143.6 2173.2 2112.4 2097.9 2147.5 2097.3
-999.0 -999.0 -999.0 -999.0 -999.0 -999.0 -999.0 -999.0 -999.0 -999.0 -999.0 -999.0 -999.0 -999.0 -999.0 -999.0 -999.0 -999.0 2443.0 2296.3 2329.9 1602.0 1554.1 1569.8 1614.3 1518.2 2284.1 1852.9 2377.2 -999.0 -999.0 -999.0 -999.0 -999.0 -999.0 2284.6 2240.6 2190.4 2245.6 2112.1 1934.0 1846.6 1914.7 2000.1 2041.3 2038.2 1983.3 1869.9 1915.4 1979.2 2011.4 2054.9 1993.1 2011.7 2071.0 2110.6 2115.5 2055.5 2078.9 2012.2 1986.9 1943.1 2086.9 2174.0 2133.0 2070.9 2126.5 2047.4 2092.6 2145.0 2061.6
-999.0 -999.0 -999.0 -999.0 -999.0 -999.0 -999.0 -999.0 -999.0 -999.0 -999.0 -999.0 -999.0 -999.0 -999.0 -999.0 -999.0 -999.0 2036.6 1953.0 1740.5 1636.8 1375.7 1291.4 1382.1 1416.5 1500.2 1851.9 2091.4 2237.1 2159.9 1962.8 2158.3 2249.6 2310.8 2292.7 2269.4 2252.5 2249.0 2234.3 2171.9 1956.3 1942.7 1999.9 2070.3 1830.6 1964.5 2055.0 2008.3 1969.7 2065.4 2098.6 2099.8 2076.7 2095.7 2127.3 2107.4 2179.1 2125.6 2043.0 2022.2 2042.0 2006.8 2010.2 2074.9 2060.2 2149.3 2179.6 2090.8 2163.9 1830.6
-999.0 -999.0 -999.0 -999.0 -999.0 -999.0 -999.0 -999.0 -999.0 -999.0 -999.0 -999.0 -999.0 -999.0 -999.0 -999.0 -999.0 2416.3 2273.2 2072.2 1964.9 1797.4 1488.4 1338.1 1383.3 1476.0 1504.3 1582.0 1793.8 1921.7 1988.3 1956.4 1872.0 2154.3 2227.2 2285.9 2252.9 2136.8 2239.0 2211.6 2056.7 2019.5 2025.8 2008.0 1812.1 1981.6 1867.6 1925.7 1997.8 2094.5 2083.4 2147.6 2090.9 1995.7 2133.9 2097.7 2164.3 2126.5 2122.7 2075.9 2055.1 1956.1 1915.0 2093.0 2118.5 2101.0 1940.8 2096.3 2150.2 2132.9 2125.1
-999.0 -999.0 -999.0 -999.0 -999.0 -999.0 -999.0 -999.0 -999.0 -999.0 -999.0 -999.0 -999.0 -999.0 -999.0 -999.0 -999.0 -999.0 2326.4 2266.8 2192.4 1848.3 1756.4 1664.4 1436.8 1546.6 1611.9 1835.5 1744.4 1590.7 1774.2 1983.2 2018.2 1912.1 2129.1 2280.1 2268.9 2257.6 2162.1 2115.2 2160.9 2138.5 2082.7 2042.7 1930.7 2040.2 1903.8 1985.2 1993.2 2036.7 2053.2 2120.8 2037.2 2005.0 2055.3 2184.4 2190.0 2122.9 2222.0 2178.2 2157.1 2062.7 1981.0 2002.9 2124.6 2108.3 2045.1 2068.6 2127.8 2196.4 2206.9
