GDD/GrowingDegreeDays_1993_Actual.txt
ncols         180
nrows         290
xllcorner     -200000
yllcorner     -200000
cellsize      5000
NODATA_value    -999
[rows 160 to 191 of 290, columns 71 to 141 of 180]
-999.0 -999.0 -999.0 -999.0 -999.0 -999.0 -999.0 -999.0 -999.0 -999.0 -999.0 -999.0 -999.0 -999.0 -999.0 -999.0 -999.0 -999.0 -999.0 -999.0 -999.0 -999.0 -999.0 -999.0 -999.0 -999.0 -999.0 -999.0 -999.0 -999.0 -999.0 -999.0 -999.0 -999.0 -999.0 1533.1 1537.1 1523.0 1461.0 1208.1 1087.1 864.3 1140.0 1012.5 1405.3 1282.6 1290.1 1173.7 1111.1 1180.8 1096.6 1432.9 1435.3 1444.1 1467.1 1515.8 1434.6 1517.1 1537.4 1533.8 1572.1 1589.1 1554.9 1523.0 1501.4 1487.4 1357.6 1423.5 1504.3 1546.4 1569.9
-999.0 -999.0 -999.0 -999.0 -999.0 -999.0 -999.0 -999.0 -999.0 -999.0 -999.0 -999.0 -999.0 -999.0 -999.0 -999.0 -999.0 -999.0 -999.0 -999.0 -999.0 -999.0 -999.0 -999.0 -999.0 -999.0 -999.0 -999.0 -999.0 -999.0 -999.0 -999.0 -999.0 -999.0 -999.0 1562.1 1569.4 1572.8 1595.8 1508.6 1193.9 1379.5 1347.6 1453.6 1317.4 1039.2 1187.6 1073.5 1130.3 1066.7 1442.9 1166.9 1385.2 1298.4 1358.5 1368.0 1469.1 1498.0 1531.8 1544.0 1560.3 1562.1 1524.2 1493.3 1502.3 1514.0 1492.7 1408.2 1478.3 1547.4 1576.4
-999.0 -999.0 -999.0 -999.0 -999.0 -999.0 -999.0 -999.0 -999.0 -999.0 -999.0 -999.0 -999.0 -999.0 -999.0 -999.0 -999.0 -999.0 -999.0 -999.0 -999.0 -999.0 -999.0 -999.0 -999.0 -999.0 -999.0 -999.0 -999.0 -999.0 -999.0 -999.0 -999.0 -999.0 -999.0 1553.8 1578.1 1517.9 1621.6 1555.8 1432.0 1381.0 1419.8 1480.6 1331.4 1216.3 1206.1 1083.4 951.5 1217.3 1325.8 1510.5 1391.2 1576.6 1523.0 1467.7 1429.7 1490.4 1500.8 1521.4 1551.1 1541.6 1515.8 1493.6 1501.0 1513.2 1512.1 1444.5 1415.8 1550.3 1654.4
-999.0 -999.0 -999.0 -999.0 -999.0 -999.0 -999.0 -999.0 -999.0 -999.0 -999.0 -999.0 -999.0 -999.0 -999.0 -999.0 -999.0 -999.0 -999.0 -999.0 -999.0 -999.0 -999.0 -999.0 -999.0 -999.0 -999.0 -999.0 -999.0 -999.0 -999.0 -999.0 -999.0 -999.0 -999.0 1567.6 1539.8 1510.6 1552.9 1552.2 1500.8 1495.6 1401.6 1277.2 1433.0 1349.4 1237.9 885.7 908.1 930.1 1124.0 1356.8 1451.9 1442.8 1579.8 1633.3 1515.6 1454.7 1527.4 1552.2 1549.9 1560.5 1538.7 1521.6 1525.2 1539.4 1552.2 1459.5 1424.1 1617.8 1737.4
-999.0 -999.0 -999.0 -999.0 -999.0 -999.0 -999.0 -999.0 -999.0 -999.0 -999.0 -999.0 -999.0 -999.0 -999.0 -999.0 -999.0 -999.0 -999.0 -999.0 -999.0 -999.0 -999.0 -999.0 -999.0 -999.0 -999.0 -999.0 -999.0 -999.0 -999.0 -999.0 -999.0 -999.0 -999.0 1568.4 1566.5 1565.6 1593.0 1578.8 1557.6 1445.6 1421.7 1301.5 1236.0 1062.3 962.1 896.5 1105.6 1034.5 1237.4 1321.2 1480.5 1357.1 1467.3 1596.3 1639.2 1619.9 1585.8 1585.9 1567.7 1561.2 1560.5 1553.0 1550.9 1569.2 1570.9 1581.9 1542.5 1644.7 1737.5
-999.0 -999.0 -999.0 -999.0 -999.0 -999.0 -999.0 -999.0 -999.0 -999.0 -999.0 -999.0 -999.0 -999.0 -999.0 -999.0 -999.0 -999.0 -999.0 -999.0 -999.0 -999.0 -999.0 -999.0 -999.0 -999.0 -999.0 -999.0 -999.0 -999.0 -999.0 -999.0 -999.0 -999.0 -999.0 -999.0 1520.3 1545.4 1573.6 1573.6 1467.5 1262.9 1226.9 1166.8 1231.0 1251.9 1076.4 1106.4 1023.3 1153.5 1413.6 1627.3 1563.4 1510.9 1476.0 1648.5 1630.9 1543.1 1565.9 1607.6 1566.8 1576.4 1577.9 1580.5 1575.3 1586.6 1589.9 1583.6 1616.5 1637.5 1677.3
-999.0 -999.0 -999.0 -999.0 -999.0 -999.0 -999.0 -999.0 -999.0 -999.0 -999.0 -999.0 -999.0 -999.0 -999.0 -999.0 -999.0 -999.0 -999.0 -999.0 -999.0 -999.0 -999.0 -999.0 -999.0 -999.0 -999.0 -999.0 -999.0 -999.0 -999.0 -999.0 -999.0 -999.0 -999.0 1565.8 1530.1 1557.1 1586.6 1556.5 1472.5 1136.9 1093.8 1227.5 1015.5 1057.7 1150.5 1169.8 916.5 1120.9 1166.8 1424.8 1674.1 1427.8 1592.7 1707.1 1564.2 1540.9 1601.2 1572.3 1592.5 1594.2 1585.7 1583.5 1585.9 1599.8 1501.7 1570.3 1606.2 1508.8 1562.5
-999.0 -999.0 -999.0 -999.0 -999.0 -999.0 -999.0 -999.0 -999.0 -999.0 -999.0 -999.0 -999.0 -999.0 -999.0 -999.0 -999.0 -999.0 -999.0 -999.0 -999.0 -999.0 -999.0 -999.0 -999.0 -999.0 -999.0 -999.0 -999.0 -999.0 -999.0 -999.0 -999.0 -999.0 -999.0 1577.8 1587.8 1579.8 1591.7 1411.8 1468.4 1386.8 1136.3 1348.8 1332.6 1296.6 1383.7 1346.9 1067.4 1150.2 1192.4 1520.3 1394.4 1271.5 1515.7 1465.2 1511.4 1467.5 1520.3 1559.1 1607.8 1611.9 1598.3 1592.3 1583.4 1614.7 1616.9 1556.6 1620.8 1585.9 1530.3
-999.0 -999.0 -999.0 -999.0 -999.0 -999.0 -999.0 -999.0 -999.0 -999.0 -999.0 -999.0 -999.0 -999.0 -999.0 -999.0 -999.0 -999.0 -999.0 -999.0 -999.0 -999.0 -999.0 -999.0 -999.0 -999.0 -999.0 -999.0 -999.0 -999.0 -999.0 -999.0 -999.0 -999.0 1548.1 1599.1 1588.5 1495.5 1524.3 1501.6 1533.2 1445.9 1418.1 1454.6 1487.2 1503.4 1465.8 1356.5 1092.7 920.1 886.3 1230.0 1140.4 1214.8 1471.8 1481.4 1571.9 1532.4 1526.0 1584.3 1620.3 1615.1 1605.8 1593.5 1576.8 1609.5 1609.3 1600.9 1602.3 1598.1 1473.0
-999.0 -999.0 -999.0 -999.0 -999.0 -999.0 -999.0 -999.0 -999.0 -999.0 -999.0 -999.0 -999.0 -999.0 -999.0 -999.0 -999.0 -999.0 -999.0 -999.0 -999.0 -999.0 -999.0 -999.0 -999.0 -999.0 -999.0 -999.0 -999.0 -999.0 -999.0 -999.0 -999.0 -999.0 -999.0 1584.0 1626.3 1586.8 1568.5 1412.0 1590.6 1592.4 1587.4 1563.1 1548.1 1582.9 1552.3 1450.4 1346.0 995.4 863.3 830.5 1105.0 1143.8 1304.6 1451.5 1446.3 1628.8 1621.5 1539.3 1616.1 1622.1 1614.5 1591.3 1570.9 1592.8 1600.7 1583.3 1601.4 1605.5 1585.5
-999.0 -999.0 -999.0 -999.0 -999.0 -999.0 -999.0 -999.0 -999.0 -999.0 -999.0 -999.0 -999.0 -999.0 -999.0 -999.0 -999.0 -999.0 -999.0 -999.0 -999.0 -999.0 -999.0 -999.0 -999.0 -999.0 -999.0 -999.0 -999.0 -999.0 -999.0 -999.0 -999.0 -999.0 -999.0 1644.2 1660.7 1682.1 1673.0 1631.0 1615.9 1620.0 1654.1 1650.0 1696.8 1707.8 1660.5 1557.2 1362.9 1291.5 899.9 770.4 821.4 1045.2 1243.6 1393.3 1528.0 1476.7 1564.7 1492.2 1596.0 1599.5 1608.6 1558.6 1551.8 1573.3 1565.0 1565.9 1584.0 1595.3 1548.5
-999.0 -999.0 -999.0 -999.0 -999.0 -999.0 -999.0 -999.0 -999.0 -999.0 -999.0 -999.0 -999.0 -999.0 -999.0 1589.1 1573.9 1527.5 1480.5 -999.0 -999.0 -999.0 -999.0 -999.0 -999.0 -999.0 -999.0 -999.0 -999.0 -999.0 -999.0 -999.0 -999.0 -999.0 1754.0 1777.8 1690.6 1709.9 1641.7 1635.9 1672.1 1665.8 1660.9 1688.1 1698.8 1722.3 1675.2 1587.8 1449.9 1146.9 950.4 940.0 1161.8 1007.2 1180.1 1541.1 1516.1 1610.7 1391.6 1423.0 1556.5 1545.2 1509.4 1463.5 1511.9 1559.6 1569.3 1550.1 1564.4 1598.5 1568.5
-999.0 -999.0 -999.0 -999.0 -999.0 -999.0 -999.0 -999.0 -999.0 -999.0 -999.0 -999.0 -999.0 -999.0 -999.0 1545.9 1496.2 1514.2 1582.5 -999.0 -999.0 -999.0 -999.0 -999.0 -999.0 -999.0 -999.0 -999.0 -999.0 -999.0 -999.0 -999.0 -999.0 1838.8 1728.4 1760.8 1703.8 1613.7 1694.2 1642.3 1693.5 1677.8 1666.4 1684.2 1661.7 1636.3 1653.9 1601.2 1500.1 1376.3 968.5 915.7 1186.6 1146.6 1292.9 1409.5 1675.4 1647.4 1484.9 1444.5 1522.0 1572.6 1533.0 1488.4 1522.9 1568.5 1580.7 1575.8 1542.1 1591.1 1564.6
-999.0 -999.0 -999.0 -999.0 -999.0 -999.0 -999.0 -999.0 -999.0 -999.0 -999.0 -999.0 -999.0 1531.5 1691.0 1665.1 1522.1 1546.3 1545.9 1692.3 1723.1 1725.4 -999.0 -999.0 1630.9 1725.2 -999.0 -999.0 -999.0 1721.3 1605.7 1617.6 -999.0 1825.1 1618.3 1685.5 1721.5 1713.4 1704.0 1604.5 1607.0 1583.9 1627.1 1603.3 1664.6 1568.8 1586.4 1565.4 1213.4 1486.2 1366.9 1095.5 1418.3 1337.1 1059.7 1568.3 1447.0 1593.9 1508.6 1489.2 1542.3 1570.3 1591.5 1648.5 1611.7 1620.4 1591.8 1606.0 1546.4 1605.4 1596.3
-999.0 -999.0 -999.0 -999.0 -999.0 -999.0 -999.0 -999.0 -999.0 -999.0 -999.0 -999.0 -999.0 -999.0 1684.8 1678.0 1631.0 1629.7 1646.8 1639.2 1541.5 1784.5 -999.0 1796.4 1655.9 1473.8 1591.3 1507.8 1748.6 1748.0 1346.8 1372.8 1495.0 -999.0 1692.5 1602.1 1641.0 1697.5 1687.4 1582.7 1660.1 1723.3 1712.9 1655.4 1616.5 1575.6 1485.7 1488.5 1181.8 1121.8 1185.9 1163.4 1200.8 1086.8 1153.6 1375.1 1569.0 1609.7 1434.9 1436.9 1562.1 1532.2 1602.4 1590.3 1596.1 1626.1 1599.2 1619.4 1559.4 1612.7 1618.4
-999.0 -999.0 -999.0 -999.0 -999.0 -999.0 -999.0 -999.0 -999.0 -999.0 -999.0 -999.0 -999.0 -999.0 -999.0 1692.3 1646.8 1619.7 1712.3 1727.0 1742.5 1815.3 1354.4 805.9 1597.8 1262.3 1244.2 1341.0 1504.4 1675.8 1631.6 1432.0 1271.8 1483.2 1702.1 1710.6 1635.4 1658.9 1630.2 1489.4 1578.0 1714.3 1745.3 1667.8 1604.8 1564.7 1480.7 1428.4 1035.9 950.9 1123.1 1152.5 1288.1 1333.1 1282.1 1360.8 1557.8 1578.5 1462.4 1507.5 1558.6 1517.7 1587.1 1535.0 1607.0 1616.3 1617.8 1600.7 1501.5 1638.8 1641.4
-999.0 -999.0 -999.0 -999.0 -999.0 -999.0 -999.0 -999.0 -999.0 -999.0 -999.0 -999.0 -999.0 -999.0 -999.0 -999.0 1602.8 1717.8 1756.8 1774.4 1647.2 1428.5 574.8 1024.1 1738.8 1185.0 1453.6 1184.2 1252.4 1514.5 1646.4 1142.8 1339.3 1343.3 1549.7 1719.9 1657.7 1623.4 1657.2 1563.5 1545.6 1622.5 1655.3 1652.9 1580.7 1540.1 1489.8 1285.7 1174.9 897.3 1081.2 1079.8 1126.7 1431.2 1317.4 1255.5 1429.6 1477.6 1454.9 1515.3 1516.2 1518.0 1574.2 1529.7 1613.1 1634.9 1611.5 1628.6 1613.1 1625.8 1649.9
-999.0 -999.0 -999.0 -999.0 -999.0 -999.0 -999.0 -999.0 -999.0 -999.0 -999.0 -999.0 -999.0 -999.0 -999.0 -999.0 -999.0 1740.1 1757.6 1580.3 1384.0 658.2 561.2 992.1 1315.1 1326.1 1194.3 1070.7 1090.8 1109.2 1393.1 1509.9 1051.5 1309.9 1501.9 1543.1 1639.2 1648.9 1623.3 1600.3 1567.4 1607.1 1641.7 1604.4 1548.2 1508.7 1442.4 1282.8 1097.6 1002.6 1164.2 1196.8 1101.9 1267.0 1539.3 1299.7 1500.4 1453.2 1421.3 1501.4 1518.4 1539.2 1538.7 1533.8 1617.3 1648.5 1636.0 1670.7 1574.2 1625.0 1655.8
-999.0 -999.0 -999.0 -999.0 -999.0 -999.0 -999.0 -999.0 -999.0 -999.0 -999.0 -999.0 -999.0 -999.0 -999.0 -999.0 -999.0 1751.1 1651.0 1258.1 1110.1 965.0 726.3 1220.2 1535.7 1309.5 1030.9 970.9 944.5 1116.9 1342.8 1543.7 1032.2 1152.8 1456.1 1532.6 1671.7 1662.5 1608.9 1522.3 1545.6 1570.7 1581.8 1588.8 1549.4 1484.7 1306.4 1225.9 1313.9 969.9 1143.2 1130.2 1062.8 1126.5 1341.8 1466.8 1498.9 1554.5 1434.3 1402.9 1506.3 1535.7 1595.7 1594.5 1649.5 1644.7 1656.4 1679.5 1659.7 1619.1 1649.6
-999.0 -999.0 -999.0 -999.0 -999.0 -999.0 -999.0 -999.0 -999.0 -999.0 -999.0 -999.0 -999.0 -999.0 -999.0 -999.0 -999.0 1762.3 1582.1 1341.4 1362.0 946.2 1060.6 1336.0 1272.2 1405.8 1206.1 948.6 1080.3 931.4 1112.8 1395.4 1087.7 1083.3 1243.6 1573.6 1637.9 1670.6 1571.9 1469.0 1494.6 1553.5 1570.8 1570.7 1518.6 1379.8 1322.4 1364.0 1333.5 1124.9 1158.9 1189.4 1225.0 1326.8 1358.6 1323.0 1572.4 1478.9 1468.3 1519.9 1505.2 1567.5 1533.8 1652.9 1663.0 1654.2 1668.9 1674.7 1551.8 1637.5 1666.0
-999.0 -999.0 -999.0 -999.0 -999.0 -999.0 -999.0 -999.0 -999.0 -999.0 -999.0 -999.0 -999.0 -999.0 -999.0 -999.0 1749.7 933.9 1465.1 1309.2 1135.3 1482.7 683.5 863.8 960.3 1095.7 903.3 1102.1 1049.4 1138.0 1253.2 1138.6 929.0 1123.2 1253.0 1573.1 1660.8 1684.7 1522.3 1506.3 1539.3 1549.0 1578.8 1538.4 1414.7 1425.5 1433.4 1302.2 1199.0 1379.1 1062.9 1136.4 1379.9 1357.8 1434.4 1509.0 1516.6 1551.8 1552.7 1611.3 1531.9 1597.2 1662.5 1570.3 1668.8 1660.9 1647.9 1646.6 1549.4 1640.0 1673.0
-999.0 -999.0 -999.0 -999.0 -999.0 -999.0 -999.0 -999.0 -999.0 -999.0 -999.0 -999.0 -999.0 -999.0 1774.7 1726.1 1337.1 1425.9 1599.0 1553.6 1346.6 1579.3 1311.1 1159.9 907.1 939.0 841.0 955.1 913.5 1285.2 1107.2 1168.8 1435.8 1439.0 1537.3 1521.3 1603.5 1632.1 1522.7 1507.3 1506.0 1542.1 1513.9 1384.9 1443.5 1402.5 1462.6 1320.1 1254.1 1288.0 1361.0 1434.0 1333.2 1407.2 1467.8 1486.6 1504.5 1525.4 1617.6 1621.2 1643.6 1704.7 1695.4 1665.7 1659.4 1632.5 1653.1 1638.9 1554.5 1631.5 1679.5
-999.0 -999.0 -999.0 -999.0 -999.0 -999.0 -999.0 -999.0 -999.0 -999.0 -999.0 -999.0 -999.0 1760.4 1706.9 1690.8 1669.6 1708.2 1751.5 1716.4 1740.0 1695.9 1391.9 1217.9 1074.0 620.0 1080.3 1199.8 1148.8 1367.4 933.5 915.8 1045.8 1358.0 1512.8 1506.0 1527.0 1549.6 1508.1 1458.2 1495.0 1494.6 1470.7 1396.5 1354.9 1453.8 1444.4 1317.6 1329.5 1364.2 1390.3 1398.2 1402.8 1522.9 1503.7 1568.7 1652.0 1575.3 1628.3 1704.0 1759.0 1746.6 1662.1 1671.1 1654.6 1629.8 1618.2 1617.6 1510.1 1581.0 1654.9
-999.0 -999.0 -999.0 -999.0 -999.0 -999.0 -999.0 -999.0 -999.0 -999.0 -999.0 -999.0 1771.0 1591.0 1634.1 1663.5 -999.0 -999.0 -999.0 -999.0 1727.5 1123.1 1129.9 1130.1 995.3 1103.4 1187.7 911.4 953.2 1121.0 591.0 777.7 1032.0 1088.9 1377.5 1583.5 1532.9 1506.0 1523.7 1504.5 1509.6 1511.7 1451.7 1481.5 1351.8 1423.1 1425.1 1404.2 1391.5 1394.4 1422.4 1514.5 1528.2 1558.2 1590.7 1628.8 1682.6 1697.2 1690.0 1714.1 1723.2 1713.3 1679.1 1661.3 1598.9 1559.3 1555.5 1575.5 1527.6 1570.2 1599.8
-999.0 -999.0 -999.0 -999.0 -999.0 -999.0 -999.0 -999.0 -999.0 -999.0 -999.0 -999.0 1710.2 1438.9 1754.7 1781.2 -999.0 -999.0 -999.0 -999.0 1770.2 1323.5 1026.8 1381.8 991.4 1005.7 1036.8 831.8 765.9 1011.9 771.3 1268.3 1237.5 1332.9 1462.2 1589.1 1568.5 1513.9 1507.4 1473.9 1432.3 1513.9 1447.0 1459.5 1443.3 1382.7 1464.5 1452.2 1518.4 1460.9 1406.9 1404.3 1429.7 1565.1 1625.1 1648.2 1661.5 1617.5 1650.1 1639.4 1629.7 1633.3 1546.5 1587.3 1443.4 1455.0 1457.8 1546.8 1534.4 1574.5 1606.4
-999.0 -999.0 -999.0 -999.0 -999.0 -999.0 -999.0 -999.0 -999.0 -999.0 -999.0 -999.0 -999.0 -999.0 -999.0 -999.0 -999.0 -999.0 -999.0 -999.0 1769.4 1240.4 1232.1 1399.7 1162.5 1308.1 846.5 912.8 1248.3 1018.5 1065.7 1218.6 1224.0 1448.9 1546.6 1618.2 1501.5 1504.5 1486.8 1491.7 1521.1 1528.4 1509.3 1498.9 1484.6 1450.4 1511.1 1544.8 1535.5 1502.9 1532.2 1487.7 1467.0 1611.3 1508.4 1448.1 1551.7 1559.8 1580.5 1644.0 1586.7 1507.4 1404.7 1439.4 1502.0 1487.2 1451.2 1517.2 1516.7 1577.0 1601.6
-999.0 -999.0 -999.0 -999.0 -999.0 -999.0 -999.0 -999.0 -999.0 -999.0 -999.0 -999.0 -999.0 -999.0 -999.0 -999.0 -999.0 -999.0 -999.0 -999.0 -999.0 1256.9 1809.1 1643.3 1286.4 926.5 1061.6 956.8 959.8 1307.4 1229.0 1177.2 1495.7 1542.8 1621.5 1607.3 1564.0 1504.5 1523.2 1536.8 1550.1 1561.2 1547.7 1511.5 1527.4 1488.9 1521.5 1584.4 1424.3 1487.9 1592.3 1596.2 1575.6 1550.6 1558.1 1469.5 1459.7 1529.3 1456.4 1600.8 1616.5 1508.9 1502.6 1490.9 1509.6 1548.0 1472.9 1503.9 1551.3 1620.2 1610.0
-999.0 -999.0 -999.0 -999.0 -999.0 -999.0 -999.0 -999.0 -999.0 -999.0 -999.0 -999.0 -999.0 -999.0 -999.0 -999.0 -999.0 -999.0 -999.0 -999.0 -999.0 1575.3 1093.6 1000.3 1143.5 1191.3 1284.7 1106.8 1275.6 1267.2 1434.6 1584.9 1398.7 1582.1 1616.0 1440.4 1470.2 1492.0 1542.4 1605.1 1598.5 1524.2 1536.6 1445.9 1467.2 1501.5 1552.2 1625.2 1454.8 1408.3 1533.1 1597.6 1609.5 1574.1 1556.3 1535.9 1500.1 1468.2 1340.5 1490.4 1640.7 1592.6 1504.6 1433.2 1396.8 1439.8 1524.0 1512.3 1575.0 1629.7 1675.8
-999.0 -999.0 -999.0 -999.0 -999.0 -999.0 -999.0 -999.0 -999.0 -999.0 -999.0 -999.0 -999.0 -999.0 -999.0 -999.0 -999.0 -999.0 -999.0 -999.0 1590.9 1432.6 1545.7 864.1 1245.9 1345.8 1140.6 1183.8 1317.6 1105.9 1472.1 1609.7 1369.8 1649.7 1118.0 1351.5 1496.6 1507.4 1432.2 1554.0 1564.7 1326.5 1356.3 1434.4 1549.0 1527.3 1564.6 1609.7 1558.3 1538.9 1576.8 1612.4 1601.7 1595.9 1578.3 1524.2 1538.5 1457.7 1506.6 1594.3 1627.3 1577.1 1491.7 1412.2 1379.0 1428.4 1553.6 1567.9 1613.5 1655.3 1698.1
-999.0 -999.0 -999.0 -999.0 -999.0 -999.0 -999.0 -999.0 -999.0 -999.0 -999.0 -999.0 -999.0 -999.0 -999.0 -999.0 -999.0 -999.0 -999.0 -999.0 1789.1 1541.7 964.4 1352.9 1663.0 1433.2 1367.7 1206.1 1056.3 1119.3 1447.1 1565.0 1516.4 1598.8 1475.7 1420.6 1353.2 1336.2 1511.4 1494.7 1495.7 1470.5 1422.0 1533.4 1558.0 1523.9 1564.3 1551.9 1556.1 1625.3 1617.9 1614.8 1609.8 1602.7 1604.4 1580.8 1573.7 1512.5 1510.7 1580.4 1610.4 1563.9 1435.1 1349.9 1442.6 1440.1 1483.9 1561.9 1652.6 1602.2 1701.4
-999.0 -999.0 -999.0 -999.0 -999.0 -999.0 -999.0 -999.0 -999.0 -999.0 -999.0 -999.0 -999.0 -999.0 -999.0 -999.0 -999.0 -999.0 -999.0 -999.0 1822.6 1382.5 1770.4 1467.8 1477.9 1334.9 1315.8 942.2 1128.1 1051.6 1335.3 1467.3 1603.6 1598.9 1487.1 1248.6 1142.3 1043.3 1429.7 1300.1 1414.5 1420.0 1451.2 1591.9 1561.9 1548.9 1574.9 1567.8 1636.0 1658.2 1560.4 1577.0 1617.3 1601.0 1506.1 1618.4 1589.9 1560.4 1574.1 1618.9 1606.5 1531.4 1478.8 1463.0 1492.8 1514.5 1601.6 1630.8 1610.3 1622.7 1721.5
-999.0 -999.0 -999.0 -999.0 -999.0 -999.0 -999.0 -999.0 -999.0 -999.0 -999.0 -999.0 -999.0 -999.0 -999.0 -999.0 -999.0 -999.0 -999.0 -999.0 -999.0 1763.5 1415.6 1136.3 946.3 877.9 1093.0 1100.7 1281.9 1547.2 1572.3 1614.6 1520.6 1490.8 1535.8 1394.3 1379.8 1112.6 1294.1 1390.3 1423.9 1337.4 1386.9 1576.9 1493.5 1588.5 1630.6 1486.5 1653.7 1668.7 1671.7 1624.2 1642.2 1622.7 1490.8 1552.2 1617.4 1567.1 1586.9 1604.8 1565.7 1495.8 1531.6 1554.9 1612.5 1570.6 1655.7 1579.5 1598.5 1694.5 1734.3
