GDD/GrowingDegreeDays_1994_Actual.txt
ncols         180
nrows         290
xllcorner     -200000
yllcorner     -200000
cellsize      5000
NODATA_value    -999
[rows 192 to 223 of 290, columns 71 to 141 of 180]
-999.0 -999.0 -999.0 -999.0 -999.0 -999.0 -999.0 -999.0 -999.0 -999.0 -999.0 -999.0 -999.0 -999.0 -999.0 -999.0 -999.0 -999.0 -999.0 -999.0 -999.0 1780.3 1407.3 1207.6 1092.5 908.0 1044.6 1322.9 1562.2 1717.6 1579.2 1379.3 1242.4 1162.7 1458.3 1665.4 1618.7 1500.4 1515.4 1691.0 1437.0 1560.5 1597.7 1755.9 1696.6 1825.7 1894.5 1862.4 1767.2 1809.0 1880.4 1895.9 1884.8 1871.2 1788.7 1840.6 1874.3 1842.0 1776.8 1749.0 1732.8 1696.3 1769.8 1813.6 1723.0 1754.2 1784.3 1835.3 1838.1 1938.7 1939.9
-999.0 -999.0 -999.0 -999.0 -999.0 -999.0 -999.0 -999.0 -999.0 -999.0 -999.0 -999.0 -999.0 -999.0 -999.0 -999.0 -999.0 -999.0 -999.0 -999.0 1875.2 1852.6 1489.0 1200.1 1124.5 1208.6 1251.7 1419.1 1318.6 945.5 1216.9 1235.9 1271.7 1523.8 1651.3 1568.3 1538.4 1670.0 1673.5 1605.7 1459.1 1517.4 1609.7 1776.3 1701.8 1881.0 1889.9 1776.0 1882.0 1772.6 1782.3 1838.0 1828.1 1861.6 1814.7 1898.6 1925.8 1851.5 1829.2 1835.7 1751.8 1781.3 1693.3 1770.4 1730.7 1826.7 1828.9 1845.8 1931.4 1966.7 1909.3
-999.0 -999.0 -999.0 -999.0 -999.0 -999.0 -999.0 -999.0 -999.0 -999.0 -999.0 -999.0 -999.0 -999.0 -999.0 -999.0 -999.0 -999.0 -999.0 -999.0 1588.5 1582.9 1542.3 1480.7 1310.8 983.1 1044.4 1180.1 1325.6 1251.7 1146.3 1092.9 1107.1 1492.4 1374.5 1297.3 1681.1 1467.9 1781.0 1693.4 1498.6 1376.5 1747.6 1726.3 1878.3 1939.6 1900.3 1849.4 1593.6 1714.2 1731.7 1773.2 1794.9 1817.7 1812.8 1901.2 1901.0 1886.3 1861.0 1883.8 1866.1 1745.1 1705.9 1738.0 1713.9 1825.1 1902.8 1934.2 1983.8 1958.6 1918.9
-999.0 -999.0 -999.0 -999.0 -999.0 -999.0 -999.0 -999.0 -999.0 -999.0 -999.0 -999.0 -999.0 -999.0 -999.0 -999.0 -999.0 -999.0 -999.0 -999.0 1656.5 1599.8 1785.8 1575.9 1325.0 969.3 1144.3 1137.6 1375.4 1214.8 1260.9 1404.8 1323.3 1291.1 1399.3 1573.4 1729.8 1703.5 1441.0 1761.8 1723.3 1694.9 1742.3 1661.8 1837.0 1987.7 1941.4 1843.5 1795.9 1814.2 1736.9 1765.8 1789.6 1791.6 1879.7 1903.1 1836.2 1861.1 1832.9 1896.1 1832.0 1725.3 1727.7 1834.0 1855.1 1808.1 1917.2 1915.3 2030.1 1951.6 1944.7
-999.0 -999.0 -999.0 -999.0 -999.0 -999.0 -999.0 -999.0 -999.0 -999.0 -999.0 -999.0 -999.0 -999.0 -999.0 -999.0 -999.0 -999.0 -999.0 1758.2 1548.3 1273.9 1398.3 1521.8 1228.5 1156.4 1036.3 1058.7 1543.8 1516.0 1546.6 1405.3 1280.4 1468.1 1499.7 1393.3 1603.5 1715.3 1745.0 1821.9 1849.6 1818.1 1764.7 1835.1 1907.7 1961.5 1986.2 1962.4 1885.7 1844.6 1898.1 1834.2 1850.2 1804.9 1882.5 1878.7 1870.4 1909.8 1915.7 1896.5 1778.9 1797.4 1811.8 1922.6 1887.1 1880.7 1912.6 2004.4 1956.9 1957.8 1954.3
-999.0 -999.0 -999.0 -999.0 -999.0 -999.0 -999.0 -999.0 -999.0 -999.0 -999.0 -999.0 -999.0 -999.0 -999.0 -999.0 -999.0 -999.0 1636.5 1563.2 1429.8 1526.3 1584.0 1251.2 1014.5 1002.5 1224.4 1158.7 1525.9 1410.2 1519.3 1562.3 1043.2 1453.6 1419.0 1685.6 1716.6 1839.3 1825.8 1781.5 1663.9 1787.5 1651.7 1879.7 1890.7 2059.3 2064.0 2000.5 1959.3 1936.2 1944.9 1893.2 1846.8 1842.7 1969.1 1909.1 1894.1 1864.3 1856.9 1840.9 1783.0 1857.6 1816.5 1923.7 1934.4 2002.6 2002.4 1902.0 1881.0 1946.1 1944.7
-999.0 -999.0 -999.0 -999.0 -999.0 -999.0 -999.0 -999.0 -999.0 -999.0 -999.0 -999.0 -999.0 -999.0 -999.0 -999.0 1617.1 1655.0 1682.9 1798.8 1746.4 1606.6 1521.5 1184.8 1072.5 979.2 949.6 1173.3 1372.9 1685.9 1448.5 1522.4 1192.2 1479.4 1631.1 1692.4 1832.5 1837.0 1891.8 1779.5 1609.8 1701.7 1743.2 2013.0 2033.8 2068.5 2059.5 1960.3 1962.5 1935.8 1986.6 1906.9 1854.4 1940.7 1965.4 1950.3 1821.4 1819.4 1754.3 1710.3 1764.5 1821.8 1895.4 1956.8 1913.2 1883.8 1918.0 1888.8 1979.3 1947.0 1950.0
-999.0 -999.0 -999.0 -999.0 -999.0 -999.0 -999.0 -999.0 -999.0 -999.0 -999.0 -999.0 1894.7 1897.7 1900.4 1487.0 1416.9 1363.9 1356.1 1583.9 1589.1 1611.2 1168.1 1284.9 1115.9 1108.8 1164.0 1461.5 1584.1 1735.6 1571.0 1625.5 1110.0 1299.2 1532.3 1777.0 1767.1 1827.7 1643.5 1887.3 1705.5 1698.7 1811.8 1974.7 2109.5 2136.9 1994.2 2015.6 2024.6 1905.5 1984.7 1934.3 1939.1 1940.4 1902.4 1843.9 1893.7 1798.2 1827.7 1788.2 1713.9 1742.4 1784.8 1844.4 1836.3 1859.3 1912.1 1957.8 1905.6 2019.2 2023.9
-999.0 -999.0 -999.0 -999.0 -999.0 -999.0 -999.0 -999.0 -999.0 -999.0 -999.0 1681.4 1806.9 1660.0 1668.8 1671.2 1453.3 1526.9 1454.9 1630.1 1725.1 1371.2 1299.7 1256.0 1601.9 1067.2 1309.1 1535.5 1166.8 1459.1 1770.0 1197.8 1409.5 1527.2 1920.3 1932.3 1882.0 1595.6 1888.0 1912.6 1885.7 1862.4 1788.1 1950.6 2028.6 2175.5 2074.3 2065.2 2044.3 1955.8 1966.4 1970.5 1972.8 1964.8 1865.9 1862.1 1690.3 1848.1 1870.9 1824.4 1753.0 1819.2 1840.2 1902.5 1920.9 1879.6 1920.4 1888.2 1966.2 2015.8 1999.7
-999.0 -999.0 -999.0 -999.0 -999.0 -999.0 -999.0 -999.0 -999.0 -999.0 1637.1 1650.3 1863.4 1831.2 1785.3 1651.1 1686.1 1594.0 1646.0 1603.5 1195.9 1436.6 1594.8 1252.6 1770.2 1378.0 1293.6 1046.0 1202.3 1225.0 1470.3 1518.7 1629.3 1914.5 1504.3 1566.9 1929.5 1904.3 1974.0 2009.8 1913.2 1943.0 1981.5 1931.6 1957.0 2175.2 2129.4 2103.9 2036.8 2044.2 2042.5 2015.9 1844.2 2019.0 1945.1 1849.3 1762.7 1809.2 1859.9 1808.8 1756.0 1781.5 1764.0 1843.1 1934.9 1952.7 1973.1 1891.9 1926.3 1981.0 1885.6
-999.0 -999.0 -999.0 -999.0 -999.0 -999.0 1856.6 1578.3 1731.9 1547.1 1755.9 1758.4 1690.3 1751.2 1759.9 1526.5 1595.4 1560.1 1576.6 1352.4 1382.0 1557.3 1497.9 1501.2 1604.7 1525.9 1183.5 1159.0 1363.4 1452.0 1332.5 1560.2 1857.9 1426.6 1356.6 1637.5 1653.0 1926.3 1920.4 2026.8 1988.1 1745.1 1982.5 1835.2 2057.3 2145.0 2125.7 2088.0 1868.6 2030.0 1988.5 1652.7 1969.7 1993.9 1934.3 1822.8 1714.3 1825.2 1829.9 1819.4 1852.2 1817.5 1830.6 1889.7 1947.3 1917.1 1953.1 1924.3 1900.5 1880.4 1836.1
-999.0 -999.0 -999.0 -999.0 -999.0 1805.1 1650.5 1678.9 1651.0 1400.0 1143.9 1292.1 1361.8 1615.5 1486.7 1327.8 1428.3 1474.3 1297.7 1499.6 1581.5 1374.7 1636.7 1795.3 1643.0 1550.9 1283.1 1325.4 1398.8 1497.9 1539.4 1636.1 1533.8 867.7 1232.7 1597.4 1842.5 1806.6 1917.3 1776.4 1964.2 1899.6 2011.2 2043.6 2074.3 2082.4 2115.9 2121.9 2019.3 1987.0 1675.1 1658.1 1759.4 1888.7 1910.0 1633.7 1745.5 1807.2 1816.2 1880.6 1825.4 1842.9 1866.0 1941.5 1857.0 1885.8 1942.9 1801.2 1832.3 1917.0 1875.0
-999.0 -999.0 -999.0 1858.7 1733.8 1716.5 1619.7 1705.7 1627.8 1491.4 1475.3 1573.2 1697.1 1478.6 1592.1 1412.0 1709.7 1608.8 1383.9 1494.1 1696.1 1586.3 1854.7 1819.9 1441.8 1323.7 1405.9 1572.2 1418.8 1711.5 1799.3 1770.3 1349.5 1154.5 1171.8 1807.0 1740.2 1759.8 1767.5 1871.4 2037.8 1904.3 1971.8 2008.0 2085.9 2066.9 2153.8 2165.9 2008.9 1939.3 1670.8 1711.9 1779.8 1886.5 1805.6 1652.0 1706.0 1759.0 1836.5 1845.2 1868.2 1902.3 1926.4 1917.6 1877.0 1852.6 1883.3 1893.9 1895.2 1927.4 1841.9
-999.0 -999.0 -999.0 1883.0 -999.0 1875.6 1818.6 1664.4 1747.8 1654.5 1676.7 1619.9 1689.0 1654.9 1528.1 1696.7 1619.9 1808.3 1857.5 1869.6 1891.0 1881.3 1575.6 1636.5 1278.3 766.1 1396.9 1379.2 1400.4 1106.2 1166.3 1879.5 1905.7 1025.3 1429.3 1664.9 1625.6 1543.8 1794.2 2003.3 2093.0 1876.3 1855.6 2006.6 2103.9 2141.3 2127.4 2206.2 2040.8 1705.9 1638.4 1778.5 1839.9 1864.8 1880.4 1862.0 1769.5 1853.4 1898.7 1940.0 1971.9 1979.3 1962.0 1854.4 1888.3 1927.7 1906.6 1956.4 1937.0 1868.3 1894.9
-999.0 -999.0 -999.0 -999.0 -999.0 -999.0 1692.4 1805.3 1814.2 1713.9 1797.3 1746.8 1758.3 1713.4 1798.0 1829.0 1731.9 1808.8 1688.1 1846.8 1598.1 1854.0 1507.9 1314.4 1266.1 1097.4 1001.4 1206.6 1067.3 973.7 1478.6 1364.8 1549.3 2021.4 1495.3 1553.6 1905.4 1861.4 2036.2 1823.1 1879.6 1637.8 1755.4 2021.4 2071.1 2131.9 2197.6 2044.3 1729.0 1812.8 1626.9 1784.0 1829.5 1772.2 1885.2 1756.9 1910.2 1916.3 1989.4 2026.1 2022.4 1980.2 1957.6 1949.8 1987.0 1995.4 1994.4 1937.2 1843.4 1793.4 1884.2
-999.0 -999.0 -999.0 -999.0 -999.0 1837.1 1789.8 1780.1 1814.9 1844.8 1674.5 1588.4 1497.5 1635.7 1753.5 1795.3 1848.4 1787.5 1528.2 1869.6 1718.5 2002.5 1800.6 1718.7 1713.5 1740.3 1413.3 1461.3 1230.1 1217.9 1096.0 1343.7 1349.9 1531.0 1176.5 1758.5 1898.9 1941.1 1804.9 1858.4 1653.5 1761.6 1760.2 2055.0 2060.6 2052.6 1717.4 1662.6 1691.1 1645.1 1820.9 1776.9 1772.1 1813.4 1887.6 1896.5 1921.8 1998.1 2068.1 2092.2 2067.6 1962.7 1938.3 1907.2 1962.9 2016.1 1995.2 1896.5 1729.8 1909.8 1890.0
-999.0 -999.0 -999.0 -999.0 1955.0 1902.4 1824.3 1812.4 1865.0 1883.1 1867.8 1761.6 1833.8 1809.6 1869.1 1872.2 1836.4 1840.6 1845.2 1599.4 1954.1 1543.4 1651.9 1635.9 1464.5 1545.9 1705.9 1667.4 1454.5 1536.0 1372.9 1451.5 1638.5 1301.1 1350.5 1916.9 1771.9 2003.7 1943.3 1773.1 1734.7 1873.0 1917.3 2008.0 2042.7 1797.0 1873.6 1716.8 1748.7 1822.9 1790.6 1824.6 1873.8 1869.8 1942.5 1981.9 2003.0 2056.7 1972.0 2144.1 2020.8 2033.5 2006.6 2010.0 1998.6 1984.4 1897.2 1769.6 1810.7 1862.2 1900.5
-999.0 -999.0 -999.0 -999.0 -999.0 -999.0 1956.6 1928.0 1936.2 1877.4 1828.9 1761.4 -999.0 -999.0 -999.0 -999.0 1906.3 1876.5 1760.2 1999.0 2105.6 1937.5 1885.7 1846.6 1795.4 2062.6 1179.0 1141.0 1572.8 1686.0 1675.6 1516.2 1471.3 1390.8 1722.5 1875.7 1912.2 2031.1 1649.7 1851.8 1757.2 2045.8 2022.1 2026.1 2040.2 1726.2 1909.0 1772.8 1817.7 1914.7 1893.5 1911.9 1933.4 1975.3 1999.3 2016.1 2014.3 2050.0 1980.5 2103.9 2031.3 1979.5 2007.3 1980.6 1948.0 1811.7 1850.4 1826.5 1812.0 1842.8 2016.7
-999.0 -999.0 -999.0 -999.0 -999.0 -999.0 1978.9 1881.6 1799.8 1967.7 1783.7 1887.4 -999.0 -999.0 -999.0 -999.0 -999.0 -999.0 -999.0 2142.5 2148.5 2070.8 2166.2 2013.8 1810.0 1496.4 1341.7 1134.4 1217.2 1412.9 1588.8 1586.2 1756.9 1572.2 1592.7 1956.2 2043.9 1682.0 1721.5 1729.1 2080.3 2100.2 2038.3 2063.9 1884.8 1780.8 1812.9 1822.8 1902.3 1947.0 1959.5 1972.3 1975.4 1974.7 1991.8 1927.2 1998.0 2036.7 2075.2 2086.6 2013.7 1977.3 1976.3 1845.8 1829.7 1918.2 1810.9 1844.6 1905.7 1950.4 2055.7
-999.0 -999.0 -999.0 -999.0 -999.0 -999.0 -999.0 -999.0 1969.2 -999.0 -999.0 -999.0 -999.0 -999.0 -999.0 -999.0 -999.0 1926.6 1960.9 1988.1 1938.1 2081.3 2168.8 2167.2 1996.8 1753.2 1449.7 1323.0 1394.5 1792.8 1833.2 1472.0 1659.3 1752.1 1963.1 2078.8 2128.2 1864.3 1935.7 1974.5 2104.4 2095.4 2012.1 2051.7 1723.1 1676.3 1810.6 1842.4 1926.5 1947.2 1958.9 1990.5 1934.7 1972.7 1946.8 2015.3 2033.0 2055.8 2061.5 2050.6 1939.4 1886.4 1838.5 1740.4 1878.0 1846.8 2041.9 1944.2 1997.0 2079.4 2081.0
-999.0 -999.0 -999.0 -999.0 -999.0 -999.0 -999.0 -999.0 -999.0 -999.0 -999.0 -999.0 -999.0 -999.0 -999.0 -999.0 -999.0 1920.2 1918.0 2104.9 2027.5 2007.3 -999.0 -999.0 2250.4 1704.8 1921.4 1731.7 1793.8 1791.2 1733.5 1631.4 1982.5 2047.4 2028.6 2096.7 2093.3 2075.4 2095.1 2105.1 2092.3 1964.4 2001.3 1939.1 1712.8 1814.3 1867.8 1920.8 1931.8 1887.4 1917.6 1972.5 1960.0 1995.6 1968.7 1914.3 1894.3 1960.2 1916.2 2015.8 2001.8 1913.2 1697.3 1906.3 1922.3 2000.2 2153.8 2021.4 2073.4 2154.7 2233.2
-999.0 -999.0 -999.0 -999.0 -999.0 -999.0 -999.0 -999.0 -999.0 -999.0 -999.0 -999.0 -999.0 -999.0 -999.0 -999.0 -999.0 -999.0 -999.0 -999.0 -999.0 -999.0 -999.0 -999.0 2207.9 2091.1 1829.1 1849.9 2012.0 2033.7 2019.6 1965.0 2065.3 2125.1 2096.0 2079.6 2087.1 2099.0 -999.0 2148.3 2107.0 2021.3 2021.4 1930.3 1748.8 1842.8 1858.8 1923.7 2000.2 1986.5 1898.8 1976.2 1953.0 1826.8 1791.1 1803.6 1733.7 1704.7 1844.3 1887.4 1911.8 1923.3 1846.2 1986.6 2003.5 2022.1 2102.9 2134.1 2170.6 2172.7 2229.5
-999.0 -999.0 -999.0 -999.0 -999.0 -999.0 -999.0 -999.0 -999.0 -999.0 -999.0 -999.0 -999.0 -999.0 -999.0 -999.0 -999.0 -999.0 -999.0 -999.0 -999.0 -999.0 -999.0 -999.0 -999.0 2105.1 2039.8 2000.1 1951.7 1931.5 2086.9 2125.9 2125.5 2168.7 -999.0 -999.0 -999.0 -999.0 2115.1 2159.6 2071.1 2054.1 2033.1 1935.9 1755.2 1850.3 1825.3 1890.7 2015.1 1896.9 1907.0 1784.7 1853.5 1672.0 1794.9 1779.8 1806.1 1785.9 1815.3 1908.8 1860.6 2081.2 2062.9 2041.0 2156.4 2120.7 2166.3 2190.4 2207.9 2284.8 2365.9
-999.0 -999.0 -999.0 -999.0 -999.0 -999.0 -999.0 -999.0 -999.0 -999.0 -999.0 -999.0 -999.0 -999.0 -999.0 -999.0 -999.0 -999.0 -999.0 -999.0 -999.0 -999.0 -999.0 -999.0 -999.0 -999.0 2107.5 1888.9 1930.1 2006.1 1966.3 2062.5 2130.0 -999.0 -999.0 -999.0 -999.0 2026.6 1927.9 1848.7 2156.5 2119.7 2082.3 1832.6 1750.9 1790.4 1824.7 1913.1 1918.4 1939.1 1782.5 1645.5 1740.7 1738.9 1822.2 1812.9 1834.6 1942.2 1907.2 1932.6 2007.6 2055.4 2103.4 2224.6 2157.0 2126.7 2138.6 2103.8 2095.2 2258.5 2313.4
-999.0 -999.0 -999.0 -999.0 -999.0 -999.0 -999.0 -999.0 -999.0 -999.0 -999.0 -999.0 -999.0 -999.0 -999.0 -999.0 -999.0 -999.0 -999.0 -999.0 -999.0 -999.0 -999.0 -999.0 -999.0 -999.0 -999.0 2080.0 1999.1 2052.3 1969.1 2102.5 2094.3 -999.0 -999.0 -999.0 2119.5 2122.1 2043.8 1837.6 1919.9 1988.6 2100.4 1926.3 2003.7 1832.4 1844.1 1962.0 1827.8 1739.5 1749.5 1788.3 1716.8 1802.6 1858.5 1896.1 1962.9 1978.0 1985.9 1976.3 1960.9 2038.3 2121.4 2106.5 2055.9 2058.1 2107.9 2098.9 2102.7 2166.1 2238.3
-999.0 -999.0 -999.0 -999.0 -999.0 -999.0 -999.0 -999.0 -999.0 -999.0 -999.0 -999.0 -999.0 -999.0 -999.0 -999.0 -999.0 -999.0 -999.0 -999.0 -999.0 -999.0 -999.0 -999.0 -999.0 -999.0 -999.0 -999.0 -999.0 -999.0 -999.0 -999.0 -999.0 -999.0 -999.0 2045.3 2140.4 2162.0 2109.0 1871.1 2042.4 1984.8 1902.9 1909.2 1931.7 1915.7 2033.4 2009.6 1958.3 1849.9 1861.9 1840.7 1826.2 1793.9 1822.0 1857.9 1738.5 1896.7 1875.2 1938.0 1926.2 1970.2 2064.4 2050.4 2034.5 2028.3 2004.4 2087.5 2129.6 2151.3 2173.2
-999.0 -999.0 -999.0 -999.0 -999.0 -999.0 -999.0 -999.0 -999.0 -999.0 -999.0 -999.0 -999.0 -999.0 -999.0 -999.0 -999.0 -999.0 -999.0 -999.0 -999.0 -999.0 -999.0 -999.0 -999.0 -999.0 -999.0 -999.0 -999.0 -999.0 -999.0 -999.0 -999.0 -999.0 -999.0 2198.1 2029.3 2058.4 1553.0 1690.9 2015.3 1949.6 1895.2 1880.0 1859.6 2007.0 2048.0 2022.4 1994.8 1871.2 1897.9 1940.4 1774.6 1754.6 1651.4 1798.7 1784.3 1673.4 1826.1 1889.5 1945.4 2022.2 2048.0 2058.9 2056.2 2041.7 2073.0 2038.2 2067.5 2139.8 2137.9
-999.0 -999.0 -999.0 -999.0 -999.0 -999.0 -999.0 -999.0 -999.0 -999.0 -999.0 -999.0 -999.0 -999.0 -999.0 -999.0 -999.0 -999.0 -999.0 -999.0 -999.0 -999.0 -999.0 -999.0 -999.0 -999.0 -999.0 -999.0 -999.0 -999.0 -999.0 -999.0 -999.0 -999.0 -999.0 2170.7 2172.2 2152.6 1923.1 1581.8 1688.1 1784.1 1894.9 1795.1 1947.8 1965.2 2022.7 1833.8 1787.9 1726.8 1787.5 1870.9 1837.7 1848.6 1833.6 1801.9 1797.7 1874.7 1879.3 1895.9 1928.0 1997.5 2041.6 2060.5 2057.4 2011.0 2041.7 2030.8 2051.4 2086.1 2030.5
-999.0 -999.0 -999.0 -999.0 -999.0 -999.0 -999.0 -999.0 -999.0 -999.0 -999.0 -999.0 -999.0 -999.0 -999.0 -999.0 -999.0 -999.0 2177.1 2037.8 2136.4 1411.7 1384.7 1399.4 1443.7 1339.4 2219.0 1714.3 2282.0 -999.0 -999.0 -999.0 -999.0 -999.0 -999.0 2160.0 2153.6 2098.3 2149.2 1985.4 1768.5 1663.1 1750.0 1860.8 1921.3 1919.5 1857.0 1740.2 1805.7 1874.9 1881.1 1907.7 1852.3 1879.7 1942.4 1986.0 1996.7 1935.3 1968.4 1893.6 1856.8 1795.1 1930.6 2000.8 1964.3 1947.9 2019.0 1948.7 2013.2 2068.1 1978.6
-999.0 -999.0 -999.0 -999.0 -999.0 -999.0 -999.0 -999.0 -999.0 -999.0 -999.0 -999.0 -999.0 -999.0 -999.0 -999.0 -999.0 -999.0 1805.2 1740.3 1571.0 1537.2 1257.0 1128.7 1225.3 1272.3 1377.3 1789.1 2036.4 2155.8 2039.6 1794.3 1997.7 2079.9 2158.8 2167.9 2167.5 2153.2 2139.5 2115.1 2036.0 1789.5 1782.8 1860.5 1949.3 1680.1 1834.6 1941.2 1890.1 1841.2 1932.3 1951.3 1974.2 1952.7 1946.6 1977.8 1971.2 2059.2 2011.6 1923.7 1896.6 1908.1 1855.0 1846.6 1966.9 1979.4 2055.7 2088.9 1993.5 2077.3 1714.5
-999.0 -999.0 -999.0 -999.0 -999.0 -999.0 -999.0 -999.0 -999.0 -999.0 -999.0 -999.0 -999.0 -999.0 -999.0 -999.0 -999.0 2179.7 2120.4 1963.3 1864.4 1720.4 1377.8 1167.8 1211.6 1332.3 1369.5 1482.2 1726.2 1842.4 1919.6 1854.5 1746.0 2031.6 2099.3 2169.8 2138.1 2012.6 2126.1 2096.6 1917.1 1866.7 1875.3 1863.9 1651.1 1847.1 1724.8 1790.8 1867.7 1977.2 1957.6 2022.0 1974.3 1885.8 1979.4 1933.5 2021.2 1987.8 2004.4 1960.6 1939.6 1819.1 1766.8 1970.8 2023.4 2026.0 1839.4 2005.4 2062.3 2040.8 2032.5
-999.0 -999.0 -999.0 -999.0 -999.0 -999.0 -999.0 -999.0 -999.0 -999.0 -999.0 -999.0 -999.0 -999.0 -999.0 -999.0 -999.0 -999.0 2187.9 2170.2 2100.1 1723.9 1623.0 1509.3 1244.6 1375.2 1476.9 1744.8 1651.3 1448.7 1647.7 1893.6 1918.7 1770.9 1998.3 2167.7 2150.4 2138.4 2046.2 2008.8 2048.7 1979.2 1917.8 1891.4 1777.9 1905.4 1755.0 1848.9 1854.3 1905.9 1922.3 1996.2 1912.6 1882.2 1915.3 2055.8 2058.8 1994.1 2109.5 2066.6 2050.4 1935.3 1834.4 1865.6 2044.0 2058.6 1974.7 1975.5 2035.6 2109.8 2113.5
