GDD/GrowingDegreeDays_1970_Actual.txt
ncols         180
nrows         290
xllcorner     -200000
yllcorner     -200000
cellsize      5000
NODATA_value    -999
[rows 192 to 223 of 290, columns 71 to 141 of 180]
-999.0 -999.0 -999.0 -999.0 -999.0 -999.0 -999.0 -999.0 -999.0 -999.0 -999.0 -999.0 -999.0 -999.0 -999.0 -999.0 -999.0 -999.0 -999.0 -999.0 -999.0 1740.8 1461.3 1296.5 1162.7 983.6 1090.7 1313.4 1514.5 1642.9 1529.1 1369.8 1271.7 1211.2 1436.8 1597.8 1565.1 1473.9 1481.8 1612.0 1404.0 1489.9 1507.4 1616.3 1582.1 1724.8 1812.2 1815.7 1747.8 1777.7 1820.1 1823.9 1813.6 1797.0 1723.7 1770.5 1791.8 1749.5 1688.3 1658.5 1641.1 1602.5 1652.4 1679.7 1600.2 1621.9 1643.6 1688.7 1707.1 1794.1 1794.2
-999.0 -999.0 -999.0 -999.0 -999.0 -999.0 -999.0 -999.0 -999.0 -999.0 -999.0 -999.0 -999.0 -999.0 -999.0 -999.0 -999.0 -999.0 -999.0 -999.0 1874.9 1809.1 1523.2 1289.0 1188.6 1230.8 1258.0 1379.6 1310.0 1026.8 1249.5 1257.6 1287.0 1476.7 1574.1 1514.4 1494.2 1597.6 1598.6 1535.9 1412.4 1438.8 1500.4 1633.6 1595.9 1772.7 1809.3 1774.9 1862.3 1696.3 1690.9 1766.0 1750.9 1781.0 1756.9 1832.7 1837.1 1759.0 1730.9 1738.2 1663.2 1674.6 1596.3 1649.2 1612.7 1685.8 1688.7 1709.2 1782.1 1812.6 1764.0
-999.0 -999.0 -999.0 -999.0 -999.0 -999.0 -999.0 -999.0 -999.0 -999.0 -999.0 -999.0 -999.0 -999.0 -999.0 -999.0 -999.0 -999.0 -999.0 -999.0 1627.3 1593.1 1548.4 1483.0 1313.8 1053.3 1094.5 1175.6 1302.9 1264.2 1189.8 1146.6 1157.8 1457.2 1361.9 1301.3 1601.3 1432.7 1679.5 1590.8 1433.2 1320.9 1590.6 1604.4 1752.8 1821.0 1808.8 1793.3 1577.0 1652.1 1660.5 1696.8 1712.3 1740.4 1765.2 1823.2 1803.3 1787.8 1750.5 1797.1 1764.8 1650.3 1608.3 1628.7 1603.1 1690.1 1755.7 1786.1 1827.2 1804.9 1768.1
-999.0 -999.0 -999.0 -999.0 -999.0 -999.0 -999.0 -999.0 -999.0 -999.0 -999.0 -999.0 -999.0 -999.0 -999.0 -999.0 -999.0 -999.0 -999.0 -999.0 1671.8 1610.8 1763.9 1568.2 1325.3 1048.4 1179.0 1154.1 1346.9 1236.2 1285.4 1395.6 1330.1 1311.4 1381.6 1510.2 1638.9 1619.1 1410.8 1649.7 1611.1 1586.4 1624.6 1573.9 1729.2 1856.7 1834.7 1758.5 1719.0 1733.6 1667.3 1683.5 1699.5 1707.6 1793.2 1791.2 1730.4 1768.2 1743.5 1806.9 1738.5 1632.2 1623.2 1704.1 1720.5 1688.1 1774.4 1774.1 1864.5 1799.3 1791.1
-999.0 -999.0 -999.0 -999.0 -999.0 -999.0 -999.0 -999.0 -999.0 -999.0 -999.0 -999.0 -999.0 -999.0 -999.0 -999.0 -999.0 -999.0 -999.0 1756.3 1567.8 1341.6 1492.0 1577.9 1287.0 1214.4 1098.5 1106.4 1497.9 1489.0 1526.9 1407.4 1301.6 1449.5 1450.1 1360.0 1541.0 1627.3 1654.2 1711.3 1730.6 1707.8 1665.5 1725.4 1787.9 1836.4 1865.2 1848.1 1792.5 1756.4 1793.0 1738.6 1744.9 1709.4 1771.9 1762.9 1758.0 1793.9 1804.3 1788.4 1684.7 1684.6 1687.7 1779.1 1745.1 1749.0 1774.4 1843.6 1803.8 1798.3 1798.6
-999.0 -999.0 -999.0 -999.0 -999.0 -999.0 -999.0 -999.0 -999.0 -999.0 -999.0 -999.0 -999.0 -999.0 -999.0 -999.0 -999.0 -999.0 1628.8 1564.8 1447.9 1537.2 1614.8 1351.3 1126.8 1091.3 1250.6 1196.9 1493.6 1418.1 1520.5 1545.3 1113.4 1420.5 1379.2 1618.2 1628.9 1719.8 1721.6 1697.0 1612.2 1706.3 1584.7 1757.3 1768.3 1909.0 1921.2 1878.2 1851.7 1831.3 1835.4 1790.7 1746.3 1734.4 1828.0 1783.5 1773.5 1749.1 1743.9 1730.0 1674.0 1721.5 1685.2 1778.7 1783.5 1848.7 1847.3 1766.5 1747.5 1787.8 1786.0
-999.0 -999.0 -999.0 -999.0 -999.0 -999.0 -999.0 -999.0 -999.0 -999.0 -999.0 -999.0 -999.0 -999.0 -999.0 -999.0 1578.4 1590.8 1615.9 1724.1 1695.5 1590.1 1530.5 1259.1 1152.2 1057.2 1026.8 1207.2 1371.1 1634.0 1463.9 1514.1 1232.4 1446.4 1578.4 1660.7 1750.5 1725.1 1778.2 1701.1 1584.5 1650.4 1659.8 1866.7 1885.9 1915.7 1919.4 1848.6 1849.2 1831.7 1873.6 1810.3 1772.4 1809.7 1800.6 1815.8 1711.8 1708.9 1655.9 1617.2 1651.9 1689.0 1749.0 1797.2 1774.2 1755.0 1780.3 1754.9 1824.8 1792.1 1794.4
-999.0 -999.0 -999.0 -999.0 -999.0 -999.0 -999.0 -999.0 -999.0 -999.0 -999.0 -999.0 1840.4 1828.7 1824.4 1467.5 1374.4 1315.3 1315.5 1538.3 1572.9 1601.3 1226.5 1290.4 1143.0 1138.3 1188.8 1423.6 1534.2 1674.4 1550.6 1588.7 1167.1 1306.1 1494.5 1710.2 1700.1 1731.0 1575.9 1756.2 1615.2 1626.0 1711.9 1845.7 1959.2 1974.4 1872.7 1895.9 1895.4 1802.2 1866.2 1841.4 1874.6 1818.1 1769.6 1727.7 1765.5 1690.1 1711.3 1674.4 1609.5 1623.4 1656.2 1707.0 1709.0 1732.1 1776.3 1811.8 1772.9 1855.5 1846.3
-999.0 -999.0 -999.0 -999.0 -999.0 -999.0 -999.0 -999.0 -999.0 -999.0 -999.0 1662.7 1742.2 1604.0 1608.3 1600.3 1396.1 1443.8 1409.0 1597.6 1712.2 1427.2 1318.7 1213.5 1476.3 1090.1 1289.0 1470.0 1200.9 1442.0 1690.7 1233.8 1396.5 1479.5 1791.2 1814.2 1774.9 1539.7 1765.7 1755.3 1712.8 1727.3 1694.8 1835.3 1888.0 2014.9 1938.6 1953.0 1925.4 1846.3 1845.1 1847.1 1849.9 1828.3 1740.4 1737.9 1602.8 1731.9 1746.3 1703.6 1642.8 1688.1 1702.1 1755.7 1778.7 1753.1 1790.7 1768.5 1833.4 1852.4 1821.0
-999.0 -999.0 -999.0 -999.0 -999.0 -999.0 -999.0 -999.0 -999.0 -999.0 1626.8 1612.8 1762.4 1723.9 1695.9 1593.7 1635.5 1557.6 1621.0 1602.5 1287.5 1477.7 1554.4 1221.3 1629.2 1339.5 1280.3 1086.7 1219.3 1241.7 1434.0 1475.6 1566.1 1790.0 1462.2 1509.6 1786.1 1763.0 1836.8 1876.3 1771.9 1801.2 1850.5 1821.5 1843.9 2016.5 1983.7 1993.5 1947.3 1917.2 1892.6 1863.3 1709.4 1821.5 1788.8 1723.8 1665.1 1704.6 1739.6 1695.0 1646.7 1661.2 1645.6 1711.7 1790.7 1815.9 1845.0 1788.3 1820.5 1856.8 1778.9
-999.0 -999.0 -999.0 -999.0 -999.0 -999.0 1842.8 1600.4 1715.5 1550.2 1705.4 1676.3 1609.2 1679.2 1690.3 1508.0 1587.4 1553.9 1586.7 1406.6 1421.9 1551.6 1480.0 1459.7 1534.0 1479.9 1217.1 1189.5 1344.1 1412.7 1323.8 1509.4 1742.9 1401.8 1345.7 1546.8 1539.1 1761.4 1798.9 1913.5 1859.6 1655.4 1849.3 1737.1 1922.7 1991.5 1977.6 1955.2 1774.8 1877.6 1829.3 1560.3 1796.0 1797.6 1776.6 1708.2 1636.9 1729.8 1723.8 1706.3 1724.6 1690.7 1697.9 1747.5 1804.1 1792.4 1836.1 1827.6 1816.0 1807.1 1830.9
-999.0 -999.0 -999.0 -999.0 -999.0 1791.4 1645.8 1661.2 1630.8 1421.5 1194.2 1298.1 1349.7 1574.1 1476.3 1355.5 1448.5 1486.7 1353.0 1520.5 1573.1 1391.3 1593.5 1712.6 1588.0 1521.8 1322.5 1330.0 1369.0 1442.1 1478.9 1572.7 1494.6 954.4 1232.6 1498.3 1691.2 1673.1 1789.3 1690.0 1832.4 1777.3 1868.8 1897.5 1929.2 1937.0 1965.2 1968.1 1871.6 1813.8 1556.9 1555.1 1635.5 1735.8 1769.8 1560.9 1669.1 1725.5 1714.7 1753.9 1701.9 1704.4 1717.3 1781.8 1727.7 1763.3 1821.2 1721.8 1754.4 1837.2 1847.3
-999.0 -999.0 -999.0 1852.0 1743.9 1715.9 1619.5 1674.9 1614.7 1501.4 1484.1 1556.6 1652.0 1469.3 1567.6 1430.0 1682.2 1597.8 1414.0 1496.1 1647.8 1556.5 1771.1 1743.0 1436.2 1339.0 1402.9 1509.8 1375.7 1608.3 1667.3 1658.9 1339.9 1181.8 1181.2 1671.7 1623.4 1651.7 1669.9 1753.4 1880.5 1772.2 1836.6 1870.4 1937.8 1927.6 1995.0 1991.1 1860.5 1785.2 1557.1 1596.5 1666.4 1761.0 1702.4 1581.3 1629.0 1671.1 1726.8 1725.1 1732.0 1737.0 1739.2 1746.4 1736.3 1732.3 1767.2 1784.8 1799.7 1847.9 1802.4
-999.0 -999.0 -999.0 1873.5 -999.0 1854.2 1803.0 1658.7 1725.1 1648.7 1661.4 1604.1 1654.3 1614.9 1514.0 1659.4 1605.2 1753.4 1790.9 1790.6 1789.3 1785.5 1552.4 1606.6 1306.0 879.3 1375.0 1347.6 1359.5 1119.8 1150.5 1715.9 1767.2 1074.3 1393.5 1577.3 1545.2 1488.6 1688.8 1854.7 1915.1 1741.2 1743.2 1869.1 1956.6 1989.3 1962.0 1993.8 1863.8 1612.4 1544.3 1662.4 1734.3 1764.5 1776.3 1756.0 1680.9 1744.0 1777.7 1804.5 1811.2 1780.8 1720.8 1676.2 1743.3 1790.7 1781.0 1826.0 1825.4 1793.3 1836.7
-999.0 -999.0 -999.0 -999.0 -999.0 -999.0 1693.4 1786.9 1800.3 1704.2 1768.3 1716.0 1708.9 1656.1 1736.3 1768.7 1713.7 1751.3 1654.0 1769.4 1547.7 1753.5 1494.1 1337.8 1289.0 1141.0 1057.9 1216.5 1103.5 1022.7 1412.0 1317.3 1472.4 1863.6 1439.6 1496.2 1785.3 1745.0 1883.4 1712.6 1759.9 1564.9 1663.8 1883.8 1931.1 1990.2 2049.5 1887.9 1627.5 1692.9 1540.7 1679.9 1733.6 1689.0 1787.3 1676.6 1794.4 1797.4 1859.3 1887.3 1866.3 1801.4 1752.7 1770.3 1830.1 1847.5 1853.2 1807.5 1742.9 1714.9 1790.8
-999.0 -999.0 -999.0 -999.0 -999.0 1830.2 1775.8 1750.7 1781.1 1811.3 1667.0 1590.6 1505.9 1597.1 1686.6 1739.0 1828.3 1778.3 1524.5 1780.9 1650.5 1877.7 1716.9 1638.1 1635.3 1654.3 1392.5 1430.8 1242.5 1227.7 1119.9 1297.8 1320.3 1461.6 1178.7 1650.8 1769.4 1809.8 1698.7 1743.6 1580.3 1665.1 1670.1 1912.9 1936.8 1935.7 1667.8 1596.9 1598.4 1551.2 1693.2 1674.0 1689.3 1730.6 1789.2 1795.5 1808.3 1873.0 1938.9 1959.5 1925.5 1811.9 1779.4 1761.5 1820.2 1874.3 1854.3 1774.9 1643.3 1783.0 1756.8
-999.0 -999.0 -999.0 -999.0 1906.4 1884.9 1825.0 1796.6 1820.7 1832.8 1828.8 1758.6 1819.3 1787.0 1823.7 1836.6 1815.3 1792.7 1768.4 1553.2 1834.4 1505.7 1597.1 1568.2 1428.2 1493.4 1616.7 1589.6 1428.3 1492.8 1359.6 1407.7 1570.5 1290.9 1324.4 1762.3 1646.6 1849.1 1797.0 1669.6 1640.4 1757.7 1795.9 1873.4 1921.9 1744.1 1792.9 1634.1 1632.7 1683.2 1668.8 1709.5 1764.8 1772.8 1847.1 1876.1 1880.4 1925.8 1870.1 2007.1 1896.4 1880.6 1846.3 1854.6 1857.1 1848.2 1779.6 1673.9 1710.6 1748.9 1772.0
-999.0 -999.0 -999.0 -999.0 -999.0 -999.0 1939.3 1878.0 1855.0 1824.4 1820.2 1796.4 -999.0 -999.0 -999.0 -999.0 1873.6 1797.5 1664.1 1854.7 1943.1 1820.4 1797.3 1764.3 1709.7 1900.3 1172.8 1152.8 1514.5 1610.7 1609.5 1480.2 1438.9 1362.7 1619.6 1729.1 1770.5 1865.4 1530.0 1721.7 1668.2 1896.7 1881.0 1881.6 1904.9 1666.8 1803.0 1667.1 1675.7 1748.6 1750.3 1779.1 1808.5 1855.5 1887.1 1900.5 1888.2 1910.6 1854.5 1965.3 1893.9 1836.0 1855.9 1837.4 1829.1 1740.2 1758.2 1718.9 1717.2 1759.2 1876.2
-999.0 -999.0 -999.0 -999.0 -999.0 -999.0 1953.0 1836.0 1759.1 1910.4 1796.6 1924.6 -999.0 -999.0 -999.0 -999.0 -999.0 -999.0 -999.0 1953.0 1966.7 1926.5 2053.4 1953.3 1741.3 1426.9 1260.2 1128.4 1215.6 1387.5 1533.2 1529.3 1663.9 1508.5 1520.8 1805.1 1887.9 1601.2 1616.2 1643.0 1937.1 1954.4 1906.4 1922.4 1768.2 1682.9 1696.3 1696.3 1752.2 1784.0 1810.0 1831.8 1841.3 1848.4 1868.3 1813.9 1868.6 1897.5 1930.1 1939.2 1868.6 1829.3 1846.5 1735.1 1736.9 1823.3 1729.3 1733.5 1783.8 1832.6 1893.7
-999.0 -999.0 -999.0 -999.0 -999.0 -999.0 -999.0 -999.0 1922.0 -999.0 -999.0 -999.0 -999.0 -999.0 -999.0 -999.0 -999.0 1818.4 1813.9 1835.4 1790.5 1927.7 2040.3 2082.2 1905.8 1654.5 1362.1 1280.5 1360.2 1687.3 1717.9 1425.5 1578.5 1646.4 1818.3 1923.3 1994.7 1790.5 1836.0 1868.3 1974.5 1966.6 1890.7 1901.3 1628.8 1578.8 1678.9 1708.5 1787.2 1806.2 1821.2 1853.2 1810.6 1841.6 1819.9 1884.3 1904.9 1917.7 1913.5 1895.9 1793.1 1763.4 1707.6 1633.7 1736.3 1723.2 1881.1 1801.9 1840.1 1902.8 1885.7
-999.0 -999.0 -999.0 -999.0 -999.0 -999.0 -999.0 -999.0 -999.0 -999.0 -999.0 -999.0 -999.0 -999.0 -999.0 -999.0 -999.0 1814.0 1800.2 1963.1 1862.1 1743.1 -999.0 -999.0 2138.4 1657.1 1798.8 1634.4 1684.6 1682.7 1638.4 1558.4 1835.9 1877.3 1867.6 1953.1 1994.3 1997.8 2008.7 2009.0 1990.2 1870.0 1876.7 1812.5 1613.5 1684.3 1726.0 1780.3 1808.9 1778.3 1801.2 1837.4 1826.2 1855.7 1834.3 1817.7 1829.7 1852.2 1784.2 1848.8 1833.1 1756.9 1579.1 1736.6 1705.9 1767.9 1942.7 1857.2 1897.9 1960.5 2016.9
-999.0 -999.0 -999.0 -999.0 -999.0 -999.0 -999.0 -999.0 -999.0 -999.0 -999.0 -999.0 -999.0 -999.0 -999.0 -999.0 -999.0 -999.0 -999.0 -999.0 -999.0 -999.0 -999.0 -999.0 2101.4 1979.3 1746.9 1730.3 1853.8 1871.5 1859.4 1818.1 1916.1 1974.5 1953.3 1968.4 2015.2 2037.3 -999.0 2068.8 2013.4 1918.8 1904.3 1811.4 1649.2 1710.3 1725.3 1797.7 1885.6 1879.0 1792.6 1839.2 1817.6 1716.0 1673.2 1714.2 1694.5 1634.9 1706.5 1724.9 1750.3 1763.9 1706.7 1803.7 1748.1 1744.9 1888.4 1942.3 1982.8 1985.2 2028.2
-999.0 -999.0 -999.0 -999.0 -999.0 -999.0 -999.0 -999.0 -999.0 -999.0 -999.0 -999.0 -999.0 -999.0 -999.0 -999.0 -999.0 -999.0 -999.0 -999.0 -999.0 -999.0 -999.0 -999.0 -999.0 1999.5 1915.3 1852.9 1795.7 1777.7 1901.1 1940.0 1961.4 2040.0 -999.0 -999.0 -999.0 -999.0 2056.9 2081.2 1969.8 1945.4 1924.6 1829.5 1666.9 1728.7 1699.6 1759.5 1905.5 1813.8 1797.5 1675.7 1727.2 1577.5 1658.3 1652.9 1709.3 1678.4 1676.3 1738.7 1708.7 1901.2 1896.7 1874.0 1943.4 1903.6 1962.9 1995.7 2015.6 2089.9 2156.5
-999.0 -999.0 -999.0 -999.0 -999.0 -999.0 -999.0 -999.0 -999.0 -999.0 -999.0 -999.0 -999.0 -999.0 -999.0 -999.0 -999.0 -999.0 -999.0 -999.0 -999.0 -999.0 -999.0 -999.0 -999.0 -999.0 1991.4 1793.5 1811.6 1853.7 1807.8 1902.4 1987.4 -999.0 -999.0 -999.0 -999.0 1951.6 1874.6 1822.6 2006.8 1994.2 1972.9 1766.2 1682.9 1686.8 1676.9 1730.2 1778.9 1823.3 1680.8 1541.8 1592.1 1596.0 1677.1 1677.7 1705.2 1791.6 1757.5 1771.7 1836.5 1886.0 1934.5 2041.3 1963.3 1935.9 1982.8 1941.4 1927.9 2068.7 2133.1
-999.0 -999.0 -999.0 -999.0 -999.0 -999.0 -999.0 -999.0 -999.0 -999.0 -999.0 -999.0 -999.0 -999.0 -999.0 -999.0 -999.0 -999.0 -999.0 -999.0 -999.0 -999.0 -999.0 -999.0 -999.0 -999.0 -999.0 1985.7 1915.6 1946.1 1850.1 1968.4 1979.5 -999.0 -999.0 -999.0 1982.7 1976.1 1926.4 1801.0 1847.9 1892.0 1994.3 1856.2 1914.9 1738.2 1701.3 1771.7 1692.2 1639.9 1642.0 1643.9 1556.1 1631.5 1702.9 1743.9 1804.7 1820.1 1824.2 1815.3 1803.7 1871.8 1944.8 1942.9 1858.2 1846.5 1959.8 1933.0 1934.7 1998.2 2076.8
-999.0 -999.0 -999.0 -999.0 -999.0 -999.0 -999.0 -999.0 -999.0 -999.0 -999.0 -999.0 -999.0 -999.0 -999.0 -999.0 -999.0 -999.0 -999.0 -999.0 -999.0 -999.0 -999.0 -999.0 -999.0 -999.0 -999.0 -999.0 -999.0 -999.0 -999.0 -999.0 -999.0 -999.0 -999.0 1960.3 1962.4 1976.5 1954.8 1781.9 1928.5 1887.9 1832.6 1840.4 1856.9 1802.5 1878.0 1845.4 1804.8 1722.9 1734.6 1710.1 1682.8 1655.5 1686.1 1719.5 1625.0 1749.2 1728.7 1780.7 1772.3 1811.6 1888.4 1870.8 1829.2 1831.8 1832.4 1915.5 1948.0 1977.5 2011.3
-999.0 -999.0 -999.0 -999.0 -999.0 -999.0 -999.0 -999.0 -999.0 -999.0 -999.0 -999.0 -999.0 -999.0 -999.0 -999.0 -999.0 -999.0 -999.0 -999.0 -999.0 -999.0 -999.0 -999.0 -999.0 -999.0 -999.0 -999.0 -999.0 -999.0 -999.0 -999.0 -999.0 -999.0 -999.0 2072.3 1880.4 1904.3 1506.5 1624.4 1897.7 1864.9 1829.7 1810.3 1776.5 1865.2 1896.8 1867.5 1827.8 1728.0 1773.5 1821.3 1687.0 1659.1 1568.3 1680.2 1664.7 1570.4 1687.8 1737.0 1788.1 1855.1 1879.2 1885.7 1881.5 1893.1 1929.3 1880.0 1896.0 1971.0 1990.0
-999.0 -999.0 -999.0 -999.0 -999.0 -999.0 -999.0 -999.0 -999.0 -999.0 -999.0 -999.0 -999.0 -999.0 -999.0 -999.0 -999.0 -999.0 -999.0 -999.0 -999.0 -999.0 -999.0 -999.0 -999.0 -999.0 -999.0 -999.0 -999.0 -999.0 -999.0 -999.0 -999.0 -999.0 -999.0 2036.5 2005.8 1984.8 1798.1 1546.3 1648.0 1749.5 1838.9 1737.6 1837.4 1837.4 1880.1 1715.1 1658.4 1607.3 1686.2 1768.7 1736.9 1739.2 1720.9 1692.8 1684.8 1741.3 1738.7 1751.2 1781.0 1840.0 1887.9 1917.1 1915.0 1883.8 1916.8 1873.2 1877.6 1911.1 1863.3
-999.0 -999.0 -999.0 -999.0 -999.0 -999.0 -999.0 -999.0 -999.0 -999.0 -999.0 -999.0 -999.0 -999.0 -999.0 -999.0 -999.0 -999.0 2142.7 2026.3 2062.6 1392.1 1349.6 1370.9 1413.9 1328.8 2037.1 1624.2 2131.2 -999.0 -999.0 -999.0 -999.0 -999.0 -999.0 2024.5 1997.5 1950.6 1998.8 1876.3 1722.8 1655.5 1720.7 1783.9 1811.5 1802.7 1746.0 1640.3 1681.1 1740.2 1775.8 1823.4 1757.5 1769.4 1818.0 1850.5 1855.3 1801.6 1821.5 1758.4 1731.8 1685.3 1801.8 1845.3 1826.8 1830.0 1873.5 1802.0 1842.7 1886.2 1802.0
-999.0 -999.0 -999.0 -999.0 -999.0 -999.0 -999.0 -999.0 -999.0 -999.0 -999.0 -999.0 -999.0 -999.0 -999.0 -999.0 -999.0 -999.0 1767.1 1720.4 1530.3 1431.5 1197.6 1131.6 1218.2 1253.6 1335.5 1653.5 1896.7 2046.3 1973.8 1760.9 1907.3 1965.0 2026.7 2029.4 2018.9 2004.8 2000.8 1988.3 1935.2 1741.8 1728.0 1775.1 1830.3 1608.3 1724.2 1801.8 1760.5 1729.6 1823.6 1864.2 1859.7 1827.5 1833.2 1856.0 1839.0 1908.3 1864.0 1786.2 1762.6 1773.2 1730.7 1721.4 1848.6 1880.6 1898.7 1911.0 1824.3 1886.6 1584.0
-999.0 -999.0 -999.0 -999.0 -999.0 -999.0 -999.0 -999.0 -999.0 -999.0 -999.0 -999.0 -999.0 -999.0 -999.0 -999.0 -999.0 2073.1 1987.6 1837.8 1742.8 1585.7 1306.8 1177.7 1222.7 1322.9 1364.4 1435.5 1641.2 1795.5 1863.0 1783.0 1663.4 1889.5 1953.8 2023.6 2002.6 1897.1 1991.6 1967.5 1829.1 1792.9 1796.3 1773.9 1591.0 1738.7 1631.4 1678.6 1744.8 1837.3 1834.8 1895.2 1843.0 1744.7 1861.8 1821.6 1876.3 1855.7 1865.7 1817.0 1794.0 1697.1 1653.8 1814.8 1864.5 1862.0 1698.0 1825.5 1867.7 1845.6 1833.3
-999.0 -999.0 -999.0 -999.0 -999.0 -999.0 -999.0 -999.0 -999.0 -999.0 -999.0 -999.0 -999.0 -999.0 -999.0 -999.0 -999.0 -999.0 2055.8 2016.5 1950.3 1630.9 1552.2 1474.5 1273.5 1396.1 1486.3 1679.0 1591.3 1461.3 1638.0 1801.6 1802.4 1685.5 1879.3 2021.7 2014.9 2006.3 1920.5 1880.2 1923.2 1899.8 1838.4 1795.7 1689.4 1782.0 1653.5 1724.4 1734.4 1778.4 1798.2 1860.8 1782.4 1751.2 1793.5 1907.4 1910.6 1887.0 1969.6 1903.5 1882.7 1785.9 1703.8 1722.4 1838.7 1829.0 1770.0 1785.0 1831.3 1887.1 1891.0
