GDD/GrowingDegreeDays_2010_Actual.txt
ncols         180
nrows         290
xllcorner     -200000
yllcorner     -200000
cellsize      5000
NODATA_value    -999
[rows 64 to 95 of 290, columns 71 to 141 of 180]
-999.0 -999.0 -999.0 -999.0 -999.0 -999.0 -999.0 -999.0 -999.0 1343.1 1118.3 1134.7 1107.1 836.3 875.2 695.3 880.1 961.7 908.4 943.0 425.3 933.8 576.4 888.6 857.5 1059.3 1116.1 989.8 789.1 813.3 615.5 994.0 -999.0 -999.0 -999.0 -999.0 -999.0 -999.0 -999.0 -999.0 -999.0 -999.0 -999.0 -999.0 -999.0 -999.0 -999.0 -999.0 -999.0 -999.0 -999.0 -999.0 -999.0 -999.0 -999.0 -999.0 -999.0 -999.0 -999.0 -999.0 -999.0 -999.0 -999.0 -999.0 -999.0 -999.0 -999.0 -999.0 -999.0 -999.0 -999.0
-999.0 -999.0 -999.0 -999.0 -999.0 -999.0 -999.0 -999.0 -999.0 -999.0 1328.2 1123.6 880.2 831.5 849.5 815.4 824.0 1187.4 1060.6 1034.4 800.1 750.0 718.3 872.7 986.0 916.7 973.7 1010.3 932.4 959.0 1015.4 1287.7 -999.0 -999.0 -999.0 -999.0 -999.0 -999.0 -999.0 -999.0 -999.0 -999.0 -999.0 -999.0 -999.0 -999.0 -999.0 -999.0 -999.0 -999.0 -999.0 -999.0 -999.0 -999.0 -999.0 -999.0 -999.0 -999.0 -999.0 -999.0 -999.0 -999.0 -999.0 -999.0 -999.0 -999.0 -999.0 -999.0 -999.0 -999.0 -999.0
-999.0 -999.0 -999.0 -999.0 -999.0 -999.0 -999.0 -999.0 1367.6 -999.0 1324.0 1150.5 831.2 806.4 735.7 524.3 1029.1 942.8 1184.9 1032.1 1028.3 920.3 823.5 1026.4 992.5 917.1 855.3 829.8 953.3 1108.8 1300.8 -999.0 -999.0 -999.0 -999.0 -999.0 -999.0 -999.0 -999.0 -999.0 -999.0 -999.0 -999.0 -999.0 -999.0 -999.0 -999.0 -999.0 -999.0 -999.0 -999.0 -999.0 -999.0 -999.0 -999.0 -999.0 -999.0 -999.0 -999.0 -999.0 -999.0 -999.0 -999.0 -999.0 -999.0 -999.0 -999.0 -999.0 -999.0 -999.0 -999.0
-999.0 -999.0 -999.0 -999.0 -999.0 -999.0 -999.0 -999.0 1376.4 1323.2 1238.0 1231.7 822.9 1146.8 976.5 1091.7 958.5 1038.0 860.7 1154.2 1104.3 957.7 989.6 943.4 946.1 1048.7 759.0 956.6 1000.4 -999.0 -999.0 -999.0 -999.0 -999.0 -999.0 -999.0 -999.0 -999.0 -999.0 -999.0 -999.0 -999.0 -999.0 -999.0 -999.0 -999.0 -999.0 -999.0 -999.0 -999.0 -999.0 -999.0 -999.0 -999.0 -999.0 -999.0 -999.0 -999.0 -999.0 -999.0 -999.0 -999.0 -999.0 -999.0 -999.0 -999.0 -999.0 -999.0 -999.0 -999.0 -999.0
-999.0 -999.0 -999.0 -999.0 -999.0 -999.0 -999.0 -999.0 -999.0 1349.6 738.3 1270.8 1031.0 953.5 966.1 1154.8 833.3 984.6 859.6 903.2 1116.1 1015.3 1047.5 1007.6 952.0 971.5 906.1 1262.4 -999.0 -999.0 -999.0 -999.0 -999.0 -999.0 -999.0 -999.0 -999.0 -999.0 -999.0 -999.0 -999.0 -999.0 -999.0 -999.0 -999.0 -999.0 -999.0 -999.0 -999.0 -999.0 -999.0 -999.0 -999.0 -999.0 -999.0 -999.0 -999.0 -999.0 -999.0 -999.0 -999.0 -999.0 -999.0 -999.0 -999.0 -999.0 -999.0 -999.0 -999.0 -999.0 -999.0
-999.0 -999.0 -999.0 -999.0 -999.0 -999.0 -999.0 -999.0 -999.0 -999.0 1378.6 983.6 1292.8 1069.6 689.9 1097.4 1059.5 1072.5 1230.3 987.3 1146.8 992.4 927.0 1183.6 918.3 1071.4 1201.5 -999.0 -999.0 -999.0 -999.0 -999.0 -999.0 -999.0 -999.0 -999.0 -999.0 -999.0 -999.0 -999.0 -999.0 -999.0 -999.0 -999.0 -999.0 -999.0 -999.0 -999.0 -999.0 -999.0 -999.0 -999.0 -999.0 -999.0 -999.0 -999.0 -999.0 -999.0 -999.0 -999.0 -999.0 -999.0 -999.0 -999.0 -999.0 -999.0 -999.0 -999.0 -999.0 -999.0 -999.0
-999.0 -999.0 -999.0 -999.0 -999.0 -999.0 1370.1 -999.0 -999.0 1418.2 1404.2 1153.2 963.1 879.8 897.8 1116.1 1046.5 840.0 991.8 1088.8 1226.6 1026.1 953.8 999.2 1255.2 1274.3 -999.0 -999.0 -999.0 -999.0 -999.0 -999.0 -999.0 -999.0 -999.0 -999.0 -999.0 -999.0 -999.0 -999.0 -999.0 -999.0 -999.0 -999.0 -999.0 -999.0 -999.0 -999.0 -999.0 -999.0 -999.0 -999.0 -999.0 -999.0 -999.0 -999.0 -999.0 -999.0 -999.0 -999.0 -999.0 -999.0 -999.0 -999.0 -999.0 -999.0 -999.0 -999.0 -999.0 -999.0 -999.0
-999.0 -999.0 -999.0 -999.0 1246.4 1391.1 1273.6 1388.7 1194.5 1401.8 952.1 1327.9 692.0 830.1 869.3 896.2 761.9 809.3 838.6 1208.6 1087.2 1170.9 932.0 1027.4 1143.0 1286.5 -999.0 -999.0 -999.0 -999.0 -999.0 -999.0 -999.0 -999.0 -999.0 -999.0 -999.0 -999.0 -999.0 -999.0 -999.0 -999.0 -999.0 -999.0 -999.0 -999.0 -999.0 -999.0 -999.0 -999.0 -999.0 -999.0 -999.0 -999.0 -999.0 -999.0 -999.0 -999.0 -999.0 -999.0 -999.0 -999.0 -999.0 -999.0 -999.0 -999.0 -999.0 -999.0 -999.0 -999.0 -999.0
-999.0 -999.0 -999.0 -999.0 925.9 1343.1 1346.2 1180.7 1116.8 928.4 660.5 855.8 1336.3 693.4 623.1 702.2 631.5 946.9 841.5 555.1 1013.2 1212.1 1243.4 1281.9 1277.1 -999.0 -999.0 1286.1 -999.0 -999.0 -999.0 -999.0 -999.0 -999.0 -999.0 -999.0 -999.0 -999.0 -999.0 -999.0 -999.0 -999.0 -999.0 -999.0 -999.0 -999.0 -999.0 -999.0 -999.0 -999.0 -999.0 -999.0 -999.0 -999.0 -999.0 -999.0 -999.0 -999.0 -999.0 -999.0 -999.0 -999.0 -999.0 -999.0 -999.0 -999.0 -999.0 -999.0 -999.0 -999.0 -999.0
-999.0 -999.0 -999.0 -999.0 1085.1 1213.3 1356.1 1128.7 745.8 1102.9 376.2 957.8 939.7 623.9 533.4 621.4 648.9 640.8 542.1 693.9 833.8 728.9 1028.3 910.5 1211.9 1241.3 1244.7 1287.0 -999.0 -999.0 -999.0 -999.0 -999.0 -999.0 -999.0 -999.0 -999.0 -999.0 -999.0 -999.0 -999.0 -999.0 -999.0 -999.0 -999.0 -999.0 -999.0 -999.0 -999.0 -999.0 -999.0 -999.0 -999.0 -999.0 -999.0 -999.0 -999.0 -999.0 -999.0 -999.0 -999.0 -999.0 -999.0 -999.0 -999.0 -999.0 -999.0 -999.0 -999.0 -999.0 -999.0
-999.0 -999.0 -999.0 -999.0 1348.0 1083.9 1335.3 1030.2 996.9 637.3 799.4 803.6 952.4 926.2 875.4 572.0 722.7 663.6 687.0 969.7 995.4 858.2 1022.6 949.9 1178.7 1232.4 1229.4 -999.0 -999.0 -999.0 -999.0 -999.0 -999.0 -999.0 -999.0 -999.0 -999.0 -999.0 -999.0 -999.0 -999.0 -999.0 -999.0 -999.0 -999.0 -999.0 -999.0 -999.0 -999.0 -999.0 -999.0 -999.0 -999.0 -999.0 -999.0 -999.0 -999.0 -999.0 -999.0 -999.0 -999.0 -999.0 -999.0 -999.0 -999.0 -999.0 -999.0 -999.0 -999.0 -999.0 -999.0
-999.0 -999.0 -999.0 -999.0 1261.9 1316.2 1192.2 1396.5 569.9 766.8 747.0 808.3 597.9 318.4 702.2 854.4 903.3 613.2 711.4 952.5 875.9 1013.3 1088.1 1222.5 1282.7 1098.0 -999.0 -999.0 -999.0 -999.0 -999.0 -999.0 -999.0 -999.0 -999.0 -999.0 -999.0 -999.0 -999.0 -999.0 -999.0 -999.0 -999.0 -999.0 -999.0 -999.0 -999.0 -999.0 -999.0 -999.0 -999.0 -999.0 -999.0 -999.0 -999.0 -999.0 -999.0 -999.0 -999.0 -999.0 -999.0 -999.0 -999.0 -999.0 -999.0 -999.0 -999.0 -999.0 -999.0 -999.0 -999.0
-999.0 -999.0 -999.0 1403.4 1052.1 990.0 751.7 975.1 1369.9 838.6 846.7 787.6 854.7 799.1 875.4 718.3 922.0 947.3 451.7 802.1 951.5 1271.7 1293.0 1292.6 1318.4 -999.0 -999.0 -999.0 -999.0 -999.0 -999.0 1400.1 1385.5 1366.4 1410.9 -999.0 -999.0 1437.9 1281.0 1320.8 1392.4 1398.4 -999.0 -999.0 -999.0 1324.4 -999.0 1328.3 1331.7 -999.0 -999.0 -999.0 -999.0 -999.0 -999.0 -999.0 -999.0 -999.0 -999.0 -999.0 -999.0 -999.0 -999.0 -999.0 -999.0 -999.0 -999.0 -999.0 -999.0 -999.0 -999.0
-999.0 -999.0 -999.0 -999.0 1202.0 921.5 713.3 879.0 836.2 1339.4 848.2 901.4 729.7 886.8 979.3 1269.6 1074.2 814.0 861.6 995.8 1168.0 1189.7 1128.4 1063.3 1332.8 -999.0 -999.0 -999.0 1441.6 1462.9 1407.2 1390.5 1380.8 1424.2 1413.4 1427.4 1413.8 1282.1 1143.4 1139.5 1268.4 1305.7 1344.0 1262.8 1121.9 1081.3 1151.2 1218.6 1246.4 1244.3 -999.0 -999.0 -999.0 -999.0 -999.0 -999.0 -999.0 -999.0 -999.0 -999.0 -999.0 -999.0 -999.0 -999.0 -999.0 -999.0 -999.0 -999.0 -999.0 -999.0 -999.0
-999.0 1267.8 -999.0 1208.4 1376.9 1296.5 1268.1 430.2 1259.5 965.2 1133.3 865.6 1051.8 825.0 859.4 781.0 1114.1 1243.7 1220.8 1147.4 1310.2 1092.5 1196.4 1078.3 1304.8 1409.2 1420.4 1369.7 1411.1 1440.9 1300.5 1131.0 1313.1 1345.4 1238.8 1406.3 1097.1 966.9 1008.9 1064.3 1210.4 1119.5 1204.4 1255.6 1175.7 1056.7 1112.4 1159.7 1004.6 1187.5 1247.5 -999.0 -999.0 -999.0 -999.0 -999.0 -999.0 -999.0 -999.0 -999.0 -999.0 -999.0 -999.0 -999.0 -999.0 -999.0 -999.0 -999.0 -999.0 -999.0 -999.0
-999.0 -999.0 1342.6 749.3 948.9 1032.4 595.6 812.1 544.3 1136.3 885.4 861.5 944.2 951.1 1133.8 692.9 805.6 812.0 1214.9 1350.5 1167.4 1315.0 1429.3 -999.0 1405.1 1377.0 1400.1 1264.5 1252.5 1290.4 1207.9 1217.8 1061.2 1047.4 1121.1 1216.2 1138.4 1138.5 1174.5 1180.3 1063.7 1180.6 1215.7 1206.3 1131.3 1137.3 1123.9 1137.5 1128.7 1107.6 1174.7 1256.7 -999.0 -999.0 -999.0 -999.0 -999.0 -999.0 -999.0 -999.0 -999.0 -999.0 -999.0 -999.0 -999.0 -999.0 -999.0 -999.0 -999.0 -999.0 -999.0
1287.4 -999.0 1346.7 1112.6 825.8 738.6 1030.3 541.0 667.3 1062.4 956.3 768.4 692.3 707.3 933.9 926.0 744.4 860.6 938.4 1363.2 1413.1 1464.8 1505.9 1416.2 1216.7 1179.8 1192.2 1189.0 1251.7 1114.4 1040.7 1047.8 901.5 994.9 1187.8 1034.3 999.1 980.8 1041.1 1262.2 1271.1 1300.3 1218.0 1220.0 1134.4 1158.7 1122.2 1172.8 1168.1 1166.2 1150.2 1226.8 -999.0 -999.0 -999.0 -999.0 -999.0 -999.0 -999.0 -999.0 -999.0 -999.0 -999.0 -999.0 -999.0 -999.0 -999.0 -999.0 -999.0 -999.0 -999.0
834.2 -999.0 -999.0 861.9 478.5 868.4 726.9 1360.6 1074.0 1007.4 1008.8 701.7 845.4 487.8 530.3 622.5 853.1 1035.4 1231.2 1315.3 1010.3 1229.7 1402.3 1167.0 983.3 857.7 953.5 1045.4 1015.4 1044.0 872.2 853.8 1130.4 1133.8 1165.9 1220.4 1041.5 1032.4 1088.9 1211.3 1272.5 1230.7 1096.8 1228.0 1172.2 1189.0 1085.2 1189.5 1127.4 1122.4 1108.9 1192.1 -999.0 -999.0 -999.0 -999.0 -999.0 -999.0 -999.0 -999.0 -999.0 -999.0 -999.0 -999.0 -999.0 -999.0 -999.0 -999.0 -999.0 -999.0 -999.0
1009.0 -999.0 -999.0 1165.4 1206.8 1178.6 1268.3 1066.4 886.5 656.1 1022.8 883.9 926.0 1029.5 1078.1 869.1 866.8 889.3 946.8 1029.5 759.8 1254.1 1081.4 1098.0 938.9 712.2 800.6 987.4 961.1 941.9 790.6 953.1 1237.6 866.0 1034.1 941.8 849.9 1065.0 1003.4 1221.7 1154.0 994.8 1128.4 1173.8 1248.1 1180.6 1243.5 1220.4 1085.0 1152.0 1175.2 -999.0 -999.0 -999.0 -999.0 -999.0 -999.0 -999.0 -999.0 -999.0 -999.0 -999.0 -999.0 -999.0 -999.0 -999.0 -999.0 -999.0 -999.0 -999.0 -999.0
1372.0 1400.2 -999.0 -999.0 1490.3 1176.5 1314.0 1051.5 731.6 506.1 795.5 478.9 739.7 836.7 884.7 1100.2 1049.3 916.9 942.6 825.4 1362.8 1095.8 1140.7 713.2 912.4 919.7 644.9 870.9 878.8 913.1 1024.1 1152.4 1031.8 945.5 997.7 909.2 923.8 810.3 964.4 1172.4 944.2 1095.6 1176.4 1183.6 1050.2 1197.6 1261.2 1289.6 1199.8 1189.0 1217.2 -999.0 -999.0 -999.0 -999.0 -999.0 -999.0 -999.0 -999.0 -999.0 -999.0 -999.0 -999.0 -999.0 -999.0 -999.0 -999.0 -999.0 -999.0 -999.0 -999.0
1191.3 1357.4 -999.0 -999.0 1353.3 1331.6 1395.1 1056.1 1497.2 1110.9 802.4 563.3 412.7 581.3 1018.5 993.1 896.2 708.8 942.6 1276.8 1032.4 1008.4 976.3 772.2 824.7 880.3 667.2 956.1 1019.4 1061.1 1116.1 740.3 984.2 955.4 582.7 787.1 892.6 860.3 1063.3 1067.4 1109.1 1178.0 1243.0 1241.9 1261.0 1177.6 1247.4 1258.8 1211.1 1204.3 -999.0 -999.0 -999.0 -999.0 -999.0 -999.0 -999.0 -999.0 -999.0 -999.0 -999.0 -999.0 -999.0 -999.0 -999.0 -999.0 -999.0 -999.0 -999.0 -999.0 -999.0
1145.5 1330.1 1300.0 1066.3 719.9 896.4 778.9 999.6 1355.0 953.5 471.5 503.8 1092.7 864.5 1016.8 824.6 669.8 702.2 905.8 1146.1 1009.2 632.6 539.6 766.6 733.6 718.1 994.9 1075.1 1097.3 930.6 789.3 1018.5 1002.8 990.2 836.0 658.7 778.4 623.4 1059.9 822.9 986.6 983.2 763.7 1145.2 1306.1 1187.3 1143.8 1253.0 1211.0 -999.0 -999.0 -999.0 -999.0 -999.0 -999.0 -999.0 -999.0 -999.0 -999.0 -999.0 -999.0 -999.0 -999.0 -999.0 -999.0 -999.0 -999.0 -999.0 -999.0 -999.0 -999.0
1390.4 1104.5 1329.1 775.5 1383.7 1299.5 1143.2 752.8 589.9 991.1 843.6 941.0 611.4 758.3 830.5 860.8 1084.1 1058.6 1071.0 1043.8 790.5 499.3 609.4 840.3 556.2 902.1 803.0 1121.0 1126.5 1052.7 912.4 830.6 827.4 786.5 625.8 657.0 915.6 828.7 1111.7 1109.8 1195.5 1170.3 1175.5 1248.9 1281.3 1294.9 1257.4 1241.5 1352.5 -999.0 -999.0 -999.0 -999.0 -999.0 -999.0 -999.0 -999.0 -999.0 -999.0 -999.0 -999.0 -999.0 -999.0 -999.0 -999.0 -999.0 -999.0 -999.0 -999.0 -999.0 -999.0
-999.0 1261.2 1179.0 -999.0 1424.0 902.2 608.8 551.5 1059.9 1159.3 1076.4 588.2 580.6 1152.9 1237.2 1032.7 734.0 1208.1 1085.6 807.5 568.5 499.5 527.5 443.8 717.8 628.7 802.5 1085.6 640.7 949.7 609.1 647.2 612.4 530.7 663.8 852.3 973.7 870.5 981.1 921.3 1076.0 1074.2 1186.6 1219.9 1252.5 1280.0 1333.7 1301.9 -999.0 -999.0 -999.0 -999.0 -999.0 -999.0 -999.0 -999.0 -999.0 -999.0 -999.0 -999.0 -999.0 -999.0 -999.0 -999.0 -999.0 -999.0 -999.0 -999.0 -999.0 -999.0 -999.0
1448.1 1091.6 1452.1 -999.0 716.2 1039.4 990.7 1576.2 879.8 1107.4 562.0 643.2 929.2 728.3 661.3 1013.2 1356.8 843.4 797.8 680.8 454.1 423.1 429.7 397.3 639.4 900.5 1135.9 1077.4 986.2 717.0 479.3 530.2 773.7 651.9 827.6 738.9 833.8 945.1 1035.9 972.2 973.5 1012.6 1135.9 1086.1 1247.0 1167.2 1166.0 1296.5 -999.0 -999.0 -999.0 -999.0 -999.0 -999.0 -999.0 -999.0 -999.0 -999.0 -999.0 -999.0 -999.0 -999.0 -999.0 -999.0 -999.0 -999.0 -999.0 -999.0 -999.0 -999.0 -999.0
1202.1 1440.2 -999.0 1299.1 1182.8 854.5 1168.3 986.3 762.0 1190.3 1192.2 1012.8 1161.1 1304.5 1309.1 1284.6 889.3 577.2 529.4 495.6 441.5 330.5 438.0 803.7 995.3 1015.1 541.9 823.5 271.9 213.9 437.1 476.0 486.7 683.9 780.1 806.6 750.9 1139.3 1135.2 1088.8 1170.4 1163.7 766.2 970.6 1300.1 1288.8 1286.3 1295.4 1393.1 -999.0 -999.0 -999.0 -999.0 -999.0 -999.0 -999.0 -999.0 -999.0 -999.0 -999.0 -999.0 -999.0 -999.0 -999.0 -999.0 -999.0 -999.0 -999.0 -999.0 -999.0 -999.0
-999.0 -999.0 1513.4 1014.1 935.8 816.1 1280.5 953.2 608.8 1147.7 1061.3 809.2 852.1 823.8 980.1 707.7 640.3 459.9 742.6 768.9 606.1 476.1 646.8 1025.3 912.8 978.0 652.7 293.5 537.8 272.4 406.4 436.0 523.5 631.0 683.5 871.8 1069.8 1163.3 1072.1 1187.3 1248.0 1145.9 1204.0 1280.9 1338.4 1222.8 1193.1 1266.0 -999.0 -999.0 -999.0 -999.0 -999.0 -999.0 -999.0 -999.0 -999.0 -999.0 -999.0 -999.0 -999.0 -999.0 -999.0 -999.0 -999.0 -999.0 -999.0 -999.0 -999.0 -999.0 -999.0
-999.0 -999.0 1504.0 1484.6 1184.9 788.5 1066.2 765.0 1258.0 1296.3 1245.0 1033.5 620.8 509.8 641.9 884.0 929.6 839.8 591.2 781.9 806.7 918.1 906.1 741.7 669.3 551.4 409.9 418.5 386.1 602.9 642.2 702.7 971.4 958.2 888.9 839.2 755.8 903.8 1005.5 798.0 970.7 1276.4 1213.7 1098.9 1063.0 1048.6 1182.4 -999.0 -999.0 -999.0 -999.0 -999.0 -999.0 -999.0 -999.0 -999.0 -999.0 -999.0 -999.0 -999.0 -999.0 -999.0 -999.0 -999.0 -999.0 -999.0 -999.0 -999.0 -999.0 -999.0 -999.0
-999.0 -999.0 1207.5 843.7 1344.9 690.6 634.8 750.7 642.2 824.9 1177.5 1077.7 1229.3 1270.5 624.5 707.5 600.4 203.4 1009.4 884.9 889.2 819.8 851.9 623.2 667.4 471.3 618.6 675.3 706.8 618.3 770.9 556.1 554.2 423.1 575.4 772.3 602.6 408.8 613.3 688.2 845.3 868.5 932.0 941.4 1048.5 1083.6 1213.1 -999.0 -999.0 -999.0 -999.0 -999.0 -999.0 -999.0 -999.0 -999.0 -999.0 -999.0 -999.0 -999.0 -999.0 -999.0 -999.0 -999.0 -999.0 -999.0 -999.0 -999.0 -999.0 -999.0 -999.0
-999.0 1513.7 1533.2 1278.1 1523.1 1297.8 1104.3 835.1 1194.3 1165.0 592.9 1152.0 1213.1 1197.5 1143.2 694.8 897.1 1098.2 950.7 513.4 609.1 841.9 384.8 568.1 619.7 486.2 406.0 485.5 533.6 511.0 519.0 546.7 494.2 292.0 819.6 570.2 602.4 1003.4 1034.8 729.7 922.4 878.5 863.8 1139.8 1044.9 1087.5 1177.8 -999.0 -999.0 -999.0 -999.0 -999.0 -999.0 -999.0 -999.0 -999.0 -999.0 -999.0 -999.0 -999.0 -999.0 -999.0 -999.0 -999.0 -999.0 -999.0 -999.0 -999.0 -999.0 -999.0 -999.0
-999.0 -999.0 1479.4 1187.9 608.8 1273.4 1468.7 1322.4 1411.9 1464.0 1430.5 1384.2 1174.8 1102.2 723.1 993.6 896.9 926.5 537.5 664.1 911.7 825.6 366.8 672.6 545.5 763.0 470.4 487.9 717.3 314.1 387.5 428.2 295.5 355.6 574.5 433.2 565.5 734.8 968.5 1174.2 1139.3 946.5 1091.3 1250.3 1196.0 1104.4 1307.9 -999.0 -999.0 -999.0 -999.0 -999.0 -999.0 -999.0 -999.0 -999.0 -999.0 -999.0 -999.0 -999.0 -999.0 -999.0 -999.0 -999.0 -999.0 -999.0 -999.0 -999.0 -999.0 -999.0 -999.0
1453.4 1455.8 1455.1 1344.0 956.0 1441.1 698.3 1125.5 902.8 708.3 1412.3 1349.0 197.2 489.6 465.3 645.2 442.1 540.6 497.0 492.9 423.7 677.2 635.6 818.0 838.1 873.9 697.8 714.0 432.8 716.3 654.0 789.7 618.4 431.9 539.4 1012.3 745.3 673.4 970.9 733.9 1113.5 1269.7 1298.5 1273.6 1093.7 1191.3 -999.0 -999.0 -999.0 -999.0 -999.0 -999.0 -999.0 -999.0 -999.0 -999.0 -999.0 -999.0 -999.0 -999.0 -999.0 -999.0 -999.0 -999.0 -999.0 -999.0 -999.0 -999.0 -999.0 -999.0 -999.0
