GDD/GrowingDegreeDays_1978_Actual.txt
ncols         180
nrows         290
xllcorner     -200000
yllcorner     -200000
cellsize      5000
NODATA_value    -999
[rows 128 to 159 of 290, columns 71 to 141 of 180]
-999.0 1238.6 1549.0 1581.2 -999.0 -999.0 -999.0 -999.0 -999.0 -999.0 -999.0 -999.0 -999.0 1444.3 1339.9 1519.6 1326.9 1163.9 1255.3 1033.0 868.1 960.5 847.4 980.4 1120.3 1206.3 1158.2 956.8 1019.6 1075.6 1293.6 1076.1 791.7 1007.6 874.2 1065.2 1085.6 1276.2 1259.5 1148.2 1207.9 1178.7 1067.2 941.4 842.5 893.3 1026.3 1128.6 1166.9 1275.6 1156.3 1140.6 1253.5 1339.9 -999.0 -999.0 -999.0 -999.0 -999.0 -999.0 -999.0 -999.0 -999.0 -999.0 -999.0 -999.0 -999.0 -999.0 -999.0 -999.0 -999.0
-999.0 -999.0 -999.0 -999.0 -999.0 -999.0 -999.0 -999.0 -999.0 -999.0 -999.0 -999.0 -999.0 1490.5 1562.9 1231.2 1318.2 1142.0 1255.5 997.1 982.3 803.3 864.5 894.8 1011.5 1064.5 1246.3 729.3 801.8 1094.7 1329.4 1064.0 885.4 1082.8 1039.8 926.9 1153.3 1014.7 958.9 1087.1 955.9 948.0 770.2 1061.9 1049.4 984.4 990.6 1013.8 1209.0 1373.1 1301.6 1321.5 1356.6 1415.3 1453.3 -999.0 -999.0 -999.0 -999.0 -999.0 -999.0 -999.0 -999.0 -999.0 -999.0 -999.0 -999.0 -999.0 -999.0 -999.0 -999.0
-999.0 -999.0 -999.0 -999.0 -999.0 -999.0 -999.0 -999.0 -999.0 -999.0 -999.0 -999.0 1685.5 1319.5 1181.9 1199.5 1125.5 1125.8 1206.2 1257.9 955.2 964.5 879.4 940.8 973.6 1195.1 1415.7 1148.3 1058.0 1082.7 1294.1 1296.7 1121.7 1097.7 1093.3 1053.0 855.7 1123.7 1159.4 1117.3 1129.9 779.1 949.0 836.5 906.7 1084.4 1069.7 1052.3 1055.0 1048.4 1327.6 1398.3 1410.8 1423.0 1482.0 -999.0 -999.0 -999.0 -999.0 -999.0 -999.0 -999.0 -999.0 -999.0 -999.0 -999.0 -999.0 -999.0 -999.0 -999.0 -999.0
-999.0 -999.0 -999.0 -999.0 -999.0 -999.0 -999.0 -999.0 -999.0 -999.0 -999.0 -999.0 1406.8 1301.8 1265.0 938.0 999.6 1160.5 1202.4 958.1 1250.8 1154.6 1002.2 1116.4 1107.7 1354.4 1488.3 1309.9 1232.0 1052.8 1373.5 1332.9 1298.8 1206.7 1294.5 975.4 1278.9 992.7 1095.9 1248.8 795.9 1149.5 1035.8 979.2 1049.5 997.6 1177.0 1179.4 1031.8 1090.7 1261.6 1269.0 1331.6 1407.9 1455.8 -999.0 -999.0 -999.0 -999.0 -999.0 -999.0 -999.0 -999.0 -999.0 -999.0 -999.0 -999.0 -999.0 -999.0 -999.0 -999.0
-999.0 -999.0 -999.0 -999.0 -999.0 -999.0 -999.0 -999.0 -999.0 -999.0 -999.0 1382.0 1405.1 1364.9 1097.9 1169.5 1140.8 714.1 1024.3 1049.2 1277.7 1180.2 1153.5 1252.7 1128.7 1179.6 1354.3 1250.0 1303.6 1459.4 1498.7 1403.2 1224.6 1213.5 1021.2 1174.6 1312.7 993.7 1212.1 1161.5 834.3 1099.5 1183.3 1249.0 1124.5 1027.7 1086.6 1072.7 1076.8 1211.7 1262.4 1324.7 1404.1 1410.0 1450.1 -999.0 -999.0 -999.0 -999.0 -999.0 -999.0 -999.0 -999.0 -999.0 -999.0 -999.0 -999.0 -999.0 -999.0 -999.0 -999.0
-999.0 -999.0 -999.0 -999.0 -999.0 -999.0 -999.0 -999.0 -999.0 -999.0 1552.6 1361.6 1215.9 1387.7 1295.6 1193.0 1236.0 1059.5 1185.1 808.0 1343.7 1400.3 1294.7 1242.3 1222.2 1203.1 1365.0 1504.6 1590.0 1370.1 1524.0 1511.3 1318.7 1267.3 1268.8 1270.6 1374.3 1180.7 1348.9 1197.0 908.5 985.1 976.2 1057.4 1112.4 1193.2 1233.5 1085.7 1162.6 1226.1 1256.9 1311.8 1350.6 1437.7 1465.2 1498.3 -999.0 -999.0 -999.0 -999.0 -999.0 -999.0 -999.0 -999.0 -999.0 -999.0 -999.0 -999.0 -999.0 -999.0 -999.0
-999.0 -999.0 -999.0 -999.0 -999.0 -999.0 -999.0 -999.0 -999.0 -999.0 1285.7 967.8 1169.7 1253.1 1326.6 1331.0 1402.4 799.3 1037.8 1198.3 1239.5 1448.0 1420.3 1325.3 1362.1 1077.4 1461.8 1592.4 1615.9 1612.6 1354.8 1526.8 1314.3 1359.8 1319.0 1369.1 1364.4 1359.0 1194.8 1304.4 1108.6 1041.9 1083.8 1026.6 1160.1 1266.2 1308.8 1201.9 1257.8 1177.0 1256.2 1361.7 1458.6 1414.7 1435.2 1482.9 -999.0 -999.0 -999.0 -999.0 -999.0 -999.0 -999.0 -999.0 -999.0 -999.0 -999.0 -999.0 -999.0 -999.0 -999.0
-999.0 -999.0 -999.0 -999.0 -999.0 -999.0 -999.0 -999.0 1502.7 1429.4 1176.4 1179.2 1203.8 1182.7 1337.8 1329.8 1463.3 1097.5 1180.0 1167.3 1285.4 1325.6 1509.7 1351.4 1320.8 1399.6 1433.4 1481.4 1677.8 1641.6 1496.5 1501.6 1488.3 1450.3 1422.3 1479.8 1489.1 1368.1 1374.7 1369.4 1076.5 1116.4 1128.2 1134.8 1071.9 1217.8 1278.0 1415.2 1325.0 1282.9 1325.4 1380.6 1467.7 1458.6 1447.0 1457.4 -999.0 -999.0 -999.0 -999.0 -999.0 -999.0 -999.0 -999.0 -999.0 -999.0 -999.0 -999.0 -999.0 -999.0 -999.0
-999.0 -999.0 -999.0 -999.0 -999.0 -999.0 -999.0 -999.0 1413.3 1375.4 1439.7 1213.5 1257.0 1191.1 1366.7 1461.9 1505.2 1469.1 1374.0 1039.5 1258.3 1344.9 1526.0 1553.8 1505.8 1513.5 1521.3 1479.5 1606.1 1515.8 1601.9 1574.0 1562.8 1536.2 1550.4 1568.5 1599.8 1556.2 1424.7 1399.8 1401.4 1271.3 1216.7 1222.9 1249.2 1300.1 1526.0 1392.4 1176.0 1250.8 1385.6 1407.8 1458.6 1460.2 1515.2 1488.1 1523.8 -999.0 -999.0 -999.0 -999.0 -999.0 -999.0 -999.0 -999.0 -999.0 -999.0 -999.0 -999.0 -999.0 -999.0
-999.0 -999.0 -999.0 -999.0 -999.0 -999.0 -999.0 -999.0 1395.6 1361.4 1507.9 1290.6 1411.2 1338.4 1423.6 1495.8 1489.0 1581.1 1302.2 1281.3 1339.3 1231.6 1492.8 1560.4 1512.5 1564.7 1436.3 1175.0 1500.8 -999.0 -999.0 -999.0 1593.1 1554.6 -999.0 1628.2 1647.6 1608.8 1564.6 1512.1 1356.9 1195.8 1282.6 1291.0 1236.0 1338.5 1263.4 1247.9 1372.1 1460.3 1506.7 1511.8 1457.8 1642.3 1629.1 1565.9 1520.4 -999.0 -999.0 -999.0 -999.0 -999.0 -999.0 -999.0 -999.0 -999.0 -999.0 -999.0 -999.0 -999.0 -999.0
1592.3 -999.0 -999.0 -999.0 -999.0 -999.0 -999.0 -999.0 1531.0 1268.4 1461.0 1496.0 1453.7 1405.5 1416.1 1452.6 1543.2 1580.8 1552.6 1169.2 1344.0 1272.6 1487.6 1537.5 1377.8 1590.7 1528.9 1519.9 1557.2 -999.0 -999.0 -999.0 1600.3 1573.0 1556.3 1599.7 1657.4 1636.0 1610.7 1402.1 1153.8 1056.0 1204.1 1002.6 1228.3 1278.9 1102.9 1296.9 1243.7 1257.3 1334.7 1538.5 1455.1 1355.0 1498.8 1495.4 1532.5 -999.0 -999.0 -999.0 -999.0 -999.0 -999.0 -999.0 -999.0 -999.0 -999.0 -999.0 -999.0 -999.0 -999.0
1430.3 1483.0 -999.0 -999.0 -999.0 -999.0 -999.0 -999.0 -999.0 1399.6 1356.2 1516.4 -999.0 1477.5 1434.7 1457.7 1480.5 1573.8 -999.0 1547.3 1602.6 1442.9 1531.0 1470.5 1460.0 1607.1 1603.1 -999.0 -999.0 -999.0 -999.0 1599.0 1583.0 1572.6 1584.4 1566.1 1568.3 1597.5 1527.8 1418.9 1111.0 800.7 1205.0 888.9 1133.0 1035.4 986.1 1190.1 1104.9 1238.8 1385.8 1299.6 1301.1 1391.7 1528.9 1452.2 1416.4 1570.7 -999.0 -999.0 -999.0 -999.0 -999.0 -999.0 -999.0 -999.0 -999.0 -999.0 -999.0 -999.0 -999.0
1329.8 -999.0 -999.0 -999.0 -999.0 -999.0 -999.0 -999.0 -999.0 -999.0 1442.5 -999.0 -999.0 -999.0 1568.0 1453.4 1455.4 1494.0 1563.4 -999.0 -999.0 1534.2 1612.1 1454.0 1401.7 -999.0 -999.0 -999.0 -999.0 -999.0 1642.6 1536.3 1547.2 1548.4 1561.2 1505.4 1546.5 1472.2 1388.3 1459.9 1259.1 984.5 804.1 964.0 862.3 847.2 860.4 1054.9 1041.8 1031.2 1129.3 1305.8 1343.7 1340.1 1524.8 1456.3 1373.9 1429.4 -999.0 -999.0 -999.0 -999.0 -999.0 -999.0 -999.0 -999.0 -999.0 -999.0 -999.0 -999.0 -999.0
-999.0 -999.0 -999.0 -999.0 -999.0 -999.0 -999.0 -999.0 -999.0 -999.0 1511.6 1522.5 -999.0 -999.0 -999.0 1557.6 1393.1 1396.0 1476.9 -999.0 -999.0 -999.0 -999.0 1636.4 -999.0 -999.0 -999.0 -999.0 -999.0 -999.0 1661.4 1581.9 1561.2 1445.2 1347.9 1343.5 1435.3 1435.7 1479.5 1444.8 1351.5 1064.3 847.4 1020.4 714.8 806.9 783.6 1000.7 999.8 904.8 1090.8 1238.4 1335.5 1486.5 1548.7 1432.9 1346.7 1405.6 -999.0 -999.0 -999.0 -999.0 -999.0 -999.0 -999.0 -999.0 -999.0 -999.0 -999.0 -999.0 -999.0
1702.1 1698.9 1665.3 -999.0 -999.0 -999.0 -999.0 -999.0 -999.0 -999.0 -999.0 1394.1 -999.0 -999.0 -999.0 -999.0 1529.8 1419.6 1503.8 -999.0 -999.0 -999.0 -999.0 -999.0 -999.0 -999.0 -999.0 -999.0 -999.0 1686.8 1602.6 1455.6 1358.7 1321.2 1224.0 1244.7 1323.9 1354.2 1454.0 1393.5 1371.7 1184.7 699.5 638.0 682.7 778.2 1025.7 1134.5 1098.7 1185.5 1324.2 1179.1 1204.8 1458.3 1475.0 1387.1 1336.8 1403.6 1534.1 -999.0 -999.0 -999.0 -999.0 -999.0 -999.0 -999.0 -999.0 -999.0 -999.0 -999.0 -999.0
1456.1 1475.0 1559.4 1617.6 -999.0 -999.0 -999.0 -999.0 -999.0 -999.0 -999.0 1312.7 -999.0 -999.0 -999.0 -999.0 -999.0 -999.0 -999.0 -999.0 -999.0 -999.0 -999.0 -999.0 -999.0 -999.0 -999.0 -999.0 -999.0 1598.8 1546.9 1514.8 1473.0 1529.3 1028.9 1184.5 1273.6 1173.6 1429.0 1307.4 1518.2 1330.9 835.6 576.8 767.2 932.9 692.9 663.7 795.0 944.4 1036.4 1343.3 1305.1 1358.9 1309.9 1367.4 1396.6 1400.6 1509.0 1621.0 -999.0 -999.0 -999.0 -999.0 -999.0 -999.0 -999.0 -999.0 -999.0 -999.0 -999.0
1525.8 1559.0 1537.7 1582.0 -999.0 -999.0 -999.0 -999.0 -999.0 -999.0 -999.0 -999.0 -999.0 -999.0 -999.0 -999.0 -999.0 -999.0 -999.0 -999.0 -999.0 -999.0 -999.0 -999.0 -999.0 -999.0 -999.0 -999.0 1709.8 1603.1 1482.6 1542.4 1247.8 1636.2 730.1 769.3 1324.0 1275.7 1383.3 1452.3 1380.6 1440.5 1216.9 643.1 719.5 868.3 942.1 1028.0 906.1 948.2 1027.4 1177.7 1291.5 1356.4 1407.7 1430.0 1392.0 1464.8 1611.0 1654.6 -999.0 -999.0 -999.0 -999.0 -999.0 -999.0 -999.0 -999.0 -999.0 -999.0 -999.0
1602.0 1627.5 1623.8 1576.4 -999.0 -999.0 -999.0 -999.0 -999.0 -999.0 -999.0 -999.0 -999.0 -999.0 -999.0 -999.0 -999.0 -999.0 -999.0 -999.0 -999.0 -999.0 -999.0 -999.0 -999.0 -999.0 -999.0 -999.0 1698.1 1455.2 1510.4 1334.0 830.3 1302.4 1530.8 1120.6 1051.9 1200.4 1241.8 1329.5 1366.0 1427.1 1380.3 1267.6 708.1 848.2 899.3 1037.6 1066.0 1083.3 1222.6 1252.1 1292.8 1281.0 1434.3 1373.3 1441.9 1467.2 1588.9 1666.6 1654.2 1610.3 1590.5 -999.0 -999.0 -999.0 -999.0 -999.0 -999.0 -999.0 -999.0
1548.6 1670.6 -999.0 1581.8 1618.9 -999.0 -999.0 -999.0 -999.0 -999.0 -999.0 -999.0 -999.0 -999.0 -999.0 -999.0 -999.0 -999.0 -999.0 -999.0 -999.0 -999.0 -999.0 -999.0 -999.0 -999.0 -999.0 -999.0 1664.2 1467.2 1379.5 1097.2 1402.0 1309.7 1202.1 972.7 1182.5 1260.5 963.6 1341.7 1181.5 1362.3 1441.7 1470.0 1185.6 966.5 964.1 1027.1 1078.3 1231.9 1232.6 1295.0 1381.3 1463.7 1467.1 1477.6 1453.7 1514.6 1573.0 1612.1 1364.0 1460.6 1380.7 1365.5 1452.4 -999.0 -999.0 -999.0 -999.0 -999.0 -999.0
1515.4 1590.4 1602.7 1563.1 -999.0 -999.0 -999.0 -999.0 -999.0 -999.0 -999.0 -999.0 -999.0 -999.0 -999.0 -999.0 -999.0 -999.0 -999.0 -999.0 -999.0 -999.0 -999.0 -999.0 -999.0 -999.0 -999.0 -999.0 1660.7 1451.4 1269.2 885.7 772.3 1012.9 1291.1 1221.3 1134.7 935.9 1244.8 953.0 1100.1 1235.9 1312.9 1355.1 1416.9 1301.4 976.4 1008.2 1082.9 1154.1 1223.8 1298.4 1358.1 1440.7 1515.6 1502.7 1510.0 1560.8 1567.5 1546.0 1430.6 1175.0 1204.3 1221.6 1215.1 1310.6 1535.1 -999.0 -999.0 -999.0 -999.0
1585.8 1607.2 1569.9 1526.3 -999.0 -999.0 -999.0 -999.0 -999.0 -999.0 -999.0 -999.0 -999.0 -999.0 -999.0 -999.0 -999.0 -999.0 -999.0 -999.0 -999.0 -999.0 -999.0 -999.0 -999.0 -999.0 -999.0 -999.0 1681.3 1579.8 1264.6 1073.8 1389.7 589.1 777.3 1288.3 1126.0 1275.3 940.0 872.9 1110.9 1250.8 1242.6 1212.5 1341.0 791.0 879.4 892.6 867.1 877.5 975.6 1266.1 1248.5 1429.8 1512.6 1525.4 1535.1 1562.2 1593.0 1592.4 1497.3 1257.4 1330.8 1357.8 1303.5 1262.6 1497.6 1356.8 -999.0 -999.0 -999.0
1641.3 1608.7 1499.3 1574.5 -999.0 -999.0 -999.0 -999.0 -999.0 -999.0 -999.0 -999.0 -999.0 -999.0 -999.0 -999.0 1663.3 1642.9 1671.0 -999.0 -999.0 -999.0 -999.0 -999.0 -999.0 -999.0 -999.0 -999.0 -999.0 1707.0 1589.2 1468.5 1291.9 1229.4 989.5 1465.7 1684.2 1209.4 1194.8 1197.5 1237.8 1109.4 1108.1 1195.1 1146.3 948.8 942.1 717.0 810.5 985.8 1082.6 1103.6 1279.6 1440.7 1513.7 1549.0 1525.1 1567.5 1580.0 1202.0 1267.3 994.7 967.0 1056.7 1133.4 1347.8 1172.4 1270.5 1497.4 -999.0 -999.0
1719.5 1593.6 1595.9 -999.0 -999.0 -999.0 -999.0 -999.0 -999.0 -999.0 -999.0 -999.0 -999.0 -999.0 -999.0 -999.0 1637.5 1628.4 -999.0 -999.0 -999.0 -999.0 -999.0 -999.0 -999.0 -999.0 -999.0 -999.0 -999.0 -999.0 1633.5 1643.7 1295.8 1337.6 766.6 1325.3 1314.6 1380.9 1497.8 1469.6 1386.8 1382.9 773.0 1189.4 1107.4 773.6 966.5 1205.0 1281.4 972.3 1288.3 1139.6 1350.5 1499.4 1584.0 1583.6 1555.6 1486.0 1285.3 1188.1 1233.6 1232.9 1276.7 1194.2 1109.8 1155.5 1140.6 1279.9 1276.1 -999.0 -999.0
1580.7 1548.8 -999.0 -999.0 -999.0 -999.0 -999.0 -999.0 -999.0 -999.0 -999.0 -999.0 -999.0 -999.0 -999.0 1617.9 1301.3 1376.6 1627.2 -999.0 -999.0 -999.0 -999.0 -999.0 -999.0 -999.0 -999.0 -999.0 -999.0 -999.0 1638.4 1384.2 1278.5 1259.0 1394.5 1298.4 1468.1 1495.3 1512.6 1518.1 1337.7 1408.1 1441.9 802.3 1097.1 1148.2 916.5 1103.1 921.7 1143.3 1132.3 1308.3 1419.0 1524.7 1574.1 1629.8 1583.2 1425.5 1312.9 1359.6 1283.2 1214.9 1246.7 1190.7 1203.1 1204.3 1202.3 1367.8 1277.2 1544.5 -999.0
-999.0 -999.0 -999.0 -999.0 -999.0 -999.0 -999.0 -999.0 -999.0 -999.0 -999.0 -999.0 -999.0 -999.0 1676.8 1247.7 1123.0 991.3 1639.9 -999.0 -999.0 -999.0 -999.0 -999.0 -999.0 -999.0 -999.0 -999.0 -999.0 -999.0 1649.3 1201.1 1317.0 1641.2 1468.4 1539.4 1476.7 1613.7 1591.7 1464.8 1349.4 1531.4 977.8 1151.0 933.1 1151.6 828.3 1291.5 1179.3 1333.0 1193.7 1361.1 1401.4 1466.0 1620.5 1637.6 1588.8 1499.5 1264.9 1249.1 1297.8 1396.9 1360.1 1347.4 1318.1 1297.1 1201.6 1228.1 1364.3 1420.2 -999.0
-999.0 -999.0 -999.0 -999.0 -999.0 -999.0 -999.0 -999.0 -999.0 -999.0 -999.0 -999.0 -999.0 1662.3 1575.0 977.9 1274.1 1444.5 -999.0 -999.0 -999.0 -999.0 -999.0 -999.0 -999.0 -999.0 -999.0 -999.0 -999.0 -999.0 -999.0 1634.3 1669.2 1691.1 1462.2 1639.6 1468.8 1635.7 1610.6 1550.3 1432.5 1545.3 1028.8 991.8 868.3 905.5 841.6 894.8 901.1 1009.7 1120.1 1165.8 1258.8 1489.1 1575.6 1572.6 1493.3 1466.1 1454.5 1182.8 1320.5 1533.3 1532.5 1464.9 1478.5 1466.4 1473.4 1471.2 1539.5 1543.9 1480.5
-999.0 -999.0 -999.0 -999.0 -999.0 -999.0 -999.0 -999.0 -999.0 -999.0 -999.0 -999.0 -999.0 1396.9 1180.1 1500.9 1593.3 1685.0 -999.0 -999.0 -999.0 -999.0 -999.0 -999.0 -999.0 -999.0 -999.0 -999.0 -999.0 -999.0 -999.0 -999.0 1738.2 1606.3 1642.7 1655.3 1553.2 1649.6 1646.6 1593.4 1429.4 1545.7 1049.2 1091.6 1116.9 910.9 973.0 1046.8 787.0 815.7 1104.4 1054.1 1213.0 1305.1 1500.6 1537.1 1485.8 1483.6 1511.9 1515.0 1538.7 1598.9 1553.5 1490.9 1456.6 1474.6 1508.7 1521.3 1524.2 1288.4 1287.7
-999.0 -999.0 -999.0 -999.0 -999.0 -999.0 -999.0 -999.0 -999.0 -999.0 -999.0 -999.0 -999.0 1381.4 1450.2 1453.8 1686.3 -999.0 -999.0 -999.0 -999.0 -999.0 -999.0 -999.0 -999.0 -999.0 -999.0 -999.0 -999.0 -999.0 -999.0 -999.0 1758.9 1613.7 1609.3 -999.0 1658.0 -999.0 1739.4 1677.6 1585.5 1591.3 1516.7 1069.0 1110.8 1072.4 809.9 1266.1 1218.6 851.1 996.8 1095.3 1188.2 1339.7 1474.4 1554.8 1606.2 1600.2 1568.0 1570.1 1530.1 1448.0 1513.5 1415.9 1452.9 1518.1 1478.2 1378.7 1409.0 1439.9 1422.9
-999.0 -999.0 -999.0 -999.0 -999.0 -999.0 -999.0 -999.0 -999.0 -999.0 -999.0 -999.0 1621.2 1633.2 1624.1 -999.0 -999.0 -999.0 -999.0 -999.0 -999.0 -999.0 -999.0 -999.0 -999.0 -999.0 -999.0 -999.0 -999.0 -999.0 -999.0 -999.0 1755.8 1718.4 1697.8 -999.0 -999.0 -999.0 1786.2 1538.4 1654.1 1526.6 1394.2 1441.7 1404.4 1276.3 976.0 960.4 1307.8 1016.1 937.1 1159.4 1125.9 1268.5 1394.1 1592.9 1619.7 1623.8 1611.7 1595.5 1570.7 1539.5 1525.9 1463.2 1532.2 1489.3 1415.6 1355.3 1329.4 1332.9 1377.5
-999.0 -999.0 -999.0 -999.0 -999.0 -999.0 -999.0 -999.0 -999.0 -999.0 -999.0 -999.0 -999.0 -999.0 -999.0 -999.0 -999.0 -999.0 -999.0 -999.0 -999.0 -999.0 -999.0 -999.0 -999.0 -999.0 -999.0 -999.0 -999.0 -999.0 -999.0 -999.0 -999.0 -999.0 -999.0 -999.0 -999.0 1800.0 1747.9 1568.7 1334.6 1242.8 1223.0 1213.1 1306.1 1282.4 1077.7 1097.1 1212.2 1362.9 1156.3 1083.1 1228.4 1317.6 1419.1 1514.0 1576.8 1574.5 1611.7 1619.1 1618.1 1612.2 1584.9 1581.2 1485.4 1270.0 1402.9 1361.8 1440.1 1430.0 1486.3
-999.0 -999.0 -999.0 -999.0 -999.0 -999.0 -999.0 -999.0 -999.0 -999.0 -999.0 -999.0 -999.0 -999.0 -999.0 -999.0 -999.0 -999.0 -999.0 -999.0 -999.0 -999.0 -999.0 -999.0 -999.0 -999.0 -999.0 -999.0 -999.0 -999.0 -999.0 -999.0 -999.0 -999.0 -999.0 -999.0 -999.0 1711.2 1605.9 1380.8 1136.7 963.5 1093.7 1342.7 1254.4 1452.1 1368.1 1411.6 1277.5 1216.6 1185.5 1196.6 1248.4 1345.6 1403.5 1453.4 1561.2 1566.9 1616.7 1637.0 1663.6 1651.4 1612.5 1590.3 1529.8 1229.9 1305.8 1459.0 1509.4 1534.2 1530.8
-999.0 -999.0 -999.0 -999.0 -999.0 -999.0 -999.0 -999.0 -999.0 -999.0 -999.0 -999.0 -999.0 -999.0 -999.0 -999.0 -999.0 -999.0 -999.0 -999.0 -999.0 -999.0 -999.0 -999.0 -999.0 -999.0 -999.0 -999.0 -999.0 -999.0 -999.0 -999.0 -999.0 -999.0 -999.0 -999.0 -999.0 1670.8 1644.0 1529.7 1285.2 1188.3 1244.1 1345.0 1372.0 1417.2 1355.8 1434.0 1443.6 1395.3 1547.0 1230.2 1370.2 1294.3 1397.0 1434.0 1568.0 1596.6 1602.8 1625.1 1687.6 1638.4 1629.9 1590.0 1571.0 1413.9 1370.1 1458.7 1532.4 1555.6 1570.0
