GDD/GrowingDegreeDays_1989_Actual.txt
ncols         180
nrows         290
xllcorner     -200000
yllcorner     -200000
cellsize      5000
NODATA_value    -999
[rows 128 to 159 of 290, columns 71 to 141 of 180]
-999.0 1325.0 1643.4 1688.8 -999.0 -999.0 -999.0 -999.0 -999.0 -999.0 -999.0 -999.0 -999.0 1501.9 1365.1 1539.1 1334.7 1170.2 1265.0 1047.0 890.2 979.5 874.5 1006.8 1149.9 1243.7 1202.1 1002.3 1054.2 1100.6 1307.1 1103.5 826.3 1030.9 906.8 1114.3 1145.4 1341.8 1326.3 1208.6 1257.8 1237.5 1139.8 1022.0 930.7 985.3 1122.2 1232.5 1276.4 1391.7 1275.0 1261.1 1383.1 1498.8 -999.0 -999.0 -999.0 -999.0 -999.0 -999.0 -999.0 -999.0 -999.0 -999.0 -999.0 -999.0 -999.0 -999.0 -999.0 -999.0 -999.0
-999.0 -999.0 -999.0 -999.0 -999.0 -999.0 -999.0 -999.0 -999.0 -999.0 -999.0 -999.0 -999.0 1537.6 1591.6 1239.1 1325.1 1145.2 1259.1 1006.2 993.1 826.3 887.2 920.8 1039.9 1098.3 1281.2 780.9 842.6 1119.0 1340.6 1089.0 909.1 1090.5 1061.1 970.8 1211.2 1077.8 1024.3 1156.5 1022.2 1017.1 847.9 1145.4 1137.9 1074.6 1085.1 1113.6 1319.1 1496.4 1424.5 1447.5 1486.9 1574.3 1650.3 -999.0 -999.0 -999.0 -999.0 -999.0 -999.0 -999.0 -999.0 -999.0 -999.0 -999.0 -999.0 -999.0 -999.0 -999.0 -999.0
-999.0 -999.0 -999.0 -999.0 -999.0 -999.0 -999.0 -999.0 -999.0 -999.0 -999.0 -999.0 1753.7 1347.9 1195.1 1209.9 1131.3 1128.2 1204.6 1255.3 954.6 966.5 894.0 960.7 999.1 1225.3 1449.3 1182.8 1091.6 1111.7 1318.5 1322.6 1149.8 1122.5 1125.8 1099.6 914.6 1190.0 1231.0 1192.6 1206.6 852.4 1022.1 920.3 993.8 1172.7 1160.0 1151.3 1163.3 1164.0 1451.7 1529.0 1544.9 1580.3 1675.3 -999.0 -999.0 -999.0 -999.0 -999.0 -999.0 -999.0 -999.0 -999.0 -999.0 -999.0 -999.0 -999.0 -999.0 -999.0 -999.0
-999.0 -999.0 -999.0 -999.0 -999.0 -999.0 -999.0 -999.0 -999.0 -999.0 -999.0 -999.0 1451.8 1322.6 1278.6 957.8 1012.5 1166.7 1200.9 953.3 1224.7 1133.3 1001.6 1128.7 1129.4 1383.3 1526.0 1343.0 1265.1 1087.2 1406.5 1367.1 1333.8 1245.5 1335.5 1027.5 1338.9 1059.9 1168.7 1326.5 869.4 1228.5 1112.9 1063.3 1139.0 1084.8 1270.7 1285.3 1144.1 1211.2 1389.7 1400.4 1466.8 1560.4 1643.2 -999.0 -999.0 -999.0 -999.0 -999.0 -999.0 -999.0 -999.0 -999.0 -999.0 -999.0 -999.0 -999.0 -999.0 -999.0 -999.0
-999.0 -999.0 -999.0 -999.0 -999.0 -999.0 -999.0 -999.0 -999.0 -999.0 -999.0 1440.3 1438.8 1384.3 1115.7 1184.0 1153.8 747.5 1029.8 1041.0 1237.7 1148.6 1147.5 1262.6 1148.6 1208.1 1386.8 1282.9 1335.6 1495.3 1540.3 1443.4 1267.4 1259.7 1072.4 1232.6 1375.9 1062.4 1289.4 1242.5 909.8 1181.3 1271.0 1342.0 1219.7 1123.1 1188.1 1182.4 1194.9 1338.9 1394.7 1461.8 1547.3 1562.7 1636.2 -999.0 -999.0 -999.0 -999.0 -999.0 -999.0 -999.0 -999.0 -999.0 -999.0 -999.0 -999.0 -999.0 -999.0 -999.0 -999.0
-999.0 -999.0 -999.0 -999.0 -999.0 -999.0 -999.0 -999.0 -999.0 -999.0 1641.8 1406.0 1237.5 1409.0 1312.8 1212.2 1254.1 1076.7 1193.4 828.9 1337.9 1387.2 1293.1 1253.2 1242.1 1229.9 1396.5 1541.4 1629.1 1400.2 1566.4 1560.6 1363.5 1316.6 1323.7 1330.7 1442.5 1254.1 1428.4 1280.9 988.6 1068.6 1063.8 1154.9 1216.8 1303.9 1348.6 1205.5 1288.2 1357.9 1392.1 1452.6 1496.5 1596.3 1652.2 1719.4 -999.0 -999.0 -999.0 -999.0 -999.0 -999.0 -999.0 -999.0 -999.0 -999.0 -999.0 -999.0 -999.0 -999.0 -999.0
-999.0 -999.0 -999.0 -999.0 -999.0 -999.0 -999.0 -999.0 -999.0 -999.0 1345.1 997.1 1189.8 1274.4 1346.6 1348.3 1419.4 832.5 1052.2 1218.0 1256.5 1441.7 1425.4 1339.2 1381.3 1101.0 1493.9 1641.2 1641.6 1642.2 1386.7 1577.7 1361.1 1413.5 1376.3 1434.1 1433.9 1435.1 1272.2 1386.7 1195.2 1131.4 1180.7 1130.9 1278.0 1393.3 1441.6 1333.7 1392.1 1314.2 1396.4 1510.2 1616.0 1574.8 1617.0 1695.8 -999.0 -999.0 -999.0 -999.0 -999.0 -999.0 -999.0 -999.0 -999.0 -999.0 -999.0 -999.0 -999.0 -999.0 -999.0
-999.0 -999.0 -999.0 -999.0 -999.0 -999.0 -999.0 -999.0 1645.6 1531.5 1219.2 1203.0 1222.3 1205.7 1361.9 1352.2 1485.1 1115.7 1192.7 1182.0 1299.0 1336.2 1525.3 1367.4 1339.7 1422.0 1463.4 1525.8 1707.6 1676.6 1538.2 1556.4 1549.4 1515.0 1489.8 1555.1 1570.3 1443.7 1455.8 1454.4 1164.3 1211.9 1232.5 1252.2 1204.8 1369.2 1432.3 1571.0 1470.9 1427.6 1474.1 1537.4 1634.0 1628.7 1627.5 1664.0 -999.0 -999.0 -999.0 -999.0 -999.0 -999.0 -999.0 -999.0 -999.0 -999.0 -999.0 -999.0 -999.0 -999.0 -999.0
-999.0 -999.0 -999.0 -999.0 -999.0 -999.0 -999.0 -999.0 1537.2 1456.3 1482.3 1237.5 1277.0 1217.0 1396.5 1491.3 1542.0 1495.2 1374.0 1054.8 1274.4 1359.8 1546.7 1577.3 1525.9 1536.7 1550.9 1514.1 1652.9 1570.3 1680.5 1655.8 1646.7 1617.8 1634.2 1657.7 1691.2 1645.1 1508.1 1489.3 1496.7 1370.9 1326.5 1351.0 1404.3 1482.3 1721.4 1559.4 1320.3 1397.8 1542.8 1571.1 1633.8 1640.9 1705.3 1696.9 1765.5 -999.0 -999.0 -999.0 -999.0 -999.0 -999.0 -999.0 -999.0 -999.0 -999.0 -999.0 -999.0 -999.0 -999.0
-999.0 -999.0 -999.0 -999.0 -999.0 -999.0 -999.0 -999.0 1507.6 1436.5 1568.6 1336.4 1456.5 1377.4 1459.3 1530.5 1524.5 1597.0 1301.9 1299.9 1358.4 1249.1 1512.7 1582.8 1530.2 1591.3 1464.8 1210.6 1561.7 -999.0 -999.0 -999.0 1692.1 1645.5 -999.0 1722.2 1742.3 1700.8 1659.6 1610.5 1451.6 1297.2 1397.9 1423.6 1394.4 1527.4 1443.4 1409.8 1533.1 1622.4 1678.0 1687.9 1638.1 1840.6 1830.8 1783.3 1759.1 -999.0 -999.0 -999.0 -999.0 -999.0 -999.0 -999.0 -999.0 -999.0 -999.0 -999.0 -999.0 -999.0 -999.0
1789.1 -999.0 -999.0 -999.0 -999.0 -999.0 -999.0 -999.0 1658.4 1349.7 1550.0 1594.5 1533.8 1469.8 1464.7 1489.7 1582.3 1616.5 1591.5 1205.2 1377.7 1299.3 1513.6 1557.9 1394.1 1632.0 1582.5 1591.9 1655.9 -999.0 -999.0 -999.0 1704.8 1670.3 1644.4 1690.9 1755.8 1734.7 1711.8 1493.1 1247.4 1158.4 1316.7 1125.7 1374.5 1441.6 1259.3 1452.8 1393.6 1408.9 1494.1 1720.3 1631.5 1528.2 1698.0 1718.3 1786.7 -999.0 -999.0 -999.0 -999.0 -999.0 -999.0 -999.0 -999.0 -999.0 -999.0 -999.0 -999.0 -999.0 -999.0
1575.2 1649.3 -999.0 -999.0 -999.0 -999.0 -999.0 -999.0 -999.0 1509.2 1458.7 1633.9 -999.0 1577.2 1509.7 1515.7 1528.9 1628.8 -999.0 1622.2 1676.4 1501.1 1593.1 1526.9 1511.2 1681.1 1694.3 -999.0 -999.0 -999.0 -999.0 1720.7 1683.9 1662.5 1674.1 1655.5 1660.8 1697.9 1627.7 1516.8 1208.1 908.5 1317.0 1009.2 1263.7 1172.0 1124.2 1335.3 1247.2 1390.1 1552.0 1466.7 1468.3 1566.2 1728.1 1663.7 1640.4 1832.1 -999.0 -999.0 -999.0 -999.0 -999.0 -999.0 -999.0 -999.0 -999.0 -999.0 -999.0 -999.0 -999.0
1449.5 -999.0 -999.0 -999.0 -999.0 -999.0 -999.0 -999.0 -999.0 -999.0 1570.0 -999.0 -999.0 -999.0 1680.5 1535.5 1521.2 1562.3 1653.3 -999.0 -999.0 1637.2 1735.8 1572.1 1494.7 -999.0 -999.0 -999.0 -999.0 -999.0 1784.7 1649.1 1639.5 1637.0 1650.6 1592.5 1641.4 1566.6 1481.4 1563.7 1359.9 1090.1 917.8 1079.3 984.0 973.7 989.9 1187.7 1179.4 1177.3 1284.4 1473.0 1510.4 1503.7 1703.9 1640.6 1568.4 1654.4 -999.0 -999.0 -999.0 -999.0 -999.0 -999.0 -999.0 -999.0 -999.0 -999.0 -999.0 -999.0 -999.0
-999.0 -999.0 -999.0 -999.0 -999.0 -999.0 -999.0 -999.0 -999.0 -999.0 1657.1 1667.8 -999.0 -999.0 -999.0 1679.4 1485.4 1488.4 1586.6 -999.0 -999.0 -999.0 -999.0 1792.1 -999.0 -999.0 -999.0 -999.0 -999.0 -999.0 1796.1 1699.5 1664.4 1532.1 1428.5 1426.2 1529.0 1535.8 1586.6 1554.2 1459.0 1171.9 962.3 1133.7 836.4 928.4 910.2 1131.3 1138.7 1054.1 1249.8 1408.5 1506.4 1658.0 1718.7 1603.5 1526.6 1613.6 -999.0 -999.0 -999.0 -999.0 -999.0 -999.0 -999.0 -999.0 -999.0 -999.0 -999.0 -999.0 -999.0
1852.8 1859.6 1825.0 -999.0 -999.0 -999.0 -999.0 -999.0 -999.0 -999.0 -999.0 1539.5 -999.0 -999.0 -999.0 -999.0 1668.3 1550.0 1645.7 -999.0 -999.0 -999.0 -999.0 -999.0 -999.0 -999.0 -999.0 -999.0 -999.0 1836.7 1719.4 1546.5 1444.9 1403.2 1305.5 1330.4 1416.6 1455.1 1565.8 1505.8 1484.4 1294.0 821.2 762.4 803.1 895.1 1143.6 1263.6 1239.9 1341.6 1501.9 1362.9 1390.3 1639.4 1647.4 1558.7 1511.4 1598.4 1761.7 -999.0 -999.0 -999.0 -999.0 -999.0 -999.0 -999.0 -999.0 -999.0 -999.0 -999.0 -999.0
1564.0 1547.4 1680.0 1768.8 -999.0 -999.0 -999.0 -999.0 -999.0 -999.0 -999.0 1462.3 -999.0 -999.0 -999.0 -999.0 -999.0 -999.0 -999.0 -999.0 -999.0 -999.0 -999.0 -999.0 -999.0 -999.0 -999.0 -999.0 -999.0 1742.0 1651.3 1600.7 1560.7 1628.8 1116.5 1275.1 1369.2 1273.6 1547.9 1422.2 1645.3 1445.0 951.5 705.1 879.0 1038.3 815.6 800.5 939.0 1101.9 1214.7 1564.4 1539.5 1569.1 1492.4 1546.1 1571.7 1582.1 1723.6 1872.8 -999.0 -999.0 -999.0 -999.0 -999.0 -999.0 -999.0 -999.0 -999.0 -999.0 -999.0
1625.9 1651.2 1645.0 1724.4 -999.0 -999.0 -999.0 -999.0 -999.0 -999.0 -999.0 -999.0 -999.0 -999.0 -999.0 -999.0 -999.0 -999.0 -999.0 -999.0 -999.0 -999.0 -999.0 -999.0 -999.0 -999.0 -999.0 -999.0 1874.8 1739.9 1571.9 1627.8 1326.4 1752.0 826.7 867.1 1426.6 1379.2 1499.2 1575.5 1498.9 1559.7 1325.7 765.9 833.7 974.4 1059.7 1155.5 1051.7 1110.2 1210.4 1398.6 1542.3 1581.7 1604.1 1610.5 1561.8 1641.1 1815.7 1889.1 -999.0 -999.0 -999.0 -999.0 -999.0 -999.0 -999.0 -999.0 -999.0 -999.0 -999.0
1716.0 1740.0 1748.8 1728.8 -999.0 -999.0 -999.0 -999.0 -999.0 -999.0 -999.0 -999.0 -999.0 -999.0 -999.0 -999.0 -999.0 -999.0 -999.0 -999.0 -999.0 -999.0 -999.0 -999.0 -999.0 -999.0 -999.0 -999.0 1829.1 1551.5 1593.3 1403.8 914.4 1398.0 1642.8 1212.6 1145.4 1301.2 1347.5 1445.0 1484.4 1546.8 1492.1 1376.8 827.3 964.8 1022.9 1168.6 1210.2 1243.9 1406.8 1459.7 1512.2 1485.9 1628.1 1546.4 1604.2 1634.8 1781.0 1888.4 1894.0 1857.4 1843.5 -999.0 -999.0 -999.0 -999.0 -999.0 -999.0 -999.0 -999.0
1666.5 1810.0 -999.0 1747.3 1802.1 -999.0 -999.0 -999.0 -999.0 -999.0 -999.0 -999.0 -999.0 -999.0 -999.0 -999.0 -999.0 -999.0 -999.0 -999.0 -999.0 -999.0 -999.0 -999.0 -999.0 -999.0 -999.0 -999.0 1753.4 1540.7 1444.3 1162.5 1480.5 1395.1 1289.8 1063.6 1272.8 1359.3 1074.0 1467.6 1304.1 1485.0 1558.2 1582.1 1297.0 1085.0 1089.2 1159.6 1222.3 1395.4 1413.1 1492.7 1584.4 1662.8 1657.1 1655.8 1614.0 1683.1 1762.0 1817.5 1557.8 1665.7 1587.7 1579.3 1683.4 -999.0 -999.0 -999.0 -999.0 -999.0 -999.0
1627.5 1738.5 1764.2 1746.5 -999.0 -999.0 -999.0 -999.0 -999.0 -999.0 -999.0 -999.0 -999.0 -999.0 -999.0 -999.0 -999.0 -999.0 -999.0 -999.0 -999.0 -999.0 -999.0 -999.0 -999.0 -999.0 -999.0 -999.0 1746.8 1518.8 1324.3 958.0 853.7 1090.3 1370.1 1301.4 1219.1 1037.4 1353.7 1085.8 1236.9 1358.6 1428.3 1469.2 1535.5 1421.1 1102.6 1143.1 1226.8 1311.6 1399.2 1487.1 1548.5 1631.3 1709.1 1686.8 1684.3 1738.9 1756.7 1741.3 1621.7 1358.7 1390.7 1412.0 1411.1 1518.9 1777.5 -999.0 -999.0 -999.0 -999.0
1709.2 1753.0 1735.1 1718.3 -999.0 -999.0 -999.0 -999.0 -999.0 -999.0 -999.0 -999.0 -999.0 -999.0 -999.0 -999.0 -999.0 -999.0 -999.0 -999.0 -999.0 -999.0 -999.0 -999.0 -999.0 -999.0 -999.0 -999.0 1808.0 1678.7 1325.3 1138.1 1464.0 685.5 860.4 1361.0 1202.3 1361.9 1047.9 1000.5 1236.3 1371.6 1354.8 1323.6 1456.1 917.2 1007.8 1028.3 1012.9 1034.5 1139.8 1442.8 1425.9 1616.4 1700.0 1711.6 1721.6 1751.6 1788.8 1794.2 1695.6 1445.9 1521.3 1551.0 1494.2 1456.2 1717.6 1584.6 -999.0 -999.0 -999.0
1776.4 1749.0 1656.0 1765.5 -999.0 -999.0 -999.0 -999.0 -999.0 -999.0 -999.0 -999.0 -999.0 -999.0 -999.0 -999.0 1861.9 1849.8 1900.4 -999.0 -999.0 -999.0 -999.0 -999.0 -999.0 -999.0 -999.0 -999.0 -999.0 1844.2 1698.4 1557.7 1367.4 1299.7 1056.5 1528.0 1766.5 1285.3 1283.1 1301.2 1349.7 1219.6 1215.9 1301.2 1252.5 1064.0 1062.0 853.3 953.7 1132.3 1238.2 1266.1 1454.0 1625.0 1703.3 1742.9 1719.6 1766.8 1783.4 1386.9 1455.7 1182.9 1157.8 1247.6 1323.4 1539.2 1360.9 1483.4 1759.5 -999.0 -999.0
1880.4 1737.2 1769.7 -999.0 -999.0 -999.0 -999.0 -999.0 -999.0 -999.0 -999.0 -999.0 -999.0 -999.0 -999.0 -999.0 1808.1 1801.1 -999.0 -999.0 -999.0 -999.0 -999.0 -999.0 -999.0 -999.0 -999.0 -999.0 -999.0 -999.0 1794.9 1777.2 1377.5 1406.8 836.7 1361.8 1360.4 1448.7 1587.2 1571.3 1490.8 1491.7 888.7 1287.1 1203.1 883.6 1074.1 1320.9 1415.3 1114.6 1443.8 1297.8 1526.0 1690.4 1782.8 1785.1 1756.9 1682.4 1473.4 1374.5 1423.5 1425.7 1473.7 1391.5 1307.2 1346.9 1327.2 1496.8 1520.2 -999.0 -999.0
1754.9 1721.9 -999.0 -999.0 -999.0 -999.0 -999.0 -999.0 -999.0 -999.0 -999.0 -999.0 -999.0 -999.0 -999.0 1797.5 1431.4 1517.1 1817.2 -999.0 -999.0 -999.0 -999.0 -999.0 -999.0 -999.0 -999.0 -999.0 -999.0 -999.0 1839.3 1520.6 1364.6 1323.4 1442.4 1331.5 1513.5 1564.7 1598.4 1617.4 1432.4 1511.8 1546.6 907.7 1178.1 1222.7 1013.9 1209.5 1052.0 1281.8 1281.0 1471.6 1596.6 1718.5 1780.8 1843.7 1791.9 1621.1 1503.9 1554.7 1477.9 1411.3 1447.3 1394.0 1409.1 1409.4 1412.8 1628.2 1531.4 1817.0 -999.0
-999.0 -999.0 -999.0 -999.0 -999.0 -999.0 -999.0 -999.0 -999.0 -999.0 -999.0 -999.0 -999.0 -999.0 1880.1 1383.1 1233.4 1103.9 1842.9 -999.0 -999.0 -999.0 -999.0 -999.0 -999.0 -999.0 -999.0 -999.0 -999.0 -999.0 1845.1 1322.4 1405.7 1730.2 1531.7 1597.5 1537.4 1695.3 1681.4 1557.2 1439.9 1639.6 1076.6 1236.5 1015.0 1206.6 918.2 1395.5 1302.0 1475.6 1340.9 1525.7 1577.4 1655.9 1833.4 1854.6 1797.5 1701.7 1455.5 1438.3 1491.7 1601.3 1567.4 1561.3 1537.0 1524.7 1445.0 1513.4 1620.1 1652.0 -999.0
-999.0 -999.0 -999.0 -999.0 -999.0 -999.0 -999.0 -999.0 -999.0 -999.0 -999.0 -999.0 -999.0 1892.8 1763.4 1085.8 1404.2 1616.3 -999.0 -999.0 -999.0 -999.0 -999.0 -999.0 -999.0 -999.0 -999.0 -999.0 -999.0 -999.0 -999.0 1789.8 1790.2 1787.3 1535.9 1719.1 1541.9 1725.1 1705.0 1647.4 1527.7 1654.1 1123.2 1087.1 959.8 988.9 939.6 1011.1 1031.3 1147.2 1266.5 1320.1 1425.4 1679.9 1777.0 1779.7 1695.3 1667.1 1655.8 1372.2 1518.6 1748.8 1752.2 1685.8 1706.0 1703.3 1724.6 1738.5 1792.0 1786.2 1739.8
-999.0 -999.0 -999.0 -999.0 -999.0 -999.0 -999.0 -999.0 -999.0 -999.0 -999.0 -999.0 -999.0 1608.1 1340.5 1664.2 1764.5 1900.3 -999.0 -999.0 -999.0 -999.0 -999.0 -999.0 -999.0 -999.0 -999.0 -999.0 -999.0 -999.0 -999.0 -999.0 1868.4 1706.8 1737.8 1751.6 1644.9 1747.7 1746.6 1693.0 1521.1 1654.4 1145.0 1187.8 1210.4 1018.5 1085.0 1164.6 923.4 960.2 1250.1 1208.7 1374.5 1481.5 1692.1 1735.3 1684.9 1684.6 1717.0 1724.2 1753.1 1823.0 1774.5 1712.2 1680.9 1704.1 1744.0 1762.0 1763.5 1509.9 1520.5
-999.0 -999.0 -999.0 -999.0 -999.0 -999.0 -999.0 -999.0 -999.0 -999.0 -999.0 -999.0 -999.0 1619.5 1692.0 1672.9 1911.8 -999.0 -999.0 -999.0 -999.0 -999.0 -999.0 -999.0 -999.0 -999.0 -999.0 -999.0 -999.0 -999.0 -999.0 -999.0 1910.2 1741.5 1722.6 -999.0 1782.2 -999.0 1848.0 1782.2 1687.7 1704.8 1631.1 1172.4 1217.5 1186.8 937.7 1394.3 1350.5 996.5 1144.8 1249.7 1348.3 1514.1 1663.5 1753.5 1809.2 1808.8 1778.5 1786.6 1746.8 1661.1 1731.9 1632.2 1672.9 1744.4 1698.9 1598.8 1633.9 1667.0 1651.5
-999.0 -999.0 -999.0 -999.0 -999.0 -999.0 -999.0 -999.0 -999.0 -999.0 -999.0 -999.0 1910.0 1926.2 1921.6 -999.0 -999.0 -999.0 -999.0 -999.0 -999.0 -999.0 -999.0 -999.0 -999.0 -999.0 -999.0 -999.0 -999.0 -999.0 -999.0 -999.0 1932.8 1878.9 1846.9 -999.0 -999.0 -999.0 1882.7 1630.5 1760.5 1637.0 1501.6 1559.9 1526.0 1398.8 1103.2 1091.9 1445.8 1159.0 1088.0 1312.0 1284.7 1439.1 1580.2 1797.5 1827.9 1838.4 1830.5 1817.2 1792.9 1759.5 1745.1 1681.0 1755.9 1710.0 1631.1 1571.9 1548.3 1552.3 1599.6
-999.0 -999.0 -999.0 -999.0 -999.0 -999.0 -999.0 -999.0 -999.0 -999.0 -999.0 -999.0 -999.0 -999.0 -999.0 -999.0 -999.0 -999.0 -999.0 -999.0 -999.0 -999.0 -999.0 -999.0 -999.0 -999.0 -999.0 -999.0 -999.0 -999.0 -999.0 -999.0 -999.0 -999.0 -999.0 -999.0 -999.0 1910.5 1856.9 1668.7 1424.8 1339.6 1325.3 1319.9 1422.5 1406.3 1205.2 1229.2 1350.3 1513.5 1304.5 1237.7 1391.8 1495.2 1613.6 1721.0 1787.3 1789.0 1839.7 1850.6 1849.4 1843.2 1812.9 1808.7 1705.9 1480.9 1621.6 1579.7 1661.2 1652.6 1709.1
-999.0 -999.0 -999.0 -999.0 -999.0 -999.0 -999.0 -999.0 -999.0 -999.0 -999.0 -999.0 -999.0 -999.0 -999.0 -999.0 -999.0 -999.0 -999.0 -999.0 -999.0 -999.0 -999.0 -999.0 -999.0 -999.0 -999.0 -999.0 -999.0 -999.0 -999.0 -999.0 -999.0 -999.0 -999.0 -999.0 -999.0 1849.1 1726.6 1473.6 1229.5 1069.7 1195.8 1454.3 1367.4 1588.4 1504.1 1556.6 1420.6 1362.4 1334.5 1349.9 1411.3 1527.3 1604.9 1668.4 1776.6 1783.0 1844.5 1874.2 1905.8 1894.0 1847.0 1819.7 1752.3 1439.2 1517.0 1679.6 1731.1 1754.7 1751.8
-999.0 -999.0 -999.0 -999.0 -999.0 -999.0 -999.0 -999.0 -999.0 -999.0 -999.0 -999.0 -999.0 -999.0 -999.0 -999.0 -999.0 -999.0 -999.0 -999.0 -999.0 -999.0 -999.0 -999.0 -999.0 -999.0 -999.0 -999.0 -999.0 -999.0 -999.0 -999.0 -999.0 -999.0 -999.0 -999.0 -999.0 1807.5 1763.2 1637.9 1384.1 1292.4 1349.4 1459.7 1495.7 1555.5 1495.2 1587.0 1603.3 1554.6 1720.8 1382.8 1538.9 1469.6 1593.7 1643.6 1783.2 1817.4 1830.2 1864.0 1939.9 1888.9 1872.4 1823.7 1800.8 1630.1 1582.1 1674.2 1748.4 1770.9 1784.8
