GDD/GrowingDegreeDays_1983_Actual.txt
ncols         180
nrows         290
xllcorner     -200000
yllcorner     -200000
cellsize      5000
NODATA_value    -999
[rows 160 to 191 of 290, columns 71 to 141 of 180]
-999.0 -999.0 -999.0 -999.0 -999.0 -999.0 -999.0 -999.0 -999.0 -999.0 -999.0 -999.0 -999.0 -999.0 -999.0 -999.0 -999.0 -999.0 -999.0 -999.0 -999.0 -999.0 -999.0 -999.0 -999.0 -999.0 -999.0 -999.0 -999.0 -999.0 -999.0 -999.0 -999.0 -999.0 -999.0 1707.4 1695.7 1685.7 1652.4 1424.7 1322.8 1113.5 1364.9 1254.2 1609.4 1498.3 1501.8 1383.4 1321.2 1387.3 1331.1 1648.4 1628.8 1613.3 1622.4 1650.3 1560.5 1617.6 1646.3 1658.2 1698.1 1740.5 1707.7 1664.7 1640.9 1624.4 1510.3 1566.4 1636.2 1673.4 1681.6
-999.0 -999.0 -999.0 -999.0 -999.0 -999.0 -999.0 -999.0 -999.0 -999.0 -999.0 -999.0 -999.0 -999.0 -999.0 -999.0 -999.0 -999.0 -999.0 -999.0 -999.0 -999.0 -999.0 -999.0 -999.0 -999.0 -999.0 -999.0 -999.0 -999.0 -999.0 -999.0 -999.0 -999.0 -999.0 1718.5 1704.9 1731.6 1768.9 1700.9 1429.0 1600.6 1572.7 1663.5 1542.3 1300.2 1423.4 1284.0 1332.0 1277.1 1617.5 1389.9 1583.5 1494.4 1540.7 1530.4 1591.0 1573.7 1610.2 1676.9 1697.5 1706.5 1667.0 1629.9 1636.6 1647.9 1632.4 1561.0 1625.8 1681.6 1693.1
-999.0 -999.0 -999.0 -999.0 -999.0 -999.0 -999.0 -999.0 -999.0 -999.0 -999.0 -999.0 -999.0 -999.0 -999.0 -999.0 -999.0 -999.0 -999.0 -999.0 -999.0 -999.0 -999.0 -999.0 -999.0 -999.0 -999.0 -999.0 -999.0 -999.0 -999.0 -999.0 -999.0 -999.0 -999.0 1725.1 1735.0 1704.5 1809.0 1762.6 1659.0 1614.0 1652.1 1702.4 1566.6 1460.1 1453.1 1293.7 1171.1 1400.7 1496.1 1684.0 1592.4 1760.5 1698.2 1630.8 1572.2 1592.4 1613.8 1688.1 1681.9 1682.3 1657.7 1630.7 1636.6 1652.5 1652.9 1595.2 1573.4 1686.0 1768.3
-999.0 -999.0 -999.0 -999.0 -999.0 -999.0 -999.0 -999.0 -999.0 -999.0 -999.0 -999.0 -999.0 -999.0 -999.0 -999.0 -999.0 -999.0 -999.0 -999.0 -999.0 -999.0 -999.0 -999.0 -999.0 -999.0 -999.0 -999.0 -999.0 -999.0 -999.0 -999.0 -999.0 -999.0 -999.0 1727.0 1719.1 1714.1 1765.1 1773.5 1738.2 1732.8 1643.2 1525.7 1658.8 1574.6 1468.0 1131.2 1129.9 1143.4 1326.7 1544.9 1640.8 1630.7 1744.2 1783.9 1671.9 1604.5 1670.0 1696.7 1690.5 1701.6 1682.2 1664.8 1670.5 1685.3 1701.1 1618.9 1596.6 1767.1 1857.1
-999.0 -999.0 -999.0 -999.0 -999.0 -999.0 -999.0 -999.0 -999.0 -999.0 -999.0 -999.0 -999.0 -999.0 -999.0 -999.0 -999.0 -999.0 -999.0 -999.0 -999.0 -999.0 -999.0 -999.0 -999.0 -999.0 -999.0 -999.0 -999.0 -999.0 -999.0 -999.0 -999.0 -999.0 -999.0 1738.0 1752.4 1770.6 1816.6 1814.2 1802.4 1692.4 1657.3 1547.9 1487.6 1316.8 1211.2 1131.7 1304.2 1235.8 1424.7 1509.5 1652.3 1528.6 1637.7 1756.3 1795.4 1779.3 1749.6 1740.7 1717.6 1710.6 1713.9 1703.2 1702.5 1719.5 1718.7 1732.6 1709.1 1806.2 1877.2
-999.0 -999.0 -999.0 -999.0 -999.0 -999.0 -999.0 -999.0 -999.0 -999.0 -999.0 -999.0 -999.0 -999.0 -999.0 -999.0 -999.0 -999.0 -999.0 -999.0 -999.0 -999.0 -999.0 -999.0 -999.0 -999.0 -999.0 -999.0 -999.0 -999.0 -999.0 -999.0 -999.0 -999.0 -999.0 -999.0 1759.8 1776.5 1808.7 1817.3 1716.9 1523.8 1477.5 1427.4 1485.6 1487.8 1312.3 1320.9 1227.8 1335.5 1556.9 1754.7 1723.2 1666.3 1647.2 1795.9 1791.8 1733.2 1753.2 1777.6 1728.1 1735.6 1739.8 1735.5 1728.1 1731.2 1727.3 1721.3 1760.9 1790.2 1829.6
-999.0 -999.0 -999.0 -999.0 -999.0 -999.0 -999.0 -999.0 -999.0 -999.0 -999.0 -999.0 -999.0 -999.0 -999.0 -999.0 -999.0 -999.0 -999.0 -999.0 -999.0 -999.0 -999.0 -999.0 -999.0 -999.0 -999.0 -999.0 -999.0 -999.0 -999.0 -999.0 -999.0 -999.0 -999.0 1797.8 1764.9 1788.4 1815.1 1796.9 1718.5 1400.8 1348.0 1460.9 1285.1 1314.6 1376.1 1380.4 1143.4 1313.0 1319.8 1540.8 1834.2 1633.9 1766.2 1847.9 1748.4 1736.3 1790.9 1751.4 1759.8 1758.6 1748.9 1743.0 1736.6 1734.3 1634.7 1702.5 1733.2 1646.0 1692.8
-999.0 -999.0 -999.0 -999.0 -999.0 -999.0 -999.0 -999.0 -999.0 -999.0 -999.0 -999.0 -999.0 -999.0 -999.0 -999.0 -999.0 -999.0 -999.0 -999.0 -999.0 -999.0 -999.0 -999.0 -999.0 -999.0 -999.0 -999.0 -999.0 -999.0 -999.0 -999.0 -999.0 -999.0 -999.0 1799.1 1799.7 1801.1 1815.7 1667.6 1717.1 1624.1 1371.0 1564.1 1557.3 1531.3 1604.8 1560.1 1305.0 1360.8 1373.8 1667.9 1587.8 1501.4 1719.3 1654.7 1710.5 1671.1 1716.1 1741.8 1784.2 1782.5 1763.9 1752.7 1733.4 1751.0 1736.2 1675.7 1729.1 1686.4 1637.8
-999.0 -999.0 -999.0 -999.0 -999.0 -999.0 -999.0 -999.0 -999.0 -999.0 -999.0 -999.0 -999.0 -999.0 -999.0 -999.0 -999.0 -999.0 -999.0 -999.0 -999.0 -999.0 -999.0 -999.0 -999.0 -999.0 -999.0 -999.0 -999.0 -999.0 -999.0 -999.0 -999.0 -999.0 1775.7 1808.4 1812.2 1724.6 1745.9 1737.8 1770.6 1685.7 1643.6 1676.6 1727.8 1757.0 1715.3 1602.9 1351.2 1174.8 1132.2 1436.7 1353.1 1431.6 1668.8 1674.7 1765.8 1735.4 1727.0 1772.6 1793.3 1784.5 1772.1 1756.0 1734.8 1759.9 1745.3 1725.5 1714.2 1697.7 1586.2
-999.0 -999.0 -999.0 -999.0 -999.0 -999.0 -999.0 -999.0 -999.0 -999.0 -999.0 -999.0 -999.0 -999.0 -999.0 -999.0 -999.0 -999.0 -999.0 -999.0 -999.0 -999.0 -999.0 -999.0 -999.0 -999.0 -999.0 -999.0 -999.0 -999.0 -999.0 -999.0 -999.0 -999.0 -999.0 1790.6 1847.3 1815.6 1796.2 1657.0 1821.0 1820.2 1818.2 1812.2 1822.3 1882.8 1847.6 1724.2 1606.3 1267.5 1126.6 1077.7 1320.8 1354.8 1509.6 1652.1 1655.9 1818.2 1810.8 1732.2 1788.9 1781.1 1771.3 1754.0 1740.7 1757.4 1753.1 1723.9 1724.5 1720.2 1689.2
-999.0 -999.0 -999.0 -999.0 -999.0 -999.0 -999.0 -999.0 -999.0 -999.0 -999.0 -999.0 -999.0 -999.0 -999.0 -999.0 -999.0 -999.0 -999.0 -999.0 -999.0 -999.0 -999.0 -999.0 -999.0 -999.0 -999.0 -999.0 -999.0 -999.0 -999.0 -999.0 -999.0 -999.0 -999.0 1849.9 1865.7 1890.9 1879.5 1847.8 1843.2 1843.5 1885.3 1898.1 1975.8 2027.5 1973.6 1840.6 1629.4 1542.2 1163.9 1031.8 1066.5 1261.9 1453.8 1608.4 1735.8 1677.7 1753.8 1691.8 1774.6 1757.2 1760.0 1739.6 1738.4 1747.8 1727.8 1716.0 1726.6 1728.0 1672.0
-999.0 -999.0 -999.0 -999.0 -999.0 -999.0 -999.0 -999.0 -999.0 -999.0 -999.0 -999.0 -999.0 -999.0 -999.0 1833.8 1809.9 1781.6 1754.9 -999.0 -999.0 -999.0 -999.0 -999.0 -999.0 -999.0 -999.0 -999.0 -999.0 -999.0 -999.0 -999.0 -999.0 -999.0 1882.3 1940.0 1902.6 1922.1 1855.0 1851.6 1879.6 1881.6 1891.6 1931.6 1964.6 2012.2 1965.1 1855.7 1705.7 1402.1 1201.5 1182.1 1369.8 1232.0 1414.3 1771.1 1742.3 1800.8 1600.7 1630.8 1743.2 1721.9 1707.4 1694.6 1715.1 1739.6 1741.3 1716.0 1725.8 1754.9 1730.2
-999.0 -999.0 -999.0 -999.0 -999.0 -999.0 -999.0 -999.0 -999.0 -999.0 -999.0 -999.0 -999.0 -999.0 -999.0 1773.0 1711.5 1734.5 1817.7 -999.0 -999.0 -999.0 -999.0 -999.0 -999.0 -999.0 -999.0 -999.0 -999.0 -999.0 -999.0 -999.0 -999.0 1944.3 1835.3 1917.1 1941.5 1863.3 1919.9 1861.7 1891.5 1886.4 1891.7 1915.6 1917.0 1906.7 1917.3 1848.9 1736.4 1595.3 1204.6 1147.2 1388.3 1365.7 1533.8 1672.2 1917.4 1853.0 1696.2 1654.4 1720.2 1764.4 1741.0 1696.2 1699.4 1740.2 1752.4 1747.5 1717.5 1757.3 1734.0
-999.0 -999.0 -999.0 -999.0 -999.0 -999.0 -999.0 -999.0 -999.0 -999.0 -999.0 -999.0 -999.0 1799.2 1908.6 1857.4 1719.5 1731.8 1747.0 1888.2 1944.7 1965.6 -999.0 -999.0 1872.1 1954.2 -999.0 -999.0 -999.0 1947.5 1842.1 1823.2 -999.0 1951.1 1799.2 1899.9 1973.8 1935.2 1925.1 1826.9 1832.2 1822.2 1859.0 1815.5 1883.8 1830.0 1835.9 1803.9 1460.7 1673.2 1545.6 1304.3 1601.8 1541.0 1313.8 1791.4 1694.1 1814.3 1720.8 1696.2 1742.6 1771.4 1791.7 1725.0 1739.6 1781.6 1766.1 1786.8 1738.6 1778.3 1761.5
-999.0 -999.0 -999.0 -999.0 -999.0 -999.0 -999.0 -999.0 -999.0 -999.0 -999.0 -999.0 -999.0 -999.0 1924.5 1887.7 1812.4 1791.7 1807.5 1816.7 1751.6 1965.5 -999.0 1973.9 1861.3 1696.1 1808.5 1736.9 1960.7 1951.4 1584.9 1593.1 1683.5 -999.0 1898.3 1852.7 1885.2 1923.2 1908.5 1786.4 1881.6 1974.0 1956.8 1848.1 1809.0 1801.3 1728.2 1722.3 1428.3 1348.4 1379.1 1361.6 1405.6 1305.7 1380.2 1600.2 1777.1 1817.0 1652.4 1651.3 1756.8 1736.5 1803.7 1755.3 1756.2 1791.7 1772.0 1799.0 1755.8 1785.4 1779.5
-999.0 -999.0 -999.0 -999.0 -999.0 -999.0 -999.0 -999.0 -999.0 -999.0 -999.0 -999.0 -999.0 -999.0 -999.0 1936.0 1853.3 1791.2 1866.4 1889.8 1913.9 1946.6 1543.1 1068.7 1766.0 1468.3 1474.7 1564.9 1728.9 1883.0 1837.0 1659.9 1512.1 1700.1 1900.5 1926.5 1883.2 1894.8 1826.5 1652.9 1765.5 1964.7 1990.9 1883.9 1812.3 1790.7 1720.3 1658.8 1292.9 1194.6 1330.0 1354.5 1479.0 1520.4 1483.5 1569.1 1751.2 1777.8 1681.6 1713.8 1756.5 1714.8 1782.1 1724.7 1786.1 1790.4 1788.2 1752.3 1651.4 1806.5 1800.9
-999.0 -999.0 -999.0 -999.0 -999.0 -999.0 -999.0 -999.0 -999.0 -999.0 -999.0 -999.0 -999.0 -999.0 -999.0 -999.0 1850.3 1916.1 1923.4 1932.2 1819.6 1611.5 833.9 1256.1 1872.6 1384.0 1650.3 1413.3 1482.5 1730.1 1853.4 1410.7 1591.8 1584.5 1753.8 1922.6 1890.6 1854.4 1847.9 1726.2 1736.7 1851.9 1889.0 1875.3 1803.3 1766.9 1722.8 1531.3 1415.6 1147.0 1302.0 1291.8 1335.7 1610.7 1518.0 1473.3 1622.8 1682.2 1679.7 1741.3 1718.4 1715.3 1765.3 1724.6 1794.5 1807.3 1782.9 1787.1 1779.5 1792.5 1810.5
-999.0 -999.0 -999.0 -999.0 -999.0 -999.0 -999.0 -999.0 -999.0 -999.0 -999.0 -999.0 -999.0 -999.0 -999.0 -999.0 -999.0 1964.2 1937.0 1744.5 1529.0 893.1 824.8 1229.5 1496.8 1510.7 1417.7 1312.5 1326.3 1355.6 1640.0 1778.0 1343.3 1557.2 1716.3 1776.2 1873.7 1878.8 1840.9 1798.3 1776.5 1822.0 1857.8 1828.0 1775.7 1737.9 1670.8 1519.6 1337.8 1239.6 1379.6 1403.5 1321.3 1473.4 1718.2 1521.3 1701.1 1660.1 1654.6 1743.9 1757.5 1748.5 1736.4 1729.9 1801.0 1822.2 1805.2 1828.3 1746.3 1788.0 1813.9
-999.0 -999.0 -999.0 -999.0 -999.0 -999.0 -999.0 -999.0 -999.0 -999.0 -999.0 -999.0 -999.0 -999.0 -999.0 -999.0 -999.0 1978.7 1845.7 1475.0 1326.1 1199.3 980.7 1456.4 1705.7 1506.3 1274.6 1203.9 1167.4 1351.5 1603.9 1840.6 1334.6 1407.1 1659.0 1755.6 1901.1 1894.1 1837.1 1747.7 1762.0 1783.3 1795.9 1806.6 1778.0 1716.2 1545.8 1456.4 1527.8 1215.3 1373.7 1353.8 1291.1 1351.0 1541.6 1658.6 1698.9 1755.1 1660.9 1649.6 1740.0 1744.8 1786.9 1784.5 1831.3 1821.8 1822.4 1822.7 1790.7 1765.2 1804.9
-999.0 -999.0 -999.0 -999.0 -999.0 -999.0 -999.0 -999.0 -999.0 -999.0 -999.0 -999.0 -999.0 -999.0 -999.0 -999.0 -999.0 1973.3 1783.3 1546.3 1555.9 1183.7 1311.9 1574.9 1489.1 1603.9 1431.8 1177.3 1285.9 1182.1 1383.4 1655.3 1359.2 1342.6 1474.7 1799.1 1869.9 1905.8 1810.8 1712.6 1723.3 1769.3 1783.3 1789.1 1754.0 1623.7 1552.7 1556.1 1530.9 1377.4 1403.4 1419.1 1440.9 1531.0 1557.9 1523.3 1753.7 1683.4 1681.0 1734.7 1723.4 1773.2 1733.6 1838.3 1844.5 1830.0 1837.8 1829.0 1716.6 1800.7 1821.9
-999.0 -999.0 -999.0 -999.0 -999.0 -999.0 -999.0 -999.0 -999.0 -999.0 -999.0 -999.0 -999.0 -999.0 -999.0 -999.0 1949.9 1202.1 1651.2 1505.7 1340.9 1641.2 964.0 1140.2 1225.4 1343.7 1156.8 1327.5 1277.3 1379.5 1493.3 1399.2 1203.1 1372.2 1493.1 1800.5 1896.2 1924.7 1773.1 1751.8 1780.6 1774.5 1797.8 1766.2 1658.0 1665.1 1654.1 1494.9 1403.8 1609.8 1318.9 1378.2 1586.3 1560.3 1628.0 1690.5 1707.8 1753.5 1760.9 1808.9 1752.5 1813.9 1858.5 1767.9 1855.6 1841.4 1823.8 1816.6 1727.5 1804.4 1831.4
-999.0 -999.0 -999.0 -999.0 -999.0 -999.0 -999.0 -999.0 -999.0 -999.0 -999.0 -999.0 -999.0 -999.0 1937.5 1883.9 1546.6 1617.6 1763.9 1742.7 1553.3 1760.2 1562.2 1429.2 1190.8 1207.8 1108.0 1217.1 1172.3 1511.6 1369.5 1418.1 1650.1 1649.9 1754.8 1762.2 1852.2 1880.3 1775.3 1754.5 1753.8 1782.7 1749.3 1627.8 1679.3 1636.3 1689.5 1540.3 1477.1 1518.4 1589.6 1658.8 1557.8 1613.7 1666.6 1688.5 1723.0 1749.0 1832.7 1838.5 1887.5 1924.8 1898.0 1859.2 1848.0 1816.7 1833.1 1816.0 1733.9 1798.7 1838.6
-999.0 -999.0 -999.0 -999.0 -999.0 -999.0 -999.0 -999.0 -999.0 -999.0 -999.0 -999.0 -999.0 1896.1 1832.3 1820.5 1817.3 1876.5 1935.0 1901.6 1916.8 1891.0 1634.9 1477.3 1339.5 906.0 1332.9 1449.7 1408.1 1588.6 1205.7 1176.2 1277.6 1575.8 1751.6 1763.0 1790.2 1809.7 1768.3 1718.2 1750.4 1744.6 1715.3 1642.4 1596.3 1681.2 1666.3 1543.6 1556.4 1592.9 1621.6 1630.7 1628.6 1723.7 1708.7 1754.6 1886.2 1804.8 1848.8 1922.2 1991.8 1956.3 1868.7 1865.4 1842.8 1816.9 1801.2 1794.5 1691.2 1749.9 1813.1
-999.0 -999.0 -999.0 -999.0 -999.0 -999.0 -999.0 -999.0 -999.0 -999.0 -999.0 -999.0 1919.3 1730.5 1757.5 1792.8 -999.0 -999.0 -999.0 -999.0 1946.4 1396.7 1390.2 1380.6 1250.2 1351.1 1422.0 1184.1 1232.9 1371.3 868.1 1021.5 1243.4 1357.1 1664.5 1858.3 1809.0 1778.5 1787.5 1763.3 1765.4 1763.9 1703.0 1722.9 1594.5 1646.2 1639.2 1623.7 1614.8 1624.0 1654.5 1734.8 1741.5 1763.1 1796.4 1835.9 1902.7 1913.1 1901.6 1920.7 1929.4 1910.2 1882.2 1858.4 1795.4 1754.3 1744.7 1754.5 1707.1 1737.2 1760.1
-999.0 -999.0 -999.0 -999.0 -999.0 -999.0 -999.0 -999.0 -999.0 -999.0 -999.0 -999.0 1872.9 1605.9 1882.8 1939.0 -999.0 -999.0 -999.0 -999.0 2009.0 1569.9 1284.9 1584.3 1230.3 1251.7 1276.3 1087.2 1032.0 1260.0 1025.0 1472.8 1461.6 1604.1 1761.6 1882.4 1855.5 1793.8 1777.5 1738.8 1697.3 1771.3 1705.7 1714.4 1686.5 1615.9 1682.5 1667.7 1731.9 1682.5 1638.8 1634.7 1653.8 1772.6 1819.9 1848.8 1869.3 1829.6 1855.9 1850.5 1844.7 1845.9 1764.9 1793.9 1655.4 1659.1 1656.1 1730.4 1711.4 1740.0 1762.0
-999.0 -999.0 -999.0 -999.0 -999.0 -999.0 -999.0 -999.0 -999.0 -999.0 -999.0 -999.0 -999.0 -999.0 -999.0 -999.0 -999.0 -999.0 -999.0 -999.0 2010.7 1489.9 1453.2 1587.8 1379.5 1509.4 1072.5 1118.1 1435.3 1243.3 1301.3 1451.8 1477.9 1712.3 1832.6 1907.7 1792.3 1789.5 1769.4 1765.8 1790.4 1787.9 1780.3 1774.1 1734.4 1682.3 1723.0 1742.6 1739.7 1716.4 1747.4 1710.7 1695.4 1827.1 1725.3 1668.2 1763.0 1767.1 1787.4 1844.2 1801.2 1734.1 1638.5 1658.8 1708.6 1692.6 1657.3 1712.7 1703.5 1743.2 1752.7
-999.0 -999.0 -999.0 -999.0 -999.0 -999.0 -999.0 -999.0 -999.0 -999.0 -999.0 -999.0 -999.0 -999.0 -999.0 -999.0 -999.0 -999.0 -999.0 -999.0 -999.0 1491.7 1971.5 1818.6 1495.3 1164.0 1237.4 1133.0 1161.4 1463.8 1447.4 1430.9 1731.8 1795.6 1886.6 1885.3 1849.7 1807.3 1825.3 1837.8 1826.8 1826.2 1819.7 1788.7 1776.0 1710.9 1713.2 1754.9 1626.1 1700.4 1800.8 1809.8 1800.6 1787.9 1792.6 1696.9 1683.3 1737.9 1672.1 1802.3 1820.1 1734.1 1763.9 1719.9 1716.9 1755.2 1687.0 1711.2 1744.3 1789.2 1763.0
-999.0 -999.0 -999.0 -999.0 -999.0 -999.0 -999.0 -999.0 -999.0 -999.0 -999.0 -999.0 -999.0 -999.0 -999.0 -999.0 -999.0 -999.0 -999.0 -999.0 -999.0 1776.5 1329.1 1242.5 1370.7 1403.1 1468.5 1314.8 1469.4 1462.9 1650.6 1817.3 1664.3 1843.6 1880.8 1725.4 1762.3 1793.0 1847.8 1914.0 1886.9 1788.1 1793.8 1707.3 1711.7 1709.6 1713.4 1749.4 1639.3 1628.1 1747.1 1806.6 1829.3 1808.9 1791.1 1759.6 1718.7 1682.4 1561.8 1700.7 1838.9 1806.4 1759.7 1666.0 1614.4 1658.2 1740.2 1726.7 1779.1 1816.4 1845.5
-999.0 -999.0 -999.0 -999.0 -999.0 -999.0 -999.0 -999.0 -999.0 -999.0 -999.0 -999.0 -999.0 -999.0 -999.0 -999.0 -999.0 -999.0 -999.0 -999.0 1830.5 1655.7 1738.4 1137.2 1487.3 1560.9 1379.1 1417.8 1534.2 1353.9 1707.4 1863.2 1652.7 1918.6 1435.8 1640.0 1774.1 1791.8 1725.5 1840.8 1835.7 1588.6 1611.4 1678.4 1776.3 1732.3 1743.3 1774.6 1758.5 1757.6 1793.9 1825.4 1820.8 1819.8 1803.4 1747.1 1752.3 1670.4 1710.3 1798.1 1823.0 1766.0 1701.1 1622.3 1586.9 1637.5 1756.9 1774.1 1824.6 1870.9 1895.0
-999.0 -999.0 -999.0 -999.0 -999.0 -999.0 -999.0 -999.0 -999.0 -999.0 -999.0 -999.0 -999.0 -999.0 -999.0 -999.0 -999.0 -999.0 -999.0 -999.0 2027.7 1778.9 1221.8 1602.6 1902.1 1660.1 1600.3 1449.7 1318.0 1379.0 1686.9 1814.7 1783.3 1881.0 1765.7 1696.9 1622.4 1614.7 1775.9 1756.8 1748.3 1707.4 1664.1 1762.3 1785.1 1746.2 1776.3 1771.6 1792.0 1854.6 1843.5 1834.7 1828.9 1818.7 1821.9 1796.8 1787.2 1724.0 1717.9 1782.2 1784.0 1704.1 1612.8 1548.5 1634.2 1633.3 1679.8 1760.0 1866.7 1841.1 1916.7
-999.0 -999.0 -999.0 -999.0 -999.0 -999.0 -999.0 -999.0 -999.0 -999.0 -999.0 -999.0 -999.0 -999.0 -999.0 -999.0 -999.0 -999.0 -999.0 -999.0 2093.9 1661.6 1942.5 1684.9 1706.4 1571.0 1549.8 1205.1 1368.1 1299.0 1555.9 1691.7 1838.4 1857.0 1761.0 1536.0 1429.7 1334.7 1681.7 1564.1 1663.5 1658.7 1687.2 1819.1 1791.2 1781.5 1812.2 1816.3 1882.9 1900.2 1804.2 1810.4 1847.5 1822.6 1734.5 1833.8 1805.1 1770.0 1778.0 1813.2 1783.5 1694.6 1649.9 1645.1 1674.6 1692.2 1776.5 1809.5 1809.9 1839.2 1908.0
-999.0 -999.0 -999.0 -999.0 -999.0 -999.0 -999.0 -999.0 -999.0 -999.0 -999.0 -999.0 -999.0 -999.0 -999.0 -999.0 -999.0 -999.0 -999.0 -999.0 -999.0 1876.1 1591.5 1395.5 1216.2 1132.4 1328.0 1331.4 1489.7 1713.6 1735.5 1790.3 1740.4 1734.5 1781.8 1655.9 1641.8 1401.0 1562.6 1645.1 1675.9 1597.3 1639.4 1809.3 1734.7 1827.2 1878.6 1760.5 1922.4 1937.4 1931.9 1869.6 1877.2 1850.4 1727.4 1779.3 1832.4 1782.2 1793.8 1802.6 1758.4 1681.7 1706.5 1730.6 1783.5 1750.1 1824.0 1759.4 1783.4 1875.1 1901.6
