GDD/GrowingDegreeDays_1992_Actual.txt
ncols         180
nrows         290
xllcorner     -200000
yllcorner     -200000
cellsize      5000
NODATA_value    -999
[rows 160 to 191 of 290, columns 71 to 141 of 180]
-999.0 -999.0 -999.0 -999.0 -999.0 -999.0 -999.0 -999.0 -999.0 -999.0 -999.0 -999.0 -999.0 -999.0 -999.0 -999.0 -999.0 -999.0 -999.0 -999.0 -999.0 -999.0 -999.0 -999.0 -999.0 -999.0 -999.0 -999.0 -999.0 -999.0 -999.0 -999.0 -999.0 -999.0 -999.0 1719.4 1722.4 1708.1 1642.6 1377.0 1254.7 1023.4 1313.2 1184.7 1583.4 1456.8 1462.2 1343.0 1279.5 1346.1 1259.1 1598.9 1600.3 1609.0 1631.0 1677.4 1588.0 1664.7 1681.9 1663.7 1699.7 1730.5 1702.2 1673.7 1654.9 1641.7 1511.6 1578.4 1660.2 1702.1 1725.5
-999.0 -999.0 -999.0 -999.0 -999.0 -999.0 -999.0 -999.0 -999.0 -999.0 -999.0 -999.0 -999.0 -999.0 -999.0 -999.0 -999.0 -999.0 -999.0 -999.0 -999.0 -999.0 -999.0 -999.0 -999.0 -999.0 -999.0 -999.0 -999.0 -999.0 -999.0 -999.0 -999.0 -999.0 -999.0 1746.2 1754.4 1758.8 1781.6 1689.4 1362.2 1556.8 1523.1 1634.0 1491.9 1205.8 1357.3 1244.0 1297.5 1232.3 1612.2 1323.7 1545.1 1455.4 1515.1 1521.1 1618.7 1634.1 1671.0 1697.8 1710.8 1712.0 1675.8 1643.4 1654.4 1667.6 1647.3 1560.3 1631.4 1702.9 1731.5
-999.0 -999.0 -999.0 -999.0 -999.0 -999.0 -999.0 -999.0 -999.0 -999.0 -999.0 -999.0 -999.0 -999.0 -999.0 -999.0 -999.0 -999.0 -999.0 -999.0 -999.0 -999.0 -999.0 -999.0 -999.0 -999.0 -999.0 -999.0 -999.0 -999.0 -999.0 -999.0 -999.0 -999.0 -999.0 1724.9 1757.6 1702.3 1809.4 1739.7 1610.2 1557.0 1596.7 1660.8 1502.8 1384.8 1372.4 1251.9 1115.8 1383.9 1498.2 1673.8 1545.2 1740.2 1684.4 1624.2 1579.4 1634.8 1652.7 1697.5 1712.4 1698.6 1669.8 1644.4 1654.3 1668.7 1667.1 1596.4 1566.2 1704.2 1810.1
-999.0 -999.0 -999.0 -999.0 -999.0 -999.0 -999.0 -999.0 -999.0 -999.0 -999.0 -999.0 -999.0 -999.0 -999.0 -999.0 -999.0 -999.0 -999.0 -999.0 -999.0 -999.0 -999.0 -999.0 -999.0 -999.0 -999.0 -999.0 -999.0 -999.0 -999.0 -999.0 -999.0 -999.0 -999.0 1727.3 1711.5 1694.4 1740.2 1737.7 1683.4 1676.6 1577.4 1448.2 1609.0 1521.1 1405.8 1042.7 1067.1 1087.8 1291.0 1516.7 1611.5 1604.9 1745.0 1797.1 1672.5 1609.2 1686.5 1716.8 1712.1 1720.6 1695.8 1677.5 1680.5 1695.8 1708.0 1611.4 1572.5 1769.1 1890.8
-999.0 -999.0 -999.0 -999.0 -999.0 -999.0 -999.0 -999.0 -999.0 -999.0 -999.0 -999.0 -999.0 -999.0 -999.0 -999.0 -999.0 -999.0 -999.0 -999.0 -999.0 -999.0 -999.0 -999.0 -999.0 -999.0 -999.0 -999.0 -999.0 -999.0 -999.0 -999.0 -999.0 -999.0 -999.0 1739.0 1746.3 1753.0 1782.1 1766.1 1743.1 1624.0 1598.7 1472.8 1404.3 1228.5 1124.1 1054.5 1268.7 1193.8 1398.8 1482.5 1647.6 1522.3 1632.8 1762.2 1804.0 1783.6 1748.1 1749.4 1730.3 1723.4 1721.3 1711.7 1708.9 1724.9 1724.2 1734.5 1692.8 1796.4 1891.7
-999.0 -999.0 -999.0 -999.0 -999.0 -999.0 -999.0 -999.0 -999.0 -999.0 -999.0 -999.0 -999.0 -999.0 -999.0 -999.0 -999.0 -999.0 -999.0 -999.0 -999.0 -999.0 -999.0 -999.0 -999.0 -999.0 -999.0 -999.0 -999.0 -999.0 -999.0 -999.0 -999.0 -999.0 -999.0 -999.0 1711.4 1736.6 1763.8 1761.9 1648.8 1432.9 1396.1 1333.7 1399.2 1422.4 1243.0 1271.5 1182.8 1307.4 1577.2 1801.7 1739.2 1689.5 1649.3 1819.9 1799.6 1707.9 1730.1 1773.8 1732.8 1741.6 1742.1 1742.5 1733.9 1739.4 1737.1 1730.3 1769.9 1791.7 1833.2
-999.0 -999.0 -999.0 -999.0 -999.0 -999.0 -999.0 -999.0 -999.0 -999.0 -999.0 -999.0 -999.0 -999.0 -999.0 -999.0 -999.0 -999.0 -999.0 -999.0 -999.0 -999.0 -999.0 -999.0 -999.0 -999.0 -999.0 -999.0 -999.0 -999.0 -999.0 -999.0 -999.0 -999.0 -999.0 1774.7 1731.2 1750.3 1778.0 1744.9 1656.2 1304.8 1261.3 1397.9 1180.7 1223.9 1318.5 1336.0 1069.7 1275.2 1325.9 1599.9 1863.5 1609.3 1777.3 1888.2 1737.0 1711.7 1771.2 1741.3 1762.5 1763.4 1753.8 1748.4 1744.1 1749.8 1636.5 1710.5 1758.1 1659.8 1717.2
-999.0 -999.0 -999.0 -999.0 -999.0 -999.0 -999.0 -999.0 -999.0 -999.0 -999.0 -999.0 -999.0 -999.0 -999.0 -999.0 -999.0 -999.0 -999.0 -999.0 -999.0 -999.0 -999.0 -999.0 -999.0 -999.0 -999.0 -999.0 -999.0 -999.0 -999.0 -999.0 -999.0 -999.0 -999.0 1790.5 1786.2 1771.6 1783.8 1594.1 1653.3 1564.6 1304.9 1527.0 1507.7 1468.4 1560.3 1520.7 1232.3 1316.4 1364.5 1706.0 1577.6 1454.3 1703.1 1642.2 1688.9 1640.3 1693.1 1731.4 1782.3 1786.1 1770.9 1761.7 1747.1 1767.6 1760.6 1702.8 1777.4 1744.9 1687.9
-999.0 -999.0 -999.0 -999.0 -999.0 -999.0 -999.0 -999.0 -999.0 -999.0 -999.0 -999.0 -999.0 -999.0 -999.0 -999.0 -999.0 -999.0 -999.0 -999.0 -999.0 -999.0 -999.0 -999.0 -999.0 -999.0 -999.0 -999.0 -999.0 -999.0 -999.0 -999.0 -999.0 -999.0 1758.8 1806.9 1776.1 1679.4 1712.5 1689.3 1720.4 1627.2 1597.8 1636.4 1668.1 1684.8 1644.7 1532.3 1261.8 1086.5 1057.9 1417.5 1319.3 1395.2 1657.5 1663.8 1753.8 1709.8 1701.5 1760.1 1799.8 1794.7 1782.5 1766.7 1744.0 1771.8 1766.9 1759.2 1763.9 1761.2 1632.2
-999.0 -999.0 -999.0 -999.0 -999.0 -999.0 -999.0 -999.0 -999.0 -999.0 -999.0 -999.0 -999.0 -999.0 -999.0 -999.0 -999.0 -999.0 -999.0 -999.0 -999.0 -999.0 -999.0 -999.0 -999.0 -999.0 -999.0 -999.0 -999.0 -999.0 -999.0 -999.0 -999.0 -999.0 -999.0 1802.3 1822.2 1776.8 1757.8 1593.0 1781.0 1783.0 1777.1 1748.9 1732.2 1767.5 1735.9 1629.8 1523.4 1168.5 1036.3 1002.0 1285.3 1320.5 1481.7 1632.3 1624.5 1812.5 1802.8 1716.5 1799.7 1807.0 1800.2 1769.5 1742.2 1760.9 1766.8 1747.4 1768.2 1773.8 1753.4
-999.0 -999.0 -999.0 -999.0 -999.0 -999.0 -999.0 -999.0 -999.0 -999.0 -999.0 -999.0 -999.0 -999.0 -999.0 -999.0 -999.0 -999.0 -999.0 -999.0 -999.0 -999.0 -999.0 -999.0 -999.0 -999.0 -999.0 -999.0 -999.0 -999.0 -999.0 -999.0 -999.0 -999.0 -999.0 1858.8 1863.7 1881.1 1868.4 1822.5 1806.6 1810.2 1846.2 1839.9 1888.8 1899.8 1848.1 1742.0 1539.7 1470.5 1070.0 933.6 983.1 1220.4 1419.2 1574.3 1713.5 1658.2 1748.0 1668.0 1777.9 1785.7 1796.5 1737.9 1725.6 1743.4 1733.6 1734.0 1752.8 1765.2 1717.7
-999.0 -999.0 -999.0 -999.0 -999.0 -999.0 -999.0 -999.0 -999.0 -999.0 -999.0 -999.0 -999.0 -999.0 -999.0 1749.1 1730.8 1680.1 1635.5 -999.0 -999.0 -999.0 -999.0 -999.0 -999.0 -999.0 -999.0 -999.0 -999.0 -999.0 -999.0 -999.0 -999.0 -999.0 1937.3 1971.8 1890.8 1914.5 1833.1 1827.7 1863.5 1858.1 1851.1 1879.3 1888.9 1912.2 1862.7 1772.5 1631.0 1319.8 1119.2 1109.8 1338.4 1178.9 1355.9 1732.5 1703.6 1801.9 1566.8 1597.7 1736.5 1726.3 1690.6 1639.9 1685.9 1732.1 1740.3 1719.1 1733.7 1770.9 1738.1
-999.0 -999.0 -999.0 -999.0 -999.0 -999.0 -999.0 -999.0 -999.0 -999.0 -999.0 -999.0 -999.0 -999.0 -999.0 1710.0 1650.7 1665.7 1741.1 -999.0 -999.0 -999.0 -999.0 -999.0 -999.0 -999.0 -999.0 -999.0 -999.0 -999.0 -999.0 -999.0 -999.0 2045.0 1905.1 1943.8 1917.4 1822.2 1894.9 1834.5 1884.6 1869.8 1855.8 1872.9 1849.1 1821.5 1840.5 1787.2 1684.3 1557.0 1136.4 1081.4 1363.3 1321.8 1470.6 1598.1 1875.2 1840.0 1663.2 1619.5 1700.5 1755.1 1715.6 1667.8 1698.3 1742.7 1754.2 1746.3 1710.6 1762.4 1734.5
-999.0 -999.0 -999.0 -999.0 -999.0 -999.0 -999.0 -999.0 -999.0 -999.0 -999.0 -999.0 -999.0 1698.3 1866.7 1843.1 1686.8 1706.1 1705.6 1857.7 1886.1 1885.7 -999.0 -999.0 1810.6 1916.3 -999.0 -999.0 -999.0 1932.4 1811.1 1825.8 -999.0 2041.7 1816.2 1891.9 1947.9 1930.5 1905.9 1795.0 1791.8 1765.3 1809.8 1781.7 1848.4 1753.1 1770.9 1749.0 1386.0 1678.3 1555.9 1271.9 1606.4 1516.7 1229.8 1760.8 1629.8 1780.2 1687.6 1665.3 1721.5 1749.1 1770.9 1827.9 1789.8 1799.5 1767.2 1776.2 1708.8 1777.5 1771.8
-999.0 -999.0 -999.0 -999.0 -999.0 -999.0 -999.0 -999.0 -999.0 -999.0 -999.0 -999.0 -999.0 -999.0 1869.7 1868.8 1809.5 1798.0 1810.2 1799.8 1695.4 1939.2 -999.0 1966.5 1832.5 1653.7 1777.7 1698.8 1962.9 1962.3 1535.0 1565.4 1699.2 -999.0 1911.6 1813.2 1854.0 1907.7 1883.6 1757.2 1840.3 1910.4 1897.9 1832.9 1788.0 1755.7 1657.9 1662.8 1358.6 1313.3 1380.2 1348.2 1380.6 1262.2 1325.6 1551.5 1754.9 1793.2 1609.3 1609.1 1739.8 1707.8 1781.3 1766.6 1772.8 1806.4 1778.9 1794.8 1725.3 1793.7 1800.8
-999.0 -999.0 -999.0 -999.0 -999.0 -999.0 -999.0 -999.0 -999.0 -999.0 -999.0 -999.0 -999.0 -999.0 -999.0 1878.2 1823.0 1786.2 1876.4 1888.4 1903.5 1967.4 1488.7 927.5 1767.7 1423.6 1408.3 1520.1 1706.2 1887.2 1840.1 1632.2 1464.5 1691.7 1925.7 1935.6 1849.1 1864.5 1808.4 1625.0 1740.5 1899.7 1933.7 1851.9 1785.5 1744.7 1651.1 1599.4 1212.2 1141.5 1325.8 1342.5 1472.4 1514.4 1458.1 1535.1 1742.1 1760.5 1636.1 1680.6 1733.5 1689.2 1764.8 1709.4 1786.2 1797.0 1803.5 1791.4 1702.9 1842.2 1830.9
-999.0 -999.0 -999.0 -999.0 -999.0 -999.0 -999.0 -999.0 -999.0 -999.0 -999.0 -999.0 -999.0 -999.0 -999.0 -999.0 1768.7 1882.1 1917.5 1934.9 1801.1 1571.8 687.1 1153.2 1912.8 1337.0 1627.0 1348.0 1427.3 1712.3 1856.1 1324.6 1539.2 1544.3 1765.2 1950.4 1877.7 1827.3 1843.7 1722.8 1713.9 1806.0 1844.5 1842.9 1768.2 1725.4 1669.2 1459.5 1353.7 1074.5 1271.3 1264.8 1306.2 1616.5 1493.2 1422.6 1605.7 1654.4 1625.2 1686.3 1688.2 1689.6 1748.9 1703.5 1791.6 1818.2 1797.8 1821.1 1806.5 1820.8 1840.0
-999.0 -999.0 -999.0 -999.0 -999.0 -999.0 -999.0 -999.0 -999.0 -999.0 -999.0 -999.0 -999.0 -999.0 -999.0 -999.0 -999.0 1901.1 1918.1 1732.0 1523.9 780.2 668.9 1107.0 1461.2 1478.5 1347.0 1224.9 1252.7 1278.2 1590.1 1718.8 1240.7 1520.8 1713.4 1758.9 1856.9 1856.0 1818.7 1787.5 1753.5 1799.5 1836.4 1797.7 1737.7 1696.7 1627.5 1462.1 1275.9 1180.2 1346.4 1377.5 1277.7 1441.7 1722.8 1464.8 1673.0 1625.7 1590.1 1669.6 1686.4 1709.9 1709.8 1704.8 1795.1 1831.1 1820.8 1862.0 1761.5 1812.4 1842.4
-999.0 -999.0 -999.0 -999.0 -999.0 -999.0 -999.0 -999.0 -999.0 -999.0 -999.0 -999.0 -999.0 -999.0 -999.0 -999.0 -999.0 1910.0 1807.5 1404.1 1248.1 1091.1 817.7 1329.6 1684.0 1450.0 1168.6 1117.6 1095.4 1286.2 1534.3 1750.5 1209.3 1343.4 1659.5 1738.3 1883.3 1868.1 1806.3 1711.8 1739.2 1765.9 1778.3 1785.1 1741.7 1674.2 1490.7 1410.5 1504.3 1144.9 1322.2 1306.8 1235.8 1296.7 1516.5 1641.3 1673.5 1732.1 1603.4 1568.4 1675.1 1704.6 1764.0 1764.9 1826.1 1824.6 1839.7 1867.8 1848.0 1802.1 1832.6
-999.0 -999.0 -999.0 -999.0 -999.0 -999.0 -999.0 -999.0 -999.0 -999.0 -999.0 -999.0 -999.0 -999.0 -999.0 -999.0 -999.0 1922.3 1739.2 1493.7 1515.9 1072.1 1181.4 1468.2 1410.5 1558.0 1359.7 1096.1 1237.1 1085.3 1284.6 1590.3 1264.4 1259.9 1427.8 1772.4 1839.1 1873.8 1768.5 1657.7 1685.2 1747.9 1767.5 1767.3 1709.8 1563.6 1511.8 1568.2 1536.1 1308.0 1337.1 1367.3 1400.4 1504.0 1534.7 1496.2 1754.4 1652.1 1639.3 1690.3 1672.9 1736.0 1695.0 1821.4 1839.3 1831.9 1849.9 1859.5 1728.4 1815.8 1845.2
-999.0 -999.0 -999.0 -999.0 -999.0 -999.0 -999.0 -999.0 -999.0 -999.0 -999.0 -999.0 -999.0 -999.0 -999.0 -999.0 1902.8 1058.5 1621.9 1465.7 1281.3 1646.5 801.4 980.6 1086.1 1238.5 1040.4 1259.8 1208.9 1307.4 1432.6 1312.5 1087.6 1298.3 1434.1 1769.0 1861.5 1887.4 1715.0 1697.4 1733.5 1744.8 1776.3 1733.4 1599.6 1608.8 1625.9 1506.5 1397.0 1573.7 1240.1 1312.8 1563.7 1536.5 1615.3 1692.4 1696.8 1730.3 1729.1 1784.7 1700.4 1765.7 1831.1 1736.0 1843.8 1838.8 1826.7 1826.4 1724.6 1817.0 1850.6
-999.0 -999.0 -999.0 -999.0 -999.0 -999.0 -999.0 -999.0 -999.0 -999.0 -999.0 -999.0 -999.0 -999.0 1899.5 1861.9 1476.7 1577.8 1765.1 1724.6 1510.2 1744.9 1450.0 1292.3 1033.9 1076.4 978.4 1106.6 1064.4 1469.1 1282.5 1343.6 1628.5 1630.1 1732.2 1714.1 1800.5 1830.8 1715.3 1699.5 1697.7 1738.3 1708.4 1569.6 1630.3 1584.9 1654.4 1513.0 1444.4 1475.4 1550.7 1625.8 1514.4 1589.8 1649.8 1666.1 1680.1 1699.6 1798.0 1795.1 1817.8 1879.7 1868.7 1838.8 1834.5 1808.1 1831.4 1815.9 1727.0 1806.3 1855.8
-999.0 -999.0 -999.0 -999.0 -999.0 -999.0 -999.0 -999.0 -999.0 -999.0 -999.0 -999.0 -999.0 1864.8 1809.9 1811.1 1810.2 1865.4 1922.0 1900.4 1926.8 1857.7 1523.3 1349.4 1214.8 741.3 1237.6 1370.4 1318.4 1556.1 1088.6 1070.2 1213.4 1543.6 1703.9 1696.3 1720.2 1744.1 1700.9 1646.6 1687.1 1686.6 1661.8 1582.2 1538.5 1643.1 1636.2 1502.3 1516.4 1553.0 1579.9 1585.5 1586.6 1710.8 1687.3 1757.7 1833.8 1750.6 1807.1 1883.1 1936.9 1919.6 1831.9 1844.2 1829.9 1804.6 1793.0 1792.6 1677.8 1750.8 1826.6
-999.0 -999.0 -999.0 -999.0 -999.0 -999.0 -999.0 -999.0 -999.0 -999.0 -999.0 -999.0 1881.8 1676.4 1714.5 1771.2 -999.0 -999.0 -999.0 -999.0 1901.0 1266.2 1267.6 1272.0 1137.8 1257.4 1352.9 1063.7 1109.1 1290.2 712.1 918.7 1201.8 1256.2 1564.2 1780.3 1726.0 1698.1 1717.4 1697.0 1701.2 1705.4 1640.8 1672.8 1534.8 1612.4 1614.5 1592.7 1578.7 1581.4 1611.2 1707.8 1719.2 1749.5 1779.9 1815.7 1868.5 1880.5 1873.2 1893.7 1897.7 1879.0 1847.2 1834.1 1770.7 1729.3 1727.0 1748.6 1695.9 1736.5 1763.0
-999.0 -999.0 -999.0 -999.0 -999.0 -999.0 -999.0 -999.0 -999.0 -999.0 -999.0 -999.0 1827.3 1529.9 1847.0 1893.8 -999.0 -999.0 -999.0 -999.0 1936.9 1478.9 1168.3 1543.6 1138.9 1156.6 1193.9 975.2 903.1 1169.9 908.9 1449.2 1415.7 1511.1 1654.6 1788.5 1765.7 1709.3 1700.0 1658.2 1610.5 1705.3 1632.9 1648.3 1631.6 1566.9 1654.6 1640.1 1709.5 1648.8 1591.2 1589.0 1614.5 1757.5 1818.9 1840.6 1848.2 1798.1 1833.8 1820.9 1801.3 1798.2 1706.1 1753.8 1607.3 1623.6 1628.6 1721.8 1705.1 1738.5 1762.1
-999.0 -999.0 -999.0 -999.0 -999.0 -999.0 -999.0 -999.0 -999.0 -999.0 -999.0 -999.0 -999.0 -999.0 -999.0 -999.0 -999.0 -999.0 -999.0 -999.0 1935.6 1397.6 1390.6 1567.2 1322.7 1478.8 991.7 1065.4 1419.7 1175.3 1225.4 1389.7 1395.3 1631.1 1736.7 1816.3 1698.9 1705.3 1679.1 1666.2 1696.0 1719.4 1697.8 1684.2 1674.1 1636.8 1699.8 1734.2 1723.6 1689.9 1722.3 1676.3 1654.6 1809.4 1698.0 1627.7 1732.9 1736.1 1756.7 1821.8 1755.0 1665.5 1558.0 1595.9 1667.7 1659.5 1630.7 1699.7 1690.8 1739.8 1746.1
-999.0 -999.0 -999.0 -999.0 -999.0 -999.0 -999.0 -999.0 -999.0 -999.0 -999.0 -999.0 -999.0 -999.0 -999.0 -999.0 -999.0 -999.0 -999.0 -999.0 -999.0 1420.7 1988.5 1823.7 1454.6 1076.1 1223.9 1114.1 1113.0 1478.8 1397.2 1341.0 1677.2 1728.6 1814.2 1805.0 1768.9 1721.0 1729.3 1725.6 1737.7 1758.0 1742.4 1698.9 1721.1 1677.1 1701.8 1763.3 1596.9 1670.2 1784.7 1791.3 1771.3 1748.1 1754.9 1652.2 1634.9 1701.2 1621.1 1769.8 1782.7 1662.9 1647.3 1642.7 1674.4 1726.8 1669.5 1706.4 1733.8 1787.1 1752.7
-999.0 -999.0 -999.0 -999.0 -999.0 -999.0 -999.0 -999.0 -999.0 -999.0 -999.0 -999.0 -999.0 -999.0 -999.0 -999.0 -999.0 -999.0 -999.0 -999.0 -999.0 1745.1 1252.7 1156.1 1310.1 1359.0 1457.0 1270.3 1446.8 1437.3 1609.5 1760.4 1567.3 1766.0 1806.4 1622.7 1657.4 1706.6 1750.6 1806.8 1801.1 1732.9 1750.7 1644.9 1661.5 1688.6 1725.7 1791.3 1623.0 1583.0 1717.8 1790.3 1806.5 1771.5 1750.3 1720.9 1674.8 1635.9 1494.5 1642.4 1799.7 1746.4 1647.8 1580.4 1555.3 1612.7 1719.9 1712.8 1759.0 1804.0 1839.5
-999.0 -999.0 -999.0 -999.0 -999.0 -999.0 -999.0 -999.0 -999.0 -999.0 -999.0 -999.0 -999.0 -999.0 -999.0 -999.0 -999.0 -999.0 -999.0 -999.0 1758.6 1602.0 1724.4 1018.8 1426.1 1521.8 1301.9 1347.1 1486.6 1263.2 1640.9 1772.0 1528.7 1832.2 1274.5 1519.5 1670.4 1687.0 1621.0 1753.8 1776.1 1542.4 1592.7 1652.1 1755.1 1719.0 1743.3 1782.7 1735.5 1720.5 1762.8 1803.1 1794.2 1789.0 1767.3 1705.6 1715.9 1624.0 1665.0 1748.6 1777.2 1717.7 1631.7 1561.4 1536.4 1596.9 1736.1 1752.1 1794.3 1837.3 1880.2
-999.0 -999.0 -999.0 -999.0 -999.0 -999.0 -999.0 -999.0 -999.0 -999.0 -999.0 -999.0 -999.0 -999.0 -999.0 -999.0 -999.0 -999.0 -999.0 -999.0 1959.5 1713.7 1115.1 1538.8 1858.3 1609.0 1537.9 1367.5 1209.7 1274.3 1612.2 1727.3 1680.7 1777.6 1647.5 1580.5 1506.9 1502.9 1702.8 1691.6 1705.8 1703.0 1667.5 1761.9 1766.5 1718.1 1751.6 1733.0 1735.6 1807.3 1799.7 1801.5 1798.1 1791.9 1791.9 1763.8 1752.5 1681.9 1671.7 1735.4 1752.2 1673.2 1561.5 1495.8 1601.1 1605.3 1654.8 1737.8 1835.1 1788.5 1891.8
-999.0 -999.0 -999.0 -999.0 -999.0 -999.0 -999.0 -999.0 -999.0 -999.0 -999.0 -999.0 -999.0 -999.0 -999.0 -999.0 -999.0 -999.0 -999.0 -999.0 1987.1 1542.2 1955.3 1643.5 1654.0 1503.3 1481.8 1086.9 1284.2 1202.3 1498.9 1635.9 1780.5 1779.5 1659.3 1393.3 1276.4 1191.3 1615.2 1484.5 1616.4 1632.1 1669.4 1810.6 1768.0 1745.3 1765.7 1753.6 1820.5 1841.8 1738.0 1759.7 1804.5 1787.6 1684.3 1801.7 1768.8 1733.0 1741.6 1780.7 1756.2 1662.5 1616.9 1614.7 1654.0 1680.8 1774.3 1808.5 1787.7 1802.0 1906.6
-999.0 -999.0 -999.0 -999.0 -999.0 -999.0 -999.0 -999.0 -999.0 -999.0 -999.0 -999.0 -999.0 -999.0 -999.0 -999.0 -999.0 -999.0 -999.0 -999.0 -999.0 1940.6 1584.0 1285.4 1085.7 1013.4 1243.8 1253.5 1444.4 1722.5 1748.4 1794.8 1697.1 1668.3 1714.8 1562.4 1546.7 1273.0 1472.5 1580.8 1622.5 1533.3 1587.3 1785.7 1693.4 1786.2 1824.1 1666.9 1839.3 1852.6 1856.2 1807.6 1827.5 1808.2 1667.3 1730.9 1797.3 1741.8 1758.8 1772.1 1725.8 1648.3 1686.0 1715.8 1779.6 1738.8 1829.2 1751.3 1769.9 1873.0 1912.4
