GDD/GrowingDegreeDays_1987_Actual.txt
ncols         180
nrows         290
xllcorner     -200000
yllcorner     -200000
cellsize      5000
NODATA_value    -999
[rows 64 to 95 of 290, columns 71 to 141 of 180]
-999.0 -999.0 -999.0 -999.0 -999.0 -999.0 -999.0 -999.0 -999.0 1233.6 1018.5 1018.0 977.2 721.2 756.1 603.7 776.3 847.3 791.6 809.9 369.4 804.2 497.3 765.0 728.7 899.9 948.2 837.1 669.3 696.6 528.7 854.1 -999.0 -999.0 -999.0 -999.0 -999.0 -999.0 -999.0 -999.0 -999.0 -999.0 -999.0 -999.0 -999.0 -999.0 -999.0 -999.0 -999.0 -999.0 -999.0 -999.0 -999.0 -999.0 -999.0 -999.0 -999.0 -999.0 -999.0 -999.0 -999.0 -999.0 -999.0 -999.0 -999.0 -999.0 -999.0 -999.0 -999.0 -999.0 -999.0
-999.0 -999.0 -999.0 -999.0 -999.0 -999.0 -999.0 -999.0 -999.0 -999.0 1246.6 1042.7 800.9 745.6 755.0 722.2 731.3 1058.6 936.9 905.4 693.3 649.3 621.8 755.2 848.5 779.7 826.4 862.1 799.5 828.0 879.1 1131.1 -999.0 -999.0 -999.0 -999.0 -999.0 -999.0 -999.0 -999.0 -999.0 -999.0 -999.0 -999.0 -999.0 -999.0 -999.0 -999.0 -999.0 -999.0 -999.0 -999.0 -999.0 -999.0 -999.0 -999.0 -999.0 -999.0 -999.0 -999.0 -999.0 -999.0 -999.0 -999.0 -999.0 -999.0 -999.0 -999.0 -999.0 -999.0 -999.0
-999.0 -999.0 -999.0 -999.0 -999.0 -999.0 -999.0 -999.0 1283.3 -999.0 1278.6 1094.8 773.5 743.4 667.6 472.3 916.4 836.9 1054.7 909.2 903.5 805.4 719.2 899.1 865.4 796.1 737.1 714.6 825.7 970.1 1147.1 -999.0 -999.0 -999.0 -999.0 -999.0 -999.0 -999.0 -999.0 -999.0 -999.0 -999.0 -999.0 -999.0 -999.0 -999.0 -999.0 -999.0 -999.0 -999.0 -999.0 -999.0 -999.0 -999.0 -999.0 -999.0 -999.0 -999.0 -999.0 -999.0 -999.0 -999.0 -999.0 -999.0 -999.0 -999.0 -999.0 -999.0 -999.0 -999.0 -999.0
-999.0 -999.0 -999.0 -999.0 -999.0 -999.0 -999.0 -999.0 1289.0 1263.5 1205.8 1176.3 761.4 1079.4 902.8 990.8 858.3 926.2 765.2 1027.5 979.7 846.7 875.0 834.7 839.6 931.5 670.7 844.5 879.7 -999.0 -999.0 -999.0 -999.0 -999.0 -999.0 -999.0 -999.0 -999.0 -999.0 -999.0 -999.0 -999.0 -999.0 -999.0 -999.0 -999.0 -999.0 -999.0 -999.0 -999.0 -999.0 -999.0 -999.0 -999.0 -999.0 -999.0 -999.0 -999.0 -999.0 -999.0 -999.0 -999.0 -999.0 -999.0 -999.0 -999.0 -999.0 -999.0 -999.0 -999.0 -999.0
-999.0 -999.0 -999.0 -999.0 -999.0 -999.0 -999.0 -999.0 -999.0 1265.2 696.2 1191.0 949.0 882.4 891.3 1050.8 749.2 880.4 766.6 807.6 1001.4 905.8 935.2 901.9 858.0 879.4 820.3 1138.5 -999.0 -999.0 -999.0 -999.0 -999.0 -999.0 -999.0 -999.0 -999.0 -999.0 -999.0 -999.0 -999.0 -999.0 -999.0 -999.0 -999.0 -999.0 -999.0 -999.0 -999.0 -999.0 -999.0 -999.0 -999.0 -999.0 -999.0 -999.0 -999.0 -999.0 -999.0 -999.0 -999.0 -999.0 -999.0 -999.0 -999.0 -999.0 -999.0 -999.0 -999.0 -999.0 -999.0
-999.0 -999.0 -999.0 -999.0 -999.0 -999.0 -999.0 -999.0 -999.0 -999.0 1284.7 906.9 1200.4 986.5 632.4 999.5 955.5 961.2 1105.3 884.9 1031.6 888.8 833.9 1071.7 837.6 979.9 1096.5 -999.0 -999.0 -999.0 -999.0 -999.0 -999.0 -999.0 -999.0 -999.0 -999.0 -999.0 -999.0 -999.0 -999.0 -999.0 -999.0 -999.0 -999.0 -999.0 -999.0 -999.0 -999.0 -999.0 -999.0 -999.0 -999.0 -999.0 -999.0 -999.0 -999.0 -999.0 -999.0 -999.0 -999.0 -999.0 -999.0 -999.0 -999.0 -999.0 -999.0 -999.0 -999.0 -999.0 -999.0
-999.0 -999.0 -999.0 -999.0 -999.0 -999.0 1236.8 -999.0 -999.0 1311.6 1302.6 1064.1 884.7 809.1 823.5 1018.2 945.7 756.0 889.1 975.2 1104.8 921.2 863.3 909.8 1152.3 1170.5 -999.0 -999.0 -999.0 -999.0 -999.0 -999.0 -999.0 -999.0 -999.0 -999.0 -999.0 -999.0 -999.0 -999.0 -999.0 -999.0 -999.0 -999.0 -999.0 -999.0 -999.0 -999.0 -999.0 -999.0 -999.0 -999.0 -999.0 -999.0 -999.0 -999.0 -999.0 -999.0 -999.0 -999.0 -999.0 -999.0 -999.0 -999.0 -999.0 -999.0 -999.0 -999.0 -999.0 -999.0 -999.0
-999.0 -999.0 -999.0 -999.0 1116.6 1233.4 1132.8 1268.0 1098.0 1299.1 873.7 1230.1 633.9 760.7 796.6 819.4 691.9 732.5 756.7 1089.0 980.7 1062.9 852.8 943.5 1053.3 1188.1 -999.0 -999.0 -999.0 -999.0 -999.0 -999.0 -999.0 -999.0 -999.0 -999.0 -999.0 -999.0 -999.0 -999.0 -999.0 -999.0 -999.0 -999.0 -999.0 -999.0 -999.0 -999.0 -999.0 -999.0 -999.0 -999.0 -999.0 -999.0 -999.0 -999.0 -999.0 -999.0 -999.0 -999.0 -999.0 -999.0 -999.0 -999.0 -999.0 -999.0 -999.0 -999.0 -999.0 -999.0 -999.0
-999.0 -999.0 -999.0 -999.0 832.9 1218.8 1233.9 1089.6 1031.1 852.5 606.8 785.7 1234.8 636.8 576.8 643.2 580.6 860.0 763.0 512.7 921.5 1110.3 1147.7 1188.6 1191.7 -999.0 -999.0 1180.9 -999.0 -999.0 -999.0 -999.0 -999.0 -999.0 -999.0 -999.0 -999.0 -999.0 -999.0 -999.0 -999.0 -999.0 -999.0 -999.0 -999.0 -999.0 -999.0 -999.0 -999.0 -999.0 -999.0 -999.0 -999.0 -999.0 -999.0 -999.0 -999.0 -999.0 -999.0 -999.0 -999.0 -999.0 -999.0 -999.0 -999.0 -999.0 -999.0 -999.0 -999.0 -999.0 -999.0
-999.0 -999.0 -999.0 -999.0 1012.5 1156.5 1304.4 1062.1 687.1 1022.5 362.7 882.0 865.3 580.5 504.5 578.6 596.7 587.7 505.1 634.6 766.6 677.8 955.9 850.4 1136.0 1170.7 1164.4 1183.1 -999.0 -999.0 -999.0 -999.0 -999.0 -999.0 -999.0 -999.0 -999.0 -999.0 -999.0 -999.0 -999.0 -999.0 -999.0 -999.0 -999.0 -999.0 -999.0 -999.0 -999.0 -999.0 -999.0 -999.0 -999.0 -999.0 -999.0 -999.0 -999.0 -999.0 -999.0 -999.0 -999.0 -999.0 -999.0 -999.0 -999.0 -999.0 -999.0 -999.0 -999.0 -999.0 -999.0
-999.0 -999.0 -999.0 -999.0 1272.0 1034.1 1280.8 971.5 934.5 593.9 737.2 740.1 880.4 858.6 815.8 540.3 665.2 610.2 629.0 886.0 918.0 806.7 961.5 882.7 1096.2 1151.2 1142.1 -999.0 -999.0 -999.0 -999.0 -999.0 -999.0 -999.0 -999.0 -999.0 -999.0 -999.0 -999.0 -999.0 -999.0 -999.0 -999.0 -999.0 -999.0 -999.0 -999.0 -999.0 -999.0 -999.0 -999.0 -999.0 -999.0 -999.0 -999.0 -999.0 -999.0 -999.0 -999.0 -999.0 -999.0 -999.0 -999.0 -999.0 -999.0 -999.0 -999.0 -999.0 -999.0 -999.0 -999.0
-999.0 -999.0 -999.0 -999.0 1199.9 1255.2 1133.4 1322.8 540.8 718.7 695.5 747.6 559.5 326.4 654.1 795.7 834.0 569.4 650.2 867.4 802.6 938.8 1007.9 1123.6 1178.1 1008.5 -999.0 -999.0 -999.0 -999.0 -999.0 -999.0 -999.0 -999.0 -999.0 -999.0 -999.0 -999.0 -999.0 -999.0 -999.0 -999.0 -999.0 -999.0 -999.0 -999.0 -999.0 -999.0 -999.0 -999.0 -999.0 -999.0 -999.0 -999.0 -999.0 -999.0 -999.0 -999.0 -999.0 -999.0 -999.0 -999.0 -999.0 -999.0 -999.0 -999.0 -999.0 -999.0 -999.0 -999.0 -999.0
-999.0 -999.0 -999.0 1341.3 1012.3 944.3 709.3 920.3 1293.0 794.6 798.4 734.5 793.2 741.4 815.7 665.3 849.1 865.7 428.7 725.3 859.2 1156.8 1177.1 1172.3 1192.6 -999.0 -999.0 -999.0 -999.0 -999.0 -999.0 1264.8 1242.8 1223.3 1268.2 -999.0 -999.0 1291.9 1146.4 1178.8 1240.8 1241.2 -999.0 -999.0 -999.0 1163.8 -999.0 1162.5 1160.5 -999.0 -999.0 -999.0 -999.0 -999.0 -999.0 -999.0 -999.0 -999.0 -999.0 -999.0 -999.0 -999.0 -999.0 -999.0 -999.0 -999.0 -999.0 -999.0 -999.0 -999.0 -999.0
-999.0 -999.0 -999.0 -999.0 1172.5 889.5 677.3 829.9 791.3 1266.7 802.0 843.7 675.6 819.3 904.1 1167.1 983.5 743.3 780.5 890.4 1044.8 1073.1 1016.1 949.6 1189.2 -999.0 -999.0 -999.0 1302.9 1328.4 1288.1 1258.8 1235.1 1286.1 1275.9 1291.4 1279.9 1154.9 1021.9 1014.5 1128.5 1158.5 1190.1 1114.6 984.8 942.5 1005.0 1062.9 1088.0 1091.5 -999.0 -999.0 -999.0 -999.0 -999.0 -999.0 -999.0 -999.0 -999.0 -999.0 -999.0 -999.0 -999.0 -999.0 -999.0 -999.0 -999.0 -999.0 -999.0 -999.0 -999.0
-999.0 1218.4 -999.0 1198.9 1361.3 1272.7 1223.0 423.3 1189.6 912.3 1064.5 808.0 971.5 758.7 789.8 717.0 1017.8 1131.4 1104.3 1024.9 1175.0 985.6 1076.8 953.0 1144.8 1234.7 1255.9 1216.8 1271.1 1302.7 1175.2 1017.2 1180.8 1210.7 1109.6 1272.4 989.3 865.5 899.7 945.3 1076.4 989.8 1064.1 1109.7 1032.0 922.4 971.6 1013.4 873.7 1048.3 1109.1 -999.0 -999.0 -999.0 -999.0 -999.0 -999.0 -999.0 -999.0 -999.0 -999.0 -999.0 -999.0 -999.0 -999.0 -999.0 -999.0 -999.0 -999.0 -999.0 -999.0
-999.0 -999.0 1324.0 760.5 971.5 1037.2 580.5 771.4 519.6 1064.7 826.6 798.8 870.2 871.5 1035.1 633.6 736.4 741.1 1102.5 1223.4 1060.9 1197.9 1298.5 -999.0 1234.2 1176.3 1202.5 1106.5 1117.6 1163.8 1088.9 1095.0 945.7 928.9 990.5 1081.2 1016.4 1021.2 1049.9 1052.7 944.0 1044.3 1072.2 1057.1 987.9 990.9 982.0 996.6 992.8 983.0 1054.9 1130.0 -999.0 -999.0 -999.0 -999.0 -999.0 -999.0 -999.0 -999.0 -999.0 -999.0 -999.0 -999.0 -999.0 -999.0 -999.0 -999.0 -999.0 -999.0 -999.0
1219.0 -999.0 1335.5 1149.4 867.8 757.7 1018.9 520.9 622.4 989.6 886.9 704.4 631.0 639.9 849.7 843.9 676.6 784.1 855.7 1249.0 1309.8 1347.2 1374.1 1272.8 1062.7 999.4 1011.6 1035.0 1109.7 993.2 926.9 933.0 800.2 880.9 1047.4 915.0 890.5 877.2 931.5 1131.4 1134.8 1153.7 1068.6 1060.5 980.5 1004.7 977.9 1030.6 1033.9 1043.3 1037.5 1106.3 -999.0 -999.0 -999.0 -999.0 -999.0 -999.0 -999.0 -999.0 -999.0 -999.0 -999.0 -999.0 -999.0 -999.0 -999.0 -999.0 -999.0 -999.0 -999.0
788.0 -999.0 -999.0 889.8 518.9 900.5 710.8 1299.7 1003.6 931.2 926.4 634.6 765.6 450.9 488.0 566.9 774.0 941.8 1117.6 1202.0 950.7 1135.3 1281.8 1056.2 869.8 740.5 822.5 912.6 891.8 918.8 765.5 753.6 1005.4 1007.3 1035.9 1086.6 927.2 921.8 974.2 1083.3 1136.0 1088.8 955.2 1057.6 1004.1 1025.9 942.9 1046.9 995.6 999.4 994.6 1070.5 -999.0 -999.0 -999.0 -999.0 -999.0 -999.0 -999.0 -999.0 -999.0 -999.0 -999.0 -999.0 -999.0 -999.0 -999.0 -999.0 -999.0 -999.0 -999.0
949.4 -999.0 -999.0 1149.1 1192.1 1143.8 1220.3 1003.7 815.2 591.0 923.7 795.4 833.9 927.6 973.5 786.2 787.7 810.8 863.7 941.3 705.8 1155.6 992.8 998.0 842.8 631.7 702.2 865.7 835.9 812.3 679.6 833.0 1104.9 772.9 924.8 840.2 758.6 952.3 897.5 1091.8 1025.8 876.6 984.1 1008.7 1070.0 1016.6 1087.3 1073.8 953.8 1020.1 1046.6 -999.0 -999.0 -999.0 -999.0 -999.0 -999.0 -999.0 -999.0 -999.0 -999.0 -999.0 -999.0 -999.0 -999.0 -999.0 -999.0 -999.0 -999.0 -999.0 -999.0
1277.6 1303.2 -999.0 -999.0 1385.6 1095.6 1234.6 968.8 647.8 445.5 694.7 424.6 650.1 744.7 795.1 993.7 952.8 838.9 867.3 764.0 1249.3 1007.7 1045.5 653.5 830.3 829.0 578.6 763.8 756.0 767.8 860.8 1005.4 930.0 855.9 897.8 813.9 825.6 724.1 861.7 1050.1 839.5 970.3 1035.5 1030.1 907.0 1042.6 1107.2 1135.0 1051.1 1041.8 1070.5 -999.0 -999.0 -999.0 -999.0 -999.0 -999.0 -999.0 -999.0 -999.0 -999.0 -999.0 -999.0 -999.0 -999.0 -999.0 -999.0 -999.0 -999.0 -999.0 -999.0
1105.8 1247.6 -999.0 -999.0 1261.6 1250.8 1291.8 940.6 1313.2 956.6 681.3 479.6 364.3 512.4 912.8 896.9 814.2 646.8 866.0 1169.1 947.8 926.5 894.7 709.9 764.7 806.1 603.4 843.4 880.1 891.8 930.4 633.4 884.3 865.2 534.2 707.8 799.9 769.4 952.3 952.7 989.3 1048.5 1105.1 1100.4 1116.0 1038.1 1103.2 1107.8 1054.1 1044.8 -999.0 -999.0 -999.0 -999.0 -999.0 -999.0 -999.0 -999.0 -999.0 -999.0 -999.0 -999.0 -999.0 -999.0 -999.0 -999.0 -999.0 -999.0 -999.0 -999.0 -999.0
1063.7 1227.6 1188.2 983.0 693.9 861.6 696.4 841.9 1124.0 785.4 382.5 416.1 943.4 754.8 905.8 740.4 604.3 636.3 827.6 1044.7 923.8 584.4 502.3 700.8 673.7 656.4 897.1 959.7 962.9 796.1 667.6 887.9 895.1 892.8 754.4 597.7 701.3 565.7 952.1 736.2 882.4 877.8 681.9 1022.5 1171.3 1054.2 1009.8 1105.4 1050.2 -999.0 -999.0 -999.0 -999.0 -999.0 -999.0 -999.0 -999.0 -999.0 -999.0 -999.0 -999.0 -999.0 -999.0 -999.0 -999.0 -999.0 -999.0 -999.0 -999.0 -999.0 -999.0
1297.8 1030.3 1242.1 732.4 1330.6 1226.8 997.4 579.4 435.6 795.7 677.6 775.8 504.7 649.1 730.4 768.0 976.9 957.8 973.7 950.7 718.5 465.8 558.6 759.4 512.3 815.1 730.3 1011.9 1003.3 928.3 800.2 730.4 738.0 708.1 570.0 596.9 825.8 749.7 1006.1 1001.3 1077.4 1048.7 1051.1 1116.8 1146.5 1150.0 1111.7 1093.5 1185.1 -999.0 -999.0 -999.0 -999.0 -999.0 -999.0 -999.0 -999.0 -999.0 -999.0 -999.0 -999.0 -999.0 -999.0 -999.0 -999.0 -999.0 -999.0 -999.0 -999.0 -999.0 -999.0
-999.0 1181.2 1107.3 -999.0 1334.7 825.7 509.4 419.5 820.6 940.2 870.2 462.6 474.6 1002.7 1095.2 917.6 647.3 1086.9 983.3 730.1 519.9 460.9 481.9 412.6 645.5 572.1 730.6 980.7 561.5 838.2 540.2 577.6 550.8 482.0 599.4 767.1 883.8 796.2 898.1 840.5 973.9 966.7 1062.0 1088.8 1114.5 1134.7 1179.3 1144.7 -999.0 -999.0 -999.0 -999.0 -999.0 -999.0 -999.0 -999.0 -999.0 -999.0 -999.0 -999.0 -999.0 -999.0 -999.0 -999.0 -999.0 -999.0 -999.0 -999.0 -999.0 -999.0 -999.0
1359.4 1025.6 1350.8 -999.0 648.9 927.8 847.5 1322.9 708.0 910.5 438.1 510.6 786.2 619.9 572.1 898.9 1211.8 749.4 713.3 609.7 418.6 393.5 397.6 368.3 572.8 796.1 1010.5 956.0 845.4 630.8 430.5 478.6 694.4 587.3 740.2 669.7 763.5 875.0 964.6 900.5 891.9 916.2 1018.4 967.8 1109.7 1033.7 1030.1 1145.5 -999.0 -999.0 -999.0 -999.0 -999.0 -999.0 -999.0 -999.0 -999.0 -999.0 -999.0 -999.0 -999.0 -999.0 -999.0 -999.0 -999.0 -999.0 -999.0 -999.0 -999.0 -999.0 -999.0
1131.7 1338.6 -999.0 1192.4 1074.1 753.2 1014.2 834.9 624.3 1005.2 1007.8 857.8 1007.7 1154.9 1170.5 1151.1 790.9 512.3 475.5 447.7 404.0 312.5 401.5 712.3 885.3 893.7 481.4 726.3 262.6 225.7 396.7 435.0 447.4 616.7 700.7 730.1 695.1 1068.2 1078.5 1025.1 1085.6 1059.5 689.4 865.8 1160.3 1149.7 1151.5 1159.0 1237.4 -999.0 -999.0 -999.0 -999.0 -999.0 -999.0 -999.0 -999.0 -999.0 -999.0 -999.0 -999.0 -999.0 -999.0 -999.0 -999.0 -999.0 -999.0 -999.0 -999.0 -999.0 -999.0
-999.0 -999.0 1392.8 929.9 845.3 721.2 1130.6 825.7 506.3 990.5 915.4 693.2 744.9 725.4 878.0 624.4 567.3 416.4 656.4 681.6 538.4 430.1 573.4 914.4 812.6 869.9 583.2 282.4 486.3 265.1 378.3 412.3 487.7 571.1 614.0 788.4 978.9 1091.5 1022.2 1129.3 1171.2 1047.3 1079.8 1146.4 1197.4 1088.8 1062.5 1127.9 -999.0 -999.0 -999.0 -999.0 -999.0 -999.0 -999.0 -999.0 -999.0 -999.0 -999.0 -999.0 -999.0 -999.0 -999.0 -999.0 -999.0 -999.0 -999.0 -999.0 -999.0 -999.0 -999.0
-999.0 -999.0 1378.2 1359.8 1080.1 703.2 951.4 665.4 1113.6 1148.1 1104.1 918.9 542.2 450.2 567.9 794.3 836.2 749.6 525.6 692.1 712.1 810.8 800.6 656.5 599.1 500.0 382.5 390.5 363.8 554.9 596.2 652.8 895.8 863.8 795.6 760.0 697.8 842.0 944.7 755.5 909.4 1177.1 1091.1 977.8 945.9 928.8 1051.4 -999.0 -999.0 -999.0 -999.0 -999.0 -999.0 -999.0 -999.0 -999.0 -999.0 -999.0 -999.0 -999.0 -999.0 -999.0 -999.0 -999.0 -999.0 -999.0 -999.0 -999.0 -999.0 -999.0 -999.0
-999.0 -999.0 1111.9 776.7 1231.9 620.0 560.5 661.7 558.0 731.6 1059.4 973.3 1122.4 1163.5 555.7 629.6 531.5 213.7 908.2 786.3 785.2 719.8 749.2 551.9 597.5 434.7 566.9 622.9 661.3 588.1 721.9 523.2 520.3 404.9 529.5 703.6 563.1 404.3 582.0 645.0 779.7 788.5 831.7 835.6 933.3 962.0 1083.2 -999.0 -999.0 -999.0 -999.0 -999.0 -999.0 -999.0 -999.0 -999.0 -999.0 -999.0 -999.0 -999.0 -999.0 -999.0 -999.0 -999.0 -999.0 -999.0 -999.0 -999.0 -999.0 -999.0 -999.0
-999.0 1383.5 1407.2 1177.3 1398.1 1190.4 1008.3 754.5 1087.2 1058.7 521.8 1050.7 1120.4 1107.6 1050.9 614.7 805.0 997.1 856.6 461.4 536.9 739.3 349.1 504.3 557.0 448.3 387.7 466.6 532.9 522.8 508.2 517.6 465.4 293.9 748.5 527.7 562.7 927.3 957.1 672.9 833.9 783.2 761.6 1012.2 932.1 975.5 1065.1 -999.0 -999.0 -999.0 -999.0 -999.0 -999.0 -999.0 -999.0 -999.0 -999.0 -999.0 -999.0 -999.0 -999.0 -999.0 -999.0 -999.0 -999.0 -999.0 -999.0 -999.0 -999.0 -999.0 -999.0
-999.0 -999.0 1355.5 1097.0 557.4 1170.5 1347.9 1215.1 1300.4 1348.9 1310.3 1264.9 1097.5 1035.8 653.3 891.9 799.9 833.6 481.2 588.4 807.4 726.7 337.2 598.0 496.1 693.8 445.4 470.8 699.9 347.8 392.5 415.9 294.4 342.6 530.7 408.6 528.2 682.9 890.4 1066.6 1021.1 834.7 957.2 1112.0 1075.3 1001.0 1194.5 -999.0 -999.0 -999.0 -999.0 -999.0 -999.0 -999.0 -999.0 -999.0 -999.0 -999.0 -999.0 -999.0 -999.0 -999.0 -999.0 -999.0 -999.0 -999.0 -999.0 -999.0 -999.0 -999.0 -999.0
1312.7 1326.9 1333.1 1237.2 882.2 1326.7 637.1 1049.2 847.8 661.1 1305.0 1235.8 210.6 457.0 423.9 571.5 398.3 482.2 445.0 439.3 381.2 596.8 565.6 734.3 761.4 801.4 650.5 671.2 429.7 682.4 621.2 746.4 579.2 406.4 498.6 919.6 680.1 619.1 881.2 663.4 992.2 1128.9 1153.0 1133.9 978.5 1082.7 -999.0 -999.0 -999.0 -999.0 -999.0 -999.0 -999.0 -999.0 -999.0 -999.0 -999.0 -999.0 -999.0 -999.0 -999.0 -999.0 -999.0 -999.0 -999.0 -999.0 -999.0 -999.0 -999.0 -999.0 -999.0
