GDD/GrowingDegreeDays_1997_Actual.txt
ncols         180
nrows         290
xllcorner     -200000
yllcorner     -200000
cellsize      5000
NODATA_value    -999
[rows 160 to 191 of 290, columns 71 to 141 of 180]
-999.0 -999.0 -999.0 -999.0 -999.0 -999.0 -999.0 -999.0 -999.0 -999.0 -999.0 -999.0 -999.0 -999.0 -999.0 -999.0 -999.0 -999.0 -999.0 -999.0 -999.0 -999.0 -999.0 -999.0 -999.0 -999.0 -999.0 -999.0 -999.0 -999.0 -999.0 -999.0 -999.0 -999.0 -999.0 1927.0 1929.5 1914.2 1850.5 1554.4 1415.1 1160.8 1471.7 1327.6 1775.8 1641.4 1654.2 1521.5 1446.5 1511.8 1408.7 1778.6 1774.2 1775.8 1792.9 1839.3 1740.3 1821.6 1844.9 1850.3 1893.2 1902.2 1864.9 1834.5 1813.1 1795.3 1647.5 1718.9 1807.4 1850.3 1862.1
-999.0 -999.0 -999.0 -999.0 -999.0 -999.0 -999.0 -999.0 -999.0 -999.0 -999.0 -999.0 -999.0 -999.0 -999.0 -999.0 -999.0 -999.0 -999.0 -999.0 -999.0 -999.0 -999.0 -999.0 -999.0 -999.0 -999.0 -999.0 -999.0 -999.0 -999.0 -999.0 -999.0 -999.0 -999.0 1957.0 1961.9 1966.6 1988.4 1892.2 1542.3 1761.1 1720.9 1837.7 1682.0 1367.7 1546.9 1429.3 1483.4 1389.1 1797.2 1477.7 1720.7 1615.5 1672.4 1673.0 1774.0 1780.1 1821.3 1861.1 1870.9 1871.2 1838.1 1805.6 1814.2 1825.5 1798.6 1700.4 1780.1 1857.9 1871.3
-999.0 -999.0 -999.0 -999.0 -999.0 -999.0 -999.0 -999.0 -999.0 -999.0 -999.0 -999.0 -999.0 -999.0 -999.0 -999.0 -999.0 -999.0 -999.0 -999.0 -999.0 -999.0 -999.0 -999.0 -999.0 -999.0 -999.0 -999.0 -999.0 -999.0 -999.0 -999.0 -999.0 -999.0 -999.0 1939.9 1969.7 1913.2 2023.8 1958.9 1835.8 1773.4 1809.3 1872.8 1698.2 1569.6 1570.8 1452.6 1291.5 1554.2 1661.5 1866.6 1731.0 1931.8 1859.7 1788.2 1733.6 1786.2 1807.5 1867.5 1834.0 1846.0 1829.8 1806.9 1814.7 1826.1 1821.4 1739.0 1702.9 1846.6 1942.5
-999.0 -999.0 -999.0 -999.0 -999.0 -999.0 -999.0 -999.0 -999.0 -999.0 -999.0 -999.0 -999.0 -999.0 -999.0 -999.0 -999.0 -999.0 -999.0 -999.0 -999.0 -999.0 -999.0 -999.0 -999.0 -999.0 -999.0 -999.0 -999.0 -999.0 -999.0 -999.0 -999.0 -999.0 -999.0 1940.9 1924.3 1914.2 1980.1 1977.4 1944.3 1917.3 1794.4 1641.9 1815.0 1720.1 1599.9 1204.7 1220.7 1224.5 1434.0 1694.4 1802.6 1784.8 1928.7 1979.3 1840.7 1766.3 1846.6 1869.2 1854.4 1872.9 1858.0 1841.4 1844.7 1858.5 1868.4 1757.8 1707.0 1905.4 2020.0
-999.0 -999.0 -999.0 -999.0 -999.0 -999.0 -999.0 -999.0 -999.0 -999.0 -999.0 -999.0 -999.0 -999.0 -999.0 -999.0 -999.0 -999.0 -999.0 -999.0 -999.0 -999.0 -999.0 -999.0 -999.0 -999.0 -999.0 -999.0 -999.0 -999.0 -999.0 -999.0 -999.0 -999.0 -999.0 1949.9 1959.6 1978.8 2036.8 2077.3 2035.8 1865.4 1817.4 1668.2 1587.9 1391.2 1279.4 1202.5 1434.1 1344.6 1566.1 1657.3 1835.8 1693.5 1809.8 1943.8 1986.5 1962.4 1920.0 1913.8 1890.2 1885.4 1887.7 1880.2 1877.7 1895.3 1890.8 1897.0 1841.6 1936.5 2022.0
-999.0 -999.0 -999.0 -999.0 -999.0 -999.0 -999.0 -999.0 -999.0 -999.0 -999.0 -999.0 -999.0 -999.0 -999.0 -999.0 -999.0 -999.0 -999.0 -999.0 -999.0 -999.0 -999.0 -999.0 -999.0 -999.0 -999.0 -999.0 -999.0 -999.0 -999.0 -999.0 -999.0 -999.0 -999.0 -999.0 1920.6 1956.8 2003.9 2022.2 1899.1 1642.3 1588.8 1510.5 1582.1 1608.1 1405.9 1436.3 1339.7 1477.4 1767.6 2004.4 1935.2 1881.4 1830.4 2006.7 1986.0 1887.8 1909.1 1951.6 1903.7 1914.9 1918.2 1919.1 1911.0 1917.1 1916.0 1900.5 1930.9 1940.6 1971.9
-999.0 -999.0 -999.0 -999.0 -999.0 -999.0 -999.0 -999.0 -999.0 -999.0 -999.0 -999.0 -999.0 -999.0 -999.0 -999.0 -999.0 -999.0 -999.0 -999.0 -999.0 -999.0 -999.0 -999.0 -999.0 -999.0 -999.0 -999.0 -999.0 -999.0 -999.0 -999.0 -999.0 -999.0 -999.0 1978.5 1935.4 1963.0 2001.9 1975.5 1881.8 1488.2 1432.2 1577.8 1341.9 1393.2 1488.6 1505.5 1213.8 1443.0 1490.1 1784.8 2074.7 1800.2 1974.4 2081.8 1920.7 1895.5 1961.9 1927.0 1948.2 1949.4 1941.3 1934.1 1930.0 1935.4 1814.1 1887.4 1924.7 1808.5 1863.3
-999.0 -999.0 -999.0 -999.0 -999.0 -999.0 -999.0 -999.0 -999.0 -999.0 -999.0 -999.0 -999.0 -999.0 -999.0 -999.0 -999.0 -999.0 -999.0 -999.0 -999.0 -999.0 -999.0 -999.0 -999.0 -999.0 -999.0 -999.0 -999.0 -999.0 -999.0 -999.0 -999.0 -999.0 -999.0 1993.1 1991.6 1980.2 1996.5 1800.8 1865.5 1766.1 1475.4 1715.9 1693.4 1650.8 1746.9 1704.2 1387.0 1480.9 1529.6 1905.1 1767.5 1634.3 1899.2 1821.4 1869.7 1819.4 1882.2 1927.1 1983.9 1988.9 1973.8 1961.2 1941.7 1961.8 1952.7 1878.1 1949.1 1905.6 1837.3
-999.0 -999.0 -999.0 -999.0 -999.0 -999.0 -999.0 -999.0 -999.0 -999.0 -999.0 -999.0 -999.0 -999.0 -999.0 -999.0 -999.0 -999.0 -999.0 -999.0 -999.0 -999.0 -999.0 -999.0 -999.0 -999.0 -999.0 -999.0 -999.0 -999.0 -999.0 -999.0 -999.0 -999.0 1960.7 2010.3 1986.1 1883.7 1916.1 1893.4 1927.8 1827.2 1791.0 1827.3 1854.9 1866.8 1825.1 1708.4 1412.7 1218.3 1182.8 1584.5 1477.3 1561.2 1847.7 1849.7 1948.7 1903.6 1899.8 1968.0 2016.1 2014.2 2003.7 1981.5 1950.9 1972.3 1961.1 1944.7 1940.3 1930.5 1787.3
-999.0 -999.0 -999.0 -999.0 -999.0 -999.0 -999.0 -999.0 -999.0 -999.0 -999.0 -999.0 -999.0 -999.0 -999.0 -999.0 -999.0 -999.0 -999.0 -999.0 -999.0 -999.0 -999.0 -999.0 -999.0 -999.0 -999.0 -999.0 -999.0 -999.0 -999.0 -999.0 -999.0 -999.0 -999.0 2006.8 2030.9 1981.2 1957.5 1784.4 1986.2 1985.8 1975.8 1938.7 1907.6 1930.0 1903.7 1805.3 1698.4 1306.0 1155.6 1116.4 1433.3 1471.7 1652.6 1818.7 1815.5 2030.1 2024.1 1932.0 2030.8 2048.0 2040.2 2001.4 1963.1 1971.7 1965.1 1935.0 1950.0 1955.3 1936.2
-999.0 -999.0 -999.0 -999.0 -999.0 -999.0 -999.0 -999.0 -999.0 -999.0 -999.0 -999.0 -999.0 -999.0 -999.0 -999.0 -999.0 -999.0 -999.0 -999.0 -999.0 -999.0 -999.0 -999.0 -999.0 -999.0 -999.0 -999.0 -999.0 -999.0 -999.0 -999.0 -999.0 -999.0 -999.0 2052.3 2057.2 2076.2 2063.2 2019.2 2005.4 2009.8 2043.8 2030.3 2061.4 2037.5 2005.4 1919.3 1712.8 1640.2 1194.6 1045.9 1101.8 1357.6 1581.6 1754.2 1917.4 1879.9 1980.5 1888.1 2016.2 2034.0 2046.6 1993.2 1966.3 1963.2 1934.2 1922.8 1938.4 1954.6 1916.8
-999.0 -999.0 -999.0 -999.0 -999.0 -999.0 -999.0 -999.0 -999.0 -999.0 -999.0 -999.0 -999.0 -999.0 -999.0 2005.4 2004.7 1968.4 1915.3 -999.0 -999.0 -999.0 -999.0 -999.0 -999.0 -999.0 -999.0 -999.0 -999.0 -999.0 -999.0 -999.0 -999.0 -999.0 2051.1 2118.9 2068.9 2100.0 2020.5 2016.3 2058.3 2056.1 2049.8 2073.7 2075.1 2081.3 2036.5 1954.0 1808.1 1470.0 1247.9 1236.2 1487.8 1311.4 1505.5 1917.5 1898.3 2032.1 1778.3 1810.8 1973.2 1979.9 1979.8 1953.8 1946.9 1957.1 1943.2 1907.4 1919.8 1963.0 1948.5
-999.0 -999.0 -999.0 -999.0 -999.0 -999.0 -999.0 -999.0 -999.0 -999.0 -999.0 -999.0 -999.0 -999.0 -999.0 1952.1 1916.4 1952.3 2022.0 -999.0 -999.0 -999.0 -999.0 -999.0 -999.0 -999.0 -999.0 -999.0 -999.0 -999.0 -999.0 -999.0 -999.0 2193.9 2011.8 2086.8 2079.7 1996.8 2083.3 2024.2 2080.2 2068.8 2055.5 2072.7 2052.2 2026.7 2036.4 1975.9 1863.9 1724.8 1263.6 1203.5 1513.0 1467.4 1630.6 1760.9 2069.1 2050.8 1869.6 1827.4 1928.5 2011.6 2021.8 1989.7 1946.5 1962.8 1954.9 1933.9 1891.8 1949.0 1929.3
-999.0 -999.0 -999.0 -999.0 -999.0 -999.0 -999.0 -999.0 -999.0 -999.0 -999.0 -999.0 -999.0 1916.3 2078.0 2057.5 1925.8 1966.3 1971.7 2125.1 2152.2 2143.1 -999.0 -999.0 2014.7 2094.4 -999.0 -999.0 -999.0 2155.6 2046.2 2031.7 -999.0 2213.1 1979.1 2060.0 2112.4 2105.5 2099.1 1991.6 1991.7 1965.2 2010.5 1981.2 2053.1 1958.1 1967.7 1938.2 1537.7 1845.1 1709.3 1405.6 1773.4 1680.4 1363.7 1941.8 1806.6 1979.0 1887.3 1868.7 1938.1 1984.9 2021.3 2035.4 2005.8 2011.7 1961.8 1964.0 1893.8 1956.6 1948.2
-999.0 -999.0 -999.0 -999.0 -999.0 -999.0 -999.0 -999.0 -999.0 -999.0 -999.0 -999.0 -999.0 -999.0 2060.2 2054.4 2027.0 2044.2 2075.4 2079.6 1971.6 2196.9 -999.0 2196.6 2038.0 1819.0 1933.0 1878.2 2144.2 2152.4 1734.8 1763.3 1894.7 -999.0 2093.5 1994.8 2036.3 2097.5 2086.8 1970.6 2053.9 2119.9 2106.4 2034.2 1987.2 1953.3 1850.4 1850.8 1503.5 1433.5 1501.1 1478.7 1524.8 1398.8 1470.5 1721.2 1944.8 1991.8 1796.2 1799.7 1944.1 1915.7 2004.6 1983.8 1982.9 2007.7 1964.9 1977.3 1906.6 1956.6 1959.4
-999.0 -999.0 -999.0 -999.0 -999.0 -999.0 -999.0 -999.0 -999.0 -999.0 -999.0 -999.0 -999.0 -999.0 -999.0 2073.1 2044.8 2034.0 2150.9 2198.3 2228.0 2221.5 1701.5 1095.7 1980.7 1605.6 1584.4 1701.1 1876.5 2067.7 2042.6 1836.7 1667.5 1895.2 2109.1 2111.9 2034.7 2060.3 2023.6 1856.2 1960.0 2112.4 2142.7 2054.8 1984.6 1941.4 1846.0 1782.6 1341.3 1239.8 1432.3 1468.4 1623.3 1676.5 1618.8 1704.6 1929.6 1954.6 1823.7 1871.1 1923.2 1877.8 1968.9 1910.2 1987.5 1988.8 1981.1 1953.2 1827.3 1970.1 1976.5
-999.0 -999.0 -999.0 -999.0 -999.0 -999.0 -999.0 -999.0 -999.0 -999.0 -999.0 -999.0 -999.0 -999.0 -999.0 -999.0 2005.8 2140.4 2197.5 2246.5 2123.1 1843.8 838.7 1357.0 2137.2 1525.4 1829.7 1530.6 1609.8 1911.4 2065.7 1513.5 1754.3 1749.9 1948.1 2122.6 2065.6 2024.5 2053.4 1942.4 1924.6 2011.6 2047.3 2042.7 1965.7 1918.3 1857.6 1623.6 1498.4 1182.9 1390.2 1388.7 1443.8 1787.4 1657.0 1578.7 1780.6 1835.4 1808.9 1875.8 1874.5 1875.7 1944.8 1894.0 1985.4 2003.1 1969.3 1979.7 1955.8 1960.2 1986.6
-999.0 -999.0 -999.0 -999.0 -999.0 -999.0 -999.0 -999.0 -999.0 -999.0 -999.0 -999.0 -999.0 -999.0 -999.0 -999.0 -999.0 2159.1 2188.6 2012.6 1822.6 959.6 836.0 1332.1 1668.4 1670.8 1540.0 1413.7 1442.3 1465.8 1797.0 1932.1 1438.8 1738.7 1911.3 1946.7 2048.0 2054.6 2020.6 1992.0 1953.1 1993.9 2031.9 1991.9 1931.8 1887.1 1810.0 1625.2 1417.0 1308.5 1487.5 1522.4 1416.6 1598.3 1901.6 1623.3 1848.9 1802.9 1769.9 1857.7 1876.3 1899.9 1899.8 1892.5 1984.3 2013.4 1992.7 2025.8 1914.3 1965.8 1993.5
-999.0 -999.0 -999.0 -999.0 -999.0 -999.0 -999.0 -999.0 -999.0 -999.0 -999.0 -999.0 -999.0 -999.0 -999.0 -999.0 -999.0 2163.4 2059.6 1636.8 1460.3 1288.2 1042.3 1629.8 1878.9 1622.5 1355.4 1314.4 1291.8 1485.4 1742.6 1961.3 1392.7 1538.0 1861.5 1933.6 2082.5 2068.9 2007.3 1908.5 1929.8 1947.8 1960.2 1974.9 1936.5 1864.4 1659.2 1561.9 1666.3 1280.8 1473.0 1451.4 1373.5 1439.9 1680.9 1813.3 1849.5 1915.0 1782.4 1746.0 1861.5 1893.7 1959.6 1955.4 2015.2 2006.1 2013.0 2033.4 2008.4 1957.0 1987.3
-999.0 -999.0 -999.0 -999.0 -999.0 -999.0 -999.0 -999.0 -999.0 -999.0 -999.0 -999.0 -999.0 -999.0 -999.0 -999.0 -999.0 2163.5 1973.8 1709.8 1712.8 1258.0 1421.6 1736.0 1618.4 1757.2 1567.2 1306.7 1475.7 1273.9 1479.9 1799.4 1447.3 1438.3 1616.0 1977.9 2044.5 2078.2 1968.4 1851.6 1874.9 1927.1 1947.3 1958.1 1906.9 1753.3 1680.3 1715.5 1689.4 1474.4 1500.2 1517.7 1552.3 1665.2 1700.6 1657.1 1937.7 1830.9 1814.5 1868.9 1854.8 1925.7 1885.2 2015.6 2028.4 2013.4 2023.9 2027.0 1879.3 1972.5 2002.8
-999.0 -999.0 -999.0 -999.0 -999.0 -999.0 -999.0 -999.0 -999.0 -999.0 -999.0 -999.0 -999.0 -999.0 -999.0 -999.0 2143.6 1253.3 1838.7 1666.8 1481.2 1865.5 979.9 1181.5 1286.1 1437.6 1223.1 1470.5 1414.8 1508.5 1636.7 1502.9 1255.4 1478.6 1622.4 1976.9 2069.6 2094.3 1914.9 1894.5 1929.9 1934.7 1966.5 1927.9 1802.7 1823.8 1815.9 1639.8 1524.0 1753.2 1377.8 1445.8 1722.9 1700.6 1788.9 1871.9 1880.6 1915.4 1901.8 1957.4 1879.8 1954.6 2026.3 1923.9 2032.1 2020.0 2001.1 1993.3 1875.0 1973.3 2010.1
-999.0 -999.0 -999.0 -999.0 -999.0 -999.0 -999.0 -999.0 -999.0 -999.0 -999.0 -999.0 -999.0 -999.0 2157.1 2110.9 1705.4 1795.1 1968.2 1909.6 1700.8 1970.8 1695.5 1522.0 1225.4 1262.0 1149.1 1289.4 1242.8 1673.2 1472.7 1534.3 1834.4 1833.0 1938.3 1919.3 2006.6 2036.7 1913.9 1896.4 1892.5 1932.0 1901.5 1760.3 1839.1 1799.3 1851.2 1670.6 1585.8 1612.3 1660.6 1750.6 1663.5 1756.8 1826.6 1849.2 1869.6 1889.4 1978.6 1973.2 2007.1 2070.7 2059.8 2028.9 2019.9 1987.6 2006.6 1986.0 1883.6 1967.1 2017.3
-999.0 -999.0 -999.0 -999.0 -999.0 -999.0 -999.0 -999.0 -999.0 -999.0 -999.0 -999.0 -999.0 2128.3 2080.6 2068.7 2048.3 2085.6 2120.1 2059.7 2087.5 2075.2 1765.4 1577.9 1415.2 890.6 1422.5 1554.4 1505.4 1760.8 1266.7 1240.7 1391.4 1741.0 1908.5 1899.8 1923.9 1946.1 1899.0 1841.3 1881.1 1880.3 1856.1 1774.2 1730.1 1841.8 1824.1 1668.7 1671.7 1694.0 1692.5 1710.4 1742.1 1888.7 1872.5 1951.5 2036.2 1946.2 1999.2 2074.1 2126.9 2097.5 2011.6 2031.6 2016.7 1985.5 1968.7 1962.9 1836.7 1911.3 1990.8
-999.0 -999.0 -999.0 -999.0 -999.0 -999.0 -999.0 -999.0 -999.0 -999.0 -999.0 -999.0 2121.3 1941.0 1993.9 2037.4 -999.0 -999.0 -999.0 -999.0 2090.1 1454.6 1467.6 1472.5 1320.9 1442.9 1535.6 1224.5 1276.7 1472.4 856.1 1076.0 1381.2 1428.0 1751.4 1983.1 1929.9 1897.6 1915.2 1890.1 1893.0 1899.5 1835.4 1870.0 1723.0 1802.0 1799.2 1768.5 1744.8 1738.7 1761.8 1868.2 1894.0 1934.6 1973.5 2016.3 2076.4 2087.5 2069.2 2079.9 2070.8 2027.6 2019.3 2020.4 1955.1 1909.2 1900.0 1917.5 1858.3 1900.2 1927.6
-999.0 -999.0 -999.0 -999.0 -999.0 -999.0 -999.0 -999.0 -999.0 -999.0 -999.0 -999.0 2052.1 1776.0 2117.3 2156.7 -999.0 -999.0 -999.0 -999.0 2144.0 1669.0 1342.5 1743.9 1310.6 1325.6 1357.6 1119.2 1044.8 1337.6 1056.7 1640.4 1606.4 1702.0 1845.1 1992.5 1972.0 1910.1 1894.1 1843.4 1792.5 1898.0 1832.3 1850.9 1828.3 1752.8 1839.8 1819.4 1889.2 1821.0 1759.3 1758.5 1791.8 1949.5 2018.9 2045.3 2064.1 2019.4 2020.2 1983.5 1985.4 1966.9 1886.1 1946.8 1786.4 1796.3 1794.3 1888.8 1869.0 1905.4 1932.8
-999.0 -999.0 -999.0 -999.0 -999.0 -999.0 -999.0 -999.0 -999.0 -999.0 -999.0 -999.0 -999.0 -999.0 -999.0 -999.0 -999.0 -999.0 -999.0 -999.0 2143.0 1566.4 1561.0 1758.1 1500.1 1656.4 1121.8 1195.8 1583.3 1329.9 1395.4 1575.5 1582.6 1833.0 1943.6 2025.5 1903.0 1907.0 1872.4 1843.2 1870.5 1911.5 1910.1 1904.9 1878.5 1825.8 1883.0 1913.0 1900.9 1867.7 1905.3 1858.2 1841.4 2008.4 1895.5 1826.1 1954.3 1999.5 2105.0 2074.1 1969.4 1871.4 1765.1 1799.6 1860.4 1835.6 1792.8 1860.8 1852.1 1907.4 1922.0
-999.0 -999.0 -999.0 -999.0 -999.0 -999.0 -999.0 -999.0 -999.0 -999.0 -999.0 -999.0 -999.0 -999.0 -999.0 -999.0 -999.0 -999.0 -999.0 -999.0 -999.0 1564.6 2173.4 2023.5 1640.1 1226.8 1359.9 1238.9 1253.7 1637.5 1574.5 1524.9 1882.9 1937.1 2025.7 2016.1 1976.3 1924.8 1928.0 1915.3 1924.6 1955.9 1956.1 1919.2 1926.7 1863.8 1872.0 1928.9 1760.1 1847.4 1973.4 1984.2 1968.2 1949.7 1955.6 1852.5 1849.7 1963.5 1943.8 2038.7 2008.8 1896.8 1917.2 1880.5 1875.3 1905.8 1824.9 1859.7 1894.8 1955.7 1930.4
-999.0 -999.0 -999.0 -999.0 -999.0 -999.0 -999.0 -999.0 -999.0 -999.0 -999.0 -999.0 -999.0 -999.0 -999.0 -999.0 -999.0 -999.0 -999.0 -999.0 -999.0 1916.4 1391.6 1321.6 1499.8 1542.9 1628.4 1426.8 1617.1 1610.2 1806.3 1968.3 1768.4 1977.5 2021.6 1830.2 1860.9 1908.0 1954.6 2009.4 2001.7 1931.0 1954.8 1844.4 1854.5 1868.5 1884.1 1935.0 1779.2 1755.8 1906.4 1984.7 2005.0 1972.9 1951.9 1924.9 1884.8 1853.9 1690.3 1795.7 1990.2 1980.8 1913.0 1810.8 1747.1 1785.8 1881.4 1867.1 1920.4 1968.3 2008.0
-999.0 -999.0 -999.0 -999.0 -999.0 -999.0 -999.0 -999.0 -999.0 -999.0 -999.0 -999.0 -999.0 -999.0 -999.0 -999.0 -999.0 -999.0 -999.0 -999.0 1964.7 1793.1 1933.3 1202.8 1654.0 1738.6 1489.3 1528.3 1673.9 1439.0 1843.5 1981.9 1727.4 2049.8 1466.0 1731.3 1876.8 1890.2 1822.7 1957.4 1976.8 1730.1 1782.1 1844.2 1947.1 1899.8 1908.5 1941.5 1908.5 1906.6 1955.9 1998.8 1992.5 1988.2 1968.4 1905.5 1918.7 1819.4 1840.2 1883.6 1959.8 1950.7 1866.1 1772.9 1722.3 1770.7 1906.8 1917.0 1957.3 1996.7 2034.2
-999.0 -999.0 -999.0 -999.0 -999.0 -999.0 -999.0 -999.0 -999.0 -999.0 -999.0 -999.0 -999.0 -999.0 -999.0 -999.0 -999.0 -999.0 -999.0 -999.0 2179.1 1928.3 1295.6 1772.9 2124.9 1857.5 1763.1 1564.1 1387.9 1455.1 1814.8 1934.2 1888.4 1993.8 1871.9 1829.3 1756.0 1714.8 1912.2 1893.3 1903.3 1895.6 1858.6 1955.8 1959.3 1903.3 1933.3 1914.1 1925.1 2008.0 2001.5 1997.9 1995.6 1991.2 1990.2 1962.7 1950.8 1875.3 1857.0 1919.0 1965.1 1921.5 1790.8 1691.8 1788.3 1777.8 1823.9 1904.7 1998.8 1939.0 2042.0
-999.0 -999.0 -999.0 -999.0 -999.0 -999.0 -999.0 -999.0 -999.0 -999.0 -999.0 -999.0 -999.0 -999.0 -999.0 -999.0 -999.0 -999.0 -999.0 -999.0 2214.3 1751.7 2188.6 1875.0 1902.2 1770.8 1724.8 1271.3 1473.0 1379.3 1694.6 1839.8 1991.6 1997.0 1886.4 1637.3 1525.3 1388.5 1821.5 1673.1 1806.6 1821.5 1860.1 2007.2 1962.4 1936.7 1961.0 1951.1 2023.9 2047.8 1937.3 1957.2 2001.8 1983.7 1875.8 2000.4 1965.2 1928.6 1937.4 1981.2 1969.8 1884.2 1830.8 1810.9 1837.0 1853.0 1944.5 1978.1 1951.1 1958.8 2059.7
-999.0 -999.0 -999.0 -999.0 -999.0 -999.0 -999.0 -999.0 -999.0 -999.0 -999.0 -999.0 -999.0 -999.0 -999.0 -999.0 -999.0 -999.0 -999.0 -999.0 -999.0 2158.1 1792.8 1488.2 1280.8 1204.7 1453.2 1452.2 1645.8 1932.6 1955.5 2002.7 1904.7 1878.1 1935.5 1784.6 1769.3 1462.8 1663.8 1772.7 1812.2 1714.2 1771.0 1983.6 1885.9 1986.3 2029.6 1866.1 2051.3 2062.5 2062.4 2007.7 2023.5 2000.9 1853.9 1920.9 1993.1 1937.1 1957.7 1974.3 1929.9 1849.7 1887.1 1910.4 1966.4 1909.1 1998.3 1921.7 1937.8 2036.9 2071.9
