GDD/GrowingDegreeDays_1974_Actual.txt
ncols         180
nrows         290
xllcorner     -200000
yllcorner     -200000
cellsize      5000
NODATA_value    -999
[rows 160 to 191 of 290, columns 72 to 143 of 180]
-999.0 -999.0 -999.0 -999.0 -999.0 -999.0 -999.0 -999.0 -999.0 -999.0 -999.0 -999.0 -999.0 -999.0 -999.0 -999.0 -999.0 -999.0 -999.0 -999.0 -999.0 -999.0 -999.0 -999.0 -999.0 -999.0 -999.0 -999.0 -999.0 -999.0 -999.0 -999.0 -999.0 -999.0 1557.8 1523.3 1495.9 1443.9 1157.0 1026.6 800.7 1059.0 934.4 1331.0 1197.3 1198.6 1071.0 1007.4 1079.9 1012.3 1368.7 1357.3 1352.3 1375.8 1419.9 1327.4 1407.7 1429.4 1412.5 1452.7 1494.3 1456.6 1413.4 1387.9 1367.7 1236.4 1301.4 1383.9 1427.0 1438.1 1403.7 1403.3
-999.0 -999.0 -999.0 -999.0 -999.0 -999.0 -999.0 -999.0 -999.0 -999.0 -999.0 -999.0 -999.0 -999.0 -999.0 -999.0 -999.0 -999.0 -999.0 -999.0 -999.0 -999.0 -999.0 -999.0 -999.0 -999.0 -999.0 -999.0 -999.0 -999.0 -999.0 -999.0 -999.0 -999.0 1546.4 1503.4 1518.1 1552.7 1465.8 1137.4 1330.6 1291.7 1395.8 1245.3 956.0 1083.2 950.0 1014.4 961.9 1345.3 1077.9 1307.2 1211.2 1271.1 1271.6 1363.9 1378.3 1418.0 1443.4 1454.1 1459.6 1416.8 1377.3 1384.3 1394.7 1375.4 1292.1 1370.3 1441.1 1456.7 1444.5 1409.9
-999.0 -999.0 -999.0 -999.0 -999.0 -999.0 -999.0 -999.0 -999.0 -999.0 -999.0 -999.0 -999.0 -999.0 -999.0 -999.0 -999.0 -999.0 -999.0 -999.0 -999.0 -999.0 -999.0 -999.0 -999.0 -999.0 -999.0 -999.0 -999.0 -999.0 -999.0 -999.0 -999.0 -999.0 1543.8 1512.9 1471.7 1584.7 1524.6 1400.3 1341.2 1379.3 1437.5 1268.3 1121.5 1098.0 954.7 847.1 1097.1 1208.7 1431.7 1327.1 1521.7 1454.6 1386.4 1333.5 1380.1 1399.2 1446.8 1432.1 1434.1 1407.7 1378.9 1384.8 1398.5 1399.1 1331.9 1309.4 1447.8 1545.3 1538.1 1439.8
-999.0 -999.0 -999.0 -999.0 -999.0 -999.0 -999.0 -999.0 -999.0 -999.0 -999.0 -999.0 -999.0 -999.0 -999.0 -999.0 -999.0 -999.0 -999.0 -999.0 -999.0 -999.0 -999.0 -999.0 -999.0 -999.0 -999.0 -999.0 -999.0 -999.0 -999.0 -999.0 -999.0 -999.0 1571.5 1501.5 1476.1 1529.9 1536.8 1490.0 1475.6 1368.5 1231.2 1381.1 1269.7 1137.6 794.4 806.9 825.7 1016.9 1268.9 1385.1 1367.8 1505.0 1559.5 1433.6 1360.2 1434.6 1455.2 1443.8 1456.3 1436.2 1417.4 1422.4 1440.1 1458.1 1364.4 1340.1 1542.0 1657.9 1627.5 1543.3
-999.0 -999.0 -999.0 -999.0 -999.0 -999.0 -999.0 -999.0 -999.0 -999.0 -999.0 -999.0 -999.0 -999.0 -999.0 -999.0 -999.0 -999.0 -999.0 -999.0 -999.0 -999.0 -999.0 -999.0 -999.0 -999.0 -999.0 -999.0 -999.0 -999.0 -999.0 -999.0 -999.0 -999.0 1569.4 1538.5 1536.9 1583.0 1580.2 1560.5 1428.1 1389.8 1262.9 1186.8 991.0 879.0 804.8 987.4 923.0 1128.4 1226.5 1392.3 1251.4 1376.6 1515.3 1560.8 1544.1 1509.4 1499.2 1472.8 1467.0 1471.4 1461.2 1460.3 1482.5 1482.1 1500.5 1473.2 1588.4 1679.8 1661.7 1570.4
-999.0 -999.0 -999.0 -999.0 -999.0 -999.0 -999.0 -999.0 -999.0 -999.0 -999.0 -999.0 -999.0 -999.0 -999.0 -999.0 -999.0 -999.0 -999.0 -999.0 -999.0 -999.0 -999.0 -999.0 -999.0 -999.0 -999.0 -999.0 -999.0 -999.0 -999.0 -999.0 -999.0 -999.0 -999.0 1528.8 1533.8 1566.3 1576.8 1459.8 1229.6 1182.5 1124.6 1193.2 1194.4 993.0 1004.5 911.7 1031.9 1297.1 1521.6 1459.5 1402.6 1380.0 1548.0 1545.0 1473.1 1495.7 1531.9 1480.9 1493.7 1501.3 1498.8 1490.7 1495.3 1494.8 1489.5 1534.7 1565.6 1613.3 1604.0 -999.0
-999.0 -999.0 -999.0 -999.0 -999.0 -999.0 -999.0 -999.0 -999.0 -999.0 -999.0 -999.0 -999.0 -999.0 -999.0 -999.0 -999.0 -999.0 -999.0 -999.0 -999.0 -999.0 -999.0 -999.0 -999.0 -999.0 -999.0 -999.0 -999.0 -999.0 -999.0 -999.0 -999.0 -999.0 1604.6 1535.1 1544.0 1571.8 1549.1 1460.0 1093.3 1044.5 1179.8 971.6 997.7 1069.9 1075.8 823.4 1009.0 1033.7 1272.2 1550.6 1339.3 1505.8 1603.3 1490.5 1473.9 1536.1 1501.4 1519.0 1522.5 1515.2 1509.5 1501.4 1499.1 1385.1 1464.0 1501.7 1399.8 1450.8 1500.7 1492.3
-999.0 -999.0 -999.0 -999.0 -999.0 -999.0 -999.0 -999.0 -999.0 -999.0 -999.0 -999.0 -999.0 -999.0 -999.0 -999.0 -999.0 -999.0 -999.0 -999.0 -999.0 -999.0 -999.0 -999.0 -999.0 -999.0 -999.0 -999.0 -999.0 -999.0 -999.0 -999.0 -999.0 -999.0 1598.3 1574.9 1560.8 1572.0 1392.1 1453.5 1355.4 1089.7 1339.7 1299.4 1246.5 1340.9 1286.7 985.9 1052.2 1075.7 1399.8 1275.3 1185.2 1445.1 1374.5 1445.0 1400.6 1454.3 1492.9 1549.7 1556.4 1539.4 1525.6 1499.8 1514.7 1499.9 1430.7 1492.9 1444.2 1381.9 1437.6 1469.7
-999.0 -999.0 -999.0 -999.0 -999.0 -999.0 -999.0 -999.0 -999.0 -999.0 -999.0 -999.0 -999.0 -999.0 -999.0 -999.0 -999.0 -999.0 -999.0 -999.0 -999.0 -999.0 -999.0 -999.0 -999.0 -999.0 -999.0 -999.0 -999.0 -999.0 -999.0 -999.0 -999.0 1586.0 1598.6 1584.9 1474.0 1491.2 1476.1 1514.5 1423.0 1395.9 1449.9 1482.1 1492.5 1444.8 1317.7 1026.2 847.9 811.4 1131.0 1025.6 1110.2 1386.8 1398.0 1507.9 1472.9 1466.9 1530.5 1571.7 1574.2 1563.6 1540.2 1508.3 1529.5 1512.0 1488.9 1476.9 1459.8 1324.1 1372.0 1401.9
-999.0 -999.0 -999.0 -999.0 -999.0 -999.0 -999.0 -999.0 -999.0 -999.0 -999.0 -999.0 -999.0 -999.0 -999.0 -999.0 -999.0 -999.0 -999.0 -999.0 -999.0 -999.0 -999.0 -999.0 -999.0 -999.0 -999.0 -999.0 -999.0 -999.0 -999.0 -999.0 -999.0 -999.0 1565.5 1617.5 1568.8 1537.2 1370.8 1568.1 1572.5 1574.6 1562.8 1556.0 1597.7 1563.0 1438.7 1310.4 934.4 797.6 749.5 995.0 1026.3 1195.9 1364.4 1370.1 1567.6 1565.8 1486.3 1576.9 1591.2 1584.3 1551.3 1522.4 1529.2 1516.3 1477.6 1479.8 1475.4 1446.0 1246.4 1358.9
-999.0 -999.0 -999.0 -999.0 -999.0 -999.0 -999.0 -999.0 -999.0 -999.0 -999.0 -999.0 -999.0 -999.0 -999.0 -999.0 -999.0 -999.0 -999.0 -999.0 -999.0 -999.0 -999.0 -999.0 -999.0 -999.0 -999.0 -999.0 -999.0 -999.0 -999.0 -999.0 -999.0 -999.0 1627.8 1631.3 1641.3 1621.8 1585.2 1583.0 1589.1 1635.0 1645.4 1717.6 1743.9 1692.3 1563.4 1330.2 1232.8 826.3 696.7 730.0 927.0 1128.6 1303.9 1456.4 1400.1 1500.5 1436.9 1558.7 1568.5 1580.9 1545.9 1529.4 1522.2 1485.4 1463.2 1471.9 1475.9 1418.3 1260.4 1304.6
-999.0 -999.0 -999.0 -999.0 -999.0 -999.0 -999.0 -999.0 -999.0 -999.0 -999.0 -999.0 -999.0 -999.0 1641.7 1598.9 1567.5 1549.3 -999.0 -999.0 -999.0 -999.0 -999.0 -999.0 -999.0 -999.0 -999.0 -999.0 -999.0 -999.0 -999.0 -999.0 -999.0 1685.2 1726.8 1662.9 1674.0 1591.3 1586.6 1618.9 1623.2 1632.1 1677.1 1712.7 1757.5 1702.9 1584.0 1413.7 1065.2 856.6 839.0 1035.6 891.1 1076.4 1478.9 1453.4 1539.0 1312.8 1359.4 1512.9 1512.9 1522.1 1521.4 1514.4 1512.0 1493.9 1452.7 1458.9 1492.0 1467.4 1411.8 1241.8
-999.0 -999.0 -999.0 -999.0 -999.0 -999.0 -999.0 -999.0 -999.0 -999.0 -999.0 -999.0 -999.0 -999.0 1551.1 1450.7 1482.8 1601.5 -999.0 -999.0 -999.0 -999.0 -999.0 -999.0 -999.0 -999.0 -999.0 -999.0 -999.0 -999.0 -999.0 -999.0 1755.5 1623.2 1685.5 1688.4 1603.7 1665.5 1594.8 1630.5 1626.9 1628.0 1657.3 1666.0 1658.3 1664.7 1582.9 1447.9 1282.6 850.4 796.3 1050.9 1025.2 1202.2 1354.9 1644.2 1590.1 1414.6 1377.0 1472.3 1552.2 1565.7 1531.2 1493.8 1508.2 1499.4 1479.7 1437.1 1482.1 1456.5 1431.0 1272.5
-999.0 -999.0 -999.0 -999.0 -999.0 -999.0 -999.0 -999.0 -999.0 -999.0 -999.0 -999.0 1631.4 1741.7 1652.2 1453.1 1467.1 1500.5 1680.2 1763.6 1805.9 -999.0 -999.0 1694.8 1810.7 -999.0 -999.0 -999.0 1759.7 1595.6 1589.1 -999.0 1738.3 1550.6 1649.8 1721.7 1671.5 1666.8 1556.2 1554.1 1537.9 1581.2 1536.2 1624.3 1571.3 1571.3 1530.1 1127.1 1375.6 1223.2 954.2 1292.9 1219.3 963.8 1499.1 1385.7 1534.1 1433.6 1414.7 1483.6 1535.3 1585.5 1511.9 1511.2 1540.6 1504.4 1513.8 1448.4 1496.5 1480.3 1443.0 1383.9
-999.0 -999.0 -999.0 -999.0 -999.0 -999.0 -999.0 -999.0 -999.0 -999.0 -999.0 -999.0 -999.0 1771.2 1708.8 1587.7 1544.5 1560.4 1574.6 1513.6 1790.8 -999.0 1786.6 1655.6 1483.7 1624.8 1515.7 1771.4 1744.9 1285.4 1303.4 1420.5 -999.0 1644.3 1588.6 1627.8 1666.3 1647.8 1510.5 1607.5 1702.5 1686.2 1575.3 1529.2 1526.5 1444.9 1439.2 1096.1 1014.1 1051.7 1022.6 1066.0 961.5 1034.9 1281.0 1481.8 1529.2 1345.6 1351.7 1482.4 1466.4 1557.8 1509.3 1503.8 1537.2 1504.4 1528.1 1469.4 1501.2 1496.4 1463.0 1440.3
-999.0 -999.0 -999.0 -999.0 -999.0 -999.0 -999.0 -999.0 -999.0 -999.0 -999.0 -999.0 -999.0 -999.0 1769.7 1644.9 1547.4 1619.2 1631.4 1661.5 1757.4 1284.5 741.2 1512.4 1174.3 1181.7 1275.8 1456.3 1625.0 1562.5 1359.9 1206.3 1428.7 1656.0 1689.2 1627.6 1636.1 1555.2 1354.9 1475.1 1690.0 1721.3 1608.4 1531.6 1509.1 1433.3 1365.8 949.6 857.4 1007.8 1018.1 1150.2 1200.1 1153.7 1234.5 1437.5 1473.1 1370.3 1416.3 1462.9 1418.9 1509.0 1449.3 1520.4 1522.0 1518.7 1484.3 1368.2 1517.6 1515.1 1488.8 1473.8
-999.0 -999.0 -999.0 -999.0 -999.0 -999.0 -999.0 -999.0 -999.0 -999.0 -999.0 -999.0 -999.0 -999.0 -999.0 1648.4 1698.6 1684.0 1673.0 1535.1 1318.1 504.4 910.5 1609.4 1051.7 1350.9 1078.5 1149.6 1429.0 1568.1 1060.4 1275.7 1281.4 1499.1 1713.9 1641.3 1582.4 1570.7 1433.1 1440.3 1566.9 1609.1 1597.1 1518.0 1478.4 1430.4 1208.4 1080.2 800.7 963.2 946.5 986.4 1300.2 1179.8 1109.9 1278.7 1354.1 1362.7 1441.6 1417.1 1415.0 1480.9 1435.8 1517.7 1533.5 1504.0 1510.7 1493.9 1500.1 1523.0 1517.9 1504.8
-999.0 -999.0 -999.0 -999.0 -999.0 -999.0 -999.0 -999.0 -999.0 -999.0 -999.0 -999.0 -999.0 -999.0 -999.0 -999.0 1760.1 1706.6 1461.4 1197.1 543.2 481.7 867.0 1150.5 1166.0 1069.4 953.2 966.6 993.2 1296.8 1436.7 988.3 1237.5 1425.7 1504.1 1608.0 1603.3 1555.3 1508.3 1481.0 1533.1 1574.9 1541.3 1482.8 1440.9 1365.9 1190.5 990.9 888.9 1038.5 1059.4 965.7 1125.5 1402.5 1154.4 1360.6 1328.1 1332.7 1451.1 1463.9 1451.6 1440.1 1433.7 1517.0 1541.6 1520.6 1547.5 1449.2 1496.4 1524.0 1527.4 1529.1
-999.0 -999.0 -999.0 -999.0 -999.0 -999.0 -999.0 -999.0 -999.0 -999.0 -999.0 -999.0 -999.0 -999.0 -999.0 -999.0 1781.5 1607.4 1152.5 975.1 837.6 623.2 1102.9 1354.3 1134.6 901.8 832.5 795.8 984.0 1242.7 1466.3 945.2 1047.6 1338.3 1452.6 1616.7 1608.0 1543.9 1443.3 1459.9 1485.7 1501.9 1515.0 1481.4 1411.7 1214.6 1116.4 1201.2 859.0 1025.0 1001.8 932.1 988.3 1195.9 1321.7 1367.1 1440.8 1340.6 1334.6 1438.6 1443.9 1494.6 1492.0 1547.4 1534.1 1533.4 1531.8 1491.5 1459.6 1505.9 1510.7 1533.2
-999.0 -999.0 -999.0 -999.0 -999.0 -999.0 -999.0 -999.0 -999.0 -999.0 -999.0 -999.0 -999.0 -999.0 -999.0 -999.0 1776.1 1535.8 1246.9 1256.5 827.6 952.0 1237.5 1121.2 1250.7 1069.9 802.0 913.3 805.5 1007.1 1300.3 982.6 981.5 1120.8 1483.0 1565.2 1610.1 1506.1 1395.7 1410.8 1464.8 1484.6 1490.7 1447.5 1299.6 1222.4 1229.3 1201.7 1022.5 1051.7 1066.5 1088.8 1187.3 1213.6 1170.9 1439.2 1360.1 1360.2 1423.2 1411.9 1471.7 1427.9 1549.4 1558.4 1539.4 1542.0 1525.6 1386.8 1480.6 1514.0 1528.2 1531.9
-999.0 -999.0 -999.0 -999.0 -999.0 -999.0 -999.0 -999.0 -999.0 -999.0 -999.0 -999.0 -999.0 -999.0 -999.0 1764.7 877.9 1384.7 1213.7 1027.3 1366.2 599.9 762.6 843.7 970.5 782.9 961.4 907.8 1023.2 1148.4 1033.4 825.4 1008.4 1137.5 1478.4 1586.8 1626.0 1456.9 1435.1 1471.0 1467.2 1495.2 1457.7 1332.3 1341.9 1337.7 1156.9 1054.7 1284.4 957.7 1018.7 1256.0 1220.6 1295.9 1365.5 1384.9 1436.9 1444.1 1510.2 1447.9 1516.5 1568.3 1461.7 1563.3 1545.3 1519.8 1503.7 1391.8 1480.4 1519.6 1504.0 1521.9
-999.0 -999.0 -999.0 -999.0 -999.0 -999.0 -999.0 -999.0 -999.0 -999.0 -999.0 -999.0 -999.0 1783.9 1704.6 1294.6 1361.2 1521.6 1501.4 1282.8 1494.2 1219.1 1059.4 806.3 830.3 738.1 851.6 810.0 1198.0 1031.0 1065.0 1320.2 1315.8 1429.6 1432.9 1533.5 1570.7 1455.6 1434.2 1434.4 1470.2 1433.8 1295.6 1355.3 1306.8 1373.0 1203.3 1130.8 1174.6 1256.3 1336.5 1216.6 1279.7 1339.2 1360.7 1401.3 1424.5 1520.7 1544.9 1617.8 1647.4 1610.2 1562.9 1547.2 1509.6 1527.1 1501.3 1402.8 1478.0 1528.8 1509.1 1502.4
-999.0 -999.0 -999.0 -999.0 -999.0 -999.0 -999.0 -999.0 -999.0 -999.0 -999.0 -999.0 1747.7 1663.8 1635.5 1618.2 1673.0 1733.4 1685.6 1686.2 1623.3 1289.9 1108.0 965.4 537.9 973.0 1112.6 1061.0 1287.1 857.8 807.1 900.0 1222.4 1411.6 1423.9 1457.3 1485.3 1443.0 1388.9 1427.6 1421.8 1391.2 1309.0 1257.8 1356.3 1341.7 1202.3 1216.2 1258.1 1290.1 1298.4 1294.2 1406.4 1387.4 1445.7 1566.0 1484.6 1542.1 1641.0 1737.3 1678.8 1566.9 1562.9 1536.7 1506.6 1487.4 1479.1 1358.7 1425.5 1501.0 1509.6 1495.6
-999.0 -999.0 -999.0 -999.0 -999.0 -999.0 -999.0 -999.0 -999.0 -999.0 -999.0 1786.8 1559.6 1582.3 1613.6 -999.0 -999.0 -999.0 -999.0 1715.5 1048.3 1024.0 1010.9 873.4 984.3 1070.4 820.7 866.5 1016.4 508.3 650.7 859.2 962.6 1291.8 1512.7 1468.9 1443.3 1461.3 1438.0 1441.1 1440.6 1371.7 1397.5 1252.3 1315.5 1307.2 1291.2 1279.5 1288.7 1323.7 1417.6 1422.7 1447.0 1483.6 1527.7 1592.4 1606.6 1595.7 1619.7 1632.8 1606.0 1570.9 1545.0 1473.4 1428.0 1417.8 1431.6 1374.9 1412.6 1440.0 1508.8 1503.2
-999.0 -999.0 -999.0 -999.0 -999.0 -999.0 -999.0 -999.0 -999.0 -999.0 -999.0 1744.4 1421.7 1733.3 1792.7 -999.0 -999.0 -999.0 -999.0 1790.7 1251.3 914.1 1250.5 854.6 874.6 901.6 713.3 659.2 884.2 652.4 1113.3 1089.5 1229.2 1388.5 1529.9 1515.0 1458.4 1448.0 1408.3 1361.3 1445.5 1369.2 1378.3 1352.3 1276.7 1355.4 1339.0 1412.3 1354.0 1300.8 1294.6 1316.7 1454.6 1509.9 1536.7 1557.0 1506.7 1533.6 1522.7 1518.6 1515.9 1421.4 1458.0 1303.6 1313.5 1313.9 1401.7 1381.0 1415.5 1442.2 1510.4 1518.6
-999.0 -999.0 -999.0 -999.0 -999.0 -999.0 -999.0 -999.0 -999.0 -999.0 -999.0 -999.0 -999.0 -999.0 -999.0 -999.0 -999.0 -999.0 -999.0 1800.1 1167.2 1106.5 1256.0 1013.5 1157.3 690.2 735.6 1071.2 860.1 921.3 1082.2 1100.9 1353.9 1477.5 1562.6 1444.4 1449.9 1435.3 1436.3 1465.5 1461.3 1445.3 1434.7 1399.6 1348.2 1399.7 1425.4 1419.5 1388.5 1423.6 1379.1 1360.5 1512.8 1396.8 1326.1 1431.6 1433.4 1453.0 1519.2 1462.4 1373.3 1255.7 1285.3 1355.4 1346.5 1312.8 1379.0 1370.2 1418.1 1430.6 1508.3 1525.7
-999.0 -999.0 -999.0 -999.0 -999.0 -999.0 -999.0 -999.0 -999.0 -999.0 -999.0 -999.0 -999.0 -999.0 -999.0 -999.0 -999.0 -999.0 -999.0 -999.0 1174.3 1705.6 1519.5 1142.9 780.3 852.0 746.5 777.4 1101.5 1077.3 1050.0 1383.5 1448.7 1544.9 1544.2 1506.8 1459.9 1495.6 1513.2 1502.8 1500.9 1487.5 1451.2 1445.5 1379.8 1390.0 1442.7 1286.3 1367.0 1478.8 1486.9 1475.6 1459.0 1465.3 1355.2 1335.1 1398.0 1316.8 1464.0 1478.2 1357.0 1361.6 1332.6 1356.1 1414.6 1349.7 1379.3 1415.7 1469.0 1442.2 1515.6 1529.8
-999.0 -999.0 -999.0 -999.0 -999.0 -999.0 -999.0 -999.0 -999.0 -999.0 -999.0 -999.0 -999.0 -999.0 -999.0 -999.0 -999.0 -999.0 -999.0 -999.0 1504.5 970.2 868.5 1001.1 1032.7 1105.7 931.8 1103.2 1093.6 1296.2 1473.6 1293.8 1495.1 1537.2 1366.0 1406.9 1440.6 1521.7 1599.8 1564.6 1456.2 1465.2 1365.6 1373.2 1379.3 1395.9 1447.4 1304.2 1277.0 1408.8 1477.0 1504.2 1478.8 1457.7 1422.5 1373.6 1329.5 1187.1 1337.4 1494.1 1438.8 1357.3 1268.9 1235.2 1299.4 1404.8 1392.7 1450.1 1493.2 1530.7 1543.3 1551.5
-999.0 -999.0 -999.0 -999.0 -999.0 -999.0 -999.0 -999.0 -999.0 -999.0 -999.0 -999.0 -999.0 -999.0 -999.0 -999.0 -999.0 -999.0 -999.0 1594.5 1364.3 1437.0 759.9 1134.1 1211.3 1000.2 1043.7 1172.8 966.1 1348.5 1510.7 1269.8 1562.9 1019.3 1262.2 1425.0 1447.4 1378.4 1511.2 1505.1 1224.8 1254.6 1333.4 1451.3 1409.7 1424.4 1461.7 1430.3 1413.6 1448.0 1487.8 1488.3 1488.6 1469.4 1404.3 1410.1 1312.1 1353.8 1446.8 1477.9 1407.6 1320.2 1237.7 1209.1 1274.1 1418.3 1438.9 1494.2 1548.8 1582.8 1572.7 1584.1
-999.0 -999.0 -999.0 -999.0 -999.0 -999.0 -999.0 -999.0 -999.0 -999.0 -999.0 -999.0 -999.0 -999.0 -999.0 -999.0 -999.0 -999.0 -999.0 1815.1 1502.5 853.8 1267.9 1594.3 1320.6 1251.8 1079.6 931.0 991.4 1325.3 1459.4 1414.1 1499.6 1378.8 1318.8 1245.1 1244.1 1432.5 1414.4 1407.2 1361.3 1313.9 1432.1 1462.5 1425.8 1465.3 1444.8 1452.9 1503.3 1484.8 1489.1 1493.6 1487.1 1488.6 1459.2 1445.4 1371.7 1360.9 1432.4 1440.4 1345.8 1237.1 1166.9 1265.7 1268.2 1323.5 1417.8 1538.3 1506.4 1606.2 1533.9 1586.7
-999.0 -999.0 -999.0 -999.0 -999.0 -999.0 -999.0 -999.0 -999.0 -999.0 -999.0 -999.0 -999.0 -999.0 -999.0 -999.0 -999.0 -999.0 -999.0 1881.9 1357.9 1670.8 1362.9 1376.6 1220.0 1196.7 823.6 991.0 912.3 1184.7 1329.0 1483.6 1489.2 1382.0 1135.7 1024.3 931.9 1326.7 1192.2 1309.3 1306.5 1342.0 1498.0 1469.2 1457.9 1492.1 1490.3 1555.6 1557.3 1443.1 1463.6 1509.9 1486.3 1384.1 1498.2 1462.9 1422.5 1428.5 1468.8 1438.1 1335.1 1283.6 1277.7 1312.1 1332.6 1430.4 1473.5 1472.2 1507.2 1596.3 1593.4 1597.4
-999.0 -999.0 -999.0 -999.0 -999.0 -999.0 -999.0 -999.0 -999.0 -999.0 -999.0 -999.0 -999.0 -999.0 -999.0 -999.0 -999.0 -999.0 -999.0 -999.0 1624.1 1268.0 1030.1 836.3 757.0 954.4 960.3 1134.8 1386.1 1399.8 1451.0 1381.2 1365.9 1419.7 1277.9 1265.0 1000.0 1184.5 1284.3 1323.8 1233.1 1289.2 1494.2 1405.7 1506.3 1560.3 1419.5 1597.6 1604.2 1596.9 1533.3 1544.8 1515.7 1371.1 1431.5 1492.8 1430.7 1442.9 1452.2 1402.4 1317.0 1348.1 1375.3 1436.6 1394.6 1483.8 1410.8 1441.8 1551.6 1588.8 1560.8 1601.9
