GDD/GrowingDegreeDays_1994_Actual.txt
ncols         180
nrows         290
xllcorner     -200000
yllcorner     -200000
cellsize      5000
NODATA_value    -999
[rows 128 to 159 of 290, columns 71 to 141 of 180]
-999.0 1179.2 1548.8 1565.8 -999.0 -999.0 -999.0 -999.0 -999.0 -999.0 -999.0 -999.0 -999.0 1380.1 1284.3 1501.5 1269.0 1076.9 1166.6 928.2 752.9 865.6 749.6 912.0 1085.1 1204.3 1182.9 944.0 977.5 1012.5 1230.5 999.7 668.0 889.4 761.4 988.5 1016.5 1227.6 1206.2 1084.9 1146.7 1133.8 1030.1 884.1 778.8 841.5 999.8 1120.4 1156.3 1282.2 1155.8 1153.7 1303.6 1410.2 -999.0 -999.0 -999.0 -999.0 -999.0 -999.0 -999.0 -999.0 -999.0 -999.0 -999.0 -999.0 -999.0 -999.0 -999.0 -999.0 -999.0
-999.0 -999.0 -999.0 -999.0 -999.0 -999.0 -999.0 -999.0 -999.0 -999.0 -999.0 -999.0 -999.0 1463.2 1556.0 1176.1 1261.3 1065.9 1168.4 876.3 856.8 676.7 757.1 800.7 939.5 1006.5 1215.5 637.1 701.4 1022.4 1273.6 984.8 749.1 932.6 919.9 818.1 1078.2 937.1 875.1 1021.8 878.6 873.1 690.2 1023.1 1028.4 967.3 970.7 989.3 1200.4 1382.5 1309.2 1354.3 1411.8 1465.9 1488.0 -999.0 -999.0 -999.0 -999.0 -999.0 -999.0 -999.0 -999.0 -999.0 -999.0 -999.0 -999.0 -999.0 -999.0 -999.0 -999.0
-999.0 -999.0 -999.0 -999.0 -999.0 -999.0 -999.0 -999.0 -999.0 -999.0 -999.0 -999.0 1661.9 1261.0 1123.6 1134.6 1049.1 1054.7 1116.1 1154.3 815.8 832.5 753.6 824.3 858.2 1101.4 1343.7 1054.9 953.7 987.9 1219.8 1219.8 1010.0 971.1 984.7 952.6 744.1 1057.3 1097.4 1055.6 1062.6 659.3 860.2 763.3 870.5 1086.6 1060.8 1028.6 1022.9 1017.7 1341.0 1441.7 1459.2 1460.2 1510.1 -999.0 -999.0 -999.0 -999.0 -999.0 -999.0 -999.0 -999.0 -999.0 -999.0 -999.0 -999.0 -999.0 -999.0 -999.0 -999.0
-999.0 -999.0 -999.0 -999.0 -999.0 -999.0 -999.0 -999.0 -999.0 -999.0 -999.0 -999.0 1339.2 1236.9 1202.2 838.3 897.6 1063.2 1098.3 825.3 1125.0 1020.6 859.3 977.9 970.0 1234.1 1381.8 1193.5 1112.8 931.2 1283.0 1241.7 1199.6 1102.1 1204.6 867.0 1204.8 904.3 1022.5 1194.6 683.2 1046.4 951.8 914.5 1017.9 978.7 1173.7 1166.2 987.8 1057.1 1262.4 1280.1 1350.9 1439.7 1478.9 -999.0 -999.0 -999.0 -999.0 -999.0 -999.0 -999.0 -999.0 -999.0 -999.0 -999.0 -999.0 -999.0 -999.0 -999.0 -999.0
-999.0 -999.0 -999.0 -999.0 -999.0 -999.0 -999.0 -999.0 -999.0 -999.0 -999.0 1300.6 1346.1 1312.1 1014.8 1082.0 1044.4 578.4 900.1 920.6 1142.4 1034.2 1000.9 1100.5 969.8 1026.0 1212.1 1103.6 1160.5 1338.3 1396.5 1299.2 1114.3 1108.9 911.0 1090.0 1248.3 905.7 1142.2 1092.5 723.5 1021.8 1133.6 1209.6 1081.6 985.2 1051.1 1033.6 1032.7 1185.4 1254.5 1330.1 1425.6 1445.7 1477.8 -999.0 -999.0 -999.0 -999.0 -999.0 -999.0 -999.0 -999.0 -999.0 -999.0 -999.0 -999.0 -999.0 -999.0 -999.0 -999.0
-999.0 -999.0 -999.0 -999.0 -999.0 -999.0 -999.0 -999.0 -999.0 -999.0 1484.8 1285.2 1144.8 1337.2 1225.6 1109.3 1147.9 945.5 1058.1 654.2 1219.1 1269.1 1144.5 1078.9 1055.0 1040.1 1212.2 1353.7 1440.6 1203.5 1394.1 1407.0 1206.6 1163.5 1178.2 1191.3 1315.8 1116.5 1291.8 1119.8 796.9 889.6 891.8 987.2 1049.9 1149.3 1194.0 1034.0 1120.0 1197.0 1240.9 1315.2 1369.3 1481.1 1514.1 1544.2 -999.0 -999.0 -999.0 -999.0 -999.0 -999.0 -999.0 -999.0 -999.0 -999.0 -999.0 -999.0 -999.0 -999.0 -999.0
-999.0 -999.0 -999.0 -999.0 -999.0 -999.0 -999.0 -999.0 -999.0 -999.0 1177.4 852.6 1090.5 1182.6 1260.8 1254.5 1315.9 663.5 892.3 1081.1 1115.0 1321.3 1277.3 1156.9 1195.2 896.2 1305.0 1445.0 1441.7 1442.9 1187.8 1414.1 1202.2 1263.7 1229.7 1293.5 1297.9 1302.0 1120.8 1227.6 1014.4 952.1 1004.2 911.1 1060.0 1211.6 1273.2 1160.1 1221.6 1138.0 1231.9 1365.9 1487.4 1455.9 1490.1 1544.4 -999.0 -999.0 -999.0 -999.0 -999.0 -999.0 -999.0 -999.0 -999.0 -999.0 -999.0 -999.0 -999.0 -999.0 -999.0
-999.0 -999.0 -999.0 -999.0 -999.0 -999.0 -999.0 -999.0 1438.4 1354.6 1060.6 1068.1 1115.0 1093.9 1257.4 1239.8 1364.4 953.4 1035.8 1033.6 1154.5 1188.4 1372.3 1172.2 1143.0 1239.2 1275.6 1322.0 1514.0 1485.9 1353.4 1388.0 1397.2 1368.4 1342.5 1407.6 1423.1 1298.0 1304.8 1287.9 977.4 1046.2 1064.6 1035.8 969.3 1167.5 1250.1 1410.6 1307.6 1257.6 1303.5 1372.4 1479.1 1492.2 1505.7 1532.1 -999.0 -999.0 -999.0 -999.0 -999.0 -999.0 -999.0 -999.0 -999.0 -999.0 -999.0 -999.0 -999.0 -999.0 -999.0
-999.0 -999.0 -999.0 -999.0 -999.0 -999.0 -999.0 -999.0 1349.1 1312.6 1383.9 1101.7 1167.2 1099.3 1279.3 1375.7 1417.3 1362.8 1225.1 882.2 1125.3 1210.9 1376.7 1387.3 1342.4 1369.7 1384.4 1332.1 1475.3 1384.3 1495.2 1475.8 1489.7 1479.9 1497.5 1502.2 1521.6 1474.7 1339.4 1317.4 1331.1 1205.3 1152.1 1161.3 1202.2 1293.4 1548.8 1395.0 1153.8 1227.2 1353.5 1365.9 1438.1 1466.4 1572.2 1592.2 1662.8 -999.0 -999.0 -999.0 -999.0 -999.0 -999.0 -999.0 -999.0 -999.0 -999.0 -999.0 -999.0 -999.0 -999.0
-999.0 -999.0 -999.0 -999.0 -999.0 -999.0 -999.0 -999.0 1345.4 1314.7 1491.2 1210.9 1343.8 1260.5 1347.2 1422.2 1407.3 1475.3 1138.8 1134.5 1208.0 1090.5 1343.8 1415.6 1368.0 1443.3 1309.2 1028.8 1379.3 -999.0 -999.0 -999.0 1529.1 1520.7 -999.0 1566.3 1563.6 1513.9 1480.3 1438.6 1281.4 1122.4 1228.0 1251.6 1207.5 1350.8 1258.9 1240.4 1386.7 1455.9 1444.3 1419.8 1397.2 1651.9 1673.5 1660.2 1632.1 -999.0 -999.0 -999.0 -999.0 -999.0 -999.0 -999.0 -999.0 -999.0 -999.0 -999.0 -999.0 -999.0 -999.0
1576.1 -999.0 -999.0 -999.0 -999.0 -999.0 -999.0 -999.0 1504.5 1205.6 1435.0 1451.1 1380.7 1314.5 1332.2 1385.1 1471.7 1488.9 1441.1 1003.4 1213.1 1151.0 1373.3 1414.9 1238.2 1493.3 1431.0 1409.5 1438.4 -999.0 -999.0 -999.0 1534.9 1544.0 1528.7 1533.7 1578.2 1551.7 1526.3 1306.7 1055.8 968.8 1155.2 953.5 1215.6 1289.6 1089.7 1290.1 1223.7 1201.5 1203.2 1378.2 1351.1 1306.7 1522.3 1574.0 1625.3 -999.0 -999.0 -999.0 -999.0 -999.0 -999.0 -999.0 -999.0 -999.0 -999.0 -999.0 -999.0 -999.0 -999.0
1405.6 1451.7 -999.0 -999.0 -999.0 -999.0 -999.0 -999.0 -999.0 1356.8 1295.4 1465.1 -999.0 1374.8 1338.2 1387.3 1423.7 1509.4 -999.0 1424.8 1501.6 1345.6 1472.0 1374.1 1345.8 1511.4 1505.7 -999.0 -999.0 -999.0 -999.0 1509.5 1530.7 1534.7 1541.7 1493.4 1479.7 1512.6 1436.6 1326.8 1007.2 693.0 1166.7 843.4 1136.3 1057.4 976.9 1162.2 1052.5 1182.0 1288.0 1155.0 1204.8 1362.7 1562.2 1512.8 1477.1 1648.2 -999.0 -999.0 -999.0 -999.0 -999.0 -999.0 -999.0 -999.0 -999.0 -999.0 -999.0 -999.0 -999.0
1309.2 -999.0 -999.0 -999.0 -999.0 -999.0 -999.0 -999.0 -999.0 -999.0 1386.5 -999.0 -999.0 -999.0 1485.0 1375.0 1412.1 1449.7 1485.9 -999.0 -999.0 1432.0 1545.9 1311.4 1265.8 -999.0 -999.0 -999.0 -999.0 -999.0 1534.2 1455.1 1509.1 1500.9 1507.6 1430.6 1465.5 1380.8 1288.8 1378.0 1169.3 890.0 721.9 931.3 849.4 886.4 856.2 1023.4 990.4 972.7 1062.6 1245.5 1297.3 1299.1 1530.8 1497.5 1417.9 1479.5 -999.0 -999.0 -999.0 -999.0 -999.0 -999.0 -999.0 -999.0 -999.0 -999.0 -999.0 -999.0 -999.0
-999.0 -999.0 -999.0 -999.0 -999.0 -999.0 -999.0 -999.0 -999.0 -999.0 1474.5 1467.9 -999.0 -999.0 -999.0 1501.0 1346.5 1361.2 1421.3 -999.0 -999.0 -999.0 -999.0 1517.2 -999.0 -999.0 -999.0 -999.0 -999.0 -999.0 1576.5 1506.3 1488.6 1372.8 1264.2 1255.3 1354.8 1355.2 1402.6 1367.0 1273.1 972.7 756.2 984.6 677.8 786.3 750.0 981.7 966.7 856.5 1057.3 1217.6 1313.8 1445.3 1516.9 1455.7 1389.4 1460.7 -999.0 -999.0 -999.0 -999.0 -999.0 -999.0 -999.0 -999.0 -999.0 -999.0 -999.0 -999.0 -999.0
1700.7 1687.1 1644.6 -999.0 -999.0 -999.0 -999.0 -999.0 -999.0 -999.0 -999.0 1345.9 -999.0 -999.0 -999.0 -999.0 1505.3 1382.5 1461.4 -999.0 -999.0 -999.0 -999.0 -999.0 -999.0 -999.0 -999.0 -999.0 -999.0 1600.7 1526.2 1373.8 1268.5 1226.3 1117.5 1140.8 1236.1 1272.6 1372.9 1314.7 1295.9 1098.9 589.8 553.2 634.0 731.8 1007.1 1138.1 1088.0 1187.4 1350.5 1185.7 1200.4 1453.5 1467.0 1403.7 1381.3 1465.0 1601.7 -999.0 -999.0 -999.0 -999.0 -999.0 -999.0 -999.0 -999.0 -999.0 -999.0 -999.0 -999.0
1420.0 1461.7 1553.8 1608.8 -999.0 -999.0 -999.0 -999.0 -999.0 -999.0 -999.0 1267.8 -999.0 -999.0 -999.0 -999.0 -999.0 -999.0 -999.0 -999.0 -999.0 -999.0 -999.0 -999.0 -999.0 -999.0 -999.0 -999.0 -999.0 1535.2 1485.6 1458.0 1395.4 1446.1 885.1 1064.1 1188.8 1081.6 1336.0 1237.6 1479.6 1254.0 720.0 471.1 711.8 887.9 631.0 612.7 754.3 937.5 1056.9 1427.6 1385.2 1401.7 1317.5 1400.8 1459.3 1470.6 1580.9 1699.1 -999.0 -999.0 -999.0 -999.0 -999.0 -999.0 -999.0 -999.0 -999.0 -999.0 -999.0
1508.0 1518.9 1501.6 1564.0 -999.0 -999.0 -999.0 -999.0 -999.0 -999.0 -999.0 -999.0 -999.0 -999.0 -999.0 -999.0 -999.0 -999.0 -999.0 -999.0 -999.0 -999.0 -999.0 -999.0 -999.0 -999.0 -999.0 -999.0 1659.3 1564.4 1424.3 1490.2 1140.1 1573.0 578.5 624.1 1233.1 1190.3 1296.4 1404.4 1329.8 1382.8 1137.8 534.3 625.8 804.6 894.5 997.9 874.3 938.0 1047.4 1249.8 1399.3 1421.9 1451.1 1484.7 1458.1 1553.4 1707.5 1753.2 -999.0 -999.0 -999.0 -999.0 -999.0 -999.0 -999.0 -999.0 -999.0 -999.0 -999.0
1582.8 1595.4 1595.7 1544.3 -999.0 -999.0 -999.0 -999.0 -999.0 -999.0 -999.0 -999.0 -999.0 -999.0 -999.0 -999.0 -999.0 -999.0 -999.0 -999.0 -999.0 -999.0 -999.0 -999.0 -999.0 -999.0 -999.0 -999.0 1649.3 1383.2 1454.5 1259.0 695.4 1202.6 1466.2 993.9 921.1 1114.0 1167.7 1271.0 1319.8 1379.5 1309.3 1180.5 594.5 766.7 850.2 1018.3 1056.9 1081.2 1245.1 1296.3 1349.1 1311.4 1477.8 1419.6 1516.2 1562.4 1699.8 1792.2 1795.6 1755.8 1732.3 -999.0 -999.0 -999.0 -999.0 -999.0 -999.0 -999.0 -999.0
1515.0 1636.3 -999.0 1557.3 1595.2 -999.0 -999.0 -999.0 -999.0 -999.0 -999.0 -999.0 -999.0 -999.0 -999.0 -999.0 -999.0 -999.0 -999.0 -999.0 -999.0 -999.0 -999.0 -999.0 -999.0 -999.0 -999.0 -999.0 1614.3 1398.0 1306.4 995.7 1327.7 1214.1 1091.4 834.6 1067.5 1188.9 876.8 1311.5 1140.4 1322.3 1388.5 1421.1 1105.7 885.6 906.0 997.0 1070.5 1255.4 1243.7 1309.9 1421.3 1506.9 1508.8 1536.1 1523.3 1612.0 1686.7 1736.3 1459.4 1596.4 1506.7 1499.5 1609.1 -999.0 -999.0 -999.0 -999.0 -999.0 -999.0
1484.3 1550.5 1610.8 1562.8 -999.0 -999.0 -999.0 -999.0 -999.0 -999.0 -999.0 -999.0 -999.0 -999.0 -999.0 -999.0 -999.0 -999.0 -999.0 -999.0 -999.0 -999.0 -999.0 -999.0 -999.0 -999.0 -999.0 -999.0 1614.0 1395.9 1198.0 763.2 641.4 895.0 1191.1 1109.1 1013.3 822.0 1190.3 902.3 1078.4 1203.3 1265.3 1303.8 1382.3 1263.1 908.5 969.1 1079.7 1165.7 1230.9 1296.2 1384.0 1479.5 1568.9 1560.8 1584.0 1660.0 1664.3 1650.0 1540.3 1267.5 1321.0 1361.8 1352.2 1458.9 1735.3 -999.0 -999.0 -999.0 -999.0
1546.0 1566.8 1594.2 1549.5 -999.0 -999.0 -999.0 -999.0 -999.0 -999.0 -999.0 -999.0 -999.0 -999.0 -999.0 -999.0 -999.0 -999.0 -999.0 -999.0 -999.0 -999.0 -999.0 -999.0 -999.0 -999.0 -999.0 -999.0 1654.2 1570.4 1203.2 975.5 1312.7 455.9 638.7 1180.8 988.9 1154.7 837.2 799.0 1078.3 1225.9 1194.0 1150.0 1302.1 704.9 809.7 847.3 835.5 852.3 958.6 1290.2 1267.1 1472.3 1561.2 1580.6 1602.3 1643.7 1689.9 1711.0 1610.5 1349.0 1457.7 1516.4 1461.9 1415.0 1699.9 1520.9 -999.0 -999.0 -999.0
1563.5 1479.9 1448.0 1563.0 -999.0 -999.0 -999.0 -999.0 -999.0 -999.0 -999.0 -999.0 -999.0 -999.0 -999.0 -999.0 1730.9 1716.0 1735.1 -999.0 -999.0 -999.0 -999.0 -999.0 -999.0 -999.0 -999.0 -999.0 -999.0 1701.7 1576.1 1437.2 1199.9 1115.3 845.3 1365.5 1595.8 1068.2 1084.5 1123.3 1184.8 1044.8 1037.8 1132.7 1085.5 874.9 881.2 657.8 764.5 967.0 1078.6 1101.0 1304.3 1485.7 1564.2 1606.2 1583.3 1641.9 1680.7 1254.6 1332.6 1042.5 1029.9 1147.2 1239.7 1497.6 1295.1 1419.0 1686.7 -999.0 -999.0
1635.9 1509.5 1546.5 -999.0 -999.0 -999.0 -999.0 -999.0 -999.0 -999.0 -999.0 -999.0 -999.0 -999.0 -999.0 -999.0 1719.9 1727.6 -999.0 -999.0 -999.0 -999.0 -999.0 -999.0 -999.0 -999.0 -999.0 -999.0 -999.0 -999.0 1622.7 1649.5 1214.2 1238.5 623.6 1244.3 1212.6 1284.8 1431.4 1419.5 1331.0 1331.7 669.0 1123.6 1037.2 685.3 902.2 1179.7 1280.2 942.7 1313.3 1139.8 1383.1 1551.9 1642.1 1639.9 1613.6 1540.0 1317.7 1222.5 1289.7 1308.2 1373.2 1288.0 1192.1 1241.0 1236.1 1446.7 1432.1 -999.0 -999.0
1547.4 1531.0 -999.0 -999.0 -999.0 -999.0 -999.0 -999.0 -999.0 -999.0 -999.0 -999.0 -999.0 -999.0 -999.0 1647.3 1314.9 1421.6 1689.1 -999.0 -999.0 -999.0 -999.0 -999.0 -999.0 -999.0 -999.0 -999.0 -999.0 -999.0 1626.8 1348.6 1219.9 1191.4 1357.0 1219.1 1408.8 1434.2 1461.0 1481.2 1274.2 1360.0 1408.9 699.3 1007.2 1067.3 836.7 1051.6 872.2 1128.0 1129.2 1337.6 1460.5 1579.2 1633.8 1696.1 1645.8 1473.9 1351.7 1421.0 1349.3 1279.2 1324.0 1275.7 1300.2 1294.3 1303.1 1558.6 1437.5 1692.4 -999.0
-999.0 -999.0 -999.0 -999.0 -999.0 -999.0 -999.0 -999.0 -999.0 -999.0 -999.0 -999.0 -999.0 -999.0 1686.9 1201.3 1082.3 921.5 1674.4 -999.0 -999.0 -999.0 -999.0 -999.0 -999.0 -999.0 -999.0 -999.0 -999.0 -999.0 1634.4 1135.4 1282.3 1668.5 1455.1 1513.0 1434.2 1579.0 1556.3 1418.3 1288.1 1503.2 892.2 1074.7 828.3 1051.8 731.0 1263.7 1152.6 1349.7 1194.7 1399.5 1446.5 1516.2 1692.7 1708.9 1660.5 1573.8 1301.0 1285.2 1351.8 1481.8 1449.4 1454.2 1439.5 1428.8 1310.1 1356.6 1510.4 1548.2 -999.0
-999.0 -999.0 -999.0 -999.0 -999.0 -999.0 -999.0 -999.0 -999.0 -999.0 -999.0 -999.0 -999.0 1668.5 1593.9 895.8 1240.8 1418.0 -999.0 -999.0 -999.0 -999.0 -999.0 -999.0 -999.0 -999.0 -999.0 -999.0 -999.0 -999.0 -999.0 1633.4 1696.1 1731.1 1447.6 1655.4 1445.5 1609.8 1577.3 1524.7 1386.9 1530.4 952.1 908.6 779.1 813.9 759.9 840.4 862.3 995.1 1126.5 1183.3 1296.8 1563.3 1649.7 1652.8 1584.8 1556.3 1532.1 1198.6 1358.0 1621.3 1641.7 1579.8 1596.3 1601.9 1622.2 1623.3 1705.8 1705.8 1642.6
-999.0 -999.0 -999.0 -999.0 -999.0 -999.0 -999.0 -999.0 -999.0 -999.0 -999.0 -999.0 -999.0 1395.6 1161.3 1527.8 1590.7 1656.9 -999.0 -999.0 -999.0 -999.0 -999.0 -999.0 -999.0 -999.0 -999.0 -999.0 -999.0 -999.0 -999.0 -999.0 1754.6 1635.3 1675.1 1697.7 1561.6 1635.1 1612.1 1571.6 1396.6 1546.4 983.0 1021.5 1057.6 854.3 931.4 1022.2 749.0 789.2 1118.2 1068.0 1249.0 1357.6 1579.7 1619.5 1571.4 1574.2 1597.5 1584.1 1603.6 1686.2 1654.5 1602.8 1555.4 1591.6 1642.6 1665.3 1684.9 1430.8 1454.9
-999.0 -999.0 -999.0 -999.0 -999.0 -999.0 -999.0 -999.0 -999.0 -999.0 -999.0 -999.0 -999.0 1393.5 1507.9 1483.4 1671.1 -999.0 -999.0 -999.0 -999.0 -999.0 -999.0 -999.0 -999.0 -999.0 -999.0 -999.0 -999.0 -999.0 -999.0 -999.0 1764.5 1648.3 1658.6 -999.0 1671.3 -999.0 1701.7 1666.4 1590.7 1606.6 1520.4 1005.5 1058.6 1044.8 779.2 1303.5 1248.0 832.0 999.0 1123.4 1225.5 1400.8 1558.3 1629.3 1654.6 1670.8 1651.6 1655.3 1604.0 1512.4 1608.2 1512.8 1559.7 1634.6 1577.7 1481.5 1550.6 1621.2 1630.9
-999.0 -999.0 -999.0 -999.0 -999.0 -999.0 -999.0 -999.0 -999.0 -999.0 -999.0 -999.0 1633.5 1682.5 1694.8 -999.0 -999.0 -999.0 -999.0 -999.0 -999.0 -999.0 -999.0 -999.0 -999.0 -999.0 -999.0 -999.0 -999.0 -999.0 -999.0 -999.0 1757.4 1745.7 1752.2 -999.0 -999.0 -999.0 1744.3 1499.8 1674.3 1535.8 1386.3 1442.8 1405.9 1284.1 972.3 964.9 1361.2 1019.4 929.6 1191.7 1160.5 1325.0 1472.9 1689.3 1690.9 1705.7 1699.9 1689.7 1664.9 1632.3 1623.2 1557.7 1642.4 1585.0 1499.9 1449.9 1452.9 1490.5 1575.6
-999.0 -999.0 -999.0 -999.0 -999.0 -999.0 -999.0 -999.0 -999.0 -999.0 -999.0 -999.0 -999.0 -999.0 -999.0 -999.0 -999.0 -999.0 -999.0 -999.0 -999.0 -999.0 -999.0 -999.0 -999.0 -999.0 -999.0 -999.0 -999.0 -999.0 -999.0 -999.0 -999.0 -999.0 -999.0 -999.0 -999.0 1763.1 1721.1 1549.7 1301.5 1209.8 1195.6 1185.1 1304.1 1299.1 1075.5 1105.0 1238.3 1414.5 1170.9 1093.7 1277.2 1400.8 1527.5 1632.4 1676.6 1662.0 1704.1 1722.0 1724.1 1721.1 1694.9 1696.8 1585.4 1332.1 1493.8 1466.8 1584.0 1600.0 1694.3
-999.0 -999.0 -999.0 -999.0 -999.0 -999.0 -999.0 -999.0 -999.0 -999.0 -999.0 -999.0 -999.0 -999.0 -999.0 -999.0 -999.0 -999.0 -999.0 -999.0 -999.0 -999.0 -999.0 -999.0 -999.0 -999.0 -999.0 -999.0 -999.0 -999.0 -999.0 -999.0 -999.0 -999.0 -999.0 -999.0 -999.0 1700.8 1608.6 1349.9 1086.2 906.8 1053.2 1341.7 1241.8 1493.6 1403.4 1457.7 1300.7 1227.1 1198.4 1214.1 1287.8 1435.4 1536.3 1599.8 1680.7 1668.9 1720.8 1746.6 1772.4 1762.9 1724.4 1707.8 1640.6 1291.6 1388.7 1591.1 1664.8 1711.7 1731.2
-999.0 -999.0 -999.0 -999.0 -999.0 -999.0 -999.0 -999.0 -999.0 -999.0 -999.0 -999.0 -999.0 -999.0 -999.0 -999.0 -999.0 -999.0 -999.0 -999.0 -999.0 -999.0 -999.0 -999.0 -999.0 -999.0 -999.0 -999.0 -999.0 -999.0 -999.0 -999.0 -999.0 -999.0 -999.0 -999.0 -999.0 1699.1 1668.3 1532.9 1256.4 1155.0 1220.0 1340.4 1377.0 1451.1 1387.9 1487.8 1503.2 1439.7 1612.8 1235.8 1408.2 1350.2 1503.6 1555.2 1692.9 1720.5 1723.0 1754.1 1803.5 1761.3 1749.9 1714.2 1699.8 1519.4 1470.8 1593.0 1693.8 1729.7 1762.7
