GDD/GrowingDegreeDays_1963_Actual.txt
ncols         180
nrows         290
xllcorner     -200000
yllcorner     -200000
cellsize      5000
NODATA_value    -999
[rows 128 to 159 of 290, columns 71 to 141 of 180]
-999.0 1087.9 1377.6 1403.0 -999.0 -999.0 -999.0 -999.0 -999.0 -999.0 -999.0 -999.0 -999.0 1274.7 1179.9 1357.2 1169.6 1011.3 1097.9 879.0 718.5 810.2 705.3 841.9 992.9 1095.2 1064.7 855.8 901.1 945.9 1151.1 935.0 653.1 864.4 730.5 920.0 940.2 1123.6 1110.6 1009.1 1071.4 1043.1 935.9 815.4 726.2 781.5 914.7 1010.3 1040.4 1142.0 1025.0 1009.6 1119.3 1200.8 -999.0 -999.0 -999.0 -999.0 -999.0 -999.0 -999.0 -999.0 -999.0 -999.0 -999.0 -999.0 -999.0 -999.0 -999.0 -999.0 -999.0
-999.0 -999.0 -999.0 -999.0 -999.0 -999.0 -999.0 -999.0 -999.0 -999.0 -999.0 -999.0 -999.0 1325.7 1399.7 1080.8 1159.4 983.4 1090.3 835.7 820.2 651.6 712.5 746.2 869.7 930.6 1117.8 609.9 673.3 957.6 1178.9 917.8 742.0 936.0 895.6 782.0 1005.8 872.0 819.6 952.5 826.4 819.9 647.7 946.0 949.6 895.8 896.6 905.4 1087.4 1240.0 1167.4 1184.0 1216.4 1269.6 1310.8 -999.0 -999.0 -999.0 -999.0 -999.0 -999.0 -999.0 -999.0 -999.0 -999.0 -999.0 -999.0 -999.0 -999.0 -999.0 -999.0
-999.0 -999.0 -999.0 -999.0 -999.0 -999.0 -999.0 -999.0 -999.0 -999.0 -999.0 -999.0 1526.8 1170.6 1037.3 1050.7 969.9 962.6 1034.8 1079.6 779.8 789.7 714.1 780.1 819.1 1040.2 1257.6 1001.0 912.0 933.6 1137.0 1138.8 972.0 951.3 947.3 907.2 712.8 980.6 1018.8 983.4 1000.4 657.6 826.7 728.8 828.0 1028.9 996.7 953.5 939.7 923.8 1190.2 1254.6 1262.4 1272.2 1335.4 -999.0 -999.0 -999.0 -999.0 -999.0 -999.0 -999.0 -999.0 -999.0 -999.0 -999.0 -999.0 -999.0 -999.0 -999.0 -999.0
-999.0 -999.0 -999.0 -999.0 -999.0 -999.0 -999.0 -999.0 -999.0 -999.0 -999.0 -999.0 1256.4 1155.6 1117.7 795.7 848.6 996.1 1026.2 777.3 1044.9 952.4 819.2 940.3 939.5 1181.8 1314.0 1143.2 1067.7 893.8 1205.1 1169.3 1138.8 1053.0 1137.4 828.8 1125.8 850.8 957.3 1109.8 670.4 1026.0 914.4 872.9 982.3 949.9 1107.7 1081.7 916.4 964.9 1125.1 1127.5 1182.0 1254.6 1309.7 -999.0 -999.0 -999.0 -999.0 -999.0 -999.0 -999.0 -999.0 -999.0 -999.0 -999.0 -999.0 -999.0 -999.0 -999.0 -999.0
-999.0 -999.0 -999.0 -999.0 -999.0 -999.0 -999.0 -999.0 -999.0 -999.0 -999.0 1231.8 1254.2 1216.9 957.9 1025.3 992.6 574.7 853.0 862.1 1052.3 961.5 957.7 1064.4 953.4 1007.7 1173.7 1070.8 1120.3 1270.3 1314.7 1229.8 1064.5 1056.2 870.9 1023.4 1158.3 852.1 1070.3 1024.5 704.8 972.7 1059.9 1136.9 1040.1 956.4 1002.3 968.3 957.8 1080.3 1124.5 1180.4 1251.3 1260.3 1305.7 -999.0 -999.0 -999.0 -999.0 -999.0 -999.0 -999.0 -999.0 -999.0 -999.0 -999.0 -999.0 -999.0 -999.0 -999.0 -999.0
-999.0 -999.0 -999.0 -999.0 -999.0 -999.0 -999.0 -999.0 -999.0 -999.0 1397.4 1210.8 1071.4 1238.1 1149.8 1060.1 1101.0 908.6 1012.5 643.8 1149.6 1194.9 1095.7 1047.6 1032.6 1018.4 1171.1 1294.4 1368.7 1163.8 1325.3 1326.0 1148.2 1104.1 1109.5 1113.1 1216.1 1034.4 1198.5 1056.9 774.4 854.1 851.0 941.5 1007.4 1091.7 1124.1 969.9 1035.8 1091.5 1118.0 1172.6 1208.8 1294.6 1325.9 1366.2 -999.0 -999.0 -999.0 -999.0 -999.0 -999.0 -999.0 -999.0 -999.0 -999.0 -999.0 -999.0 -999.0 -999.0 -999.0
-999.0 -999.0 -999.0 -999.0 -999.0 -999.0 -999.0 -999.0 -999.0 -999.0 1139.4 830.6 1027.0 1105.6 1181.1 1197.1 1268.6 662.5 869.7 1027.5 1073.2 1245.3 1213.9 1119.9 1155.2 882.7 1248.0 1358.6 1356.8 1369.3 1149.5 1331.7 1139.7 1191.0 1154.1 1206.5 1204.5 1203.1 1049.7 1157.7 972.5 907.3 954.6 903.4 1041.2 1143.7 1180.8 1073.2 1122.3 1041.9 1118.3 1221.5 1316.8 1277.5 1300.5 1352.8 -999.0 -999.0 -999.0 -999.0 -999.0 -999.0 -999.0 -999.0 -999.0 -999.0 -999.0 -999.0 -999.0 -999.0 -999.0
-999.0 -999.0 -999.0 -999.0 -999.0 -999.0 -999.0 -999.0 1351.8 1283.3 1037.9 1040.1 1060.8 1036.7 1187.5 1182.4 1306.7 937.4 1003.5 987.2 1099.5 1128.3 1293.3 1134.7 1101.9 1177.7 1213.8 1246.3 1412.5 1391.8 1279.2 1303.5 1302.4 1274.1 1252.2 1310.0 1321.5 1208.1 1219.3 1218.7 941.7 984.3 996.6 1006.3 946.1 1086.2 1142.1 1272.1 1184.3 1143.6 1186.5 1241.9 1328.9 1321.8 1312.9 1327.1 -999.0 -999.0 -999.0 -999.0 -999.0 -999.0 -999.0 -999.0 -999.0 -999.0 -999.0 -999.0 -999.0 -999.0 -999.0
-999.0 -999.0 -999.0 -999.0 -999.0 -999.0 -999.0 -999.0 1267.4 1231.7 1297.0 1075.6 1112.3 1043.7 1210.5 1301.4 1347.5 1296.9 1169.4 856.2 1066.3 1138.6 1299.5 1322.8 1261.0 1271.8 1291.1 1252.0 1367.1 1287.9 1385.6 1371.4 1373.5 1352.8 1372.9 1390.3 1420.9 1381.6 1262.7 1246.1 1253.2 1132.0 1081.0 1087.9 1113.0 1159.1 1377.5 1245.1 1037.2 1112.9 1245.5 1268.6 1319.4 1322.2 1378.9 1357.5 1397.5 -999.0 -999.0 -999.0 -999.0 -999.0 -999.0 -999.0 -999.0 -999.0 -999.0 -999.0 -999.0 -999.0 -999.0
-999.0 -999.0 -999.0 -999.0 -999.0 -999.0 -999.0 -999.0 1251.1 1215.7 1361.7 1145.8 1261.1 1184.7 1263.2 1330.5 1324.8 1384.9 1094.4 1085.0 1138.3 1023.8 1260.2 1318.4 1245.6 1310.5 1207.3 967.1 1279.1 -999.0 -999.0 -999.0 1400.5 1369.8 -999.0 1445.0 1461.2 1426.0 1392.6 1349.3 1205.7 1054.5 1141.3 1149.6 1098.4 1195.4 1119.8 1105.5 1228.0 1316.4 1364.9 1371.8 1319.1 1496.4 1485.7 1435.9 1398.8 -999.0 -999.0 -999.0 -999.0 -999.0 -999.0 -999.0 -999.0 -999.0 -999.0 -999.0 -999.0 -999.0 -999.0
1430.7 -999.0 -999.0 -999.0 -999.0 -999.0 -999.0 -999.0 1382.4 1123.7 1312.3 1342.5 1298.0 1247.1 1253.6 1285.8 1366.2 1388.3 1349.9 980.1 1143.7 1064.3 1252.4 1277.6 1122.7 1340.4 1297.2 1297.3 1336.9 -999.0 -999.0 -999.0 1406.3 1389.4 1377.4 1418.6 1471.0 1452.0 1435.5 1240.3 1005.9 910.6 1059.9 861.9 1088.0 1136.4 965.8 1153.6 1103.9 1118.4 1196.7 1399.6 1318.7 1220.2 1366.1 1381.5 1421.3 -999.0 -999.0 -999.0 -999.0 -999.0 -999.0 -999.0 -999.0 -999.0 -999.0 -999.0 -999.0 -999.0 -999.0
1276.8 1329.7 -999.0 -999.0 -999.0 -999.0 -999.0 -999.0 -999.0 1254.9 1210.0 1364.2 -999.0 1318.9 1271.2 1291.2 1307.2 1386.6 -999.0 1345.8 1392.5 1230.0 1304.4 1233.7 1219.3 1365.5 1371.1 -999.0 -999.0 -999.0 -999.0 1399.8 1393.9 1390.0 1403.7 1385.0 1386.7 1416.8 1355.5 1255.5 959.7 656.7 1057.4 746.2 991.9 896.7 847.8 1052.2 969.2 1104.7 1250.7 1170.4 1174.4 1265.5 1406.6 1344.2 1307.6 1458.1 -999.0 -999.0 -999.0 -999.0 -999.0 -999.0 -999.0 -999.0 -999.0 -999.0 -999.0 -999.0 -999.0
1183.2 -999.0 -999.0 -999.0 -999.0 -999.0 -999.0 -999.0 -999.0 -999.0 1300.5 -999.0 -999.0 -999.0 1406.2 1288.9 1285.8 1314.7 1372.2 -999.0 -999.0 1322.5 1390.5 1230.0 1179.5 -999.0 -999.0 -999.0 -999.0 -999.0 1439.2 1342.5 1360.5 1367.0 1380.7 1327.6 1368.8 1298.5 1220.5 1292.8 1102.8 830.9 655.0 815.0 716.2 704.4 721.1 916.9 905.7 901.3 1004.0 1180.5 1218.6 1214.5 1393.4 1336.5 1259.0 1316.2 -999.0 -999.0 -999.0 -999.0 -999.0 -999.0 -999.0 -999.0 -999.0 -999.0 -999.0 -999.0 -999.0
-999.0 -999.0 -999.0 -999.0 -999.0 -999.0 -999.0 -999.0 -999.0 -999.0 1377.8 1388.4 -999.0 -999.0 -999.0 1397.3 1232.3 1227.5 1295.2 -999.0 -999.0 -999.0 -999.0 1419.0 -999.0 -999.0 -999.0 -999.0 -999.0 -999.0 1460.3 1390.4 1375.5 1266.9 1175.9 1171.5 1261.0 1263.4 1306.9 1276.8 1190.0 906.7 692.5 868.4 572.6 661.2 643.2 862.5 867.1 778.7 971.9 1121.7 1215.2 1351.1 1404.1 1301.2 1228.2 1290.3 -999.0 -999.0 -999.0 -999.0 -999.0 -999.0 -999.0 -999.0 -999.0 -999.0 -999.0 -999.0 -999.0
1526.0 1547.5 1513.6 -999.0 -999.0 -999.0 -999.0 -999.0 -999.0 -999.0 -999.0 1287.3 -999.0 -999.0 -999.0 -999.0 1370.1 1254.3 1327.7 -999.0 -999.0 -999.0 -999.0 -999.0 -999.0 -999.0 -999.0 -999.0 -999.0 1484.6 1407.2 1272.6 1183.8 1147.5 1053.5 1074.2 1153.0 1183.9 1280.4 1224.5 1207.8 1026.7 547.8 494.9 542.7 630.8 879.7 996.9 969.0 1064.3 1210.9 1075.2 1100.2 1332.4 1337.7 1261.1 1219.2 1286.9 1415.0 -999.0 -999.0 -999.0 -999.0 -999.0 -999.0 -999.0 -999.0 -999.0 -999.0 -999.0 -999.0
1319.4 1331.3 1414.3 1467.5 -999.0 -999.0 -999.0 -999.0 -999.0 -999.0 -999.0 1230.8 -999.0 -999.0 -999.0 -999.0 -999.0 -999.0 -999.0 -999.0 -999.0 -999.0 -999.0 -999.0 -999.0 -999.0 -999.0 -999.0 -999.0 1406.9 1359.4 1332.2 1294.5 1345.8 858.2 1011.9 1102.0 1005.9 1254.3 1141.0 1348.0 1169.9 670.8 428.2 628.1 779.7 552.4 535.0 666.3 825.7 932.9 1259.1 1229.8 1262.4 1195.4 1248.7 1278.2 1284.9 1388.2 1499.8 -999.0 -999.0 -999.0 -999.0 -999.0 -999.0 -999.0 -999.0 -999.0 -999.0 -999.0
1385.4 1414.8 1392.4 1434.5 -999.0 -999.0 -999.0 -999.0 -999.0 -999.0 -999.0 -999.0 -999.0 -999.0 -999.0 -999.0 -999.0 -999.0 -999.0 -999.0 -999.0 -999.0 -999.0 -999.0 -999.0 -999.0 -999.0 -999.0 1514.5 1415.8 1298.7 1360.8 1073.9 1447.3 573.4 606.3 1149.5 1108.1 1211.4 1280.2 1216.1 1277.7 1059.7 497.0 573.9 715.3 795.5 888.9 777.7 831.1 925.8 1099.4 1227.0 1269.8 1298.1 1311.0 1271.8 1344.0 1485.9 1534.2 -999.0 -999.0 -999.0 -999.0 -999.0 -999.0 -999.0 -999.0 -999.0 -999.0 -999.0
1456.8 1480.3 1476.0 1427.1 -999.0 -999.0 -999.0 -999.0 -999.0 -999.0 -999.0 -999.0 -999.0 -999.0 -999.0 -999.0 -999.0 -999.0 -999.0 -999.0 -999.0 -999.0 -999.0 -999.0 -999.0 -999.0 -999.0 -999.0 1509.0 1274.6 1329.2 1159.2 670.8 1124.5 1343.2 943.5 879.1 1033.6 1076.3 1165.2 1202.8 1265.1 1223.2 1113.6 563.7 700.6 757.5 901.9 939.4 966.7 1118.8 1161.1 1208.2 1184.7 1322.3 1254.1 1314.0 1339.4 1462.6 1547.2 1546.1 1508.5 1485.3 -999.0 -999.0 -999.0 -999.0 -999.0 -999.0 -999.0 -999.0
1398.3 1515.4 -999.0 1430.3 1465.2 -999.0 -999.0 -999.0 -999.0 -999.0 -999.0 -999.0 -999.0 -999.0 -999.0 -999.0 -999.0 -999.0 -999.0 -999.0 -999.0 -999.0 -999.0 -999.0 -999.0 -999.0 -999.0 -999.0 1482.1 1289.2 1205.6 927.0 1222.3 1132.0 1025.8 800.1 1009.6 1090.2 802.4 1178.3 1023.7 1203.9 1283.3 1312.6 1037.7 821.1 823.8 893.1 950.4 1112.4 1121.1 1191.2 1279.4 1353.8 1347.3 1352.5 1323.3 1382.4 1445.6 1491.6 1257.7 1353.9 1275.2 1258.2 1339.3 -999.0 -999.0 -999.0 -999.0 -999.0 -999.0
1363.2 1435.3 1448.7 1409.3 -999.0 -999.0 -999.0 -999.0 -999.0 -999.0 -999.0 -999.0 -999.0 -999.0 -999.0 -999.0 -999.0 -999.0 -999.0 -999.0 -999.0 -999.0 -999.0 -999.0 -999.0 -999.0 -999.0 -999.0 1481.2 1279.0 1101.3 725.8 618.2 840.5 1110.4 1044.0 959.8 771.8 1078.6 799.1 945.5 1081.4 1158.6 1202.7 1267.4 1158.0 837.2 872.5 953.1 1030.1 1106.6 1185.7 1246.4 1325.2 1393.2 1377.0 1381.9 1431.3 1444.3 1428.5 1321.7 1070.3 1099.3 1114.9 1104.3 1192.5 1413.8 -999.0 -999.0 -999.0 -999.0
1425.2 1446.5 1414.7 1374.1 -999.0 -999.0 -999.0 -999.0 -999.0 -999.0 -999.0 -999.0 -999.0 -999.0 -999.0 -999.0 -999.0 -999.0 -999.0 -999.0 -999.0 -999.0 -999.0 -999.0 -999.0 -999.0 -999.0 -999.0 1502.7 1407.1 1097.8 908.4 1214.1 457.2 618.9 1104.3 945.0 1096.3 781.1 722.8 955.6 1096.9 1089.9 1062.9 1191.3 652.1 740.1 758.1 736.6 751.7 853.1 1148.5 1131.9 1312.6 1390.0 1401.7 1410.9 1437.7 1470.3 1473.5 1383.9 1149.6 1222.1 1248.2 1191.3 1146.5 1374.1 1239.9 -999.0 -999.0 -999.0
1459.0 1432.9 1341.4 1417.7 -999.0 -999.0 -999.0 -999.0 -999.0 -999.0 -999.0 -999.0 -999.0 -999.0 -999.0 -999.0 1540.5 1534.5 1565.0 -999.0 -999.0 -999.0 -999.0 -999.0 -999.0 -999.0 -999.0 -999.0 -999.0 1530.9 1416.0 1298.3 1121.4 1055.7 816.7 1273.2 1483.3 1030.2 1026.1 1037.2 1081.7 956.1 955.4 1043.0 993.0 798.4 796.4 589.4 680.5 856.0 958.6 982.4 1161.2 1320.3 1391.1 1425.6 1406.3 1447.2 1460.0 1089.2 1154.9 886.0 859.6 949.0 1024.4 1232.8 1056.2 1149.5 1372.3 -999.0 -999.0
1519.7 1408.3 1429.6 -999.0 -999.0 -999.0 -999.0 -999.0 -999.0 -999.0 -999.0 -999.0 -999.0 -999.0 -999.0 -999.0 1509.9 1511.0 -999.0 -999.0 -999.0 -999.0 -999.0 -999.0 -999.0 -999.0 -999.0 -999.0 -999.0 -999.0 1458.7 1470.5 1128.4 1165.2 618.9 1150.0 1134.2 1203.2 1324.7 1304.5 1228.1 1226.2 632.9 1032.2 945.1 625.3 810.5 1056.0 1142.8 841.4 1162.7 1017.7 1229.9 1377.3 1458.8 1460.7 1436.2 1370.9 1172.0 1077.5 1122.8 1124.9 1168.6 1086.7 1003.3 1046.8 1025.9 1150.9 1143.1 -999.0 -999.0
1419.7 1379.2 -999.0 -999.0 -999.0 -999.0 -999.0 -999.0 -999.0 -999.0 -999.0 -999.0 -999.0 -999.0 -999.0 1478.6 1176.5 1253.7 1497.1 -999.0 -999.0 -999.0 -999.0 -999.0 -999.0 -999.0 -999.0 -999.0 -999.0 -999.0 1465.0 1220.7 1118.4 1095.2 1225.4 1133.0 1293.2 1321.8 1343.9 1355.1 1181.8 1252.4 1283.6 653.5 921.0 963.7 750.6 947.4 781.4 1009.8 1005.8 1186.6 1299.6 1403.7 1451.4 1505.3 1466.6 1316.8 1204.7 1251.8 1176.0 1109.7 1141.3 1085.8 1099.4 1099.2 1088.4 1236.3 1144.6 1426.5 -999.0
-999.0 -999.0 -999.0 -999.0 -999.0 -999.0 -999.0 -999.0 -999.0 -999.0 -999.0 -999.0 -999.0 -999.0 1525.1 1112.4 991.6 860.4 1497.4 -999.0 -999.0 -999.0 -999.0 -999.0 -999.0 -999.0 -999.0 -999.0 -999.0 -999.0 1481.0 1049.0 1163.2 1477.0 1304.5 1371.2 1308.6 1442.9 1426.6 1306.4 1197.6 1374.4 826.9 986.4 757.9 949.1 660.0 1131.4 1035.7 1200.9 1067.5 1241.3 1284.5 1350.5 1498.9 1517.7 1476.5 1395.3 1163.1 1145.7 1194.3 1294.5 1257.2 1246.3 1222.9 1202.4 1095.2 1112.4 1246.3 1314.4 -999.0
-999.0 -999.0 -999.0 -999.0 -999.0 -999.0 -999.0 -999.0 -999.0 -999.0 -999.0 -999.0 -999.0 1503.3 1424.7 841.4 1139.0 1304.3 -999.0 -999.0 -999.0 -999.0 -999.0 -999.0 -999.0 -999.0 -999.0 -999.0 -999.0 -999.0 -999.0 1476.9 1513.5 1532.7 1307.4 1474.6 1304.5 1465.3 1444.5 1391.4 1281.4 1393.0 881.2 837.7 707.4 731.4 683.7 750.3 765.9 879.9 996.3 1047.2 1145.6 1377.8 1463.1 1466.5 1397.7 1372.6 1358.8 1083.1 1220.4 1431.2 1428.9 1364.4 1382.1 1370.1 1366.1 1358.2 1424.8 1434.6 1379.5
-999.0 -999.0 -999.0 -999.0 -999.0 -999.0 -999.0 -999.0 -999.0 -999.0 -999.0 -999.0 -999.0 1246.2 1035.6 1355.8 1447.3 1530.8 -999.0 -999.0 -999.0 -999.0 -999.0 -999.0 -999.0 -999.0 -999.0 -999.0 -999.0 -999.0 -999.0 -999.0 1587.8 1458.6 1489.5 1493.0 1382.3 1475.0 1478.0 1433.3 1282.1 1397.9 907.9 945.3 963.7 763.7 829.7 907.8 664.4 695.9 983.7 940.0 1102.0 1200.6 1400.5 1445.3 1405.6 1401.9 1420.5 1416.3 1437.8 1497.6 1450.0 1388.2 1354.2 1368.6 1396.3 1407.4 1414.3 1190.2 1194.3
-999.0 -999.0 -999.0 -999.0 -999.0 -999.0 -999.0 -999.0 -999.0 -999.0 -999.0 -999.0 -999.0 1223.9 1288.3 1299.6 1527.6 -999.0 -999.0 -999.0 -999.0 -999.0 -999.0 -999.0 -999.0 -999.0 -999.0 -999.0 -999.0 -999.0 -999.0 -999.0 1614.5 1472.9 1463.7 -999.0 1486.9 -999.0 1566.6 1517.4 1439.5 1448.7 1377.6 932.1 973.2 936.6 688.5 1141.8 1094.0 733.3 881.6 984.3 1081.1 1239.8 1380.6 1472.4 1538.0 1526.8 1480.2 1474.4 1433.1 1351.7 1412.8 1315.6 1345.7 1400.5 1353.4 1263.9 1301.8 1342.0 1333.2
-999.0 -999.0 -999.0 -999.0 -999.0 -999.0 -999.0 -999.0 -999.0 -999.0 -999.0 -999.0 1451.1 1457.8 1446.5 -999.0 -999.0 -999.0 -999.0 -999.0 -999.0 -999.0 -999.0 -999.0 -999.0 -999.0 -999.0 -999.0 -999.0 -999.0 -999.0 -999.0 1616.8 1576.2 1552.7 -999.0 -999.0 -999.0 1601.8 1388.2 1512.1 1393.2 1264.1 1312.6 1275.5 1150.3 850.7 837.5 1188.7 899.0 824.8 1051.3 1022.7 1171.1 1305.8 1508.4 1546.0 1546.3 1524.4 1503.0 1477.2 1443.7 1427.7 1362.0 1422.1 1369.6 1286.8 1236.4 1224.8 1239.2 1292.1
-999.0 -999.0 -999.0 -999.0 -999.0 -999.0 -999.0 -999.0 -999.0 -999.0 -999.0 -999.0 -999.0 -999.0 -999.0 -999.0 -999.0 -999.0 -999.0 -999.0 -999.0 -999.0 -999.0 -999.0 -999.0 -999.0 -999.0 -999.0 -999.0 -999.0 -999.0 -999.0 -999.0 -999.0 -999.0 -999.0 -999.0 1606.0 1582.2 1435.9 1211.0 1119.1 1100.5 1090.0 1182.6 1159.5 953.0 974.9 1095.0 1249.1 1046.6 978.5 1127.9 1225.1 1337.1 1434.4 1493.4 1489.6 1524.1 1529.8 1527.6 1520.4 1490.4 1481.0 1380.5 1160.6 1285.1 1248.7 1335.1 1333.6 1394.6
-999.0 -999.0 -999.0 -999.0 -999.0 -999.0 -999.0 -999.0 -999.0 -999.0 -999.0 -999.0 -999.0 -999.0 -999.0 -999.0 -999.0 -999.0 -999.0 -999.0 -999.0 -999.0 -999.0 -999.0 -999.0 -999.0 -999.0 -999.0 -999.0 -999.0 -999.0 -999.0 -999.0 -999.0 -999.0 -999.0 -999.0 1567.3 1495.9 1274.7 1021.7 846.6 975.3 1224.8 1134.0 1331.5 1248.3 1293.0 1162.4 1105.7 1078.0 1093.0 1148.1 1254.8 1329.5 1383.6 1476.7 1479.9 1528.8 1552.1 1577.8 1564.8 1523.0 1494.1 1427.7 1127.0 1198.9 1351.3 1403.7 1431.5 1435.2
-999.0 -999.0 -999.0 -999.0 -999.0 -999.0 -999.0 -999.0 -999.0 -999.0 -999.0 -999.0 -999.0 -999.0 -999.0 -999.0 -999.0 -999.0 -999.0 -999.0 -999.0 -999.0 -999.0 -999.0 -999.0 -999.0 -999.0 -999.0 -999.0 -999.0 -999.0 -999.0 -999.0 -999.0 -999.0 -999.0 -999.0 1546.3 1532.6 1419.3 1171.0 1071.5 1127.0 1230.4 1254.6 1298.9 1237.1 1316.6 1329.5 1286.7 1444.0 1137.1 1272.2 1199.4 1310.6 1352.4 1477.1 1504.6 1518.7 1553.3 1606.3 1555.6 1544.9 1497.4 1472.0 1314.4 1268.0 1354.9 1427.6 1452.3 1469.7
