GDD/GrowingDegreeDays_2002_Actual.txt
ncols         180
nrows         290
xllcorner     -200000
yllcorner     -200000
cellsize      5000
NODATA_value    -999
[rows 192 to 223 of 290, columns 71 to 141 of 180]
-999.0 -999.0 -999.0 -999.0 -999.0 -999.0 -999.0 -999.0 -999.0 -999.0 -999.0 -999.0 -999.0 -999.0 -999.0 -999.0 -999.0 -999.0 -999.0 -999.0 -999.0 1881.1 1472.4 1249.7 1119.0 910.5 1062.8 1384.4 1649.6 1823.4 1675.2 1453.2 1295.5 1203.4 1534.3 1768.8 1722.4 1590.5 1605.5 1792.8 1512.1 1639.4 1675.4 1847.8 1788.5 1930.4 2009.1 1977.9 1877.8 1942.4 2002.2 2012.1 2000.5 1987.8 1906.4 1967.1 2004.1 1969.6 1898.6 1865.2 1844.7 1798.8 1870.4 1909.8 1799.4 1825.0 1856.8 1915.2 1920.7 2027.5 2022.0
-999.0 -999.0 -999.0 -999.0 -999.0 -999.0 -999.0 -999.0 -999.0 -999.0 -999.0 -999.0 -999.0 -999.0 -999.0 -999.0 -999.0 -999.0 -999.0 -999.0 1980.8 1950.8 1563.9 1245.2 1163.2 1253.2 1299.2 1487.4 1375.4 960.2 1268.5 1292.3 1333.0 1600.8 1738.8 1662.9 1632.8 1774.2 1778.9 1704.4 1536.9 1580.9 1659.2 1850.4 1787.5 1986.9 2005.2 1890.6 2002.1 1859.4 1856.3 1945.4 1936.5 1977.5 1940.3 2037.2 2059.4 1979.2 1957.1 1960.1 1861.3 1883.9 1776.9 1853.1 1803.5 1903.7 1905.4 1924.6 2018.5 2052.8 1982.1
-999.0 -999.0 -999.0 -999.0 -999.0 -999.0 -999.0 -999.0 -999.0 -999.0 -999.0 -999.0 -999.0 -999.0 -999.0 -999.0 -999.0 -999.0 -999.0 -999.0 1678.8 1671.7 1631.8 1580.4 1407.9 1010.3 1067.8 1213.3 1367.3 1299.6 1186.9 1136.0 1165.7 1604.9 1463.7 1370.9 1789.0 1555.7 1903.4 1810.6 1584.2 1423.2 1786.8 1788.2 1973.3 2048.9 2014.6 1965.7 1697.7 1834.0 1830.9 1879.1 1905.3 1935.5 1937.4 2036.4 2031.6 2014.8 1997.9 2020.8 1984.4 1836.8 1779.8 1803.5 1770.3 1894.1 1982.6 2018.8 2073.8 2045.2 1991.5
-999.0 -999.0 -999.0 -999.0 -999.0 -999.0 -999.0 -999.0 -999.0 -999.0 -999.0 -999.0 -999.0 -999.0 -999.0 -999.0 -999.0 -999.0 -999.0 -999.0 1757.2 1697.1 1892.6 1685.3 1425.4 994.3 1180.9 1167.0 1430.8 1254.4 1313.0 1490.3 1433.3 1445.1 1534.6 1693.3 1843.5 1808.2 1530.0 1886.6 1827.5 1778.2 1813.5 1732.1 1929.3 2098.3 2053.3 1954.9 1912.0 1933.7 1843.2 1874.6 1904.2 1909.5 2004.7 2031.8 1959.5 1983.8 1957.1 2030.0 1943.6 1806.7 1787.8 1881.8 1895.6 1856.5 1990.5 1997.4 2125.2 2042.1 2025.6
-999.0 -999.0 -999.0 -999.0 -999.0 -999.0 -999.0 -999.0 -999.0 -999.0 -999.0 -999.0 -999.0 -999.0 -999.0 -999.0 -999.0 -999.0 -999.0 1863.3 1639.9 1337.3 1492.2 1627.2 1288.8 1198.7 1053.3 1071.9 1609.1 1576.7 1621.1 1483.8 1376.8 1627.9 1678.2 1507.4 1696.1 1806.4 1845.1 1934.0 1960.2 1918.8 1853.9 1927.6 2006.2 2066.6 2096.1 2076.3 1999.7 1958.2 2018.6 1955.8 1978.6 1926.5 2008.1 2002.2 1991.9 2034.2 2039.1 2014.7 1874.9 1877.2 1860.8 1936.0 1875.3 1907.6 1976.4 2093.9 2053.6 2059.3 2053.6
-999.0 -999.0 -999.0 -999.0 -999.0 -999.0 -999.0 -999.0 -999.0 -999.0 -999.0 -999.0 -999.0 -999.0 -999.0 -999.0 -999.0 -999.0 1727.0 1649.3 1505.0 1620.2 1698.1 1315.9 1034.6 1016.4 1260.8 1176.3 1563.6 1427.7 1571.1 1643.6 1086.6 1572.9 1555.2 1806.2 1786.3 1914.7 1920.2 1882.0 1762.4 1895.1 1737.2 1975.1 1986.8 2166.7 2174.4 2110.7 2073.8 2058.5 2070.8 2032.4 1996.1 1975.7 2098.5 2030.4 2011.4 1977.6 1966.2 1945.5 1871.1 1935.0 1861.4 1928.1 1915.8 2034.1 2073.0 1986.3 1978.3 2063.9 2061.8
-999.0 -999.0 -999.0 -999.0 -999.0 -999.0 -999.0 -999.0 -999.0 -999.0 -999.0 -999.0 -999.0 -999.0 -999.0 -999.0 1702.9 1740.1 1769.7 1895.8 1843.1 1697.3 1606.3 1222.6 1092.7 986.5 949.8 1187.8 1378.4 1710.0 1483.9 1591.3 1239.1 1572.0 1738.3 1792.8 1922.3 1915.4 1985.2 1875.0 1715.7 1814.9 1834.2 2112.1 2132.1 2177.3 2165.9 2061.9 2071.6 2054.4 2119.5 2086.5 2070.2 2088.6 2088.8 2071.1 1928.5 1923.5 1848.2 1795.2 1847.5 1897.4 1957.4 1998.0 1943.6 1931.4 1994.4 1978.3 2089.9 2066.4 2069.0
-999.0 -999.0 -999.0 -999.0 -999.0 -999.0 -999.0 -999.0 -999.0 -999.0 -999.0 -999.0 2002.5 2009.9 2010.9 1559.9 1478.5 1416.4 1407.0 1657.0 1664.4 1687.8 1190.4 1319.2 1133.0 1131.1 1193.5 1518.3 1634.7 1791.3 1627.2 1700.4 1138.5 1356.4 1613.7 1874.7 1854.6 1909.0 1712.6 1976.9 1788.8 1786.7 1898.2 2059.5 2192.8 2232.4 2089.5 2115.7 2125.5 2010.9 2116.9 2117.3 2157.9 2093.5 2025.0 1954.8 2000.4 1892.2 1920.6 1874.7 1789.5 1810.9 1847.1 1900.9 1895.0 1930.1 2001.1 2060.4 2010.6 2142.3 2149.1
-999.0 -999.0 -999.0 -999.0 -999.0 -999.0 -999.0 -999.0 -999.0 -999.0 -999.0 1772.7 1905.9 1749.7 1757.9 1758.4 1517.1 1591.2 1513.8 1702.1 1802.2 1412.9 1328.9 1268.0 1668.7 1084.9 1370.2 1618.3 1190.7 1510.4 1850.3 1226.9 1469.6 1600.2 2022.8 2029.9 1965.0 1644.1 1953.8 1989.6 1958.0 1945.8 1862.7 2021.6 2088.2 2248.8 2165.6 2170.4 2149.3 2058.6 2083.9 2110.4 2122.9 2100.5 1979.3 1964.1 1769.3 1934.3 1957.2 1908.3 1831.5 1898.9 1912.4 1975.0 2005.8 1971.6 2022.8 1992.4 2080.2 2144.6 2134.9
-999.0 -999.0 -999.0 -999.0 -999.0 -999.0 -999.0 -999.0 -999.0 -999.0 1722.7 1730.4 1954.1 1925.6 1879.1 1736.4 1773.7 1666.6 1718.0 1666.3 1211.5 1479.6 1651.9 1273.8 1854.8 1436.4 1374.0 1087.5 1235.2 1251.4 1527.6 1585.1 1710.6 2014.4 1567.4 1628.1 2000.1 1942.2 2018.9 2084.3 1989.7 2025.6 2062.9 2000.6 2015.9 2250.2 2219.2 2211.8 2147.4 2146.6 2147.7 2127.9 1952.5 2134.4 2047.5 1934.0 1826.3 1871.0 1931.1 1885.7 1835.2 1865.3 1844.3 1929.8 2038.9 2071.6 2097.0 2000.8 2037.4 2115.5 2040.1
-999.0 -999.0 -999.0 -999.0 -999.0 -999.0 1976.1 1680.6 1840.2 1633.0 1846.3 1835.2 1756.4 1832.7 1849.9 1602.1 1681.7 1632.3 1637.6 1385.1 1412.9 1604.2 1543.4 1552.4 1669.6 1589.8 1222.0 1191.9 1408.8 1502.2 1371.6 1630.0 1957.6 1487.4 1402.5 1703.5 1699.5 1969.6 1973.5 2101.1 2067.3 1811.6 2062.7 1902.2 2130.7 2223.9 2209.6 2177.2 1948.3 2114.6 2072.0 1724.5 2068.8 2093.6 2023.6 1888.4 1739.1 1849.2 1882.7 1891.5 1941.7 1914.7 1931.8 1997.5 2064.5 2045.6 2084.2 2029.0 1995.6 2014.3 2044.6
-999.0 -999.0 -999.0 -999.0 -999.0 1923.8 1760.8 1789.6 1755.7 1474.1 1167.7 1321.2 1395.2 1688.1 1553.7 1378.3 1490.0 1532.1 1322.2 1532.6 1612.5 1387.3 1679.9 1857.5 1699.7 1591.8 1272.8 1339.0 1429.8 1542.8 1594.6 1707.4 1604.3 864.4 1264.0 1663.1 1911.1 1861.3 1983.7 1840.1 2038.7 1971.0 2088.5 2120.6 2146.5 2151.0 2183.1 2190.4 2089.9 2050.9 1721.7 1718.9 1837.5 1976.3 1992.8 1675.0 1754.0 1807.5 1858.5 1958.3 1919.4 1953.9 1990.0 2070.5 1972.5 2001.8 2059.1 1896.4 1927.6 2050.8 2065.3
-999.0 -999.0 -999.0 1979.7 1849.4 1831.3 1728.0 1819.1 1733.0 1579.8 1553.4 1649.9 1780.5 1548.3 1674.3 1474.9 1790.2 1670.2 1409.1 1505.8 1696.3 1582.2 1888.7 1870.0 1468.5 1331.8 1414.8 1606.3 1442.0 1765.0 1867.8 1845.0 1395.2 1182.0 1200.5 1895.6 1816.8 1834.0 1839.5 1943.1 2108.0 1966.0 2043.8 2079.0 2149.0 2116.0 2184.9 2187.4 2051.9 2018.5 1727.6 1777.4 1858.8 1973.3 1884.5 1704.5 1742.9 1793.2 1897.1 1927.6 1974.9 2040.4 2093.6 2070.8 2004.1 1964.8 1992.1 1999.1 2002.7 2046.3 1966.8
-999.0 -999.0 -999.0 2001.4 -999.0 1995.4 1938.2 1775.4 1863.4 1760.2 1778.5 1710.4 1782.2 1749.5 1617.8 1790.2 1695.3 1880.2 1906.8 1875.2 1832.4 1830.1 1566.6 1662.0 1276.2 721.4 1417.3 1399.4 1424.6 1101.9 1174.2 1964.7 2005.5 1051.1 1496.6 1750.1 1704.6 1616.2 1879.3 2084.7 2157.4 1929.9 1920.2 2077.1 2158.0 2176.2 2105.5 2151.2 2030.5 1744.8 1689.7 1849.6 1924.2 1956.9 1968.9 1943.1 1834.9 1922.8 1977.4 2034.7 2089.3 2140.6 2173.3 2027.1 2020.9 2044.7 2013.3 2064.4 2043.1 1968.1 1996.9
-999.0 -999.0 -999.0 -999.0 -999.0 -999.0 1808.6 1926.9 1931.7 1826.6 1912.3 1854.7 1863.9 1817.2 1918.4 1939.5 1816.2 1883.6 1729.3 1850.2 1527.2 1799.5 1489.5 1289.3 1250.0 1072.4 975.2 1207.5 1056.9 960.8 1529.1 1406.8 1625.5 2147.1 1579.6 1633.5 2009.3 1963.7 2142.9 1906.4 1952.9 1691.0 1822.9 2102.8 2142.5 2185.0 2210.4 2030.7 1722.7 1853.6 1673.7 1856.8 1918.1 1864.3 1978.4 1837.2 1996.3 1999.4 2079.6 2124.5 2137.1 2122.4 2130.7 2106.2 2119.8 2115.0 2106.1 2042.0 1937.1 1879.2 1971.9
-999.0 -999.0 -999.0 -999.0 -999.0 1935.9 1915.2 1916.6 1947.6 1973.7 1790.7 1693.8 1592.0 1732.3 1854.6 1893.6 1936.3 1859.4 1566.0 1901.6 1714.1 2007.6 1809.7 1719.9 1737.3 1785.1 1436.9 1495.9 1237.8 1231.5 1098.1 1376.9 1396.5 1610.6 1214.4 1857.9 2008.5 2053.5 1906.6 1956.3 1726.7 1842.6 1843.5 2158.0 2156.5 2143.7 1767.4 1689.0 1721.1 1681.7 1883.4 1847.5 1852.7 1903.1 1984.9 1993.3 2011.3 2088.4 2157.4 2184.2 2170.0 2076.3 2061.0 2026.8 2081.8 2134.3 2106.7 1996.7 1811.4 2002.3 1975.9
-999.0 -999.0 -999.0 -999.0 2049.1 1940.4 1984.2 1974.6 2012.6 2025.3 2009.5 1898.0 1962.4 1919.4 1965.7 1964.5 1923.4 1919.8 1911.4 1637.2 1998.1 1561.0 1673.7 1645.2 1471.5 1577.9 1755.3 1719.0 1492.2 1592.2 1413.7 1503.0 1721.3 1341.2 1403.4 2035.5 1887.5 2129.5 2067.9 1878.2 1825.6 1972.8 2031.7 2144.8 2158.2 1904.4 1965.4 1769.9 1790.3 1866.0 1845.9 1894.6 1957.1 1963.3 2055.6 2092.9 2099.6 2150.5 2047.6 2229.6 2113.0 2137.5 2114.0 2121.2 2115.2 2104.1 2006.9 1861.1 1904.9 1955.6 1986.8
-999.0 -999.0 -999.0 -999.0 -999.0 -999.0 2104.2 2089.8 2095.0 2027.2 1983.3 1926.9 -999.0 -999.0 -999.0 -999.0 1993.9 1958.5 1828.2 2071.5 2174.7 1996.6 1943.6 1902.7 1846.0 2123.6 1155.7 1121.6 1621.0 1752.2 1747.2 1574.9 1526.9 1438.3 1818.7 2002.7 2061.9 2164.6 1751.3 1967.5 1853.3 2159.1 2141.3 2143.7 2146.5 1814.8 2000.8 1831.1 1841.0 1936.2 1946.8 1982.2 2016.6 2068.3 2104.9 2119.8 2109.0 2142.5 2064.6 2193.2 2123.9 2075.1 2103.3 2078.4 2065.6 1942.3 1967.2 1927.8 1917.3 1953.7 2112.6
-999.0 -999.0 -999.0 -999.0 -999.0 -999.0 2108.0 2036.3 1956.7 2120.3 1936.7 2059.3 -999.0 -999.0 -999.0 -999.0 -999.0 -999.0 -999.0 2226.9 2228.3 2145.6 2256.2 2108.6 1869.6 1506.5 1298.6 1104.0 1214.0 1438.5 1625.8 1627.3 1831.2 1639.5 1673.1 2079.1 2182.0 1782.8 1824.2 1829.5 2197.5 2215.3 2145.2 2158.1 1973.8 1872.1 1902.1 1892.7 1944.6 1983.6 2018.9 2046.0 2056.0 2060.0 2080.7 2013.1 2085.8 2127.3 2168.5 2182.5 2113.3 2079.3 2058.2 1922.0 1937.9 2072.9 1927.2 1943.5 2011.5 2063.9 2143.6
-999.0 -999.0 -999.0 -999.0 -999.0 -999.0 -999.0 -999.0 2114.4 -999.0 -999.0 -999.0 -999.0 -999.0 -999.0 -999.0 -999.0 2014.4 2047.4 2076.1 2018.1 2166.7 2261.6 2256.1 2065.4 1797.7 1448.8 1328.8 1419.8 1853.4 1872.1 1475.9 1717.7 1832.5 2065.3 2194.4 2250.1 1968.8 2046.6 2086.8 2223.7 2212.1 2117.8 2157.0 1813.8 1781.8 1922.9 1928.1 1999.0 2014.3 2029.7 2066.5 2009.2 2048.9 2020.7 2093.8 2115.3 2143.1 2152.6 2146.9 2040.6 2007.3 1927.4 1811.3 1972.0 1950.0 2152.5 2035.2 2088.0 2167.9 2146.3
-999.0 -999.0 -999.0 -999.0 -999.0 -999.0 -999.0 -999.0 -999.0 -999.0 -999.0 -999.0 -999.0 -999.0 -999.0 -999.0 -999.0 2010.3 2006.4 2201.2 2131.7 2156.7 -999.0 -999.0 2342.3 1775.5 2020.7 1810.2 1868.2 1860.6 1788.7 1679.5 2067.9 2146.1 2131.8 2208.0 2208.7 2190.6 2213.8 2228.1 2220.4 2080.9 2111.9 2043.2 1807.2 1931.7 1985.2 2018.2 2019.3 1968.2 1996.3 2051.6 2034.5 2063.4 2024.8 1964.0 1957.7 2035.2 1995.7 2108.3 2100.9 2010.6 1771.6 1986.5 2004.4 2089.1 2253.8 2105.8 2157.5 2235.4 2303.7
-999.0 -999.0 -999.0 -999.0 -999.0 -999.0 -999.0 -999.0 -999.0 -999.0 -999.0 -999.0 -999.0 -999.0 -999.0 -999.0 -999.0 -999.0 -999.0 -999.0 -999.0 -999.0 -999.0 -999.0 2311.6 2201.3 1948.8 1950.7 2104.4 2123.4 2106.4 2055.2 2167.7 2231.0 2202.4 2187.6 2199.1 2213.6 -999.0 2275.6 2251.7 2158.0 2139.5 2036.0 1841.2 1942.8 1955.2 2019.0 2103.5 2089.2 1984.6 2057.5 2024.7 1873.7 1809.6 1813.8 1770.7 1756.9 1916.4 1967.9 1994.7 2007.7 1915.4 2055.1 2074.4 2098.4 2188.0 2221.1 2257.7 2251.3 2295.2
-999.0 -999.0 -999.0 -999.0 -999.0 -999.0 -999.0 -999.0 -999.0 -999.0 -999.0 -999.0 -999.0 -999.0 -999.0 -999.0 -999.0 -999.0 -999.0 -999.0 -999.0 -999.0 -999.0 -999.0 -999.0 2222.7 2151.3 2100.6 2042.4 2018.4 2183.9 2234.0 2255.3 2283.4 -999.0 -999.0 -999.0 -999.0 2232.3 2284.1 2200.3 2185.6 2151.6 2043.6 1846.6 1942.5 1908.8 1975.5 2122.6 2003.4 1996.0 1854.4 1916.7 1707.1 1814.9 1788.4 1845.4 1843.0 1884.0 1986.0 1932.1 2159.4 2123.8 2080.7 2211.5 2190.8 2248.4 2279.2 2296.3 2375.2 2458.0
-999.0 -999.0 -999.0 -999.0 -999.0 -999.0 -999.0 -999.0 -999.0 -999.0 -999.0 -999.0 -999.0 -999.0 -999.0 -999.0 -999.0 -999.0 -999.0 -999.0 -999.0 -999.0 -999.0 -999.0 -999.0 -999.0 2212.9 1976.1 2011.9 2093.6 2063.2 2166.8 2242.8 -999.0 -999.0 -999.0 -999.0 2136.8 2040.1 1970.0 2234.5 2233.0 2200.3 1937.1 1843.7 1876.2 1894.6 1974.1 2000.5 2030.3 1857.8 1702.6 1793.9 1784.2 1866.1 1853.3 1886.4 2009.6 1979.0 2007.5 2082.9 2124.5 2156.1 2224.0 2186.2 2190.4 2212.0 2182.4 2177.5 2349.3 2401.9
-999.0 -999.0 -999.0 -999.0 -999.0 -999.0 -999.0 -999.0 -999.0 -999.0 -999.0 -999.0 -999.0 -999.0 -999.0 -999.0 -999.0 -999.0 -999.0 -999.0 -999.0 -999.0 -999.0 -999.0 -999.0 -999.0 -999.0 2169.4 2080.0 2142.2 2075.0 2204.5 2175.0 -999.0 -999.0 -999.0 2233.8 2238.6 2164.3 1964.0 2025.5 2096.7 2222.6 2053.9 2133.4 1926.6 1916.2 2026.2 1895.8 1808.1 1818.0 1854.5 1765.1 1855.6 1917.3 1956.8 2030.6 2051.4 2063.5 2056.2 2033.7 2106.5 2184.1 2172.9 2108.4 2117.7 2172.6 2180.4 2190.4 2261.8 2331.1
-999.0 -999.0 -999.0 -999.0 -999.0 -999.0 -999.0 -999.0 -999.0 -999.0 -999.0 -999.0 -999.0 -999.0 -999.0 -999.0 -999.0 -999.0 -999.0 -999.0 -999.0 -999.0 -999.0 -999.0 -999.0 -999.0 -999.0 -999.0 -999.0 -999.0 -999.0 -999.0 -999.0 -999.0 -999.0 2138.5 2256.4 2278.5 2223.9 1975.9 2154.0 2093.2 2015.1 2041.5 2066.7 2021.3 2126.7 2093.1 2038.0 1925.0 1936.8 1911.5 1891.2 1855.6 1884.8 1922.5 1796.4 1968.3 1951.7 2022.1 1999.1 2037.0 2132.1 2114.6 2104.2 2098.8 2076.5 2175.4 2230.9 2271.4 2299.4
-999.0 -999.0 -999.0 -999.0 -999.0 -999.0 -999.0 -999.0 -999.0 -999.0 -999.0 -999.0 -999.0 -999.0 -999.0 -999.0 -999.0 -999.0 -999.0 -999.0 -999.0 -999.0 -999.0 -999.0 -999.0 -999.0 -999.0 -999.0 -999.0 -999.0 -999.0 -999.0 -999.0 -999.0 -999.0 2299.6 2131.5 2162.7 1618.7 1772.0 2120.2 2053.5 2000.0 1991.3 1967.5 2112.3 2142.1 2107.6 2077.5 1945.9 1976.7 2020.8 1841.5 1819.2 1705.6 1863.6 1848.2 1728.4 1896.5 1967.0 2018.5 2094.9 2118.6 2131.6 2136.8 2139.9 2182.0 2130.4 2169.4 2283.9 2311.0
-999.0 -999.0 -999.0 -999.0 -999.0 -999.0 -999.0 -999.0 -999.0 -999.0 -999.0 -999.0 -999.0 -999.0 -999.0 -999.0 -999.0 -999.0 -999.0 -999.0 -999.0 -999.0 -999.0 -999.0 -999.0 -999.0 -999.0 -999.0 -999.0 -999.0 -999.0 -999.0 -999.0 -999.0 -999.0 2273.0 2277.5 2255.9 2004.4 1640.8 1767.8 1875.5 1995.8 1887.4 2048.3 2059.1 2110.3 1902.8 1852.4 1787.7 1856.4 1951.9 1921.5 1924.5 1902.4 1866.5 1862.3 1944.5 1950.9 1968.0 1998.2 2068.1 2111.6 2125.6 2133.3 2115.7 2163.5 2120.3 2145.3 2200.4 2141.8
-999.0 -999.0 -999.0 -999.0 -999.0 -999.0 -999.0 -999.0 -999.0 -999.0 -999.0 -999.0 -999.0 -999.0 -999.0 -999.0 -999.0 -999.0 2308.3 2160.0 2252.3 1475.0 1441.9 1457.8 1508.6 1386.6 2319.5 1784.7 2320.0 -999.0 -999.0 -999.0 -999.0 -999.0 -999.0 2261.0 2254.4 2196.4 2245.0 2074.2 1853.3 1743.8 1838.2 1954.9 2012.8 2003.2 1926.0 1793.3 1863.4 1943.7 1955.3 1986.0 1934.3 1955.6 2018.2 2063.4 2075.1 2008.6 2044.9 1962.4 1921.2 1854.9 1991.7 2063.1 2027.8 2028.2 2110.3 2027.9 2098.0 2161.7 2060.6
-999.0 -999.0 -999.0 -999.0 -999.0 -999.0 -999.0 -999.0 -999.0 -999.0 -999.0 -999.0 -999.0 -999.0 -999.0 -999.0 -999.0 -999.0 1936.1 1842.8 1651.7 1604.0 1287.6 1143.9 1260.3 1318.1 1432.2 1869.6 2093.8 2246.8 2143.0 1880.7 2096.6 2184.8 2260.4 2266.2 2266.0 2252.7 2239.3 2217.1 2142.9 1888.0 1881.2 1958.9 2043.4 1743.1 1894.7 1987.2 1935.6 1902.8 2007.0 2028.5 2042.9 2027.3 2019.0 2053.6 2050.4 2143.8 2090.1 1994.5 1964.3 1974.0 1914.2 1903.3 2043.5 2065.6 2141.0 2175.6 2071.1 2160.7 1765.3
-999.0 -999.0 -999.0 -999.0 -999.0 -999.0 -999.0 -999.0 -999.0 -999.0 -999.0 -999.0 -999.0 -999.0 -999.0 -999.0 -999.0 2345.6 2238.7 2033.3 1946.3 1794.3 1421.7 1186.4 1246.3 1397.5 1446.4 1554.8 1808.1 1945.8 2032.5 1953.1 1832.1 2136.7 2199.1 2268.0 2233.8 2098.9 2222.6 2198.2 2026.7 2001.5 2012.4 1975.2 1726.0 1924.4 1780.9 1836.2 1924.2 2051.1 2032.4 2097.5 2041.0 1957.5 2053.3 2005.9 2116.7 2075.6 2082.6 2035.6 2011.0 1880.2 1821.1 2039.9 2101.3 2105.7 1905.4 2082.3 2141.8 2116.0 2104.4
-999.0 -999.0 -999.0 -999.0 -999.0 -999.0 -999.0 -999.0 -999.0 -999.0 -999.0 -999.0 -999.0 -999.0 -999.0 -999.0 -999.0 -999.0 2249.9 2226.9 2179.8 1796.9 1694.4 1576.1 1284.0 1451.6 1587.4 1854.8 1734.8 1515.1 1738.6 1994.6 2015.1 1852.1 2089.2 2266.5 2245.5 2229.1 2126.6 2088.3 2166.8 2175.3 2107.0 2018.3 1866.6 1989.3 1820.6 1919.6 1934.0 1987.8 1994.5 2070.7 1982.9 1952.6 1986.7 2136.9 2149.1 2075.0 2195.0 2153.3 2131.1 2002.0 1893.8 1926.9 2118.4 2135.9 2048.3 2046.9 2110.6 2188.0 2188.1
