GDD/GrowingDegreeDays_2008_Actual.txt
ncols         180
nrows         290
xllcorner     -200000
yllcorner     -200000
cellsize      5000
NODATA_value    -999
[rows 96 to 127 of 290, columns 71 to 141 of 180]
1316.6 1364.6 1529.9 1622.7 1227.7 1528.1 858.1 885.9 1170.4 1430.9 931.2 525.3 514.4 454.9 751.7 876.2 943.0 668.4 751.6 621.8 581.1 875.7 866.6 877.1 1114.9 993.5 1156.4 902.4 717.9 794.2 719.9 825.4 869.5 781.2 730.0 844.7 916.3 793.2 794.4 1147.9 1280.0 1401.8 1426.6 1211.7 1304.4 -999.0 -999.0 -999.0 -999.0 -999.0 -999.0 -999.0 -999.0 -999.0 -999.0 -999.0 -999.0 -999.0 -999.0 -999.0 -999.0 -999.0 -999.0 -999.0 -999.0 -999.0 -999.0 -999.0 -999.0 -999.0 -999.0
1278.4 1127.8 1555.4 1613.4 1212.0 1419.3 1028.8 1190.6 1436.9 1471.0 1040.3 649.2 1363.1 675.4 887.7 742.4 955.9 728.6 1005.0 842.0 954.5 956.4 517.3 935.9 903.6 1001.7 1030.1 1058.0 743.5 922.8 1030.7 945.3 726.8 910.5 821.5 992.6 946.3 1002.8 1117.0 1305.5 1305.1 1290.8 1341.0 1474.6 -999.0 -999.0 -999.0 -999.0 -999.0 -999.0 -999.0 -999.0 -999.0 -999.0 -999.0 -999.0 -999.0 -999.0 -999.0 -999.0 -999.0 -999.0 -999.0 -999.0 -999.0 -999.0 -999.0 -999.0 -999.0 -999.0 -999.0
1333.9 1546.1 1001.6 1188.8 1125.4 829.4 611.4 1485.3 1592.3 703.0 1205.7 1286.9 662.5 839.0 636.2 857.8 668.8 1074.4 1179.3 1266.7 1271.2 1264.6 1170.6 888.4 1138.3 947.0 859.4 1115.4 984.8 875.2 1075.8 1071.5 943.8 956.8 1070.1 980.0 1077.3 1272.7 1356.5 1403.7 1298.4 1387.8 1463.5 1465.1 -999.0 -999.0 -999.0 -999.0 -999.0 -999.0 -999.0 -999.0 -999.0 -999.0 -999.0 -999.0 -999.0 -999.0 -999.0 -999.0 -999.0 -999.0 -999.0 -999.0 -999.0 -999.0 -999.0 -999.0 -999.0 -999.0 -999.0
1292.0 964.2 1315.7 1123.3 1074.8 1531.8 1555.4 -999.0 1306.2 687.4 881.2 581.8 1021.8 1180.2 930.8 1027.9 1060.0 1046.0 990.3 932.0 875.3 761.8 471.9 673.4 922.0 912.5 1183.1 1291.4 1413.0 980.5 907.6 1104.5 1109.7 1077.9 1243.8 1200.8 1255.8 1347.7 1353.8 1340.9 1329.8 1266.7 1288.3 -999.0 -999.0 -999.0 -999.0 -999.0 -999.0 -999.0 -999.0 -999.0 -999.0 -999.0 -999.0 -999.0 -999.0 -999.0 -999.0 -999.0 -999.0 -999.0 -999.0 -999.0 -999.0 -999.0 -999.0 -999.0 -999.0 -999.0 -999.0
1594.2 1334.8 1215.6 1339.4 1009.2 1436.4 -999.0 1599.4 1357.3 1584.2 1117.9 1286.0 902.6 475.5 940.7 847.8 998.1 732.4 563.4 679.4 898.9 1253.9 1155.1 1272.6 1011.4 1105.3 1086.0 952.2 1030.2 1073.7 1022.2 1164.3 1305.2 1290.1 1387.9 1382.8 1298.5 1263.1 1302.4 1314.0 1315.6 1427.8 1415.6 -999.0 -999.0 -999.0 -999.0 -999.0 -999.0 -999.0 -999.0 -999.0 -999.0 -999.0 -999.0 -999.0 -999.0 -999.0 -999.0 -999.0 -999.0 -999.0 -999.0 -999.0 -999.0 -999.0 -999.0 -999.0 -999.0 -999.0 -999.0
1547.1 1395.5 1616.7 1190.3 1505.9 -999.0 1642.5 1619.0 1454.5 523.7 934.4 359.4 851.8 1083.2 1201.6 861.2 796.3 914.3 734.2 975.6 773.6 663.1 818.0 1298.7 992.7 811.0 756.4 983.7 982.9 1441.5 1221.0 1396.1 1455.5 1469.6 1436.2 1156.3 1160.5 1162.8 1215.2 1219.1 1311.7 1427.1 1528.7 -999.0 -999.0 -999.0 -999.0 -999.0 -999.0 -999.0 -999.0 -999.0 -999.0 -999.0 -999.0 -999.0 -999.0 -999.0 -999.0 -999.0 -999.0 -999.0 -999.0 -999.0 -999.0 -999.0 -999.0 -999.0 -999.0 -999.0 -999.0
1576.4 1511.0 854.0 1624.6 -999.0 1670.4 -999.0 1223.4 1070.8 872.5 1572.6 633.7 924.6 869.5 1047.6 434.8 924.0 421.3 900.7 962.5 530.1 1090.1 1513.9 929.8 597.4 555.1 1061.2 1066.4 1040.1 1149.0 1330.7 1413.5 1424.5 1410.9 1075.8 1236.9 1268.5 1342.0 1319.3 1335.3 1455.1 1533.0 -999.0 -999.0 -999.0 -999.0 -999.0 -999.0 -999.0 -999.0 -999.0 -999.0 -999.0 -999.0 -999.0 -999.0 -999.0 -999.0 -999.0 -999.0 -999.0 -999.0 -999.0 -999.0 -999.0 -999.0 -999.0 -999.0 -999.0 -999.0 -999.0
663.5 804.2 1150.6 1622.5 -999.0 -999.0 1549.7 1520.2 1566.6 1503.3 1097.9 567.3 1341.3 1086.9 493.9 830.7 832.1 564.5 520.0 704.7 1273.2 761.6 789.7 596.5 750.4 957.0 704.5 697.9 1035.7 1257.0 1432.1 1424.0 1300.5 1030.2 1288.5 1423.7 1395.3 1544.5 1530.5 1509.2 -999.0 -999.0 -999.0 -999.0 -999.0 -999.0 -999.0 -999.0 -999.0 -999.0 -999.0 -999.0 -999.0 -999.0 -999.0 -999.0 -999.0 -999.0 -999.0 -999.0 -999.0 -999.0 -999.0 -999.0 -999.0 -999.0 -999.0 -999.0 -999.0 -999.0 -999.0
937.4 1268.1 1483.7 1620.4 -999.0 1661.4 1498.5 1330.8 1138.8 1378.5 1114.6 1471.7 1473.0 1177.5 884.8 999.8 1185.1 1200.1 1049.1 827.7 572.2 1014.7 834.4 924.2 773.5 698.6 929.5 996.8 1199.7 1355.5 1422.0 1428.8 1228.3 1323.8 1525.6 1558.6 1595.0 1543.9 1562.5 -999.0 -999.0 -999.0 -999.0 -999.0 -999.0 -999.0 -999.0 -999.0 -999.0 -999.0 -999.0 -999.0 -999.0 -999.0 -999.0 -999.0 -999.0 -999.0 -999.0 -999.0 -999.0 -999.0 -999.0 -999.0 -999.0 -999.0 -999.0 -999.0 -999.0 -999.0 -999.0
1443.2 1149.3 1434.9 -999.0 -999.0 1637.3 1138.8 1287.1 1087.5 1371.9 1543.0 1259.8 846.5 836.7 947.5 1067.4 966.7 692.5 1049.6 827.7 1169.8 1043.8 817.2 1158.0 1425.6 1453.8 1323.4 1406.3 1462.3 1402.7 1378.6 1538.6 1427.5 1508.8 1573.6 1405.7 1496.7 1412.4 1473.9 -999.0 -999.0 -999.0 -999.0 -999.0 -999.0 -999.0 -999.0 -999.0 -999.0 -999.0 -999.0 -999.0 -999.0 -999.0 -999.0 -999.0 -999.0 -999.0 -999.0 -999.0 -999.0 -999.0 -999.0 -999.0 -999.0 -999.0 -999.0 -999.0 -999.0 -999.0 -999.0
-999.0 -999.0 -999.0 -999.0 1655.1 1250.6 1236.9 1148.7 1273.0 1170.5 870.4 909.2 694.8 1167.0 846.4 1413.7 753.1 1309.4 609.3 1117.3 869.8 535.0 1009.7 1237.8 1093.8 1229.5 1462.2 1437.6 1524.3 1564.9 1442.8 1547.0 1574.7 1460.7 1473.7 1493.7 1446.7 1496.7 1457.9 1571.9 -999.0 -999.0 -999.0 -999.0 -999.0 -999.0 -999.0 -999.0 -999.0 -999.0 -999.0 -999.0 -999.0 -999.0 -999.0 -999.0 -999.0 -999.0 -999.0 -999.0 -999.0 -999.0 -999.0 -999.0 -999.0 -999.0 -999.0 -999.0 -999.0 -999.0 -999.0
-999.0 -999.0 -999.0 -999.0 1604.8 1606.4 1217.2 1111.7 1538.2 1030.5 1280.5 1492.6 1052.1 824.7 904.2 1584.1 817.2 919.2 857.8 1117.0 768.3 956.1 890.3 729.4 1033.5 1144.3 1214.1 1290.2 1337.0 1274.7 1226.6 1133.8 1206.4 1388.3 1511.6 1506.3 1305.5 1433.0 1299.3 1392.5 1456.6 -999.0 -999.0 -999.0 -999.0 -999.0 -999.0 -999.0 -999.0 -999.0 -999.0 -999.0 -999.0 -999.0 -999.0 -999.0 -999.0 -999.0 -999.0 -999.0 -999.0 -999.0 -999.0 -999.0 -999.0 -999.0 -999.0 -999.0 -999.0 -999.0 -999.0
-999.0 -999.0 -999.0 1652.0 1605.2 1522.3 1160.2 1373.5 1146.4 1143.3 1298.4 1515.8 981.8 927.9 688.6 1475.3 929.5 1089.4 1043.5 1131.4 994.7 1444.0 1271.2 1197.8 1235.8 1406.8 1211.1 1022.2 837.1 946.6 1029.6 1181.8 1302.4 1206.1 1506.4 1369.3 1310.3 1303.9 1316.9 1362.4 1430.6 1538.7 -999.0 -999.0 -999.0 -999.0 -999.0 -999.0 -999.0 -999.0 -999.0 -999.0 -999.0 -999.0 -999.0 -999.0 -999.0 -999.0 -999.0 -999.0 -999.0 -999.0 -999.0 -999.0 -999.0 -999.0 -999.0 -999.0 -999.0 -999.0 -999.0
-999.0 -999.0 1638.6 -999.0 1551.9 1374.8 1498.5 1120.3 969.2 1496.1 1587.6 1177.6 772.2 1083.2 1645.1 1381.8 500.7 1331.6 1334.1 1233.9 1188.2 1371.5 1429.8 1532.6 1468.9 1162.3 796.3 842.8 1005.2 1097.6 1284.0 1331.4 1352.4 1263.8 1377.4 1390.3 1513.2 1615.2 1611.6 1607.0 1611.0 -999.0 -999.0 -999.0 -999.0 -999.0 -999.0 -999.0 -999.0 -999.0 -999.0 -999.0 -999.0 -999.0 -999.0 -999.0 -999.0 -999.0 -999.0 -999.0 -999.0 -999.0 -999.0 -999.0 -999.0 -999.0 -999.0 -999.0 -999.0 -999.0 -999.0
-999.0 1639.8 1231.4 -999.0 1620.2 1580.2 1434.1 1391.8 1423.9 1399.6 891.0 1442.0 936.7 911.4 937.5 1268.5 1507.5 780.7 1299.9 1501.0 1591.2 1599.2 1626.0 1660.2 1675.6 1283.6 1505.9 1546.8 1543.6 1371.8 1232.9 1342.1 1347.6 1425.9 1489.5 1490.1 1630.8 -999.0 -999.0 -999.0 -999.0 -999.0 -999.0 -999.0 -999.0 -999.0 -999.0 -999.0 -999.0 -999.0 -999.0 -999.0 -999.0 -999.0 -999.0 -999.0 -999.0 -999.0 -999.0 -999.0 -999.0 -999.0 -999.0 -999.0 -999.0 -999.0 -999.0 -999.0 -999.0 -999.0 -999.0
1603.8 1369.6 1496.2 -999.0 1245.9 1609.6 1343.1 1467.7 1688.7 1045.3 1024.0 875.3 839.5 1591.8 1010.4 1025.3 1604.5 1265.7 1200.4 1427.2 1402.6 1332.5 1275.0 1208.4 1610.4 1682.5 1687.6 1617.3 1515.7 1402.0 1273.5 1349.6 1371.2 1376.3 1512.6 -999.0 -999.0 -999.0 -999.0 -999.0 -999.0 -999.0 -999.0 -999.0 -999.0 -999.0 -999.0 -999.0 -999.0 -999.0 -999.0 -999.0 -999.0 -999.0 -999.0 -999.0 -999.0 -999.0 -999.0 -999.0 -999.0 -999.0 -999.0 -999.0 -999.0 -999.0 -999.0 -999.0 -999.0 -999.0 -999.0
912.3 1383.9 -999.0 1584.7 1573.3 1192.0 1485.6 1656.2 1062.2 1345.9 976.5 900.5 1190.7 1393.3 1037.6 1046.6 1675.4 1662.2 1629.7 1547.1 1426.0 1346.7 1114.3 1045.2 1364.0 1556.6 1702.3 1755.0 1610.2 1585.3 1506.5 1486.2 1315.9 1341.5 1609.6 -999.0 -999.0 -999.0 -999.0 -999.0 -999.0 -999.0 -999.0 -999.0 -999.0 -999.0 -999.0 -999.0 -999.0 -999.0 -999.0 -999.0 -999.0 -999.0 -999.0 -999.0 -999.0 -999.0 -999.0 -999.0 -999.0 -999.0 -999.0 -999.0 -999.0 -999.0 -999.0 -999.0 -999.0 -999.0 -999.0
1638.7 1651.8 -999.0 1644.7 994.7 1364.8 -999.0 1529.6 1117.9 1315.8 1063.1 1184.3 1125.6 1647.8 1649.8 1433.8 1547.4 1545.3 1415.0 1597.1 869.3 884.0 1016.9 1041.7 1335.2 1627.4 1671.5 1802.2 1825.9 1737.4 1694.9 1612.6 1667.8 -999.0 -999.0 -999.0 -999.0 -999.0 1575.2 1580.2 1565.6 1657.7 -999.0 -999.0 -999.0 -999.0 -999.0 -999.0 -999.0 -999.0 -999.0 -999.0 -999.0 -999.0 -999.0 -999.0 -999.0 -999.0 -999.0 -999.0 -999.0 -999.0 -999.0 -999.0 -999.0 -999.0 -999.0 -999.0 -999.0 -999.0 -999.0
1378.2 -999.0 -999.0 1227.0 1609.8 1079.3 -999.0 1543.6 1015.4 1375.4 1631.0 901.9 1658.8 1773.9 1756.8 1696.4 1503.3 1334.7 1107.0 1414.2 1384.5 1480.5 1457.4 1491.6 1419.4 1441.9 1461.5 1567.8 1683.5 1594.9 1528.0 1569.3 1676.4 1702.9 1725.5 -999.0 -999.0 1688.3 1596.7 1495.3 1591.4 1596.6 1604.3 1661.3 -999.0 -999.0 -999.0 -999.0 -999.0 -999.0 -999.0 -999.0 -999.0 -999.0 -999.0 -999.0 -999.0 -999.0 -999.0 -999.0 -999.0 -999.0 -999.0 -999.0 -999.0 -999.0 -999.0 -999.0 -999.0 -999.0 -999.0
1702.7 -999.0 -999.0 1654.9 1338.5 1149.4 1643.5 1353.0 1550.3 1386.1 1297.4 1220.7 1705.3 1578.6 1330.1 1344.5 1368.5 1583.5 1571.2 1534.0 1598.8 1539.4 1529.6 1509.1 1429.7 1340.8 1359.5 1457.3 1337.1 1305.1 1503.9 1581.0 1604.1 1615.9 1596.5 1686.3 1639.8 1527.5 1498.3 1552.5 1479.1 1286.7 1317.2 1236.2 1618.7 -999.0 -999.0 -999.0 -999.0 -999.0 -999.0 -999.0 -999.0 -999.0 -999.0 -999.0 -999.0 -999.0 -999.0 -999.0 -999.0 -999.0 -999.0 -999.0 -999.0 -999.0 -999.0 -999.0 -999.0 -999.0 -999.0
-999.0 -999.0 -999.0 1413.4 1034.8 1395.2 1287.1 1653.9 1361.7 1449.9 1654.2 1690.7 -999.0 1330.3 1037.1 1353.1 1475.4 1597.0 1533.7 1628.8 1697.0 1528.2 1544.3 1498.0 1308.9 1262.6 1244.4 1330.1 1395.1 1411.1 1464.2 1447.4 1434.7 1346.4 1499.5 1608.8 1422.9 1464.8 1415.2 1441.6 1303.5 1142.9 1122.3 1082.4 1277.1 1240.6 1216.7 1600.2 -999.0 -999.0 -999.0 -999.0 -999.0 -999.0 -999.0 -999.0 -999.0 -999.0 -999.0 -999.0 -999.0 -999.0 -999.0 -999.0 -999.0 -999.0 -999.0 -999.0 -999.0 -999.0 -999.0
-999.0 -999.0 -999.0 1409.6 1462.0 1561.2 1086.7 1692.6 -999.0 1695.2 1544.1 1717.5 -999.0 1264.3 899.0 1248.6 1323.0 1521.1 1594.4 1600.9 1599.5 1727.9 1682.9 1594.1 1464.6 1228.7 1196.1 1196.1 1311.3 1316.1 1227.4 1175.9 1053.3 1184.8 1440.6 1531.0 1379.3 1354.1 1310.2 956.7 910.0 1092.1 1108.6 1197.1 1236.5 1233.9 1444.4 1485.8 -999.0 -999.0 -999.0 -999.0 -999.0 -999.0 -999.0 -999.0 -999.0 -999.0 -999.0 -999.0 -999.0 -999.0 -999.0 -999.0 -999.0 -999.0 -999.0 -999.0 -999.0 -999.0 -999.0
-999.0 -999.0 -999.0 -999.0 1476.8 1298.9 1469.5 1740.4 -999.0 -999.0 1657.8 1764.8 1628.7 1317.8 1085.0 1438.6 1358.5 1215.0 1373.1 1423.5 1509.5 1359.1 1591.0 1719.9 1574.0 1425.7 1253.6 1177.9 1069.2 1173.3 1020.1 992.8 1130.2 1221.5 1219.2 1289.7 1231.4 1129.6 1053.5 1088.2 947.2 1081.6 1153.2 1205.8 1485.5 1476.5 1371.4 1368.0 1446.9 -999.0 -999.0 -999.0 -999.0 -999.0 -999.0 -999.0 -999.0 -999.0 -999.0 -999.0 -999.0 -999.0 -999.0 -999.0 -999.0 -999.0 -999.0 -999.0 -999.0 -999.0 -999.0
-999.0 -999.0 -999.0 1694.9 1398.1 1342.7 -999.0 -999.0 -999.0 -999.0 -999.0 1769.4 1734.8 1272.5 1373.0 1574.9 1407.2 1253.5 1168.9 1274.1 1379.1 1328.9 1330.4 1484.9 1611.7 1388.3 1191.4 1239.3 1215.3 1165.6 1029.2 1089.6 1176.1 1147.5 1159.8 951.1 1001.6 1129.1 1156.2 1261.3 1131.2 1170.4 1254.9 1241.3 1457.0 1512.9 1508.6 1524.8 1573.1 -999.0 -999.0 -999.0 -999.0 -999.0 -999.0 -999.0 -999.0 -999.0 -999.0 -999.0 -999.0 -999.0 -999.0 -999.0 -999.0 -999.0 -999.0 -999.0 -999.0 -999.0 -999.0
-999.0 1734.8 -999.0 1272.8 1403.4 1659.7 1733.8 1398.0 1283.6 -999.0 -999.0 -999.0 1749.5 1484.7 1532.4 1543.6 1507.1 1390.3 1232.7 1166.5 1136.5 1129.4 1239.4 1284.6 1378.2 1603.6 1247.6 1295.6 1292.0 1253.9 1289.1 1281.7 1058.6 1149.5 936.6 756.8 861.6 1047.1 1067.5 1299.6 1272.4 1304.4 1302.4 1305.4 1471.4 1519.3 1552.1 1527.3 1494.6 1521.3 -999.0 -999.0 -999.0 -999.0 -999.0 -999.0 -999.0 -999.0 -999.0 -999.0 -999.0 -999.0 -999.0 -999.0 -999.0 -999.0 -999.0 -999.0 -999.0 -999.0 -999.0
-999.0 -999.0 1715.1 1223.6 1385.2 1708.9 1330.3 1120.8 1009.6 1651.1 -999.0 -999.0 -999.0 1735.5 1669.9 1677.8 1618.8 1539.9 1460.9 1263.4 1212.7 1222.2 1297.7 1304.8 1303.4 1312.1 1382.3 1339.0 1312.7 1149.7 1208.1 1018.3 1298.3 1144.0 1178.9 1177.8 889.1 935.1 1144.8 1244.2 1383.0 1419.3 1422.9 1424.7 1506.0 1525.8 1585.0 1514.0 1452.5 1515.1 1581.5 -999.0 -999.0 -999.0 -999.0 -999.0 -999.0 -999.0 -999.0 -999.0 -999.0 -999.0 -999.0 -999.0 -999.0 -999.0 -999.0 -999.0 -999.0 -999.0 -999.0
-999.0 -999.0 1554.2 1359.6 1180.8 1717.3 1716.9 1248.7 1152.2 1736.0 -999.0 -999.0 -999.0 -999.0 -999.0 1704.5 1680.0 1688.3 1646.5 1525.2 1424.2 1273.0 1054.7 1083.6 1203.5 1275.1 1356.9 1254.3 1245.5 1197.2 1263.1 1060.5 1311.4 1189.7 1107.1 1220.1 1447.8 1327.3 1433.9 1333.5 1481.8 1394.1 1453.7 1597.5 1617.4 1607.9 1582.5 1598.6 1403.9 1419.3 1510.5 1615.0 -999.0 -999.0 -999.0 -999.0 -999.0 -999.0 -999.0 -999.0 -999.0 -999.0 -999.0 -999.0 -999.0 -999.0 -999.0 -999.0 -999.0 -999.0 -999.0
-999.0 -999.0 1453.0 1222.5 1344.7 -999.0 1733.1 1598.5 951.8 1542.3 -999.0 -999.0 -999.0 -999.0 -999.0 1718.7 1611.4 1469.3 1552.9 1342.2 1128.2 1146.9 1005.0 973.5 1042.8 1212.3 1140.2 1210.6 1246.7 1081.7 1035.5 1328.0 666.3 1097.0 884.3 1160.0 1029.0 1109.1 1486.6 1314.0 1450.1 1522.2 1566.5 1543.1 1436.1 1391.0 1478.8 1439.7 1607.3 1459.9 1322.3 1549.8 1553.0 1649.1 -999.0 -999.0 -999.0 -999.0 -999.0 -999.0 -999.0 -999.0 -999.0 -999.0 -999.0 -999.0 -999.0 -999.0 -999.0 -999.0 -999.0
-999.0 -999.0 1475.9 1454.0 1674.6 -999.0 -999.0 1321.6 1038.3 1197.7 -999.0 -999.0 -999.0 -999.0 -999.0 1730.6 1667.5 1514.0 1518.9 1416.3 1236.9 1327.6 1210.7 1185.9 1038.5 1124.4 1104.7 1163.7 991.5 730.6 897.4 1017.4 582.3 723.2 1052.4 1034.6 1225.2 1429.5 1353.6 1313.2 1439.2 1410.8 1420.0 1542.4 1481.6 1474.3 1327.8 1093.7 1311.5 1431.9 1397.9 1374.0 1544.3 1609.7 -999.0 -999.0 -999.0 -999.0 -999.0 -999.0 -999.0 -999.0 -999.0 -999.0 -999.0 -999.0 -999.0 -999.0 -999.0 -999.0 -999.0
-999.0 -999.0 1620.0 1568.0 -999.0 -999.0 -999.0 1709.0 1479.9 1398.9 -999.0 -999.0 -999.0 -999.0 -999.0 1727.8 1689.3 1565.6 1504.1 1447.2 1356.1 1239.4 971.5 880.5 1058.2 997.6 1175.0 1175.7 1139.4 894.3 1170.5 784.5 876.5 1016.8 938.4 918.6 1320.5 1188.0 1378.1 1301.2 1330.2 1526.1 1415.4 1359.7 1357.2 1407.4 968.0 959.1 1045.2 1412.2 1392.1 1361.9 1454.4 1505.7 -999.0 -999.0 -999.0 -999.0 -999.0 -999.0 -999.0 -999.0 -999.0 -999.0 -999.0 -999.0 -999.0 -999.0 -999.0 -999.0 -999.0
-999.0 1331.6 1421.1 1168.4 1813.7 -999.0 -999.0 -999.0 -999.0 -999.0 -999.0 -999.0 -999.0 -999.0 1577.2 1604.7 1497.2 1484.9 1424.0 1318.5 1336.8 1174.4 1118.7 961.6 1101.0 1143.7 985.5 1061.5 903.2 842.6 863.0 680.1 737.0 1074.0 1002.8 962.4 1081.8 1222.4 1206.6 1401.5 1320.3 1273.7 1445.0 1312.2 1312.9 1078.4 1047.6 865.8 1032.5 1415.8 1449.9 1505.5 1414.7 1464.5 -999.0 -999.0 -999.0 -999.0 -999.0 -999.0 -999.0 -999.0 -999.0 -999.0 -999.0 -999.0 -999.0 -999.0 -999.0 -999.0 -999.0
-999.0 1230.6 1264.8 1427.2 1795.8 -999.0 -999.0 -999.0 -999.0 -999.0 -999.0 -999.0 -999.0 -999.0 1307.8 1610.0 1449.8 1277.8 1155.1 1172.7 1258.0 1251.0 1207.3 1362.5 1229.6 977.3 954.1 1033.0 1023.2 1124.7 1244.8 725.2 1086.3 1045.9 1080.8 1065.0 1134.8 1256.9 1420.6 1199.7 1262.6 1279.6 1322.8 1269.0 1114.4 1019.5 1111.2 1025.8 1077.1 1400.0 1552.0 1537.9 1346.6 1534.1 -999.0 -999.0 -999.0 -999.0 -999.0 -999.0 -999.0 -999.0 -999.0 -999.0 -999.0 -999.0 -999.0 -999.0 -999.0 -999.0 -999.0
