GDD/GrowingDegreeDays_1971_Actual.txt
ncols         180
nrows         290
xllcorner     -200000
yllcorner     -200000
cellsize      5000
NODATA_value    -999
[rows 192 to 223 of 290, columns 71 to 141 of 180]
-999.0 -999.0 -999.0 -999.0 -999.0 -999.0 -999.0 -999.0 -999.0 -999.0 -999.0 -999.0 -999.0 -999.0 -999.0 -999.0 -999.0 -999.0 -999.0 -999.0 -999.0 1752.3 1489.2 1312.8 1147.7 947.9 1047.0 1269.9 1460.8 1586.6 1483.2 1329.3 1229.6 1169.3 1388.9 1542.5 1510.3 1419.7 1427.7 1556.6 1352.6 1426.3 1422.2 1504.2 1469.4 1624.5 1724.4 1736.0 1682.6 1733.2 1778.5 1758.3 1714.8 1693.2 1626.7 1685.1 1703.1 1651.6 1586.0 1555.0 1533.2 1489.0 1533.9 1559.7 1482.5 1502.8 1528.1 1567.4 1582.6 1670.3 1672.4
-999.0 -999.0 -999.0 -999.0 -999.0 -999.0 -999.0 -999.0 -999.0 -999.0 -999.0 -999.0 -999.0 -999.0 -999.0 -999.0 -999.0 -999.0 -999.0 -999.0 1880.3 1804.0 1537.3 1303.0 1180.0 1199.3 1218.7 1327.0 1250.5 985.0 1205.4 1215.8 1245.8 1431.8 1525.5 1465.0 1444.6 1544.2 1550.1 1497.6 1387.5 1400.8 1426.0 1531.6 1493.6 1674.0 1712.0 1655.6 1755.5 1663.0 1666.5 1694.6 1633.9 1676.4 1678.1 1766.3 1759.6 1664.3 1637.4 1643.1 1560.7 1561.6 1480.0 1528.9 1490.9 1562.5 1565.3 1582.9 1654.9 1686.3 1639.8
-999.0 -999.0 -999.0 -999.0 -999.0 -999.0 -999.0 -999.0 -999.0 -999.0 -999.0 -999.0 -999.0 -999.0 -999.0 -999.0 -999.0 -999.0 -999.0 -999.0 1638.9 1589.8 1541.3 1478.0 1306.7 1046.6 1070.8 1126.1 1231.2 1204.1 1145.1 1109.5 1122.2 1413.2 1319.8 1257.6 1551.2 1387.9 1634.7 1562.1 1429.1 1306.5 1530.4 1521.8 1662.9 1733.8 1712.3 1681.8 1483.4 1585.0 1596.9 1618.0 1616.8 1649.2 1706.2 1773.0 1727.9 1698.7 1671.5 1723.1 1668.4 1539.1 1490.4 1504.6 1479.0 1565.7 1631.9 1660.4 1699.9 1677.6 1642.3
-999.0 -999.0 -999.0 -999.0 -999.0 -999.0 -999.0 -999.0 -999.0 -999.0 -999.0 -999.0 -999.0 -999.0 -999.0 -999.0 -999.0 -999.0 -999.0 -999.0 1682.7 1605.0 1747.6 1555.1 1318.9 1046.3 1154.9 1114.6 1290.1 1186.6 1242.0 1352.5 1290.9 1272.6 1339.9 1463.4 1586.8 1569.0 1371.6 1615.4 1587.3 1554.8 1568.7 1502.2 1650.8 1776.8 1744.3 1663.7 1630.1 1648.1 1582.7 1594.3 1607.2 1615.4 1713.3 1713.7 1643.6 1678.6 1667.4 1734.0 1640.8 1518.8 1500.1 1576.6 1591.7 1559.7 1649.8 1646.9 1739.4 1670.3 1662.7
-999.0 -999.0 -999.0 -999.0 -999.0 -999.0 -999.0 -999.0 -999.0 -999.0 -999.0 -999.0 -999.0 -999.0 -999.0 -999.0 -999.0 -999.0 -999.0 1778.6 1575.4 1339.6 1489.1 1567.7 1279.4 1202.1 1083.4 1081.4 1452.6 1445.4 1485.3 1368.2 1265.3 1409.1 1405.8 1316.5 1492.4 1574.7 1603.6 1665.0 1686.4 1658.0 1607.5 1654.8 1712.1 1757.7 1781.4 1761.6 1706.8 1675.2 1709.7 1646.0 1649.6 1614.8 1684.0 1676.1 1664.7 1697.8 1709.1 1691.5 1577.6 1560.8 1554.3 1645.9 1618.1 1622.1 1648.2 1720.1 1678.7 1669.0 1669.0
-999.0 -999.0 -999.0 -999.0 -999.0 -999.0 -999.0 -999.0 -999.0 -999.0 -999.0 -999.0 -999.0 -999.0 -999.0 -999.0 -999.0 -999.0 1659.3 1580.0 1451.0 1531.7 1608.1 1347.8 1125.2 1086.2 1233.0 1174.1 1458.8 1381.7 1481.7 1505.6 1086.4 1382.0 1337.5 1567.3 1575.9 1663.1 1667.7 1643.8 1562.1 1648.4 1526.1 1689.7 1696.4 1833.9 1845.1 1796.6 1765.6 1750.2 1751.3 1696.2 1651.6 1639.3 1734.7 1690.0 1676.1 1649.6 1641.4 1623.2 1557.8 1582.3 1533.9 1639.5 1660.8 1722.1 1718.0 1636.8 1615.5 1655.2 1653.4
-999.0 -999.0 -999.0 -999.0 -999.0 -999.0 -999.0 -999.0 -999.0 -999.0 -999.0 -999.0 -999.0 -999.0 -999.0 -999.0 1613.7 1615.2 1628.5 1722.5 1690.4 1585.8 1524.2 1257.3 1151.0 1055.1 1022.6 1187.9 1343.4 1594.2 1427.3 1477.6 1202.1 1410.4 1534.6 1611.6 1695.1 1668.2 1722.4 1644.5 1531.1 1592.4 1598.8 1800.8 1818.9 1851.2 1852.9 1770.3 1765.4 1745.7 1785.3 1713.9 1672.3 1715.1 1705.8 1718.7 1614.3 1606.4 1551.2 1507.5 1529.2 1543.9 1587.7 1650.3 1642.6 1621.1 1645.9 1620.6 1689.2 1657.5 1659.8
-999.0 -999.0 -999.0 -999.0 -999.0 -999.0 -999.0 -999.0 -999.0 -999.0 -999.0 -999.0 1877.0 1845.4 1831.6 1484.3 1390.3 1324.7 1321.3 1540.9 1574.7 1599.0 1230.9 1290.4 1142.0 1134.2 1178.5 1405.4 1510.2 1641.7 1519.0 1554.0 1143.0 1275.3 1457.7 1661.6 1649.4 1676.1 1523.8 1697.1 1558.7 1567.5 1651.3 1787.0 1905.0 1919.1 1806.7 1818.3 1822.2 1718.6 1777.1 1752.8 1804.3 1726.4 1674.8 1633.0 1668.1 1588.7 1604.2 1562.0 1489.2 1489.4 1511.8 1564.4 1571.5 1596.8 1641.1 1675.4 1635.3 1721.1 1710.4
-999.0 -999.0 -999.0 -999.0 -999.0 -999.0 -999.0 -999.0 -999.0 -999.0 -999.0 1702.5 1758.2 1604.8 1603.2 1599.4 1401.1 1450.1 1417.1 1601.3 1710.3 1429.8 1323.1 1217.3 1474.7 1092.1 1279.2 1451.7 1188.2 1420.8 1659.5 1212.7 1369.9 1449.6 1748.6 1766.5 1723.5 1490.3 1705.3 1696.2 1655.2 1666.0 1636.4 1781.8 1851.1 1969.8 1864.8 1856.8 1831.7 1758.8 1758.6 1760.1 1764.7 1739.5 1648.0 1641.1 1509.5 1629.1 1638.8 1590.0 1523.9 1560.3 1571.0 1622.0 1644.9 1619.4 1654.9 1626.8 1692.1 1715.6 1681.2
-999.0 -999.0 -999.0 -999.0 -999.0 -999.0 -999.0 -999.0 -999.0 -999.0 1670.5 1638.2 1762.9 1713.8 1687.3 1594.6 1640.8 1565.9 1629.8 1609.0 1295.6 1479.6 1554.1 1229.3 1629.4 1339.8 1273.7 1084.3 1210.3 1230.1 1415.9 1454.3 1541.2 1754.5 1433.8 1473.5 1734.5 1704.6 1770.1 1804.1 1706.6 1737.5 1791.0 1769.3 1799.2 1963.9 1908.1 1887.9 1829.6 1824.7 1809.0 1780.1 1634.8 1746.5 1702.8 1630.4 1569.6 1606.6 1636.8 1584.1 1531.5 1540.4 1521.3 1584.4 1662.8 1689.5 1712.3 1640.8 1672.2 1716.9 1637.3
-999.0 -999.0 -999.0 -999.0 -999.0 -999.0 1906.2 1652.7 1753.7 1585.7 1726.5 1687.3 1614.8 1680.3 1693.3 1521.6 1600.0 1568.5 1602.1 1419.7 1431.9 1557.7 1488.1 1470.1 1542.5 1483.5 1219.9 1188.5 1339.2 1403.6 1313.4 1492.0 1716.2 1383.6 1322.1 1509.9 1494.7 1701.6 1726.6 1825.1 1786.8 1596.9 1790.3 1680.7 1865.6 1928.3 1905.8 1872.7 1685.7 1789.8 1745.8 1486.1 1720.9 1722.3 1691.8 1615.9 1542.4 1630.4 1621.0 1595.6 1610.9 1573.5 1577.2 1623.0 1678.3 1671.3 1709.0 1669.3 1641.9 1662.0 1703.7
-999.0 -999.0 -999.0 -999.0 -999.0 1845.8 1679.2 1680.2 1641.7 1439.4 1214.6 1315.0 1366.4 1586.6 1494.7 1378.7 1471.8 1510.1 1377.9 1539.0 1588.7 1410.2 1609.7 1727.2 1602.5 1532.3 1333.0 1334.8 1370.1 1438.9 1473.2 1560.6 1481.2 957.7 1216.2 1466.0 1645.0 1619.8 1725.7 1625.6 1771.8 1722.6 1813.1 1840.1 1871.3 1876.7 1903.4 1902.8 1799.9 1736.1 1483.7 1480.9 1558.9 1654.7 1682.4 1473.6 1573.3 1623.5 1610.1 1644.7 1589.7 1586.1 1597.5 1659.4 1603.6 1639.5 1691.2 1571.5 1591.5 1693.8 1716.9
-999.0 -999.0 -999.0 1948.3 1819.6 1763.8 1640.5 1676.0 1614.2 1505.8 1493.3 1566.7 1662.8 1490.1 1587.3 1457.1 1707.4 1627.1 1446.3 1523.9 1671.3 1582.8 1796.3 1767.7 1463.1 1360.8 1417.0 1516.8 1383.5 1608.3 1665.4 1651.2 1335.7 1177.5 1170.8 1638.3 1587.5 1610.8 1624.4 1704.6 1836.9 1728.8 1786.8 1815.9 1883.7 1873.9 1942.6 1947.1 1810.9 1718.7 1488.2 1522.2 1587.0 1676.9 1617.1 1494.6 1535.4 1570.8 1622.8 1617.0 1620.6 1618.3 1615.3 1622.7 1614.0 1608.7 1640.0 1651.2 1660.4 1715.1 1670.4
-999.0 -999.0 -999.0 1978.4 -999.0 1903.7 1822.3 1655.1 1715.7 1644.2 1661.7 1614.0 1666.5 1633.2 1539.1 1687.6 1643.2 1790.4 1820.7 1816.7 1817.4 1818.0 1598.8 1654.3 1350.2 923.3 1395.8 1364.0 1376.2 1141.7 1166.8 1712.9 1756.3 1080.5 1380.8 1552.5 1518.7 1462.7 1654.1 1810.7 1876.1 1704.1 1699.1 1820.2 1908.9 1949.2 1924.4 1978.4 1839.5 1561.7 1482.0 1588.7 1655.2 1682.8 1689.7 1664.0 1586.1 1643.2 1673.7 1697.0 1701.0 1662.1 1589.9 1552.0 1624.5 1672.7 1661.2 1702.8 1700.2 1670.3 1709.1
-999.0 -999.0 -999.0 -999.0 -999.0 -999.0 1717.1 1770.8 1773.6 1692.4 1763.5 1720.9 1721.5 1674.6 1758.1 1799.5 1756.0 1788.7 1691.7 1800.9 1589.0 1797.4 1562.2 1417.0 1349.8 1185.0 1095.1 1246.8 1140.6 1059.8 1428.5 1329.7 1475.7 1850.2 1431.6 1478.2 1753.5 1715.6 1849.8 1677.0 1720.0 1532.4 1624.7 1838.8 1892.1 1964.7 2026.8 1858.2 1594.8 1638.1 1479.2 1607.2 1656.3 1612.2 1699.8 1586.4 1697.5 1698.1 1757.2 1780.1 1756.8 1684.9 1628.3 1649.7 1719.4 1745.6 1744.4 1691.3 1621.5 1592.1 1666.9
-999.0 -999.0 -999.0 -999.0 -999.0 1908.8 1815.9 1742.8 1755.9 1794.9 1668.0 1606.8 1540.5 1636.3 1729.4 1783.8 1870.5 1817.1 1564.9 1816.1 1693.7 1925.7 1789.3 1722.8 1697.6 1692.4 1426.5 1462.4 1290.2 1278.9 1153.2 1314.6 1335.6 1464.4 1182.7 1627.2 1734.2 1772.1 1667.8 1708.6 1549.2 1628.1 1633.7 1870.4 1901.3 1903.0 1635.7 1557.8 1553.6 1498.1 1628.5 1603.5 1612.2 1648.5 1700.6 1702.3 1713.2 1773.1 1839.5 1857.6 1818.1 1701.9 1667.3 1652.0 1719.6 1789.4 1762.8 1665.5 1528.2 1664.4 1642.6
-999.0 -999.0 -999.0 -999.0 2024.2 1979.6 1896.1 1837.3 1822.8 1827.8 1832.6 1783.7 1863.4 1846.5 1892.3 1901.8 1873.8 1843.0 1810.2 1600.1 1877.1 1558.9 1653.6 1628.3 1481.9 1535.3 1648.7 1618.4 1469.1 1534.7 1391.2 1426.5 1585.0 1302.4 1322.2 1728.7 1603.9 1801.9 1761.3 1636.2 1607.7 1720.9 1755.6 1831.3 1881.6 1705.1 1748.1 1588.1 1584.0 1628.3 1606.5 1638.3 1684.8 1686.9 1755.6 1783.6 1784.8 1825.3 1772.7 1909.9 1795.6 1774.2 1741.1 1750.6 1756.4 1755.8 1684.2 1566.8 1596.9 1636.7 1662.3
-999.0 -999.0 -999.0 -999.0 -999.0 -999.0 2017.2 1915.2 1865.6 1837.8 1848.1 1845.2 -999.0 -999.0 -999.0 -999.0 1953.6 1866.3 1727.0 1910.1 1995.1 1870.7 1849.5 1815.7 1754.8 1933.3 1215.2 1192.1 1545.3 1638.8 1628.5 1496.3 1455.0 1374.7 1612.9 1694.8 1700.4 1811.2 1516.8 1692.2 1641.3 1860.6 1841.8 1838.6 1859.6 1625.9 1755.4 1620.4 1633.4 1703.6 1691.1 1709.1 1730.4 1769.0 1797.6 1804.5 1789.8 1809.5 1754.6 1868.2 1795.1 1734.4 1758.7 1739.6 1731.2 1643.3 1656.8 1611.4 1606.3 1646.9 1769.9
-999.0 -999.0 -999.0 -999.0 -999.0 -999.0 2035.5 1875.7 1785.1 1947.6 1849.8 2000.2 -999.0 -999.0 -999.0 -999.0 -999.0 -999.0 -999.0 2010.2 2027.6 1998.5 2128.2 2018.4 1794.0 1469.7 1298.9 1165.1 1249.5 1414.4 1550.4 1546.0 1677.0 1519.7 1529.5 1786.2 1839.1 1565.6 1590.4 1623.9 1907.2 1918.3 1866.2 1876.2 1719.6 1634.0 1646.4 1645.2 1703.6 1735.8 1749.4 1762.3 1764.2 1762.3 1774.8 1714.4 1764.0 1791.8 1827.5 1838.3 1765.5 1730.0 1760.1 1647.3 1641.6 1725.7 1633.1 1628.9 1676.8 1724.4 1792.5
-999.0 -999.0 -999.0 -999.0 -999.0 -999.0 -999.0 -999.0 1983.0 -999.0 -999.0 -999.0 -999.0 -999.0 -999.0 -999.0 -999.0 1899.9 1880.7 1895.5 1878.9 2027.3 2134.8 2168.7 1979.2 1703.0 1403.1 1313.8 1390.4 1703.0 1730.5 1447.1 1597.8 1664.3 1840.5 1930.4 1974.7 1766.6 1817.3 1848.4 1949.0 1934.1 1849.8 1847.0 1582.3 1530.2 1626.1 1653.3 1731.1 1748.9 1757.6 1783.9 1736.9 1757.1 1725.0 1775.0 1786.0 1804.0 1811.3 1796.6 1696.2 1668.7 1615.8 1541.8 1638.7 1627.1 1784.7 1701.2 1735.8 1796.9 1786.8
-999.0 -999.0 -999.0 -999.0 -999.0 -999.0 -999.0 -999.0 -999.0 -999.0 -999.0 -999.0 -999.0 -999.0 -999.0 -999.0 -999.0 1907.3 1883.9 2029.2 1977.4 1939.8 -999.0 -999.0 2237.5 1724.6 1836.6 1662.4 1704.1 1699.8 1654.9 1578.4 1852.6 1903.9 1930.8 2002.6 2013.8 1999.8 2006.2 1996.4 1964.5 1834.9 1828.1 1762.8 1567.1 1631.3 1670.4 1722.7 1751.8 1719.6 1740.1 1778.1 1762.0 1773.7 1737.8 1699.1 1685.4 1726.7 1679.8 1749.0 1735.1 1666.4 1489.5 1640.3 1609.6 1671.9 1842.0 1756.4 1794.1 1855.1 1918.2
-999.0 -999.0 -999.0 -999.0 -999.0 -999.0 -999.0 -999.0 -999.0 -999.0 -999.0 -999.0 -999.0 -999.0 -999.0 -999.0 -999.0 -999.0 -999.0 -999.0 -999.0 -999.0 -999.0 -999.0 2204.4 2053.5 1795.8 1758.6 1866.5 1880.0 1868.2 1835.3 1946.3 2018.5 2034.0 2033.2 2054.3 2052.9 -999.0 2058.9 1994.8 1881.8 1857.9 1764.4 1602.6 1658.1 1673.1 1744.4 1832.8 1824.6 1736.2 1782.1 1756.0 1641.5 1585.8 1605.1 1568.8 1521.4 1604.9 1627.8 1655.3 1669.0 1614.9 1709.1 1654.3 1651.7 1789.9 1841.6 1883.0 1887.1 1939.4
-999.0 -999.0 -999.0 -999.0 -999.0 -999.0 -999.0 -999.0 -999.0 -999.0 -999.0 -999.0 -999.0 -999.0 -999.0 -999.0 -999.0 -999.0 -999.0 -999.0 -999.0 -999.0 -999.0 -999.0 -999.0 2092.9 1977.4 1884.5 1806.3 1780.4 1897.8 1955.0 2008.0 2095.8 -999.0 -999.0 -999.0 -999.0 2057.2 2067.3 1950.2 1919.2 1882.3 1780.4 1619.3 1677.0 1651.7 1711.7 1856.3 1767.2 1741.2 1619.3 1666.2 1513.1 1578.0 1562.6 1607.2 1577.5 1579.9 1642.7 1615.6 1807.2 1810.0 1791.7 1851.8 1802.0 1855.1 1890.7 1917.2 1997.8 2094.2
-999.0 -999.0 -999.0 -999.0 -999.0 -999.0 -999.0 -999.0 -999.0 -999.0 -999.0 -999.0 -999.0 -999.0 -999.0 -999.0 -999.0 -999.0 -999.0 -999.0 -999.0 -999.0 -999.0 -999.0 -999.0 -999.0 2060.7 1837.5 1833.9 1856.4 1808.3 1922.3 2032.1 -999.0 -999.0 -999.0 -999.0 1952.4 1853.5 1784.1 1973.8 1968.5 1932.9 1720.0 1637.0 1639.8 1635.5 1691.6 1732.8 1771.6 1627.2 1492.8 1541.8 1538.8 1605.6 1596.5 1616.7 1697.3 1665.9 1679.5 1743.2 1797.6 1858.4 1986.1 1884.5 1831.6 1863.8 1828.6 1820.7 1971.6 2049.0
-999.0 -999.0 -999.0 -999.0 -999.0 -999.0 -999.0 -999.0 -999.0 -999.0 -999.0 -999.0 -999.0 -999.0 -999.0 -999.0 -999.0 -999.0 -999.0 -999.0 -999.0 -999.0 -999.0 -999.0 -999.0 -999.0 -999.0 2040.2 1951.7 1967.9 1870.3 1998.7 2020.6 -999.0 -999.0 -999.0 1977.6 1947.6 1880.0 1751.0 1806.8 1852.0 1949.1 1814.8 1868.6 1692.3 1659.4 1731.3 1645.2 1591.0 1590.3 1591.8 1514.3 1578.3 1635.1 1665.8 1721.4 1732.5 1737.4 1727.5 1713.3 1782.3 1860.1 1859.3 1769.8 1743.1 1836.9 1820.9 1827.2 1894.5 1977.0
-999.0 -999.0 -999.0 -999.0 -999.0 -999.0 -999.0 -999.0 -999.0 -999.0 -999.0 -999.0 -999.0 -999.0 -999.0 -999.0 -999.0 -999.0 -999.0 -999.0 -999.0 -999.0 -999.0 -999.0 -999.0 -999.0 -999.0 -999.0 -999.0 -999.0 -999.0 -999.0 -999.0 -999.0 -999.0 1965.2 1936.5 1928.1 1901.5 1734.1 1877.0 1839.0 1788.9 1801.2 1816.0 1755.3 1831.0 1796.2 1755.5 1671.9 1681.0 1660.3 1632.1 1599.9 1622.1 1645.6 1549.8 1665.9 1644.8 1693.6 1685.2 1724.9 1798.2 1777.7 1740.9 1739.3 1734.2 1811.9 1841.7 1868.8 1901.8
-999.0 -999.0 -999.0 -999.0 -999.0 -999.0 -999.0 -999.0 -999.0 -999.0 -999.0 -999.0 -999.0 -999.0 -999.0 -999.0 -999.0 -999.0 -999.0 -999.0 -999.0 -999.0 -999.0 -999.0 -999.0 -999.0 -999.0 -999.0 -999.0 -999.0 -999.0 -999.0 -999.0 -999.0 -999.0 2059.6 1839.3 1845.3 1470.6 1583.0 1847.1 1818.8 1787.4 1765.4 1730.4 1816.7 1846.5 1813.2 1774.0 1675.8 1721.2 1779.4 1652.4 1607.1 1509.4 1609.3 1589.8 1494.6 1604.3 1650.4 1701.4 1769.3 1789.1 1792.1 1789.0 1803.9 1840.3 1780.4 1790.8 1854.3 1859.2
-999.0 -999.0 -999.0 -999.0 -999.0 -999.0 -999.0 -999.0 -999.0 -999.0 -999.0 -999.0 -999.0 -999.0 -999.0 -999.0 -999.0 -999.0 -999.0 -999.0 -999.0 -999.0 -999.0 -999.0 -999.0 -999.0 -999.0 -999.0 -999.0 -999.0 -999.0 -999.0 -999.0 -999.0 -999.0 2009.4 1953.1 1918.6 1749.5 1514.2 1612.3 1713.7 1802.0 1695.3 1788.7 1788.0 1828.3 1663.7 1607.4 1557.2 1637.3 1726.3 1697.7 1683.8 1656.5 1624.8 1612.4 1663.5 1659.0 1668.7 1700.3 1762.2 1803.3 1826.8 1825.5 1795.7 1829.2 1773.8 1774.8 1802.5 1750.8
-999.0 -999.0 -999.0 -999.0 -999.0 -999.0 -999.0 -999.0 -999.0 -999.0 -999.0 -999.0 -999.0 -999.0 -999.0 -999.0 -999.0 -999.0 2240.5 2114.1 2130.7 1450.7 1398.0 1414.4 1453.4 1369.7 2055.6 1656.7 2152.7 -999.0 -999.0 -999.0 -999.0 -999.0 -999.0 1981.0 1943.3 1897.0 1964.6 1839.6 1683.0 1625.5 1686.7 1738.8 1761.3 1750.2 1697.0 1590.9 1627.9 1684.3 1720.6 1767.6 1696.6 1706.7 1751.6 1781.4 1784.0 1727.2 1744.2 1680.2 1653.7 1606.7 1715.8 1756.6 1737.1 1744.5 1785.7 1706.3 1747.4 1783.5 1698.2
-999.0 -999.0 -999.0 -999.0 -999.0 -999.0 -999.0 -999.0 -999.0 -999.0 -999.0 -999.0 -999.0 -999.0 -999.0 -999.0 -999.0 -999.0 1839.3 1774.6 1573.0 1456.2 1222.0 1156.6 1236.1 1270.3 1352.4 1655.0 1889.3 2027.0 1954.1 1748.4 1872.0 1891.7 1946.6 1967.1 1962.8 1952.8 1954.1 1939.9 1886.6 1698.4 1686.0 1724.8 1775.7 1563.2 1673.7 1744.8 1705.7 1675.0 1766.1 1808.2 1799.8 1760.1 1765.4 1789.6 1774.3 1835.3 1790.6 1712.5 1686.7 1692.6 1648.2 1636.2 1761.2 1795.0 1809.8 1817.4 1731.1 1787.9 1489.3
-999.0 -999.0 -999.0 -999.0 -999.0 -999.0 -999.0 -999.0 -999.0 -999.0 -999.0 -999.0 -999.0 -999.0 -999.0 -999.0 -999.0 2162.3 2052.9 1876.8 1765.0 1593.4 1319.3 1195.1 1234.0 1328.0 1370.0 1435.5 1625.6 1755.2 1816.2 1747.2 1614.9 1790.4 1859.3 1954.3 1942.6 1844.3 1940.3 1914.7 1777.6 1740.3 1740.9 1719.3 1547.3 1684.3 1582.6 1625.7 1687.9 1774.5 1774.8 1833.7 1780.0 1671.0 1791.4 1756.3 1817.6 1791.3 1797.8 1755.2 1723.3 1621.0 1575.8 1732.3 1780.4 1777.3 1613.2 1736.3 1775.9 1751.9 1739.1
-999.0 -999.0 -999.0 -999.0 -999.0 -999.0 -999.0 -999.0 -999.0 -999.0 -999.0 -999.0 -999.0 -999.0 -999.0 -999.0 -999.0 -999.0 2118.7 2059.8 1971.8 1640.8 1557.6 1480.3 1285.3 1401.4 1481.8 1667.0 1581.0 1451.8 1611.3 1761.3 1751.9 1625.1 1809.9 1957.0 1955.2 1949.4 1866.6 1826.2 1866.4 1842.1 1780.3 1741.0 1640.1 1724.6 1603.0 1667.8 1676.8 1716.9 1737.7 1801.2 1719.2 1682.1 1725.0 1838.6 1846.4 1818.8 1902.0 1846.2 1814.1 1712.1 1627.4 1642.2 1759.7 1751.6 1691.2 1701.3 1744.1 1797.9 1802.6
