GDD/GrowingDegreeDays_1988_Actual.txt
ncols         180
nrows         290
xllcorner     -200000
yllcorner     -200000
cellsize      5000
NODATA_value    -999
[rows 96 to 127 of 290, columns 71 to 141 of 180]
1201.2 1251.3 1404.1 1490.0 1145.1 1420.9 830.8 873.9 1159.5 1423.9 979.7 600.1 597.9 523.3 773.8 857.7 902.7 647.6 721.6 597.5 560.2 833.4 833.4 854.2 1084.4 981.1 1143.2 909.5 731.2 790.5 724.1 846.9 890.4 798.0 741.3 839.7 901.6 787.5 784.6 1095.3 1198.3 1289.5 1292.5 1097.1 1190.6 -999.0 -999.0 -999.0 -999.0 -999.0 -999.0 -999.0 -999.0 -999.0 -999.0 -999.0 -999.0 -999.0 -999.0 -999.0 -999.0 -999.0 -999.0 -999.0 -999.0 -999.0 -999.0 -999.0 -999.0 -999.0 -999.0
1174.6 1046.6 1435.1 1486.6 1138.1 1330.4 988.0 1157.4 1403.9 1464.3 1086.4 712.0 1374.1 715.0 894.4 741.4 923.5 709.5 951.3 796.0 885.7 892.6 509.1 918.0 900.9 995.2 1035.6 1069.6 754.6 888.3 985.4 934.0 740.5 904.5 817.4 965.7 917.7 963.8 1067.1 1230.5 1217.1 1184.0 1207.6 1319.1 -999.0 -999.0 -999.0 -999.0 -999.0 -999.0 -999.0 -999.0 -999.0 -999.0 -999.0 -999.0 -999.0 -999.0 -999.0 -999.0 -999.0 -999.0 -999.0 -999.0 -999.0 -999.0 -999.0 -999.0 -999.0 -999.0 -999.0
1235.9 1431.4 944.4 1118.7 1065.0 803.7 609.5 1419.5 1532.8 748.8 1212.6 1283.1 698.5 857.3 651.1 848.3 665.8 1029.2 1113.2 1169.1 1137.9 1143.7 1103.8 874.8 1119.9 935.5 871.8 1124.6 980.0 860.1 1042.2 1044.8 929.7 939.3 1038.0 948.1 1031.8 1203.9 1279.9 1318.9 1213.2 1276.4 1326.8 1319.4 -999.0 -999.0 -999.0 -999.0 -999.0 -999.0 -999.0 -999.0 -999.0 -999.0 -999.0 -999.0 -999.0 -999.0 -999.0 -999.0 -999.0 -999.0 -999.0 -999.0 -999.0 -999.0 -999.0 -999.0 -999.0 -999.0 -999.0
1208.8 919.1 1229.2 1060.0 1021.1 1437.9 1465.6 -999.0 1267.8 714.5 896.7 612.0 1022.8 1152.3 915.0 997.3 1025.9 1010.3 952.8 887.9 815.3 721.1 467.0 665.5 888.7 872.0 1145.5 1261.3 1366.6 961.6 891.9 1072.3 1074.5 1044.5 1190.4 1144.7 1189.1 1274.8 1277.7 1261.9 1245.4 1178.5 1187.2 -999.0 -999.0 -999.0 -999.0 -999.0 -999.0 -999.0 -999.0 -999.0 -999.0 -999.0 -999.0 -999.0 -999.0 -999.0 -999.0 -999.0 -999.0 -999.0 -999.0 -999.0 -999.0 -999.0 -999.0 -999.0 -999.0 -999.0 -999.0
1491.7 1256.9 1147.3 1256.6 965.0 1352.9 -999.0 1512.8 1304.2 1510.3 1100.2 1252.3 903.2 487.9 912.8 829.0 969.8 735.3 578.5 685.3 876.6 1194.4 1111.6 1221.2 966.9 1037.9 1039.8 931.0 1006.3 1043.3 995.0 1122.9 1249.0 1235.4 1319.9 1308.0 1225.7 1191.9 1229.0 1237.2 1236.1 1333.8 1321.6 -999.0 -999.0 -999.0 -999.0 -999.0 -999.0 -999.0 -999.0 -999.0 -999.0 -999.0 -999.0 -999.0 -999.0 -999.0 -999.0 -999.0 -999.0 -999.0 -999.0 -999.0 -999.0 -999.0 -999.0 -999.0 -999.0 -999.0 -999.0
1446.7 1309.7 1504.7 1127.1 1415.3 -999.0 1545.1 1525.4 1378.0 532.5 921.5 375.4 846.0 1039.5 1138.3 834.1 784.6 903.5 757.3 991.2 801.1 679.8 811.0 1254.6 966.7 790.8 743.4 954.8 955.9 1373.7 1173.3 1330.4 1382.0 1394.6 1362.9 1107.1 1106.1 1103.3 1145.6 1144.9 1234.7 1346.5 1435.6 -999.0 -999.0 -999.0 -999.0 -999.0 -999.0 -999.0 -999.0 -999.0 -999.0 -999.0 -999.0 -999.0 -999.0 -999.0 -999.0 -999.0 -999.0 -999.0 -999.0 -999.0 -999.0 -999.0 -999.0 -999.0 -999.0 -999.0 -999.0
1472.2 1411.4 821.1 1513.2 -999.0 1569.3 -999.0 1167.8 1031.5 853.5 1484.5 633.9 900.0 841.3 991.8 425.0 884.8 440.3 928.7 1038.2 623.9 1096.9 1454.9 917.6 605.8 558.5 1022.2 1028.7 1005.7 1105.4 1269.7 1341.1 1353.4 1340.7 1036.8 1182.3 1208.3 1272.1 1243.6 1252.0 1366.3 1443.0 -999.0 -999.0 -999.0 -999.0 -999.0 -999.0 -999.0 -999.0 -999.0 -999.0 -999.0 -999.0 -999.0 -999.0 -999.0 -999.0 -999.0 -999.0 -999.0 -999.0 -999.0 -999.0 -999.0 -999.0 -999.0 -999.0 -999.0 -999.0 -999.0
644.7 773.3 1087.3 1513.0 -999.0 -999.0 1457.3 1431.0 1472.4 1417.2 1056.9 566.7 1263.0 1030.5 479.2 772.4 774.3 568.1 580.3 825.5 1375.3 825.7 808.3 612.4 748.7 929.3 698.6 692.7 1002.1 1204.8 1364.4 1347.1 1231.2 991.3 1230.9 1359.4 1335.6 1458.3 1443.3 1415.4 -999.0 -999.0 -999.0 -999.0 -999.0 -999.0 -999.0 -999.0 -999.0 -999.0 -999.0 -999.0 -999.0 -999.0 -999.0 -999.0 -999.0 -999.0 -999.0 -999.0 -999.0 -999.0 -999.0 -999.0 -999.0 -999.0 -999.0 -999.0 -999.0 -999.0 -999.0
899.8 1194.9 1389.1 1515.6 -999.0 1549.7 1402.1 1259.8 1090.1 1309.8 1071.5 1386.7 1378.4 1110.4 835.5 906.1 1060.8 1128.5 1064.7 921.9 703.6 1073.5 859.7 916.8 769.7 697.2 900.8 962.2 1150.3 1304.6 1371.8 1360.0 1162.5 1259.1 1444.8 1479.4 1512.2 1466.5 1483.6 -999.0 -999.0 -999.0 -999.0 -999.0 -999.0 -999.0 -999.0 -999.0 -999.0 -999.0 -999.0 -999.0 -999.0 -999.0 -999.0 -999.0 -999.0 -999.0 -999.0 -999.0 -999.0 -999.0 -999.0 -999.0 -999.0 -999.0 -999.0 -999.0 -999.0 -999.0 -999.0
1369.9 1095.8 1356.3 -999.0 -999.0 1529.3 1082.0 1221.0 1058.8 1318.3 1458.8 1198.8 824.0 808.4 896.0 985.8 895.8 686.6 1054.3 893.3 1215.5 1073.8 837.0 1126.9 1354.0 1370.2 1253.6 1325.5 1388.8 1364.8 1376.8 1505.9 1366.6 1432.6 1488.6 1339.5 1421.3 1358.8 1431.3 -999.0 -999.0 -999.0 -999.0 -999.0 -999.0 -999.0 -999.0 -999.0 -999.0 -999.0 -999.0 -999.0 -999.0 -999.0 -999.0 -999.0 -999.0 -999.0 -999.0 -999.0 -999.0 -999.0 -999.0 -999.0 -999.0 -999.0 -999.0 -999.0 -999.0 -999.0 -999.0
-999.0 -999.0 -999.0 -999.0 1555.7 1186.9 1172.1 1104.6 1236.1 1143.6 856.2 883.3 683.8 1111.3 822.0 1319.0 737.3 1249.9 643.4 1124.2 900.4 575.0 1000.3 1191.5 1050.6 1163.9 1371.8 1337.9 1435.1 1520.0 1458.2 1528.9 1507.0 1397.8 1409.2 1412.3 1363.6 1423.9 1409.7 1492.9 -999.0 -999.0 -999.0 -999.0 -999.0 -999.0 -999.0 -999.0 -999.0 -999.0 -999.0 -999.0 -999.0 -999.0 -999.0 -999.0 -999.0 -999.0 -999.0 -999.0 -999.0 -999.0 -999.0 -999.0 -999.0 -999.0 -999.0 -999.0 -999.0 -999.0 -999.0
-999.0 -999.0 -999.0 -999.0 1513.5 1507.3 1160.3 1070.6 1461.0 1005.1 1220.5 1403.5 1010.8 807.3 887.7 1492.3 810.2 903.4 858.7 1098.5 783.8 950.9 883.0 730.9 998.8 1091.2 1148.2 1213.1 1268.6 1236.4 1200.5 1102.6 1158.9 1334.6 1453.1 1420.1 1236.3 1353.5 1235.8 1313.1 1360.5 -999.0 -999.0 -999.0 -999.0 -999.0 -999.0 -999.0 -999.0 -999.0 -999.0 -999.0 -999.0 -999.0 -999.0 -999.0 -999.0 -999.0 -999.0 -999.0 -999.0 -999.0 -999.0 -999.0 -999.0 -999.0 -999.0 -999.0 -999.0 -999.0 -999.0
-999.0 -999.0 -999.0 1566.3 1514.5 1434.6 1109.1 1301.1 1096.8 1095.6 1228.5 1419.9 946.5 900.3 690.3 1401.3 912.3 1055.9 1017.6 1098.9 976.1 1399.3 1222.8 1152.2 1184.9 1333.5 1150.6 977.7 815.2 914.4 979.5 1098.8 1220.0 1151.6 1428.6 1294.7 1238.6 1231.5 1244.1 1280.8 1332.6 1416.6 -999.0 -999.0 -999.0 -999.0 -999.0 -999.0 -999.0 -999.0 -999.0 -999.0 -999.0 -999.0 -999.0 -999.0 -999.0 -999.0 -999.0 -999.0 -999.0 -999.0 -999.0 -999.0 -999.0 -999.0 -999.0 -999.0 -999.0 -999.0 -999.0
-999.0 -999.0 1561.5 -999.0 1467.2 1302.7 1411.0 1072.4 940.2 1405.1 1478.8 1114.5 750.1 1032.7 1538.0 1309.5 509.1 1261.6 1268.3 1185.8 1145.5 1315.4 1362.6 1453.1 1400.3 1124.8 783.8 817.2 956.1 1034.8 1186.2 1207.4 1247.4 1190.1 1296.7 1305.8 1415.4 1503.5 1505.6 1500.6 1491.9 -999.0 -999.0 -999.0 -999.0 -999.0 -999.0 -999.0 -999.0 -999.0 -999.0 -999.0 -999.0 -999.0 -999.0 -999.0 -999.0 -999.0 -999.0 -999.0 -999.0 -999.0 -999.0 -999.0 -999.0 -999.0 -999.0 -999.0 -999.0 -999.0 -999.0
-999.0 1567.7 1189.4 -999.0 1528.5 1485.3 1353.4 1320.6 1350.3 1320.4 855.1 1338.8 894.1 874.8 905.4 1201.5 1408.2 764.4 1229.5 1417.6 1498.8 1507.2 1530.3 1564.4 1590.8 1257.6 1426.9 1443.6 1432.0 1272.1 1144.4 1233.6 1242.3 1321.8 1384.6 1388.6 1512.9 -999.0 -999.0 -999.0 -999.0 -999.0 -999.0 -999.0 -999.0 -999.0 -999.0 -999.0 -999.0 -999.0 -999.0 -999.0 -999.0 -999.0 -999.0 -999.0 -999.0 -999.0 -999.0 -999.0 -999.0 -999.0 -999.0 -999.0 -999.0 -999.0 -999.0 -999.0 -999.0 -999.0 -999.0
1533.2 1317.5 1425.9 -999.0 1186.7 1514.1 1270.5 1387.1 1586.1 1006.3 977.0 832.3 799.7 1473.4 964.8 988.3 1495.8 1190.5 1143.7 1345.5 1323.7 1262.2 1210.1 1150.4 1507.9 1564.4 1568.6 1494.5 1400.1 1294.1 1176.6 1234.9 1247.3 1256.4 1389.8 -999.0 -999.0 -999.0 -999.0 -999.0 -999.0 -999.0 -999.0 -999.0 -999.0 -999.0 -999.0 -999.0 -999.0 -999.0 -999.0 -999.0 -999.0 -999.0 -999.0 -999.0 -999.0 -999.0 -999.0 -999.0 -999.0 -999.0 -999.0 -999.0 -999.0 -999.0 -999.0 -999.0 -999.0 -999.0 -999.0
903.3 1324.9 -999.0 1502.3 1483.7 1135.5 1400.7 1555.4 1024.8 1273.9 932.1 863.2 1088.9 1296.0 973.6 996.0 1590.0 1576.6 1527.6 1444.8 1335.7 1265.2 1056.3 990.1 1277.6 1445.3 1558.0 1595.6 1473.5 1450.7 1378.0 1342.9 1159.7 1208.3 1467.8 -999.0 -999.0 -999.0 -999.0 -999.0 -999.0 -999.0 -999.0 -999.0 -999.0 -999.0 -999.0 -999.0 -999.0 -999.0 -999.0 -999.0 -999.0 -999.0 -999.0 -999.0 -999.0 -999.0 -999.0 -999.0 -999.0 -999.0 -999.0 -999.0 -999.0 -999.0 -999.0 -999.0 -999.0 -999.0 -999.0
1563.1 1569.4 -999.0 1561.5 969.3 1311.4 -999.0 1449.6 1077.7 1248.7 1010.9 1111.3 1051.4 1520.8 1507.5 1324.9 1470.3 1473.3 1333.8 1474.5 828.9 841.6 958.8 979.7 1240.4 1492.6 1508.4 1622.0 1656.2 1577.4 1537.0 1447.2 1446.1 -999.0 -999.0 -999.0 -999.0 -999.0 1438.6 1435.3 1425.0 1518.6 -999.0 -999.0 -999.0 -999.0 -999.0 -999.0 -999.0 -999.0 -999.0 -999.0 -999.0 -999.0 -999.0 -999.0 -999.0 -999.0 -999.0 -999.0 -999.0 -999.0 -999.0 -999.0 -999.0 -999.0 -999.0 -999.0 -999.0 -999.0 -999.0
1326.4 -999.0 -999.0 1185.7 1532.2 1068.8 -999.0 1476.2 989.9 1313.3 1531.1 872.5 1541.5 1652.2 1643.0 1585.5 1421.2 1268.9 1061.6 1306.5 1272.4 1363.2 1346.9 1375.3 1305.5 1324.5 1334.1 1427.6 1529.6 1448.2 1385.2 1417.6 1524.4 1585.5 1602.1 -999.0 -999.0 1542.1 1444.3 1338.9 1429.9 1457.8 1482.5 1521.7 -999.0 -999.0 -999.0 -999.0 -999.0 -999.0 -999.0 -999.0 -999.0 -999.0 -999.0 -999.0 -999.0 -999.0 -999.0 -999.0 -999.0 -999.0 -999.0 -999.0 -999.0 -999.0 -999.0 -999.0 -999.0 -999.0 -999.0
1623.5 -999.0 -999.0 1569.6 1284.7 1121.0 1570.8 1304.9 1483.5 1343.6 1264.2 1186.5 1612.2 1493.7 1271.9 1283.3 1295.2 1479.2 1485.3 1444.2 1470.2 1402.5 1404.7 1389.9 1316.2 1232.9 1246.5 1329.3 1214.4 1179.3 1358.5 1422.5 1461.8 1491.8 1460.5 1544.5 1508.4 1406.0 1357.0 1379.7 1327.0 1168.0 1205.5 1132.5 1459.5 -999.0 -999.0 -999.0 -999.0 -999.0 -999.0 -999.0 -999.0 -999.0 -999.0 -999.0 -999.0 -999.0 -999.0 -999.0 -999.0 -999.0 -999.0 -999.0 -999.0 -999.0 -999.0 -999.0 -999.0 -999.0 -999.0
-999.0 -999.0 -999.0 1348.6 998.9 1330.0 1234.0 1574.5 1321.7 1424.6 1637.5 1648.9 -999.0 1281.9 1007.8 1290.3 1394.7 1507.3 1509.3 1571.3 1596.8 1393.4 1423.5 1379.5 1207.8 1158.2 1142.2 1215.2 1259.4 1275.1 1323.3 1314.5 1306.3 1237.4 1372.1 1474.1 1325.8 1371.4 1296.0 1301.7 1180.4 1039.7 1019.3 980.4 1149.7 1115.3 1099.0 1437.0 -999.0 -999.0 -999.0 -999.0 -999.0 -999.0 -999.0 -999.0 -999.0 -999.0 -999.0 -999.0 -999.0 -999.0 -999.0 -999.0 -999.0 -999.0 -999.0 -999.0 -999.0 -999.0 -999.0
-999.0 -999.0 -999.0 1341.0 1378.6 1462.7 1041.2 1604.3 -999.0 1652.5 1542.1 1673.8 -999.0 1230.8 886.8 1198.8 1269.2 1464.8 1552.6 1557.1 1548.4 1626.1 1557.9 1461.3 1346.2 1129.1 1098.9 1097.8 1188.9 1193.2 1119.0 1082.7 980.0 1104.9 1338.1 1407.3 1278.4 1258.0 1200.8 877.8 832.9 987.8 995.6 1069.4 1105.5 1101.7 1281.6 1317.8 -999.0 -999.0 -999.0 -999.0 -999.0 -999.0 -999.0 -999.0 -999.0 -999.0 -999.0 -999.0 -999.0 -999.0 -999.0 -999.0 -999.0 -999.0 -999.0 -999.0 -999.0 -999.0 -999.0
-999.0 -999.0 -999.0 -999.0 1386.9 1219.7 1381.9 1635.9 -999.0 -999.0 1608.4 1696.3 1563.7 1281.9 1058.4 1378.2 1306.2 1206.0 1343.4 1381.6 1459.2 1309.7 1477.1 1552.5 1434.0 1306.4 1151.0 1079.3 978.5 1069.7 943.6 929.2 1054.3 1132.3 1132.9 1190.2 1137.9 1043.5 966.6 988.4 856.3 972.0 1029.0 1070.4 1317.5 1309.0 1213.7 1205.0 1269.1 -999.0 -999.0 -999.0 -999.0 -999.0 -999.0 -999.0 -999.0 -999.0 -999.0 -999.0 -999.0 -999.0 -999.0 -999.0 -999.0 -999.0 -999.0 -999.0 -999.0 -999.0 -999.0
-999.0 -999.0 -999.0 1591.2 1315.0 1259.4 -999.0 -999.0 -999.0 -999.0 -999.0 1698.1 1679.2 1244.0 1338.2 1512.3 1347.7 1220.7 1135.9 1218.4 1311.2 1274.7 1250.5 1354.3 1466.2 1275.4 1096.6 1125.5 1094.1 1060.6 955.5 1027.7 1105.7 1069.9 1078.6 888.9 927.6 1034.7 1050.1 1130.4 1006.7 1042.5 1117.8 1105.4 1290.1 1336.1 1329.9 1334.2 1374.5 -999.0 -999.0 -999.0 -999.0 -999.0 -999.0 -999.0 -999.0 -999.0 -999.0 -999.0 -999.0 -999.0 -999.0 -999.0 -999.0 -999.0 -999.0 -999.0 -999.0 -999.0 -999.0
-999.0 1638.1 -999.0 1202.6 1317.3 1542.0 1601.9 1301.5 1208.2 -999.0 -999.0 -999.0 1688.6 1439.3 1476.1 1476.0 1428.6 1319.7 1169.1 1098.9 1061.2 1051.5 1148.3 1185.2 1267.6 1464.6 1145.3 1163.9 1124.2 1127.3 1182.3 1185.5 996.0 1072.6 883.7 717.1 801.2 956.5 967.0 1161.3 1127.1 1159.7 1163.6 1161.7 1294.6 1336.6 1367.5 1338.0 1304.2 1319.4 -999.0 -999.0 -999.0 -999.0 -999.0 -999.0 -999.0 -999.0 -999.0 -999.0 -999.0 -999.0 -999.0 -999.0 -999.0 -999.0 -999.0 -999.0 -999.0 -999.0 -999.0
-999.0 -999.0 1608.6 1156.1 1299.9 1589.5 1245.6 1048.7 953.7 1546.7 -999.0 -999.0 -999.0 1651.8 1583.6 1580.2 1518.0 1443.4 1363.3 1168.2 1098.8 1089.8 1176.9 1196.7 1200.4 1212.0 1273.4 1218.1 1169.9 1044.9 1115.7 957.9 1202.8 1075.0 1118.2 1100.6 825.6 855.7 1037.0 1121.7 1238.5 1269.4 1275.3 1275.7 1333.0 1348.7 1399.0 1330.0 1267.5 1309.3 1360.4 -999.0 -999.0 -999.0 -999.0 -999.0 -999.0 -999.0 -999.0 -999.0 -999.0 -999.0 -999.0 -999.0 -999.0 -999.0 -999.0 -999.0 -999.0 -999.0 -999.0
-999.0 -999.0 1466.8 1280.3 1114.8 1601.2 1598.0 1169.2 1084.2 1615.6 -999.0 -999.0 -999.0 -999.0 -999.0 1591.0 1563.0 1563.9 1519.5 1396.4 1291.4 1130.5 959.3 999.0 1112.5 1181.1 1265.4 1170.0 1145.0 1102.2 1168.8 1003.0 1223.6 1117.4 1055.9 1135.9 1313.6 1200.6 1299.6 1204.3 1332.4 1254.4 1305.2 1444.4 1460.5 1434.7 1401.4 1402.3 1222.9 1218.8 1289.2 1383.0 -999.0 -999.0 -999.0 -999.0 -999.0 -999.0 -999.0 -999.0 -999.0 -999.0 -999.0 -999.0 -999.0 -999.0 -999.0 -999.0 -999.0 -999.0 -999.0
-999.0 -999.0 1375.5 1160.1 1270.6 -999.0 1615.5 1487.7 898.9 1445.8 -999.0 -999.0 -999.0 -999.0 -999.0 1595.6 1495.7 1364.0 1432.9 1236.5 1037.6 1047.7 924.2 902.6 967.9 1125.1 1068.2 1133.5 1159.5 1012.4 985.5 1264.5 654.4 1031.7 835.4 1066.8 938.5 1003.8 1339.8 1185.8 1311.8 1376.9 1405.5 1397.6 1304.8 1250.2 1311.5 1261.3 1381.2 1233.0 1114.5 1315.7 1335.4 1433.8 -999.0 -999.0 -999.0 -999.0 -999.0 -999.0 -999.0 -999.0 -999.0 -999.0 -999.0 -999.0 -999.0 -999.0 -999.0 -999.0 -999.0
-999.0 -999.0 1398.8 1380.7 1581.0 -999.0 -999.0 1238.8 973.1 1121.0 -999.0 -999.0 -999.0 -999.0 -999.0 1606.5 1560.8 1392.7 1400.4 1316.0 1154.2 1225.3 1116.5 1094.8 965.9 1042.6 1030.7 1096.7 947.5 708.1 867.8 988.6 572.5 689.5 972.7 947.9 1107.6 1278.2 1217.0 1183.9 1300.3 1277.1 1279.3 1387.7 1334.5 1319.8 1181.9 961.0 1118.2 1185.3 1156.0 1163.9 1333.9 1410.5 -999.0 -999.0 -999.0 -999.0 -999.0 -999.0 -999.0 -999.0 -999.0 -999.0 -999.0 -999.0 -999.0 -999.0 -999.0 -999.0 -999.0
-999.0 -999.0 1524.6 1495.4 -999.0 -999.0 -999.0 1589.4 1377.8 1307.4 -999.0 -999.0 -999.0 -999.0 -999.0 1587.4 1522.9 1424.6 1391.4 1368.4 1301.5 1167.0 913.7 824.2 980.1 924.8 1083.9 1113.8 1085.1 867.5 1095.2 753.8 829.9 941.8 865.1 843.8 1191.1 1071.6 1236.1 1170.4 1197.5 1367.7 1270.2 1220.8 1219.1 1260.1 865.0 843.2 896.9 1176.7 1160.6 1167.2 1274.8 1341.8 -999.0 -999.0 -999.0 -999.0 -999.0 -999.0 -999.0 -999.0 -999.0 -999.0 -999.0 -999.0 -999.0 -999.0 -999.0 -999.0 -999.0
-999.0 1266.0 1346.1 1128.1 1704.8 -999.0 -999.0 -999.0 -999.0 -999.0 -999.0 -999.0 -999.0 -999.0 1461.7 1471.2 1365.7 1358.7 1322.6 1256.5 1285.9 1114.0 1046.8 897.5 1016.6 1046.5 900.3 977.7 853.0 801.8 813.7 639.6 686.9 981.0 914.5 877.4 980.5 1101.9 1085.8 1255.3 1182.8 1140.2 1289.9 1171.8 1173.6 963.6 930.6 761.6 895.5 1208.2 1240.2 1310.5 1262.6 1331.3 -999.0 -999.0 -999.0 -999.0 -999.0 -999.0 -999.0 -999.0 -999.0 -999.0 -999.0 -999.0 -999.0 -999.0 -999.0 -999.0 -999.0
-999.0 1165.4 1193.3 1349.0 1679.6 -999.0 -999.0 -999.0 -999.0 -999.0 -999.0 -999.0 -999.0 -999.0 1213.6 1476.5 1330.9 1181.3 1080.3 1105.4 1185.8 1171.1 1122.4 1251.1 1128.1 897.4 866.7 944.0 946.4 1040.2 1139.2 673.9 987.4 942.2 972.2 960.2 1023.3 1128.1 1271.8 1076.2 1130.1 1141.0 1178.0 1126.9 987.3 899.4 976.1 898.8 940.9 1215.6 1350.6 1354.8 1212.8 1396.2 -999.0 -999.0 -999.0 -999.0 -999.0 -999.0 -999.0 -999.0 -999.0 -999.0 -999.0 -999.0 -999.0 -999.0 -999.0 -999.0 -999.0
