GDD/GrowingDegreeDays_1993_Actual.txt
ncols         180
nrows         290
xllcorner     -200000
yllcorner     -200000
cellsize      5000
NODATA_value    -999
[rows 64 to 95 of 290, columns 71 to 141 of 180]
-999.0 -999.0 -999.0 -999.0 -999.0 -999.0 -999.0 -999.0 -999.0 1244.2 1024.1 1058.4 1023.0 709.8 731.8 529.2 711.1 789.4 725.5 772.8 295.7 770.7 424.7 718.0 677.3 860.0 909.5 795.3 615.0 660.5 456.4 797.5 -999.0 -999.0 -999.0 -999.0 -999.0 -999.0 -999.0 -999.0 -999.0 -999.0 -999.0 -999.0 -999.0 -999.0 -999.0 -999.0 -999.0 -999.0 -999.0 -999.0 -999.0 -999.0 -999.0 -999.0 -999.0 -999.0 -999.0 -999.0 -999.0 -999.0 -999.0 -999.0 -999.0 -999.0 -999.0 -999.0 -999.0 -999.0 -999.0
-999.0 -999.0 -999.0 -999.0 -999.0 -999.0 -999.0 -999.0 -999.0 -999.0 1272.9 1059.4 786.2 710.6 710.8 653.7 659.7 1024.0 874.4 849.3 623.6 580.0 553.5 711.7 821.8 737.5 792.9 845.0 776.2 798.7 839.4 1094.7 -999.0 -999.0 -999.0 -999.0 -999.0 -999.0 -999.0 -999.0 -999.0 -999.0 -999.0 -999.0 -999.0 -999.0 -999.0 -999.0 -999.0 -999.0 -999.0 -999.0 -999.0 -999.0 -999.0 -999.0 -999.0 -999.0 -999.0 -999.0 -999.0 -999.0 -999.0 -999.0 -999.0 -999.0 -999.0 -999.0 -999.0 -999.0 -999.0
-999.0 -999.0 -999.0 -999.0 -999.0 -999.0 -999.0 -999.0 1257.0 -999.0 1300.9 1098.7 733.5 694.8 606.3 379.1 863.4 772.7 1013.9 854.6 850.2 751.6 662.3 867.9 836.8 758.3 699.7 682.0 800.4 948.3 1124.4 -999.0 -999.0 -999.0 -999.0 -999.0 -999.0 -999.0 -999.0 -999.0 -999.0 -999.0 -999.0 -999.0 -999.0 -999.0 -999.0 -999.0 -999.0 -999.0 -999.0 -999.0 -999.0 -999.0 -999.0 -999.0 -999.0 -999.0 -999.0 -999.0 -999.0 -999.0 -999.0 -999.0 -999.0 -999.0 -999.0 -999.0 -999.0 -999.0 -999.0
-999.0 -999.0 -999.0 -999.0 -999.0 -999.0 -999.0 -999.0 1261.1 1246.3 1203.8 1193.3 719.4 1071.8 869.6 957.6 799.5 871.5 694.0 987.0 936.2 793.5 835.1 798.3 808.5 918.9 620.9 805.6 840.8 -999.0 -999.0 -999.0 -999.0 -999.0 -999.0 -999.0 -999.0 -999.0 -999.0 -999.0 -999.0 -999.0 -999.0 -999.0 -999.0 -999.0 -999.0 -999.0 -999.0 -999.0 -999.0 -999.0 -999.0 -999.0 -999.0 -999.0 -999.0 -999.0 -999.0 -999.0 -999.0 -999.0 -999.0 -999.0 -999.0 -999.0 -999.0 -999.0 -999.0 -999.0 -999.0
-999.0 -999.0 -999.0 -999.0 -999.0 -999.0 -999.0 -999.0 -999.0 1236.0 604.8 1184.0 933.2 853.3 853.7 1035.3 687.2 834.9 704.7 741.7 951.7 860.5 901.4 872.2 827.1 850.5 773.8 1121.8 -999.0 -999.0 -999.0 -999.0 -999.0 -999.0 -999.0 -999.0 -999.0 -999.0 -999.0 -999.0 -999.0 -999.0 -999.0 -999.0 -999.0 -999.0 -999.0 -999.0 -999.0 -999.0 -999.0 -999.0 -999.0 -999.0 -999.0 -999.0 -999.0 -999.0 -999.0 -999.0 -999.0 -999.0 -999.0 -999.0 -999.0 -999.0 -999.0 -999.0 -999.0 -999.0 -999.0
-999.0 -999.0 -999.0 -999.0 -999.0 -999.0 -999.0 -999.0 -999.0 -999.0 1265.7 839.7 1198.5 959.7 561.3 984.5 936.0 935.4 1092.3 822.5 970.1 835.2 788.6 1067.7 799.2 945.0 1062.0 -999.0 -999.0 -999.0 -999.0 -999.0 -999.0 -999.0 -999.0 -999.0 -999.0 -999.0 -999.0 -999.0 -999.0 -999.0 -999.0 -999.0 -999.0 -999.0 -999.0 -999.0 -999.0 -999.0 -999.0 -999.0 -999.0 -999.0 -999.0 -999.0 -999.0 -999.0 -999.0 -999.0 -999.0 -999.0 -999.0 -999.0 -999.0 -999.0 -999.0 -999.0 -999.0 -999.0 -999.0
-999.0 -999.0 -999.0 -999.0 -999.0 -999.0 1236.3 -999.0 -999.0 1279.2 1288.6 1021.8 831.2 756.5 782.9 1011.5 930.8 709.1 853.4 943.7 1079.3 875.0 815.6 884.2 1156.9 1148.8 -999.0 -999.0 -999.0 -999.0 -999.0 -999.0 -999.0 -999.0 -999.0 -999.0 -999.0 -999.0 -999.0 -999.0 -999.0 -999.0 -999.0 -999.0 -999.0 -999.0 -999.0 -999.0 -999.0 -999.0 -999.0 -999.0 -999.0 -999.0 -999.0 -999.0 -999.0 -999.0 -999.0 -999.0 -999.0 -999.0 -999.0 -999.0 -999.0 -999.0 -999.0 -999.0 -999.0 -999.0 -999.0
-999.0 -999.0 -999.0 -999.0 1158.9 1317.5 1167.3 1290.8 1067.4 1288.6 812.0 1227.4 560.3 709.5 760.1 790.7 646.1 692.2 721.6 1094.8 959.0 1050.6 804.6 911.1 1021.3 1149.5 -999.0 -999.0 -999.0 -999.0 -999.0 -999.0 -999.0 -999.0 -999.0 -999.0 -999.0 -999.0 -999.0 -999.0 -999.0 -999.0 -999.0 -999.0 -999.0 -999.0 -999.0 -999.0 -999.0 -999.0 -999.0 -999.0 -999.0 -999.0 -999.0 -999.0 -999.0 -999.0 -999.0 -999.0 -999.0 -999.0 -999.0 -999.0 -999.0 -999.0 -999.0 -999.0 -999.0 -999.0 -999.0
-999.0 -999.0 -999.0 -999.0 814.5 1294.2 1275.2 1069.5 1003.5 815.0 534.0 738.0 1269.3 577.1 516.6 600.0 531.8 851.7 737.3 444.1 898.9 1121.6 1164.6 1206.4 1180.8 -999.0 -999.0 1126.1 -999.0 -999.0 -999.0 -999.0 -999.0 -999.0 -999.0 -999.0 -999.0 -999.0 -999.0 -999.0 -999.0 -999.0 -999.0 -999.0 -999.0 -999.0 -999.0 -999.0 -999.0 -999.0 -999.0 -999.0 -999.0 -999.0 -999.0 -999.0 -999.0 -999.0 -999.0 -999.0 -999.0 -999.0 -999.0 -999.0 -999.0 -999.0 -999.0 -999.0 -999.0 -999.0 -999.0
-999.0 -999.0 -999.0 -999.0 981.8 1118.2 1262.9 1013.5 625.6 1003.7 281.9 862.6 851.7 532.9 443.8 530.8 558.0 543.2 442.0 586.9 729.1 627.9 952.5 833.9 1138.4 1126.3 1100.0 1131.9 -999.0 -999.0 -999.0 -999.0 -999.0 -999.0 -999.0 -999.0 -999.0 -999.0 -999.0 -999.0 -999.0 -999.0 -999.0 -999.0 -999.0 -999.0 -999.0 -999.0 -999.0 -999.0 -999.0 -999.0 -999.0 -999.0 -999.0 -999.0 -999.0 -999.0 -999.0 -999.0 -999.0 -999.0 -999.0 -999.0 -999.0 -999.0 -999.0 -999.0 -999.0 -999.0 -999.0
-999.0 -999.0 -999.0 -999.0 1276.3 986.5 1239.2 914.4 874.4 513.6 695.1 710.5 873.7 860.8 814.1 493.5 628.3 564.5 583.9 874.4 903.9 771.7 964.7 885.4 1120.1 1139.2 1094.9 -999.0 -999.0 -999.0 -999.0 -999.0 -999.0 -999.0 -999.0 -999.0 -999.0 -999.0 -999.0 -999.0 -999.0 -999.0 -999.0 -999.0 -999.0 -999.0 -999.0 -999.0 -999.0 -999.0 -999.0 -999.0 -999.0 -999.0 -999.0 -999.0 -999.0 -999.0 -999.0 -999.0 -999.0 -999.0 -999.0 -999.0 -999.0 -999.0 -999.0 -999.0 -999.0 -999.0 -999.0
-999.0 -999.0 -999.0 -999.0 1192.1 1268.4 1110.9 1324.3 441.1 627.1 620.6 706.9 504.5 262.2 642.0 788.0 811.0 511.5 602.7 856.6 785.8 939.8 1046.7 1206.9 1219.0 958.6 -999.0 -999.0 -999.0 -999.0 -999.0 -999.0 -999.0 -999.0 -999.0 -999.0 -999.0 -999.0 -999.0 -999.0 -999.0 -999.0 -999.0 -999.0 -999.0 -999.0 -999.0 -999.0 -999.0 -999.0 -999.0 -999.0 -999.0 -999.0 -999.0 -999.0 -999.0 -999.0 -999.0 -999.0 -999.0 -999.0 -999.0 -999.0 -999.0 -999.0 -999.0 -999.0 -999.0 -999.0 -999.0
-999.0 -999.0 -999.0 1317.3 970.8 928.2 658.8 869.5 1286.4 697.6 706.7 658.7 746.8 710.2 798.3 626.3 825.1 840.2 351.0 696.7 859.5 1218.0 1268.5 1266.7 1207.3 -999.0 -999.0 -999.0 -999.0 -999.0 -999.0 1218.1 1204.0 1194.8 1206.8 -999.0 -999.0 1220.4 1071.9 1123.9 1194.7 1189.2 -999.0 -999.0 -999.0 1083.0 -999.0 1084.3 1126.0 -999.0 -999.0 -999.0 -999.0 -999.0 -999.0 -999.0 -999.0 -999.0 -999.0 -999.0 -999.0 -999.0 -999.0 -999.0 -999.0 -999.0 -999.0 -999.0 -999.0 -999.0 -999.0
-999.0 -999.0 -999.0 -999.0 1187.3 862.4 621.1 774.7 715.1 1248.6 714.8 773.6 612.4 793.7 894.0 1196.1 974.9 702.6 753.4 884.6 1068.4 1089.2 1010.8 917.7 1178.8 -999.0 -999.0 -999.0 1254.6 1308.6 1257.0 1233.8 1189.7 1224.8 1218.6 1227.2 1216.3 1095.9 966.1 976.7 1112.0 1142.1 1181.7 1079.3 931.3 885.9 960.7 1036.3 1089.0 1091.4 -999.0 -999.0 -999.0 -999.0 -999.0 -999.0 -999.0 -999.0 -999.0 -999.0 -999.0 -999.0 -999.0 -999.0 -999.0 -999.0 -999.0 -999.0 -999.0 -999.0 -999.0
-999.0 1151.9 -999.0 1183.2 1430.3 1325.2 1238.0 325.7 1161.1 837.0 1023.9 741.5 945.6 720.0 762.9 683.7 1020.6 1158.5 1138.0 1033.5 1196.5 947.9 1042.5 941.4 1153.2 1193.0 1187.4 1176.3 1256.5 1329.8 1165.3 971.1 1146.5 1164.4 1039.6 1222.4 915.5 805.0 862.1 922.2 1073.9 973.9 1055.7 1101.6 1014.8 893.0 956.6 1022.5 886.0 1078.4 1121.8 -999.0 -999.0 -999.0 -999.0 -999.0 -999.0 -999.0 -999.0 -999.0 -999.0 -999.0 -999.0 -999.0 -999.0 -999.0 -999.0 -999.0 -999.0 -999.0 -999.0
-999.0 -999.0 1305.9 690.2 978.7 1058.5 529.1 709.6 419.7 1028.5 761.5 731.7 828.8 849.8 1047.6 591.0 698.0 699.1 1115.8 1244.6 1032.7 1160.3 1270.3 -999.0 1193.8 1147.4 1178.2 1079.1 1101.9 1151.1 1059.4 1057.3 874.6 832.0 873.0 992.2 957.0 984.2 1019.5 1025.7 908.9 1027.9 1060.8 1044.2 962.9 965.1 962.3 995.3 1011.4 1008.6 1062.0 1102.2 -999.0 -999.0 -999.0 -999.0 -999.0 -999.0 -999.0 -999.0 -999.0 -999.0 -999.0 -999.0 -999.0 -999.0 -999.0 -999.0 -999.0 -999.0 -999.0
1167.9 -999.0 1304.2 1132.5 852.7 732.0 1023.0 446.7 544.1 940.0 818.9 626.3 567.2 597.0 831.2 820.8 633.0 747.6 815.6 1255.4 1293.9 1312.5 1337.2 1241.3 1015.3 976.0 990.4 1017.7 1098.4 952.9 868.5 869.0 714.0 774.5 927.2 793.5 806.4 815.1 878.8 1106.7 1116.9 1140.6 1046.5 1044.3 956.5 966.3 937.1 1014.4 1042.9 1070.3 1039.2 1070.5 -999.0 -999.0 -999.0 -999.0 -999.0 -999.0 -999.0 -999.0 -999.0 -999.0 -999.0 -999.0 -999.0 -999.0 -999.0 -999.0 -999.0 -999.0 -999.0
679.2 -999.0 -999.0 812.4 446.4 875.0 679.0 1324.6 957.3 868.5 863.5 564.0 720.0 374.5 419.8 511.1 739.9 921.9 1110.3 1181.6 846.3 1067.4 1239.3 988.6 810.6 684.2 784.6 888.1 855.0 871.0 697.5 677.3 947.2 932.2 939.3 998.7 842.2 853.8 922.1 1050.4 1111.8 1056.0 913.2 1051.6 999.0 987.9 881.9 1013.8 990.1 1016.3 983.7 1026.8 -999.0 -999.0 -999.0 -999.0 -999.0 -999.0 -999.0 -999.0 -999.0 -999.0 -999.0 -999.0 -999.0 -999.0 -999.0 -999.0 -999.0 -999.0 -999.0
886.8 -999.0 -999.0 1068.0 1155.9 1127.4 1225.7 973.4 753.8 507.6 874.7 741.4 791.4 901.4 960.6 748.9 746.5 765.8 806.9 872.9 603.7 1107.1 925.0 948.4 789.0 566.1 654.3 836.4 799.9 767.6 616.7 776.2 1071.7 690.8 843.6 755.7 673.5 888.5 830.9 1057.4 981.4 812.6 945.0 994.1 1075.0 986.7 1041.4 1045.2 945.6 1030.6 1033.2 -999.0 -999.0 -999.0 -999.0 -999.0 -999.0 -999.0 -999.0 -999.0 -999.0 -999.0 -999.0 -999.0 -999.0 -999.0 -999.0 -999.0 -999.0 -999.0 -999.0
1295.3 1256.3 -999.0 -999.0 1348.0 1031.3 1209.9 933.5 585.4 362.5 635.9 340.4 590.3 700.3 762.1 987.9 934.0 797.4 813.7 692.3 1237.5 944.5 998.6 578.8 769.9 779.0 511.5 719.4 722.9 735.2 833.1 973.2 872.6 792.8 833.5 743.7 762.6 650.6 792.0 993.2 783.8 924.1 999.4 998.0 864.5 1012.4 1086.7 1143.8 1077.8 1057.8 1054.3 -999.0 -999.0 -999.0 -999.0 -999.0 -999.0 -999.0 -999.0 -999.0 -999.0 -999.0 -999.0 -999.0 -999.0 -999.0 -999.0 -999.0 -999.0 -999.0 -999.0
1126.4 1234.6 -999.0 -999.0 1199.5 1205.1 1288.8 902.3 1335.2 936.0 631.5 411.7 287.7 448.7 881.8 854.4 761.8 579.2 820.8 1170.2 890.6 855.4 839.6 646.9 694.5 750.9 540.1 807.0 864.0 881.9 913.1 564.2 824.7 808.4 449.6 635.7 743.3 711.7 909.7 932.8 963.3 1013.0 1067.5 1056.5 1078.7 998.4 1083.6 1115.8 1089.1 1057.2 -999.0 -999.0 -999.0 -999.0 -999.0 -999.0 -999.0 -999.0 -999.0 -999.0 -999.0 -999.0 -999.0 -999.0 -999.0 -999.0 -999.0 -999.0 -999.0 -999.0 -999.0
1089.5 1234.3 1169.1 906.5 617.0 833.4 649.7 804.7 1127.2 749.5 308.3 347.7 923.6 702.2 856.1 662.8 517.0 562.2 777.7 1025.1 864.4 499.6 425.4 658.1 629.0 605.7 865.2 932.5 946.7 765.8 618.5 844.7 840.6 834.8 687.0 522.1 642.6 494.9 918.4 678.2 831.5 819.2 594.0 964.2 1137.2 1019.8 980.7 1093.1 1054.5 -999.0 -999.0 -999.0 -999.0 -999.0 -999.0 -999.0 -999.0 -999.0 -999.0 -999.0 -999.0 -999.0 -999.0 -999.0 -999.0 -999.0 -999.0 -999.0 -999.0 -999.0 -999.0
1340.4 1006.2 1223.6 659.3 1373.8 1256.5 991.9 535.5 371.5 760.8 628.1 735.3 435.2 588.1 659.9 680.0 889.5 877.7 909.7 884.6 644.4 383.6 502.2 737.2 458.6 783.8 678.3 984.5 996.0 910.7 764.2 680.7 682.6 647.1 500.2 536.1 793.0 700.4 974.6 963.6 1040.3 1005.9 997.3 1072.5 1115.1 1136.1 1105.8 1070.8 1159.6 -999.0 -999.0 -999.0 -999.0 -999.0 -999.0 -999.0 -999.0 -999.0 -999.0 -999.0 -999.0 -999.0 -999.0 -999.0 -999.0 -999.0 -999.0 -999.0 -999.0 -999.0 -999.0
-999.0 1187.7 1065.2 -999.0 1367.2 786.2 450.3 354.0 798.0 928.2 843.4 389.6 395.1 957.9 1041.8 819.4 529.8 1000.4 889.1 640.1 441.0 392.4 429.7 355.6 611.3 524.6 680.6 962.2 540.7 833.9 485.8 526.3 498.4 425.7 553.2 736.5 860.6 748.3 845.1 776.2 923.4 911.3 1012.5 1049.0 1085.4 1124.1 1175.6 1124.0 -999.0 -999.0 -999.0 -999.0 -999.0 -999.0 -999.0 -999.0 -999.0 -999.0 -999.0 -999.0 -999.0 -999.0 -999.0 -999.0 -999.0 -999.0 -999.0 -999.0 -999.0 -999.0 -999.0
1386.0 993.0 1366.6 -999.0 575.9 905.2 826.5 1365.7 655.6 877.5 361.5 440.9 723.6 534.7 469.5 801.9 1146.7 630.5 598.3 528.6 345.5 327.9 340.5 317.0 546.0 798.2 1029.9 974.9 888.9 581.1 365.7 428.9 668.7 549.1 714.2 626.0 721.2 830.7 915.1 837.3 822.0 848.5 964.0 916.0 1089.9 1014.1 1017.5 1108.4 -999.0 -999.0 -999.0 -999.0 -999.0 -999.0 -999.0 -999.0 -999.0 -999.0 -999.0 -999.0 -999.0 -999.0 -999.0 -999.0 -999.0 -999.0 -999.0 -999.0 -999.0 -999.0 -999.0
1082.3 1340.7 -999.0 1163.4 1028.2 703.4 1013.2 810.9 575.5 983.0 973.4 800.9 961.4 1108.8 1108.2 1076.4 676.1 391.2 374.3 370.7 340.0 252.2 351.8 704.9 888.3 897.1 430.2 697.6 175.1 132.2 335.6 385.7 397.0 584.4 665.6 688.1 641.4 1034.4 1039.3 971.8 1025.0 997.7 602.8 802.4 1152.6 1149.9 1136.6 1101.1 1165.4 -999.0 -999.0 -999.0 -999.0 -999.0 -999.0 -999.0 -999.0 -999.0 -999.0 -999.0 -999.0 -999.0 -999.0 -999.0 -999.0 -999.0 -999.0 -999.0 -999.0 -999.0 -999.0
-999.0 -999.0 1383.4 864.9 798.5 672.6 1135.4 796.3 447.7 960.9 863.0 618.3 663.2 643.3 803.8 536.9 472.3 324.9 599.9 636.4 492.6 376.2 539.2 906.4 788.4 847.7 531.5 210.0 422.0 198.6 324.1 352.7 434.5 529.7 561.0 749.3 961.8 1063.2 977.4 1090.3 1124.6 987.5 1037.2 1117.1 1192.3 1087.0 1040.5 1077.1 -999.0 -999.0 -999.0 -999.0 -999.0 -999.0 -999.0 -999.0 -999.0 -999.0 -999.0 -999.0 -999.0 -999.0 -999.0 -999.0 -999.0 -999.0 -999.0 -999.0 -999.0 -999.0 -999.0
-999.0 -999.0 1367.1 1379.6 1076.6 665.6 931.4 617.5 1099.2 1130.4 1065.3 852.0 449.5 354.0 489.8 732.4 783.5 703.7 467.3 659.6 686.7 785.2 771.4 614.8 547.9 438.5 317.0 327.6 302.1 517.3 557.9 608.3 867.0 833.2 746.6 713.4 647.6 786.9 892.1 686.4 845.1 1142.4 1057.9 939.1 914.6 909.8 1023.2 -999.0 -999.0 -999.0 -999.0 -999.0 -999.0 -999.0 -999.0 -999.0 -999.0 -999.0 -999.0 -999.0 -999.0 -999.0 -999.0 -999.0 -999.0 -999.0 -999.0 -999.0 -999.0 -999.0 -999.0
-999.0 -999.0 1067.6 733.0 1272.8 591.6 518.8 614.8 499.3 676.2 1020.9 917.7 1076.8 1127.0 481.2 575.2 478.8 145.1 894.9 764.3 758.0 687.9 718.5 499.7 547.9 372.9 523.5 587.3 618.8 533.9 685.6 461.3 457.5 330.2 463.9 662.1 499.4 317.5 503.2 573.2 713.8 725.9 780.9 792.3 915.9 959.4 1071.5 -999.0 -999.0 -999.0 -999.0 -999.0 -999.0 -999.0 -999.0 -999.0 -999.0 -999.0 -999.0 -999.0 -999.0 -999.0 -999.0 -999.0 -999.0 -999.0 -999.0 -999.0 -999.0 -999.0 -999.0
-999.0 1352.3 1429.2 1201.1 1481.3 1232.9 1015.0 716.3 1059.9 1017.5 450.7 1010.4 1092.5 1081.7 1029.1 587.3 795.7 988.0 826.8 395.1 487.3 712.4 292.6 450.7 508.5 389.0 324.2 404.2 451.6 431.5 442.4 477.4 420.5 228.3 714.3 472.5 497.1 888.9 913.5 598.8 760.7 698.5 683.5 985.2 922.1 957.0 1011.6 -999.0 -999.0 -999.0 -999.0 -999.0 -999.0 -999.0 -999.0 -999.0 -999.0 -999.0 -999.0 -999.0 -999.0 -999.0 -999.0 -999.0 -999.0 -999.0 -999.0 -999.0 -999.0 -999.0 -999.0
-999.0 -999.0 1357.7 1095.2 526.8 1216.9 1421.3 1230.4 1307.6 1342.9 1307.8 1254.5 1054.0 984.0 613.2 917.7 814.0 818.6 415.1 533.1 782.3 694.9 277.1 559.1 441.9 652.0 375.4 398.9 633.2 253.3 323.3 374.7 248.3 285.9 479.6 340.6 455.5 622.2 847.9 1033.4 966.9 748.0 883.0 1085.4 1067.8 947.0 1121.1 -999.0 -999.0 -999.0 -999.0 -999.0 -999.0 -999.0 -999.0 -999.0 -999.0 -999.0 -999.0 -999.0 -999.0 -999.0 -999.0 -999.0 -999.0 -999.0 -999.0 -999.0 -999.0 -999.0 -999.0
1297.5 1320.1 1345.5 1262.3 870.8 1380.6 594.1 1023.5 793.8 590.8 1297.4 1221.5 133.8 370.3 365.9 554.2 353.8 429.2 378.9 374.6 322.9 554.4 526.0 706.2 723.9 753.7 589.1 613.4 350.2 633.6 578.2 716.3 540.9 347.1 439.4 892.5 618.9 543.1 830.6 602.5 954.9 1095.8 1119.1 1112.3 930.5 1011.3 -999.0 -999.0 -999.0 -999.0 -999.0 -999.0 -999.0 -999.0 -999.0 -999.0 -999.0 -999.0 -999.0 -999.0 -999.0 -999.0 -999.0 -999.0 -999.0 -999.0 -999.0 -999.0 -999.0 -999.0 -999.0
