GDD/GrowingDegreeDays_1990_Actual.txt
ncols         180
nrows         290
xllcorner     -200000
yllcorner     -200000
cellsize      5000
NODATA_value    -999
[rows 96 to 127 of 290, columns 71 to 141 of 180]
1306.2 1334.1 1475.1 1555.8 1191.4 1471.7 853.6 893.8 1180.5 1450.4 1001.3 616.5 616.5 546.8 815.9 911.8 963.1 688.1 762.3 629.5 588.4 875.5 880.2 909.4 1158.9 1051.9 1230.0 981.8 788.2 851.5 777.5 911.7 959.8 857.9 797.0 910.0 982.0 855.7 851.9 1193.3 1302.4 1395.5 1395.6 1192.3 1297.0 -999.0 -999.0 -999.0 -999.0 -999.0 -999.0 -999.0 -999.0 -999.0 -999.0 -999.0 -999.0 -999.0 -999.0 -999.0 -999.0 -999.0 -999.0 -999.0 -999.0 -999.0 -999.0 -999.0 -999.0 -999.0 -999.0
1262.5 1108.4 1501.4 1547.3 1179.7 1373.6 1017.4 1185.6 1431.1 1486.7 1101.3 724.5 1418.0 743.4 939.4 782.3 978.2 747.3 1003.6 830.0 921.1 932.7 543.3 980.3 965.8 1066.9 1119.0 1164.5 815.9 959.6 1061.8 1008.8 796.7 979.8 886.4 1054.1 1005.4 1058.3 1166.8 1340.5 1322.3 1284.1 1305.6 1424.5 -999.0 -999.0 -999.0 -999.0 -999.0 -999.0 -999.0 -999.0 -999.0 -999.0 -999.0 -999.0 -999.0 -999.0 -999.0 -999.0 -999.0 -999.0 -999.0 -999.0 -999.0 -999.0 -999.0 -999.0 -999.0 -999.0 -999.0
1310.8 1502.4 987.2 1161.7 1100.5 827.3 631.1 1459.3 1569.6 755.4 1231.2 1311.5 720.2 891.7 683.8 893.0 701.4 1084.5 1170.4 1221.4 1175.3 1186.6 1166.4 935.0 1202.8 1005.8 943.4 1226.3 1062.7 929.6 1125.2 1129.6 1008.5 1020.8 1131.9 1038.5 1132.6 1322.9 1398.5 1433.0 1316.5 1379.8 1434.5 1433.5 -999.0 -999.0 -999.0 -999.0 -999.0 -999.0 -999.0 -999.0 -999.0 -999.0 -999.0 -999.0 -999.0 -999.0 -999.0 -999.0 -999.0 -999.0 -999.0 -999.0 -999.0 -999.0 -999.0 -999.0 -999.0 -999.0 -999.0
1273.9 966.2 1281.3 1096.2 1054.2 1484.4 1511.7 -999.0 1300.5 726.6 911.6 627.0 1055.3 1200.2 964.1 1052.4 1079.7 1062.3 1000.7 924.0 838.0 740.8 500.8 706.8 952.3 936.9 1235.3 1361.5 1474.0 1041.3 967.0 1162.4 1167.9 1138.7 1297.6 1252.3 1304.6 1399.8 1397.8 1372.9 1349.7 1275.9 1291.7 -999.0 -999.0 -999.0 -999.0 -999.0 -999.0 -999.0 -999.0 -999.0 -999.0 -999.0 -999.0 -999.0 -999.0 -999.0 -999.0 -999.0 -999.0 -999.0 -999.0 -999.0 -999.0 -999.0 -999.0 -999.0 -999.0 -999.0 -999.0
1559.5 1315.4 1194.5 1302.1 997.8 1397.8 -999.0 1557.7 1338.2 1544.2 1122.8 1285.6 933.4 519.5 972.9 881.6 1022.3 767.8 600.9 704.5 907.7 1250.3 1173.0 1293.9 1033.0 1112.6 1117.8 1006.0 1086.7 1129.1 1079.0 1219.9 1357.0 1344.6 1438.0 1429.8 1342.0 1306.6 1343.5 1345.5 1335.9 1438.9 1431.0 -999.0 -999.0 -999.0 -999.0 -999.0 -999.0 -999.0 -999.0 -999.0 -999.0 -999.0 -999.0 -999.0 -999.0 -999.0 -999.0 -999.0 -999.0 -999.0 -999.0 -999.0 -999.0 -999.0 -999.0 -999.0 -999.0 -999.0 -999.0
1511.3 1367.4 1560.9 1169.6 1462.4 -999.0 1590.2 1567.0 1409.7 544.4 941.2 397.6 878.8 1097.0 1209.6 891.4 828.2 944.5 774.9 1012.3 816.2 709.8 864.2 1325.6 1031.1 847.0 796.6 1029.4 1034.1 1481.4 1270.8 1442.4 1501.1 1516.9 1489.0 1221.1 1220.1 1213.7 1255.2 1248.3 1337.8 1449.6 1548.9 -999.0 -999.0 -999.0 -999.0 -999.0 -999.0 -999.0 -999.0 -999.0 -999.0 -999.0 -999.0 -999.0 -999.0 -999.0 -999.0 -999.0 -999.0 -999.0 -999.0 -999.0 -999.0 -999.0 -999.0 -999.0 -999.0 -999.0 -999.0
1529.2 1463.2 853.5 1566.3 -999.0 1615.5 -999.0 1193.4 1049.9 868.7 1515.8 653.3 936.7 889.0 1052.4 462.0 933.1 466.1 947.8 1025.5 609.3 1143.1 1528.4 981.8 653.6 605.3 1098.2 1107.7 1086.7 1198.7 1375.2 1454.6 1470.9 1462.2 1141.6 1306.2 1338.5 1406.0 1369.7 1376.0 1491.5 1562.9 -999.0 -999.0 -999.0 -999.0 -999.0 -999.0 -999.0 -999.0 -999.0 -999.0 -999.0 -999.0 -999.0 -999.0 -999.0 -999.0 -999.0 -999.0 -999.0 -999.0 -999.0 -999.0 -999.0 -999.0 -999.0 -999.0 -999.0 -999.0 -999.0
663.7 791.7 1124.7 1563.3 -999.0 -999.0 1492.9 1461.0 1492.1 1433.8 1072.8 584.0 1311.4 1080.8 515.7 821.5 823.0 598.7 595.0 812.6 1381.5 858.4 858.1 659.0 801.2 999.3 749.8 744.4 1082.3 1303.8 1477.4 1463.4 1342.0 1088.0 1357.9 1503.5 1486.1 1633.3 1600.4 1565.5 -999.0 -999.0 -999.0 -999.0 -999.0 -999.0 -999.0 -999.0 -999.0 -999.0 -999.0 -999.0 -999.0 -999.0 -999.0 -999.0 -999.0 -999.0 -999.0 -999.0 -999.0 -999.0 -999.0 -999.0 -999.0 -999.0 -999.0 -999.0 -999.0 -999.0 -999.0
921.4 1228.0 1428.3 1560.7 -999.0 1592.8 1434.1 1272.2 1081.5 1302.7 1075.3 1413.1 1423.7 1160.5 882.7 968.3 1131.8 1194.9 1125.0 971.5 729.8 1129.8 914.4 981.6 826.0 748.8 971.9 1036.1 1241.2 1410.4 1486.9 1483.7 1269.9 1382.2 1589.5 1633.5 1674.2 1630.3 1640.9 -999.0 -999.0 -999.0 -999.0 -999.0 -999.0 -999.0 -999.0 -999.0 -999.0 -999.0 -999.0 -999.0 -999.0 -999.0 -999.0 -999.0 -999.0 -999.0 -999.0 -999.0 -999.0 -999.0 -999.0 -999.0 -999.0 -999.0 -999.0 -999.0 -999.0 -999.0 -999.0
1404.4 1126.0 1393.4 -999.0 -999.0 1556.9 1086.6 1203.9 1006.4 1267.7 1444.7 1217.3 849.6 845.1 944.6 1045.9 957.3 734.8 1139.8 985.3 1303.4 1143.3 895.1 1205.8 1453.9 1480.3 1351.4 1421.9 1491.1 1473.3 1495.2 1639.1 1492.0 1568.3 1634.8 1478.9 1565.9 1494.0 1569.5 -999.0 -999.0 -999.0 -999.0 -999.0 -999.0 -999.0 -999.0 -999.0 -999.0 -999.0 -999.0 -999.0 -999.0 -999.0 -999.0 -999.0 -999.0 -999.0 -999.0 -999.0 -999.0 -999.0 -999.0 -999.0 -999.0 -999.0 -999.0 -999.0 -999.0 -999.0 -999.0
-999.0 -999.0 -999.0 -999.0 1587.3 1198.5 1166.0 1065.0 1152.5 1073.2 830.8 892.8 704.9 1155.2 862.9 1386.7 785.5 1329.9 702.7 1223.5 971.2 622.9 1070.9 1276.9 1135.9 1265.6 1484.1 1421.2 1533.6 1634.3 1583.4 1663.9 1643.9 1530.8 1546.8 1555.8 1503.8 1555.7 1538.4 1636.6 -999.0 -999.0 -999.0 -999.0 -999.0 -999.0 -999.0 -999.0 -999.0 -999.0 -999.0 -999.0 -999.0 -999.0 -999.0 -999.0 -999.0 -999.0 -999.0 -999.0 -999.0 -999.0 -999.0 -999.0 -999.0 -999.0 -999.0 -999.0 -999.0 -999.0 -999.0
-999.0 -999.0 -999.0 -999.0 1538.5 1519.7 1153.9 1041.3 1408.6 963.9 1218.8 1431.8 1044.5 842.0 926.3 1563.4 858.5 964.2 923.9 1180.0 847.1 1023.2 950.5 789.7 1079.4 1182.7 1238.2 1296.6 1361.7 1337.0 1311.2 1217.1 1278.3 1463.9 1590.7 1560.6 1366.0 1479.1 1350.1 1434.1 1488.4 -999.0 -999.0 -999.0 -999.0 -999.0 -999.0 -999.0 -999.0 -999.0 -999.0 -999.0 -999.0 -999.0 -999.0 -999.0 -999.0 -999.0 -999.0 -999.0 -999.0 -999.0 -999.0 -999.0 -999.0 -999.0 -999.0 -999.0 -999.0 -999.0 -999.0
-999.0 -999.0 -999.0 1601.4 1540.1 1448.5 1107.7 1296.7 1084.5 1094.3 1251.0 1463.0 982.6 938.8 722.3 1466.6 961.0 1118.7 1085.6 1178.1 1054.8 1493.4 1312.2 1240.4 1277.1 1437.2 1243.3 1056.0 884.2 1002.6 1092.5 1242.9 1358.6 1270.5 1562.7 1419.0 1361.0 1347.5 1351.3 1391.4 1456.6 1549.9 -999.0 -999.0 -999.0 -999.0 -999.0 -999.0 -999.0 -999.0 -999.0 -999.0 -999.0 -999.0 -999.0 -999.0 -999.0 -999.0 -999.0 -999.0 -999.0 -999.0 -999.0 -999.0 -999.0 -999.0 -999.0 -999.0 -999.0 -999.0 -999.0
-999.0 -999.0 1596.4 -999.0 1488.7 1317.1 1421.7 1075.5 944.9 1434.6 1524.5 1159.5 787.8 1079.6 1611.1 1374.5 547.3 1337.3 1350.7 1268.8 1232.8 1410.8 1458.8 1558.8 1507.6 1220.9 855.5 890.5 1044.9 1142.9 1333.8 1394.8 1400.1 1318.0 1427.5 1436.8 1555.0 1646.4 1641.6 1636.1 1636.4 -999.0 -999.0 -999.0 -999.0 -999.0 -999.0 -999.0 -999.0 -999.0 -999.0 -999.0 -999.0 -999.0 -999.0 -999.0 -999.0 -999.0 -999.0 -999.0 -999.0 -999.0 -999.0 -999.0 -999.0 -999.0 -999.0 -999.0 -999.0 -999.0 -999.0
-999.0 1598.9 1207.1 -999.0 1550.5 1500.9 1363.8 1336.2 1375.0 1357.6 888.0 1400.7 937.2 916.8 947.2 1264.0 1489.0 812.0 1309.4 1510.1 1600.5 1610.9 1637.8 1677.1 1712.1 1367.6 1544.1 1562.7 1553.3 1395.1 1273.4 1380.8 1383.2 1458.4 1528.7 1534.4 1668.6 -999.0 -999.0 -999.0 -999.0 -999.0 -999.0 -999.0 -999.0 -999.0 -999.0 -999.0 -999.0 -999.0 -999.0 -999.0 -999.0 -999.0 -999.0 -999.0 -999.0 -999.0 -999.0 -999.0 -999.0 -999.0 -999.0 -999.0 -999.0 -999.0 -999.0 -999.0 -999.0 -999.0 -999.0
1560.0 1337.2 1449.6 -999.0 1195.3 1521.6 1274.3 1406.3 1624.4 1033.7 1013.5 870.7 845.5 1554.0 1009.2 1034.2 1586.9 1271.0 1214.9 1433.1 1414.0 1353.7 1302.2 1247.2 1636.6 1699.6 1696.6 1618.7 1523.2 1418.2 1298.9 1371.3 1388.3 1400.6 1542.1 -999.0 -999.0 -999.0 -999.0 -999.0 -999.0 -999.0 -999.0 -999.0 -999.0 -999.0 -999.0 -999.0 -999.0 -999.0 -999.0 -999.0 -999.0 -999.0 -999.0 -999.0 -999.0 -999.0 -999.0 -999.0 -999.0 -999.0 -999.0 -999.0 -999.0 -999.0 -999.0 -999.0 -999.0 -999.0 -999.0
908.5 1345.4 -999.0 1524.2 1497.5 1130.7 1406.8 1580.2 1042.4 1314.0 963.2 896.0 1164.1 1375.3 1019.6 1034.7 1671.2 1668.1 1620.7 1537.0 1424.8 1356.0 1140.8 1074.3 1385.9 1564.4 1680.7 1723.6 1601.3 1585.3 1518.3 1502.0 1334.0 1364.6 1627.1 -999.0 -999.0 -999.0 -999.0 -999.0 -999.0 -999.0 -999.0 -999.0 -999.0 -999.0 -999.0 -999.0 -999.0 -999.0 -999.0 -999.0 -999.0 -999.0 -999.0 -999.0 -999.0 -999.0 -999.0 -999.0 -999.0 -999.0 -999.0 -999.0 -999.0 -999.0 -999.0 -999.0 -999.0 -999.0 -999.0
1591.9 1602.6 -999.0 1587.6 959.0 1305.6 -999.0 1473.1 1100.0 1287.7 1047.7 1158.3 1108.3 1611.6 1583.2 1380.3 1546.8 1555.3 1414.6 1567.1 892.6 911.1 1037.5 1063.9 1345.3 1609.9 1625.7 1757.0 1797.0 1717.7 1681.4 1610.6 1662.0 -999.0 -999.0 -999.0 -999.0 -999.0 1592.6 1590.4 1579.6 1688.4 -999.0 -999.0 -999.0 -999.0 -999.0 -999.0 -999.0 -999.0 -999.0 -999.0 -999.0 -999.0 -999.0 -999.0 -999.0 -999.0 -999.0 -999.0 -999.0 -999.0 -999.0 -999.0 -999.0 -999.0 -999.0 -999.0 -999.0 -999.0 -999.0
1354.9 -999.0 -999.0 1198.2 1541.0 1045.8 -999.0 1502.4 1011.0 1357.7 1590.6 913.7 1622.0 1758.6 1753.1 1671.4 1502.9 1345.5 1126.6 1393.7 1367.1 1466.8 1451.9 1485.4 1415.8 1432.9 1444.9 1553.3 1664.1 1579.3 1513.3 1552.5 1657.7 1696.4 1722.7 -999.0 -999.0 1692.9 1597.7 1497.6 1580.8 1612.9 1658.5 1703.6 -999.0 -999.0 -999.0 -999.0 -999.0 -999.0 -999.0 -999.0 -999.0 -999.0 -999.0 -999.0 -999.0 -999.0 -999.0 -999.0 -999.0 -999.0 -999.0 -999.0 -999.0 -999.0 -999.0 -999.0 -999.0 -999.0 -999.0
1673.9 -999.0 -999.0 1604.0 1295.0 1119.6 1593.3 1334.3 1533.2 1392.5 1317.0 1240.6 1693.2 1577.4 1347.6 1355.2 1372.0 1569.5 1579.7 1547.8 1591.8 1525.7 1520.3 1503.7 1427.5 1337.4 1352.7 1442.9 1323.3 1288.3 1481.1 1550.2 1574.9 1612.4 1586.3 1674.7 1638.7 1532.5 1498.8 1547.8 1449.9 1278.3 1342.4 1272.1 1632.5 -999.0 -999.0 -999.0 -999.0 -999.0 -999.0 -999.0 -999.0 -999.0 -999.0 -999.0 -999.0 -999.0 -999.0 -999.0 -999.0 -999.0 -999.0 -999.0 -999.0 -999.0 -999.0 -999.0 -999.0 -999.0 -999.0
-999.0 -999.0 -999.0 1382.3 1011.3 1351.7 1260.6 1624.3 1370.7 1482.5 1704.8 1718.7 -999.0 1342.1 1053.6 1357.9 1473.8 1597.9 1607.6 1685.1 1731.8 1532.0 1545.7 1496.8 1315.0 1259.1 1244.0 1324.9 1374.4 1378.8 1437.7 1432.0 1421.0 1349.0 1491.1 1597.4 1426.2 1464.3 1415.1 1434.8 1286.6 1138.5 1135.1 1104.2 1294.0 1263.7 1255.2 1630.6 -999.0 -999.0 -999.0 -999.0 -999.0 -999.0 -999.0 -999.0 -999.0 -999.0 -999.0 -999.0 -999.0 -999.0 -999.0 -999.0 -999.0 -999.0 -999.0 -999.0 -999.0 -999.0 -999.0
-999.0 -999.0 -999.0 1383.8 1415.7 1499.8 1070.9 1666.7 -999.0 1723.7 1610.7 1744.3 -999.0 1280.3 921.6 1257.6 1339.0 1551.3 1646.5 1669.0 1675.5 1762.4 1687.6 1588.0 1464.6 1228.5 1197.8 1199.1 1298.4 1295.0 1217.4 1184.8 1073.6 1209.8 1455.3 1529.6 1385.4 1361.4 1318.6 976.9 927.8 1103.3 1125.3 1213.3 1249.4 1246.4 1446.1 1494.3 -999.0 -999.0 -999.0 -999.0 -999.0 -999.0 -999.0 -999.0 -999.0 -999.0 -999.0 -999.0 -999.0 -999.0 -999.0 -999.0 -999.0 -999.0 -999.0 -999.0 -999.0 -999.0 -999.0
-999.0 -999.0 -999.0 -999.0 1430.6 1258.2 1432.5 1705.5 -999.0 -999.0 1677.5 1757.2 1602.9 1323.5 1098.2 1442.8 1376.6 1276.0 1429.0 1482.6 1576.6 1426.3 1602.1 1684.3 1557.1 1421.5 1255.4 1178.8 1068.5 1167.1 1030.5 1018.8 1154.6 1233.2 1237.5 1303.7 1248.5 1151.1 1076.8 1108.6 969.7 1100.6 1171.6 1220.9 1481.3 1469.9 1366.8 1366.6 1447.0 -999.0 -999.0 -999.0 -999.0 -999.0 -999.0 -999.0 -999.0 -999.0 -999.0 -999.0 -999.0 -999.0 -999.0 -999.0 -999.0 -999.0 -999.0 -999.0 -999.0 -999.0 -999.0
-999.0 -999.0 -999.0 1650.2 1361.5 1306.3 -999.0 -999.0 -999.0 -999.0 -999.0 1761.5 1735.7 1284.2 1390.1 1580.6 1419.5 1293.5 1210.6 1311.6 1418.3 1392.8 1365.1 1474.4 1591.8 1390.5 1198.8 1231.6 1198.8 1162.0 1048.5 1132.9 1220.3 1175.5 1185.8 985.1 1031.7 1153.6 1178.4 1276.2 1150.1 1189.2 1268.8 1252.2 1449.4 1500.2 1494.9 1503.5 1558.8 -999.0 -999.0 -999.0 -999.0 -999.0 -999.0 -999.0 -999.0 -999.0 -999.0 -999.0 -999.0 -999.0 -999.0 -999.0 -999.0 -999.0 -999.0 -999.0 -999.0 -999.0 -999.0
-999.0 1719.1 -999.0 1247.2 1365.3 1602.4 1669.6 1353.2 1252.6 -999.0 -999.0 -999.0 1757.0 1498.4 1542.0 1544.5 1505.4 1401.2 1250.6 1185.2 1151.3 1144.3 1250.8 1292.6 1379.7 1587.9 1252.8 1274.3 1234.8 1236.4 1294.5 1290.6 1089.4 1179.7 979.4 803.1 899.5 1074.9 1094.9 1316.1 1287.1 1318.8 1317.4 1309.8 1452.5 1502.5 1536.2 1506.0 1476.9 1507.9 -999.0 -999.0 -999.0 -999.0 -999.0 -999.0 -999.0 -999.0 -999.0 -999.0 -999.0 -999.0 -999.0 -999.0 -999.0 -999.0 -999.0 -999.0 -999.0 -999.0 -999.0
-999.0 -999.0 1680.5 1201.9 1350.8 1656.5 1296.8 1085.9 982.6 1613.4 -999.0 -999.0 -999.0 1736.0 1668.8 1667.6 1606.8 1538.9 1461.1 1264.1 1196.7 1188.3 1284.7 1306.4 1310.3 1322.2 1389.2 1333.9 1284.8 1147.2 1220.4 1045.7 1318.9 1183.7 1230.4 1218.8 929.6 971.9 1175.4 1270.9 1401.4 1434.8 1438.4 1435.9 1497.3 1517.8 1570.8 1497.8 1434.2 1490.6 1553.6 -999.0 -999.0 -999.0 -999.0 -999.0 -999.0 -999.0 -999.0 -999.0 -999.0 -999.0 -999.0 -999.0 -999.0 -999.0 -999.0 -999.0 -999.0 -999.0 -999.0
-999.0 -999.0 1533.2 1334.6 1162.9 1673.0 1667.7 1211.0 1115.1 1681.7 -999.0 -999.0 -999.0 -999.0 -999.0 1690.6 1661.3 1672.6 1629.8 1509.5 1413.5 1237.1 1048.8 1090.9 1216.3 1290.8 1377.3 1278.1 1256.2 1209.6 1279.1 1094.6 1342.0 1232.5 1162.8 1259.5 1463.8 1351.4 1464.1 1363.8 1504.2 1421.5 1470.8 1613.6 1631.1 1608.2 1574.0 1576.2 1382.7 1382.3 1461.7 1570.1 -999.0 -999.0 -999.0 -999.0 -999.0 -999.0 -999.0 -999.0 -999.0 -999.0 -999.0 -999.0 -999.0 -999.0 -999.0 -999.0 -999.0 -999.0 -999.0
-999.0 -999.0 1438.3 1209.2 1329.7 -999.0 1691.2 1548.1 922.7 1501.7 -999.0 -999.0 -999.0 -999.0 -999.0 1700.4 1596.2 1461.2 1539.0 1341.1 1136.3 1150.8 1011.6 988.2 1060.8 1230.1 1167.0 1241.6 1273.5 1110.4 1070.8 1360.2 725.3 1139.2 933.7 1192.0 1062.4 1142.1 1508.3 1348.1 1493.7 1562.1 1579.3 1565.7 1467.5 1412.3 1481.8 1426.9 1555.2 1390.7 1260.7 1487.9 1516.7 1632.6 -999.0 -999.0 -999.0 -999.0 -999.0 -999.0 -999.0 -999.0 -999.0 -999.0 -999.0 -999.0 -999.0 -999.0 -999.0 -999.0 -999.0
-999.0 -999.0 1464.2 1441.8 1655.6 -999.0 -999.0 1294.9 1009.0 1167.8 -999.0 -999.0 -999.0 -999.0 -999.0 1717.1 1669.9 1490.4 1504.2 1420.4 1253.4 1334.4 1218.6 1194.6 1053.4 1136.4 1127.8 1209.0 1041.6 786.9 945.0 1059.0 640.6 772.5 1084.8 1066.6 1249.4 1442.0 1376.0 1344.2 1480.7 1455.7 1447.6 1561.1 1503.8 1491.5 1341.5 1099.8 1269.9 1338.6 1302.3 1311.0 1505.4 1597.7 -999.0 -999.0 -999.0 -999.0 -999.0 -999.0 -999.0 -999.0 -999.0 -999.0 -999.0 -999.0 -999.0 -999.0 -999.0 -999.0 -999.0
-999.0 -999.0 1598.7 1560.5 -999.0 -999.0 -999.0 1671.1 1445.3 1371.9 -999.0 -999.0 -999.0 -999.0 -999.0 1696.1 1622.9 1524.0 1491.4 1470.3 1401.4 1267.8 996.4 903.1 1064.7 1001.3 1177.8 1240.3 1192.2 953.2 1201.4 831.1 916.0 1045.6 970.9 955.8 1338.9 1216.1 1396.8 1329.0 1361.3 1545.8 1439.4 1382.4 1380.5 1427.1 1000.0 975.0 1026.6 1333.0 1310.8 1314.9 1435.9 1514.3 -999.0 -999.0 -999.0 -999.0 -999.0 -999.0 -999.0 -999.0 -999.0 -999.0 -999.0 -999.0 -999.0 -999.0 -999.0 -999.0 -999.0
-999.0 1327.8 1407.0 1175.2 1794.9 -999.0 -999.0 -999.0 -999.0 -999.0 -999.0 -999.0 -999.0 -999.0 1560.4 1575.6 1463.8 1455.4 1419.8 1353.2 1386.5 1207.5 1138.2 977.2 1100.0 1116.9 939.2 1046.9 936.1 884.1 898.2 719.8 771.1 1088.4 1023.9 990.2 1107.4 1243.8 1232.1 1420.5 1342.7 1295.6 1455.8 1328.0 1330.5 1104.3 1071.3 886.1 1030.2 1371.4 1403.4 1476.0 1418.6 1497.6 -999.0 -999.0 -999.0 -999.0 -999.0 -999.0 -999.0 -999.0 -999.0 -999.0 -999.0 -999.0 -999.0 -999.0 -999.0 -999.0 -999.0
-999.0 1230.3 1252.8 1420.4 1775.0 -999.0 -999.0 -999.0 -999.0 -999.0 -999.0 -999.0 -999.0 -999.0 1299.8 1574.3 1425.5 1268.4 1164.3 1197.0 1285.2 1271.4 1219.8 1356.3 1219.2 960.2 905.8 1002.8 1030.4 1136.2 1247.8 757.4 1090.0 1047.6 1083.8 1078.2 1152.1 1272.4 1432.5 1224.2 1284.3 1293.3 1329.9 1277.5 1128.1 1034.7 1119.4 1037.8 1084.0 1383.9 1528.1 1527.4 1367.9 1571.8 -999.0 -999.0 -999.0 -999.0 -999.0 -999.0 -999.0 -999.0 -999.0 -999.0 -999.0 -999.0 -999.0 -999.0 -999.0 -999.0 -999.0
