GDD/GrowingDegreeDays_1987_Actual.txt
ncols         180
nrows         290
xllcorner     -200000
yllcorner     -200000
cellsize      5000
NODATA_value    -999
[rows 192 to 223 of 290, columns 71 to 141 of 180]
-999.0 -999.0 -999.0 -999.0 -999.0 -999.0 -999.0 -999.0 -999.0 -999.0 -999.0 -999.0 -999.0 -999.0 -999.0 -999.0 -999.0 -999.0 -999.0 -999.0 -999.0 1591.4 1332.6 1162.6 1030.6 882.3 977.4 1184.9 1383.8 1514.7 1409.7 1251.5 1159.4 1109.2 1349.2 1504.0 1462.2 1365.3 1374.9 1513.3 1303.7 1392.4 1407.9 1521.7 1486.1 1606.5 1666.4 1647.6 1593.7 1647.9 1691.0 1678.5 1657.5 1650.7 1583.0 1626.9 1646.7 1610.4 1548.8 1519.0 1501.0 1463.9 1517.4 1548.0 1473.1 1504.7 1528.2 1561.5 1570.8 1652.9 1651.5
-999.0 -999.0 -999.0 -999.0 -999.0 -999.0 -999.0 -999.0 -999.0 -999.0 -999.0 -999.0 -999.0 -999.0 -999.0 -999.0 -999.0 -999.0 -999.0 -999.0 1713.9 1653.8 1394.7 1149.2 1047.2 1102.4 1130.9 1246.7 1170.1 889.3 1118.1 1136.3 1182.0 1409.6 1511.6 1428.9 1396.7 1499.4 1504.7 1454.0 1341.9 1365.4 1407.7 1537.7 1495.2 1650.2 1657.5 1573.8 1672.5 1586.0 1583.7 1621.1 1590.2 1634.4 1610.2 1684.2 1690.7 1616.0 1589.0 1597.8 1524.1 1536.7 1460.1 1516.5 1481.3 1558.4 1559.5 1580.1 1649.2 1677.2 1627.8
-999.0 -999.0 -999.0 -999.0 -999.0 -999.0 -999.0 -999.0 -999.0 -999.0 -999.0 -999.0 -999.0 -999.0 -999.0 -999.0 -999.0 -999.0 -999.0 -999.0 1469.4 1438.9 1399.1 1333.0 1164.5 910.4 955.3 1035.2 1156.3 1123.0 1055.6 1019.5 1044.6 1374.2 1276.3 1200.7 1506.0 1332.4 1589.5 1519.0 1385.8 1263.0 1507.8 1505.5 1642.8 1691.9 1665.0 1628.6 1423.7 1521.1 1534.1 1557.1 1567.2 1596.2 1608.7 1671.1 1656.2 1636.8 1599.5 1658.3 1627.6 1512.9 1471.3 1493.4 1468.6 1557.7 1621.7 1655.9 1699.0 1675.0 1636.3
-999.0 -999.0 -999.0 -999.0 -999.0 -999.0 -999.0 -999.0 -999.0 -999.0 -999.0 -999.0 -999.0 -999.0 -999.0 -999.0 -999.0 -999.0 -999.0 -999.0 1506.6 1440.4 1592.9 1399.4 1174.4 902.2 1033.8 1014.6 1212.4 1100.6 1151.5 1271.9 1213.6 1202.4 1280.3 1411.0 1539.3 1521.3 1313.3 1570.3 1548.7 1521.1 1538.4 1473.6 1619.5 1729.9 1701.3 1617.7 1578.3 1598.1 1534.4 1548.1 1560.3 1567.4 1649.9 1649.0 1589.7 1615.3 1588.1 1668.9 1601.1 1494.7 1485.6 1570.7 1588.9 1555.5 1640.1 1642.8 1741.2 1673.8 1659.4
-999.0 -999.0 -999.0 -999.0 -999.0 -999.0 -999.0 -999.0 -999.0 -999.0 -999.0 -999.0 -999.0 -999.0 -999.0 -999.0 -999.0 -999.0 -999.0 1592.4 1397.4 1151.7 1247.7 1347.0 1114.9 1057.7 953.1 966.4 1364.5 1355.0 1395.0 1278.4 1179.4 1338.2 1345.4 1250.7 1436.3 1525.4 1556.8 1619.7 1642.8 1618.3 1572.3 1625.0 1681.0 1720.8 1738.5 1714.8 1654.6 1617.1 1652.2 1596.7 1602.8 1572.9 1637.8 1630.1 1625.5 1653.9 1663.0 1652.0 1545.5 1543.8 1547.5 1646.1 1615.8 1617.5 1638.9 1708.2 1672.7 1666.8 1663.9
-999.0 -999.0 -999.0 -999.0 -999.0 -999.0 -999.0 -999.0 -999.0 -999.0 -999.0 -999.0 -999.0 -999.0 -999.0 -999.0 -999.0 -999.0 1481.1 1408.6 1281.4 1341.1 1371.1 1129.4 947.6 933.4 1104.0 1055.1 1358.7 1271.8 1375.2 1415.8 985.8 1308.9 1268.7 1507.0 1517.4 1612.7 1617.8 1593.9 1509.3 1602.8 1485.3 1660.4 1669.5 1800.5 1801.6 1749.5 1714.8 1686.8 1688.7 1636.7 1591.1 1600.4 1709.0 1662.4 1649.2 1619.8 1611.6 1594.5 1533.7 1574.4 1535.0 1637.3 1649.3 1715.3 1714.1 1631.9 1610.7 1647.0 1645.2
-999.0 -999.0 -999.0 -999.0 -999.0 -999.0 -999.0 -999.0 -999.0 -999.0 -999.0 -999.0 -999.0 -999.0 -999.0 -999.0 1451.1 1456.4 1473.6 1568.4 1533.5 1415.7 1340.4 1074.8 982.8 901.5 880.7 1063.1 1230.9 1491.8 1317.5 1386.8 1107.9 1336.3 1469.4 1547.3 1635.3 1616.4 1672.7 1595.7 1473.4 1539.0 1561.2 1771.4 1793.8 1816.0 1806.0 1726.2 1713.6 1688.0 1719.2 1629.6 1581.3 1675.4 1719.7 1710.2 1595.8 1584.8 1527.3 1484.5 1512.2 1540.4 1594.0 1648.2 1636.3 1620.3 1645.6 1618.6 1687.1 1651.0 1654.0
-999.0 -999.0 -999.0 -999.0 -999.0 -999.0 -999.0 -999.0 -999.0 -999.0 -999.0 -999.0 1715.0 1704.1 1698.5 1354.1 1253.8 1186.9 1180.2 1400.6 1431.5 1451.5 1068.1 1130.6 985.0 986.8 1041.4 1284.9 1401.9 1541.4 1424.8 1471.4 1047.6 1195.0 1391.0 1602.9 1593.7 1627.1 1474.7 1656.3 1515.5 1525.2 1619.1 1765.5 1884.8 1889.2 1767.9 1775.2 1762.9 1662.6 1707.9 1646.0 1638.3 1666.5 1666.1 1621.1 1650.2 1569.6 1586.5 1544.9 1474.8 1482.8 1509.8 1566.0 1571.8 1597.4 1640.6 1675.8 1636.0 1717.4 1711.7
-999.0 -999.0 -999.0 -999.0 -999.0 -999.0 -999.0 -999.0 -999.0 -999.0 -999.0 1549.5 1625.7 1492.1 1495.7 1483.5 1276.9 1321.3 1282.1 1464.8 1575.8 1290.4 1173.7 1062.2 1326.2 939.1 1143.4 1331.4 1064.1 1316.4 1572.5 1119.6 1295.7 1383.8 1690.3 1711.0 1672.9 1438.5 1662.8 1661.1 1626.1 1633.5 1609.1 1766.4 1836.5 1948.1 1839.5 1820.3 1786.5 1710.7 1699.8 1681.9 1681.9 1696.3 1628.7 1626.5 1486.3 1613.4 1623.5 1577.0 1511.6 1554.1 1565.5 1620.0 1643.9 1618.2 1653.0 1629.7 1696.3 1719.3 1697.6
-999.0 -999.0 -999.0 -999.0 -999.0 -999.0 -999.0 -999.0 -999.0 -999.0 1515.2 1509.2 1654.6 1613.1 1581.5 1477.6 1512.3 1434.9 1492.4 1470.8 1151.3 1343.7 1412.2 1070.7 1470.5 1184.2 1126.9 941.1 1086.5 1119.7 1327.6 1383.3 1483.9 1702.4 1372.6 1417.4 1686.9 1660.8 1723.1 1755.8 1672.3 1708.0 1765.1 1752.4 1786.7 1943.3 1883.3 1859.3 1806.0 1785.9 1763.4 1738.3 1614.9 1756.5 1692.6 1616.7 1551.9 1585.0 1616.1 1571.5 1520.1 1532.2 1515.6 1580.9 1657.7 1676.2 1702.5 1642.6 1673.8 1722.4 1658.2
-999.0 -999.0 -999.0 -999.0 -999.0 -999.0 1695.5 1469.3 1581.3 1433.7 1590.9 1577.1 1520.1 1575.6 1577.0 1395.2 1465.9 1431.2 1460.1 1277.7 1290.5 1415.5 1336.8 1305.1 1364.0 1305.0 1053.0 1040.6 1214.5 1300.7 1221.8 1428.7 1674.4 1329.8 1259.1 1458.9 1446.3 1655.9 1680.1 1776.2 1750.7 1565.4 1762.4 1659.6 1844.2 1901.9 1874.9 1838.8 1659.9 1762.4 1719.4 1457.4 1714.3 1730.4 1684.0 1601.5 1523.8 1611.0 1601.9 1583.9 1600.0 1566.7 1572.8 1621.1 1673.4 1651.7 1687.2 1671.5 1654.5 1666.8 1710.6
-999.0 -999.0 -999.0 -999.0 -999.0 1645.9 1508.5 1523.0 1496.9 1305.6 1086.3 1204.2 1259.9 1472.1 1371.3 1244.2 1331.4 1367.6 1231.6 1395.4 1443.1 1259.8 1449.4 1547.3 1395.0 1301.0 1165.2 1180.4 1244.7 1338.0 1388.4 1492.3 1424.2 873.6 1148.7 1416.6 1604.0 1580.3 1689.1 1590.7 1743.0 1696.9 1786.2 1812.7 1841.5 1844.4 1863.6 1859.5 1767.1 1716.7 1464.0 1455.5 1538.7 1639.6 1667.4 1452.2 1556.0 1608.8 1596.4 1634.5 1582.2 1585.1 1597.2 1659.0 1602.8 1630.8 1680.9 1572.3 1602.2 1699.3 1722.0
-999.0 -999.0 -999.0 1703.1 1600.5 1574.5 1482.6 1532.6 1478.5 1377.1 1370.7 1448.3 1544.1 1368.7 1462.2 1320.4 1560.5 1477.9 1295.5 1376.9 1520.9 1428.2 1628.8 1583.4 1246.8 1101.8 1230.4 1369.9 1267.8 1514.8 1580.2 1577.9 1264.0 1106.1 1104.6 1596.7 1545.8 1573.2 1590.1 1677.9 1813.3 1711.1 1762.5 1787.5 1847.1 1832.7 1893.9 1888.1 1760.3 1688.9 1460.4 1494.6 1559.5 1650.4 1592.2 1470.1 1515.5 1554.6 1608.7 1606.9 1614.2 1622.9 1629.3 1631.4 1613.9 1606.2 1636.3 1647.0 1660.8 1707.8 1656.2
-999.0 -999.0 -999.0 1721.1 -999.0 1703.1 1652.6 1511.3 1574.3 1509.5 1532.9 1489.9 1545.1 1515.1 1416.7 1550.1 1483.6 1620.1 1661.8 1662.0 1658.4 1654.6 1428.2 1471.5 1151.1 726.8 1226.0 1236.7 1288.6 1038.4 1067.3 1637.1 1696.7 1013.9 1341.4 1515.3 1480.6 1426.8 1622.3 1785.1 1858.0 1690.8 1676.4 1788.3 1866.7 1893.1 1861.8 1893.8 1766.1 1515.6 1443.4 1556.4 1617.6 1643.1 1659.2 1641.5 1566.0 1629.6 1662.3 1688.6 1695.4 1672.2 1627.7 1568.5 1623.6 1666.8 1654.3 1695.7 1691.4 1649.1 1671.5
-999.0 -999.0 -999.0 -999.0 -999.0 -999.0 1543.6 1618.4 1630.7 1555.4 1625.9 1591.5 1600.3 1565.5 1645.0 1659.1 1582.5 1609.6 1532.9 1645.8 1430.9 1630.9 1382.3 1220.0 1162.9 1007.7 936.7 1120.2 1030.7 945.3 1331.3 1239.2 1412.3 1821.0 1400.2 1438.7 1720.1 1685.2 1816.1 1653.8 1700.7 1504.9 1594.3 1801.2 1843.6 1897.2 1951.3 1792.9 1531.6 1595.8 1437.7 1570.4 1611.4 1562.2 1666.9 1560.5 1679.7 1683.8 1743.5 1772.2 1751.9 1692.2 1650.3 1659.2 1710.7 1724.3 1731.5 1683.6 1613.1 1576.2 1639.4
-999.0 -999.0 -999.0 -999.0 -999.0 1666.7 1616.1 1582.7 1611.5 1651.8 1527.1 1468.2 1410.7 1535.4 1635.8 1652.5 1700.3 1648.6 1413.6 1661.5 1535.6 1751.7 1606.5 1530.2 1524.6 1540.4 1288.2 1336.9 1154.4 1141.7 1037.2 1212.9 1245.9 1407.7 1118.3 1590.1 1707.4 1752.3 1650.1 1688.9 1521.1 1599.9 1599.1 1829.2 1850.7 1847.2 1583.0 1509.2 1506.7 1454.2 1594.2 1567.3 1574.7 1612.6 1670.9 1676.6 1692.3 1758.8 1822.1 1845.5 1814.9 1705.2 1671.6 1650.5 1702.5 1746.7 1732.3 1655.3 1518.3 1653.3 1614.9
-999.0 -999.0 -999.0 -999.0 1736.9 1704.2 1662.3 1639.5 1663.2 1675.6 1668.3 1608.4 1697.2 1730.2 1801.3 1768.4 1711.5 1679.4 1657.3 1450.2 1715.4 1394.1 1483.1 1455.5 1317.4 1386.2 1516.0 1496.6 1340.8 1412.5 1293.2 1328.8 1493.5 1219.5 1258.9 1694.7 1581.1 1799.4 1770.5 1632.7 1583.9 1689.3 1720.3 1791.0 1836.7 1664.4 1709.5 1549.1 1542.8 1589.0 1570.5 1605.9 1655.4 1659.2 1723.6 1751.8 1762.0 1808.5 1756.0 1887.3 1785.9 1775.4 1739.6 1745.4 1748.3 1734.3 1666.3 1558.8 1590.7 1622.6 1639.9
-999.0 -999.0 -999.0 -999.0 -999.0 -999.0 1769.0 1723.8 1710.0 1671.7 1648.2 1611.7 -999.0 -999.0 -999.0 -999.0 1773.5 1691.1 1564.3 1742.8 1817.4 1692.6 1662.9 1632.9 1588.8 1777.8 1069.7 1058.0 1434.6 1537.9 1545.4 1413.7 1369.4 1294.3 1555.9 1653.5 1681.2 1822.2 1546.0 1699.1 1617.7 1822.6 1801.6 1800.4 1818.4 1589.8 1721.3 1585.4 1588.8 1655.8 1655.6 1678.4 1702.5 1743.5 1768.9 1782.1 1770.5 1794.6 1740.8 1851.3 1792.1 1739.4 1748.6 1727.5 1726.7 1640.7 1654.2 1609.4 1603.8 1644.0 1754.0
-999.0 -999.0 -999.0 -999.0 -999.0 -999.0 1791.4 1698.4 1628.0 1756.2 1628.7 1732.8 -999.0 -999.0 -999.0 -999.0 -999.0 -999.0 -999.0 1844.2 1842.0 1765.0 1879.9 1789.1 1609.4 1317.0 1159.1 1034.4 1132.5 1319.7 1478.5 1474.0 1603.3 1449.6 1458.2 1732.5 1808.9 1556.3 1594.5 1605.1 1872.9 1876.7 1825.5 1836.9 1689.7 1611.6 1622.9 1616.8 1667.4 1693.4 1715.0 1731.5 1734.8 1738.7 1754.6 1697.5 1750.5 1782.6 1815.7 1836.2 1785.1 1753.1 1722.0 1614.7 1641.2 1732.5 1632.6 1630.0 1674.4 1721.4 1779.5
-999.0 -999.0 -999.0 -999.0 -999.0 -999.0 -999.0 -999.0 1775.0 -999.0 -999.0 -999.0 -999.0 -999.0 -999.0 -999.0 -999.0 1699.3 1711.5 1769.9 1704.2 1712.4 1850.2 1919.8 1766.7 1541.7 1264.1 1193.0 1284.5 1624.9 1672.5 1379.8 1526.0 1594.5 1757.1 1853.5 1926.0 1737.6 1783.0 1807.7 1901.7 1888.8 1812.4 1820.3 1559.3 1519.2 1616.9 1632.6 1703.0 1716.5 1727.7 1755.2 1708.9 1734.4 1706.8 1759.1 1770.8 1795.2 1804.7 1800.8 1722.4 1766.0 1631.1 1540.9 1662.6 1652.2 1794.4 1704.3 1737.1 1795.6 1779.7
-999.0 -999.0 -999.0 -999.0 -999.0 -999.0 -999.0 -999.0 -999.0 -999.0 -999.0 -999.0 -999.0 -999.0 -999.0 -999.0 -999.0 1715.4 1725.2 1907.5 1818.1 1821.9 -999.0 -999.0 1987.4 1549.5 1701.9 1553.6 1610.9 1620.0 1584.9 1508.4 1786.0 1827.3 1816.8 1887.7 1925.4 1930.3 1938.8 1935.9 1913.3 1793.5 1796.7 1737.7 1546.3 1625.7 1663.2 1701.8 1720.8 1687.6 1707.2 1736.9 1721.8 1749.6 1720.4 1681.7 1659.5 1712.3 1675.4 1753.1 1746.2 1665.4 1509.4 1673.6 1681.2 1750.9 1875.3 1766.8 1798.0 1857.8 1917.7
-999.0 -999.0 -999.0 -999.0 -999.0 -999.0 -999.0 -999.0 -999.0 -999.0 -999.0 -999.0 -999.0 -999.0 -999.0 -999.0 -999.0 -999.0 -999.0 -999.0 -999.0 -999.0 -999.0 -999.0 1980.9 1875.5 1657.7 1645.0 1773.3 1798.4 1797.4 1771.7 1873.8 1928.4 1907.4 1910.8 1947.7 1966.0 -999.0 1989.8 1932.3 1838.9 1825.0 1735.4 1580.5 1642.9 1654.8 1716.2 1788.2 1777.0 1698.6 1743.3 1720.4 1619.0 1568.8 1587.1 1548.2 1505.9 1598.9 1630.5 1664.4 1682.3 1632.0 1741.9 1747.7 1760.9 1825.7 1850.0 1880.1 1879.7 1926.1
-999.0 -999.0 -999.0 -999.0 -999.0 -999.0 -999.0 -999.0 -999.0 -999.0 -999.0 -999.0 -999.0 -999.0 -999.0 -999.0 -999.0 -999.0 -999.0 -999.0 -999.0 -999.0 -999.0 -999.0 -999.0 1907.5 1820.7 1760.3 1715.4 1707.5 1833.9 1891.0 1938.9 1994.5 -999.0 -999.0 -999.0 -999.0 1977.6 1998.3 1888.6 1862.4 1842.1 1752.8 1594.5 1657.3 1628.7 1682.4 1804.5 1709.0 1707.2 1593.6 1647.8 1491.9 1563.3 1546.1 1592.4 1566.6 1572.6 1641.9 1617.8 1811.5 1810.1 1793.9 1878.6 1844.0 1879.5 1896.4 1908.5 1978.2 2027.7
-999.0 -999.0 -999.0 -999.0 -999.0 -999.0 -999.0 -999.0 -999.0 -999.0 -999.0 -999.0 -999.0 -999.0 -999.0 -999.0 -999.0 -999.0 -999.0 -999.0 -999.0 -999.0 -999.0 -999.0 -999.0 -999.0 1895.3 1712.2 1735.3 1773.8 1730.0 1838.4 1938.2 -999.0 -999.0 -999.0 -999.0 1874.3 1795.8 1739.7 1915.6 1905.3 1887.7 1691.6 1608.2 1616.6 1614.3 1678.0 1705.3 1736.3 1599.8 1471.2 1534.9 1529.8 1593.0 1581.7 1603.7 1689.2 1655.9 1675.3 1742.5 1792.5 1839.6 1952.0 1871.8 1845.3 1874.3 1837.7 1823.1 1958.4 2016.1
-999.0 -999.0 -999.0 -999.0 -999.0 -999.0 -999.0 -999.0 -999.0 -999.0 -999.0 -999.0 -999.0 -999.0 -999.0 -999.0 -999.0 -999.0 -999.0 -999.0 -999.0 -999.0 -999.0 -999.0 -999.0 -999.0 -999.0 1896.7 1834.5 1855.5 1753.8 1884.7 1916.4 -999.0 -999.0 -999.0 1904.5 1893.7 1842.2 1720.2 1764.3 1809.3 1909.4 1774.3 1831.1 1666.7 1640.6 1719.9 1626.5 1563.7 1567.5 1580.2 1512.0 1575.4 1624.6 1652.7 1706.9 1718.2 1719.4 1714.5 1707.2 1775.8 1848.4 1844.5 1763.2 1761.4 1849.5 1824.6 1828.1 1889.1 1965.7
-999.0 -999.0 -999.0 -999.0 -999.0 -999.0 -999.0 -999.0 -999.0 -999.0 -999.0 -999.0 -999.0 -999.0 -999.0 -999.0 -999.0 -999.0 -999.0 -999.0 -999.0 -999.0 -999.0 -999.0 -999.0 -999.0 -999.0 -999.0 -999.0 -999.0 -999.0 -999.0 -999.0 -999.0 -999.0 1879.4 1885.9 1896.5 1873.6 1708.3 1846.1 1806.4 1753.5 1760.7 1776.9 1731.2 1808.0 1777.1 1733.6 1647.6 1661.0 1642.1 1619.9 1587.2 1605.8 1629.5 1528.9 1650.8 1628.0 1680.5 1674.3 1715.6 1794.3 1775.9 1732.0 1739.8 1733.2 1809.4 1838.2 1861.6 1894.1
-999.0 -999.0 -999.0 -999.0 -999.0 -999.0 -999.0 -999.0 -999.0 -999.0 -999.0 -999.0 -999.0 -999.0 -999.0 -999.0 -999.0 -999.0 -999.0 -999.0 -999.0 -999.0 -999.0 -999.0 -999.0 -999.0 -999.0 -999.0 -999.0 -999.0 -999.0 -999.0 -999.0 -999.0 -999.0 1987.8 1805.4 1827.5 1435.8 1553.4 1814.8 1777.9 1742.9 1730.0 1700.9 1789.6 1821.6 1791.9 1747.8 1649.1 1698.0 1753.9 1622.8 1582.3 1482.4 1587.6 1567.2 1470.8 1588.4 1637.8 1689.3 1756.1 1781.5 1788.8 1779.4 1781.7 1812.9 1768.8 1780.8 1847.7 1857.9
-999.0 -999.0 -999.0 -999.0 -999.0 -999.0 -999.0 -999.0 -999.0 -999.0 -999.0 -999.0 -999.0 -999.0 -999.0 -999.0 -999.0 -999.0 -999.0 -999.0 -999.0 -999.0 -999.0 -999.0 -999.0 -999.0 -999.0 -999.0 -999.0 -999.0 -999.0 -999.0 -999.0 -999.0 -999.0 1956.9 1926.7 1909.6 1740.8 1479.2 1572.9 1659.3 1742.3 1654.2 1757.8 1761.0 1801.1 1638.5 1579.7 1526.5 1607.6 1702.9 1677.2 1662.0 1633.5 1599.7 1586.9 1640.7 1638.0 1651.3 1681.6 1740.4 1792.0 1825.0 1815.9 1770.4 1797.6 1763.3 1761.5 1801.3 1764.0
-999.0 -999.0 -999.0 -999.0 -999.0 -999.0 -999.0 -999.0 -999.0 -999.0 -999.0 -999.0 -999.0 -999.0 -999.0 -999.0 -999.0 -999.0 2067.3 1969.4 1987.1 1328.3 1278.2 1294.3 1335.3 1249.2 1935.0 1551.6 2040.6 -999.0 -999.0 -999.0 -999.0 -999.0 -999.0 1946.0 1918.0 1878.0 1931.7 1807.1 1644.2 1572.0 1633.6 1698.7 1728.8 1721.6 1666.4 1561.0 1599.9 1656.2 1688.8 1731.5 1674.8 1683.3 1726.1 1750.3 1748.9 1695.9 1716.0 1656.6 1631.5 1587.7 1712.7 1779.0 1746.3 1706.8 1759.0 1698.3 1739.0 1788.7 1717.2
-999.0 -999.0 -999.0 -999.0 -999.0 -999.0 -999.0 -999.0 -999.0 -999.0 -999.0 -999.0 -999.0 -999.0 -999.0 -999.0 -999.0 -999.0 1699.4 1657.2 1469.6 1362.7 1121.0 1040.9 1125.5 1162.4 1250.4 1572.8 1804.5 1922.3 1850.1 1670.3 1835.5 1913.9 1970.1 1953.8 1938.2 1923.0 1920.5 1905.0 1847.4 1655.9 1643.0 1690.3 1747.8 1528.7 1642.7 1716.9 1676.2 1643.7 1734.3 1767.8 1773.6 1739.7 1737.8 1755.1 1727.7 1794.5 1754.6 1681.0 1662.8 1677.8 1640.9 1637.7 1714.5 1712.1 1782.5 1810.2 1731.9 1800.2 1504.4
-999.0 -999.0 -999.0 -999.0 -999.0 -999.0 -999.0 -999.0 -999.0 -999.0 -999.0 -999.0 -999.0 -999.0 -999.0 -999.0 -999.0 1984.6 1897.7 1751.8 1662.5 1508.6 1230.7 1087.6 1127.1 1227.1 1266.9 1347.4 1550.8 1671.9 1730.8 1684.9 1600.7 1844.8 1901.1 1946.5 1917.6 1811.3 1897.3 1871.0 1735.7 1700.1 1706.4 1689.5 1511.7 1660.3 1553.1 1597.6 1659.3 1747.3 1746.2 1809.6 1761.0 1658.1 1766.1 1724.1 1750.0 1736.4 1751.0 1707.8 1690.8 1600.4 1559.4 1717.6 1749.1 1741.6 1594.9 1733.4 1782.2 1765.7 1759.3
-999.0 -999.0 -999.0 -999.0 -999.0 -999.0 -999.0 -999.0 -999.0 -999.0 -999.0 -999.0 -999.0 -999.0 -999.0 -999.0 -999.0 -999.0 1959.6 1921.7 1858.7 1552.1 1473.4 1394.0 1181.2 1301.4 1380.1 1582.5 1506.7 1371.6 1541.7 1708.6 1726.7 1626.8 1810.3 1936.5 1922.1 1907.5 1817.8 1773.0 1811.6 1794.7 1746.9 1713.6 1612.2 1707.1 1581.8 1647.1 1651.0 1690.2 1710.9 1772.0 1695.7 1660.9 1697.4 1803.1 1797.4 1775.1 1839.7 1793.9 1779.3 1692.2 1613.9 1633.7 1743.8 1737.5 1681.2 1702.3 1755.5 1815.5 1826.3
