GDD/GrowingDegreeDays_1978_Actual.txt
ncols         180
nrows         290
xllcorner     -200000
yllcorner     -200000
cellsize      5000
NODATA_value    -999
[rows 192 to 223 of 290, columns 71 to 141 of 180]
-999.0 -999.0 -999.0 -999.0 -999.0 -999.0 -999.0 -999.0 -999.0 -999.0 -999.0 -999.0 -999.0 -999.0 -999.0 -999.0 -999.0 -999.0 -999.0 -999.0 -999.0 1662.5 1389.0 1207.7 1055.9 860.7 973.3 1234.5 1457.0 1584.8 1459.6 1284.5 1176.0 1109.9 1352.5 1523.2 1490.3 1398.1 1411.7 1555.6 1343.5 1440.8 1470.8 1616.9 1576.2 1665.0 1712.0 1687.1 1624.9 1664.9 1713.9 1718.1 1710.5 1700.0 1619.3 1658.4 1679.4 1642.4 1579.0 1548.4 1529.9 1491.2 1546.8 1580.8 1506.8 1543.0 1570.4 1602.0 1607.3 1690.9 1687.4
-999.0 -999.0 -999.0 -999.0 -999.0 -999.0 -999.0 -999.0 -999.0 -999.0 -999.0 -999.0 -999.0 -999.0 -999.0 -999.0 -999.0 -999.0 -999.0 -999.0 1774.3 1723.6 1449.7 1191.9 1079.0 1126.6 1169.3 1339.9 1278.7 954.7 1171.0 1170.0 1197.5 1397.9 1499.9 1439.2 1421.0 1534.1 1543.5 1492.1 1378.8 1409.9 1469.0 1616.4 1567.2 1706.8 1702.7 1618.4 1713.5 1614.7 1613.9 1662.1 1647.0 1681.3 1644.7 1713.2 1724.1 1653.3 1627.4 1633.9 1553.3 1566.6 1486.8 1545.4 1511.0 1592.2 1595.0 1613.1 1684.1 1711.0 1658.9
-999.0 -999.0 -999.0 -999.0 -999.0 -999.0 -999.0 -999.0 -999.0 -999.0 -999.0 -999.0 -999.0 -999.0 -999.0 -999.0 -999.0 -999.0 -999.0 -999.0 1522.7 1494.8 1454.4 1384.7 1204.1 939.0 1015.5 1162.8 1304.1 1222.2 1116.1 1056.3 1062.6 1380.3 1279.8 1217.6 1536.3 1364.9 1634.1 1562.9 1420.4 1300.2 1562.1 1561.2 1699.4 1744.1 1708.2 1669.9 1457.7 1554.9 1568.2 1596.8 1611.5 1636.9 1641.5 1700.6 1691.1 1683.5 1646.4 1695.0 1662.1 1539.9 1498.1 1520.3 1496.5 1588.4 1656.2 1688.0 1730.6 1704.5 1664.9
-999.0 -999.0 -999.0 -999.0 -999.0 -999.0 -999.0 -999.0 -999.0 -999.0 -999.0 -999.0 -999.0 -999.0 -999.0 -999.0 -999.0 -999.0 -999.0 -999.0 1575.2 1508.4 1661.5 1461.1 1213.4 932.0 1101.1 1114.4 1327.3 1182.6 1213.1 1321.2 1247.0 1227.6 1304.6 1441.1 1576.3 1559.8 1350.5 1616.1 1590.4 1561.0 1581.9 1515.7 1661.6 1775.6 1743.3 1655.9 1615.5 1636.5 1572.9 1587.9 1600.9 1604.2 1685.4 1682.1 1625.4 1667.0 1641.0 1705.4 1633.1 1521.3 1511.8 1600.1 1618.5 1582.8 1672.3 1671.3 1769.8 1698.6 1688.2
-999.0 -999.0 -999.0 -999.0 -999.0 -999.0 -999.0 -999.0 -999.0 -999.0 -999.0 -999.0 -999.0 -999.0 -999.0 -999.0 -999.0 -999.0 -999.0 1671.1 1471.1 1226.8 1361.5 1453.3 1172.8 1110.0 1005.3 1031.1 1451.8 1429.7 1455.6 1326.4 1217.0 1376.6 1380.2 1286.7 1476.5 1566.6 1601.0 1667.5 1693.0 1664.6 1612.3 1662.6 1717.6 1757.7 1779.0 1756.2 1698.3 1662.6 1701.3 1643.6 1648.5 1610.8 1673.2 1662.4 1660.7 1696.1 1705.8 1687.9 1574.8 1572.1 1575.1 1677.5 1644.8 1645.1 1669.2 1741.0 1701.8 1696.7 1694.8
-999.0 -999.0 -999.0 -999.0 -999.0 -999.0 -999.0 -999.0 -999.0 -999.0 -999.0 -999.0 -999.0 -999.0 -999.0 -999.0 -999.0 -999.0 1549.3 1478.9 1355.6 1438.0 1501.7 1224.8 1004.3 981.6 1162.3 1111.2 1428.3 1331.9 1426.0 1461.1 1016.0 1347.3 1310.4 1555.6 1565.6 1661.3 1666.3 1642.7 1556.1 1651.9 1519.5 1691.8 1695.2 1833.2 1839.1 1790.6 1762.9 1742.1 1745.9 1693.0 1646.0 1641.3 1743.1 1691.1 1679.4 1652.2 1645.0 1624.4 1561.0 1603.8 1559.6 1666.3 1681.0 1746.8 1746.8 1659.3 1639.4 1681.2 1679.0
-999.0 -999.0 -999.0 -999.0 -999.0 -999.0 -999.0 -999.0 -999.0 -999.0 -999.0 -999.0 -999.0 -999.0 -999.0 -999.0 1509.5 1521.4 1544.6 1654.0 1622.1 1508.0 1437.3 1148.2 1041.1 949.0 924.0 1114.5 1287.6 1553.4 1364.4 1428.1 1141.5 1375.1 1514.8 1598.2 1689.4 1666.0 1724.3 1645.1 1524.7 1590.0 1592.9 1800.9 1813.0 1836.8 1835.8 1759.9 1758.5 1740.4 1778.9 1704.5 1659.2 1721.7 1739.0 1731.1 1618.4 1610.3 1552.5 1509.3 1537.7 1565.8 1621.9 1678.0 1663.2 1647.0 1674.3 1646.9 1721.3 1685.9 1688.2
-999.0 -999.0 -999.0 -999.0 -999.0 -999.0 -999.0 -999.0 -999.0 -999.0 -999.0 -999.0 1788.8 1774.5 1769.0 1400.8 1301.9 1237.9 1235.7 1469.4 1505.6 1533.6 1132.1 1199.5 1041.3 1040.5 1096.3 1349.7 1463.1 1602.6 1471.0 1514.3 1075.3 1228.4 1429.5 1650.8 1640.0 1674.1 1515.3 1708.2 1564.2 1566.4 1647.0 1775.7 1885.1 1894.8 1785.0 1807.1 1803.9 1706.5 1769.2 1729.4 1746.2 1722.0 1688.8 1637.8 1674.0 1592.8 1612.0 1569.3 1498.0 1505.5 1532.1 1589.3 1596.3 1623.4 1668.9 1707.1 1665.6 1753.5 1748.7
-999.0 -999.0 -999.0 -999.0 -999.0 -999.0 -999.0 -999.0 -999.0 -999.0 -999.0 1607.2 1689.8 1544.8 1550.0 1539.9 1326.8 1376.8 1338.4 1535.3 1656.6 1357.9 1241.7 1126.5 1410.3 995.7 1211.0 1404.4 1113.0 1368.0 1626.3 1147.7 1323.4 1413.5 1739.1 1761.1 1719.7 1473.9 1711.0 1712.4 1676.5 1675.4 1627.1 1762.0 1809.2 1937.0 1854.0 1855.5 1825.8 1748.3 1749.0 1747.3 1751.8 1743.2 1657.0 1650.1 1506.2 1637.2 1648.9 1600.5 1533.4 1577.1 1588.9 1646.6 1672.3 1646.3 1683.2 1658.7 1727.7 1751.8 1738.9
-999.0 -999.0 -999.0 -999.0 -999.0 -999.0 -999.0 -999.0 -999.0 -999.0 1570.3 1559.4 1716.5 1673.3 1641.1 1534.0 1574.1 1494.1 1559.4 1539.8 1206.4 1410.6 1493.5 1141.1 1574.4 1268.3 1205.5 998.3 1138.6 1161.2 1366.3 1410.5 1505.2 1738.3 1397.8 1446.5 1732.6 1705.9 1775.5 1812.4 1719.0 1747.0 1789.6 1747.6 1763.6 1939.4 1901.0 1895.1 1841.5 1821.3 1802.7 1779.2 1641.2 1776.6 1716.5 1638.2 1573.4 1607.5 1640.7 1593.9 1539.6 1553.3 1536.4 1604.3 1686.1 1706.8 1734.4 1672.5 1705.2 1750.2 1679.2
-999.0 -999.0 -999.0 -999.0 -999.0 -999.0 1785.0 1537.8 1655.6 1487.7 1651.5 1626.9 1560.1 1627.1 1634.2 1446.0 1524.8 1489.7 1523.9 1335.0 1353.6 1490.8 1416.1 1396.7 1477.0 1420.3 1140.4 1111.3 1277.4 1349.7 1254.3 1451.0 1694.9 1338.7 1277.8 1488.3 1478.4 1705.6 1730.1 1835.5 1798.7 1590.6 1787.6 1662.5 1849.7 1915.1 1895.8 1866.2 1678.5 1787.4 1743.0 1472.6 1734.2 1745.9 1705.1 1623.6 1545.5 1636.4 1625.8 1606.3 1622.7 1585.4 1592.6 1644.4 1700.8 1681.0 1720.0 1706.9 1691.8 1686.4 1704.4
-999.0 -999.0 -999.0 -999.0 -999.0 1732.9 1584.6 1599.1 1568.2 1354.8 1120.2 1229.2 1284.2 1516.0 1412.9 1282.9 1378.5 1418.7 1279.8 1456.2 1512.7 1325.0 1536.6 1662.4 1533.9 1466.3 1255.9 1265.8 1308.0 1385.8 1427.2 1524.0 1440.3 875.0 1164.1 1442.1 1639.9 1615.8 1731.7 1627.0 1782.8 1723.6 1812.1 1834.1 1859.1 1861.6 1884.2 1881.5 1782.5 1725.8 1464.5 1467.4 1555.1 1661.4 1693.1 1471.2 1579.3 1633.7 1619.5 1656.2 1600.0 1600.2 1612.1 1680.3 1625.1 1657.6 1711.7 1601.5 1632.5 1718.8 1722.8
-999.0 -999.0 -999.0 1799.6 1685.0 1655.4 1557.3 1611.7 1549.8 1435.3 1418.8 1494.6 1594.0 1406.3 1506.6 1358.5 1615.1 1527.7 1340.6 1433.5 1594.8 1501.0 1726.1 1696.9 1378.2 1277.2 1345.3 1458.7 1318.8 1563.9 1632.3 1623.1 1284.4 1119.7 1117.9 1630.0 1574.7 1601.3 1618.0 1708.1 1848.1 1730.3 1784.5 1808.1 1870.3 1851.1 1912.8 1898.1 1760.8 1693.0 1463.6 1508.7 1584.6 1683.6 1620.2 1492.1 1537.0 1576.1 1630.4 1626.2 1628.9 1630.2 1629.9 1641.6 1636.1 1632.2 1665.3 1675.4 1687.0 1729.7 1672.0
-999.0 -999.0 -999.0 1821.2 -999.0 1794.9 1738.8 1589.4 1656.9 1581.8 1596.4 1540.7 1593.5 1555.3 1450.1 1594.5 1526.4 1676.9 1726.4 1737.5 1743.7 1743.7 1502.0 1558.1 1244.2 798.4 1318.3 1291.8 1305.2 1055.0 1087.7 1688.1 1740.5 1020.1 1353.3 1537.9 1497.5 1433.8 1642.8 1815.4 1887.6 1702.2 1689.7 1808.9 1891.4 1914.4 1874.0 1887.6 1754.2 1508.6 1449.1 1577.6 1659.4 1694.4 1700.1 1671.4 1589.5 1652.0 1683.6 1708.1 1710.8 1672.3 1602.5 1566.1 1648.8 1703.8 1689.0 1727.9 1719.7 1672.9 1694.7
-999.0 -999.0 -999.0 -999.0 -999.0 -999.0 1625.3 1708.8 1720.0 1632.3 1699.3 1648.1 1645.1 1595.4 1679.8 1705.1 1632.2 1665.4 1584.9 1719.2 1497.0 1714.3 1442.3 1278.1 1227.2 1071.7 988.7 1156.0 1043.1 959.3 1362.1 1260.4 1432.3 1855.7 1408.5 1453.2 1748.7 1706.0 1848.6 1668.1 1716.9 1507.8 1603.6 1823.0 1865.4 1915.7 1964.5 1786.8 1516.0 1595.4 1445.0 1597.6 1666.0 1626.3 1713.5 1587.8 1706.4 1706.8 1766.3 1793.4 1770.8 1698.5 1644.1 1670.9 1750.4 1783.3 1784.3 1721.1 1639.4 1600.9 1673.4
-999.0 -999.0 -999.0 -999.0 -999.0 1758.5 1712.0 1679.8 1704.6 1737.7 1590.4 1509.4 1427.6 1529.8 1627.3 1679.7 1764.7 1711.1 1461.6 1738.8 1608.2 1843.5 1676.7 1592.9 1589.3 1610.3 1340.2 1383.4 1190.0 1174.0 1056.8 1231.8 1257.0 1419.5 1121.7 1611.4 1730.9 1774.2 1661.6 1703.6 1526.2 1609.4 1609.6 1854.5 1873.8 1864.1 1578.7 1499.9 1501.4 1454.5 1608.1 1591.5 1613.4 1656.6 1705.8 1704.8 1718.2 1782.3 1843.4 1864.0 1834.9 1720.4 1687.0 1674.4 1753.3 1844.5 1811.3 1693.9 1541.2 1683.1 1659.1
-999.0 -999.0 -999.0 -999.0 1841.1 1780.4 1778.6 1750.2 1765.0 1764.7 1740.7 1658.2 1730.4 1713.6 1768.3 1788.9 1772.5 1753.5 1734.0 1512.1 1805.2 1456.4 1549.8 1516.8 1369.2 1440.8 1577.0 1555.7 1386.1 1448.1 1302.6 1339.4 1509.8 1225.8 1263.0 1719.1 1593.2 1818.9 1784.4 1638.1 1591.5 1705.0 1740.9 1818.3 1860.1 1670.6 1716.9 1548.8 1546.6 1598.6 1584.4 1627.8 1686.4 1687.6 1748.5 1779.7 1790.8 1834.5 1767.1 1899.6 1804.3 1799.3 1763.1 1773.5 1789.7 1800.8 1720.4 1584.6 1611.3 1645.4 1670.0
-999.0 -999.0 -999.0 -999.0 -999.0 -999.0 1891.9 1843.2 1820.9 1761.1 1714.4 1666.4 -999.0 -999.0 -999.0 -999.0 1854.1 1780.9 1644.1 1837.4 1924.0 1785.8 1750.3 1710.9 1657.5 1863.7 1109.9 1099.9 1503.3 1597.8 1570.9 1421.7 1374.4 1298.1 1569.0 1672.8 1697.7 1838.3 1533.5 1704.6 1623.8 1847.7 1828.2 1825.6 1841.8 1589.4 1729.6 1586.3 1593.5 1667.8 1671.9 1700.5 1729.0 1773.9 1797.4 1810.2 1800.8 1821.2 1756.7 1870.8 1817.3 1765.4 1772.8 1748.1 1748.3 1660.4 1676.0 1625.2 1617.3 1657.2 1773.2
-999.0 -999.0 -999.0 -999.0 -999.0 -999.0 1906.1 1809.0 1729.9 1855.3 1692.5 1798.5 -999.0 -999.0 -999.0 -999.0 -999.0 -999.0 -999.0 1953.5 1956.3 1888.8 1995.9 1875.6 1678.7 1363.5 1198.2 1069.3 1171.1 1347.9 1482.6 1470.9 1612.9 1452.3 1463.3 1754.0 1834.9 1556.3 1594.1 1607.3 1898.8 1905.5 1851.3 1862.0 1699.8 1609.3 1621.6 1618.2 1676.6 1707.5 1732.9 1754.4 1761.8 1768.4 1786.0 1728.0 1785.5 1814.7 1844.7 1867.8 1822.9 1792.3 1743.3 1627.7 1645.8 1736.8 1632.1 1634.5 1683.8 1731.9 1790.3
-999.0 -999.0 -999.0 -999.0 -999.0 -999.0 -999.0 -999.0 1883.0 -999.0 -999.0 -999.0 -999.0 -999.0 -999.0 -999.0 -999.0 1838.0 1828.4 1854.4 1793.8 1876.1 1992.5 2020.1 1836.6 1587.7 1297.8 1220.9 1307.1 1646.8 1669.8 1360.6 1523.7 1598.3 1776.4 1881.0 1955.6 1749.0 1796.4 1824.7 1928.5 1916.5 1833.6 1841.3 1557.1 1502.5 1605.0 1632.0 1713.0 1731.6 1746.0 1776.8 1731.3 1762.8 1739.6 1803.8 1823.0 1839.3 1840.7 1838.8 1770.9 1834.5 1659.5 1542.6 1645.9 1626.3 1785.1 1702.2 1740.9 1803.0 1783.9
-999.0 -999.0 -999.0 -999.0 -999.0 -999.0 -999.0 -999.0 -999.0 -999.0 -999.0 -999.0 -999.0 -999.0 -999.0 -999.0 -999.0 1819.5 1813.3 1997.2 1900.1 1862.3 -999.0 -999.0 2043.2 1568.9 1752.6 1592.5 1644.6 1639.3 1587.3 1499.7 1795.2 1843.3 1835.7 1914.4 1952.8 1954.5 1963.4 1960.9 1939.3 1812.1 1818.0 1749.5 1541.0 1612.6 1653.0 1705.7 1733.5 1700.9 1722.9 1755.5 1743.6 1778.2 1756.0 1729.7 1733.8 1764.7 1708.2 1790.1 1795.0 1719.1 1527.9 1658.5 1613.1 1669.8 1846.8 1758.0 1799.0 1862.0 1917.9
-999.0 -999.0 -999.0 -999.0 -999.0 -999.0 -999.0 -999.0 -999.0 -999.0 -999.0 -999.0 -999.0 -999.0 -999.0 -999.0 -999.0 -999.0 -999.0 -999.0 -999.0 -999.0 -999.0 -999.0 2045.1 1933.5 1707.5 1697.6 1821.3 1833.7 1818.1 1773.3 1873.6 1940.7 1928.0 1935.6 1974.7 1992.6 -999.0 2015.9 1956.6 1859.3 1844.7 1747.0 1578.1 1639.8 1652.6 1724.0 1810.5 1800.1 1713.5 1760.5 1738.7 1636.9 1594.8 1624.4 1588.8 1544.0 1628.3 1657.5 1691.4 1706.4 1635.4 1717.8 1651.0 1646.9 1785.4 1838.8 1881.6 1883.9 1925.5
-999.0 -999.0 -999.0 -999.0 -999.0 -999.0 -999.0 -999.0 -999.0 -999.0 -999.0 -999.0 -999.0 -999.0 -999.0 -999.0 -999.0 -999.0 -999.0 -999.0 -999.0 -999.0 -999.0 -999.0 -999.0 1991.5 1888.3 1825.1 1757.7 1734.0 1860.0 1898.0 1920.5 2001.6 -999.0 -999.0 -999.0 -999.0 2002.4 2023.7 1906.4 1879.4 1861.8 1766.0 1597.3 1659.2 1627.0 1685.8 1828.6 1731.6 1720.8 1599.3 1656.1 1499.7 1583.4 1574.0 1625.2 1594.2 1595.1 1662.6 1631.3 1823.6 1805.0 1769.6 1840.0 1798.6 1854.5 1888.7 1911.9 1990.2 2055.3
-999.0 -999.0 -999.0 -999.0 -999.0 -999.0 -999.0 -999.0 -999.0 -999.0 -999.0 -999.0 -999.0 -999.0 -999.0 -999.0 -999.0 -999.0 -999.0 -999.0 -999.0 -999.0 -999.0 -999.0 -999.0 -999.0 1964.1 1753.4 1769.3 1807.4 1754.8 1854.1 1943.1 -999.0 -999.0 -999.0 -999.0 1896.0 1813.2 1758.3 1942.4 1926.3 1910.7 1704.7 1617.0 1617.7 1604.9 1663.2 1708.1 1748.8 1604.1 1467.3 1532.0 1530.4 1604.7 1600.0 1624.7 1711.2 1675.1 1689.9 1753.9 1794.0 1826.4 1922.2 1846.8 1819.6 1852.9 1826.6 1822.7 1967.8 2028.2
-999.0 -999.0 -999.0 -999.0 -999.0 -999.0 -999.0 -999.0 -999.0 -999.0 -999.0 -999.0 -999.0 -999.0 -999.0 -999.0 -999.0 -999.0 -999.0 -999.0 -999.0 -999.0 -999.0 -999.0 -999.0 -999.0 -999.0 1946.3 1869.9 1894.3 1789.0 1918.2 1932.7 -999.0 -999.0 -999.0 1927.6 1920.6 1868.9 1739.1 1783.3 1825.4 1937.9 1805.6 1866.1 1670.8 1631.5 1709.1 1618.7 1560.1 1565.1 1577.0 1503.7 1571.2 1630.6 1665.5 1725.0 1737.0 1734.8 1725.7 1713.2 1774.9 1837.5 1816.6 1740.5 1727.5 1819.1 1816.0 1828.9 1892.5 1967.3
-999.0 -999.0 -999.0 -999.0 -999.0 -999.0 -999.0 -999.0 -999.0 -999.0 -999.0 -999.0 -999.0 -999.0 -999.0 -999.0 -999.0 -999.0 -999.0 -999.0 -999.0 -999.0 -999.0 -999.0 -999.0 -999.0 -999.0 -999.0 -999.0 -999.0 -999.0 -999.0 -999.0 -999.0 -999.0 1891.5 1902.1 1920.1 1898.0 1719.9 1867.1 1824.0 1772.4 1795.8 1812.8 1734.1 1805.5 1776.0 1734.7 1646.7 1661.1 1639.5 1616.0 1583.9 1608.1 1635.9 1533.9 1661.0 1636.6 1688.7 1678.4 1714.7 1789.2 1765.0 1720.0 1718.9 1715.7 1807.9 1844.8 1869.3 1897.9
-999.0 -999.0 -999.0 -999.0 -999.0 -999.0 -999.0 -999.0 -999.0 -999.0 -999.0 -999.0 -999.0 -999.0 -999.0 -999.0 -999.0 -999.0 -999.0 -999.0 -999.0 -999.0 -999.0 -999.0 -999.0 -999.0 -999.0 -999.0 -999.0 -999.0 -999.0 -999.0 -999.0 -999.0 -999.0 2014.6 1819.6 1844.5 1423.9 1548.9 1832.3 1793.3 1757.2 1747.4 1713.5 1787.5 1816.6 1792.8 1753.8 1650.1 1698.3 1753.6 1617.1 1578.2 1477.8 1590.3 1571.3 1471.6 1591.9 1642.2 1692.7 1760.1 1783.4 1790.8 1781.3 1782.8 1817.1 1778.3 1799.2 1858.3 1867.3
-999.0 -999.0 -999.0 -999.0 -999.0 -999.0 -999.0 -999.0 -999.0 -999.0 -999.0 -999.0 -999.0 -999.0 -999.0 -999.0 -999.0 -999.0 -999.0 -999.0 -999.0 -999.0 -999.0 -999.0 -999.0 -999.0 -999.0 -999.0 -999.0 -999.0 -999.0 -999.0 -999.0 -999.0 -999.0 1992.3 1956.4 1929.0 1729.8 1458.3 1568.8 1665.1 1755.2 1661.4 1767.1 1762.6 1803.2 1636.0 1576.9 1521.1 1603.4 1696.0 1667.0 1656.1 1631.2 1598.5 1586.8 1643.4 1641.5 1653.8 1683.7 1742.8 1798.0 1834.2 1825.5 1778.5 1807.4 1780.5 1789.8 1813.3 1764.3
-999.0 -999.0 -999.0 -999.0 -999.0 -999.0 -999.0 -999.0 -999.0 -999.0 -999.0 -999.0 -999.0 -999.0 -999.0 -999.0 -999.0 -999.0 2139.3 2026.4 2052.8 1345.2 1294.4 1309.7 1349.2 1254.9 1981.1 1555.1 2070.8 -999.0 -999.0 -999.0 -999.0 -999.0 -999.0 1991.0 1951.9 1895.0 1940.4 1808.7 1645.0 1570.6 1637.2 1706.6 1737.3 1726.7 1667.1 1558.1 1599.7 1656.7 1687.0 1727.9 1660.0 1675.7 1725.8 1754.9 1754.9 1698.6 1719.6 1655.5 1630.5 1586.0 1716.8 1787.0 1757.5 1728.4 1774.1 1708.8 1752.5 1797.0 1713.6
-999.0 -999.0 -999.0 -999.0 -999.0 -999.0 -999.0 -999.0 -999.0 -999.0 -999.0 -999.0 -999.0 -999.0 -999.0 -999.0 -999.0 -999.0 1744.0 1696.5 1496.5 1389.7 1138.2 1059.2 1142.6 1174.1 1253.5 1579.3 1821.3 1964.7 1891.4 1694.9 1882.6 1980.0 2038.8 2010.6 1978.8 1953.5 1942.7 1924.6 1864.4 1661.6 1647.8 1696.4 1757.7 1527.2 1647.8 1727.3 1682.8 1644.5 1733.4 1766.1 1746.3 1731.0 1739.5 1757.9 1734.9 1803.3 1754.3 1676.5 1658.9 1677.3 1643.3 1645.0 1750.4 1766.2 1804.2 1823.0 1738.8 1805.8 1492.9
-999.0 -999.0 -999.0 -999.0 -999.0 -999.0 -999.0 -999.0 -999.0 -999.0 -999.0 -999.0 -999.0 -999.0 -999.0 -999.0 -999.0 2048.7 1962.8 1804.8 1705.4 1542.9 1249.3 1103.0 1143.9 1238.9 1276.1 1352.3 1553.3 1696.0 1762.2 1712.6 1632.6 1909.8 1967.5 2005.3 1962.6 1838.8 1926.7 1896.6 1748.8 1709.7 1712.9 1693.4 1507.3 1664.3 1554.8 1604.4 1670.5 1758.2 1747.6 1800.5 1741.3 1664.4 1770.9 1720.6 1779.2 1745.6 1744.4 1699.1 1684.7 1594.3 1555.6 1725.3 1769.8 1764.0 1602.9 1741.4 1789.7 1769.1 1758.0
-999.0 -999.0 -999.0 -999.0 -999.0 -999.0 -999.0 -999.0 -999.0 -999.0 -999.0 -999.0 -999.0 -999.0 -999.0 -999.0 -999.0 -999.0 2023.4 1981.1 1911.1 1579.9 1495.7 1410.8 1193.8 1310.3 1388.4 1596.4 1508.3 1370.2 1548.1 1737.2 1764.6 1663.9 1860.3 1991.9 1967.7 1946.9 1847.5 1797.1 1837.8 1812.3 1750.2 1709.1 1609.1 1713.9 1583.6 1657.6 1663.0 1700.1 1713.4 1772.4 1694.2 1665.8 1700.5 1808.4 1804.4 1733.7 1826.9 1786.1 1773.0 1683.8 1605.3 1626.9 1748.2 1739.1 1683.2 1705.3 1760.9 1822.1 1828.9
