GDD/GrowingDegreeDays_1967_Actual.txt
ncols         180
nrows         290
xllcorner     -200000
yllcorner     -200000
cellsize      5000
NODATA_value    -999
[rows 128 to 159 of 290, columns 71 to 141 of 180]
-999.0 1115.6 1459.6 1497.2 -999.0 -999.0 -999.0 -999.0 -999.0 -999.0 -999.0 -999.0 -999.0 1324.8 1197.3 1381.9 1167.3 1004.0 1094.7 883.9 728.6 820.7 718.6 851.4 996.7 1099.6 1068.8 871.1 920.3 972.0 1184.8 968.7 697.3 905.7 780.5 969.5 993.6 1183.5 1166.8 1058.4 1117.5 1092.4 989.6 871.6 787.4 846.9 981.8 1082.4 1116.5 1225.7 1104.2 1090.8 1213.1 1313.3 -999.0 -999.0 -999.0 -999.0 -999.0 -999.0 -999.0 -999.0 -999.0 -999.0 -999.0 -999.0 -999.0 -999.0 -999.0 -999.0 -999.0
-999.0 -999.0 -999.0 -999.0 -999.0 -999.0 -999.0 -999.0 -999.0 -999.0 -999.0 -999.0 -999.0 1376.4 1441.0 1077.1 1158.5 979.3 1090.8 842.8 830.7 665.8 726.4 760.2 878.4 939.5 1127.3 635.6 702.4 985.4 1215.9 950.6 784.4 975.6 937.7 832.6 1058.0 923.4 869.9 1002.6 873.4 867.6 702.7 999.4 1006.0 955.6 959.2 971.8 1161.2 1326.8 1251.3 1272.7 1313.1 1384.7 1438.2 -999.0 -999.0 -999.0 -999.0 -999.0 -999.0 -999.0 -999.0 -999.0 -999.0 -999.0 -999.0 -999.0 -999.0 -999.0 -999.0
-999.0 -999.0 -999.0 -999.0 -999.0 -999.0 -999.0 -999.0 -999.0 -999.0 -999.0 -999.0 1596.9 1184.2 1035.5 1045.5 966.1 961.9 1037.2 1088.2 794.0 805.9 730.1 789.7 821.0 1041.1 1274.6 1018.5 935.6 963.7 1172.3 1178.1 1010.3 990.6 989.8 953.5 764.9 1032.0 1070.4 1032.7 1048.3 705.7 872.2 779.0 873.1 1077.7 1049.3 1014.9 1007.1 997.8 1275.8 1350.5 1366.9 1387.2 1463.3 -999.0 -999.0 -999.0 -999.0 -999.0 -999.0 -999.0 -999.0 -999.0 -999.0 -999.0 -999.0 -999.0 -999.0 -999.0 -999.0
-999.0 -999.0 -999.0 -999.0 -999.0 -999.0 -999.0 -999.0 -999.0 -999.0 -999.0 -999.0 1275.8 1157.7 1113.9 792.9 845.0 996.5 1032.5 793.1 1063.1 971.9 834.7 942.7 919.0 1166.1 1332.5 1163.4 1095.4 926.6 1248.0 1211.5 1181.6 1097.2 1184.9 876.9 1177.6 899.5 1005.1 1161.5 718.0 1070.8 959.5 916.6 1012.3 974.5 1151.4 1141.4 982.8 1040.0 1210.1 1217.3 1281.8 1366.6 1431.3 -999.0 -999.0 -999.0 -999.0 -999.0 -999.0 -999.0 -999.0 -999.0 -999.0 -999.0 -999.0 -999.0 -999.0 -999.0 -999.0
-999.0 -999.0 -999.0 -999.0 -999.0 -999.0 -999.0 -999.0 -999.0 -999.0 -999.0 1250.4 1267.8 1218.1 946.4 1011.6 981.0 581.8 864.5 881.3 1076.5 985.9 977.0 1068.5 923.7 982.0 1182.3 1095.6 1156.4 1323.3 1373.8 1279.6 1106.5 1099.6 915.1 1071.2 1209.9 899.4 1118.9 1072.7 750.6 1018.3 1109.7 1184.4 1071.8 984.5 1044.4 1026.2 1027.1 1161.3 1212.0 1275.2 1357.2 1370.3 1425.4 -999.0 -999.0 -999.0 -999.0 -999.0 -999.0 -999.0 -999.0 -999.0 -999.0 -999.0 -999.0 -999.0 -999.0 -999.0 -999.0
-999.0 -999.0 -999.0 -999.0 -999.0 -999.0 -999.0 -999.0 -999.0 -999.0 1441.6 1220.5 1062.1 1240.2 1139.9 1034.2 1076.8 903.7 1022.4 669.1 1185.5 1247.3 1124.7 1063.5 1035.5 1022.5 1194.4 1348.6 1444.6 1218.9 1391.7 1390.2 1194.9 1149.7 1156.8 1162.2 1270.8 1084.5 1251.9 1100.9 815.7 894.6 894.7 986.1 1048.2 1135.1 1178.0 1031.5 1107.5 1173.4 1205.5 1264.7 1306.3 1403.6 1445.3 1496.5 -999.0 -999.0 -999.0 -999.0 -999.0 -999.0 -999.0 -999.0 -999.0 -999.0 -999.0 -999.0 -999.0 -999.0 -999.0
-999.0 -999.0 -999.0 -999.0 -999.0 -999.0 -999.0 -999.0 -999.0 -999.0 1141.9 821.3 1013.8 1098.5 1173.9 1175.9 1247.7 664.8 882.8 1050.1 1093.7 1300.2 1256.2 1150.0 1183.5 909.2 1294.9 1438.2 1459.4 1465.1 1206.1 1400.6 1186.7 1240.8 1203.7 1261.5 1259.2 1257.7 1093.3 1195.9 1000.1 939.7 992.8 948.7 1088.0 1198.6 1245.9 1141.7 1201.9 1123.1 1206.2 1318.2 1423.2 1382.6 1417.4 1485.4 -999.0 -999.0 -999.0 -999.0 -999.0 -999.0 -999.0 -999.0 -999.0 -999.0 -999.0 -999.0 -999.0 -999.0 -999.0
-999.0 -999.0 -999.0 -999.0 -999.0 -999.0 -999.0 -999.0 1404.5 1310.4 1023.9 1022.2 1046.0 1025.5 1184.7 1176.4 1317.1 941.2 1013.5 1008.6 1127.4 1162.2 1347.4 1173.1 1142.2 1224.2 1265.9 1317.4 1522.1 1493.5 1352.8 1371.5 1366.6 1334.2 1309.2 1374.4 1386.4 1262.4 1267.0 1253.3 960.1 1004.6 1032.2 1051.8 995.9 1142.9 1208.2 1360.9 1274.3 1234.6 1279.0 1338.7 1433.3 1431.0 1430.7 1461.4 -999.0 -999.0 -999.0 -999.0 -999.0 -999.0 -999.0 -999.0 -999.0 -999.0 -999.0 -999.0 -999.0 -999.0 -999.0
-999.0 -999.0 -999.0 -999.0 -999.0 -999.0 -999.0 -999.0 1305.2 1248.4 1305.6 1056.5 1101.0 1035.7 1216.1 1321.8 1385.9 1331.4 1186.6 874.7 1091.7 1173.1 1356.6 1386.0 1329.5 1343.1 1358.1 1318.4 1457.7 1369.4 1474.3 1452.8 1448.3 1424.6 1443.4 1465.0 1499.4 1453.1 1314.1 1285.3 1281.5 1157.0 1118.4 1136.1 1167.2 1221.2 1462.0 1337.1 1125.4 1207.1 1343.3 1364.5 1420.3 1430.4 1503.8 1493.0 1546.6 -999.0 -999.0 -999.0 -999.0 -999.0 -999.0 -999.0 -999.0 -999.0 -999.0 -999.0 -999.0 -999.0 -999.0
-999.0 -999.0 -999.0 -999.0 -999.0 -999.0 -999.0 -999.0 1284.6 1232.6 1384.8 1142.8 1271.6 1191.9 1278.4 1359.7 1362.5 1430.6 1105.9 1104.9 1166.2 1054.2 1313.6 1385.4 1319.2 1394.5 1268.3 1015.3 1353.9 -999.0 -999.0 -999.0 1481.1 1443.3 -999.0 1525.9 1546.4 1506.7 1461.6 1405.0 1245.5 1092.9 1186.9 1203.4 1153.8 1261.1 1188.4 1185.2 1333.9 1429.4 1469.4 1470.6 1415.0 1620.8 1616.2 1570.4 1535.0 -999.0 -999.0 -999.0 -999.0 -999.0 -999.0 -999.0 -999.0 -999.0 -999.0 -999.0 -999.0 -999.0 -999.0
1484.4 -999.0 -999.0 -999.0 -999.0 -999.0 -999.0 -999.0 1432.8 1134.0 1342.3 1376.0 1325.6 1267.5 1274.4 1312.2 1406.7 1435.6 1396.1 997.8 1171.7 1092.2 1302.5 1345.0 1177.8 1425.2 1373.4 1373.4 1423.0 -999.0 -999.0 -999.0 1485.4 1463.2 1447.1 1493.5 1556.7 1534.6 1509.8 1291.6 1048.3 958.2 1110.4 919.9 1146.4 1201.8 1030.8 1231.4 1185.6 1202.2 1277.8 1492.8 1403.9 1303.4 1471.7 1494.4 1543.5 -999.0 -999.0 -999.0 -999.0 -999.0 -999.0 -999.0 -999.0 -999.0 -999.0 -999.0 -999.0 -999.0 -999.0
1305.0 1374.9 -999.0 -999.0 -999.0 -999.0 -999.0 -999.0 -999.0 1287.7 1233.6 1407.0 -999.0 1355.8 1300.0 1321.2 1341.1 1435.2 -999.0 1399.8 1452.5 1265.8 1352.1 1287.7 1281.2 1453.3 1461.2 -999.0 -999.0 -999.0 -999.0 1483.3 1468.9 1459.7 1473.3 1456.0 1457.2 1491.2 1419.6 1308.3 1006.6 716.0 1110.5 810.4 1052.3 960.6 915.1 1120.3 1039.0 1175.9 1326.0 1233.5 1232.5 1331.0 1494.7 1436.5 1403.0 1578.6 -999.0 -999.0 -999.0 -999.0 -999.0 -999.0 -999.0 -999.0 -999.0 -999.0 -999.0 -999.0 -999.0
1197.3 -999.0 -999.0 -999.0 -999.0 -999.0 -999.0 -999.0 -999.0 -999.0 1339.3 -999.0 -999.0 -999.0 1457.8 1322.1 1320.0 1358.6 1430.0 -999.0 -999.0 1373.2 1450.8 1276.7 1231.5 -999.0 -999.0 -999.0 -999.0 -999.0 1531.2 1413.7 1427.1 1430.4 1445.3 1386.5 1430.5 1352.6 1268.2 1347.0 1149.6 888.1 722.9 882.5 789.3 777.7 792.6 983.7 972.1 966.0 1061.4 1234.9 1264.5 1256.1 1463.8 1414.2 1340.6 1413.1 -999.0 -999.0 -999.0 -999.0 -999.0 -999.0 -999.0 -999.0 -999.0 -999.0 -999.0 -999.0 -999.0
-999.0 -999.0 -999.0 -999.0 -999.0 -999.0 -999.0 -999.0 -999.0 -999.0 1424.6 1434.7 -999.0 -999.0 -999.0 1448.9 1262.5 1263.7 1347.0 -999.0 -999.0 -999.0 -999.0 1496.5 -999.0 -999.0 -999.0 -999.0 -999.0 -999.0 1548.3 1460.5 1438.3 1317.8 1216.8 1214.4 1308.9 1310.7 1356.9 1324.4 1236.3 962.3 766.2 940.9 656.9 741.3 718.9 929.2 932.3 844.8 1026.2 1167.7 1255.0 1392.3 1472.2 1379.4 1304.7 1382.2 -999.0 -999.0 -999.0 -999.0 -999.0 -999.0 -999.0 -999.0 -999.0 -999.0 -999.0 -999.0 -999.0
1595.4 1625.1 1586.0 -999.0 -999.0 -999.0 -999.0 -999.0 -999.0 -999.0 -999.0 1310.8 -999.0 -999.0 -999.0 -999.0 1425.3 1298.3 1387.4 -999.0 -999.0 -999.0 -999.0 -999.0 -999.0 -999.0 -999.0 -999.0 -999.0 1572.9 1478.2 1322.0 1221.9 1184.6 1089.0 1110.9 1191.0 1220.5 1318.0 1259.9 1249.4 1078.2 634.3 592.1 638.4 719.6 950.2 1058.2 1028.7 1120.5 1268.8 1122.9 1141.4 1388.1 1408.8 1332.7 1293.8 1380.1 1537.7 -999.0 -999.0 -999.0 -999.0 -999.0 -999.0 -999.0 -999.0 -999.0 -999.0 -999.0 -999.0
1357.0 1369.7 1466.1 1533.1 -999.0 -999.0 -999.0 -999.0 -999.0 -999.0 -999.0 1236.6 -999.0 -999.0 -999.0 -999.0 -999.0 -999.0 -999.0 -999.0 -999.0 -999.0 -999.0 -999.0 -999.0 -999.0 -999.0 -999.0 -999.0 1474.5 1414.5 1381.2 1338.2 1401.7 893.6 1047.3 1136.3 1033.7 1282.3 1164.5 1397.3 1220.5 758.4 540.7 726.4 867.7 637.0 613.7 737.1 889.8 989.7 1318.2 1282.5 1320.2 1253.0 1318.2 1357.9 1377.5 1513.6 1648.6 -999.0 -999.0 -999.0 -999.0 -999.0 -999.0 -999.0 -999.0 -999.0 -999.0 -999.0
1414.9 1458.4 1439.6 1492.7 -999.0 -999.0 -999.0 -999.0 -999.0 -999.0 -999.0 -999.0 -999.0 -999.0 -999.0 -999.0 -999.0 -999.0 -999.0 -999.0 -999.0 -999.0 -999.0 -999.0 -999.0 -999.0 -999.0 -999.0 1597.6 1475.1 1342.5 1407.9 1102.8 1516.6 610.6 644.6 1185.5 1136.0 1238.6 1314.0 1254.4 1333.1 1120.3 595.3 667.8 802.0 870.6 954.7 845.3 895.1 984.5 1152.5 1284.0 1332.0 1368.0 1388.7 1352.1 1440.4 1610.9 1665.6 -999.0 -999.0 -999.0 -999.0 -999.0 -999.0 -999.0 -999.0 -999.0 -999.0 -999.0
1491.8 1529.5 1530.3 1485.0 -999.0 -999.0 -999.0 -999.0 -999.0 -999.0 -999.0 -999.0 -999.0 -999.0 -999.0 -999.0 -999.0 -999.0 -999.0 -999.0 -999.0 -999.0 -999.0 -999.0 -999.0 -999.0 -999.0 -999.0 1583.0 1313.5 1370.6 1185.3 701.8 1160.8 1401.3 978.8 915.5 1065.9 1106.2 1200.8 1246.0 1320.9 1282.0 1177.5 647.0 779.9 829.4 964.8 998.8 1024.8 1174.5 1218.5 1266.7 1244.0 1396.5 1326.7 1399.5 1432.5 1572.8 1664.0 1656.2 1617.1 1602.2 -999.0 -999.0 -999.0 -999.0 -999.0 -999.0 -999.0 -999.0
1433.6 1568.4 -999.0 1488.7 1535.8 -999.0 -999.0 -999.0 -999.0 -999.0 -999.0 -999.0 -999.0 -999.0 -999.0 -999.0 -999.0 -999.0 -999.0 -999.0 -999.0 -999.0 -999.0 -999.0 -999.0 -999.0 -999.0 -999.0 1540.2 1323.0 1229.7 944.7 1256.4 1167.5 1061.1 840.2 1049.4 1132.2 845.5 1225.4 1070.8 1256.3 1344.3 1380.8 1094.7 886.6 887.7 951.8 1007.4 1169.3 1178.7 1255.1 1347.4 1429.2 1425.2 1436.4 1408.1 1477.3 1547.5 1597.4 1333.8 1444.2 1364.6 1354.2 1452.6 -999.0 -999.0 -999.0 -999.0 -999.0 -999.0
1400.1 1482.1 1504.8 1471.5 -999.0 -999.0 -999.0 -999.0 -999.0 -999.0 -999.0 -999.0 -999.0 -999.0 -999.0 -999.0 -999.0 -999.0 -999.0 -999.0 -999.0 -999.0 -999.0 -999.0 -999.0 -999.0 -999.0 -999.0 1534.2 1300.8 1111.2 746.5 647.3 872.4 1150.8 1088.4 1006.3 823.3 1126.7 850.1 994.5 1130.4 1209.2 1256.6 1325.7 1211.3 895.1 930.3 1007.7 1086.4 1164.4 1249.5 1313.8 1399.3 1475.8 1462.6 1469.4 1528.5 1539.6 1522.5 1403.4 1142.4 1178.0 1200.9 1193.7 1295.1 1552.4 -999.0 -999.0 -999.0 -999.0
1474.2 1498.2 1470.4 1433.6 -999.0 -999.0 -999.0 -999.0 -999.0 -999.0 -999.0 -999.0 -999.0 -999.0 -999.0 -999.0 -999.0 -999.0 -999.0 -999.0 -999.0 -999.0 -999.0 -999.0 -999.0 -999.0 -999.0 -999.0 1557.9 1437.5 1100.8 918.5 1244.6 494.2 661.5 1158.5 1002.6 1153.7 833.0 775.0 1002.6 1144.3 1136.4 1108.0 1240.8 714.3 800.1 818.8 799.6 815.6 914.1 1209.5 1191.9 1384.4 1470.6 1486.2 1499.0 1530.8 1566.1 1571.8 1472.9 1225.7 1306.5 1340.4 1284.1 1242.2 1499.0 1354.8 -999.0 -999.0 -999.0
1516.6 1487.1 1388.9 1483.1 -999.0 -999.0 -999.0 -999.0 -999.0 -999.0 -999.0 -999.0 -999.0 -999.0 -999.0 -999.0 1605.3 1588.7 1628.1 -999.0 -999.0 -999.0 -999.0 -999.0 -999.0 -999.0 -999.0 -999.0 -999.0 1578.7 1447.5 1322.8 1144.1 1086.5 853.6 1337.4 1575.6 1084.8 1073.4 1082.6 1124.9 999.3 998.1 1084.7 1036.9 852.9 851.9 652.8 742.5 914.5 1013.3 1038.9 1220.6 1390.7 1470.0 1510.6 1489.4 1537.1 1553.3 1155.8 1227.3 964.3 940.7 1031.8 1107.5 1331.2 1148.1 1254.8 1504.5 -999.0 -999.0
1586.2 1461.1 1491.3 -999.0 -999.0 -999.0 -999.0 -999.0 -999.0 -999.0 -999.0 -999.0 -999.0 -999.0 -999.0 -999.0 1567.0 1561.0 -999.0 -999.0 -999.0 -999.0 -999.0 -999.0 -999.0 -999.0 -999.0 -999.0 -999.0 -999.0 1507.9 1521.6 1150.8 1201.5 652.9 1200.8 1185.6 1258.7 1385.2 1359.3 1273.5 1270.2 683.0 1071.1 987.7 680.2 863.0 1101.8 1190.8 897.1 1215.8 1071.1 1290.9 1451.3 1541.1 1543.3 1519.1 1448.3 1238.1 1142.0 1193.2 1199.5 1248.3 1169.0 1087.0 1132.7 1116.8 1260.9 1257.2 -999.0 -999.0
1474.0 1437.4 -999.0 -999.0 -999.0 -999.0 -999.0 -999.0 -999.0 -999.0 -999.0 -999.0 -999.0 -999.0 -999.0 1542.8 1190.8 1277.1 1558.7 -999.0 -999.0 -999.0 -999.0 -999.0 -999.0 -999.0 -999.0 -999.0 -999.0 -999.0 1525.7 1246.4 1140.1 1124.3 1274.2 1180.4 1357.4 1383.4 1404.8 1412.9 1221.2 1294.7 1326.3 700.8 961.6 1004.9 801.4 991.9 837.0 1058.2 1055.5 1240.0 1361.1 1476.2 1529.0 1590.8 1547.9 1387.5 1269.5 1321.7 1246.1 1180.9 1217.8 1167.4 1184.8 1186.2 1182.2 1354.8 1258.1 1547.0 -999.0
-999.0 -999.0 -999.0 -999.0 -999.0 -999.0 -999.0 -999.0 -999.0 -999.0 -999.0 -999.0 -999.0 -999.0 1613.9 1131.0 996.4 865.6 1574.5 -999.0 -999.0 -999.0 -999.0 -999.0 -999.0 -999.0 -999.0 -999.0 -999.0 -999.0 1550.0 1063.2 1187.2 1539.5 1353.4 1434.1 1366.3 1513.3 1491.1 1356.5 1232.6 1425.2 866.6 1021.2 801.8 988.8 709.2 1171.0 1078.6 1248.9 1114.0 1295.1 1342.5 1413.7 1578.9 1600.0 1555.7 1469.8 1224.7 1207.2 1258.7 1367.3 1335.9 1333.0 1311.0 1293.6 1188.3 1212.4 1351.1 1411.2 -999.0
-999.0 -999.0 -999.0 -999.0 -999.0 -999.0 -999.0 -999.0 -999.0 -999.0 -999.0 -999.0 -999.0 1611.0 1502.3 849.0 1148.6 1343.9 -999.0 -999.0 -999.0 -999.0 -999.0 -999.0 -999.0 -999.0 -999.0 -999.0 -999.0 -999.0 -999.0 1538.8 1575.1 1597.4 1347.7 1541.3 1353.2 1533.0 1510.7 1448.0 1319.3 1441.4 914.4 875.2 750.4 775.0 729.5 798.2 817.2 929.3 1043.1 1095.7 1195.4 1443.3 1535.0 1539.0 1466.6 1442.7 1428.1 1140.3 1277.5 1508.6 1520.1 1459.4 1482.9 1473.5 1477.5 1474.0 1544.0 1550.7 1496.8
-999.0 -999.0 -999.0 -999.0 -999.0 -999.0 -999.0 -999.0 -999.0 -999.0 -999.0 -999.0 -999.0 1329.7 1083.6 1410.8 1494.9 1610.0 -999.0 -999.0 -999.0 -999.0 -999.0 -999.0 -999.0 -999.0 -999.0 -999.0 -999.0 -999.0 -999.0 -999.0 1656.9 1514.4 1552.9 1562.3 1441.5 1542.8 1543.0 1490.7 1315.6 1443.6 937.0 975.5 993.9 803.7 867.1 944.5 715.5 750.8 1030.2 990.1 1150.2 1252.0 1463.1 1508.3 1463.6 1465.5 1492.0 1488.3 1509.7 1580.8 1542.6 1488.5 1458.7 1481.0 1516.8 1530.9 1536.2 1291.7 1302.6
-999.0 -999.0 -999.0 -999.0 -999.0 -999.0 -999.0 -999.0 -999.0 -999.0 -999.0 -999.0 -999.0 1331.5 1413.7 1393.5 1620.5 -999.0 -999.0 -999.0 -999.0 -999.0 -999.0 -999.0 -999.0 -999.0 -999.0 -999.0 -999.0 -999.0 -999.0 -999.0 1686.2 1533.5 1527.6 -999.0 1559.2 -999.0 1638.0 1580.8 1486.3 1496.9 1416.3 961.6 1000.0 964.6 727.0 1160.7 1124.4 786.8 931.5 1031.7 1128.7 1292.3 1438.3 1529.0 1583.3 1583.8 1553.0 1555.3 1510.2 1424.5 1503.6 1408.7 1452.9 1526.3 1485.0 1384.6 1419.1 1458.4 1449.3
-999.0 -999.0 -999.0 -999.0 -999.0 -999.0 -999.0 -999.0 -999.0 -999.0 -999.0 -999.0 1596.9 1622.7 1621.9 -999.0 -999.0 -999.0 -999.0 -999.0 -999.0 -999.0 -999.0 -999.0 -999.0 -999.0 -999.0 -999.0 -999.0 -999.0 -999.0 -999.0 1690.3 1650.1 1627.6 -999.0 -999.0 -999.0 1677.5 1428.2 1564.4 1429.7 1288.8 1341.5 1302.0 1167.0 873.1 866.0 1218.4 943.8 877.4 1098.4 1070.6 1220.8 1358.6 1575.1 1604.2 1613.6 1604.4 1590.5 1566.1 1534.5 1522.9 1460.5 1537.4 1493.7 1422.6 1362.5 1338.6 1347.7 1401.0
-999.0 -999.0 -999.0 -999.0 -999.0 -999.0 -999.0 -999.0 -999.0 -999.0 -999.0 -999.0 -999.0 -999.0 -999.0 -999.0 -999.0 -999.0 -999.0 -999.0 -999.0 -999.0 -999.0 -999.0 -999.0 -999.0 -999.0 -999.0 -999.0 -999.0 -999.0 -999.0 -999.0 -999.0 -999.0 -999.0 -999.0 1689.4 1655.2 1477.3 1226.9 1133.9 1113.8 1105.0 1202.6 1179.9 975.3 1000.9 1126.4 1295.1 1092.6 1028.3 1177.8 1277.4 1390.2 1498.2 1565.7 1564.6 1609.2 1623.3 1626.5 1623.0 1594.1 1593.1 1489.0 1266.6 1407.5 1368.8 1456.6 1452.6 1519.1
-999.0 -999.0 -999.0 -999.0 -999.0 -999.0 -999.0 -999.0 -999.0 -999.0 -999.0 -999.0 -999.0 -999.0 -999.0 -999.0 -999.0 -999.0 -999.0 -999.0 -999.0 -999.0 -999.0 -999.0 -999.0 -999.0 -999.0 -999.0 -999.0 -999.0 -999.0 -999.0 -999.0 -999.0 -999.0 -999.0 -999.0 1629.1 1536.5 1287.3 1033.8 867.9 985.7 1236.2 1149.8 1365.4 1279.4 1331.5 1200.5 1150.1 1127.5 1144.7 1201.7 1309.0 1378.2 1437.8 1552.5 1561.2 1620.7 1650.6 1682.3 1670.6 1629.2 1606.1 1539.8 1226.5 1306.4 1474.8 1534.1 1565.5 1568.3
-999.0 -999.0 -999.0 -999.0 -999.0 -999.0 -999.0 -999.0 -999.0 -999.0 -999.0 -999.0 -999.0 -999.0 -999.0 -999.0 -999.0 -999.0 -999.0 -999.0 -999.0 -999.0 -999.0 -999.0 -999.0 -999.0 -999.0 -999.0 -999.0 -999.0 -999.0 -999.0 -999.0 -999.0 -999.0 -999.0 -999.0 1591.6 1564.8 1441.7 1181.3 1084.2 1134.7 1239.8 1278.4 1336.4 1276.0 1364.9 1383.3 1343.0 1520.3 1193.7 1336.3 1255.1 1367.6 1413.7 1557.4 1593.0 1610.5 1651.5 1718.3 1662.8 1653.5 1609.8 1589.8 1421.5 1377.2 1477.8 1564.3 1594.9 1614.5
