GDD/GrowingDegreeDays_1965_Actual.txt
ncols         180
nrows         290
xllcorner     -200000
yllcorner     -200000
cellsize      5000
NODATA_value    -999
[rows 192 to 223 of 290, columns 72 to 143 of 180]
-999.0 -999.0 -999.0 -999.0 -999.0 -999.0 -999.0 -999.0 -999.0 -999.0 -999.0 -999.0 -999.0 -999.0 -999.0 -999.0 -999.0 -999.0 -999.0 -999.0 1517.7 1232.2 1068.2 928.9 736.7 836.8 1070.1 1267.9 1395.6 1297.4 1141.5 1040.0 979.8 1208.3 1363.4 1333.7 1248.8 1261.7 1395.3 1197.3 1279.7 1291.3 1394.9 1358.1 1471.9 1532.2 1512.1 1471.6 1543.5 1589.4 1579.3 1557.8 1538.1 1465.2 1511.3 1531.8 1491.4 1432.2 1403.5 1385.5 1346.3 1396.8 1428.4 1359.0 1393.8 1421.7 1452.2 1457.7 1537.4 1534.7 1514.5 1591.9
-999.0 -999.0 -999.0 -999.0 -999.0 -999.0 -999.0 -999.0 -999.0 -999.0 -999.0 -999.0 -999.0 -999.0 -999.0 -999.0 -999.0 -999.0 -999.0 1727.8 1567.9 1291.8 1065.2 967.8 995.9 1016.4 1139.0 1069.6 793.5 1015.0 1024.3 1056.0 1246.8 1343.6 1285.2 1267.4 1371.4 1381.8 1335.3 1228.7 1250.8 1289.1 1406.8 1364.1 1510.3 1510.3 1402.6 1503.9 1482.7 1489.5 1524.4 1494.3 1520.9 1490.0 1564.8 1574.1 1499.6 1473.1 1479.9 1406.2 1413.7 1338.5 1392.6 1360.1 1436.3 1441.3 1457.2 1523.7 1550.0 1503.5 1512.1 1581.0
-999.0 -999.0 -999.0 -999.0 -999.0 -999.0 -999.0 -999.0 -999.0 -999.0 -999.0 -999.0 -999.0 -999.0 -999.0 -999.0 -999.0 -999.0 -999.0 1446.6 1381.1 1320.2 1268.0 1116.1 845.4 871.2 942.2 1056.8 1021.2 953.2 912.5 925.3 1226.7 1134.9 1073.6 1370.4 1213.1 1462.0 1396.1 1267.3 1149.2 1381.3 1376.4 1505.9 1555.2 1517.6 1466.6 1285.2 1407.2 1428.7 1454.4 1460.1 1479.8 1489.3 1558.7 1542.0 1528.6 1488.7 1537.7 1501.0 1385.4 1342.1 1362.1 1342.0 1429.4 1495.0 1523.5 1560.6 1539.0 1505.1 1526.2 1562.1
-999.0 -999.0 -999.0 -999.0 -999.0 -999.0 -999.0 -999.0 -999.0 -999.0 -999.0 -999.0 -999.0 -999.0 -999.0 -999.0 -999.0 -999.0 -999.0 1471.9 1391.5 1530.0 1348.7 1130.5 846.1 959.3 923.6 1106.2 996.2 1048.3 1161.0 1099.2 1082.7 1152.8 1281.0 1406.1 1390.9 1197.1 1443.2 1421.5 1393.6 1408.1 1345.8 1484.2 1593.8 1560.7 1480.2 1449.4 1478.3 1423.2 1437.9 1449.0 1450.5 1527.1 1529.5 1475.7 1511.1 1486.7 1544.9 1469.9 1358.2 1345.5 1424.1 1446.1 1420.2 1507.4 1507.8 1593.7 1532.3 1525.1 1585.7 1605.7
-999.0 -999.0 -999.0 -999.0 -999.0 -999.0 -999.0 -999.0 -999.0 -999.0 -999.0 -999.0 -999.0 -999.0 -999.0 -999.0 -999.0 -999.0 1559.5 1362.1 1133.3 1273.7 1353.3 1078.8 1002.6 880.4 879.7 1258.7 1249.8 1287.1 1172.8 1070.6 1218.8 1223.6 1134.9 1311.6 1395.8 1427.1 1488.0 1511.9 1488.3 1439.2 1487.4 1541.4 1583.3 1603.0 1585.9 1536.1 1508.5 1545.8 1490.9 1492.8 1456.2 1515.5 1508.7 1503.6 1535.4 1540.7 1520.4 1409.4 1391.1 1384.0 1479.0 1461.4 1473.0 1502.7 1572.5 1535.5 1531.1 1530.9 1535.1 1589.4
-999.0 -999.0 -999.0 -999.0 -999.0 -999.0 -999.0 -999.0 -999.0 -999.0 -999.0 -999.0 -999.0 -999.0 -999.0 -999.0 -999.0 1445.9 1368.9 1246.4 1325.3 1391.9 1139.1 919.3 879.8 1032.1 971.4 1261.0 1178.2 1275.1 1305.2 881.7 1192.1 1154.2 1388.6 1394.6 1481.2 1486.2 1465.6 1387.1 1475.1 1354.6 1516.1 1525.3 1659.1 1669.0 1624.6 1599.7 1588.5 1591.5 1543.5 1498.9 1482.4 1570.8 1532.3 1520.1 1493.1 1482.7 1460.0 1388.3 1401.3 1340.7 1452.7 1488.8 1563.2 1568.1 1495.4 1478.6 1518.3 1517.5 1546.1 1613.6
-999.0 -999.0 -999.0 -999.0 -999.0 -999.0 -999.0 -999.0 -999.0 -999.0 -999.0 -999.0 -999.0 -999.0 -999.0 1420.9 1416.3 1427.8 1522.7 1490.5 1382.1 1318.2 1054.0 944.6 845.4 810.0 983.4 1143.3 1387.7 1221.3 1277.2 1001.7 1219.0 1349.7 1435.5 1515.2 1484.7 1535.7 1465.6 1355.4 1418.2 1424.2 1616.3 1636.0 1673.4 1679.1 1602.8 1600.0 1586.6 1626.1 1563.1 1528.0 1553.0 1533.2 1578.6 1466.1 1455.1 1398.0 1349.7 1362.2 1359.7 1380.6 1455.6 1473.2 1470.9 1502.0 1482.5 1551.1 1525.5 1529.9 1565.3 1612.8
-999.0 -999.0 -999.0 -999.0 -999.0 -999.0 -999.0 -999.0 -999.0 -999.0 -999.0 1728.8 1728.2 1711.8 1331.8 1215.2 1141.6 1133.2 1345.5 1377.4 1402.2 1031.0 1088.6 936.1 927.0 971.9 1202.5 1307.1 1435.0 1315.4 1352.1 937.5 1080.6 1268.5 1478.8 1464.6 1487.0 1338.5 1515.6 1385.9 1392.8 1470.6 1592.6 1699.4 1726.9 1637.5 1648.7 1643.5 1555.6 1614.2 1590.4 1618.2 1563.1 1521.0 1492.9 1517.3 1437.8 1450.3 1404.8 1328.6 1319.3 1332.9 1393.0 1414.7 1449.8 1496.6 1533.6 1502.4 1587.6 1584.9 1591.8 1611.6
-999.0 -999.0 -999.0 -999.0 -999.0 -999.0 -999.0 -999.0 -999.0 -999.0 1520.6 1609.7 1483.6 1478.6 1447.2 1229.4 1266.2 1224.6 1402.5 1515.7 1237.5 1125.0 1013.4 1264.5 878.8 1075.0 1248.2 979.9 1216.9 1450.8 1006.7 1170.4 1253.1 1550.1 1571.1 1527.5 1293.8 1508.0 1515.8 1484.6 1488.1 1453.3 1577.3 1613.0 1746.5 1689.0 1701.5 1672.4 1599.0 1594.5 1594.0 1593.9 1572.7 1491.5 1489.8 1359.2 1477.0 1482.8 1436.2 1367.8 1401.5 1408.9 1462.1 1490.6 1471.7 1509.9 1489.7 1556.4 1587.2 1578.4 1556.8 1604.7
-999.0 -999.0 -999.0 -999.0 -999.0 -999.0 -999.0 -999.0 -999.0 1460.4 1448.6 1597.1 1564.5 1534.3 1425.1 1453.3 1368.8 1423.9 1400.9 1093.2 1279.5 1348.3 1020.7 1411.8 1129.5 1068.9 870.2 1001.7 1021.2 1209.1 1250.0 1337.6 1550.0 1234.9 1278.0 1531.6 1498.3 1561.5 1606.0 1524.8 1552.9 1598.5 1566.4 1578.1 1748.1 1728.3 1741.5 1701.2 1666.2 1639.5 1610.0 1465.0 1569.3 1536.7 1473.4 1415.4 1450.1 1478.0 1430.7 1379.1 1388.2 1370.1 1433.1 1509.9 1534.6 1560.3 1501.5 1533.7 1582.2 1521.2 1534.5 1611.7
-999.0 -999.0 -999.0 -999.0 -999.0 1650.3 1414.8 1522.4 1364.9 1513.9 1488.8 1428.4 1499.2 1510.4 1330.4 1398.7 1360.2 1387.0 1206.2 1219.3 1345.2 1273.6 1251.3 1321.6 1266.4 1006.5 976.6 1127.3 1192.3 1103.6 1284.8 1506.7 1179.9 1120.4 1310.4 1297.1 1497.8 1521.6 1621.7 1593.8 1411.9 1597.6 1489.9 1664.4 1731.7 1722.4 1704.1 1532.8 1625.3 1578.0 1325.1 1547.0 1547.5 1524.9 1457.7 1387.1 1471.8 1463.5 1443.2 1457.8 1424.5 1429.9 1475.6 1527.1 1515.3 1551.0 1527.5 1507.6 1523.1 1556.4 1582.3 1669.3
-999.0 -999.0 -999.0 -999.0 1593.3 1445.4 1455.9 1423.7 1227.9 1009.1 1110.6 1164.4 1386.1 1294.7 1174.0 1261.6 1296.3 1160.4 1316.9 1365.5 1190.4 1383.9 1497.4 1374.9 1308.0 1110.5 1117.0 1153.8 1223.9 1259.4 1346.4 1270.5 734.6 1008.5 1265.4 1444.2 1421.7 1526.1 1432.7 1577.6 1531.9 1619.6 1645.6 1676.0 1684.0 1712.9 1716.9 1624.1 1564.0 1318.7 1318.1 1395.6 1488.0 1518.4 1317.0 1417.7 1467.8 1455.2 1490.8 1441.8 1444.4 1456.9 1514.8 1458.9 1488.4 1537.3 1430.6 1455.9 1548.5 1566.5 1588.0 1657.4
-999.0 -999.0 1669.0 1552.4 1512.2 1410.5 1456.8 1397.9 1293.7 1281.5 1353.3 1450.5 1282.3 1382.0 1247.1 1491.9 1412.7 1228.0 1301.9 1444.9 1352.6 1559.6 1529.5 1231.3 1132.3 1190.6 1291.7 1160.3 1385.4 1444.7 1431.8 1120.5 961.4 957.1 1432.4 1385.4 1412.5 1428.2 1509.1 1638.7 1536.7 1594.0 1622.8 1687.2 1678.3 1745.3 1747.8 1620.4 1540.6 1320.1 1357.7 1425.1 1513.5 1456.5 1337.0 1379.9 1414.3 1466.9 1465.6 1473.5 1484.6 1492.3 1492.0 1469.9 1459.2 1488.3 1500.3 1512.8 1560.2 1510.6 1483.3 1606.2
-999.0 -999.0 1691.8 -999.0 1640.9 1579.6 1432.7 1493.6 1424.2 1442.3 1397.3 1452.3 1423.2 1331.4 1475.7 1427.5 1570.1 1600.3 1590.8 1582.8 1576.2 1352.7 1403.7 1108.7 674.7 1164.5 1135.8 1145.8 908.8 940.3 1488.2 1529.4 852.7 1168.2 1344.3 1316.8 1266.6 1457.3 1613.9 1679.1 1511.8 1507.0 1624.5 1709.6 1742.1 1715.0 1761.6 1635.5 1381.5 1310.4 1423.1 1494.7 1524.9 1528.6 1502.8 1428.4 1484.2 1515.4 1541.6 1552.1 1535.3 1497.2 1433.6 1476.5 1511.0 1498.9 1543.3 1543.1 1509.4 1527.5 1540.8 1582.3
-999.0 -999.0 -999.0 -999.0 -999.0 1470.9 1544.3 1553.7 1470.1 1537.0 1498.3 1502.2 1460.5 1542.9 1581.2 1533.9 1566.2 1474.6 1572.3 1353.3 1549.3 1301.1 1150.0 1095.9 939.3 850.3 1008.9 894.7 812.5 1194.8 1099.2 1245.5 1619.6 1212.9 1266.8 1546.1 1514.5 1647.5 1482.0 1526.1 1339.5 1432.1 1639.5 1689.8 1749.8 1805.2 1651.8 1402.3 1455.6 1305.6 1439.3 1497.9 1461.2 1538.0 1426.0 1533.4 1534.8 1593.3 1619.8 1601.4 1548.5 1510.7 1513.9 1550.3 1550.8 1557.7 1525.9 1468.1 1440.6 1509.7 1562.2 1530.8
-999.0 -999.0 -999.0 -999.0 1615.2 1545.3 1506.1 1530.2 1566.2 1441.4 1380.8 1312.8 1408.7 1500.2 1556.3 1644.1 1594.6 1346.0 1583.8 1454.3 1669.2 1519.7 1443.6 1434.3 1443.3 1185.8 1220.2 1037.7 1021.3 906.2 1075.4 1097.4 1233.2 957.2 1412.3 1526.9 1571.8 1470.9 1513.6 1355.7 1433.8 1437.1 1668.9 1697.8 1695.4 1435.7 1366.3 1365.0 1315.6 1450.7 1431.8 1448.5 1485.2 1528.7 1529.7 1543.7 1605.6 1671.2 1692.7 1657.4 1548.4 1515.7 1490.7 1529.4 1540.0 1537.9 1492.9 1377.4 1515.1 1496.1 1499.9 1568.4
-999.0 -999.0 -999.0 1718.6 1654.7 1590.8 1558.4 1574.5 1590.0 1594.6 1543.2 1615.0 1594.8 1637.8 1651.8 1634.3 1609.9 1579.7 1368.5 1634.5 1313.3 1399.8 1369.8 1229.5 1286.8 1403.0 1375.5 1218.9 1281.3 1145.1 1180.6 1337.9 1070.1 1101.3 1515.6 1401.4 1605.6 1571.7 1446.0 1413.6 1521.9 1555.5 1631.1 1679.0 1508.2 1552.7 1397.5 1393.0 1439.1 1424.5 1461.3 1511.8 1513.1 1568.5 1598.8 1609.8 1654.6 1609.4 1742.3 1628.0 1607.3 1569.9 1573.0 1566.8 1538.5 1482.6 1404.2 1454.0 1495.9 1514.6 1546.2 1584.8
-999.0 -999.0 -999.0 -999.0 -999.0 1706.6 1639.5 1612.6 1589.6 1596.9 1589.4 -999.0 -999.0 -999.0 -999.0 1692.9 1613.1 1485.2 1663.0 1744.5 1623.3 1596.4 1560.6 1501.6 1676.3 968.9 945.2 1299.9 1392.6 1386.0 1256.4 1216.6 1142.4 1388.6 1480.7 1497.6 1619.6 1334.2 1502.6 1443.7 1656.3 1639.2 1637.8 1656.7 1431.3 1558.6 1426.2 1431.4 1498.9 1500.5 1526.0 1550.6 1589.4 1614.0 1626.3 1616.7 1637.8 1584.2 1693.3 1622.8 1559.9 1570.2 1550.9 1547.2 1464.8 1485.1 1456.4 1469.1 1513.7 1613.5 1617.4 1628.1
-999.0 -999.0 -999.0 -999.0 -999.0 1733.7 1608.8 1530.2 1683.0 1585.7 1724.2 -999.0 -999.0 -999.0 -999.0 -999.0 -999.0 -999.0 1759.5 1776.8 1741.4 1854.5 1748.5 1534.4 1217.1 1051.6 919.1 1003.7 1169.9 1308.8 1305.2 1437.1 1289.0 1300.8 1563.5 1632.6 1373.9 1400.4 1426.2 1704.4 1715.3 1662.9 1672.8 1521.7 1442.2 1452.6 1451.2 1503.0 1532.8 1555.7 1574.2 1581.3 1584.4 1600.4 1546.3 1596.6 1622.9 1652.0 1663.4 1591.6 1548.3 1550.6 1445.0 1463.7 1554.2 1468.6 1474.3 1526.6 1574.6 1630.2 1666.6 1640.2
-999.0 -999.0 -999.0 -999.0 -999.0 -999.0 -999.0 1704.9 -999.0 -999.0 -999.0 -999.0 -999.0 -999.0 -999.0 -999.0 1619.3 1617.5 1659.9 1617.3 1771.8 1864.7 1883.0 1693.0 1438.2 1148.8 1070.0 1146.1 1459.7 1486.1 1204.9 1356.3 1424.6 1590.5 1688.6 1755.8 1565.4 1613.0 1643.0 1743.7 1729.8 1648.3 1651.4 1389.6 1340.0 1433.8 1459.3 1534.0 1552.3 1565.5 1594.8 1554.6 1579.8 1555.0 1612.0 1628.9 1641.3 1639.1 1620.3 1515.3 1483.5 1430.7 1358.7 1467.4 1463.9 1614.7 1540.8 1577.6 1636.9 1622.1 1682.5 1695.9
-999.0 -999.0 -999.0 -999.0 -999.0 -999.0 -999.0 -999.0 -999.0 -999.0 -999.0 -999.0 -999.0 -999.0 -999.0 -999.0 1635.7 1628.9 1788.7 1676.9 1575.5 -999.0 -999.0 1919.9 1442.7 1570.9 1412.6 1459.7 1458.3 1413.1 1335.9 1603.7 1646.7 1648.6 1728.3 1769.0 1776.5 1791.3 1789.0 1761.3 1635.5 1632.6 1568.3 1375.7 1439.3 1477.0 1525.4 1551.9 1523.0 1545.4 1582.9 1574.6 1596.2 1569.0 1544.6 1548.1 1573.1 1515.7 1577.2 1553.6 1475.7 1315.4 1471.4 1447.7 1510.0 1675.3 1594.0 1630.2 1690.8 1749.0 1787.1 1805.7
-999.0 -999.0 -999.0 -999.0 -999.0 -999.0 -999.0 -999.0 -999.0 -999.0 -999.0 -999.0 -999.0 -999.0 -999.0 -999.0 -999.0 -999.0 -999.0 -999.0 -999.0 -999.0 -999.0 1888.9 1750.0 1516.7 1499.3 1619.0 1637.1 1627.2 1587.0 1675.4 1740.7 1738.9 1753.6 1800.8 1824.8 -999.0 1856.8 1784.8 1682.7 1663.0 1568.5 1411.2 1465.2 1475.7 1541.5 1621.9 1613.6 1536.3 1588.2 1576.8 1471.9 1420.4 1449.9 1424.0 1368.7 1443.8 1466.8 1485.5 1496.6 1447.9 1545.3 1494.0 1489.5 1624.1 1673.0 1710.6 1713.0 1757.0 1829.2 1856.0
-999.0 -999.0 -999.0 -999.0 -999.0 -999.0 -999.0 -999.0 -999.0 -999.0 -999.0 -999.0 -999.0 -999.0 -999.0 -999.0 -999.0 -999.0 -999.0 -999.0 -999.0 -999.0 -999.0 -999.0 1760.2 1677.4 1615.6 1562.4 1548.3 1665.1 1702.6 1720.8 1805.2 -999.0 -999.0 -999.0 -999.0 1851.8 1869.2 1740.5 1710.3 1683.1 1585.6 1426.6 1481.6 1450.1 1505.2 1639.1 1549.7 1539.9 1430.9 1490.1 1339.9 1407.6 1398.4 1447.0 1416.9 1418.0 1481.5 1450.4 1633.9 1636.6 1623.7 1686.6 1639.3 1688.8 1719.3 1741.1 1810.4 1860.8 1836.4 1853.9
-999.0 -999.0 -999.0 -999.0 -999.0 -999.0 -999.0 -999.0 -999.0 -999.0 -999.0 -999.0 -999.0 -999.0 -999.0 -999.0 -999.0 -999.0 -999.0 -999.0 -999.0 -999.0 -999.0 -999.0 -999.0 1762.3 1568.8 1585.1 1619.8 1573.8 1670.9 1759.6 -999.0 -999.0 -999.0 -999.0 1737.5 1656.6 1602.9 1775.2 1757.5 1729.1 1524.8 1439.8 1441.0 1428.2 1479.2 1523.4 1563.1 1428.8 1295.7 1342.7 1347.9 1424.3 1423.3 1447.5 1527.8 1496.6 1511.0 1571.7 1621.4 1674.1 1782.6 1698.5 1660.3 1690.4 1659.8 1653.7 1791.3 1854.5 1852.9 1900.8
-999.0 -999.0 -999.0 -999.0 -999.0 -999.0 -999.0 -999.0 -999.0 -999.0 -999.0 -999.0 -999.0 -999.0 -999.0 -999.0 -999.0 -999.0 -999.0 -999.0 -999.0 -999.0 -999.0 -999.0 -999.0 -999.0 1767.0 1691.8 1711.5 1613.1 1738.3 1763.4 -999.0 -999.0 -999.0 1764.0 1751.2 1699.9 1582.4 1621.9 1655.0 1747.4 1608.5 1661.7 1491.2 1452.7 1518.8 1438.8 1388.5 1389.6 1389.9 1302.8 1377.6 1447.6 1486.1 1543.1 1557.2 1559.6 1551.9 1541.7 1607.0 1678.4 1666.4 1595.5 1580.4 1659.3 1651.1 1660.0 1723.3 1802.5 1840.9 1875.0
-999.0 -999.0 -999.0 -999.0 -999.0 -999.0 -999.0 -999.0 -999.0 -999.0 -999.0 -999.0 -999.0 -999.0 -999.0 -999.0 -999.0 -999.0 -999.0 -999.0 -999.0 -999.0 -999.0 -999.0 -999.0 -999.0 -999.0 -999.0 -999.0 -999.0 -999.0 -999.0 -999.0 -999.0 1757.0 1742.0 1749.8 1728.5 1559.8 1694.3 1647.2 1587.2 1592.4 1606.7 1555.6 1625.1 1586.7 1543.6 1462.2 1474.9 1453.2 1426.2 1401.6 1431.8 1462.6 1372.1 1490.5 1470.3 1518.6 1511.7 1550.7 1624.8 1608.7 1585.3 1582.1 1567.8 1644.8 1674.0 1698.3 1729.4 1773.7 1748.7
-999.0 -999.0 -999.0 -999.0 -999.0 -999.0 -999.0 -999.0 -999.0 -999.0 -999.0 -999.0 -999.0 -999.0 -999.0 -999.0 -999.0 -999.0 -999.0 -999.0 -999.0 -999.0 -999.0 -999.0 -999.0 -999.0 -999.0 -999.0 -999.0 -999.0 -999.0 -999.0 -999.0 -999.0 1864.6 1662.8 1682.2 1297.4 1407.5 1663.8 1623.8 1582.3 1560.3 1528.4 1615.4 1641.0 1600.9 1548.6 1452.8 1506.8 1557.6 1431.1 1404.5 1317.8 1426.2 1411.4 1320.2 1432.2 1478.3 1528.4 1594.9 1618.3 1626.5 1625.0 1637.8 1671.7 1615.2 1623.8 1683.7 1688.2 1682.0 1643.4
-999.0 -999.0 -999.0 -999.0 -999.0 -999.0 -999.0 -999.0 -999.0 -999.0 -999.0 -999.0 -999.0 -999.0 -999.0 -999.0 -999.0 -999.0 -999.0 -999.0 -999.0 -999.0 -999.0 -999.0 -999.0 -999.0 -999.0 -999.0 -999.0 -999.0 -999.0 -999.0 -999.0 -999.0 1822.1 1782.1 1768.9 1603.1 1337.9 1426.8 1513.1 1590.6 1490.8 1586.5 1586.8 1621.4 1451.3 1374.0 1321.9 1419.8 1504.2 1474.2 1480.5 1464.3 1440.5 1433.5 1486.2 1482.9 1493.6 1524.2 1584.3 1631.5 1662.5 1660.5 1630.5 1662.5 1611.0 1609.5 1637.9 1594.1 1476.4 1550.4
-999.0 -999.0 -999.0 -999.0 -999.0 -999.0 -999.0 -999.0 -999.0 -999.0 -999.0 -999.0 -999.0 -999.0 -999.0 -999.0 -999.0 2013.3 1900.5 1913.1 1227.9 1167.1 1176.2 1211.1 1124.7 1808.2 1407.4 1899.3 -999.0 -999.0 -999.0 -999.0 -999.0 -999.0 1804.9 1771.3 1734.1 1796.4 1664.4 1497.6 1426.5 1481.0 1537.2 1560.8 1550.3 1492.3 1382.7 1411.1 1465.7 1504.8 1545.8 1486.9 1508.7 1560.1 1594.5 1600.3 1547.7 1563.7 1502.7 1478.0 1436.8 1552.2 1603.7 1584.3 1580.2 1619.7 1545.9 1582.4 1623.5 1547.3 1459.1 1540.2
-999.0 -999.0 -999.0 -999.0 -999.0 -999.0 -999.0 -999.0 -999.0 -999.0 -999.0 -999.0 -999.0 -999.0 -999.0 -999.0 -999.0 1628.0 1575.6 1373.5 1252.0 1008.2 932.8 1008.7 1038.4 1116.9 1423.8 1651.6 1779.8 1708.1 1522.2 1691.1 1766.2 1820.7 1806.3 1789.2 1777.1 1776.3 1758.4 1696.0 1502.2 1487.1 1527.0 1578.5 1364.2 1472.9 1541.6 1498.2 1465.3 1554.6 1587.2 1597.3 1569.9 1578.4 1605.9 1597.7 1658.1 1605.2 1527.0 1506.4 1518.9 1484.1 1480.6 1599.4 1630.2 1645.4 1652.5 1569.4 1629.2 1339.9 1475.5 1510.3
-999.0 -999.0 -999.0 -999.0 -999.0 -999.0 -999.0 -999.0 -999.0 -999.0 -999.0 -999.0 -999.0 -999.0 -999.0 -999.0 1915.5 1820.0 1661.4 1559.1 1391.2 1108.2 974.2 1008.9 1097.1 1135.0 1206.4 1398.5 1513.1 1570.8 1527.9 1443.2 1685.8 1743.8 1795.1 1768.0 1662.0 1752.0 1725.4 1583.9 1543.9 1546.5 1526.5 1350.0 1490.7 1386.3 1427.8 1486.1 1572.3 1571.4 1633.2 1589.5 1502.4 1608.8 1580.0 1659.9 1624.2 1601.9 1552.7 1532.8 1445.2 1407.4 1565.8 1614.4 1613.0 1456.0 1575.2 1614.1 1594.6 1582.5 1555.8 1545.6
-999.0 -999.0 -999.0 -999.0 -999.0 -999.0 -999.0 -999.0 -999.0 -999.0 -999.0 -999.0 -999.0 -999.0 -999.0 -999.0 -999.0 1871.2 1823.4 1748.7 1431.5 1345.5 1260.2 1055.9 1165.3 1241.4 1437.0 1356.0 1213.5 1377.5 1548.9 1567.7 1467.4 1652.5 1784.4 1772.6 1762.8 1677.1 1633.8 1670.0 1643.3 1588.4 1552.2 1447.8 1535.5 1411.5 1475.3 1479.7 1518.6 1539.6 1603.3 1533.3 1505.1 1543.4 1659.2 1676.1 1628.6 1679.1 1634.8 1615.7 1528.9 1454.6 1474.9 1591.5 1585.0 1528.2 1539.6 1583.7 1638.7 1643.6 1651.7 1622.4
