GDD/GrowingDegreeDays_2005_Actual.txt
ncols         180
nrows         290
xllcorner     -200000
yllcorner     -200000
cellsize      5000
NODATA_value    -999
[rows 64 to 95 of 290, columns 71 to 141 of 180]
-999.0 -999.0 -999.0 -999.0 -999.0 -999.0 -999.0 -999.0 -999.0 1579.0 1324.9 1362.5 1321.6 955.0 990.7 748.0 974.1 1071.9 998.8 1057.6 459.2 1053.6 631.8 985.5 933.7 1160.0 1221.2 1079.0 853.3 899.7 661.7 1074.5 -999.0 -999.0 -999.0 -999.0 -999.0 -999.0 -999.0 -999.0 -999.0 -999.0 -999.0 -999.0 -999.0 -999.0 -999.0 -999.0 -999.0 -999.0 -999.0 -999.0 -999.0 -999.0 -999.0 -999.0 -999.0 -999.0 -999.0 -999.0 -999.0 -999.0 -999.0 -999.0 -999.0 -999.0 -999.0 -999.0 -999.0 -999.0 -999.0
-999.0 -999.0 -999.0 -999.0 -999.0 -999.0 -999.0 -999.0 -999.0 -999.0 1598.7 1358.2 1044.0 958.9 967.8 899.8 904.7 1353.8 1182.5 1158.7 878.5 824.9 791.8 978.8 1114.2 1007.6 1073.2 1134.3 1047.2 1072.2 1122.3 1428.7 -999.0 -999.0 -999.0 -999.0 -999.0 -999.0 -999.0 -999.0 -999.0 -999.0 -999.0 -999.0 -999.0 -999.0 -999.0 -999.0 -999.0 -999.0 -999.0 -999.0 -999.0 -999.0 -999.0 -999.0 -999.0 -999.0 -999.0 -999.0 -999.0 -999.0 -999.0 -999.0 -999.0 -999.0 -999.0 -999.0 -999.0 -999.0 -999.0
-999.0 -999.0 -999.0 -999.0 -999.0 -999.0 -999.0 -999.0 1592.6 -999.0 1617.2 1401.3 980.2 939.8 838.9 561.5 1162.5 1055.2 1357.3 1172.6 1170.8 1041.2 921.6 1175.4 1131.6 1030.5 955.7 935.1 1079.8 1258.0 1463.5 -999.0 -999.0 -999.0 -999.0 -999.0 -999.0 -999.0 -999.0 -999.0 -999.0 -999.0 -999.0 -999.0 -999.0 -999.0 -999.0 -999.0 -999.0 -999.0 -999.0 -999.0 -999.0 -999.0 -999.0 -999.0 -999.0 -999.0 -999.0 -999.0 -999.0 -999.0 -999.0 -999.0 -999.0 -999.0 -999.0 -999.0 -999.0 -999.0 -999.0
-999.0 -999.0 -999.0 -999.0 -999.0 -999.0 -999.0 -999.0 1608.7 1577.6 1510.3 1516.4 963.5 1398.3 1164.0 1276.6 1090.7 1183.1 967.4 1346.6 1286.3 1097.8 1140.1 1085.9 1091.4 1224.5 858.8 1089.9 1135.8 -999.0 -999.0 -999.0 -999.0 -999.0 -999.0 -999.0 -999.0 -999.0 -999.0 -999.0 -999.0 -999.0 -999.0 -999.0 -999.0 -999.0 -999.0 -999.0 -999.0 -999.0 -999.0 -999.0 -999.0 -999.0 -999.0 -999.0 -999.0 -999.0 -999.0 -999.0 -999.0 -999.0 -999.0 -999.0 -999.0 -999.0 -999.0 -999.0 -999.0 -999.0 -999.0
-999.0 -999.0 -999.0 -999.0 -999.0 -999.0 -999.0 -999.0 -999.0 1589.4 839.8 1521.5 1229.8 1137.1 1145.1 1369.2 948.7 1139.2 985.2 1040.2 1314.1 1187.1 1223.8 1177.1 1112.7 1141.6 1048.8 1476.2 -999.0 -999.0 -999.0 -999.0 -999.0 -999.0 -999.0 -999.0 -999.0 -999.0 -999.0 -999.0 -999.0 -999.0 -999.0 -999.0 -999.0 -999.0 -999.0 -999.0 -999.0 -999.0 -999.0 -999.0 -999.0 -999.0 -999.0 -999.0 -999.0 -999.0 -999.0 -999.0 -999.0 -999.0 -999.0 -999.0 -999.0 -999.0 -999.0 -999.0 -999.0 -999.0 -999.0
-999.0 -999.0 -999.0 -999.0 -999.0 -999.0 -999.0 -999.0 -999.0 -999.0 1619.2 1125.0 1543.1 1265.9 781.2 1306.6 1255.7 1263.3 1461.0 1141.3 1332.2 1152.1 1081.2 1416.1 1078.2 1258.3 1405.7 -999.0 -999.0 -999.0 -999.0 -999.0 -999.0 -999.0 -999.0 -999.0 -999.0 -999.0 -999.0 -999.0 -999.0 -999.0 -999.0 -999.0 -999.0 -999.0 -999.0 -999.0 -999.0 -999.0 -999.0 -999.0 -999.0 -999.0 -999.0 -999.0 -999.0 -999.0 -999.0 -999.0 -999.0 -999.0 -999.0 -999.0 -999.0 -999.0 -999.0 -999.0 -999.0 -999.0 -999.0
-999.0 -999.0 -999.0 -999.0 -999.0 -999.0 1581.0 -999.0 -999.0 1640.6 1646.4 1339.1 1112.4 1021.6 1057.8 1335.4 1246.1 981.6 1169.1 1287.6 1453.0 1200.2 1114.6 1193.3 1518.4 1510.3 -999.0 -999.0 -999.0 -999.0 -999.0 -999.0 -999.0 -999.0 -999.0 -999.0 -999.0 -999.0 -999.0 -999.0 -999.0 -999.0 -999.0 -999.0 -999.0 -999.0 -999.0 -999.0 -999.0 -999.0 -999.0 -999.0 -999.0 -999.0 -999.0 -999.0 -999.0 -999.0 -999.0 -999.0 -999.0 -999.0 -999.0 -999.0 -999.0 -999.0 -999.0 -999.0 -999.0 -999.0 -999.0
-999.0 -999.0 -999.0 -999.0 1494.1 1651.6 1492.2 1650.4 1397.0 1649.7 1096.0 1573.9 772.6 958.0 1023.3 1066.1 891.3 957.9 1000.3 1460.9 1298.5 1401.9 1096.3 1226.7 1363.3 1522.2 -999.0 -999.0 -999.0 -999.0 -999.0 -999.0 -999.0 -999.0 -999.0 -999.0 -999.0 -999.0 -999.0 -999.0 -999.0 -999.0 -999.0 -999.0 -999.0 -999.0 -999.0 -999.0 -999.0 -999.0 -999.0 -999.0 -999.0 -999.0 -999.0 -999.0 -999.0 -999.0 -999.0 -999.0 -999.0 -999.0 -999.0 -999.0 -999.0 -999.0 -999.0 -999.0 -999.0 -999.0 -999.0
-999.0 -999.0 -999.0 -999.0 1103.3 1646.6 1638.2 1408.1 1324.2 1099.7 740.9 996.6 1614.7 786.6 711.7 821.7 747.2 1152.3 1017.6 656.0 1218.5 1479.0 1518.8 1571.0 1552.8 -999.0 -999.0 1501.3 -999.0 -999.0 -999.0 -999.0 -999.0 -999.0 -999.0 -999.0 -999.0 -999.0 -999.0 -999.0 -999.0 -999.0 -999.0 -999.0 -999.0 -999.0 -999.0 -999.0 -999.0 -999.0 -999.0 -999.0 -999.0 -999.0 -999.0 -999.0 -999.0 -999.0 -999.0 -999.0 -999.0 -999.0 -999.0 -999.0 -999.0 -999.0 -999.0 -999.0 -999.0 -999.0 -999.0
-999.0 -999.0 -999.0 -999.0 1305.7 1491.6 1675.1 1353.8 862.8 1316.3 417.3 1140.8 1119.9 717.1 603.3 721.9 774.0 767.0 647.4 832.2 1009.0 879.1 1263.2 1119.3 1501.4 1518.6 1482.3 1509.3 -999.0 -999.0 -999.0 -999.0 -999.0 -999.0 -999.0 -999.0 -999.0 -999.0 -999.0 -999.0 -999.0 -999.0 -999.0 -999.0 -999.0 -999.0 -999.0 -999.0 -999.0 -999.0 -999.0 -999.0 -999.0 -999.0 -999.0 -999.0 -999.0 -999.0 -999.0 -999.0 -999.0 -999.0 -999.0 -999.0 -999.0 -999.0 -999.0 -999.0 -999.0 -999.0 -999.0
-999.0 -999.0 -999.0 -999.0 1632.0 1318.6 1624.3 1229.7 1167.9 710.6 936.2 951.7 1139.4 1104.8 1034.0 657.7 852.8 793.7 825.7 1187.2 1218.3 1047.0 1262.8 1167.9 1459.7 1508.7 1463.0 -999.0 -999.0 -999.0 -999.0 -999.0 -999.0 -999.0 -999.0 -999.0 -999.0 -999.0 -999.0 -999.0 -999.0 -999.0 -999.0 -999.0 -999.0 -999.0 -999.0 -999.0 -999.0 -999.0 -999.0 -999.0 -999.0 -999.0 -999.0 -999.0 -999.0 -999.0 -999.0 -999.0 -999.0 -999.0 -999.0 -999.0 -999.0 -999.0 -999.0 -999.0 -999.0 -999.0 -999.0
-999.0 -999.0 -999.0 -999.0 1517.2 1612.5 1441.2 1681.6 613.7 848.0 838.8 944.2 680.1 362.7 822.4 1019.8 1080.1 728.8 854.0 1174.5 1082.4 1247.2 1331.1 1498.8 1552.1 1281.0 -999.0 -999.0 -999.0 -999.0 -999.0 -999.0 -999.0 -999.0 -999.0 -999.0 -999.0 -999.0 -999.0 -999.0 -999.0 -999.0 -999.0 -999.0 -999.0 -999.0 -999.0 -999.0 -999.0 -999.0 -999.0 -999.0 -999.0 -999.0 -999.0 -999.0 -999.0 -999.0 -999.0 -999.0 -999.0 -999.0 -999.0 -999.0 -999.0 -999.0 -999.0 -999.0 -999.0 -999.0 -999.0
-999.0 -999.0 -999.0 1637.9 1252.3 1210.1 884.6 1147.1 1628.4 934.3 946.1 885.1 988.6 933.5 1038.9 840.3 1106.8 1146.5 547.4 994.8 1190.6 1576.4 1572.3 1544.2 1538.9 -999.0 -999.0 -999.0 -999.0 -999.0 -999.0 1623.2 1610.0 1583.0 1610.8 -999.0 -999.0 1639.9 1459.8 1521.0 1607.8 1601.9 -999.0 -999.0 -999.0 1488.9 -999.0 1499.8 1542.4 -999.0 -999.0 -999.0 -999.0 -999.0 -999.0 -999.0 -999.0 -999.0 -999.0 -999.0 -999.0 -999.0 -999.0 -999.0 -999.0 -999.0 -999.0 -999.0 -999.0 -999.0 -999.0
-999.0 -999.0 -999.0 -999.0 1495.4 1128.3 831.2 1024.1 955.0 1589.6 955.3 1029.0 827.3 1052.8 1175.9 1540.4 1296.2 984.0 1067.1 1256.5 1463.4 1444.0 1322.4 1208.2 1527.0 -999.0 -999.0 -999.0 1636.9 1669.3 1629.5 1655.6 1661.1 1659.4 1641.5 1650.6 1634.4 1486.6 1324.0 1334.7 1501.2 1537.7 1583.4 1462.3 1279.7 1228.2 1328.4 1423.3 1482.9 1480.8 -999.0 -999.0 -999.0 -999.0 -999.0 -999.0 -999.0 -999.0 -999.0 -999.0 -999.0 -999.0 -999.0 -999.0 -999.0 -999.0 -999.0 -999.0 -999.0 -999.0 -999.0
-999.0 1424.0 -999.0 1456.0 1753.9 1634.2 1531.0 449.1 1476.8 1104.6 1327.1 989.4 1239.5 968.9 1025.7 933.6 1357.5 1537.2 1534.3 1441.1 1617.2 1282.9 1368.1 1231.1 1493.6 1600.0 1611.5 1569.8 1639.5 1691.5 1558.8 1348.3 1580.3 1598.1 1450.3 1662.8 1269.7 1116.8 1187.3 1263.2 1449.3 1325.1 1425.1 1483.1 1375.8 1229.6 1306.8 1386.1 1209.8 1451.3 1516.1 -999.0 -999.0 -999.0 -999.0 -999.0 -999.0 -999.0 -999.0 -999.0 -999.0 -999.0 -999.0 -999.0 -999.0 -999.0 -999.0 -999.0 -999.0 -999.0 -999.0
-999.0 -999.0 1552.8 845.9 1169.3 1266.1 666.5 911.1 567.9 1321.9 1010.7 978.7 1105.3 1136.4 1374.8 825.0 971.4 987.3 1499.0 1653.1 1391.5 1505.8 1607.4 -999.0 1592.5 1571.7 1618.5 1462.3 1469.2 1519.0 1426.3 1445.6 1245.5 1214.3 1298.9 1423.9 1332.0 1336.4 1387.1 1395.9 1247.3 1391.3 1430.6 1410.3 1311.2 1314.7 1310.2 1348.7 1362.6 1357.3 1456.1 1526.6 -999.0 -999.0 -999.0 -999.0 -999.0 -999.0 -999.0 -999.0 -999.0 -999.0 -999.0 -999.0 -999.0 -999.0 -999.0 -999.0 -999.0 -999.0 -999.0
1433.7 -999.0 1520.2 1270.5 911.2 812.1 1214.7 578.3 718.1 1216.3 1082.8 852.1 783.0 828.8 1126.5 1121.2 896.0 1051.8 1140.1 1654.4 1685.8 1659.0 1633.9 1579.3 1373.6 1370.0 1392.3 1394.5 1475.2 1300.4 1208.6 1222.4 1042.1 1150.0 1382.5 1187.9 1150.1 1135.7 1215.8 1499.4 1507.8 1535.6 1418.7 1412.3 1300.0 1316.3 1281.4 1373.7 1404.1 1434.6 1470.7 1517.6 -999.0 -999.0 -999.0 -999.0 -999.0 -999.0 -999.0 -999.0 -999.0 -999.0 -999.0 -999.0 -999.0 -999.0 -999.0 -999.0 -999.0 -999.0 -999.0
880.6 -999.0 -999.0 907.2 420.7 949.0 812.9 1605.3 1220.2 1136.0 1141.9 778.5 980.5 548.6 611.8 737.1 1035.8 1267.6 1500.8 1583.0 1172.4 1398.9 1556.5 1297.5 1118.8 981.7 1114.1 1235.5 1188.5 1209.7 994.2 977.5 1337.4 1336.7 1359.7 1424.1 1202.2 1199.4 1278.5 1432.3 1504.2 1434.6 1254.9 1419.3 1345.8 1337.6 1215.1 1374.9 1343.9 1391.5 1393.8 1457.2 -999.0 -999.0 -999.0 -999.0 -999.0 -999.0 -999.0 -999.0 -999.0 -999.0 -999.0 -999.0 -999.0 -999.0 -999.0 -999.0 -999.0 -999.0 -999.0
1126.9 -999.0 -999.0 1275.2 1362.4 1363.4 1488.0 1228.0 990.0 698.4 1165.5 1007.9 1074.6 1214.8 1292.1 1039.7 1045.4 1078.2 1138.6 1219.0 870.4 1466.3 1237.6 1273.1 1092.3 823.1 935.5 1164.6 1116.2 1072.4 888.8 1101.3 1489.9 1009.8 1210.6 1091.1 978.8 1245.2 1163.3 1438.8 1343.5 1132.0 1295.4 1349.1 1444.0 1335.8 1410.4 1410.4 1285.9 1404.3 1429.5 -999.0 -999.0 -999.0 -999.0 -999.0 -999.0 -999.0 -999.0 -999.0 -999.0 -999.0 -999.0 -999.0 -999.0 -999.0 -999.0 -999.0 -999.0 -999.0 -999.0
1602.2 1573.3 -999.0 -999.0 1704.4 1332.5 1518.5 1213.3 805.8 526.7 881.7 502.3 824.9 967.8 1047.4 1331.6 1275.8 1124.9 1163.6 1011.2 1648.7 1285.0 1342.7 823.9 1082.9 1098.7 750.0 1010.1 1008.5 1016.0 1151.8 1351.3 1238.8 1136.2 1183.6 1064.0 1084.2 937.4 1112.3 1351.9 1095.9 1271.3 1363.6 1357.3 1184.0 1368.3 1456.8 1520.7 1437.7 1422.0 1433.0 -999.0 -999.0 -999.0 -999.0 -999.0 -999.0 -999.0 -999.0 -999.0 -999.0 -999.0 -999.0 -999.0 -999.0 -999.0 -999.0 -999.0 -999.0 -999.0 -999.0
1417.3 1569.0 -999.0 -999.0 1533.2 1524.1 1631.1 1221.6 1760.9 1286.2 895.6 601.8 434.8 643.5 1192.4 1166.5 1062.6 849.9 1180.9 1604.1 1244.0 1181.7 1152.4 905.7 970.4 1050.4 780.0 1119.6 1184.1 1187.8 1244.2 822.1 1174.9 1151.2 680.1 916.9 1053.0 1011.6 1257.6 1280.3 1317.9 1380.5 1447.4 1426.8 1445.7 1341.3 1436.7 1471.2 1438.7 1407.2 -999.0 -999.0 -999.0 -999.0 -999.0 -999.0 -999.0 -999.0 -999.0 -999.0 -999.0 -999.0 -999.0 -999.0 -999.0 -999.0 -999.0 -999.0 -999.0 -999.0 -999.0
1380.0 1566.4 1515.7 1194.8 794.2 1055.2 893.3 1177.0 1614.2 1109.4 488.1 526.4 1251.2 968.4 1159.7 919.1 748.5 822.5 1108.5 1411.4 1205.5 728.0 623.9 912.9 875.7 854.0 1190.6 1278.1 1293.2 1055.5 874.7 1173.9 1173.0 1160.4 972.3 765.4 919.6 731.9 1267.1 961.8 1153.3 1136.8 851.7 1308.3 1505.5 1351.7 1297.1 1431.5 1396.4 -999.0 -999.0 -999.0 -999.0 -999.0 -999.0 -999.0 -999.0 -999.0 -999.0 -999.0 -999.0 -999.0 -999.0 -999.0 -999.0 -999.0 -999.0 -999.0 -999.0 -999.0 -999.0
1665.6 1285.3 1544.6 858.3 1655.3 1554.5 1367.7 905.4 699.8 1175.1 934.3 1036.0 632.1 823.1 911.6 944.1 1217.2 1211.5 1254.3 1225.7 912.7 574.8 720.6 1017.9 662.4 1079.9 940.9 1336.1 1358.7 1254.6 1066.4 961.5 963.2 915.9 731.9 779.9 1105.8 986.6 1332.8 1316.6 1410.0 1366.3 1352.2 1433.0 1467.0 1475.2 1433.7 1396.4 1517.4 -999.0 -999.0 -999.0 -999.0 -999.0 -999.0 -999.0 -999.0 -999.0 -999.0 -999.0 -999.0 -999.0 -999.0 -999.0 -999.0 -999.0 -999.0 -999.0 -999.0 -999.0 -999.0
-999.0 1496.3 1349.8 -999.0 1681.0 1039.5 684.1 641.2 1300.8 1396.7 1213.3 583.6 579.3 1289.2 1390.0 1120.9 759.7 1352.4 1219.9 903.1 644.6 582.4 627.6 532.0 860.3 748.1 942.4 1306.0 783.7 1166.4 725.0 772.0 733.5 643.4 802.0 1032.3 1184.1 1038.3 1160.2 1073.0 1260.8 1246.8 1368.4 1402.3 1427.4 1448.7 1522.7 1454.3 -999.0 -999.0 -999.0 -999.0 -999.0 -999.0 -999.0 -999.0 -999.0 -999.0 -999.0 -999.0 -999.0 -999.0 -999.0 -999.0 -999.0 -999.0 -999.0 -999.0 -999.0 -999.0 -999.0
1725.5 1275.5 1701.7 -999.0 769.3 1205.3 1161.0 1879.5 1014.3 1274.8 556.1 643.0 995.0 750.4 669.7 1094.2 1521.0 883.4 845.6 755.2 517.2 493.0 510.4 481.5 777.3 1104.9 1394.8 1324.3 1223.0 867.8 588.4 652.7 947.9 795.1 1004.3 886.3 999.8 1132.1 1235.9 1142.5 1129.7 1166.5 1310.5 1243.7 1435.7 1320.6 1313.3 1467.8 -999.0 -999.0 -999.0 -999.0 -999.0 -999.0 -999.0 -999.0 -999.0 -999.0 -999.0 -999.0 -999.0 -999.0 -999.0 -999.0 -999.0 -999.0 -999.0 -999.0 -999.0 -999.0 -999.0
1380.6 1676.8 -999.0 1479.5 1330.8 950.5 1359.4 1139.4 838.3 1350.6 1319.6 1092.2 1278.3 1453.9 1457.8 1424.6 930.9 573.2 549.3 544.2 503.9 387.7 522.2 976.4 1216.3 1232.7 637.6 984.3 327.8 284.6 558.0 598.6 600.5 825.2 924.9 951.8 888.7 1374.9 1375.2 1302.0 1375.3 1349.4 851.6 1101.8 1520.9 1503.1 1497.8 1478.6 1545.2 -999.0 -999.0 -999.0 -999.0 -999.0 -999.0 -999.0 -999.0 -999.0 -999.0 -999.0 -999.0 -999.0 -999.0 -999.0 -999.0 -999.0 -999.0 -999.0 -999.0 -999.0 -999.0
-999.0 -999.0 1720.0 1123.6 1045.0 892.6 1476.3 1078.9 632.9 1283.7 1157.6 837.6 891.0 864.1 1071.9 740.0 663.9 477.5 830.1 877.3 693.1 545.4 754.2 1234.5 1081.9 1164.0 765.6 352.6 663.9 362.8 525.2 544.9 638.9 739.5 770.9 1013.8 1279.6 1406.6 1305.9 1446.0 1491.9 1337.0 1402.1 1489.5 1573.7 1435.9 1379.2 1433.0 -999.0 -999.0 -999.0 -999.0 -999.0 -999.0 -999.0 -999.0 -999.0 -999.0 -999.0 -999.0 -999.0 -999.0 -999.0 -999.0 -999.0 -999.0 -999.0 -999.0 -999.0 -999.0 -999.0
-999.0 -999.0 1697.3 1702.6 1360.4 865.1 1207.8 821.7 1425.6 1461.5 1376.0 1113.8 604.3 487.2 662.0 975.8 1048.0 952.7 656.0 902.8 937.1 1066.4 1050.5 849.3 769.0 637.1 485.6 507.5 481.9 762.2 802.1 862.7 1185.5 1122.4 1002.2 965.4 885.3 1063.4 1201.8 945.4 1148.8 1524.8 1432.2 1277.4 1236.7 1229.5 1365.4 -999.0 -999.0 -999.0 -999.0 -999.0 -999.0 -999.0 -999.0 -999.0 -999.0 -999.0 -999.0 -999.0 -999.0 -999.0 -999.0 -999.0 -999.0 -999.0 -999.0 -999.0 -999.0 -999.0 -999.0
-999.0 -999.0 1349.7 936.8 1564.0 755.0 674.5 803.3 659.6 881.0 1302.2 1171.5 1360.5 1423.1 633.5 761.1 650.9 225.9 1196.8 1036.0 1030.5 936.2 978.9 698.8 765.9 550.0 743.8 826.8 870.3 765.5 954.9 672.4 663.0 495.7 658.1 907.6 702.5 468.8 708.4 804.1 989.4 1014.1 1092.3 1096.1 1244.2 1300.8 1442.2 -999.0 -999.0 -999.0 -999.0 -999.0 -999.0 -999.0 -999.0 -999.0 -999.0 -999.0 -999.0 -999.0 -999.0 -999.0 -999.0 -999.0 -999.0 -999.0 -999.0 -999.0 -999.0 -999.0 -999.0
-999.0 1682.3 1749.6 1477.8 1784.8 1524.3 1282.9 920.8 1341.3 1282.6 574.0 1269.4 1371.2 1349.3 1300.3 773.7 1042.7 1295.0 1105.3 556.8 675.4 970.1 422.5 635.3 712.3 563.8 482.8 586.6 651.0 628.2 644.6 691.0 617.5 361.9 979.1 674.6 696.0 1173.2 1206.2 831.2 1057.2 998.2 987.7 1353.5 1264.8 1313.0 1386.3 -999.0 -999.0 -999.0 -999.0 -999.0 -999.0 -999.0 -999.0 -999.0 -999.0 -999.0 -999.0 -999.0 -999.0 -999.0 -999.0 -999.0 -999.0 -999.0 -999.0 -999.0 -999.0 -999.0 -999.0
-999.0 -999.0 1675.3 1363.6 664.8 1506.3 1746.3 1533.8 1617.9 1646.1 1594.7 1546.6 1377.4 1193.2 771.2 1188.9 1067.5 1081.4 579.6 734.3 1062.8 948.3 407.2 773.1 624.3 888.9 539.2 570.2 868.0 388.4 484.0 560.8 391.5 438.2 685.1 507.2 643.9 837.3 1122.3 1379.4 1320.8 1071.6 1258.7 1488.5 1456.3 1319.0 1537.1 -999.0 -999.0 -999.0 -999.0 -999.0 -999.0 -999.0 -999.0 -999.0 -999.0 -999.0 -999.0 -999.0 -999.0 -999.0 -999.0 -999.0 -999.0 -999.0 -999.0 -999.0 -999.0 -999.0 -999.0
1646.4 1660.5 1670.3 1564.4 1097.8 1697.9 752.2 1282.3 990.2 718.0 1566.8 1467.2 140.1 426.7 468.1 724.1 484.2 592.1 536.5 538.2 473.0 770.5 732.0 958.4 976.3 1007.8 794.3 825.5 499.0 861.2 795.5 977.4 757.1 515.3 634.1 1202.7 851.9 753.0 1119.5 842.6 1305.1 1495.8 1532.5 1516.4 1294.5 1410.3 -999.0 -999.0 -999.0 -999.0 -999.0 -999.0 -999.0 -999.0 -999.0 -999.0 -999.0 -999.0 -999.0 -999.0 -999.0 -999.0 -999.0 -999.0 -999.0 -999.0 -999.0 -999.0 -999.0 -999.0 -999.0
