GDD/GrowingDegreeDays_2007_Actual.txt
ncols         180
nrows         290
xllcorner     -200000
yllcorner     -200000
cellsize      5000
NODATA_value    -999
[rows 64 to 95 of 290, columns 71 to 141 of 180]
-999.0 -999.0 -999.0 -999.0 -999.0 -999.0 -999.0 -999.0 -999.0 1619.3 1318.9 1321.4 1273.3 921.1 963.0 739.2 955.3 1051.1 982.3 1020.7 428.4 1002.7 581.6 937.7 901.9 1164.5 1247.0 1067.9 808.9 828.6 598.0 1043.0 -999.0 -999.0 -999.0 -999.0 -999.0 -999.0 -999.0 -999.0 -999.0 -999.0 -999.0 -999.0 -999.0 -999.0 -999.0 -999.0 -999.0 -999.0 -999.0 -999.0 -999.0 -999.0 -999.0 -999.0 -999.0 -999.0 -999.0 -999.0 -999.0 -999.0 -999.0 -999.0 -999.0 -999.0 -999.0 -999.0 -999.0 -999.0 -999.0
-999.0 -999.0 -999.0 -999.0 -999.0 -999.0 -999.0 -999.0 -999.0 -999.0 1585.2 1309.3 989.2 921.6 934.1 881.8 890.3 1336.3 1172.0 1133.2 843.0 780.8 740.2 917.9 1055.9 976.3 1050.2 1085.0 980.7 1014.3 1091.1 1436.2 -999.0 -999.0 -999.0 -999.0 -999.0 -999.0 -999.0 -999.0 -999.0 -999.0 -999.0 -999.0 -999.0 -999.0 -999.0 -999.0 -999.0 -999.0 -999.0 -999.0 -999.0 -999.0 -999.0 -999.0 -999.0 -999.0 -999.0 -999.0 -999.0 -999.0 -999.0 -999.0 -999.0 -999.0 -999.0 -999.0 -999.0 -999.0 -999.0
-999.0 -999.0 -999.0 -999.0 -999.0 -999.0 -999.0 -999.0 1655.9 -999.0 1577.5 1349.7 936.0 902.9 805.2 545.0 1141.4 1031.7 1328.7 1127.5 1116.4 977.6 858.5 1099.6 1055.0 964.5 890.0 860.8 1012.0 1218.5 1468.4 -999.0 -999.0 -999.0 -999.0 -999.0 -999.0 -999.0 -999.0 -999.0 -999.0 -999.0 -999.0 -999.0 -999.0 -999.0 -999.0 -999.0 -999.0 -999.0 -999.0 -999.0 -999.0 -999.0 -999.0 -999.0 -999.0 -999.0 -999.0 -999.0 -999.0 -999.0 -999.0 -999.0 -999.0 -999.0 -999.0 -999.0 -999.0 -999.0 -999.0
-999.0 -999.0 -999.0 -999.0 -999.0 -999.0 -999.0 -999.0 1663.4 1580.1 1459.9 1455.4 929.9 1343.0 1120.0 1233.8 1056.6 1148.4 925.9 1279.6 1206.8 1021.5 1056.6 997.8 995.8 1116.0 772.9 1015.1 1082.3 -999.0 -999.0 -999.0 -999.0 -999.0 -999.0 -999.0 -999.0 -999.0 -999.0 -999.0 -999.0 -999.0 -999.0 -999.0 -999.0 -999.0 -999.0 -999.0 -999.0 -999.0 -999.0 -999.0 -999.0 -999.0 -999.0 -999.0 -999.0 -999.0 -999.0 -999.0 -999.0 -999.0 -999.0 -999.0 -999.0 -999.0 -999.0 -999.0 -999.0 -999.0 -999.0
-999.0 -999.0 -999.0 -999.0 -999.0 -999.0 -999.0 -999.0 -999.0 1609.5 815.2 1499.8 1192.4 1096.1 1101.6 1315.8 904.9 1079.7 922.2 968.5 1223.1 1093.2 1127.9 1072.7 999.8 1019.2 946.8 1407.6 -999.0 -999.0 -999.0 -999.0 -999.0 -999.0 -999.0 -999.0 -999.0 -999.0 -999.0 -999.0 -999.0 -999.0 -999.0 -999.0 -999.0 -999.0 -999.0 -999.0 -999.0 -999.0 -999.0 -999.0 -999.0 -999.0 -999.0 -999.0 -999.0 -999.0 -999.0 -999.0 -999.0 -999.0 -999.0 -999.0 -999.0 -999.0 -999.0 -999.0 -999.0 -999.0 -999.0
-999.0 -999.0 -999.0 -999.0 -999.0 -999.0 -999.0 -999.0 -999.0 -999.0 1638.9 1121.3 1525.8 1232.6 754.5 1242.3 1181.8 1187.1 1377.5 1071.3 1266.0 1068.2 987.5 1299.8 963.7 1145.3 1316.5 -999.0 -999.0 -999.0 -999.0 -999.0 -999.0 -999.0 -999.0 -999.0 -999.0 -999.0 -999.0 -999.0 -999.0 -999.0 -999.0 -999.0 -999.0 -999.0 -999.0 -999.0 -999.0 -999.0 -999.0 -999.0 -999.0 -999.0 -999.0 -999.0 -999.0 -999.0 -999.0 -999.0 -999.0 -999.0 -999.0 -999.0 -999.0 -999.0 -999.0 -999.0 -999.0 -999.0 -999.0
-999.0 -999.0 -999.0 -999.0 -999.0 -999.0 1661.5 -999.0 -999.0 1704.5 1673.9 1341.4 1092.4 984.5 1001.2 1264.3 1164.5 905.7 1082.2 1195.9 1366.8 1114.7 1027.4 1079.9 1402.5 1418.7 -999.0 -999.0 -999.0 -999.0 -999.0 -999.0 -999.0 -999.0 -999.0 -999.0 -999.0 -999.0 -999.0 -999.0 -999.0 -999.0 -999.0 -999.0 -999.0 -999.0 -999.0 -999.0 -999.0 -999.0 -999.0 -999.0 -999.0 -999.0 -999.0 -999.0 -999.0 -999.0 -999.0 -999.0 -999.0 -999.0 -999.0 -999.0 -999.0 -999.0 -999.0 -999.0 -999.0 -999.0 -999.0
-999.0 -999.0 -999.0 -999.0 1519.5 1665.6 1516.5 1675.5 1421.8 1683.1 1087.1 1567.8 760.4 921.7 964.3 992.4 823.1 872.8 903.2 1352.7 1197.0 1300.3 1009.5 1132.4 1289.5 1477.9 -999.0 -999.0 -999.0 -999.0 -999.0 -999.0 -999.0 -999.0 -999.0 -999.0 -999.0 -999.0 -999.0 -999.0 -999.0 -999.0 -999.0 -999.0 -999.0 -999.0 -999.0 -999.0 -999.0 -999.0 -999.0 -999.0 -999.0 -999.0 -999.0 -999.0 -999.0 -999.0 -999.0 -999.0 -999.0 -999.0 -999.0 -999.0 -999.0 -999.0 -999.0 -999.0 -999.0 -999.0 -999.0
-999.0 -999.0 -999.0 -999.0 1104.6 1618.5 1625.2 1411.8 1314.7 1058.6 729.4 958.4 1571.1 760.6 679.1 765.1 678.7 1043.8 908.6 576.2 1109.6 1361.0 1406.5 1467.5 1483.1 -999.0 -999.0 1509.1 -999.0 -999.0 -999.0 -999.0 -999.0 -999.0 -999.0 -999.0 -999.0 -999.0 -999.0 -999.0 -999.0 -999.0 -999.0 -999.0 -999.0 -999.0 -999.0 -999.0 -999.0 -999.0 -999.0 -999.0 -999.0 -999.0 -999.0 -999.0 -999.0 -999.0 -999.0 -999.0 -999.0 -999.0 -999.0 -999.0 -999.0 -999.0 -999.0 -999.0 -999.0 -999.0 -999.0
-999.0 -999.0 -999.0 -999.0 1329.1 1501.7 1688.5 1355.8 842.0 1279.9 406.4 1084.8 1063.5 690.2 589.2 684.6 705.5 687.0 567.6 736.8 897.6 776.1 1139.2 1005.2 1409.1 1477.3 1483.1 1517.1 -999.0 -999.0 -999.0 -999.0 -999.0 -999.0 -999.0 -999.0 -999.0 -999.0 -999.0 -999.0 -999.0 -999.0 -999.0 -999.0 -999.0 -999.0 -999.0 -999.0 -999.0 -999.0 -999.0 -999.0 -999.0 -999.0 -999.0 -999.0 -999.0 -999.0 -999.0 -999.0 -999.0 -999.0 -999.0 -999.0 -999.0 -999.0 -999.0 -999.0 -999.0 -999.0 -999.0
-999.0 -999.0 -999.0 -999.0 1669.2 1325.9 1650.1 1220.2 1155.9 705.5 888.3 893.3 1086.7 1067.9 1014.2 638.6 797.0 716.6 734.0 1059.4 1090.1 928.1 1136.5 1053.7 1361.0 1452.4 1450.8 -999.0 -999.0 -999.0 -999.0 -999.0 -999.0 -999.0 -999.0 -999.0 -999.0 -999.0 -999.0 -999.0 -999.0 -999.0 -999.0 -999.0 -999.0 -999.0 -999.0 -999.0 -999.0 -999.0 -999.0 -999.0 -999.0 -999.0 -999.0 -999.0 -999.0 -999.0 -999.0 -999.0 -999.0 -999.0 -999.0 -999.0 -999.0 -999.0 -999.0 -999.0 -999.0 -999.0 -999.0
-999.0 -999.0 -999.0 -999.0 1566.3 1618.2 1439.6 1683.1 635.4 851.0 822.8 896.0 660.6 357.6 807.4 979.7 1015.7 659.9 762.0 1039.5 947.8 1116.1 1216.9 1394.5 1486.4 1259.8 -999.0 -999.0 -999.0 -999.0 -999.0 -999.0 -999.0 -999.0 -999.0 -999.0 -999.0 -999.0 -999.0 -999.0 -999.0 -999.0 -999.0 -999.0 -999.0 -999.0 -999.0 -999.0 -999.0 -999.0 -999.0 -999.0 -999.0 -999.0 -999.0 -999.0 -999.0 -999.0 -999.0 -999.0 -999.0 -999.0 -999.0 -999.0 -999.0 -999.0 -999.0 -999.0 -999.0 -999.0 -999.0
-999.0 -999.0 -999.0 1777.9 1320.2 1207.8 867.9 1124.2 1617.1 935.5 941.8 869.1 956.4 898.8 1001.8 800.4 1030.2 1045.6 466.6 860.2 1034.9 1436.6 1470.8 1478.3 1524.5 -999.0 -999.0 -999.0 -999.0 -999.0 -999.0 1579.0 1533.7 1488.9 1569.4 -999.0 -999.0 1620.7 1412.5 1439.1 1490.4 1446.8 -999.0 -999.0 -999.0 1441.4 -999.0 1464.4 1486.9 -999.0 -999.0 -999.0 -999.0 -999.0 -999.0 -999.0 -999.0 -999.0 -999.0 -999.0 -999.0 -999.0 -999.0 -999.0 -999.0 -999.0 -999.0 -999.0 -999.0 -999.0 -999.0
-999.0 -999.0 -999.0 -999.0 1569.0 1151.0 829.0 999.9 935.7 1572.0 943.8 1005.1 799.4 991.0 1106.1 1467.6 1207.5 884.8 935.0 1088.2 1294.1 1319.8 1253.1 1178.3 1532.3 -999.0 -999.0 -999.0 1652.5 1656.5 1546.5 1566.3 1549.1 1588.9 1580.2 1610.3 1594.3 1421.9 1226.1 1199.5 1326.2 1315.6 1304.3 1227.3 1131.5 1133.4 1242.6 1330.4 1384.3 1408.4 -999.0 -999.0 -999.0 -999.0 -999.0 -999.0 -999.0 -999.0 -999.0 -999.0 -999.0 -999.0 -999.0 -999.0 -999.0 -999.0 -999.0 -999.0 -999.0 -999.0 -999.0
-999.0 1578.3 -999.0 1552.8 1810.0 1660.5 1538.6 473.8 1468.8 1088.6 1300.5 956.2 1185.7 904.5 944.3 850.8 1252.3 1408.7 1372.7 1276.6 1467.4 1188.6 1321.9 1184.7 1484.6 1596.0 1583.3 1522.4 1597.6 1636.2 1481.4 1242.5 1466.3 1500.7 1364.0 1583.7 1187.2 1013.6 1053.1 1103.8 1260.1 1110.2 1183.6 1264.6 1215.4 1106.7 1194.3 1267.4 1091.0 1350.3 1442.0 -999.0 -999.0 -999.0 -999.0 -999.0 -999.0 -999.0 -999.0 -999.0 -999.0 -999.0 -999.0 -999.0 -999.0 -999.0 -999.0 -999.0 -999.0 -999.0 -999.0
-999.0 -999.0 1649.3 874.9 1144.6 1233.3 660.3 895.3 585.6 1294.8 979.1 947.4 1048.4 1052.1 1273.9 747.0 880.9 891.4 1378.1 1540.3 1295.2 1448.6 1568.6 -999.0 1579.7 1558.7 1565.1 1379.4 1381.5 1437.2 1336.5 1347.0 1146.0 1127.9 1221.4 1340.7 1234.9 1226.1 1262.6 1257.4 1099.8 1227.1 1263.4 1264.6 1194.9 1221.3 1222.3 1254.5 1266.1 1267.7 1362.8 1471.8 -999.0 -999.0 -999.0 -999.0 -999.0 -999.0 -999.0 -999.0 -999.0 -999.0 -999.0 -999.0 -999.0 -999.0 -999.0 -999.0 -999.0 -999.0 -999.0
1551.3 -999.0 1603.3 1268.8 857.2 765.1 1152.3 572.2 711.0 1188.7 1058.4 829.9 743.4 759.5 1029.6 1023.5 814.3 960.4 1059.2 1581.5 1621.1 1611.3 1592.0 1534.4 1327.7 1300.8 1310.0 1295.2 1378.8 1210.2 1117.4 1128.4 952.3 1070.0 1313.0 1115.9 1066.8 1038.2 1108.3 1377.5 1380.0 1410.1 1311.6 1324.7 1229.3 1266.5 1233.4 1309.9 1324.8 1346.6 1326.9 1436.9 -999.0 -999.0 -999.0 -999.0 -999.0 -999.0 -999.0 -999.0 -999.0 -999.0 -999.0 -999.0 -999.0 -999.0 -999.0 -999.0 -999.0 -999.0 -999.0
949.2 -999.0 -999.0 905.0 426.7 879.3 754.3 1560.0 1192.2 1111.4 1115.1 747.8 917.5 511.4 561.8 670.6 949.8 1185.9 1452.3 1553.8 1141.7 1350.5 1505.1 1238.4 1038.3 897.6 1011.8 1124.5 1085.8 1117.8 909.1 892.9 1244.5 1253.0 1292.7 1358.3 1125.4 1110.4 1177.5 1324.9 1398.7 1344.8 1183.3 1361.8 1300.1 1310.8 1193.1 1334.1 1264.0 1274.0 1272.1 1392.5 -999.0 -999.0 -999.0 -999.0 -999.0 -999.0 -999.0 -999.0 -999.0 -999.0 -999.0 -999.0 -999.0 -999.0 -999.0 -999.0 -999.0 -999.0 -999.0
1166.7 -999.0 -999.0 1324.4 1353.6 1320.8 1438.7 1179.7 956.8 689.2 1125.5 956.8 1009.7 1137.0 1201.8 957.8 969.7 1012.3 1102.1 1200.4 842.5 1412.3 1169.7 1183.3 993.1 734.8 834.9 1053.5 1015.9 983.1 808.1 1011.7 1394.5 930.1 1135.4 1012.1 895.9 1159.5 1079.0 1348.6 1259.5 1061.4 1234.4 1301.9 1402.8 1302.7 1390.3 1369.1 1203.3 1305.9 1355.2 -999.0 -999.0 -999.0 -999.0 -999.0 -999.0 -999.0 -999.0 -999.0 -999.0 -999.0 -999.0 -999.0 -999.0 -999.0 -999.0 -999.0 -999.0 -999.0 -999.0
1619.0 1654.5 -999.0 -999.0 1741.9 1345.0 1510.6 1171.0 776.7 524.0 845.1 488.1 780.5 897.9 966.1 1236.3 1190.5 1050.8 1103.9 964.5 1597.0 1230.3 1268.1 751.5 976.6 981.8 667.4 916.0 914.3 937.9 1066.2 1261.6 1155.3 1051.7 1098.9 976.9 991.4 852.5 1037.2 1294.8 1009.2 1196.0 1300.5 1310.1 1142.9 1325.6 1409.3 1450.9 1347.0 1347.9 1402.3 -999.0 -999.0 -999.0 -999.0 -999.0 -999.0 -999.0 -999.0 -999.0 -999.0 -999.0 -999.0 -999.0 -999.0 -999.0 -999.0 -999.0 -999.0 -999.0 -999.0
1384.1 1587.7 -999.0 -999.0 1576.1 1544.5 1622.9 1192.8 1750.4 1243.9 852.6 577.0 410.4 600.8 1121.6 1102.6 1003.9 802.7 1113.8 1535.8 1186.8 1129.2 1076.1 834.6 896.9 950.1 699.4 1022.2 1087.9 1115.8 1170.9 756.5 1091.6 1061.8 612.4 835.5 956.9 916.9 1168.2 1170.7 1221.3 1305.0 1387.7 1383.7 1403.9 1300.8 1393.6 1412.8 1362.6 1368.9 -999.0 -999.0 -999.0 -999.0 -999.0 -999.0 -999.0 -999.0 -999.0 -999.0 -999.0 -999.0 -999.0 -999.0 -999.0 -999.0 -999.0 -999.0 -999.0 -999.0 -999.0
1329.0 1550.4 1500.1 1201.4 773.7 991.6 858.7 1158.3 1614.7 1075.0 483.6 503.8 1184.1 917.1 1110.0 891.6 728.7 783.2 1044.1 1339.2 1148.0 683.8 572.3 832.2 802.2 769.8 1082.6 1178.3 1198.2 975.2 804.6 1091.7 1093.7 1083.2 894.7 691.9 827.3 651.2 1171.0 875.5 1073.6 1066.7 804.5 1263.2 1457.6 1310.8 1263.8 1410.7 1369.4 -999.0 -999.0 -999.0 -999.0 -999.0 -999.0 -999.0 -999.0 -999.0 -999.0 -999.0 -999.0 -999.0 -999.0 -999.0 -999.0 -999.0 -999.0 -999.0 -999.0 -999.0 -999.0
1646.2 1271.7 1554.1 843.0 1610.7 1514.1 1347.9 893.3 712.0 1157.1 907.7 989.0 611.1 784.5 880.4 933.0 1223.4 1201.8 1222.7 1184.6 868.4 528.9 649.0 911.8 590.6 976.5 854.8 1237.6 1250.2 1155.1 973.5 876.5 878.1 834.3 656.0 691.6 993.3 890.4 1244.8 1237.9 1340.7 1303.1 1306.1 1393.3 1428.4 1449.8 1408.6 1399.4 1553.1 -999.0 -999.0 -999.0 -999.0 -999.0 -999.0 -999.0 -999.0 -999.0 -999.0 -999.0 -999.0 -999.0 -999.0 -999.0 -999.0 -999.0 -999.0 -999.0 -999.0 -999.0 -999.0
-999.0 1479.5 1374.6 -999.0 1667.2 1013.9 689.2 659.7 1292.8 1383.1 1178.7 576.6 570.5 1257.7 1382.8 1138.3 784.9 1378.7 1224.6 879.7 602.6 522.9 551.0 462.7 765.9 663.8 854.0 1196.8 681.5 1046.0 639.5 678.5 640.8 551.0 702.8 916.8 1071.1 949.7 1088.7 1010.5 1198.7 1189.6 1322.5 1361.9 1403.4 1447.3 1485.1 1477.6 -999.0 -999.0 -999.0 -999.0 -999.0 -999.0 -999.0 -999.0 -999.0 -999.0 -999.0 -999.0 -999.0 -999.0 -999.0 -999.0 -999.0 -999.0 -999.0 -999.0 -999.0 -999.0 -999.0
1752.5 1278.3 1730.0 -999.0 786.4 1185.7 1132.2 1900.2 1016.2 1269.4 565.2 632.4 966.7 740.8 676.4 1107.4 1553.9 910.4 857.8 720.7 469.9 435.5 442.4 409.1 675.3 974.8 1269.7 1204.0 1116.0 781.4 502.5 552.0 827.3 691.2 889.3 790.8 906.5 1054.6 1178.6 1093.4 1082.1 1118.4 1262.7 1197.2 1401.4 1308.4 1319.1 1470.3 -999.0 -999.0 -999.0 -999.0 -999.0 -999.0 -999.0 -999.0 -999.0 -999.0 -999.0 -999.0 -999.0 -999.0 -999.0 -999.0 -999.0 -999.0 -999.0 -999.0 -999.0 -999.0 -999.0
1457.1 1738.8 -999.0 1535.8 1376.1 945.6 1338.5 1108.7 827.5 1339.3 1309.3 1067.6 1255.4 1452.4 1472.0 1446.9 954.7 595.1 544.9 509.1 451.4 334.4 447.9 856.1 1090.5 1115.0 568.8 897.3 284.5 215.9 458.0 494.2 506.4 728.1 835.2 865.4 813.3 1318.7 1341.0 1270.8 1345.8 1310.8 813.2 1052.3 1464.9 1456.6 1457.2 1473.6 1610.8 -999.0 -999.0 -999.0 -999.0 -999.0 -999.0 -999.0 -999.0 -999.0 -999.0 -999.0 -999.0 -999.0 -999.0 -999.0 -999.0 -999.0 -999.0 -999.0 -999.0 -999.0 -999.0
-999.0 -999.0 1828.6 1173.1 1054.9 893.5 1467.3 1045.8 629.6 1264.8 1137.3 823.8 878.2 849.2 1051.1 727.9 657.6 464.7 778.7 810.3 625.7 484.5 671.4 1122.3 985.7 1067.5 692.2 299.5 572.6 275.9 421.8 454.5 551.9 670.1 728.1 937.8 1186.2 1350.3 1274.3 1412.6 1452.0 1287.0 1341.0 1431.8 1507.9 1371.4 1347.5 1452.9 -999.0 -999.0 -999.0 -999.0 -999.0 -999.0 -999.0 -999.0 -999.0 -999.0 -999.0 -999.0 -999.0 -999.0 -999.0 -999.0 -999.0 -999.0 -999.0 -999.0 -999.0 -999.0 -999.0
-999.0 -999.0 1827.1 1784.0 1376.4 862.7 1188.3 808.0 1410.3 1446.0 1363.1 1086.7 599.6 487.6 641.6 940.1 1003.8 892.4 606.0 821.7 848.6 979.5 967.5 775.8 699.3 571.0 420.4 430.6 395.7 634.5 681.3 759.4 1095.2 1054.1 968.3 898.6 808.0 999.4 1151.9 892.9 1084.2 1448.1 1352.2 1204.0 1163.0 1158.3 1349.3 -999.0 -999.0 -999.0 -999.0 -999.0 -999.0 -999.0 -999.0 -999.0 -999.0 -999.0 -999.0 -999.0 -999.0 -999.0 -999.0 -999.0 -999.0 -999.0 -999.0 -999.0 -999.0 -999.0 -999.0
-999.0 -999.0 1453.4 971.9 1595.5 755.1 670.0 788.1 648.3 848.5 1265.3 1120.6 1311.7 1381.1 616.9 733.7 617.3 202.3 1106.3 944.7 946.1 862.8 901.0 640.6 694.0 480.4 645.7 711.3 746.6 642.7 817.6 576.4 577.3 432.9 597.8 820.1 629.1 419.4 655.7 741.6 913.2 929.3 1002.1 1014.5 1153.4 1215.5 1401.5 -999.0 -999.0 -999.0 -999.0 -999.0 -999.0 -999.0 -999.0 -999.0 -999.0 -999.0 -999.0 -999.0 -999.0 -999.0 -999.0 -999.0 -999.0 -999.0 -999.0 -999.0 -999.0 -999.0 -999.0
-999.0 1856.4 1868.6 1531.7 1835.0 1523.7 1246.7 892.0 1321.5 1256.7 548.4 1173.9 1231.2 1242.6 1254.1 737.1 992.7 1238.7 1033.9 521.3 623.4 890.0 390.0 578.1 637.8 493.1 408.6 492.7 544.0 512.5 508.7 524.8 477.4 280.0 866.9 584.5 623.3 1101.5 1143.5 773.0 992.3 932.2 912.5 1258.0 1163.6 1243.2 1377.2 -999.0 -999.0 -999.0 -999.0 -999.0 -999.0 -999.0 -999.0 -999.0 -999.0 -999.0 -999.0 -999.0 -999.0 -999.0 -999.0 -999.0 -999.0 -999.0 -999.0 -999.0 -999.0 -999.0 -999.0
-999.0 -999.0 1790.8 1411.9 682.5 1490.1 1720.9 1506.9 1597.1 1627.4 1532.7 1410.1 1089.7 1042.5 711.0 1130.1 1003.7 1017.5 547.8 684.0 973.8 867.3 367.0 692.5 554.8 800.4 474.7 492.1 750.5 301.1 356.7 373.0 253.9 333.3 578.7 427.1 574.8 770.9 1052.5 1307.5 1253.3 1009.9 1178.7 1395.3 1373.9 1300.7 1578.1 -999.0 -999.0 -999.0 -999.0 -999.0 -999.0 -999.0 -999.0 -999.0 -999.0 -999.0 -999.0 -999.0 -999.0 -999.0 -999.0 -999.0 -999.0 -999.0 -999.0 -999.0 -999.0 -999.0 -999.0
1757.7 1757.5 1749.4 1602.5 1088.9 1696.7 741.6 1255.9 956.8 690.4 1507.9 1351.9 107.3 357.8 412.9 661.9 456.0 552.9 502.4 495.7 424.5 697.4 652.2 860.2 887.1 931.4 729.8 750.2 433.9 746.9 657.7 798.8 601.7 412.1 536.2 1095.8 778.2 696.8 1050.0 770.2 1223.9 1413.9 1451.0 1441.9 1262.4 1436.5 -999.0 -999.0 -999.0 -999.0 -999.0 -999.0 -999.0 -999.0 -999.0 -999.0 -999.0 -999.0 -999.0 -999.0 -999.0 -999.0 -999.0 -999.0 -999.0 -999.0 -999.0 -999.0 -999.0 -999.0 -999.0
