GDD/GrowingDegreeDays_1961_Actual.txt
ncols         180
nrows         290
xllcorner     -200000
yllcorner     -200000
cellsize      5000
NODATA_value    -999
[rows 192 to 223 of 290, columns 71 to 141 of 180]
-999.0 -999.0 -999.0 -999.0 -999.0 -999.0 -999.0 -999.0 -999.0 -999.0 -999.0 -999.0 -999.0 -999.0 -999.0 -999.0 -999.0 -999.0 -999.0 -999.0 -999.0 1754.3 1458.4 1265.3 1092.8 870.3 982.1 1244.7 1461.3 1601.1 1492.9 1327.2 1214.4 1148.4 1402.0 1574.6 1543.9 1451.0 1466.5 1612.9 1396.5 1488.8 1503.1 1621.7 1582.4 1706.0 1773.6 1757.4 1716.7 1801.1 1856.2 1845.8 1820.6 1801.1 1722.0 1777.7 1801.7 1758.1 1694.8 1666.8 1647.7 1607.4 1663.7 1698.3 1618.8 1649.6 1681.1 1723.3 1736.3 1829.4 1830.3
-999.0 -999.0 -999.0 -999.0 -999.0 -999.0 -999.0 -999.0 -999.0 -999.0 -999.0 -999.0 -999.0 -999.0 -999.0 -999.0 -999.0 -999.0 -999.0 -999.0 1953.3 1794.1 1513.4 1257.2 1129.1 1156.4 1182.4 1321.5 1244.4 936.1 1185.8 1198.0 1233.5 1445.7 1549.7 1490.7 1472.5 1586.2 1598.9 1549.1 1432.3 1458.5 1503.4 1636.9 1590.6 1750.1 1750.9 1633.5 1748.2 1741.7 1753.4 1785.3 1746.6 1781.4 1754.0 1845.6 1855.1 1772.0 1747.9 1758.8 1677.3 1687.1 1606.4 1668.1 1629.3 1714.5 1722.1 1743.3 1820.7 1854.7 1804.6
-999.0 -999.0 -999.0 -999.0 -999.0 -999.0 -999.0 -999.0 -999.0 -999.0 -999.0 -999.0 -999.0 -999.0 -999.0 -999.0 -999.0 -999.0 -999.0 -999.0 1676.4 1596.4 1524.8 1460.5 1283.1 980.7 1017.7 1104.9 1226.6 1190.7 1116.1 1074.0 1089.5 1423.9 1326.4 1263.2 1586.7 1417.4 1689.0 1619.2 1476.6 1348.8 1606.6 1603.2 1745.6 1801.1 1760.7 1704.9 1508.0 1650.8 1678.2 1707.9 1713.9 1738.1 1758.7 1849.0 1824.0 1807.5 1778.5 1834.4 1791.3 1664.1 1620.3 1643.4 1620.8 1722.2 1797.2 1831.1 1872.2 1849.4 1813.7
-999.0 -999.0 -999.0 -999.0 -999.0 -999.0 -999.0 -999.0 -999.0 -999.0 -999.0 -999.0 -999.0 -999.0 -999.0 -999.0 -999.0 -999.0 -999.0 -999.0 1696.2 1595.9 1727.9 1534.6 1295.7 978.4 1114.5 1084.8 1287.7 1166.2 1224.9 1350.1 1283.3 1268.1 1349.5 1489.1 1628.6 1613.9 1404.6 1673.7 1648.2 1618.2 1637.0 1571.2 1724.4 1846.7 1809.7 1722.9 1692.2 1725.2 1667.5 1687.8 1704.5 1711.6 1800.8 1806.4 1747.2 1791.3 1775.7 1846.4 1764.3 1647.0 1635.4 1726.5 1748.3 1723.1 1827.3 1822.7 1909.8 1843.6 1840.9
-999.0 -999.0 -999.0 -999.0 -999.0 -999.0 -999.0 -999.0 -999.0 -999.0 -999.0 -999.0 -999.0 -999.0 -999.0 -999.0 -999.0 -999.0 -999.0 1790.6 1565.3 1294.2 1422.9 1511.8 1230.1 1154.3 1027.3 1034.6 1455.7 1443.9 1484.2 1362.3 1253.9 1419.8 1426.9 1334.8 1527.1 1622.1 1657.9 1727.3 1752.4 1725.8 1674.0 1727.9 1788.1 1835.2 1859.4 1839.0 1783.9 1757.4 1802.1 1748.0 1757.0 1723.3 1793.9 1788.4 1782.0 1819.3 1832.5 1818.4 1704.7 1700.2 1701.3 1806.1 1778.4 1792.7 1832.6 1904.2 1853.5 1849.2 1854.9
-999.0 -999.0 -999.0 -999.0 -999.0 -999.0 -999.0 -999.0 -999.0 -999.0 -999.0 -999.0 -999.0 -999.0 -999.0 -999.0 -999.0 -999.0 1663.7 1574.5 1429.8 1502.9 1555.7 1278.2 1049.1 1018.6 1197.8 1137.8 1457.8 1367.8 1470.7 1504.8 1045.5 1392.4 1355.4 1608.9 1620.0 1718.2 1726.8 1705.8 1619.1 1716.4 1586.0 1764.0 1773.8 1918.9 1933.1 1882.1 1850.1 1840.9 1853.3 1808.9 1768.1 1761.6 1865.1 1819.2 1803.6 1776.4 1769.6 1754.1 1691.5 1732.9 1690.4 1803.8 1823.0 1898.0 1902.0 1818.8 1800.5 1849.3 1853.4
-999.0 -999.0 -999.0 -999.0 -999.0 -999.0 -999.0 -999.0 -999.0 -999.0 -999.0 -999.0 -999.0 -999.0 -999.0 -999.0 1631.1 1624.6 1632.6 1726.4 1687.4 1568.8 1493.3 1199.8 1086.3 985.7 953.8 1151.0 1328.3 1596.7 1412.6 1474.7 1179.0 1422.1 1566.2 1656.5 1748.0 1724.8 1785.8 1711.8 1592.0 1657.8 1666.1 1877.2 1899.8 1941.6 1952.1 1855.1 1842.9 1833.5 1888.9 1835.6 1806.7 1847.5 1854.6 1862.9 1745.1 1735.5 1677.0 1633.4 1666.1 1695.5 1753.7 1819.6 1808.4 1793.0 1826.0 1805.9 1892.8 1877.4 1894.2
-999.0 -999.0 -999.0 -999.0 -999.0 -999.0 -999.0 -999.0 -999.0 -999.0 -999.0 -999.0 1950.5 1935.2 1915.1 1515.0 1394.0 1313.3 1304.4 1536.5 1568.8 1593.0 1184.2 1254.5 1092.0 1086.8 1139.5 1394.8 1506.5 1648.3 1519.4 1560.8 1109.8 1272.9 1480.0 1707.0 1697.9 1733.6 1578.6 1779.8 1640.0 1641.4 1722.7 1861.4 1983.3 2011.1 1924.5 1892.8 1890.2 1790.9 1872.8 1864.9 1898.2 1852.0 1812.8 1771.0 1802.3 1717.7 1736.5 1696.5 1623.4 1633.6 1665.1 1725.3 1734.8 1766.9 1821.2 1868.6 1842.0 1972.2 2024.0
-999.0 -999.0 -999.0 -999.0 -999.0 -999.0 -999.0 -999.0 -999.0 -999.0 -999.0 1744.9 1817.9 1667.8 1660.9 1633.9 1403.6 1448.2 1404.7 1598.5 1716.7 1416.6 1295.9 1181.9 1463.9 1041.1 1257.5 1449.2 1152.0 1413.6 1671.0 1186.7 1369.5 1461.9 1789.1 1814.6 1775.3 1532.0 1775.6 1789.9 1761.0 1751.5 1706.5 1856.0 1926.6 2047.1 1936.1 1878.2 1857.7 1812.0 1843.5 1864.2 1872.2 1857.2 1772.8 1771.1 1628.4 1762.0 1774.2 1727.8 1661.6 1709.2 1724.9 1786.1 1814.4 1791.7 1835.2 1817.1 1899.9 1947.9 1900.3
-999.0 -999.0 -999.0 -999.0 -999.0 -999.0 -999.0 -999.0 -999.0 -999.0 1701.2 1667.2 1808.6 1759.2 1726.3 1614.5 1649.6 1563.9 1627.2 1606.1 1263.4 1469.1 1549.6 1197.3 1625.8 1319.8 1252.8 1035.5 1178.6 1202.1 1409.6 1455.8 1552.0 1787.3 1448.4 1498.9 1785.4 1761.1 1836.8 1882.7 1794.4 1818.4 1864.9 1840.1 1871.2 2036.6 1960.9 1881.7 1794.0 1865.7 1887.6 1880.3 1738.0 1861.3 1821.0 1753.6 1692.0 1734.2 1771.3 1722.8 1671.6 1688.9 1673.2 1745.9 1833.3 1863.0 1893.4 1829.4 1869.3 1926.0 1847.3
-999.0 -999.0 -999.0 -999.0 -999.0 -999.0 1959.0 1695.4 1800.2 1617.1 1761.3 1715.1 1635.5 1704.7 1713.5 1521.8 1595.7 1556.5 1592.1 1396.8 1411.8 1548.2 1471.2 1450.5 1528.4 1468.9 1184.8 1153.6 1320.9 1392.4 1295.6 1494.6 1740.3 1386.4 1325.2 1538.2 1528.2 1755.6 1783.2 1888.2 1857.3 1658.7 1859.8 1747.1 1935.4 1997.3 1962.7 1911.0 1719.9 1849.2 1826.5 1568.5 1827.8 1835.1 1807.6 1734.8 1660.5 1761.2 1756.5 1738.3 1761.4 1730.2 1739.5 1793.7 1851.8 1841.7 1885.2 1859.0 1837.0 1858.2 1900.7
-999.0 -999.0 -999.0 -999.0 -999.0 1898.8 1728.8 1735.5 1694.0 1469.3 1207.2 1310.6 1359.4 1593.5 1489.2 1353.8 1447.6 1486.0 1341.6 1519.4 1572.4 1380.2 1592.6 1716.5 1586.3 1515.2 1298.4 1308.4 1349.9 1428.8 1467.1 1563.6 1484.4 895.7 1205.6 1491.2 1690.1 1667.2 1782.2 1678.9 1836.4 1787.1 1881.6 1909.4 1938.5 1942.7 1968.4 1967.6 1866.9 1810.3 1553.2 1563.0 1654.8 1763.5 1799.6 1580.3 1694.6 1754.5 1745.2 1792.7 1744.5 1756.6 1777.8 1843.8 1777.4 1811.6 1869.1 1751.1 1780.9 1888.9 1915.0
-999.0 -999.0 -999.0 2001.5 1869.9 1816.7 1696.4 1743.7 1680.7 1557.2 1529.1 1593.7 1682.8 1488.6 1583.7 1431.1 1685.7 1597.3 1405.3 1493.0 1651.2 1556.4 1779.0 1751.1 1429.8 1325.0 1389.4 1503.1 1359.8 1608.2 1670.2 1656.5 1321.2 1151.4 1152.9 1675.8 1628.1 1659.7 1676.5 1762.7 1902.5 1793.6 1853.6 1882.4 1948.6 1937.3 2012.8 2027.8 1892.4 1800.3 1561.4 1609.1 1687.3 1791.2 1729.3 1601.5 1651.3 1696.6 1759.2 1765.3 1785.4 1814.3 1836.4 1829.8 1794.4 1778.9 1812.8 1828.2 1844.4 1906.9 1866.6
-999.0 -999.0 -999.0 2029.9 -999.0 1962.2 1894.6 1740.3 1810.0 1722.4 1721.5 1650.2 1691.4 1644.9 1531.7 1670.0 1602.7 1748.8 1791.0 1796.5 1797.5 1797.2 1557.3 1616.1 1294.1 815.4 1364.1 1334.5 1348.8 1088.1 1123.7 1720.0 1771.7 1036.8 1387.8 1583.6 1558.6 1511.3 1714.9 1877.7 1947.1 1768.7 1761.0 1884.5 1970.8 2001.6 1981.8 2071.6 1933.5 1634.2 1555.1 1683.5 1772.2 1811.7 1813.9 1786.1 1705.1 1775.5 1814.6 1852.0 1876.2 1885.5 1871.9 1779.9 1807.6 1842.4 1827.1 1874.8 1876.6 1852.7 1920.5
-999.0 -999.0 -999.0 -999.0 -999.0 -999.0 1790.6 1878.6 1885.7 1785.8 1835.3 1769.2 1751.0 1689.5 1762.0 1784.5 1712.2 1739.3 1649.7 1775.0 1550.1 1768.7 1501.5 1336.4 1279.1 1109.7 1017.0 1197.3 1075.7 985.7 1405.8 1298.7 1464.5 1875.3 1441.0 1503.8 1811.1 1782.9 1923.2 1739.8 1783.0 1579.9 1679.9 1901.8 1954.2 2013.0 2057.9 1931.0 1662.9 1714.3 1549.2 1703.0 1782.3 1749.1 1826.7 1698.6 1823.2 1831.9 1901.0 1936.9 1928.2 1889.6 1868.2 1859.8 1891.0 1898.5 1900.6 1854.9 1786.1 1759.8 1844.2
-999.0 -999.0 -999.0 -999.0 -999.0 1933.1 1870.7 1846.9 1869.2 1892.1 1735.3 1647.8 1557.2 1647.1 1732.0 1772.0 1844.9 1780.6 1520.6 1789.2 1660.3 1895.7 1737.0 1657.9 1650.6 1665.7 1389.6 1434.0 1238.2 1224.6 1088.5 1270.2 1297.8 1458.6 1161.6 1668.4 1797.6 1847.3 1734.5 1776.0 1600.3 1685.0 1689.8 1936.2 1962.5 1957.2 1673.9 1605.3 1609.0 1556.9 1706.9 1692.3 1718.7 1766.8 1813.3 1815.1 1835.8 1912.1 1989.7 2017.5 1982.0 1872.9 1845.0 1820.3 1871.4 1914.8 1898.0 1818.6 1678.3 1829.2 1806.6
-999.0 -999.0 -999.0 -999.0 2044.8 1961.7 1913.8 1895.4 1912.6 1913.7 1902.3 1833.0 1899.1 1868.2 1901.1 1899.3 1859.7 1821.3 1785.7 1563.8 1853.4 1509.9 1603.5 1573.0 1424.8 1494.8 1627.1 1602.1 1437.3 1506.8 1352.9 1385.2 1560.2 1275.9 1320.4 1789.0 1673.8 1893.1 1850.9 1708.7 1666.9 1787.2 1821.9 1898.4 1941.4 1742.5 1795.4 1636.4 1632.2 1683.2 1674.0 1722.5 1784.5 1788.0 1850.7 1889.9 1908.1 1967.0 1926.1 2075.1 1950.4 1929.7 1893.6 1903.1 1905.4 1893.3 1821.8 1711.0 1749.5 1792.2 1818.4
-999.0 -999.0 -999.0 -999.0 -999.0 -999.0 2038.0 1974.3 1946.5 1913.6 1911.4 1894.5 -999.0 -999.0 -999.0 -999.0 1951.2 1851.7 1703.8 1892.3 1975.5 1842.9 1810.2 1770.5 1714.6 1912.8 1150.6 1130.4 1524.0 1625.9 1616.7 1473.2 1431.9 1358.1 1639.0 1762.5 1810.1 1917.8 1591.1 1777.7 1706.2 1934.5 1913.7 1909.2 1922.3 1670.9 1810.5 1668.3 1662.7 1736.3 1754.0 1791.0 1823.5 1869.8 1897.0 1913.7 1912.6 1954.4 1912.8 2026.2 1942.2 1872.9 1888.9 1873.4 1875.4 1786.7 1805.6 1761.8 1757.9 1802.9 1924.2
-999.0 -999.0 -999.0 -999.0 -999.0 -999.0 2078.4 1948.4 1863.8 2021.4 1909.6 2051.4 -999.0 -999.0 -999.0 -999.0 -999.0 -999.0 -999.0 2001.3 2015.9 1979.9 2092.9 1967.1 1746.5 1416.3 1245.7 1101.3 1197.8 1382.9 1532.3 1529.0 1675.9 1517.9 1539.9 1841.1 1928.3 1636.2 1663.6 1693.6 1988.1 1995.5 1938.0 1947.7 1777.9 1689.6 1702.1 1697.9 1746.5 1779.8 1816.0 1843.8 1853.1 1858.8 1875.6 1817.4 1879.9 1932.6 1997.1 1992.1 1900.7 1852.2 1861.6 1752.7 1778.2 1881.1 1783.6 1781.0 1830.8 1881.0 1948.4
-999.0 -999.0 -999.0 -999.0 -999.0 -999.0 -999.0 -999.0 2055.3 -999.0 -999.0 -999.0 -999.0 -999.0 -999.0 -999.0 -999.0 1880.4 1867.9 1906.7 1867.7 2021.8 2120.1 2128.6 1928.1 1654.7 1353.5 1268.7 1354.8 1696.9 1725.8 1420.5 1588.6 1666.7 1853.3 1965.6 2038.5 1835.3 1891.4 1923.4 2025.0 2009.7 1922.5 1921.5 1638.1 1585.8 1687.1 1714.8 1793.8 1814.1 1831.4 1865.5 1821.5 1849.5 1818.6 1868.5 1876.5 1916.5 1944.5 1928.4 1809.7 1769.0 1724.1 1659.8 1796.0 1794.4 1955.1 1861.2 1894.6 1958.5 1944.0
-999.0 -999.0 -999.0 -999.0 -999.0 -999.0 -999.0 -999.0 -999.0 -999.0 -999.0 -999.0 -999.0 -999.0 -999.0 -999.0 -999.0 1906.3 1890.9 2060.8 1959.7 1884.5 -999.0 -999.0 2164.5 1660.4 1812.7 1645.2 1695.9 1693.8 1645.4 1562.7 1852.5 1906.9 1925.5 2015.8 2058.6 2061.3 2073.8 2067.7 2039.7 1905.9 1899.3 1831.8 1625.6 1696.7 1737.6 1790.1 1818.3 1787.6 1812.0 1853.9 1839.8 1862.4 1828.0 1771.3 1718.3 1803.1 1788.9 1868.2 1847.7 1765.6 1600.5 1793.7 1813.5 1898.2 2036.1 1924.0 1954.4 2015.7 2077.7
-999.0 -999.0 -999.0 -999.0 -999.0 -999.0 -999.0 -999.0 -999.0 -999.0 -999.0 -999.0 -999.0 -999.0 -999.0 -999.0 -999.0 -999.0 -999.0 -999.0 -999.0 -999.0 -999.0 -999.0 2176.9 2039.5 1782.6 1750.9 1868.8 1885.6 1871.5 1831.8 1931.7 2013.3 2032.7 2051.2 2097.8 2111.9 -999.0 2122.9 2070.3 1957.1 1932.4 1835.1 1666.9 1729.2 1743.0 1814.4 1897.7 1889.0 1805.3 1855.6 1825.7 1717.6 1669.0 1681.7 1622.8 1594.2 1707.9 1737.2 1772.4 1793.7 1747.5 1872.9 1884.8 1906.6 1983.7 2012.4 2042.3 2035.3 2079.0
-999.0 -999.0 -999.0 -999.0 -999.0 -999.0 -999.0 -999.0 -999.0 -999.0 -999.0 -999.0 -999.0 -999.0 -999.0 -999.0 -999.0 -999.0 -999.0 -999.0 -999.0 -999.0 -999.0 -999.0 -999.0 2113.5 1986.1 1887.3 1807.4 1784.8 1907.2 1956.2 1989.7 2087.9 -999.0 -999.0 -999.0 -999.0 2113.1 2123.6 2019.3 1990.2 1957.9 1856.4 1687.7 1751.8 1723.5 1784.1 1918.8 1819.5 1811.5 1688.9 1735.5 1580.3 1665.7 1651.0 1695.3 1673.5 1687.1 1758.2 1739.8 1947.6 1951.1 1935.6 2024.4 1989.7 2034.4 2059.8 2072.7 2133.5 2175.0
-999.0 -999.0 -999.0 -999.0 -999.0 -999.0 -999.0 -999.0 -999.0 -999.0 -999.0 -999.0 -999.0 -999.0 -999.0 -999.0 -999.0 -999.0 -999.0 -999.0 -999.0 -999.0 -999.0 -999.0 -999.0 -999.0 2082.0 1846.6 1841.2 1863.9 1811.2 1929.2 2040.2 -999.0 -999.0 -999.0 -999.0 2016.4 1920.0 1870.1 2057.9 2041.0 2011.3 1798.1 1712.0 1716.0 1712.4 1781.8 1809.7 1843.5 1697.7 1561.3 1626.8 1624.2 1696.3 1690.4 1716.1 1810.4 1785.1 1813.9 1896.5 1943.1 1991.9 2109.6 2019.7 1995.1 2027.5 1990.5 1977.8 2119.2 2184.8
-999.0 -999.0 -999.0 -999.0 -999.0 -999.0 -999.0 -999.0 -999.0 -999.0 -999.0 -999.0 -999.0 -999.0 -999.0 -999.0 -999.0 -999.0 -999.0 -999.0 -999.0 -999.0 -999.0 -999.0 -999.0 -999.0 -999.0 2065.4 1969.1 1976.1 1866.7 2012.3 2045.5 -999.0 -999.0 -999.0 2041.2 2020.4 1962.6 1848.2 1892.0 1928.1 2032.1 1905.9 1969.0 1774.4 1740.4 1824.2 1724.2 1659.7 1662.0 1674.9 1609.7 1673.7 1730.0 1765.7 1827.3 1847.8 1862.4 1873.7 1889.2 1937.0 1996.9 1971.9 1910.7 1912.4 1999.6 1982.6 1986.5 2052.5 2141.0
-999.0 -999.0 -999.0 -999.0 -999.0 -999.0 -999.0 -999.0 -999.0 -999.0 -999.0 -999.0 -999.0 -999.0 -999.0 -999.0 -999.0 -999.0 -999.0 -999.0 -999.0 -999.0 -999.0 -999.0 -999.0 -999.0 -999.0 -999.0 -999.0 -999.0 -999.0 -999.0 -999.0 -999.0 -999.0 2019.5 2003.0 2005.5 1986.2 1813.8 1961.3 1916.5 1862.0 1880.4 1899.2 1840.8 1918.2 1883.5 1837.5 1748.2 1758.1 1737.5 1714.6 1685.3 1711.7 1742.8 1644.8 1778.2 1766.2 1831.1 1832.3 1870.5 1942.8 1923.9 1912.1 1911.4 1895.6 1974.8 2002.9 2027.8 2062.1
-999.0 -999.0 -999.0 -999.0 -999.0 -999.0 -999.0 -999.0 -999.0 -999.0 -999.0 -999.0 -999.0 -999.0 -999.0 -999.0 -999.0 -999.0 -999.0 -999.0 -999.0 -999.0 -999.0 -999.0 -999.0 -999.0 -999.0 -999.0 -999.0 -999.0 -999.0 -999.0 -999.0 -999.0 -999.0 2126.4 1906.6 1924.9 1511.1 1637.2 1921.2 1889.0 1855.3 1839.7 1808.9 1901.6 1931.7 1899.6 1855.3 1750.9 1794.9 1846.9 1707.4 1678.7 1581.8 1701.0 1686.3 1590.8 1719.6 1778.0 1837.5 1912.2 1937.7 1949.2 1952.4 1968.7 2005.8 1943.9 1950.2 2010.0 2011.2
-999.0 -999.0 -999.0 -999.0 -999.0 -999.0 -999.0 -999.0 -999.0 -999.0 -999.0 -999.0 -999.0 -999.0 -999.0 -999.0 -999.0 -999.0 -999.0 -999.0 -999.0 -999.0 -999.0 -999.0 -999.0 -999.0 -999.0 -999.0 -999.0 -999.0 -999.0 -999.0 -999.0 -999.0 -999.0 2094.8 2035.1 2005.0 1807.5 1543.5 1661.3 1770.2 1861.3 1761.1 1866.1 1869.9 1911.4 1739.5 1679.3 1622.7 1699.7 1786.7 1754.8 1757.4 1739.9 1714.5 1707.7 1769.6 1771.8 1789.7 1828.7 1900.8 1956.1 1996.2 1994.5 1960.6 1996.8 1939.4 1936.1 1964.6 1914.2
-999.0 -999.0 -999.0 -999.0 -999.0 -999.0 -999.0 -999.0 -999.0 -999.0 -999.0 -999.0 -999.0 -999.0 -999.0 -999.0 -999.0 -999.0 2275.3 2141.3 2165.4 1457.9 1400.9 1413.1 1455.3 1362.6 2102.5 1683.6 2204.6 -999.0 -999.0 -999.0 -999.0 -999.0 -999.0 2086.2 2031.2 1973.4 2013.0 1889.1 1737.9 1675.8 1742.4 1807.1 1836.0 1828.5 1772.0 1660.0 1700.0 1757.0 1783.8 1821.7 1755.6 1781.7 1838.7 1878.5 1885.3 1830.5 1853.4 1793.4 1773.6 1735.8 1870.8 1949.2 1922.6 1903.8 1947.9 1866.4 1907.3 1949.7 1863.7
-999.0 -999.0 -999.0 -999.0 -999.0 -999.0 -999.0 -999.0 -999.0 -999.0 -999.0 -999.0 -999.0 -999.0 -999.0 -999.0 -999.0 -999.0 1868.9 1798.4 1588.5 1476.8 1215.3 1125.8 1214.9 1255.6 1346.4 1685.0 1930.8 2073.3 2003.7 1812.7 1998.3 2091.6 2140.8 2100.5 2061.6 2035.5 2024.8 2010.8 1956.4 1759.7 1747.4 1795.1 1853.5 1627.4 1747.8 1827.7 1782.0 1744.8 1833.0 1863.2 1853.4 1841.2 1856.9 1885.0 1871.9 1940.1 1892.3 1816.9 1801.5 1823.1 1794.4 1802.6 1923.0 1949.5 1972.3 1982.1 1893.2 1956.7 1640.8
-999.0 -999.0 -999.0 -999.0 -999.0 -999.0 -999.0 -999.0 -999.0 -999.0 -999.0 -999.0 -999.0 -999.0 -999.0 -999.0 -999.0 2203.6 2083.6 1899.7 1792.1 1624.2 1325.0 1171.5 1214.6 1320.9 1364.1 1441.2 1648.0 1779.9 1848.2 1807.4 1728.6 2001.9 2062.4 2094.6 2046.4 1926.5 2017.9 1988.2 1841.6 1804.3 1810.2 1791.9 1605.7 1761.1 1651.6 1702.1 1765.9 1856.6 1848.7 1903.8 1852.2 1781.1 1890.9 1851.6 1918.5 1889.5 1886.2 1843.2 1827.2 1739.3 1706.0 1885.7 1937.0 1933.2 1763.9 1897.6 1941.1 1919.5 1907.8
-999.0 -999.0 -999.0 -999.0 -999.0 -999.0 -999.0 -999.0 -999.0 -999.0 -999.0 -999.0 -999.0 -999.0 -999.0 -999.0 -999.0 -999.0 2146.4 2083.3 2004.3 1669.2 1582.8 1494.1 1272.8 1399.1 1483.4 1693.4 1603.7 1454.8 1634.9 1823.9 1854.3 1755.6 1952.0 2079.0 2055.9 2036.9 1943.4 1893.3 1932.7 1908.7 1853.5 1818.3 1709.2 1806.6 1676.0 1750.7 1759.1 1800.0 1818.8 1883.6 1810.3 1783.7 1823.2 1939.7 1946.1 1898.6 1956.3 1935.0 1915.9 1830.4 1755.9 1784.1 1909.2 1902.7 1841.9 1859.3 1909.3 1970.4 1977.5
