GDD/GrowingDegreeDays_1963_Actual.txt
ncols         180
nrows         290
xllcorner     -200000
yllcorner     -200000
cellsize      5000
NODATA_value    -999
[rows 96 to 127 of 290, columns 71 to 141 of 180]
1117.2 1153.1 1292.7 1375.1 1039.7 1301.1 714.2 746.5 1014.2 1262.3 845.0 506.9 509.0 437.5 664.5 742.0 785.8 537.5 607.2 490.7 455.6 708.3 705.2 721.8 952.9 855.7 1021.1 790.6 614.6 675.4 620.8 756.0 785.3 674.7 613.2 708.8 771.2 659.3 657.1 965.0 1075.9 1179.9 1197.8 1004.5 1072.3 -999.0 -999.0 -999.0 -999.0 -999.0 -999.0 -999.0 -999.0 -999.0 -999.0 -999.0 -999.0 -999.0 -999.0 -999.0 -999.0 -999.0 -999.0 -999.0 -999.0 -999.0 -999.0 -999.0 -999.0 -999.0 -999.0
1091.1 954.1 1324.3 1372.8 1033.1 1212.0 867.6 1021.6 1242.4 1289.2 931.8 590.0 1242.6 606.0 778.3 629.6 806.6 597.9 836.3 683.4 775.6 777.6 409.3 777.9 758.6 867.6 922.0 959.2 641.7 777.2 876.1 827.7 628.4 779.4 689.6 836.9 791.2 838.7 938.7 1101.0 1096.3 1082.3 1132.7 1239.5 -999.0 -999.0 -999.0 -999.0 -999.0 -999.0 -999.0 -999.0 -999.0 -999.0 -999.0 -999.0 -999.0 -999.0 -999.0 -999.0 -999.0 -999.0 -999.0 -999.0 -999.0 -999.0 -999.0 -999.0 -999.0 -999.0 -999.0
1137.3 1317.0 849.0 1018.8 960.4 691.8 505.9 1270.8 1368.3 603.2 1064.6 1144.9 583.8 736.3 545.4 730.0 556.6 911.5 998.5 1064.0 1053.0 1050.9 982.9 734.5 967.3 805.8 758.7 1005.8 861.3 744.3 923.3 923.7 804.4 810.3 908.6 820.8 905.9 1075.9 1148.2 1185.2 1088.3 1163.1 1226.9 1215.2 -999.0 -999.0 -999.0 -999.0 -999.0 -999.0 -999.0 -999.0 -999.0 -999.0 -999.0 -999.0 -999.0 -999.0 -999.0 -999.0 -999.0 -999.0 -999.0 -999.0 -999.0 -999.0 -999.0 -999.0 -999.0 -999.0 -999.0
1100.6 813.0 1133.0 964.2 916.5 1305.1 1320.2 -999.0 1125.8 586.0 761.1 502.2 895.5 1030.9 796.8 879.1 906.6 889.6 833.5 772.7 711.4 614.8 378.4 544.7 757.3 747.4 1024.8 1138.3 1240.7 840.6 768.3 943.2 942.8 913.3 1056.7 1014.2 1062.5 1143.7 1144.9 1127.5 1113.2 1049.2 1057.9 -999.0 -999.0 -999.0 -999.0 -999.0 -999.0 -999.0 -999.0 -999.0 -999.0 -999.0 -999.0 -999.0 -999.0 -999.0 -999.0 -999.0 -999.0 -999.0 -999.0 -999.0 -999.0 -999.0 -999.0 -999.0 -999.0 -999.0 -999.0
1359.7 1149.8 1049.9 1148.2 855.5 1220.2 -999.0 1357.7 1166.7 1364.1 971.1 1120.8 775.7 396.2 797.2 710.0 848.6 614.9 465.7 564.3 751.1 1071.2 988.6 1093.0 842.2 916.3 919.6 812.1 885.7 919.0 867.0 988.6 1108.3 1098.1 1183.7 1176.3 1101.7 1065.7 1095.7 1099.4 1094.2 1176.5 1154.8 -999.0 -999.0 -999.0 -999.0 -999.0 -999.0 -999.0 -999.0 -999.0 -999.0 -999.0 -999.0 -999.0 -999.0 -999.0 -999.0 -999.0 -999.0 -999.0 -999.0 -999.0 -999.0 -999.0 -999.0 -999.0 -999.0 -999.0 -999.0
1317.4 1196.8 1380.9 1017.2 1276.3 -999.0 1384.6 1372.1 1241.1 435.8 796.5 305.1 723.6 923.1 1023.3 716.0 665.0 775.0 622.8 841.9 659.2 558.9 692.7 1124.3 843.6 671.0 624.4 832.1 833.1 1238.7 1042.0 1191.4 1238.5 1255.1 1228.2 981.4 982.0 977.0 1012.2 1006.3 1084.5 1164.6 1234.1 -999.0 -999.0 -999.0 -999.0 -999.0 -999.0 -999.0 -999.0 -999.0 -999.0 -999.0 -999.0 -999.0 -999.0 -999.0 -999.0 -999.0 -999.0 -999.0 -999.0 -999.0 -999.0 -999.0 -999.0 -999.0 -999.0 -999.0 -999.0
1345.9 1290.9 713.1 1375.8 -999.0 1408.1 -999.0 1046.6 914.6 733.6 1344.1 526.2 782.3 726.2 878.1 344.3 764.9 347.2 779.2 853.7 469.3 960.0 1312.8 797.0 501.1 455.4 901.9 906.4 882.5 980.5 1139.2 1209.1 1220.2 1207.7 910.3 1056.8 1081.8 1140.7 1104.2 1107.3 1208.4 1249.2 -999.0 -999.0 -999.0 -999.0 -999.0 -999.0 -999.0 -999.0 -999.0 -999.0 -999.0 -999.0 -999.0 -999.0 -999.0 -999.0 -999.0 -999.0 -999.0 -999.0 -999.0 -999.0 -999.0 -999.0 -999.0 -999.0 -999.0 -999.0 -999.0
546.8 667.4 979.0 1367.6 -999.0 -999.0 1317.4 1301.1 1336.5 1280.3 934.6 467.5 1146.3 920.3 393.4 662.2 659.3 456.5 455.1 653.6 1187.8 690.6 686.5 506.6 632.4 812.1 582.2 574.4 878.5 1076.1 1232.8 1223.5 1110.7 868.4 1095.2 1207.9 1195.3 1334.5 1288.3 1223.0 -999.0 -999.0 -999.0 -999.0 -999.0 -999.0 -999.0 -999.0 -999.0 -999.0 -999.0 -999.0 -999.0 -999.0 -999.0 -999.0 -999.0 -999.0 -999.0 -999.0 -999.0 -999.0 -999.0 -999.0 -999.0 -999.0 -999.0 -999.0 -999.0 -999.0 -999.0
787.4 1080.2 1252.9 1362.2 -999.0 1401.6 1275.5 1139.1 959.3 1166.3 943.0 1254.9 1257.6 1003.4 728.8 801.3 952.2 1013.7 946.9 795.1 575.3 952.0 741.2 801.5 656.7 585.5 785.1 843.3 1025.0 1170.3 1237.2 1239.8 1049.5 1127.5 1295.5 1317.5 1355.8 1319.1 1311.7 -999.0 -999.0 -999.0 -999.0 -999.0 -999.0 -999.0 -999.0 -999.0 -999.0 -999.0 -999.0 -999.0 -999.0 -999.0 -999.0 -999.0 -999.0 -999.0 -999.0 -999.0 -999.0 -999.0 -999.0 -999.0 -999.0 -999.0 -999.0 -999.0 -999.0 -999.0 -999.0
1220.7 967.8 1205.1 -999.0 -999.0 1381.8 965.6 1082.6 891.8 1143.7 1303.9 1078.3 717.4 706.3 794.5 883.8 793.4 583.6 955.6 803.6 1131.6 974.4 726.6 1015.6 1239.6 1260.4 1141.2 1203.4 1254.8 1222.6 1224.8 1355.7 1234.1 1291.5 1336.6 1190.3 1265.7 1192.9 1232.6 -999.0 -999.0 -999.0 -999.0 -999.0 -999.0 -999.0 -999.0 -999.0 -999.0 -999.0 -999.0 -999.0 -999.0 -999.0 -999.0 -999.0 -999.0 -999.0 -999.0 -999.0 -999.0 -999.0 -999.0 -999.0 -999.0 -999.0 -999.0 -999.0 -999.0 -999.0 -999.0
-999.0 -999.0 -999.0 -999.0 1385.0 1059.7 1043.9 952.2 1041.1 960.2 714.6 767.8 587.7 1011.7 723.4 1209.8 639.9 1148.5 554.4 1066.3 858.0 493.0 893.6 1080.2 946.4 1064.5 1260.6 1217.9 1296.0 1360.0 1296.9 1371.0 1361.5 1258.3 1263.3 1258.6 1217.5 1266.3 1237.5 1322.7 -999.0 -999.0 -999.0 -999.0 -999.0 -999.0 -999.0 -999.0 -999.0 -999.0 -999.0 -999.0 -999.0 -999.0 -999.0 -999.0 -999.0 -999.0 -999.0 -999.0 -999.0 -999.0 -999.0 -999.0 -999.0 -999.0 -999.0 -999.0 -999.0 -999.0 -999.0
-999.0 -999.0 -999.0 -999.0 1345.6 1355.0 1032.0 928.5 1282.8 853.1 1095.9 1289.3 919.8 717.0 790.4 1368.5 713.4 808.5 769.4 1029.3 708.4 837.6 767.4 621.6 890.4 985.6 1036.9 1091.1 1136.7 1093.8 1063.1 974.1 1031.9 1199.9 1309.1 1273.4 1097.3 1211.5 1089.9 1160.5 1193.3 -999.0 -999.0 -999.0 -999.0 -999.0 -999.0 -999.0 -999.0 -999.0 -999.0 -999.0 -999.0 -999.0 -999.0 -999.0 -999.0 -999.0 -999.0 -999.0 -999.0 -999.0 -999.0 -999.0 -999.0 -999.0 -999.0 -999.0 -999.0 -999.0 -999.0
-999.0 -999.0 -999.0 1374.2 1345.5 1284.1 984.7 1169.3 970.8 980.8 1133.9 1328.6 869.2 817.2 607.4 1288.0 817.6 962.7 926.4 1003.6 857.8 1226.2 1092.3 1034.8 1067.3 1210.2 1033.6 859.3 691.4 790.0 862.2 988.6 1102.0 1027.9 1291.8 1159.2 1100.4 1091.3 1097.4 1126.7 1169.2 1237.8 -999.0 -999.0 -999.0 -999.0 -999.0 -999.0 -999.0 -999.0 -999.0 -999.0 -999.0 -999.0 -999.0 -999.0 -999.0 -999.0 -999.0 -999.0 -999.0 -999.0 -999.0 -999.0 -999.0 -999.0 -999.0 -999.0 -999.0 -999.0 -999.0
-999.0 -999.0 1358.9 -999.0 1297.9 1159.8 1271.3 952.1 826.3 1295.0 1404.5 1068.3 691.7 958.4 1431.7 1215.0 438.0 1170.8 1174.9 1083.4 1027.5 1176.8 1230.8 1321.9 1267.6 999.5 664.0 697.8 838.9 919.9 1078.5 1109.5 1135.6 1067.2 1165.7 1167.2 1263.5 1339.2 1332.8 1322.6 1312.5 -999.0 -999.0 -999.0 -999.0 -999.0 -999.0 -999.0 -999.0 -999.0 -999.0 -999.0 -999.0 -999.0 -999.0 -999.0 -999.0 -999.0 -999.0 -999.0 -999.0 -999.0 -999.0 -999.0 -999.0 -999.0 -999.0 -999.0 -999.0 -999.0 -999.0
-999.0 1364.4 1027.5 -999.0 1352.3 1324.3 1210.6 1178.1 1204.0 1209.8 820.3 1323.3 841.9 803.3 825.9 1121.5 1323.5 686.9 1142.8 1308.6 1375.4 1375.4 1398.1 1427.5 1438.4 1102.8 1286.8 1311.7 1304.4 1156.0 1035.0 1125.7 1130.0 1196.2 1245.0 1238.2 1341.5 -999.0 -999.0 -999.0 -999.0 -999.0 -999.0 -999.0 -999.0 -999.0 -999.0 -999.0 -999.0 -999.0 -999.0 -999.0 -999.0 -999.0 -999.0 -999.0 -999.0 -999.0 -999.0 -999.0 -999.0 -999.0 -999.0 -999.0 -999.0 -999.0 -999.0 -999.0 -999.0 -999.0 -999.0
1331.7 1141.3 1243.6 -999.0 1040.5 1341.5 1120.6 1228.3 1401.1 891.0 910.5 775.2 735.2 1374.4 888.8 916.0 1419.4 1128.9 1060.9 1244.5 1216.9 1153.0 1100.1 1041.3 1392.2 1430.9 1430.0 1362.7 1273.3 1176.2 1064.2 1127.1 1138.7 1135.1 1241.5 -999.0 -999.0 -999.0 -999.0 -999.0 -999.0 -999.0 -999.0 -999.0 -999.0 -999.0 -999.0 -999.0 -999.0 -999.0 -999.0 -999.0 -999.0 -999.0 -999.0 -999.0 -999.0 -999.0 -999.0 -999.0 -999.0 -999.0 -999.0 -999.0 -999.0 -999.0 -999.0 -999.0 -999.0 -999.0 -999.0
754.9 1152.9 -999.0 1317.7 1308.0 987.0 1228.1 1378.1 897.3 1155.0 846.0 769.7 1023.8 1203.9 912.4 939.2 1499.7 1483.6 1425.9 1339.1 1230.1 1160.7 954.5 886.9 1168.1 1323.5 1431.1 1461.0 1338.2 1317.5 1253.7 1233.2 1074.1 1089.9 1303.7 -999.0 -999.0 -999.0 -999.0 -999.0 -999.0 -999.0 -999.0 -999.0 -999.0 -999.0 -999.0 -999.0 -999.0 -999.0 -999.0 -999.0 -999.0 -999.0 -999.0 -999.0 -999.0 -999.0 -999.0 -999.0 -999.0 -999.0 -999.0 -999.0 -999.0 -999.0 -999.0 -999.0 -999.0 -999.0 -999.0
1367.1 1375.7 -999.0 1368.3 821.5 1132.4 -999.0 1281.0 955.3 1140.3 921.5 1012.0 967.0 1412.9 1431.6 1272.0 1377.6 1372.0 1237.4 1364.6 730.1 741.9 860.0 880.5 1137.7 1375.7 1396.5 1487.0 1502.7 1432.6 1397.8 1326.1 1353.2 -999.0 -999.0 -999.0 -999.0 -999.0 1280.9 1298.1 1288.1 1348.2 -999.0 -999.0 -999.0 -999.0 -999.0 -999.0 -999.0 -999.0 -999.0 -999.0 -999.0 -999.0 -999.0 -999.0 -999.0 -999.0 -999.0 -999.0 -999.0 -999.0 -999.0 -999.0 -999.0 -999.0 -999.0 -999.0 -999.0 -999.0 -999.0
1149.2 -999.0 -999.0 1024.5 1343.3 893.3 -999.0 1297.9 867.9 1196.2 1407.0 778.9 1419.6 1525.2 1526.9 1482.7 1320.8 1170.6 963.7 1203.1 1174.7 1261.9 1246.0 1275.7 1214.2 1222.2 1228.1 1305.4 1389.1 1310.5 1252.1 1281.7 1373.2 1390.8 1395.7 -999.0 -999.0 1371.5 1299.4 1216.9 1296.7 1303.0 1310.1 1337.9 -999.0 -999.0 -999.0 -999.0 -999.0 -999.0 -999.0 -999.0 -999.0 -999.0 -999.0 -999.0 -999.0 -999.0 -999.0 -999.0 -999.0 -999.0 -999.0 -999.0 -999.0 -999.0 -999.0 -999.0 -999.0 -999.0 -999.0
1415.1 -999.0 -999.0 1382.4 1125.2 960.2 1377.6 1144.6 1322.7 1207.3 1136.2 1063.8 1461.7 1363.7 1170.1 1182.0 1192.6 1363.5 1368.0 1333.0 1371.0 1313.7 1308.6 1291.2 1221.2 1134.4 1141.1 1214.0 1095.1 1051.9 1224.3 1285.9 1313.9 1334.0 1298.7 1371.3 1338.5 1250.1 1222.0 1263.6 1197.7 1031.2 1063.6 985.2 1283.3 -999.0 -999.0 -999.0 -999.0 -999.0 -999.0 -999.0 -999.0 -999.0 -999.0 -999.0 -999.0 -999.0 -999.0 -999.0 -999.0 -999.0 -999.0 -999.0 -999.0 -999.0 -999.0 -999.0 -999.0 -999.0 -999.0
-999.0 -999.0 -999.0 1181.7 863.3 1178.7 1082.5 1392.2 1166.0 1263.1 1451.9 1466.3 -999.0 1145.9 898.4 1180.2 1279.6 1386.8 1372.5 1453.4 1487.6 1314.3 1329.3 1283.8 1111.3 1056.4 1037.1 1102.1 1132.7 1118.3 1184.5 1189.2 1183.1 1116.9 1234.9 1321.5 1170.1 1204.8 1161.4 1174.5 1048.9 906.2 892.0 852.9 1007.6 954.5 904.6 1194.1 -999.0 -999.0 -999.0 -999.0 -999.0 -999.0 -999.0 -999.0 -999.0 -999.0 -999.0 -999.0 -999.0 -999.0 -999.0 -999.0 -999.0 -999.0 -999.0 -999.0 -999.0 -999.0 -999.0
-999.0 -999.0 -999.0 1178.3 1235.1 1317.6 904.1 1414.6 -999.0 1453.7 1348.7 1472.9 -999.0 1067.8 761.0 1083.8 1154.5 1344.9 1452.0 1438.4 1443.8 1504.9 1447.6 1361.7 1244.7 1026.5 993.6 985.7 1066.4 1055.4 991.1 964.6 865.0 998.3 1211.6 1271.5 1139.2 1113.8 1070.8 753.8 708.3 865.5 878.3 952.4 979.6 962.4 1112.6 1125.8 -999.0 -999.0 -999.0 -999.0 -999.0 -999.0 -999.0 -999.0 -999.0 -999.0 -999.0 -999.0 -999.0 -999.0 -999.0 -999.0 -999.0 -999.0 -999.0 -999.0 -999.0 -999.0 -999.0
-999.0 -999.0 -999.0 -999.0 1241.4 1084.3 1219.1 1436.4 -999.0 -999.0 1396.9 1471.3 1352.8 1108.7 925.2 1244.9 1180.3 1067.0 1216.6 1262.1 1339.5 1189.7 1359.3 1446.2 1328.4 1200.9 1045.6 969.9 861.6 952.3 823.4 809.2 943.4 1038.0 1025.0 1071.7 1014.0 918.0 845.7 871.4 739.4 855.0 914.6 959.2 1190.2 1173.9 1070.9 1046.0 1087.7 -999.0 -999.0 -999.0 -999.0 -999.0 -999.0 -999.0 -999.0 -999.0 -999.0 -999.0 -999.0 -999.0 -999.0 -999.0 -999.0 -999.0 -999.0 -999.0 -999.0 -999.0 -999.0
-999.0 -999.0 -999.0 1414.2 1167.6 1115.5 -999.0 -999.0 -999.0 -999.0 -999.0 1466.7 1456.4 1083.0 1181.6 1356.0 1215.9 1084.6 1014.4 1108.2 1196.5 1146.0 1135.8 1253.1 1358.9 1172.4 992.3 1019.9 986.7 950.9 842.2 911.5 992.0 961.2 967.4 772.4 809.1 915.9 934.7 1019.7 898.5 929.4 1001.8 992.4 1170.5 1208.2 1191.5 1179.7 1192.8 -999.0 -999.0 -999.0 -999.0 -999.0 -999.0 -999.0 -999.0 -999.0 -999.0 -999.0 -999.0 -999.0 -999.0 -999.0 -999.0 -999.0 -999.0 -999.0 -999.0 -999.0 -999.0
-999.0 1419.4 -999.0 1060.3 1167.7 1375.1 1425.2 1140.9 1056.7 -999.0 -999.0 -999.0 1467.0 1260.9 1308.9 1324.0 1294.5 1197.3 1058.9 994.9 958.1 945.5 1046.0 1086.1 1166.0 1354.8 1043.2 1060.7 1024.3 1023.4 1077.5 1083.8 884.8 962.5 769.4 603.1 684.5 838.7 853.5 1050.3 1019.4 1044.8 1045.9 1051.7 1188.7 1215.3 1233.2 1192.8 1145.7 1153.6 -999.0 -999.0 -999.0 -999.0 -999.0 -999.0 -999.0 -999.0 -999.0 -999.0 -999.0 -999.0 -999.0 -999.0 -999.0 -999.0 -999.0 -999.0 -999.0 -999.0 -999.0
-999.0 -999.0 1412.6 1016.6 1150.6 1413.6 1101.2 924.5 836.5 1373.0 -999.0 -999.0 -999.0 1449.7 1406.8 1420.7 1378.9 1319.2 1248.6 1069.3 1008.8 1005.1 1085.0 1100.9 1104.1 1113.9 1173.5 1116.9 1069.4 943.0 1012.1 849.1 1098.5 964.8 1004.4 986.9 711.1 737.2 913.3 1000.6 1116.3 1144.1 1147.6 1151.2 1214.4 1224.4 1265.7 1193.5 1127.0 1162.2 1201.3 -999.0 -999.0 -999.0 -999.0 -999.0 -999.0 -999.0 -999.0 -999.0 -999.0 -999.0 -999.0 -999.0 -999.0 -999.0 -999.0 -999.0 -999.0 -999.0 -999.0
-999.0 -999.0 1273.2 1120.5 970.8 1412.9 1418.6 1045.4 969.2 1450.9 -999.0 -999.0 -999.0 -999.0 -999.0 1425.3 1417.6 1435.4 1396.0 1289.4 1198.4 1051.2 866.2 903.2 1021.3 1089.5 1169.5 1070.6 1046.4 1003.9 1070.1 899.6 1119.6 1009.1 943.0 1023.0 1190.8 1070.2 1144.7 1069.3 1198.7 1124.8 1173.3 1294.3 1314.0 1300.3 1269.3 1269.4 1094.3 1086.3 1148.1 1223.9 -999.0 -999.0 -999.0 -999.0 -999.0 -999.0 -999.0 -999.0 -999.0 -999.0 -999.0 -999.0 -999.0 -999.0 -999.0 -999.0 -999.0 -999.0 -999.0
-999.0 -999.0 1178.0 993.3 1094.1 -999.0 1422.5 1332.3 787.7 1290.1 -999.0 -999.0 -999.0 -999.0 -999.0 1417.0 1343.8 1239.8 1312.4 1134.1 941.9 955.6 828.5 807.7 880.5 1045.6 985.7 1043.1 1062.8 913.5 889.6 1170.9 558.8 925.2 726.2 954.8 821.4 878.9 1190.6 1055.5 1174.4 1229.5 1265.9 1252.1 1166.8 1127.6 1190.9 1140.2 1253.8 1106.1 987.0 1172.4 1176.1 1253.0 -999.0 -999.0 -999.0 -999.0 -999.0 -999.0 -999.0 -999.0 -999.0 -999.0 -999.0 -999.0 -999.0 -999.0 -999.0 -999.0 -999.0
-999.0 -999.0 1184.3 1164.9 1341.6 -999.0 -999.0 1094.8 855.3 990.3 -999.0 -999.0 -999.0 -999.0 -999.0 1418.3 1387.7 1259.7 1275.5 1194.8 1041.8 1121.2 1022.5 1008.4 884.0 975.8 970.6 1012.0 837.7 602.0 768.2 899.0 485.5 588.7 866.8 837.5 985.8 1133.2 1082.7 1059.0 1170.0 1142.4 1150.1 1257.7 1211.7 1207.7 1076.2 857.4 1006.0 1065.7 1033.2 1032.5 1181.3 1237.6 -999.0 -999.0 -999.0 -999.0 -999.0 -999.0 -999.0 -999.0 -999.0 -999.0 -999.0 -999.0 -999.0 -999.0 -999.0 -999.0 -999.0
-999.0 -999.0 1291.4 1245.1 -999.0 -999.0 -999.0 1394.8 1214.3 1146.3 -999.0 -999.0 -999.0 -999.0 -999.0 1409.7 1368.4 1289.6 1258.3 1218.3 1144.9 1048.8 810.0 733.0 904.0 861.4 1036.5 1026.1 974.4 745.0 997.3 657.6 729.6 841.3 761.9 736.0 1072.6 951.8 1113.1 1056.9 1085.0 1248.7 1154.9 1108.7 1113.8 1168.2 782.8 749.6 794.2 1061.8 1040.6 1038.2 1130.4 1174.9 -999.0 -999.0 -999.0 -999.0 -999.0 -999.0 -999.0 -999.0 -999.0 -999.0 -999.0 -999.0 -999.0 -999.0 -999.0 -999.0 -999.0
-999.0 1070.3 1135.6 927.9 1433.9 -999.0 -999.0 -999.0 -999.0 -999.0 -999.0 -999.0 -999.0 -999.0 1290.4 1317.5 1232.6 1231.7 1192.9 1110.7 1129.1 991.7 944.6 806.7 944.3 995.3 872.1 927.7 760.0 697.2 712.3 546.5 592.7 884.2 814.9 775.0 876.0 993.0 982.3 1155.2 1092.6 1049.7 1187.9 1072.2 1077.2 883.6 850.1 671.1 795.1 1094.4 1120.8 1179.7 1117.3 1159.6 -999.0 -999.0 -999.0 -999.0 -999.0 -999.0 -999.0 -999.0 -999.0 -999.0 -999.0 -999.0 -999.0 -999.0 -999.0 -999.0 -999.0
-999.0 989.7 1012.8 1136.2 1422.5 -999.0 -999.0 -999.0 -999.0 -999.0 -999.0 -999.0 -999.0 -999.0 1079.1 1335.8 1209.5 1067.8 963.4 983.8 1062.1 1057.3 1023.0 1162.3 1057.0 842.8 842.6 903.2 870.7 949.6 1046.7 579.7 894.7 852.3 880.7 864.7 925.5 1029.7 1174.8 998.6 1068.9 1071.4 1091.8 1037.5 900.0 815.1 890.3 807.6 842.8 1105.8 1230.3 1224.1 1071.1 1222.9 -999.0 -999.0 -999.0 -999.0 -999.0 -999.0 -999.0 -999.0 -999.0 -999.0 -999.0 -999.0 -999.0 -999.0 -999.0 -999.0 -999.0
