GDD/GrowingDegreeDays_1978_Actual.txt
ncols         180
nrows         290
xllcorner     -200000
yllcorner     -200000
cellsize      5000
NODATA_value    -999
[rows 160 to 191 of 290, columns 71 to 141 of 180]
-999.0 -999.0 -999.0 -999.0 -999.0 -999.0 -999.0 -999.0 -999.0 -999.0 -999.0 -999.0 -999.0 -999.0 -999.0 -999.0 -999.0 -999.0 -999.0 -999.0 -999.0 -999.0 -999.0 -999.0 -999.0 -999.0 -999.0 -999.0 -999.0 -999.0 -999.0 -999.0 -999.0 -999.0 -999.0 1672.0 1661.9 1650.3 1612.9 1370.3 1258.9 1031.5 1293.1 1176.3 1542.9 1429.5 1434.4 1313.5 1247.8 1313.7 1247.0 1562.7 1550.4 1541.4 1556.0 1590.9 1510.2 1578.3 1595.8 1567.6 1603.0 1652.3 1621.4 1582.1 1561.3 1545.6 1428.0 1485.0 1555.7 1590.5 1597.7
-999.0 -999.0 -999.0 -999.0 -999.0 -999.0 -999.0 -999.0 -999.0 -999.0 -999.0 -999.0 -999.0 -999.0 -999.0 -999.0 -999.0 -999.0 -999.0 -999.0 -999.0 -999.0 -999.0 -999.0 -999.0 -999.0 -999.0 -999.0 -999.0 -999.0 -999.0 -999.0 -999.0 -999.0 -999.0 1681.8 1667.7 1688.7 1718.7 1644.8 1360.6 1534.7 1500.1 1592.3 1469.0 1219.7 1350.6 1205.0 1253.5 1195.3 1541.8 1304.7 1502.6 1416.9 1468.8 1466.4 1545.4 1553.5 1586.0 1607.2 1619.4 1625.1 1583.9 1544.9 1552.8 1566.1 1549.9 1475.4 1539.7 1597.5 1608.7
-999.0 -999.0 -999.0 -999.0 -999.0 -999.0 -999.0 -999.0 -999.0 -999.0 -999.0 -999.0 -999.0 -999.0 -999.0 -999.0 -999.0 -999.0 -999.0 -999.0 -999.0 -999.0 -999.0 -999.0 -999.0 -999.0 -999.0 -999.0 -999.0 -999.0 -999.0 -999.0 -999.0 -999.0 -999.0 1691.0 1689.6 1656.4 1749.8 1696.1 1590.6 1542.4 1576.3 1627.0 1489.5 1383.1 1377.3 1212.1 1081.7 1322.8 1418.7 1607.6 1509.7 1684.9 1625.6 1564.6 1519.6 1558.6 1572.3 1621.8 1617.2 1607.6 1576.9 1546.5 1551.7 1566.9 1570.1 1508.4 1484.3 1601.1 1685.2
-999.0 -999.0 -999.0 -999.0 -999.0 -999.0 -999.0 -999.0 -999.0 -999.0 -999.0 -999.0 -999.0 -999.0 -999.0 -999.0 -999.0 -999.0 -999.0 -999.0 -999.0 -999.0 -999.0 -999.0 -999.0 -999.0 -999.0 -999.0 -999.0 -999.0 -999.0 -999.0 -999.0 -999.0 -999.0 1717.6 1669.1 1657.5 1700.1 1696.8 1661.3 1656.8 1563.6 1441.7 1580.0 1495.4 1388.6 1036.9 1037.7 1049.8 1240.5 1462.9 1559.2 1551.2 1670.4 1715.1 1607.1 1543.6 1608.5 1628.2 1620.3 1626.3 1602.5 1580.7 1585.1 1600.0 1615.8 1529.8 1506.2 1679.3 1773.1
-999.0 -999.0 -999.0 -999.0 -999.0 -999.0 -999.0 -999.0 -999.0 -999.0 -999.0 -999.0 -999.0 -999.0 -999.0 -999.0 -999.0 -999.0 -999.0 -999.0 -999.0 -999.0 -999.0 -999.0 -999.0 -999.0 -999.0 -999.0 -999.0 -999.0 -999.0 -999.0 -999.0 -999.0 -999.0 1704.1 1690.1 1699.5 1742.4 1733.8 1723.0 1613.4 1577.1 1460.0 1394.2 1222.7 1116.5 1035.6 1223.7 1153.8 1352.4 1437.7 1582.9 1456.8 1564.9 1683.4 1723.4 1707.5 1676.7 1666.4 1642.2 1633.1 1633.8 1620.2 1617.9 1635.1 1633.1 1646.2 1619.7 1717.7 1790.9
-999.0 -999.0 -999.0 -999.0 -999.0 -999.0 -999.0 -999.0 -999.0 -999.0 -999.0 -999.0 -999.0 -999.0 -999.0 -999.0 -999.0 -999.0 -999.0 -999.0 -999.0 -999.0 -999.0 -999.0 -999.0 -999.0 -999.0 -999.0 -999.0 -999.0 -999.0 -999.0 -999.0 -999.0 -999.0 -999.0 1655.2 1687.6 1726.7 1736.1 1637.1 1437.8 1390.0 1330.8 1381.0 1390.8 1217.9 1233.7 1142.3 1265.9 1511.1 1722.2 1671.6 1603.2 1572.9 1718.3 1712.6 1649.0 1667.8 1697.0 1646.6 1653.9 1657.4 1651.8 1643.5 1646.0 1641.1 1633.7 1673.0 1699.9 1738.0
-999.0 -999.0 -999.0 -999.0 -999.0 -999.0 -999.0 -999.0 -999.0 -999.0 -999.0 -999.0 -999.0 -999.0 -999.0 -999.0 -999.0 -999.0 -999.0 -999.0 -999.0 -999.0 -999.0 -999.0 -999.0 -999.0 -999.0 -999.0 -999.0 -999.0 -999.0 -999.0 -999.0 -999.0 -999.0 1709.2 1663.2 1695.7 1729.2 1714.3 1637.8 1312.6 1262.3 1378.6 1178.2 1210.5 1281.8 1291.9 1048.0 1245.5 1280.3 1522.1 1790.2 1565.0 1692.1 1768.0 1665.2 1650.2 1704.0 1667.6 1678.1 1677.4 1667.8 1660.3 1652.4 1648.0 1544.8 1612.2 1643.4 1552.5 1597.8
-999.0 -999.0 -999.0 -999.0 -999.0 -999.0 -999.0 -999.0 -999.0 -999.0 -999.0 -999.0 -999.0 -999.0 -999.0 -999.0 -999.0 -999.0 -999.0 -999.0 -999.0 -999.0 -999.0 -999.0 -999.0 -999.0 -999.0 -999.0 -999.0 -999.0 -999.0 -999.0 -999.0 -999.0 -999.0 1716.1 1711.1 1709.5 1723.9 1575.7 1631.9 1542.8 1295.0 1515.0 1483.4 1436.9 1511.9 1471.5 1214.6 1284.7 1318.3 1628.7 1524.7 1422.2 1637.3 1565.4 1622.7 1581.8 1626.8 1655.5 1700.7 1701.5 1683.9 1670.8 1650.2 1664.0 1647.0 1583.1 1635.5 1592.7 1540.4
-999.0 -999.0 -999.0 -999.0 -999.0 -999.0 -999.0 -999.0 -999.0 -999.0 -999.0 -999.0 -999.0 -999.0 -999.0 -999.0 -999.0 -999.0 -999.0 -999.0 -999.0 -999.0 -999.0 -999.0 -999.0 -999.0 -999.0 -999.0 -999.0 -999.0 -999.0 -999.0 -999.0 -999.0 1688.8 1719.8 1719.2 1629.3 1651.0 1644.8 1681.9 1601.8 1570.9 1613.0 1648.7 1662.1 1618.6 1505.5 1252.7 1073.3 1036.4 1361.3 1267.9 1342.5 1579.7 1581.3 1674.4 1642.4 1633.4 1685.3 1712.3 1708.2 1696.8 1678.5 1654.6 1675.4 1657.6 1633.6 1620.1 1602.6 1488.3
-999.0 -999.0 -999.0 -999.0 -999.0 -999.0 -999.0 -999.0 -999.0 -999.0 -999.0 -999.0 -999.0 -999.0 -999.0 -999.0 -999.0 -999.0 -999.0 -999.0 -999.0 -999.0 -999.0 -999.0 -999.0 -999.0 -999.0 -999.0 -999.0 -999.0 -999.0 -999.0 -999.0 -999.0 -999.0 1699.9 1751.9 1718.8 1698.7 1554.9 1726.4 1729.2 1731.2 1723.5 1723.3 1774.4 1739.5 1620.2 1507.0 1161.5 1015.2 962.9 1222.2 1253.1 1406.7 1550.3 1552.0 1721.4 1715.9 1641.4 1708.9 1710.4 1702.4 1681.2 1663.6 1674.1 1663.7 1627.8 1626.8 1622.7 1594.0
-999.0 -999.0 -999.0 -999.0 -999.0 -999.0 -999.0 -999.0 -999.0 -999.0 -999.0 -999.0 -999.0 -999.0 -999.0 -999.0 -999.0 -999.0 -999.0 -999.0 -999.0 -999.0 -999.0 -999.0 -999.0 -999.0 -999.0 -999.0 -999.0 -999.0 -999.0 -999.0 -999.0 -999.0 -999.0 1756.4 1770.2 1790.8 1778.3 1746.5 1742.9 1745.4 1786.3 1796.8 1866.5 1914.1 1858.9 1731.4 1521.4 1434.8 1044.1 901.6 939.6 1150.2 1345.1 1498.9 1627.5 1569.9 1654.0 1596.4 1693.2 1687.1 1693.3 1673.5 1669.5 1668.1 1637.0 1617.8 1624.6 1625.4 1573.2
-999.0 -999.0 -999.0 -999.0 -999.0 -999.0 -999.0 -999.0 -999.0 -999.0 -999.0 -999.0 -999.0 -999.0 -999.0 1706.6 1684.1 1659.5 1633.1 -999.0 -999.0 -999.0 -999.0 -999.0 -999.0 -999.0 -999.0 -999.0 -999.0 -999.0 -999.0 -999.0 -999.0 -999.0 1785.0 1840.5 1800.4 1815.6 1747.5 1745.9 1772.7 1774.6 1783.6 1820.2 1849.7 1894.0 1847.3 1742.1 1593.1 1284.6 1076.5 1057.4 1255.8 1111.6 1298.0 1657.0 1628.1 1691.5 1488.9 1528.0 1657.1 1648.8 1652.6 1658.7 1660.0 1661.6 1647.8 1610.5 1615.6 1643.8 1618.4
-999.0 -999.0 -999.0 -999.0 -999.0 -999.0 -999.0 -999.0 -999.0 -999.0 -999.0 -999.0 -999.0 -999.0 -999.0 1643.3 1572.6 1610.5 1698.6 -999.0 -999.0 -999.0 -999.0 -999.0 -999.0 -999.0 -999.0 -999.0 -999.0 -999.0 -999.0 -999.0 -999.0 1901.3 1740.9 1814.9 1828.8 1753.3 1811.3 1753.1 1780.9 1775.3 1775.4 1795.7 1793.0 1781.0 1795.7 1731.8 1620.1 1477.2 1072.2 1011.7 1269.3 1245.3 1414.0 1555.4 1800.0 1738.7 1580.5 1543.9 1625.7 1692.2 1704.2 1675.9 1647.6 1661.3 1654.7 1636.7 1598.5 1637.5 1614.2
-999.0 -999.0 -999.0 -999.0 -999.0 -999.0 -999.0 -999.0 -999.0 -999.0 -999.0 -999.0 -999.0 1679.6 1793.8 1737.1 1584.5 1605.7 1626.1 1766.7 1822.2 1845.8 -999.0 -999.0 1739.1 1810.8 -999.0 -999.0 -999.0 1827.3 1724.9 1716.4 -999.0 1880.9 1702.0 1789.4 1858.8 1823.3 1814.7 1715.8 1717.1 1702.8 1733.5 1680.3 1750.9 1700.3 1709.0 1679.1 1327.9 1554.1 1423.3 1176.9 1482.2 1417.7 1183.7 1665.2 1567.9 1690.9 1597.9 1577.8 1633.9 1678.9 1721.8 1668.5 1669.1 1693.2 1660.2 1668.1 1610.9 1653.4 1637.8
-999.0 -999.0 -999.0 -999.0 -999.0 -999.0 -999.0 -999.0 -999.0 -999.0 -999.0 -999.0 -999.0 -999.0 1814.8 1778.4 1697.4 1674.5 1685.8 1689.3 1623.2 1855.6 -999.0 1853.2 1728.8 1547.1 1654.7 1601.0 1835.2 1830.7 1466.6 1484.4 1585.2 -999.0 1773.5 1721.3 1766.6 1809.1 1795.3 1675.6 1764.2 1847.3 1823.6 1706.0 1661.2 1668.2 1596.5 1588.3 1290.2 1217.6 1253.6 1234.4 1277.7 1174.2 1249.2 1468.0 1647.3 1687.3 1519.7 1519.5 1629.2 1615.3 1700.1 1661.4 1661.3 1690.1 1661.8 1683.5 1631.9 1659.6 1654.6
-999.0 -999.0 -999.0 -999.0 -999.0 -999.0 -999.0 -999.0 -999.0 -999.0 -999.0 -999.0 -999.0 -999.0 -999.0 1823.1 1736.5 1671.2 1739.7 1749.2 1767.8 1849.7 1436.1 941.9 1640.0 1333.1 1335.8 1434.4 1604.3 1758.9 1718.2 1544.6 1395.4 1585.2 1774.5 1795.8 1758.3 1774.6 1713.2 1538.1 1648.0 1835.9 1855.7 1745.7 1674.8 1656.8 1583.0 1517.8 1147.4 1055.0 1202.4 1223.5 1348.9 1388.5 1349.0 1428.9 1610.5 1637.8 1541.6 1574.7 1605.0 1567.2 1654.0 1606.7 1672.1 1676.3 1675.7 1646.0 1538.2 1674.9 1673.1
-999.0 -999.0 -999.0 -999.0 -999.0 -999.0 -999.0 -999.0 -999.0 -999.0 -999.0 -999.0 -999.0 -999.0 -999.0 -999.0 1727.7 1791.0 1792.3 1789.0 1672.8 1485.6 697.9 1126.8 1753.9 1260.0 1528.8 1284.2 1353.8 1605.6 1726.7 1276.8 1471.7 1465.6 1632.7 1795.9 1769.4 1733.6 1731.1 1611.0 1616.7 1725.2 1757.5 1743.0 1669.7 1633.7 1588.8 1390.0 1276.1 998.8 1166.2 1154.1 1196.6 1476.0 1377.1 1324.0 1460.5 1528.9 1535.6 1603.3 1566.7 1563.8 1627.3 1591.4 1669.2 1685.0 1663.9 1671.3 1658.4 1662.3 1680.1
-999.0 -999.0 -999.0 -999.0 -999.0 -999.0 -999.0 -999.0 -999.0 -999.0 -999.0 -999.0 -999.0 -999.0 -999.0 -999.0 -999.0 1836.5 1809.0 1610.4 1387.2 747.3 679.6 1103.1 1387.5 1403.7 1297.1 1179.9 1189.7 1215.8 1497.1 1621.5 1214.0 1441.0 1595.2 1655.6 1751.7 1755.3 1719.3 1677.3 1653.0 1694.4 1728.2 1696.5 1642.5 1603.4 1535.2 1380.0 1194.9 1094.4 1242.6 1264.4 1177.0 1328.4 1576.8 1373.6 1550.0 1504.9 1507.6 1621.5 1628.9 1603.9 1593.5 1588.3 1666.2 1691.2 1678.3 1704.7 1620.7 1660.8 1683.0
-999.0 -999.0 -999.0 -999.0 -999.0 -999.0 -999.0 -999.0 -999.0 -999.0 -999.0 -999.0 -999.0 -999.0 -999.0 -999.0 -999.0 1854.8 1724.0 1348.4 1194.9 1068.1 846.6 1337.4 1607.2 1410.6 1150.0 1065.0 1022.6 1208.5 1450.8 1651.1 1179.6 1272.8 1530.9 1630.4 1773.4 1766.5 1710.8 1622.0 1633.4 1654.3 1664.2 1672.4 1642.2 1578.9 1402.9 1311.6 1389.9 1063.6 1231.0 1208.5 1140.3 1198.4 1391.4 1506.0 1544.5 1597.8 1503.9 1504.3 1597.0 1595.4 1639.4 1638.5 1690.9 1684.0 1688.1 1691.1 1658.1 1631.7 1670.8
-999.0 -999.0 -999.0 -999.0 -999.0 -999.0 -999.0 -999.0 -999.0 -999.0 -999.0 -999.0 -999.0 -999.0 -999.0 -999.0 -999.0 1855.6 1666.7 1432.8 1447.8 1065.6 1187.8 1457.6 1378.0 1495.2 1306.7 1031.2 1140.3 1031.8 1232.7 1503.3 1212.3 1205.1 1339.6 1666.7 1738.0 1774.0 1680.3 1579.8 1590.2 1635.9 1649.0 1652.0 1613.0 1477.9 1406.3 1412.6 1389.0 1227.3 1254.5 1269.8 1289.5 1377.9 1400.1 1360.5 1589.7 1506.5 1501.5 1563.1 1557.3 1612.1 1574.4 1685.8 1697.3 1685.3 1697.6 1690.5 1575.7 1660.9 1683.4
-999.0 -999.0 -999.0 -999.0 -999.0 -999.0 -999.0 -999.0 -999.0 -999.0 -999.0 -999.0 -999.0 -999.0 -999.0 -999.0 1834.9 1080.7 1541.5 1403.3 1244.6 1548.8 831.2 1008.0 1093.3 1212.4 1015.2 1185.9 1130.6 1235.6 1352.6 1253.5 1052.1 1232.0 1357.8 1666.1 1759.2 1789.9 1638.7 1615.1 1643.1 1638.9 1660.9 1624.7 1509.2 1513.4 1506.8 1347.0 1253.7 1463.9 1162.2 1221.8 1434.8 1403.2 1466.7 1522.8 1529.0 1554.7 1547.0 1635.8 1575.2 1641.8 1694.0 1605.5 1701.4 1691.3 1678.1 1672.4 1583.7 1662.6 1689.5
-999.0 -999.0 -999.0 -999.0 -999.0 -999.0 -999.0 -999.0 -999.0 -999.0 -999.0 -999.0 -999.0 -999.0 1824.1 1771.4 1429.3 1503.3 1655.5 1641.4 1458.0 1660.4 1437.4 1294.5 1050.2 1065.9 957.9 1066.9 1018.7 1373.8 1223.8 1273.7 1515.1 1514.8 1619.2 1625.0 1712.3 1742.0 1637.6 1614.7 1613.2 1642.6 1607.9 1481.0 1529.9 1482.6 1541.1 1389.9 1325.5 1365.2 1435.2 1505.1 1399.0 1452.5 1501.8 1517.2 1540.5 1541.6 1604.3 1652.8 1705.3 1744.4 1724.2 1690.7 1685.8 1658.5 1681.5 1665.7 1584.7 1651.5 1692.9
-999.0 -999.0 -999.0 -999.0 -999.0 -999.0 -999.0 -999.0 -999.0 -999.0 -999.0 -999.0 -999.0 1785.9 1721.5 1708.4 1705.3 1765.0 1826.0 1795.7 1812.3 1775.6 1501.4 1337.7 1199.5 747.1 1184.3 1294.6 1255.6 1453.3 1052.7 1021.3 1125.2 1431.1 1608.1 1617.5 1646.4 1667.4 1628.6 1577.6 1610.5 1604.0 1572.1 1495.1 1447.0 1534.3 1522.5 1394.7 1404.5 1438.3 1465.2 1470.9 1467.1 1562.6 1543.2 1589.9 1713.9 1610.1 1646.8 1727.6 1803.5 1770.3 1686.9 1691.3 1675.0 1654.5 1643.8 1640.5 1536.6 1598.3 1664.4
-999.0 -999.0 -999.0 -999.0 -999.0 -999.0 -999.0 -999.0 -999.0 -999.0 -999.0 -999.0 1805.0 1619.2 1646.1 1680.3 -999.0 -999.0 -999.0 -999.0 1830.0 1266.5 1254.7 1242.4 1107.7 1208.2 1274.0 1022.8 1075.9 1222.8 692.4 859.3 1085.4 1197.4 1504.1 1698.4 1658.4 1632.5 1646.0 1625.5 1627.3 1623.5 1558.7 1577.3 1445.2 1500.3 1498.6 1475.8 1460.6 1464.8 1493.6 1574.6 1577.8 1598.0 1627.9 1665.3 1726.1 1720.1 1693.2 1708.6 1726.8 1716.5 1693.3 1675.8 1618.6 1584.3 1580.1 1594.9 1547.8 1581.8 1605.9
-999.0 -999.0 -999.0 -999.0 -999.0 -999.0 -999.0 -999.0 -999.0 -999.0 -999.0 -999.0 1752.9 1491.7 1771.6 1826.6 -999.0 -999.0 -999.0 -999.0 1888.0 1440.6 1149.4 1456.5 1088.2 1106.0 1127.9 929.6 874.4 1109.8 866.6 1325.5 1310.1 1445.6 1592.3 1715.8 1699.7 1645.4 1637.0 1609.0 1568.2 1632.8 1560.4 1567.0 1536.0 1464.1 1534.7 1512.8 1572.7 1519.4 1473.5 1467.6 1486.4 1603.1 1648.1 1671.0 1685.1 1627.3 1624.7 1610.2 1629.5 1641.6 1563.6 1600.8 1468.5 1481.1 1485.2 1567.1 1550.9 1581.9 1605.3
-999.0 -999.0 -999.0 -999.0 -999.0 -999.0 -999.0 -999.0 -999.0 -999.0 -999.0 -999.0 -999.0 -999.0 -999.0 -999.0 -999.0 -999.0 -999.0 -999.0 1888.6 1360.9 1323.3 1460.8 1240.9 1370.7 917.5 964.5 1291.3 1097.2 1152.7 1303.9 1325.3 1558.6 1670.8 1744.8 1638.0 1637.2 1623.8 1646.9 1676.2 1648.6 1632.1 1624.7 1580.4 1522.3 1558.0 1572.2 1568.4 1545.5 1579.5 1541.7 1525.9 1657.3 1549.2 1485.7 1575.5 1565.0 1566.5 1620.0 1586.9 1516.6 1415.9 1446.1 1514.3 1511.5 1485.7 1546.2 1539.2 1583.0 1591.8
-999.0 -999.0 -999.0 -999.0 -999.0 -999.0 -999.0 -999.0 -999.0 -999.0 -999.0 -999.0 -999.0 -999.0 -999.0 -999.0 -999.0 -999.0 -999.0 -999.0 -999.0 1363.0 1848.3 1693.1 1361.2 1016.6 1088.0 979.5 1014.1 1321.7 1302.2 1280.5 1584.0 1642.8 1728.1 1726.3 1691.8 1649.6 1661.2 1670.9 1682.9 1677.7 1667.4 1637.2 1617.5 1540.4 1527.0 1557.4 1434.3 1520.2 1626.5 1638.5 1630.1 1617.1 1619.2 1516.3 1495.0 1544.4 1469.0 1600.3 1615.7 1506.8 1512.7 1489.7 1517.2 1574.6 1517.5 1546.5 1580.8 1628.5 1602.8
-999.0 -999.0 -999.0 -999.0 -999.0 -999.0 -999.0 -999.0 -999.0 -999.0 -999.0 -999.0 -999.0 -999.0 -999.0 -999.0 -999.0 -999.0 -999.0 -999.0 -999.0 1653.1 1199.0 1103.5 1231.3 1261.6 1326.7 1166.4 1325.5 1318.1 1508.0 1669.8 1510.9 1687.3 1721.7 1567.8 1602.7 1632.7 1672.0 1710.9 1714.7 1628.7 1636.8 1546.5 1544.7 1530.0 1508.8 1517.7 1432.3 1438.2 1567.1 1631.6 1657.8 1635.9 1617.2 1581.0 1535.6 1492.7 1370.2 1510.5 1644.1 1587.3 1513.9 1438.5 1414.8 1474.5 1569.4 1559.7 1614.2 1654.1 1684.9
-999.0 -999.0 -999.0 -999.0 -999.0 -999.0 -999.0 -999.0 -999.0 -999.0 -999.0 -999.0 -999.0 -999.0 -999.0 -999.0 -999.0 -999.0 -999.0 -999.0 1708.8 1532.5 1617.2 993.4 1353.0 1427.7 1235.3 1273.8 1393.5 1204.0 1562.3 1712.6 1494.8 1748.0 1262.1 1474.5 1615.1 1628.9 1555.6 1663.8 1665.7 1422.7 1445.6 1512.8 1605.4 1552.1 1550.1 1561.5 1557.4 1568.8 1613.3 1648.4 1647.4 1646.2 1628.6 1568.8 1571.4 1484.3 1524.0 1610.7 1633.6 1568.8 1493.3 1419.0 1397.1 1456.1 1587.0 1607.2 1659.1 1708.8 1736.6
-999.0 -999.0 -999.0 -999.0 -999.0 -999.0 -999.0 -999.0 -999.0 -999.0 -999.0 -999.0 -999.0 -999.0 -999.0 -999.0 -999.0 -999.0 -999.0 -999.0 1910.0 1655.8 1087.6 1477.8 1773.1 1528.5 1465.7 1308.9 1171.0 1230.2 1540.2 1662.7 1615.5 1681.9 1578.1 1523.2 1454.1 1449.1 1610.4 1591.2 1585.3 1545.3 1500.6 1599.7 1615.2 1563.9 1591.4 1581.0 1601.8 1669.1 1663.4 1657.4 1654.8 1645.3 1647.6 1620.4 1607.9 1541.3 1532.6 1595.1 1599.7 1518.9 1425.1 1361.9 1452.5 1457.7 1507.6 1590.1 1700.1 1675.7 1759.6
-999.0 -999.0 -999.0 -999.0 -999.0 -999.0 -999.0 -999.0 -999.0 -999.0 -999.0 -999.0 -999.0 -999.0 -999.0 -999.0 -999.0 -999.0 -999.0 -999.0 1976.2 1532.8 1826.4 1563.8 1578.0 1434.1 1412.4 1060.2 1227.6 1152.3 1410.7 1541.1 1672.6 1672.6 1580.6 1361.6 1257.2 1164.3 1521.1 1399.6 1503.0 1499.5 1531.1 1665.6 1630.7 1608.8 1631.2 1632.3 1699.2 1718.1 1623.0 1633.3 1673.4 1649.2 1559.3 1659.2 1628.5 1591.0 1597.0 1630.5 1603.2 1514.5 1470.6 1466.4 1498.6 1522.1 1610.0 1643.9 1641.9 1673.3 1748.1
-999.0 -999.0 -999.0 -999.0 -999.0 -999.0 -999.0 -999.0 -999.0 -999.0 -999.0 -999.0 -999.0 -999.0 -999.0 -999.0 -999.0 -999.0 -999.0 -999.0 -999.0 1767.7 1470.5 1263.4 1069.0 972.0 1176.1 1193.2 1362.1 1590.8 1606.3 1650.4 1586.7 1571.3 1617.7 1489.2 1477.1 1232.7 1398.9 1485.7 1519.1 1439.5 1493.4 1677.4 1596.4 1668.6 1705.4 1577.3 1738.0 1748.9 1744.7 1690.9 1704.6 1678.9 1551.9 1603.1 1654.6 1601.8 1614.0 1623.9 1578.1 1502.1 1528.9 1554.7 1613.0 1582.6 1662.4 1589.5 1614.0 1710.2 1740.2
