GDD/GrowingDegreeDays_1991_Actual.txt
ncols         180
nrows         290
xllcorner     -200000
yllcorner     -200000
cellsize      5000
NODATA_value    -999
[rows 192 to 223 of 290, columns 71 to 141 of 180]
-999.0 -999.0 -999.0 -999.0 -999.0 -999.0 -999.0 -999.0 -999.0 -999.0 -999.0 -999.0 -999.0 -999.0 -999.0 -999.0 -999.0 -999.0 -999.0 -999.0 -999.0 1678.5 1340.6 1159.8 1057.4 898.3 1015.0 1257.1 1474.9 1626.9 1515.4 1331.6 1206.1 1137.0 1400.4 1584.0 1543.1 1437.1 1451.5 1605.8 1371.3 1473.5 1500.9 1639.6 1592.8 1714.5 1785.9 1762.3 1678.8 1717.0 1781.5 1791.5 1786.6 1767.7 1688.6 1734.5 1761.6 1727.5 1665.5 1637.4 1622.8 1589.4 1654.0 1694.0 1615.3 1649.2 1679.2 1719.0 1716.9 1803.3 1799.0
-999.0 -999.0 -999.0 -999.0 -999.0 -999.0 -999.0 -999.0 -999.0 -999.0 -999.0 -999.0 -999.0 -999.0 -999.0 -999.0 -999.0 -999.0 -999.0 -999.0 1755.3 1743.3 1421.9 1158.0 1088.1 1158.4 1193.0 1329.7 1233.5 923.3 1171.3 1192.8 1229.2 1460.7 1571.8 1495.0 1469.7 1590.5 1600.8 1539.4 1391.7 1424.4 1488.9 1644.1 1591.6 1761.2 1779.5 1689.1 1783.5 1683.1 1691.5 1737.9 1736.3 1758.8 1713.7 1797.2 1811.0 1733.4 1710.4 1713.9 1636.9 1660.9 1580.7 1648.3 1615.6 1703.6 1704.8 1718.5 1791.4 1819.1 1759.3
-999.0 -999.0 -999.0 -999.0 -999.0 -999.0 -999.0 -999.0 -999.0 -999.0 -999.0 -999.0 -999.0 -999.0 -999.0 -999.0 -999.0 -999.0 -999.0 -999.0 1496.4 1507.5 1484.2 1418.7 1258.5 961.2 1007.0 1098.1 1202.8 1167.5 1097.4 1065.1 1085.7 1433.3 1321.6 1246.2 1591.3 1410.8 1720.3 1647.8 1434.3 1293.8 1593.8 1594.2 1747.3 1811.8 1783.6 1744.7 1517.9 1622.0 1636.0 1672.1 1692.5 1711.3 1709.7 1796.8 1784.5 1760.5 1733.1 1755.0 1737.2 1625.2 1587.7 1615.5 1593.1 1692.9 1762.2 1789.3 1832.6 1805.5 1762.1
-999.0 -999.0 -999.0 -999.0 -999.0 -999.0 -999.0 -999.0 -999.0 -999.0 -999.0 -999.0 -999.0 -999.0 -999.0 -999.0 -999.0 -999.0 -999.0 -999.0 1567.0 1529.3 1712.2 1504.8 1270.4 949.0 1093.1 1065.9 1253.2 1131.1 1197.2 1339.3 1280.3 1270.8 1339.1 1481.7 1625.4 1616.9 1408.6 1713.5 1640.2 1588.3 1616.5 1550.0 1712.6 1851.7 1815.1 1727.7 1685.4 1701.0 1633.0 1656.4 1677.4 1679.3 1759.3 1778.8 1713.1 1732.5 1705.7 1762.4 1703.2 1603.5 1601.4 1694.2 1711.7 1669.9 1767.4 1765.4 1866.0 1791.3 1778.6
-999.0 -999.0 -999.0 -999.0 -999.0 -999.0 -999.0 -999.0 -999.0 -999.0 -999.0 -999.0 -999.0 -999.0 -999.0 -999.0 -999.0 -999.0 -999.0 1652.0 1470.5 1232.4 1349.6 1455.1 1182.7 1113.6 1002.7 1013.5 1435.2 1420.2 1462.1 1339.0 1234.1 1406.0 1383.7 1298.3 1499.3 1611.6 1655.3 1728.3 1742.8 1704.1 1650.8 1712.9 1781.0 1830.3 1852.1 1829.7 1760.6 1719.6 1764.2 1710.9 1724.9 1684.3 1753.6 1748.3 1739.8 1772.5 1777.0 1759.3 1650.9 1662.6 1671.4 1768.5 1734.7 1728.4 1756.5 1838.8 1790.8 1781.5 1775.4
-999.0 -999.0 -999.0 -999.0 -999.0 -999.0 -999.0 -999.0 -999.0 -999.0 -999.0 -999.0 -999.0 -999.0 -999.0 -999.0 -999.0 -999.0 1529.4 1474.2 1363.4 1457.9 1513.5 1209.3 992.7 978.2 1168.7 1110.7 1444.9 1342.5 1444.4 1481.5 1016.4 1368.3 1314.7 1559.5 1583.0 1702.6 1707.2 1673.1 1569.5 1675.7 1555.0 1756.4 1769.7 1920.6 1922.0 1859.9 1822.0 1802.7 1805.8 1757.5 1715.4 1713.0 1827.0 1772.3 1756.5 1727.5 1719.1 1703.4 1647.7 1710.1 1671.9 1765.0 1773.6 1835.1 1832.9 1738.8 1709.6 1746.9 1744.8
-999.0 -999.0 -999.0 -999.0 -999.0 -999.0 -999.0 -999.0 -999.0 -999.0 -999.0 -999.0 -999.0 -999.0 -999.0 -999.0 1501.1 1524.4 1562.8 1683.4 1647.2 1523.4 1445.9 1142.5 1041.5 958.9 933.0 1128.4 1311.2 1593.6 1379.9 1444.2 1142.4 1392.9 1523.3 1582.0 1696.4 1701.0 1758.4 1663.8 1523.1 1601.7 1635.2 1879.0 1901.8 1933.2 1919.6 1818.9 1816.4 1798.6 1840.6 1763.7 1717.2 1799.0 1827.9 1806.4 1687.9 1683.8 1623.8 1581.9 1627.5 1674.9 1739.2 1792.2 1753.2 1724.9 1755.4 1724.5 1795.6 1745.9 1747.4
-999.0 -999.0 -999.0 -999.0 -999.0 -999.0 -999.0 -999.0 -999.0 -999.0 -999.0 -999.0 1803.2 1823.0 1819.3 1413.2 1310.7 1234.0 1255.8 1485.3 1501.5 1523.8 1125.3 1228.0 1078.0 1070.4 1118.7 1386.8 1499.8 1634.2 1487.1 1532.8 1070.9 1233.4 1440.3 1653.2 1643.6 1695.2 1535.6 1748.7 1591.1 1590.3 1694.2 1850.3 1978.3 1992.2 1852.8 1858.4 1856.2 1756.0 1828.3 1783.1 1787.0 1792.6 1763.7 1706.7 1747.9 1659.4 1683.9 1646.5 1577.6 1599.1 1636.6 1689.6 1681.4 1700.8 1747.6 1787.3 1735.1 1830.6 1833.8
-999.0 -999.0 -999.0 -999.0 -999.0 -999.0 -999.0 -999.0 -999.0 -999.0 -999.0 1600.6 1724.4 1600.5 1604.8 1589.1 1362.2 1392.9 1349.8 1526.1 1622.1 1306.5 1241.2 1200.2 1505.8 1034.3 1248.4 1450.9 1119.9 1382.0 1660.4 1148.1 1337.2 1441.2 1785.1 1790.9 1740.4 1487.0 1745.0 1761.4 1729.4 1725.0 1672.6 1832.5 1920.3 2041.6 1922.6 1892.0 1864.9 1791.8 1805.7 1810.7 1814.8 1810.7 1723.1 1719.4 1564.7 1700.4 1716.3 1673.9 1609.9 1665.9 1682.9 1739.0 1756.1 1718.3 1754.3 1724.7 1795.3 1839.9 1827.6
-999.0 -999.0 -999.0 -999.0 -999.0 -999.0 -999.0 -999.0 -999.0 -999.0 1556.4 1568.6 1765.5 1746.1 1707.7 1587.0 1617.0 1508.9 1543.4 1502.7 1145.1 1362.5 1502.3 1195.4 1655.1 1306.9 1230.1 1009.9 1145.1 1166.7 1389.5 1438.3 1540.9 1791.3 1416.4 1464.0 1771.3 1739.0 1812.5 1850.6 1763.3 1795.7 1840.2 1808.2 1839.8 2026.8 1964.6 1923.6 1858.5 1863.6 1863.3 1843.4 1696.2 1853.7 1791.0 1706.7 1631.6 1668.3 1705.7 1659.2 1609.3 1628.8 1610.7 1680.7 1763.4 1779.3 1798.5 1727.4 1759.5 1815.0 1740.4
-999.0 -999.0 -999.0 -999.0 -999.0 -999.0 1776.1 1520.8 1659.7 1484.9 1668.6 1663.1 1599.2 1666.4 1683.6 1484.0 1561.8 1501.1 1490.4 1278.7 1305.5 1464.8 1412.2 1414.9 1504.6 1431.1 1121.5 1098.7 1284.6 1367.4 1263.0 1475.5 1753.1 1358.7 1284.2 1524.2 1515.2 1729.7 1754.0 1865.8 1835.4 1623.3 1836.7 1711.3 1910.3 1981.8 1952.3 1907.1 1706.1 1838.9 1802.2 1517.0 1802.6 1826.8 1778.4 1687.5 1601.3 1699.9 1688.9 1668.9 1690.5 1654.4 1661.4 1715.0 1769.1 1743.9 1780.2 1755.2 1733.1 1727.3 1718.4
-999.0 -999.0 -999.0 -999.0 -999.0 1733.1 1596.4 1622.7 1595.7 1362.1 1117.1 1241.2 1300.5 1542.1 1437.0 1294.5 1386.5 1414.0 1238.4 1409.0 1480.1 1296.8 1531.9 1674.0 1534.9 1444.2 1196.8 1235.2 1309.3 1403.5 1442.8 1536.1 1451.9 863.0 1174.8 1491.0 1689.8 1646.0 1756.0 1646.1 1815.0 1758.5 1858.1 1885.8 1910.6 1911.1 1931.5 1925.4 1826.0 1782.1 1511.8 1511.9 1611.3 1728.6 1753.2 1518.5 1636.1 1695.6 1679.8 1720.9 1660.9 1662.7 1675.8 1744.4 1679.0 1711.5 1767.1 1642.8 1671.6 1758.0 1743.6
-999.0 -999.0 -999.0 1773.6 1661.2 1650.6 1575.0 1654.1 1578.1 1449.7 1430.5 1511.5 1622.7 1432.7 1539.9 1373.2 1630.4 1522.6 1311.6 1401.7 1575.5 1477.2 1722.3 1692.2 1351.3 1238.9 1306.6 1453.2 1316.7 1588.2 1661.3 1642.6 1278.6 1111.7 1125.6 1682.7 1612.1 1623.3 1632.2 1730.2 1886.4 1766.0 1821.2 1849.0 1913.6 1886.2 1949.3 1938.7 1798.0 1742.4 1513.1 1559.0 1624.9 1721.6 1657.4 1529.4 1585.4 1633.7 1689.2 1682.8 1687.8 1691.4 1691.3 1697.2 1685.3 1677.4 1711.4 1723.0 1729.1 1762.2 1691.4
-999.0 -999.0 -999.0 1792.4 -999.0 1792.9 1753.3 1613.8 1681.1 1595.6 1616.0 1563.4 1631.1 1608.7 1501.7 1642.7 1551.5 1687.5 1722.5 1727.9 1728.0 1723.0 1464.5 1523.2 1197.8 751.1 1305.0 1288.0 1309.0 1048.8 1098.7 1736.6 1787.5 1017.3 1375.8 1565.2 1515.6 1432.1 1651.0 1845.4 1938.1 1741.4 1716.8 1843.6 1924.9 1946.8 1908.5 1934.2 1794.8 1537.4 1489.7 1617.8 1671.5 1694.0 1715.9 1707.0 1629.1 1701.0 1735.1 1761.6 1769.5 1731.6 1665.8 1612.6 1685.5 1740.7 1729.7 1775.6 1760.8 1698.0 1719.6
-999.0 -999.0 -999.0 -999.0 -999.0 -999.0 1635.7 1737.6 1742.4 1651.7 1728.7 1687.3 1703.6 1671.4 1751.4 1773.0 1667.1 1710.6 1582.4 1712.2 1468.3 1698.3 1401.6 1214.3 1174.2 1028.9 953.1 1137.8 1018.3 939.8 1379.8 1276.7 1468.4 1948.2 1455.6 1471.7 1765.3 1708.0 1864.6 1688.4 1741.5 1526.3 1624.6 1853.2 1891.3 1938.3 1983.4 1814.8 1542.1 1635.2 1482.5 1623.3 1659.5 1604.5 1716.4 1611.6 1747.6 1750.4 1811.3 1836.8 1819.6 1749.2 1696.2 1714.0 1779.0 1801.4 1808.4 1758.1 1673.4 1622.2 1689.1
-999.0 -999.0 -999.0 -999.0 -999.0 1768.8 1730.7 1718.8 1746.7 1774.2 1621.5 1544.4 1470.3 1606.2 1720.9 1745.7 1785.4 1717.0 1458.1 1750.7 1604.1 1855.5 1661.8 1559.5 1572.9 1614.9 1329.1 1375.5 1164.8 1154.3 1040.9 1234.0 1268.9 1462.0 1140.2 1652.5 1767.8 1800.0 1682.3 1729.3 1545.0 1632.6 1624.6 1880.1 1878.4 1863.4 1568.3 1510.0 1534.9 1498.2 1655.9 1619.0 1615.2 1650.9 1723.6 1733.2 1755.1 1819.9 1876.1 1893.5 1870.1 1765.6 1734.3 1711.5 1770.8 1824.0 1808.9 1721.7 1571.1 1721.8 1683.6
-999.0 -999.0 -999.0 -999.0 1868.7 1844.1 1773.0 1762.2 1802.8 1815.6 1800.2 1703.6 1774.5 1772.9 1848.8 1827.3 1788.5 1772.0 1756.9 1524.9 1836.6 1462.3 1543.8 1497.3 1354.1 1447.0 1594.4 1560.6 1373.9 1456.0 1315.2 1351.3 1528.4 1237.8 1288.3 1795.8 1666.4 1876.7 1832.6 1671.6 1620.4 1728.1 1762.5 1846.6 1860.5 1631.5 1704.0 1567.5 1594.2 1656.5 1631.9 1664.3 1708.9 1709.1 1780.6 1813.1 1827.1 1871.9 1784.4 1932.9 1835.3 1847.7 1820.3 1820.4 1812.5 1800.6 1725.3 1611.2 1649.1 1687.2 1705.8
-999.0 -999.0 -999.0 -999.0 -999.0 -999.0 1887.5 1861.4 1869.2 1811.4 1761.7 1694.9 -999.0 -999.0 -999.0 -999.0 1851.2 1805.4 1688.1 1895.9 1992.3 1838.3 1784.3 1738.8 1683.6 1919.3 1116.7 1086.1 1482.3 1588.6 1588.3 1433.3 1389.2 1319.6 1621.5 1762.8 1799.4 1912.4 1578.3 1745.7 1638.3 1881.1 1850.9 1841.4 1850.4 1576.5 1736.3 1617.5 1649.5 1729.4 1720.2 1739.9 1762.1 1801.8 1827.0 1841.1 1837.6 1867.7 1801.5 1910.0 1857.6 1815.6 1830.9 1800.7 1771.3 1651.4 1686.2 1666.2 1662.0 1693.9 1819.2
-999.0 -999.0 -999.0 -999.0 -999.0 -999.0 1897.8 1813.1 1739.9 1886.2 1713.7 1800.6 -999.0 -999.0 -999.0 -999.0 -999.0 -999.0 -999.0 2031.0 2043.0 1981.3 2063.3 1926.8 1714.2 1408.6 1255.2 1078.7 1156.8 1337.3 1490.6 1486.9 1644.9 1487.2 1511.5 1839.3 1929.3 1610.3 1635.1 1624.9 1925.8 1929.5 1861.3 1868.3 1713.2 1626.6 1654.7 1661.7 1725.5 1760.3 1779.8 1795.4 1801.1 1801.3 1817.8 1759.7 1823.7 1860.2 1897.5 1914.8 1867.6 1844.0 1795.9 1678.4 1669.7 1746.9 1652.6 1682.4 1745.6 1790.2 1843.3
-999.0 -999.0 -999.0 -999.0 -999.0 -999.0 -999.0 -999.0 1883.4 -999.0 -999.0 -999.0 -999.0 -999.0 -999.0 -999.0 -999.0 1827.4 1855.6 1882.8 1844.4 2012.6 2074.4 2052.2 1881.5 1646.6 1362.1 1252.9 1320.2 1673.0 1702.7 1379.6 1558.9 1648.9 1839.2 1953.8 2029.8 1801.4 1826.1 1835.9 1942.8 1925.7 1841.3 1871.2 1579.2 1530.9 1647.3 1679.0 1755.4 1772.7 1784.5 1815.4 1767.5 1801.0 1777.9 1838.1 1853.8 1877.1 1887.7 1888.8 1811.9 1869.6 1713.9 1596.2 1714.2 1683.3 1852.4 1765.4 1810.2 1871.0 1829.5
-999.0 -999.0 -999.0 -999.0 -999.0 -999.0 -999.0 -999.0 -999.0 -999.0 -999.0 -999.0 -999.0 -999.0 -999.0 -999.0 -999.0 1812.9 1810.2 1975.0 1909.4 1876.7 -999.0 -999.0 2106.4 1612.3 1815.3 1633.5 1680.3 1675.4 1623.1 1533.9 1849.5 1908.7 1891.5 1960.8 1979.8 1971.1 1960.7 1950.6 1931.2 1806.9 1838.2 1778.3 1573.3 1650.8 1697.2 1751.7 1767.3 1730.2 1757.2 1804.1 1794.0 1824.8 1797.7 1745.7 1727.8 1787.7 1754.9 1851.1 1846.2 1759.2 1581.2 1748.0 1753.0 1817.0 1951.3 1830.0 1871.5 1934.0 1995.9
-999.0 -999.0 -999.0 -999.0 -999.0 -999.0 -999.0 -999.0 -999.0 -999.0 -999.0 -999.0 -999.0 -999.0 -999.0 -999.0 -999.0 -999.0 -999.0 -999.0 -999.0 -999.0 -999.0 -999.0 2038.0 1927.1 1719.9 1732.7 1873.0 1892.5 1880.3 1836.7 1927.4 1973.5 1942.7 1927.3 1941.3 1953.6 -999.0 1986.5 1944.5 1864.1 1860.3 1773.0 1609.0 1684.9 1698.6 1762.6 1839.6 1829.8 1745.3 1813.3 1792.4 1679.6 1641.0 1645.0 1579.8 1557.5 1684.6 1726.1 1753.1 1767.1 1696.0 1811.7 1821.7 1834.1 1903.3 1927.2 1956.4 1953.9 1999.7
-999.0 -999.0 -999.0 -999.0 -999.0 -999.0 -999.0 -999.0 -999.0 -999.0 -999.0 -999.0 -999.0 -999.0 -999.0 -999.0 -999.0 -999.0 -999.0 -999.0 -999.0 -999.0 -999.0 -999.0 -999.0 1895.2 1868.2 1849.1 1813.8 1799.9 1942.0 1980.6 1981.2 2006.2 -999.0 -999.0 -999.0 -999.0 1956.9 2000.5 1914.5 1896.8 1873.3 1780.1 1619.0 1698.1 1676.3 1736.3 1859.7 1755.7 1755.9 1650.0 1714.5 1547.6 1646.3 1625.4 1646.7 1630.6 1655.8 1738.7 1699.6 1895.3 1877.5 1854.4 1954.5 1919.8 1959.6 1977.4 1989.0 2057.7 2126.9
-999.0 -999.0 -999.0 -999.0 -999.0 -999.0 -999.0 -999.0 -999.0 -999.0 -999.0 -999.0 -999.0 -999.0 -999.0 -999.0 -999.0 -999.0 -999.0 -999.0 -999.0 -999.0 -999.0 -999.0 -999.0 -999.0 1926.1 1739.9 1787.2 1855.6 1821.7 1905.2 1962.9 -999.0 -999.0 -999.0 -999.0 1868.8 1786.0 1722.5 1989.0 1951.6 1915.1 1690.2 1614.1 1648.0 1674.5 1751.5 1761.2 1782.5 1645.6 1527.3 1619.9 1611.6 1674.0 1658.7 1674.6 1766.3 1734.9 1755.6 1823.1 1865.2 1907.7 2022.0 1946.5 1920.8 1932.7 1899.1 1886.7 2030.7 2077.6
-999.0 -999.0 -999.0 -999.0 -999.0 -999.0 -999.0 -999.0 -999.0 -999.0 -999.0 -999.0 -999.0 -999.0 -999.0 -999.0 -999.0 -999.0 -999.0 -999.0 -999.0 -999.0 -999.0 -999.0 -999.0 -999.0 -999.0 1906.8 1838.7 1884.2 1808.6 1921.5 1895.2 -999.0 -999.0 -999.0 1962.5 1966.3 1894.7 1718.1 1780.0 1832.1 1931.2 1773.3 1841.2 1687.5 1693.5 1792.6 1677.6 1602.1 1615.0 1656.0 1603.7 1669.7 1706.9 1733.3 1787.4 1797.0 1799.1 1789.0 1776.8 1845.3 1919.1 1902.3 1841.3 1854.8 1903.1 1895.5 1895.2 1948.0 2006.7
-999.0 -999.0 -999.0 -999.0 -999.0 -999.0 -999.0 -999.0 -999.0 -999.0 -999.0 -999.0 -999.0 -999.0 -999.0 -999.0 -999.0 -999.0 -999.0 -999.0 -999.0 -999.0 -999.0 -999.0 -999.0 -999.0 -999.0 -999.0 -999.0 -999.0 -999.0 -999.0 -999.0 -999.0 -999.0 1889.9 1990.2 2005.7 1950.3 1734.5 1882.7 1825.6 1751.3 1757.1 1777.4 1764.8 1866.7 1839.8 1793.2 1700.1 1712.5 1698.3 1688.6 1654.5 1672.1 1699.5 1588.1 1723.9 1694.7 1742.9 1741.1 1781.9 1865.7 1849.9 1834.8 1831.8 1812.3 1885.8 1920.5 1941.1 1961.6
-999.0 -999.0 -999.0 -999.0 -999.0 -999.0 -999.0 -999.0 -999.0 -999.0 -999.0 -999.0 -999.0 -999.0 -999.0 -999.0 -999.0 -999.0 -999.0 -999.0 -999.0 -999.0 -999.0 -999.0 -999.0 -999.0 -999.0 -999.0 -999.0 -999.0 -999.0 -999.0 -999.0 -999.0 -999.0 2029.9 1883.3 1900.6 1443.4 1563.9 1851.1 1789.7 1741.1 1727.5 1711.8 1846.9 1882.4 1852.2 1825.6 1716.9 1744.4 1783.3 1636.4 1615.4 1519.7 1646.4 1629.9 1525.3 1652.8 1702.6 1757.9 1829.3 1852.8 1864.3 1863.7 1863.8 1895.8 1841.9 1860.0 1937.2 1944.6
-999.0 -999.0 -999.0 -999.0 -999.0 -999.0 -999.0 -999.0 -999.0 -999.0 -999.0 -999.0 -999.0 -999.0 -999.0 -999.0 -999.0 -999.0 -999.0 -999.0 -999.0 -999.0 -999.0 -999.0 -999.0 -999.0 -999.0 -999.0 -999.0 -999.0 -999.0 -999.0 -999.0 -999.0 -999.0 1997.6 2001.1 1976.6 1766.3 1460.2 1553.8 1638.0 1735.1 1649.1 1786.4 1805.5 1855.5 1685.0 1643.2 1587.8 1642.4 1711.8 1675.9 1690.6 1679.8 1650.8 1643.2 1705.7 1704.9 1716.9 1745.5 1806.7 1849.9 1873.2 1867.5 1841.9 1878.6 1832.5 1840.0 1877.2 1829.6
-999.0 -999.0 -999.0 -999.0 -999.0 -999.0 -999.0 -999.0 -999.0 -999.0 -999.0 -999.0 -999.0 -999.0 -999.0 -999.0 -999.0 -999.0 2038.4 1913.6 1990.3 1311.3 1276.6 1287.2 1325.1 1235.8 2035.5 1596.3 2064.0 -999.0 -999.0 -999.0 -999.0 -999.0 -999.0 1988.5 1978.5 1922.1 1965.2 1810.1 1620.3 1529.9 1606.6 1705.3 1759.5 1758.7 1705.0 1601.8 1660.2 1719.9 1725.7 1743.4 1680.4 1717.1 1780.2 1816.5 1819.3 1759.9 1786.1 1718.2 1685.7 1630.3 1749.4 1810.0 1771.8 1772.5 1834.5 1759.8 1808.8 1857.7 1776.1
-999.0 -999.0 -999.0 -999.0 -999.0 -999.0 -999.0 -999.0 -999.0 -999.0 -999.0 -999.0 -999.0 -999.0 -999.0 -999.0 -999.0 -999.0 1707.8 1639.3 1474.4 1415.1 1157.7 1047.8 1127.1 1175.8 1282.7 1660.9 1856.8 1948.3 1834.9 1629.0 1836.4 1941.4 2013.1 2001.6 1989.1 1965.1 1938.4 1914.1 1852.4 1640.4 1633.9 1703.3 1782.7 1545.3 1682.7 1776.6 1732.9 1691.9 1772.0 1793.5 1797.3 1784.4 1798.1 1824.9 1797.2 1869.0 1825.5 1748.2 1721.3 1727.9 1679.5 1665.9 1788.4 1807.6 1862.1 1884.2 1792.0 1863.5 1538.5
-999.0 -999.0 -999.0 -999.0 -999.0 -999.0 -999.0 -999.0 -999.0 -999.0 -999.0 -999.0 -999.0 -999.0 -999.0 -999.0 -999.0 2053.1 1976.2 1813.6 1730.7 1581.6 1271.0 1086.8 1117.3 1230.3 1262.9 1373.7 1590.5 1665.8 1723.8 1688.5 1620.1 1908.9 1965.0 2004.9 1961.9 1833.9 1927.0 1899.5 1747.9 1710.8 1720.8 1706.5 1515.9 1691.1 1586.1 1648.5 1721.4 1812.0 1792.9 1845.0 1792.8 1726.2 1835.9 1792.9 1831.6 1804.5 1824.5 1795.4 1764.4 1650.3 1600.1 1779.5 1832.6 1838.4 1670.6 1807.7 1853.9 1829.5 1820.0
-999.0 -999.0 -999.0 -999.0 -999.0 -999.0 -999.0 -999.0 -999.0 -999.0 -999.0 -999.0 -999.0 -999.0 -999.0 -999.0 -999.0 -999.0 2001.5 1987.5 1939.4 1597.4 1500.3 1394.8 1157.6 1264.2 1330.3 1594.0 1530.3 1342.6 1515.0 1733.3 1772.5 1651.2 1854.0 1995.7 1969.1 1948.1 1854.0 1817.3 1863.8 1823.8 1769.1 1731.6 1625.2 1738.7 1611.0 1700.8 1713.6 1753.8 1760.0 1820.3 1746.6 1722.0 1756.6 1874.0 1866.4 1812.1 1915.9 1897.8 1861.5 1747.1 1656.5 1684.6 1847.4 1864.5 1788.6 1780.0 1828.6 1889.8 1891.0
