GDD/GrowingDegreeDays_1965_Actual.txt
ncols         180
nrows         290
xllcorner     -200000
yllcorner     -200000
cellsize      5000
NODATA_value    -999
[rows 160 to 191 of 290, columns 72 to 143 of 180]
-999.0 -999.0 -999.0 -999.0 -999.0 -999.0 -999.0 -999.0 -999.0 -999.0 -999.0 -999.0 -999.0 -999.0 -999.0 -999.0 -999.0 -999.0 -999.0 -999.0 -999.0 -999.0 -999.0 -999.0 -999.0 -999.0 -999.0 -999.0 -999.0 -999.0 -999.0 -999.0 -999.0 -999.0 1492.1 1476.8 1466.2 1435.2 1212.3 1111.2 908.6 1146.9 1044.9 1380.4 1278.5 1285.1 1175.8 1122.3 1196.6 1162.7 1490.9 1448.0 1417.9 1426.7 1458.1 1382.9 1443.7 1465.2 1462.9 1501.8 1532.6 1498.3 1456.5 1434.0 1420.1 1311.7 1364.8 1432.0 1469.1 1475.9 1444.0 1438.1
-999.0 -999.0 -999.0 -999.0 -999.0 -999.0 -999.0 -999.0 -999.0 -999.0 -999.0 -999.0 -999.0 -999.0 -999.0 -999.0 -999.0 -999.0 -999.0 -999.0 -999.0 -999.0 -999.0 -999.0 -999.0 -999.0 -999.0 -999.0 -999.0 -999.0 -999.0 -999.0 -999.0 -999.0 1481.9 1462.6 1492.1 1527.5 1461.4 1204.5 1366.2 1341.9 1427.9 1315.5 1090.2 1213.9 1076.6 1124.5 1086.4 1423.7 1213.6 1391.9 1304.6 1347.8 1344.9 1410.8 1410.9 1443.1 1483.3 1497.7 1501.8 1457.5 1416.2 1423.2 1436.2 1423.5 1356.2 1418.0 1477.8 1487.0 1475.5 1444.9
-999.0 -999.0 -999.0 -999.0 -999.0 -999.0 -999.0 -999.0 -999.0 -999.0 -999.0 -999.0 -999.0 -999.0 -999.0 -999.0 -999.0 -999.0 -999.0 -999.0 -999.0 -999.0 -999.0 -999.0 -999.0 -999.0 -999.0 -999.0 -999.0 -999.0 -999.0 -999.0 -999.0 -999.0 1467.9 1473.1 1465.4 1557.8 1510.8 1414.2 1375.3 1416.4 1464.6 1337.8 1242.5 1248.2 1083.8 966.1 1194.0 1291.4 1469.8 1387.1 1552.1 1499.2 1442.5 1392.0 1419.3 1436.4 1490.6 1487.3 1481.9 1448.2 1416.1 1420.6 1436.2 1439.4 1383.4 1364.2 1473.7 1549.1 1546.9 1469.0
-999.0 -999.0 -999.0 -999.0 -999.0 -999.0 -999.0 -999.0 -999.0 -999.0 -999.0 -999.0 -999.0 -999.0 -999.0 -999.0 -999.0 -999.0 -999.0 -999.0 -999.0 -999.0 -999.0 -999.0 -999.0 -999.0 -999.0 -999.0 -999.0 -999.0 -999.0 -999.0 -999.0 -999.0 1500.8 1471.6 1474.9 1513.1 1521.7 1484.4 1481.3 1403.8 1298.5 1426.0 1349.3 1248.9 926.1 926.0 941.5 1117.7 1333.8 1431.6 1424.4 1536.6 1581.6 1479.3 1416.9 1477.1 1497.8 1491.5 1498.4 1473.4 1450.9 1452.6 1468.2 1482.7 1404.4 1382.5 1543.7 1630.7 1612.8 1552.1
-999.0 -999.0 -999.0 -999.0 -999.0 -999.0 -999.0 -999.0 -999.0 -999.0 -999.0 -999.0 -999.0 -999.0 -999.0 -999.0 -999.0 -999.0 -999.0 -999.0 -999.0 -999.0 -999.0 -999.0 -999.0 -999.0 -999.0 -999.0 -999.0 -999.0 -999.0 -999.0 -999.0 -999.0 1504.4 1494.5 1507.5 1554.1 1556.9 1543.7 1442.5 1417.8 1320.9 1262.2 1102.1 1001.8 925.0 1094.5 1035.2 1218.6 1304.0 1439.0 1322.1 1427.3 1543.6 1585.5 1578.3 1550.8 1536.8 1511.2 1504.1 1504.1 1491.3 1486.9 1503.4 1498.8 1511.7 1487.8 1579.5 1647.1 1637.0 1571.1
-999.0 -999.0 -999.0 -999.0 -999.0 -999.0 -999.0 -999.0 -999.0 -999.0 -999.0 -999.0 -999.0 -999.0 -999.0 -999.0 -999.0 -999.0 -999.0 -999.0 -999.0 -999.0 -999.0 -999.0 -999.0 -999.0 -999.0 -999.0 -999.0 -999.0 -999.0 -999.0 -999.0 -999.0 -999.0 1465.9 1493.2 1535.1 1552.3 1462.6 1283.1 1246.8 1201.9 1257.2 1261.6 1096.6 1106.4 1023.8 1134.0 1362.0 1554.3 1507.7 1449.5 1432.7 1572.0 1573.9 1538.5 1558.8 1571.3 1518.8 1525.5 1528.8 1523.5 1514.2 1513.9 1506.3 1497.1 1528.3 1555.4 1594.5 1590.2 -999.0
-999.0 -999.0 -999.0 -999.0 -999.0 -999.0 -999.0 -999.0 -999.0 -999.0 -999.0 -999.0 -999.0 -999.0 -999.0 -999.0 -999.0 -999.0 -999.0 -999.0 -999.0 -999.0 -999.0 -999.0 -999.0 -999.0 -999.0 -999.0 -999.0 -999.0 -999.0 -999.0 -999.0 -999.0 1538.7 1477.4 1503.1 1535.1 1526.3 1460.1 1167.1 1122.1 1236.0 1069.0 1094.7 1158.4 1163.5 938.6 1114.6 1147.8 1375.2 1598.5 1409.6 1538.6 1617.1 1523.9 1528.6 1585.0 1543.3 1551.0 1551.3 1543.3 1534.5 1523.9 1516.7 1416.4 1468.7 1484.7 1404.6 1452.9 1502.6 1507.2
-999.0 -999.0 -999.0 -999.0 -999.0 -999.0 -999.0 -999.0 -999.0 -999.0 -999.0 -999.0 -999.0 -999.0 -999.0 -999.0 -999.0 -999.0 -999.0 -999.0 -999.0 -999.0 -999.0 -999.0 -999.0 -999.0 -999.0 -999.0 -999.0 -999.0 -999.0 -999.0 -999.0 -999.0 1549.2 1532.0 1523.6 1533.7 1400.1 1454.6 1377.0 1153.7 1345.3 1331.9 1300.0 1379.1 1336.7 1090.1 1150.7 1179.8 1463.0 1365.3 1278.1 1484.3 1427.7 1485.2 1455.5 1502.0 1531.1 1577.8 1584.2 1569.3 1552.1 1524.4 1530.2 1507.9 1432.1 1451.6 1411.4 1390.8 1454.3 1494.4
-999.0 -999.0 -999.0 -999.0 -999.0 -999.0 -999.0 -999.0 -999.0 -999.0 -999.0 -999.0 -999.0 -999.0 -999.0 -999.0 -999.0 -999.0 -999.0 -999.0 -999.0 -999.0 -999.0 -999.0 -999.0 -999.0 -999.0 -999.0 -999.0 -999.0 -999.0 -999.0 -999.0 1536.2 1556.6 1549.9 1459.9 1472.7 1469.7 1507.0 1435.0 1408.8 1448.8 1485.0 1501.8 1465.3 1366.8 1127.8 961.7 924.3 1218.6 1134.1 1207.3 1432.4 1444.4 1535.0 1510.1 1507.2 1562.2 1600.4 1610.6 1600.3 1571.9 1534.6 1542.8 1516.2 1472.4 1424.9 1409.2 1341.8 1405.8 1447.3
-999.0 -999.0 -999.0 -999.0 -999.0 -999.0 -999.0 -999.0 -999.0 -999.0 -999.0 -999.0 -999.0 -999.0 -999.0 -999.0 -999.0 -999.0 -999.0 -999.0 -999.0 -999.0 -999.0 -999.0 -999.0 -999.0 -999.0 -999.0 -999.0 -999.0 -999.0 -999.0 -999.0 -999.0 1543.8 1587.3 1548.3 1523.8 1396.8 1558.2 1560.7 1560.3 1553.3 1552.3 1587.9 1564.8 1468.6 1363.4 1044.5 907.0 858.3 1095.8 1128.4 1275.9 1415.2 1423.7 1583.8 1584.8 1527.9 1613.4 1642.6 1639.2 1592.1 1550.3 1543.9 1520.3 1472.7 1454.2 1454.3 1451.3 1310.4 1428.0
-999.0 -999.0 -999.0 -999.0 -999.0 -999.0 -999.0 -999.0 -999.0 -999.0 -999.0 -999.0 -999.0 -999.0 -999.0 -999.0 -999.0 -999.0 -999.0 -999.0 -999.0 -999.0 -999.0 -999.0 -999.0 -999.0 -999.0 -999.0 -999.0 -999.0 -999.0 -999.0 -999.0 -999.0 1604.8 1614.0 1623.5 1606.7 1575.6 1572.3 1576.5 1612.7 1623.4 1684.9 1705.6 1668.4 1569.7 1382.0 1298.7 937.8 805.9 840.2 1034.6 1216.3 1365.8 1488.8 1444.6 1526.8 1483.3 1597.0 1628.6 1645.0 1590.1 1558.9 1540.2 1500.7 1474.2 1473.7 1477.6 1441.0 1333.4 1406.7
-999.0 -999.0 -999.0 -999.0 -999.0 -999.0 -999.0 -999.0 -999.0 -999.0 -999.0 -999.0 -999.0 -999.0 1594.1 1568.2 1549.7 1532.7 -999.0 -999.0 -999.0 -999.0 -999.0 -999.0 -999.0 -999.0 -999.0 -999.0 -999.0 -999.0 -999.0 -999.0 -999.0 1631.2 1684.4 1648.8 1657.2 1586.2 1570.8 1592.6 1603.8 1614.4 1652.6 1682.3 1720.9 1679.5 1587.4 1447.9 1162.0 970.7 952.0 1130.7 1001.2 1173.5 1510.2 1491.2 1554.6 1374.3 1415.3 1548.3 1561.5 1569.5 1559.8 1544.5 1534.7 1511.8 1474.4 1475.2 1503.6 1490.4 1464.0 1348.5
-999.0 -999.0 -999.0 -999.0 -999.0 -999.0 -999.0 -999.0 -999.0 -999.0 -999.0 -999.0 -999.0 -999.0 1525.7 1456.2 1494.3 1587.9 -999.0 -999.0 -999.0 -999.0 -999.0 -999.0 -999.0 -999.0 -999.0 -999.0 -999.0 -999.0 -999.0 -999.0 1700.7 1588.8 1656.2 1671.0 1611.3 1652.0 1574.4 1595.6 1608.8 1615.1 1638.5 1640.2 1629.2 1646.0 1584.7 1475.0 1339.3 966.3 912.2 1145.5 1124.7 1282.9 1415.1 1651.0 1598.0 1452.8 1423.4 1502.5 1573.5 1586.8 1556.7 1522.5 1529.6 1517.3 1497.2 1462.9 1500.1 1485.7 1475.6 1358.7
-999.0 -999.0 -999.0 -999.0 -999.0 -999.0 -999.0 -999.0 -999.0 -999.0 -999.0 -999.0 1571.6 1665.3 1601.4 1461.9 1484.6 1517.1 1662.6 1731.5 1765.1 -999.0 -999.0 1661.4 1716.4 -999.0 -999.0 -999.0 1664.0 1543.5 1549.9 -999.0 1693.9 1541.8 1626.4 1698.6 1692.6 1670.5 1557.4 1554.3 1551.5 1588.3 1549.3 1611.3 1550.9 1568.5 1542.5 1215.8 1412.5 1279.5 1061.6 1343.3 1288.3 1078.9 1531.4 1442.1 1556.0 1466.9 1447.6 1501.0 1546.8 1593.4 1537.3 1534.3 1553.3 1518.4 1523.2 1471.1 1511.6 1503.3 1480.8 1440.1
-999.0 -999.0 -999.0 -999.0 -999.0 -999.0 -999.0 -999.0 -999.0 -999.0 -999.0 -999.0 -999.0 1678.8 1630.9 1559.6 1548.9 1574.7 1597.4 1552.3 1777.9 -999.0 1752.8 1630.6 1448.1 1536.4 1468.5 1679.3 1662.2 1311.0 1331.7 1430.2 -999.0 1604.6 1559.8 1612.2 1663.0 1644.0 1525.4 1609.9 1705.1 1687.2 1588.0 1551.5 1535.4 1478.2 1477.9 1188.6 1110.5 1138.6 1118.3 1156.6 1064.8 1140.0 1355.8 1522.2 1554.2 1394.1 1388.3 1482.0 1472.0 1558.7 1526.7 1522.5 1545.9 1514.0 1530.1 1485.8 1512.8 1512.9 1492.5 1480.5
-999.0 -999.0 -999.0 -999.0 -999.0 -999.0 -999.0 -999.0 -999.0 -999.0 -999.0 -999.0 -999.0 -999.0 1681.8 1601.0 1548.5 1633.4 1665.3 1695.4 1774.7 1391.4 886.9 1514.6 1218.1 1214.4 1297.0 1446.2 1581.9 1539.0 1383.7 1258.4 1436.1 1612.2 1636.6 1601.4 1620.6 1560.1 1399.1 1505.1 1700.1 1721.1 1614.6 1547.5 1526.1 1472.5 1423.7 1062.5 965.3 1099.9 1111.5 1224.3 1261.9 1227.2 1312.6 1502.2 1515.7 1413.3 1429.5 1437.9 1408.8 1507.1 1470.0 1530.5 1529.7 1523.4 1490.9 1396.0 1522.8 1525.9 1510.5 1504.3
-999.0 -999.0 -999.0 -999.0 -999.0 -999.0 -999.0 -999.0 -999.0 -999.0 -999.0 -999.0 -999.0 -999.0 -999.0 1606.0 1669.7 1682.4 1699.4 1598.6 1412.4 654.2 1040.9 1594.0 1129.6 1371.3 1146.2 1208.9 1433.6 1541.8 1136.9 1331.5 1332.7 1489.1 1647.6 1610.1 1576.4 1571.0 1463.5 1473.1 1583.4 1617.4 1601.1 1532.4 1499.8 1464.7 1287.2 1174.3 914.0 1064.8 1050.3 1085.5 1341.4 1246.9 1199.4 1338.4 1403.1 1406.3 1460.7 1407.5 1408.1 1481.3 1455.0 1525.7 1537.2 1512.8 1516.5 1505.1 1506.7 1531.3 1533.5 1529.7
-999.0 -999.0 -999.0 -999.0 -999.0 -999.0 -999.0 -999.0 -999.0 -999.0 -999.0 -999.0 -999.0 -999.0 -999.0 -999.0 1718.1 1692.3 1512.3 1300.6 699.5 623.0 998.5 1231.4 1233.7 1145.5 1041.5 1049.4 1070.9 1318.9 1422.5 1105.2 1327.9 1448.8 1501.8 1589.9 1594.0 1558.8 1522.2 1501.3 1544.6 1580.4 1552.0 1504.0 1469.9 1409.4 1268.0 1097.1 1007.3 1138.8 1152.7 1069.3 1206.6 1428.3 1228.5 1400.1 1374.7 1383.9 1486.7 1489.8 1462.8 1454.8 1453.7 1524.9 1545.8 1528.0 1549.5 1470.3 1509.7 1535.9 1545.0 1553.1
-999.0 -999.0 -999.0 -999.0 -999.0 -999.0 -999.0 -999.0 -999.0 -999.0 -999.0 -999.0 -999.0 -999.0 -999.0 -999.0 1733.8 1607.1 1253.8 1114.6 1003.0 783.8 1201.1 1400.7 1211.4 1001.5 929.4 889.7 1058.0 1267.9 1414.8 1035.0 1144.8 1383.4 1485.3 1616.4 1605.1 1549.1 1468.0 1479.6 1501.8 1517.1 1530.0 1503.7 1448.8 1288.5 1204.3 1280.1 989.3 1133.9 1104.4 1038.7 1090.5 1268.7 1371.5 1407.7 1469.9 1391.9 1390.9 1468.7 1464.4 1504.2 1503.5 1550.2 1542.1 1542.4 1539.4 1514.8 1490.5 1530.3 1536.5 1559.9
-999.0 -999.0 -999.0 -999.0 -999.0 -999.0 -999.0 -999.0 -999.0 -999.0 -999.0 -999.0 -999.0 -999.0 -999.0 -999.0 1725.5 1544.6 1320.7 1338.2 995.4 1103.2 1315.6 1211.1 1306.7 1143.2 897.2 993.8 899.7 1079.2 1320.4 1069.3 1066.6 1205.4 1555.0 1604.2 1614.9 1520.8 1427.1 1437.3 1483.1 1502.7 1510.8 1479.9 1364.5 1297.6 1296.8 1275.8 1131.2 1153.0 1162.5 1178.6 1261.6 1291.3 1267.8 1484.5 1408.9 1403.3 1456.8 1442.6 1487.5 1450.1 1552.1 1561.4 1548.7 1553.9 1546.9 1449.5 1534.7 1550.3 1555.9 1560.5
-999.0 -999.0 -999.0 -999.0 -999.0 -999.0 -999.0 -999.0 -999.0 -999.0 -999.0 -999.0 -999.0 -999.0 -999.0 1704.2 992.5 1415.1 1283.8 1136.7 1424.9 756.8 909.3 968.6 1067.8 885.5 1040.4 993.1 1095.1 1203.8 1109.6 926.9 1095.7 1225.5 1539.1 1616.4 1626.5 1480.2 1456.3 1483.3 1481.4 1507.3 1481.8 1389.2 1408.7 1400.0 1237.8 1146.9 1342.0 1062.6 1116.3 1315.2 1291.0 1363.5 1459.9 1466.2 1469.2 1460.3 1533.7 1474.7 1526.0 1565.2 1480.7 1565.9 1553.8 1540.2 1537.8 1467.9 1544.8 1560.9 1538.9 1551.2
-999.0 -999.0 -999.0 -999.0 -999.0 -999.0 -999.0 -999.0 -999.0 -999.0 -999.0 -999.0 -999.0 1689.5 1634.0 1317.6 1381.2 1518.8 1505.4 1332.4 1517.0 1306.3 1171.6 934.3 941.4 837.5 936.2 899.5 1242.6 1104.0 1138.7 1355.3 1357.0 1462.2 1474.4 1553.7 1574.9 1475.8 1453.1 1451.9 1481.6 1454.7 1346.5 1406.6 1378.1 1426.3 1277.8 1213.0 1246.6 1310.3 1375.5 1281.2 1336.6 1391.3 1421.8 1448.3 1457.3 1517.2 1558.0 1618.4 1632.1 1596.7 1560.2 1551.6 1526.3 1545.4 1533.6 1466.0 1527.3 1562.0 1539.7 1531.2
-999.0 -999.0 -999.0 -999.0 -999.0 -999.0 -999.0 -999.0 -999.0 -999.0 -999.0 -999.0 1641.6 1574.0 1565.2 1568.7 1628.0 1686.6 1654.3 1660.6 1620.2 1360.8 1207.8 1073.9 646.1 1047.2 1144.6 1119.4 1320.0 948.3 905.6 994.7 1277.6 1443.8 1456.5 1484.2 1501.5 1463.0 1414.4 1445.4 1441.1 1417.0 1352.0 1316.7 1399.7 1387.3 1271.5 1280.1 1310.2 1335.0 1342.6 1342.1 1436.7 1423.3 1473.6 1587.6 1507.5 1540.1 1598.4 1698.3 1652.0 1563.0 1560.2 1541.6 1522.3 1513.3 1512.2 1418.3 1473.8 1531.6 1536.8 1524.4
-999.0 -999.0 -999.0 -999.0 -999.0 -999.0 -999.0 -999.0 -999.0 -999.0 -999.0 1676.4 1476.8 1490.2 1534.2 -999.0 -999.0 -999.0 -999.0 1684.7 1152.8 1135.2 1119.5 988.4 1077.7 1133.5 895.5 951.6 1097.7 607.5 752.3 954.0 1052.5 1337.4 1525.7 1490.7 1466.5 1475.9 1452.5 1453.6 1453.2 1395.8 1417.3 1303.5 1357.7 1355.4 1340.4 1329.4 1335.5 1361.8 1438.7 1445.7 1467.7 1501.5 1543.9 1600.7 1600.8 1575.0 1574.8 1587.3 1590.5 1564.5 1544.7 1490.5 1457.3 1453.4 1469.0 1424.2 1454.1 1476.5 1531.8 1527.9
-999.0 -999.0 -999.0 -999.0 -999.0 -999.0 -999.0 -999.0 -999.0 -999.0 -999.0 1645.3 1370.0 1618.9 1684.3 -999.0 -999.0 -999.0 -999.0 1747.5 1314.9 1034.6 1315.6 970.8 984.8 1001.3 817.5 770.2 993.0 762.5 1186.9 1164.1 1285.3 1420.6 1541.0 1527.3 1476.6 1463.1 1422.8 1381.7 1451.3 1383.3 1390.1 1376.6 1322.6 1391.2 1378.8 1436.1 1388.0 1344.0 1341.2 1360.3 1473.3 1519.1 1541.5 1558.7 1509.1 1513.0 1500.4 1508.2 1516.8 1442.1 1472.9 1350.6 1360.8 1365.7 1440.8 1424.7 1452.7 1474.2 1528.3 1537.8
-999.0 -999.0 -999.0 -999.0 -999.0 -999.0 -999.0 -999.0 -999.0 -999.0 -999.0 -999.0 -999.0 -999.0 -999.0 -999.0 -999.0 -999.0 -999.0 1752.9 1244.6 1200.3 1321.7 1116.0 1233.7 807.9 854.3 1173.5 995.3 1038.7 1169.4 1180.7 1394.5 1497.3 1566.3 1467.8 1469.1 1453.7 1440.2 1460.3 1463.3 1428.7 1407.9 1405.8 1377.2 1423.9 1447.1 1442.8 1417.7 1445.7 1408.8 1395.2 1523.9 1426.4 1366.3 1449.7 1445.1 1452.5 1503.5 1464.9 1394.4 1298.2 1326.8 1389.3 1388.7 1365.2 1422.4 1415.1 1453.7 1461.8 1521.4 1539.3
-999.0 -999.0 -999.0 -999.0 -999.0 -999.0 -999.0 -999.0 -999.0 -999.0 -999.0 -999.0 -999.0 -999.0 -999.0 -999.0 -999.0 -999.0 -999.0 -999.0 1249.4 1691.4 1540.3 1227.9 902.4 967.9 869.6 916.7 1216.2 1182.2 1147.8 1423.0 1473.8 1552.5 1550.1 1517.7 1482.1 1514.2 1527.9 1507.5 1507.3 1479.6 1430.4 1446.1 1401.6 1412.5 1458.1 1333.0 1400.6 1491.7 1497.4 1490.9 1480.3 1486.7 1393.5 1373.0 1420.2 1351.6 1471.8 1483.4 1377.0 1379.3 1361.0 1389.0 1443.7 1395.0 1422.8 1453.6 1497.0 1472.4 1529.3 1541.4
-999.0 -999.0 -999.0 -999.0 -999.0 -999.0 -999.0 -999.0 -999.0 -999.0 -999.0 -999.0 -999.0 -999.0 -999.0 -999.0 -999.0 -999.0 -999.0 -999.0 1523.1 1084.9 991.3 1107.9 1131.5 1191.8 1046.2 1202.7 1196.7 1364.6 1508.4 1357.6 1514.6 1545.4 1403.1 1437.0 1468.1 1544.7 1615.4 1574.0 1492.1 1518.0 1403.8 1399.1 1402.8 1416.0 1458.5 1349.1 1331.7 1438.7 1491.6 1513.4 1493.5 1478.0 1446.2 1405.7 1367.9 1250.6 1375.3 1505.4 1450.7 1380.0 1309.4 1290.7 1349.7 1439.9 1435.4 1486.9 1525.8 1554.9 1558.8 1562.4
-999.0 -999.0 -999.0 -999.0 -999.0 -999.0 -999.0 -999.0 -999.0 -999.0 -999.0 -999.0 -999.0 -999.0 -999.0 -999.0 -999.0 -999.0 -999.0 1591.3 1408.3 1474.8 888.0 1221.3 1284.3 1104.7 1143.1 1256.1 1077.9 1408.1 1544.4 1343.3 1573.8 1116.5 1318.3 1449.9 1470.0 1420.9 1532.5 1525.8 1299.5 1334.6 1383.8 1466.8 1429.7 1444.4 1474.9 1455.8 1451.8 1478.5 1505.6 1501.9 1502.5 1485.3 1431.8 1433.8 1354.5 1388.1 1469.7 1498.5 1433.8 1355.8 1288.1 1269.3 1328.2 1450.3 1474.9 1531.6 1587.2 1611.8 1592.9 1595.0
-999.0 -999.0 -999.0 -999.0 -999.0 -999.0 -999.0 -999.0 -999.0 -999.0 -999.0 -999.0 -999.0 -999.0 -999.0 -999.0 -999.0 -999.0 -999.0 1780.0 1526.6 978.6 1337.1 1610.3 1373.2 1312.4 1170.1 1041.4 1098.2 1386.4 1499.3 1460.9 1522.2 1417.7 1365.5 1301.9 1302.6 1459.2 1445.8 1438.5 1402.8 1364.4 1453.6 1472.5 1445.9 1482.4 1471.5 1485.9 1537.0 1520.5 1512.1 1508.2 1501.4 1501.7 1476.7 1464.4 1403.5 1394.8 1458.8 1465.7 1384.4 1288.5 1230.9 1317.0 1322.6 1370.5 1455.1 1568.8 1564.6 1640.7 1561.8 1596.6
-999.0 -999.0 -999.0 -999.0 -999.0 -999.0 -999.0 -999.0 -999.0 -999.0 -999.0 -999.0 -999.0 -999.0 -999.0 -999.0 -999.0 -999.0 -999.0 1847.9 1415.4 1662.2 1411.0 1417.3 1278.3 1254.5 928.5 1086.4 1020.7 1264.8 1386.8 1512.0 1513.2 1421.5 1213.1 1116.8 1032.5 1368.1 1258.0 1354.0 1349.6 1376.1 1497.8 1471.5 1468.6 1504.9 1510.8 1569.8 1581.3 1488.1 1492.9 1522.9 1499.5 1416.7 1510.2 1482.7 1449.9 1453.1 1486.8 1461.1 1373.3 1327.5 1325.0 1356.3 1376.8 1458.4 1494.1 1505.9 1550.2 1616.5 1604.3 1602.6
-999.0 -999.0 -999.0 -999.0 -999.0 -999.0 -999.0 -999.0 -999.0 -999.0 -999.0 -999.0 -999.0 -999.0 -999.0 -999.0 -999.0 -999.0 -999.0 -999.0 1615.3 1321.1 1128.0 941.7 841.6 1027.6 1043.4 1202.4 1416.8 1439.6 1484.6 1426.7 1413.1 1453.5 1333.9 1320.8 1095.4 1252.5 1334.2 1364.4 1285.3 1324.6 1481.1 1408.1 1496.4 1547.2 1440.7 1594.1 1610.0 1606.4 1550.8 1552.6 1523.5 1405.6 1459.7 1511.0 1459.9 1468.2 1475.1 1431.0 1358.2 1381.4 1406.5 1457.9 1429.6 1505.2 1444.4 1470.7 1564.4 1592.4 1566.8 1597.4
