GDD/GrowingDegreeDays_1961_Actual.txt
ncols         180
nrows         290
xllcorner     -200000
yllcorner     -200000
cellsize      5000
NODATA_value    -999
[rows 160 to 191 of 290, columns 71 to 141 of 180]
-999.0 -999.0 -999.0 -999.0 -999.0 -999.0 -999.0 -999.0 -999.0 -999.0 -999.0 -999.0 -999.0 -999.0 -999.0 -999.0 -999.0 -999.0 -999.0 -999.0 -999.0 -999.0 -999.0 -999.0 -999.0 -999.0 -999.0 -999.0 -999.0 -999.0 -999.0 -999.0 -999.0 -999.0 -999.0 1746.2 1713.4 1687.9 1643.3 1384.3 1262.4 1025.8 1295.5 1176.6 1563.2 1452.1 1463.3 1338.7 1274.0 1347.1 1292.3 1651.9 1619.8 1607.2 1627.2 1665.9 1583.5 1651.3 1678.2 1691.5 1738.5 1770.4 1727.0 1679.8 1655.0 1639.0 1519.2 1581.0 1657.1 1698.9 1706.9
-999.0 -999.0 -999.0 -999.0 -999.0 -999.0 -999.0 -999.0 -999.0 -999.0 -999.0 -999.0 -999.0 -999.0 -999.0 -999.0 -999.0 -999.0 -999.0 -999.0 -999.0 -999.0 -999.0 -999.0 -999.0 -999.0 -999.0 -999.0 -999.0 -999.0 -999.0 -999.0 -999.0 -999.0 -999.0 1737.4 1698.6 1713.7 1744.9 1671.6 1372.0 1546.8 1509.9 1611.2 1492.1 1241.7 1391.1 1232.8 1278.0 1222.2 1575.4 1344.9 1565.4 1480.6 1536.8 1537.1 1612.2 1612.8 1649.8 1693.9 1708.7 1718.8 1675.7 1634.3 1643.6 1658.9 1644.8 1571.7 1643.2 1708.7 1718.8
-999.0 -999.0 -999.0 -999.0 -999.0 -999.0 -999.0 -999.0 -999.0 -999.0 -999.0 -999.0 -999.0 -999.0 -999.0 -999.0 -999.0 -999.0 -999.0 -999.0 -999.0 -999.0 -999.0 -999.0 -999.0 -999.0 -999.0 -999.0 -999.0 -999.0 -999.0 -999.0 -999.0 -999.0 -999.0 1725.5 1708.9 1693.1 1784.8 1729.3 1614.5 1559.2 1590.8 1648.8 1514.6 1411.3 1440.4 1241.1 1100.6 1346.7 1436.9 1655.7 1575.7 1762.6 1709.1 1647.8 1588.8 1618.3 1634.4 1677.3 1664.9 1682.5 1659.6 1632.2 1640.0 1659.6 1663.8 1603.9 1582.6 1704.8 1787.4
-999.0 -999.0 -999.0 -999.0 -999.0 -999.0 -999.0 -999.0 -999.0 -999.0 -999.0 -999.0 -999.0 -999.0 -999.0 -999.0 -999.0 -999.0 -999.0 -999.0 -999.0 -999.0 -999.0 -999.0 -999.0 -999.0 -999.0 -999.0 -999.0 -999.0 -999.0 -999.0 -999.0 -999.0 -999.0 1742.1 1710.0 1708.3 1743.6 1745.0 1700.4 1688.0 1593.7 1473.5 1618.8 1530.0 1416.3 1057.0 1056.1 1070.1 1266.1 1517.3 1632.2 1625.2 1754.4 1804.4 1684.8 1611.3 1673.3 1690.8 1681.1 1701.2 1684.6 1667.7 1675.6 1696.3 1716.0 1632.8 1608.6 1784.7 1877.1
-999.0 -999.0 -999.0 -999.0 -999.0 -999.0 -999.0 -999.0 -999.0 -999.0 -999.0 -999.0 -999.0 -999.0 -999.0 -999.0 -999.0 -999.0 -999.0 -999.0 -999.0 -999.0 -999.0 -999.0 -999.0 -999.0 -999.0 -999.0 -999.0 -999.0 -999.0 -999.0 -999.0 -999.0 -999.0 1761.8 1752.0 1753.1 1790.1 1787.1 1768.4 1653.9 1629.2 1512.7 1436.2 1250.5 1137.3 1056.0 1248.9 1183.6 1394.4 1492.9 1644.8 1517.7 1637.0 1762.4 1799.4 1781.0 1746.4 1735.0 1712.6 1711.4 1718.2 1712.3 1713.2 1737.4 1739.1 1758.5 1731.7 1829.6 1897.8
-999.0 -999.0 -999.0 -999.0 -999.0 -999.0 -999.0 -999.0 -999.0 -999.0 -999.0 -999.0 -999.0 -999.0 -999.0 -999.0 -999.0 -999.0 -999.0 -999.0 -999.0 -999.0 -999.0 -999.0 -999.0 -999.0 -999.0 -999.0 -999.0 -999.0 -999.0 -999.0 -999.0 -999.0 -999.0 -999.0 1778.2 1757.9 1774.1 1783.6 1682.4 1479.1 1458.3 1383.8 1428.8 1434.4 1244.3 1257.0 1168.7 1303.2 1572.1 1789.1 1721.1 1660.7 1647.5 1802.5 1788.6 1717.6 1733.8 1768.4 1722.1 1736.0 1745.4 1746.0 1742.1 1750.0 1750.1 1749.4 1788.3 1815.8 1855.2
-999.0 -999.0 -999.0 -999.0 -999.0 -999.0 -999.0 -999.0 -999.0 -999.0 -999.0 -999.0 -999.0 -999.0 -999.0 -999.0 -999.0 -999.0 -999.0 -999.0 -999.0 -999.0 -999.0 -999.0 -999.0 -999.0 -999.0 -999.0 -999.0 -999.0 -999.0 -999.0 -999.0 -999.0 -999.0 1830.8 1774.8 1765.0 1774.2 1756.9 1678.8 1344.4 1296.9 1414.7 1213.1 1239.7 1302.0 1314.3 1072.1 1283.6 1346.6 1622.7 1796.0 1606.2 1758.4 1850.5 1738.5 1714.6 1768.2 1738.9 1756.6 1763.3 1760.4 1757.2 1752.5 1753.6 1655.5 1728.6 1758.2 1670.1 1716.4
-999.0 -999.0 -999.0 -999.0 -999.0 -999.0 -999.0 -999.0 -999.0 -999.0 -999.0 -999.0 -999.0 -999.0 -999.0 -999.0 -999.0 -999.0 -999.0 -999.0 -999.0 -999.0 -999.0 -999.0 -999.0 -999.0 -999.0 -999.0 -999.0 -999.0 -999.0 -999.0 -999.0 -999.0 -999.0 1810.1 1785.7 1768.5 1772.1 1617.0 1672.4 1580.5 1321.7 1530.1 1514.4 1464.8 1519.3 1493.7 1239.1 1321.4 1366.4 1680.9 1552.5 1458.6 1693.9 1635.5 1695.2 1653.2 1699.1 1734.1 1787.9 1797.6 1785.2 1773.0 1750.5 1767.6 1760.3 1701.2 1748.7 1708.3 1662.6
-999.0 -999.0 -999.0 -999.0 -999.0 -999.0 -999.0 -999.0 -999.0 -999.0 -999.0 -999.0 -999.0 -999.0 -999.0 -999.0 -999.0 -999.0 -999.0 -999.0 -999.0 -999.0 -999.0 -999.0 -999.0 -999.0 -999.0 -999.0 -999.0 -999.0 -999.0 -999.0 -999.0 -999.0 1787.9 1799.8 1785.0 1689.7 1702.9 1693.8 1730.9 1646.0 1609.2 1650.1 1685.8 1694.0 1640.2 1538.7 1283.4 1103.4 1068.7 1401.0 1303.6 1384.0 1636.7 1653.0 1752.3 1719.8 1712.6 1773.0 1815.7 1823.1 1811.5 1787.6 1758.0 1778.2 1769.9 1752.6 1737.4 1723.6 1613.8
-999.0 -999.0 -999.0 -999.0 -999.0 -999.0 -999.0 -999.0 -999.0 -999.0 -999.0 -999.0 -999.0 -999.0 -999.0 -999.0 -999.0 -999.0 -999.0 -999.0 -999.0 -999.0 -999.0 -999.0 -999.0 -999.0 -999.0 -999.0 -999.0 -999.0 -999.0 -999.0 -999.0 -999.0 -999.0 1772.7 1819.8 1778.0 1751.6 1610.8 1791.1 1789.3 1780.4 1769.5 1766.4 1803.5 1774.6 1667.1 1550.7 1194.7 1044.6 995.0 1260.9 1297.8 1462.7 1620.6 1629.5 1803.0 1801.7 1736.7 1826.8 1848.1 1839.1 1800.2 1768.1 1773.7 1766.0 1737.5 1740.7 1743.7 1721.6
-999.0 -999.0 -999.0 -999.0 -999.0 -999.0 -999.0 -999.0 -999.0 -999.0 -999.0 -999.0 -999.0 -999.0 -999.0 -999.0 -999.0 -999.0 -999.0 -999.0 -999.0 -999.0 -999.0 -999.0 -999.0 -999.0 -999.0 -999.0 -999.0 -999.0 -999.0 -999.0 -999.0 -999.0 -999.0 1836.7 1848.1 1854.8 1840.3 1811.4 1808.0 1809.8 1840.4 1850.1 1919.5 1943.3 1898.8 1787.8 1576.2 1481.8 1076.9 934.1 974.9 1193.4 1399.7 1571.4 1706.5 1652.2 1739.9 1689.0 1806.6 1826.6 1838.8 1793.0 1769.2 1758.9 1732.7 1722.2 1736.8 1745.1 1699.7
-999.0 -999.0 -999.0 -999.0 -999.0 -999.0 -999.0 -999.0 -999.0 -999.0 -999.0 -999.0 -999.0 -999.0 -999.0 1800.7 1770.6 1759.1 1754.9 -999.0 -999.0 -999.0 -999.0 -999.0 -999.0 -999.0 -999.0 -999.0 -999.0 -999.0 -999.0 -999.0 -999.0 -999.0 1869.4 1924.2 1889.3 1897.3 1820.5 1816.8 1838.9 1843.0 1846.1 1884.4 1920.1 1961.6 1914.9 1808.8 1652.4 1328.6 1113.5 1094.3 1299.2 1156.2 1357.1 1752.7 1727.8 1782.3 1571.7 1614.3 1756.5 1763.8 1771.0 1764.5 1748.1 1744.4 1735.6 1711.4 1726.0 1762.6 1749.0
-999.0 -999.0 -999.0 -999.0 -999.0 -999.0 -999.0 -999.0 -999.0 -999.0 -999.0 -999.0 -999.0 -999.0 -999.0 1707.4 1628.8 1679.0 1796.7 -999.0 -999.0 -999.0 -999.0 -999.0 -999.0 -999.0 -999.0 -999.0 -999.0 -999.0 -999.0 -999.0 -999.0 1939.3 1822.2 1892.2 1915.3 1853.0 1900.8 1829.4 1851.1 1852.1 1851.6 1876.8 1874.4 1860.4 1877.7 1806.7 1680.7 1528.5 1108.6 1049.7 1313.7 1294.7 1484.9 1666.4 1922.5 1832.1 1659.6 1624.7 1710.1 1787.3 1802.8 1770.0 1732.6 1743.9 1742.6 1736.3 1705.9 1754.5 1741.9
-999.0 -999.0 -999.0 -999.0 -999.0 -999.0 -999.0 -999.0 -999.0 -999.0 -999.0 -999.0 -999.0 1772.7 1850.3 1769.3 1619.6 1655.5 1711.0 1879.8 1970.9 2018.0 -999.0 -999.0 1882.2 1953.4 -999.0 -999.0 -999.0 1916.9 1783.1 1788.9 -999.0 1932.4 1772.4 1869.0 1945.5 1927.6 1910.5 1799.8 1791.8 1782.3 1825.2 1793.9 1853.9 1773.7 1791.2 1756.6 1388.7 1609.7 1465.1 1216.9 1535.6 1474.7 1244.2 1770.3 1663.9 1774.7 1671.3 1650.3 1708.8 1759.9 1813.6 1757.0 1757.0 1782.9 1755.1 1771.0 1720.8 1769.2 1759.4
-999.0 -999.0 -999.0 -999.0 -999.0 -999.0 -999.0 -999.0 -999.0 -999.0 -999.0 -999.0 -999.0 -999.0 1859.8 1793.4 1719.8 1722.5 1766.8 1804.2 1769.0 2017.5 -999.0 1981.6 1841.5 1654.9 1764.4 1696.7 1926.8 1903.8 1506.6 1534.0 1650.4 -999.0 1857.6 1818.1 1861.2 1905.1 1881.9 1754.5 1841.8 1940.5 1931.4 1849.7 1816.6 1764.5 1687.0 1680.3 1354.7 1261.6 1295.2 1278.5 1323.4 1220.6 1300.4 1534.8 1706.5 1746.5 1580.5 1577.9 1683.1 1673.4 1775.5 1747.9 1750.0 1784.5 1761.1 1792.2 1748.3 1776.0 1773.7
-999.0 -999.0 -999.0 -999.0 -999.0 -999.0 -999.0 -999.0 -999.0 -999.0 -999.0 -999.0 -999.0 -999.0 -999.0 1859.7 1775.3 1729.2 1829.6 1874.1 1911.9 1996.2 1589.5 1013.6 1715.2 1387.5 1390.0 1489.0 1660.9 1809.0 1760.0 1590.1 1458.8 1663.7 1873.4 1904.9 1854.4 1865.8 1789.4 1607.6 1722.0 1934.0 1963.7 1858.6 1786.4 1748.9 1677.0 1617.3 1208.9 1091.7 1239.2 1266.5 1397.8 1438.6 1391.8 1466.9 1638.6 1682.3 1599.1 1622.7 1618.7 1592.4 1715.8 1688.8 1763.8 1773.0 1778.6 1762.4 1663.4 1793.5 1790.3
-999.0 -999.0 -999.0 -999.0 -999.0 -999.0 -999.0 -999.0 -999.0 -999.0 -999.0 -999.0 -999.0 -999.0 -999.0 -999.0 1803.3 1871.6 1888.2 1909.2 1803.1 1606.3 746.7 1184.5 1798.3 1286.8 1558.5 1310.9 1387.4 1647.3 1776.9 1328.2 1536.5 1541.4 1732.1 1913.2 1862.9 1813.7 1796.6 1676.2 1686.8 1810.0 1850.2 1835.5 1758.4 1717.9 1670.3 1468.4 1338.8 1042.5 1210.2 1200.9 1243.0 1527.1 1416.0 1347.8 1487.3 1573.0 1597.1 1663.2 1588.7 1593.6 1691.3 1674.5 1760.6 1784.0 1767.3 1784.3 1772.7 1771.5 1796.3
-999.0 -999.0 -999.0 -999.0 -999.0 -999.0 -999.0 -999.0 -999.0 -999.0 -999.0 -999.0 -999.0 -999.0 -999.0 -999.0 -999.0 1934.3 1903.7 1709.3 1483.0 786.8 709.0 1134.3 1396.9 1401.2 1303.2 1186.3 1202.9 1243.6 1551.8 1695.8 1282.0 1522.3 1676.4 1741.6 1834.0 1831.1 1785.4 1742.4 1720.0 1768.9 1808.2 1778.6 1724.8 1684.2 1612.6 1448.5 1251.2 1144.7 1296.1 1318.3 1227.1 1382.0 1626.8 1397.8 1586.0 1566.0 1585.1 1710.8 1709.2 1673.7 1669.6 1677.0 1762.1 1794.9 1784.3 1813.5 1726.3 1771.3 1800.6
-999.0 -999.0 -999.0 -999.0 -999.0 -999.0 -999.0 -999.0 -999.0 -999.0 -999.0 -999.0 -999.0 -999.0 -999.0 -999.0 -999.0 1953.9 1812.3 1419.9 1265.1 1154.2 899.5 1367.3 1582.2 1371.7 1132.7 1044.2 1002.1 1223.2 1505.9 1740.5 1242.3 1344.6 1609.4 1712.4 1851.0 1838.0 1775.8 1685.1 1698.7 1721.6 1741.0 1755.3 1724.7 1662.3 1480.1 1379.8 1454.6 1116.9 1286.3 1264.4 1193.5 1255.3 1456.6 1571.3 1613.3 1685.2 1602.6 1605.3 1691.0 1685.0 1729.7 1735.8 1794.3 1793.3 1798.4 1803.0 1774.9 1752.3 1795.3
-999.0 -999.0 -999.0 -999.0 -999.0 -999.0 -999.0 -999.0 -999.0 -999.0 -999.0 -999.0 -999.0 -999.0 -999.0 -999.0 -999.0 1940.9 1736.9 1484.1 1508.4 1138.6 1272.0 1478.4 1362.3 1473.2 1291.8 999.9 1105.4 1027.5 1266.9 1563.3 1269.9 1276.3 1420.0 1771.8 1829.6 1846.4 1744.4 1642.2 1653.7 1703.5 1725.9 1735.9 1700.4 1574.8 1497.5 1488.7 1456.7 1285.0 1315.2 1333.9 1356.6 1453.6 1488.4 1463.7 1706.9 1625.5 1619.9 1680.9 1664.8 1714.7 1676.2 1791.0 1808.3 1800.1 1810.6 1811.6 1707.5 1800.6 1817.0
-999.0 -999.0 -999.0 -999.0 -999.0 -999.0 -999.0 -999.0 -999.0 -999.0 -999.0 -999.0 -999.0 -999.0 -999.0 -999.0 1920.0 1120.6 1586.1 1429.8 1251.7 1540.1 778.1 981.2 1074.2 1202.6 997.8 1172.8 1118.5 1247.1 1382.3 1293.7 1090.3 1295.3 1430.8 1759.1 1843.8 1859.2 1700.0 1675.6 1705.3 1703.3 1731.7 1704.8 1604.8 1632.0 1619.2 1430.5 1321.2 1534.0 1223.5 1289.0 1512.6 1488.1 1570.8 1680.7 1690.1 1695.5 1688.7 1768.6 1703.3 1758.0 1803.4 1715.3 1813.2 1806.5 1794.7 1798.8 1721.5 1807.4 1829.2
-999.0 -999.0 -999.0 -999.0 -999.0 -999.0 -999.0 -999.0 -999.0 -999.0 -999.0 -999.0 -999.0 -999.0 1915.2 1845.6 1497.7 1559.0 1698.0 1675.9 1463.7 1618.3 1367.2 1275.0 1030.9 1055.6 945.7 1061.0 1017.9 1389.1 1243.8 1308.0 1560.5 1568.5 1682.6 1692.2 1778.3 1804.1 1696.7 1673.5 1673.2 1706.1 1675.3 1557.0 1625.1 1597.3 1650.3 1481.1 1402.5 1439.5 1511.1 1583.7 1479.5 1542.0 1602.5 1637.6 1665.7 1681.3 1753.9 1796.6 1846.5 1875.9 1844.4 1806.7 1800.5 1774.6 1800.6 1793.0 1717.6 1789.6 1831.4
-999.0 -999.0 -999.0 -999.0 -999.0 -999.0 -999.0 -999.0 -999.0 -999.0 -999.0 -999.0 -999.0 1862.8 1781.1 1767.7 1769.6 1830.5 1887.9 1840.6 1828.1 1766.2 1499.1 1333.0 1193.1 728.2 1186.5 1299.1 1266.9 1468.4 1068.6 1040.0 1153.5 1471.9 1653.2 1668.5 1701.8 1723.6 1682.7 1632.3 1665.6 1662.0 1634.6 1565.3 1526.7 1621.6 1613.4 1480.8 1483.6 1516.0 1543.8 1551.9 1549.9 1653.3 1637.0 1691.3 1818.3 1737.9 1786.4 1871.7 1942.5 1904.8 1810.8 1810.1 1790.0 1772.3 1765.8 1768.7 1665.7 1730.2 1797.8
-999.0 -999.0 -999.0 -999.0 -999.0 -999.0 -999.0 -999.0 -999.0 -999.0 -999.0 -999.0 1904.8 1683.1 1692.5 1739.1 -999.0 -999.0 -999.0 -999.0 1870.8 1274.2 1252.6 1240.5 1103.4 1215.4 1285.3 1020.8 1082.5 1245.1 699.8 871.7 1107.9 1218.8 1528.1 1739.1 1706.9 1684.5 1696.3 1673.1 1675.6 1676.1 1615.3 1639.3 1514.3 1580.9 1591.2 1565.4 1541.5 1545.0 1574.9 1660.3 1665.8 1690.0 1724.4 1770.7 1836.7 1845.1 1832.7 1855.0 1863.4 1846.1 1816.9 1794.9 1735.4 1701.4 1702.6 1722.7 1674.2 1711.5 1738.4
-999.0 -999.0 -999.0 -999.0 -999.0 -999.0 -999.0 -999.0 -999.0 -999.0 -999.0 -999.0 1875.7 1572.6 1838.9 1913.1 -999.0 -999.0 -999.0 -999.0 1950.7 1470.5 1149.1 1469.2 1091.6 1114.5 1139.5 936.4 884.1 1138.2 881.1 1361.3 1340.4 1472.4 1619.2 1754.5 1746.4 1694.9 1684.3 1643.5 1600.1 1676.6 1608.2 1616.9 1597.1 1538.1 1620.5 1601.6 1657.9 1604.1 1555.5 1552.0 1573.4 1698.4 1746.8 1772.0 1794.0 1750.8 1773.4 1762.9 1764.1 1768.1 1685.0 1718.1 1582.8 1597.7 1605.2 1690.2 1676.3 1710.9 1738.0
-999.0 -999.0 -999.0 -999.0 -999.0 -999.0 -999.0 -999.0 -999.0 -999.0 -999.0 -999.0 -999.0 -999.0 -999.0 -999.0 -999.0 -999.0 -999.0 -999.0 1971.3 1407.1 1347.4 1485.7 1261.3 1398.4 926.6 982.9 1342.5 1143.7 1194.5 1343.3 1360.0 1594.0 1707.4 1786.8 1682.5 1690.7 1677.8 1665.5 1687.7 1690.5 1669.2 1658.6 1632.3 1588.8 1638.1 1664.4 1660.2 1633.9 1667.3 1629.7 1616.2 1757.8 1653.0 1586.2 1681.8 1683.8 1702.4 1761.6 1713.7 1636.4 1529.1 1562.3 1631.1 1629.9 1605.2 1670.2 1665.4 1711.6 1725.3
-999.0 -999.0 -999.0 -999.0 -999.0 -999.0 -999.0 -999.0 -999.0 -999.0 -999.0 -999.0 -999.0 -999.0 -999.0 -999.0 -999.0 -999.0 -999.0 -999.0 -999.0 1426.9 1890.4 1729.8 1392.0 1031.5 1111.3 1005.6 1055.0 1391.3 1355.6 1321.9 1625.1 1682.9 1770.0 1770.5 1739.7 1707.2 1751.2 1768.9 1737.8 1731.3 1712.2 1675.5 1668.4 1597.9 1603.9 1659.7 1529.4 1615.2 1719.6 1728.7 1722.4 1712.8 1720.5 1620.0 1599.0 1655.7 1581.7 1715.0 1728.9 1618.2 1623.0 1604.0 1635.1 1694.5 1640.2 1673.3 1707.5 1758.6 1735.1
-999.0 -999.0 -999.0 -999.0 -999.0 -999.0 -999.0 -999.0 -999.0 -999.0 -999.0 -999.0 -999.0 -999.0 -999.0 -999.0 -999.0 -999.0 -999.0 -999.0 -999.0 1730.3 1236.1 1131.1 1262.9 1292.8 1363.5 1202.9 1375.9 1371.1 1557.1 1716.6 1554.8 1729.4 1765.1 1615.0 1656.9 1695.6 1791.4 1872.7 1810.5 1701.9 1706.3 1608.6 1602.1 1584.4 1593.1 1643.4 1543.5 1539.8 1664.1 1727.1 1750.2 1729.2 1713.8 1682.3 1638.0 1597.7 1462.4 1591.4 1744.7 1698.4 1625.2 1550.2 1527.3 1592.9 1693.1 1686.5 1742.8 1785.8 1821.3
-999.0 -999.0 -999.0 -999.0 -999.0 -999.0 -999.0 -999.0 -999.0 -999.0 -999.0 -999.0 -999.0 -999.0 -999.0 -999.0 -999.0 -999.0 -999.0 -999.0 1819.8 1608.8 1665.1 1016.4 1389.3 1462.7 1266.0 1310.7 1436.8 1242.9 1606.1 1756.9 1540.2 1794.5 1296.2 1523.2 1673.1 1700.3 1651.2 1770.4 1753.2 1492.6 1517.8 1584.1 1677.5 1636.7 1650.8 1677.2 1669.2 1677.5 1712.4 1745.0 1742.7 1744.8 1725.5 1669.0 1671.8 1583.7 1612.6 1692.2 1741.3 1690.1 1603.6 1528.9 1507.3 1572.2 1705.7 1730.9 1789.1 1841.6 1872.7
-999.0 -999.0 -999.0 -999.0 -999.0 -999.0 -999.0 -999.0 -999.0 -999.0 -999.0 -999.0 -999.0 -999.0 -999.0 -999.0 -999.0 -999.0 -999.0 -999.0 2023.8 1741.0 1124.7 1517.4 1805.6 1563.2 1499.5 1343.0 1202.3 1268.0 1584.3 1709.7 1669.2 1739.7 1628.9 1575.5 1509.1 1513.1 1685.1 1668.7 1657.0 1611.1 1565.5 1667.7 1692.3 1670.9 1717.8 1696.6 1714.2 1780.1 1765.6 1756.2 1754.3 1750.7 1749.5 1721.3 1709.2 1641.2 1629.9 1701.0 1722.6 1644.7 1534.3 1467.2 1560.9 1566.1 1618.7 1710.0 1829.1 1808.4 1895.8
-999.0 -999.0 -999.0 -999.0 -999.0 -999.0 -999.0 -999.0 -999.0 -999.0 -999.0 -999.0 -999.0 -999.0 -999.0 -999.0 -999.0 -999.0 -999.0 -999.0 2102.4 1631.6 1882.9 1611.9 1615.1 1465.5 1440.2 1078.3 1257.2 1184.3 1454.8 1588.1 1727.2 1731.3 1634.0 1408.0 1302.2 1210.6 1583.9 1461.7 1565.5 1559.3 1587.1 1721.5 1696.0 1695.9 1738.4 1748.8 1817.9 1834.5 1734.1 1740.4 1773.2 1750.8 1660.8 1764.5 1734.6 1701.4 1705.0 1744.6 1723.8 1630.2 1579.7 1574.4 1605.1 1621.0 1707.8 1755.4 1765.9 1806.3 1885.1
-999.0 -999.0 -999.0 -999.0 -999.0 -999.0 -999.0 -999.0 -999.0 -999.0 -999.0 -999.0 -999.0 -999.0 -999.0 -999.0 -999.0 -999.0 -999.0 -999.0 -999.0 1862.4 1540.8 1316.2 1100.5 987.3 1194.1 1212.3 1386.8 1622.7 1648.4 1697.0 1635.6 1621.4 1669.5 1541.0 1529.3 1282.3 1455.2 1545.7 1577.4 1492.8 1537.3 1711.3 1632.7 1728.6 1787.5 1675.4 1849.6 1872.4 1870.8 1811.9 1813.9 1783.7 1652.9 1714.7 1774.0 1718.4 1728.9 1738.7 1693.6 1616.0 1642.5 1667.7 1719.2 1676.4 1755.0 1702.5 1737.2 1843.9 1878.9
