GDD/GrowingDegreeDays_2009_Actual.txt
ncols         180
nrows         290
xllcorner     -200000
yllcorner     -200000
cellsize      5000
NODATA_value    -999
[rows 192 to 223 of 290, columns 71 to 141 of 180]
-999.0 -999.0 -999.0 -999.0 -999.0 -999.0 -999.0 -999.0 -999.0 -999.0 -999.0 -999.0 -999.0 -999.0 -999.0 -999.0 -999.0 -999.0 -999.0 -999.0 -999.0 1811.2 1492.9 1285.2 1111.0 883.0 1015.4 1321.7 1581.2 1742.8 1611.5 1415.7 1288.8 1213.4 1522.1 1738.2 1702.6 1588.9 1603.3 1776.5 1518.6 1632.5 1656.0 1800.1 1755.5 1898.5 1969.8 1944.8 1877.5 1950.1 2009.7 1998.7 1969.6 1963.1 1883.7 1939.6 1976.8 1945.1 1878.8 1850.5 1833.7 1792.9 1865.2 1906.9 1814.3 1850.8 1881.8 1925.1 1930.6 2032.8 2032.5
-999.0 -999.0 -999.0 -999.0 -999.0 -999.0 -999.0 -999.0 -999.0 -999.0 -999.0 -999.0 -999.0 -999.0 -999.0 -999.0 -999.0 -999.0 -999.0 -999.0 1969.8 1853.2 1549.3 1270.8 1151.1 1200.5 1238.7 1407.6 1319.8 962.6 1247.5 1266.2 1309.0 1561.0 1689.4 1623.4 1604.6 1742.3 1753.0 1694.5 1557.2 1594.9 1657.3 1815.3 1760.5 1948.4 1955.3 1849.3 1965.9 1884.4 1888.8 1931.1 1888.7 1940.3 1905.9 1988.4 2018.5 1947.6 1925.1 1939.5 1853.5 1880.2 1790.1 1868.2 1825.5 1921.3 1922.0 1939.8 2022.1 2057.5 2000.4
-999.0 -999.0 -999.0 -999.0 -999.0 -999.0 -999.0 -999.0 -999.0 -999.0 -999.0 -999.0 -999.0 -999.0 -999.0 -999.0 -999.0 -999.0 -999.0 -999.0 1672.0 1612.3 1558.0 1512.9 1335.5 999.4 1044.6 1149.3 1302.7 1260.3 1172.3 1121.4 1139.7 1536.8 1417.8 1340.1 1732.2 1526.5 1851.9 1770.8 1606.3 1456.6 1775.8 1769.8 1934.4 1999.2 1961.6 1915.4 1666.6 1804.4 1825.7 1856.3 1868.7 1899.4 1907.9 1983.5 1985.0 1983.5 1946.9 2002.7 1976.8 1847.2 1808.1 1843.8 1817.6 1926.1 2000.0 2030.4 2075.1 2048.1 2007.4
-999.0 -999.0 -999.0 -999.0 -999.0 -999.0 -999.0 -999.0 -999.0 -999.0 -999.0 -999.0 -999.0 -999.0 -999.0 -999.0 -999.0 -999.0 -999.0 -999.0 1723.6 1627.3 1794.2 1603.3 1349.2 994.8 1153.5 1123.6 1365.5 1224.9 1291.5 1443.8 1366.5 1351.3 1445.1 1609.7 1768.1 1751.0 1501.5 1827.8 1803.7 1773.0 1799.3 1720.2 1896.0 2037.6 2000.2 1904.9 1863.2 1893.0 1819.8 1842.9 1863.7 1870.7 1967.9 1974.7 1914.2 1961.9 1933.3 2012.0 1941.1 1825.5 1831.1 1951.2 1977.6 1927.6 2024.3 2011.6 2116.3 2036.3 2032.0
-999.0 -999.0 -999.0 -999.0 -999.0 -999.0 -999.0 -999.0 -999.0 -999.0 -999.0 -999.0 -999.0 -999.0 -999.0 -999.0 -999.0 -999.0 -999.0 1847.4 1603.7 1310.3 1466.7 1583.9 1270.1 1192.1 1051.9 1061.9 1553.5 1537.6 1585.1 1448.6 1325.2 1526.7 1535.6 1412.8 1633.9 1746.2 1794.0 1880.7 1914.2 1889.6 1830.6 1893.9 1960.4 2011.0 2036.3 2016.8 1952.5 1917.6 1969.6 1909.0 1923.7 1886.4 1966.1 1958.5 1956.1 2000.7 2011.5 1998.0 1876.7 1892.7 1917.1 2054.1 2022.6 2013.7 2025.3 2097.4 2042.0 2036.0 2040.9
-999.0 -999.0 -999.0 -999.0 -999.0 -999.0 -999.0 -999.0 -999.0 -999.0 -999.0 -999.0 -999.0 -999.0 -999.0 -999.0 -999.0 -999.0 1716.6 1624.4 1469.6 1559.3 1627.9 1315.0 1064.9 1041.7 1250.5 1176.5 1541.8 1423.9 1548.8 1608.8 1074.4 1487.6 1439.0 1720.2 1723.9 1845.0 1862.8 1845.3 1748.6 1867.8 1716.5 1925.3 1930.9 2090.1 2097.1 2046.9 2017.3 2001.3 2014.6 1965.5 1924.1 1927.5 2053.1 1993.8 1979.5 1951.0 1945.7 1930.1 1867.3 1934.8 1900.8 2045.3 2068.6 2134.0 2114.8 2001.7 1972.6 2022.3 2021.9
-999.0 -999.0 -999.0 -999.0 -999.0 -999.0 -999.0 -999.0 -999.0 -999.0 -999.0 -999.0 -999.0 -999.0 -999.0 -999.0 1679.0 1686.4 1707.0 1821.0 1780.6 1649.4 1566.4 1235.3 1118.2 1014.4 980.7 1196.5 1385.2 1696.3 1479.3 1570.3 1228.4 1518.1 1677.6 1762.0 1866.4 1850.4 1927.7 1845.3 1706.8 1793.8 1804.8 2048.0 2063.8 2093.6 2090.1 2001.6 2003.3 1988.8 2046.3 1977.1 1939.8 2028.1 2052.6 2039.6 1907.2 1902.6 1837.8 1792.3 1839.4 1888.7 1969.5 2049.7 2033.8 2006.0 2027.8 1987.1 2068.9 2024.7 2028.7
-999.0 -999.0 -999.0 -999.0 -999.0 -999.0 -999.0 -999.0 -999.0 -999.0 -999.0 -999.0 1987.3 1973.6 1965.0 1543.0 1430.4 1354.3 1348.6 1614.5 1652.2 1686.0 1221.0 1314.2 1139.6 1146.7 1214.4 1507.2 1617.3 1770.8 1620.2 1679.8 1148.5 1337.6 1577.5 1834.1 1819.3 1864.2 1683.1 1916.0 1751.2 1763.1 1864.4 2018.1 2145.8 2160.0 2030.2 2048.1 2052.0 1944.7 2029.7 2002.6 2044.5 2027.0 1992.0 1928.6 1971.5 1879.5 1908.0 1866.1 1787.2 1810.1 1855.2 1929.9 1937.2 1965.4 2016.7 2056.7 2004.0 2106.7 2100.1
-999.0 -999.0 -999.0 -999.0 -999.0 -999.0 -999.0 -999.0 -999.0 -999.0 -999.0 1773.9 1860.1 1700.8 1703.6 1694.2 1452.2 1515.4 1467.9 1692.2 1828.8 1486.9 1362.9 1249.2 1602.7 1118.2 1394.9 1619.5 1229.6 1518.2 1818.4 1242.9 1460.1 1568.8 1946.0 1968.1 1917.9 1631.8 1907.0 1916.8 1878.7 1887.9 1838.7 2002.6 2066.3 2206.3 2099.8 2091.9 2065.1 1987.7 2004.3 2019.5 2040.1 2043.2 1945.9 1939.5 1769.3 1931.3 1950.5 1901.4 1828.5 1890.4 1913.3 1985.8 2016.8 1985.4 2029.9 2001.2 2081.1 2110.4 2082.5
-999.0 -999.0 -999.0 -999.0 -999.0 -999.0 -999.0 -999.0 -999.0 -999.0 1729.5 1702.8 1870.0 1827.8 1799.6 1684.4 1733.8 1645.7 1720.6 1699.3 1307.6 1556.1 1668.7 1274.0 1800.0 1459.7 1419.2 1155.9 1284.6 1282.5 1519.4 1569.0 1683.7 1954.0 1547.7 1605.6 1935.1 1898.7 1970.9 2016.9 1925.2 1968.1 2023.2 1985.9 2009.2 2206.3 2151.8 2130.2 2064.7 2067.7 2064.7 2052.6 1908.0 2085.5 2011.5 1921.7 1847.0 1895.7 1941.0 1890.6 1835.2 1859.6 1844.3 1929.9 2028.3 2056.5 2091.0 2023.1 2064.4 2115.0 2021.1
-999.0 -999.0 -999.0 -999.0 -999.0 -999.0 2003.8 1719.6 1843.1 1645.0 1812.2 1768.5 1688.8 1774.8 1796.1 1587.3 1681.3 1642.3 1681.0 1462.7 1488.9 1657.4 1582.1 1572.8 1681.4 1633.3 1315.6 1277.0 1453.2 1514.3 1382.7 1617.7 1907.6 1482.0 1403.6 1660.6 1646.9 1902.3 1919.7 2036.2 2008.6 1786.1 2022.6 1886.5 2104.5 2181.0 2153.9 2112.4 1896.0 2036.2 1997.5 1688.7 2010.9 2037.6 1988.0 1896.7 1810.8 1927.9 1920.8 1904.4 1933.9 1900.4 1913.8 1978.1 2042.9 2024.5 2076.9 2066.2 2049.9 2048.8 2065.5
-999.0 -999.0 -999.0 -999.0 -999.0 1946.7 1769.6 1781.5 1739.1 1489.4 1202.5 1323.6 1386.1 1660.6 1552.0 1404.5 1515.8 1563.9 1398.3 1610.3 1682.1 1466.7 1722.3 1876.7 1738.9 1671.1 1422.8 1434.2 1473.4 1553.5 1587.4 1696.7 1599.9 902.5 1262.1 1612.0 1840.5 1806.5 1930.3 1807.1 1993.8 1940.1 2050.0 2086.2 2121.3 2128.0 2152.0 2147.3 2034.4 1975.8 1671.8 1678.1 1787.7 1918.7 1959.1 1705.2 1847.0 1920.3 1909.5 1963.5 1909.6 1927.8 1952.1 2030.1 1953.8 1991.2 2061.0 1937.6 1977.9 2081.5 2081.1
-999.0 -999.0 -999.0 2043.8 1908.5 1863.6 1740.7 1797.0 1725.3 1588.6 1558.8 1639.5 1753.9 1551.2 1673.8 1503.8 1794.2 1695.6 1476.5 1589.0 1781.2 1677.1 1935.1 1908.4 1542.0 1428.2 1517.9 1655.4 1480.2 1762.9 1824.8 1805.9 1399.2 1194.5 1197.7 1826.6 1765.0 1794.0 1809.0 1911.6 2073.5 1948.0 2019.2 2061.0 2144.3 2126.9 2196.0 2182.9 2025.1 1946.3 1671.7 1722.2 1805.4 1922.3 1857.4 1718.6 1787.3 1846.6 1920.4 1927.1 1951.1 1987.1 2016.1 2010.1 1971.3 1953.9 1993.5 2014.2 2029.3 2078.7 2006.7
-999.0 -999.0 -999.0 2077.6 -999.0 2029.4 1956.7 1781.4 1855.7 1763.3 1769.4 1701.0 1765.5 1739.1 1631.5 1790.5 1702.4 1865.8 1918.0 1938.9 1954.8 1956.5 1676.2 1742.5 1372.4 831.3 1470.8 1437.7 1452.4 1135.3 1167.2 1876.6 1927.9 1053.6 1471.3 1706.4 1673.1 1607.5 1846.7 2040.5 2121.3 1917.4 1910.7 2065.9 2172.3 2205.1 2164.0 2185.6 2029.1 1729.5 1651.0 1794.5 1870.2 1906.0 1932.5 1922.0 1840.0 1927.7 1975.0 2017.7 2048.9 2064.5 2052.2 1947.8 1980.3 2021.9 2004.3 2059.4 2054.0 2002.2 2034.8
-999.0 -999.0 -999.0 -999.0 -999.0 -999.0 1843.4 1928.2 1930.1 1820.8 1885.9 1825.5 1828.2 1792.2 1905.2 1921.4 1816.2 1850.3 1753.9 1912.9 1671.3 1922.9 1602.9 1405.6 1345.9 1157.2 1051.4 1256.2 1107.3 997.8 1493.8 1370.7 1567.0 2034.9 1528.2 1601.4 1959.8 1921.1 2081.2 1878.8 1931.1 1696.9 1816.5 2081.8 2140.5 2201.0 2252.2 2063.6 1747.3 1832.4 1646.5 1811.2 1863.8 1808.9 1939.9 1821.2 1974.6 1985.2 2063.3 2106.6 2102.1 2064.9 2046.1 2037.1 2072.3 2079.7 2083.6 2032.0 1948.0 1910.0 2001.9
-999.0 -999.0 -999.0 -999.0 -999.0 2024.4 1950.0 1900.3 1915.1 1938.3 1761.3 1670.9 1585.6 1714.5 1830.9 1863.0 1926.0 1866.5 1595.8 1919.5 1785.1 2056.5 1869.6 1775.9 1773.5 1796.2 1471.6 1515.7 1271.3 1248.3 1103.9 1332.5 1359.7 1547.7 1187.6 1791.6 1941.5 1999.6 1874.7 1921.9 1716.8 1820.6 1828.2 2118.8 2142.4 2134.9 1803.3 1717.8 1723.6 1667.8 1841.6 1809.4 1819.4 1869.0 1953.4 1966.4 1987.0 2067.3 2145.7 2176.7 2154.1 2042.7 2015.4 1986.2 2040.5 2089.9 2073.4 1985.5 1824.4 2004.6 1985.1
-999.0 -999.0 -999.0 -999.0 2142.7 2076.5 2020.5 1972.4 1972.2 1961.7 1930.2 1842.1 1926.2 1910.9 1953.0 1930.9 1883.1 1877.9 1877.2 1650.6 1991.4 1608.2 1717.6 1684.5 1511.6 1593.4 1743.6 1706.3 1498.2 1577.2 1410.1 1458.1 1664.0 1320.0 1371.3 1924.2 1793.6 2057.3 2021.7 1853.1 1801.3 1937.6 1984.4 2079.8 2125.0 1910.0 1964.1 1772.5 1777.4 1840.0 1815.9 1859.8 1922.4 1934.7 2026.6 2063.2 2071.6 2125.8 2056.0 2223.9 2108.9 2108.8 2072.1 2079.2 2074.9 2056.5 1976.1 1854.6 1906.5 1960.1 1995.6
-999.0 -999.0 -999.0 -999.0 -999.0 -999.0 2149.7 2062.9 2020.4 1957.3 1906.5 1861.8 -999.0 -999.0 -999.0 -999.0 1954.6 1887.8 1765.9 2005.1 2115.9 1975.7 1944.5 1908.8 1846.0 2072.4 1187.1 1154.0 1604.5 1720.3 1719.1 1553.7 1501.9 1411.7 1741.0 1876.9 1920.4 2084.2 1738.8 1937.3 1841.8 2103.2 2084.5 2083.5 2098.4 1813.7 1977.6 1817.5 1833.5 1923.3 1918.0 1946.7 1977.9 2035.2 2074.7 2091.3 2078.5 2106.1 2040.0 2178.9 2109.8 2050.1 2068.5 2042.5 2031.2 1917.5 1945.8 1907.8 1911.2 1963.7 2108.2
-999.0 -999.0 -999.0 -999.0 -999.0 -999.0 2162.3 2017.7 1923.1 2067.4 1888.8 2012.8 -999.0 -999.0 -999.0 -999.0 -999.0 -999.0 -999.0 2126.0 2152.3 2102.5 2236.4 2113.6 1876.7 1505.5 1300.6 1124.5 1226.2 1439.8 1617.7 1612.7 1779.8 1596.0 1615.8 1963.2 2063.8 1747.7 1800.2 1823.8 2155.7 2166.1 2103.1 2114.8 1930.6 1837.9 1856.7 1855.0 1923.7 1961.9 1985.9 2007.3 2015.3 2023.4 2046.0 1981.5 2047.8 2086.5 2128.2 2154.0 2087.7 2047.4 2039.2 1903.0 1917.2 2019.8 1911.7 1925.4 1990.5 2048.5 2121.9
-999.0 -999.0 -999.0 -999.0 -999.0 -999.0 -999.0 -999.0 2110.7 -999.0 -999.0 -999.0 -999.0 -999.0 -999.0 -999.0 -999.0 1937.3 1959.1 2021.5 1987.6 2117.8 2246.0 2277.8 2061.0 1768.9 1421.9 1316.3 1406.6 1803.1 1835.2 1480.9 1673.0 1761.5 1972.3 2097.6 2180.6 1956.3 2028.0 2069.6 2189.5 2175.8 2080.8 2089.6 1770.6 1725.5 1846.5 1869.7 1956.6 1977.0 1991.1 2026.7 1973.5 2009.3 1979.9 2048.5 2066.6 2097.8 2113.3 2111.2 2006.0 1979.2 1900.7 1801.8 1946.9 1932.1 2117.8 2017.3 2061.6 2131.6 2104.5
-999.0 -999.0 -999.0 -999.0 -999.0 -999.0 -999.0 -999.0 -999.0 -999.0 -999.0 -999.0 -999.0 -999.0 -999.0 -999.0 -999.0 1968.9 1977.1 2186.6 2116.1 2107.2 -999.0 -999.0 2312.2 1753.0 1935.4 1744.7 1799.3 1793.5 1735.1 1636.9 1967.9 2031.8 2039.5 2140.1 2187.3 2197.2 2216.4 2220.7 2200.0 2056.9 2058.2 1982.8 1754.3 1850.8 1898.6 1947.1 1968.5 1928.9 1955.5 2000.4 1986.2 2019.6 1986.8 1942.2 1924.5 1996.6 1958.5 2059.8 2054.1 1966.7 1754.9 1965.4 1977.0 2062.2 2216.2 2089.7 2132.7 2196.1 2239.6
-999.0 -999.0 -999.0 -999.0 -999.0 -999.0 -999.0 -999.0 -999.0 -999.0 -999.0 -999.0 -999.0 -999.0 -999.0 -999.0 -999.0 -999.0 -999.0 -999.0 -999.0 -999.0 -999.0 -999.0 2295.7 2147.4 1878.0 1859.3 1993.8 2007.0 1986.4 1933.0 2044.9 2133.0 2141.8 2167.7 2217.9 2242.8 -999.0 2275.7 2222.9 2108.3 2086.6 1977.8 1790.2 1869.0 1882.0 1954.6 2039.9 2028.1 1935.8 1998.5 1972.5 1849.0 1794.5 1821.1 1782.5 1741.2 1868.5 1912.5 1952.1 1974.9 1907.7 2045.8 2055.7 2075.6 2158.2 2192.4 2231.3 2230.0 2253.8
-999.0 -999.0 -999.0 -999.0 -999.0 -999.0 -999.0 -999.0 -999.0 -999.0 -999.0 -999.0 -999.0 -999.0 -999.0 -999.0 -999.0 -999.0 -999.0 -999.0 -999.0 -999.0 -999.0 -999.0 -999.0 2184.9 2078.1 1999.2 1920.3 1893.7 2029.9 2067.8 2100.5 2203.1 -999.0 -999.0 -999.0 -999.0 2248.9 2271.1 2157.6 2129.6 2103.4 1996.2 1805.0 1880.7 1842.9 1906.4 2053.0 1941.4 1941.1 1805.9 1869.6 1687.4 1786.7 1772.4 1836.5 1817.0 1836.1 1926.3 1894.8 2126.5 2122.2 2105.6 2209.4 2170.4 2215.1 2245.2 2271.9 2368.5 2471.0
-999.0 -999.0 -999.0 -999.0 -999.0 -999.0 -999.0 -999.0 -999.0 -999.0 -999.0 -999.0 -999.0 -999.0 -999.0 -999.0 -999.0 -999.0 -999.0 -999.0 -999.0 -999.0 -999.0 -999.0 -999.0 -999.0 2170.8 1929.9 1938.7 1981.2 1923.1 2033.1 2137.4 -999.0 -999.0 -999.0 -999.0 2124.8 2021.4 1951.2 2174.4 2171.3 2152.3 1917.2 1820.7 1828.3 1817.8 1882.7 1928.3 1971.2 1808.6 1652.7 1725.7 1729.7 1820.7 1818.0 1851.7 1965.5 1933.7 1961.6 2042.7 2101.5 2158.2 2281.3 2203.5 2162.7 2190.1 2162.3 2163.8 2342.0 2422.0
-999.0 -999.0 -999.0 -999.0 -999.0 -999.0 -999.0 -999.0 -999.0 -999.0 -999.0 -999.0 -999.0 -999.0 -999.0 -999.0 -999.0 -999.0 -999.0 -999.0 -999.0 -999.0 -999.0 -999.0 -999.0 -999.0 -999.0 2158.6 2064.4 2091.2 1980.0 2123.4 2146.0 -999.0 -999.0 -999.0 2151.4 2134.4 2067.6 1914.8 1978.0 2043.6 2173.8 2030.2 2100.6 1887.7 1846.2 1934.3 1831.2 1762.9 1769.6 1785.3 1690.5 1782.2 1859.4 1906.2 1980.0 2001.9 2012.2 2010.1 1999.1 2079.4 2166.3 2162.9 2071.4 2050.4 2140.5 2142.9 2164.0 2246.4 2345.6
-999.0 -999.0 -999.0 -999.0 -999.0 -999.0 -999.0 -999.0 -999.0 -999.0 -999.0 -999.0 -999.0 -999.0 -999.0 -999.0 -999.0 -999.0 -999.0 -999.0 -999.0 -999.0 -999.0 -999.0 -999.0 -999.0 -999.0 -999.0 -999.0 -999.0 -999.0 -999.0 -999.0 -999.0 -999.0 2101.0 2109.4 2118.4 2090.7 1892.8 2070.2 2033.5 1982.2 2014.8 2038.6 1965.2 2050.3 2013.8 1966.5 1868.8 1884.0 1861.5 1835.4 1804.4 1839.0 1879.9 1765.2 1921.4 1903.1 1969.7 1958.3 2002.8 2093.8 2071.9 2024.8 2019.0 2011.1 2121.6 2173.9 2208.1 2244.5
-999.0 -999.0 -999.0 -999.0 -999.0 -999.0 -999.0 -999.0 -999.0 -999.0 -999.0 -999.0 -999.0 -999.0 -999.0 -999.0 -999.0 -999.0 -999.0 -999.0 -999.0 -999.0 -999.0 -999.0 -999.0 -999.0 -999.0 -999.0 -999.0 -999.0 -999.0 -999.0 -999.0 -999.0 -999.0 2222.8 1997.0 2020.6 1547.4 1693.7 2027.3 1997.6 1967.0 1960.2 1930.1 2034.7 2067.9 2035.5 1995.0 1877.7 1930.3 1991.7 1835.0 1799.9 1689.0 1831.5 1815.2 1702.5 1853.2 1915.7 1973.6 2048.2 2070.7 2075.4 2066.4 2058.9 2095.0 2070.8 2110.2 2187.0 2192.0
-999.0 -999.0 -999.0 -999.0 -999.0 -999.0 -999.0 -999.0 -999.0 -999.0 -999.0 -999.0 -999.0 -999.0 -999.0 -999.0 -999.0 -999.0 -999.0 -999.0 -999.0 -999.0 -999.0 -999.0 -999.0 -999.0 -999.0 -999.0 -999.0 -999.0 -999.0 -999.0 -999.0 -999.0 -999.0 2183.9 2134.7 2103.5 1875.6 1581.5 1723.4 1852.4 1965.1 1861.8 1992.0 1997.6 2046.4 1856.2 1791.8 1730.1 1821.4 1928.0 1898.1 1896.6 1874.9 1843.4 1838.2 1909.9 1911.3 1927.0 1957.9 2023.6 2070.6 2094.4 2093.3 2039.6 2069.8 2062.2 2089.7 2132.3 2078.0
-999.0 -999.0 -999.0 -999.0 -999.0 -999.0 -999.0 -999.0 -999.0 -999.0 -999.0 -999.0 -999.0 -999.0 -999.0 -999.0 -999.0 -999.0 2315.0 2167.8 2220.8 1471.8 1427.7 1445.4 1495.6 1389.7 2216.3 1736.7 2305.6 -999.0 -999.0 -999.0 -999.0 -999.0 -999.0 2160.7 2116.5 2060.7 2107.1 1972.1 1808.2 1737.9 1824.2 1913.0 1955.2 1951.4 1887.6 1764.9 1817.9 1887.3 1918.3 1962.3 1898.4 1923.0 1988.4 2032.5 2040.6 1980.7 2005.5 1931.9 1895.5 1834.0 1968.6 2028.1 2007.7 1996.3 2051.5 1985.2 2051.8 2113.0 2022.6
-999.0 -999.0 -999.0 -999.0 -999.0 -999.0 -999.0 -999.0 -999.0 -999.0 -999.0 -999.0 -999.0 -999.0 -999.0 -999.0 -999.0 -999.0 1881.8 1807.5 1603.6 1523.2 1244.4 1142.7 1247.3 1295.8 1391.1 1765.6 2022.2 2178.4 2095.2 1869.8 2061.9 2139.5 2184.6 2146.9 2122.2 2115.7 2118.3 2110.4 2057.3 1839.3 1834.8 1899.7 1978.0 1718.8 1862.6 1958.6 1910.0 1869.8 1971.0 2004.2 2002.9 1985.8 2004.7 2041.0 2027.8 2108.7 2052.7 1960.1 1932.8 1945.3 1892.6 1886.4 2024.0 2049.1 2094.0 2123.6 2035.2 2121.3 1760.3
-999.0 -999.0 -999.0 -999.0 -999.0 -999.0 -999.0 -999.0 -999.0 -999.0 -999.0 -999.0 -999.0 -999.0 -999.0 -999.0 -999.0 2254.8 2128.1 1935.4 1841.6 1692.3 1367.5 1192.8 1250.0 1385.0 1439.1 1508.9 1721.6 1868.4 1942.3 1883.8 1768.6 2043.9 2088.0 2113.9 2075.2 1979.1 2104.5 2085.1 1930.8 1897.1 1913.3 1901.6 1693.1 1880.5 1755.5 1817.1 1895.0 2000.6 1988.5 2052.9 1993.3 1902.3 2041.5 2004.0 2089.3 2056.2 2047.5 1991.7 1969.8 1855.8 1802.8 2001.1 2053.4 2048.6 1862.0 2033.1 2095.4 2079.1 2073.8
-999.0 -999.0 -999.0 -999.0 -999.0 -999.0 -999.0 -999.0 -999.0 -999.0 -999.0 -999.0 -999.0 -999.0 -999.0 -999.0 -999.0 -999.0 2188.1 2134.8 2070.8 1725.8 1642.5 1552.1 1309.7 1475.1 1599.0 1805.5 1668.9 1497.6 1702.5 1908.2 1920.7 1780.4 1980.9 2109.9 2091.2 2103.9 2020.0 1977.9 2030.0 2014.3 1962.3 1932.2 1816.2 1939.6 1791.1 1879.2 1888.5 1935.5 1952.4 2024.4 1937.7 1911.5 1963.8 2105.4 2120.0 2073.7 2148.7 2092.1 2076.9 1969.8 1872.7 1896.4 2037.4 2027.7 1963.0 1994.6 2063.6 2141.0 2153.4
