GDD/GrowingDegreeDays_2010_Actual.txt
ncols         180
nrows         290
xllcorner     -200000
yllcorner     -200000
cellsize      5000
NODATA_value    -999
[rows 192 to 223 of 290, columns 71 to 141 of 180]
-999.0 -999.0 -999.0 -999.0 -999.0 -999.0 -999.0 -999.0 -999.0 -999.0 -999.0 -999.0 -999.0 -999.0 -999.0 -999.0 -999.0 -999.0 -999.0 -999.0 -999.0 1607.9 1347.6 1180.0 1037.3 849.7 965.6 1221.9 1438.5 1578.2 1476.8 1318.2 1213.4 1153.7 1412.3 1590.4 1561.7 1468.0 1479.4 1622.8 1409.3 1500.2 1518.0 1634.1 1594.9 1719.1 1788.1 1775.6 1720.0 1778.6 1828.6 1821.3 1791.1 1776.3 1707.2 1760.5 1793.5 1764.5 1708.7 1685.7 1670.7 1634.5 1693.6 1728.9 1651.7 1682.6 1711.4 1747.4 1753.8 1840.0 1839.0
-999.0 -999.0 -999.0 -999.0 -999.0 -999.0 -999.0 -999.0 -999.0 -999.0 -999.0 -999.0 -999.0 -999.0 -999.0 -999.0 -999.0 -999.0 -999.0 -999.0 1735.1 1648.8 1399.5 1168.2 1069.2 1116.2 1150.5 1290.2 1221.2 928.9 1171.8 1190.1 1229.3 1442.6 1550.2 1495.0 1479.7 1595.3 1605.2 1557.3 1442.0 1470.7 1517.5 1648.6 1602.1 1762.7 1775.0 1690.8 1789.8 1719.9 1724.3 1762.5 1722.1 1757.9 1727.7 1800.8 1829.9 1767.2 1749.0 1762.9 1690.0 1708.6 1632.9 1697.2 1660.2 1741.7 1743.4 1760.0 1830.6 1860.7 1812.3
-999.0 -999.0 -999.0 -999.0 -999.0 -999.0 -999.0 -999.0 -999.0 -999.0 -999.0 -999.0 -999.0 -999.0 -999.0 -999.0 -999.0 -999.0 -999.0 -999.0 1492.5 1448.2 1403.8 1368.2 1218.5 942.5 986.5 1073.6 1206.1 1173.9 1104.8 1066.2 1085.2 1420.4 1324.0 1261.2 1585.5 1418.3 1687.6 1619.8 1483.7 1359.5 1616.0 1612.4 1752.8 1810.8 1778.0 1739.9 1534.5 1651.2 1668.0 1695.3 1700.5 1723.6 1733.5 1799.1 1803.7 1800.5 1769.3 1824.0 1794.9 1682.8 1647.6 1676.9 1653.9 1747.9 1812.4 1838.9 1877.5 1854.5 1818.3
-999.0 -999.0 -999.0 -999.0 -999.0 -999.0 -999.0 -999.0 -999.0 -999.0 -999.0 -999.0 -999.0 -999.0 -999.0 -999.0 -999.0 -999.0 -999.0 -999.0 1538.7 1460.3 1596.0 1442.0 1230.6 938.8 1076.4 1052.7 1256.8 1143.0 1203.7 1336.7 1275.5 1262.8 1345.6 1484.6 1617.8 1605.2 1400.2 1668.2 1647.8 1621.8 1640.4 1575.1 1725.8 1847.7 1812.6 1732.0 1699.7 1724.6 1662.2 1680.3 1694.9 1698.9 1782.7 1792.8 1743.6 1785.9 1765.5 1832.9 1764.9 1664.2 1666.6 1766.3 1789.3 1748.6 1831.4 1822.9 1914.8 1847.1 1839.6
-999.0 -999.0 -999.0 -999.0 -999.0 -999.0 -999.0 -999.0 -999.0 -999.0 -999.0 -999.0 -999.0 -999.0 -999.0 -999.0 -999.0 -999.0 -999.0 1642.7 1442.4 1198.1 1335.4 1434.0 1170.1 1107.3 993.6 1003.0 1409.3 1400.8 1448.2 1339.8 1241.2 1409.9 1424.4 1325.2 1510.4 1604.1 1643.1 1713.2 1742.4 1721.3 1671.4 1723.5 1781.0 1825.8 1847.3 1831.1 1779.0 1751.5 1792.1 1736.2 1745.2 1712.5 1780.8 1777.0 1773.7 1813.0 1824.1 1811.3 1708.9 1717.5 1735.8 1855.1 1832.4 1821.2 1831.9 1897.6 1852.7 1845.7 1846.8
-999.0 -999.0 -999.0 -999.0 -999.0 -999.0 -999.0 -999.0 -999.0 -999.0 -999.0 -999.0 -999.0 -999.0 -999.0 -999.0 -999.0 -999.0 1537.7 1461.9 1334.0 1410.9 1468.7 1209.6 1000.8 982.9 1160.6 1098.5 1398.3 1305.6 1418.2 1473.6 1031.5 1382.1 1345.3 1582.2 1589.7 1689.6 1702.8 1687.6 1607.6 1705.9 1579.6 1753.1 1759.9 1896.3 1903.4 1858.4 1835.2 1829.5 1836.7 1785.5 1746.0 1746.7 1852.5 1802.8 1789.6 1766.8 1761.9 1749.9 1695.9 1747.9 1720.4 1849.9 1873.9 1925.1 1905.1 1812.2 1789.0 1835.0 1833.3
-999.0 -999.0 -999.0 -999.0 -999.0 -999.0 -999.0 -999.0 -999.0 -999.0 -999.0 -999.0 -999.0 -999.0 -999.0 -999.0 1509.5 1517.4 1535.2 1632.6 1598.8 1487.8 1419.7 1143.1 1046.2 961.3 936.3 1116.8 1270.3 1523.5 1359.0 1442.6 1161.9 1408.1 1543.7 1617.2 1709.1 1694.3 1758.3 1689.7 1574.1 1644.6 1654.2 1858.2 1874.2 1905.5 1900.8 1819.5 1819.4 1814.6 1859.9 1793.4 1759.6 1831.0 1849.3 1836.3 1725.3 1721.8 1667.3 1629.8 1668.2 1706.4 1773.2 1847.2 1838.8 1810.9 1827.7 1796.9 1868.2 1837.7 1840.1
-999.0 -999.0 -999.0 -999.0 -999.0 -999.0 -999.0 -999.0 -999.0 -999.0 -999.0 -999.0 1786.6 1779.8 1771.1 1405.5 1306.8 1245.5 1242.6 1464.8 1498.4 1524.5 1132.7 1209.7 1061.1 1070.0 1131.4 1377.6 1467.6 1595.9 1479.0 1533.7 1096.4 1258.6 1461.5 1676.8 1668.5 1707.3 1557.5 1748.3 1610.2 1619.9 1704.8 1834.5 1946.3 1961.7 1846.7 1855.7 1852.0 1768.5 1842.0 1813.9 1848.9 1829.0 1796.0 1740.4 1775.8 1697.4 1720.6 1686.2 1621.4 1639.5 1676.8 1740.4 1748.8 1772.9 1815.1 1850.8 1809.3 1900.8 1893.8
-999.0 -999.0 -999.0 -999.0 -999.0 -999.0 -999.0 -999.0 -999.0 -999.0 -999.0 1594.5 1676.0 1544.3 1548.0 1536.9 1332.9 1386.2 1346.8 1532.4 1650.0 1363.4 1254.4 1152.4 1439.6 1044.7 1282.6 1470.1 1151.5 1395.5 1645.6 1173.2 1356.6 1449.0 1765.7 1788.8 1751.1 1519.8 1750.9 1751.4 1715.9 1722.9 1684.8 1823.7 1881.0 2002.1 1907.7 1903.7 1873.9 1809.0 1821.5 1830.2 1842.8 1840.9 1754.9 1745.1 1599.9 1731.6 1748.7 1710.8 1653.3 1705.9 1725.8 1787.8 1814.2 1787.7 1824.7 1797.8 1867.0 1896.0 1873.0
-999.0 -999.0 -999.0 -999.0 -999.0 -999.0 -999.0 -999.0 -999.0 -999.0 1553.8 1534.6 1681.6 1650.5 1627.6 1530.5 1574.2 1498.2 1557.6 1537.1 1215.3 1423.6 1509.3 1173.3 1603.7 1332.0 1304.9 1085.7 1199.5 1204.3 1403.6 1444.9 1539.2 1765.8 1435.4 1488.4 1766.8 1745.9 1814.0 1847.2 1758.5 1791.5 1839.2 1809.7 1831.2 2000.6 1955.0 1944.4 1891.3 1882.3 1873.7 1857.6 1731.8 1875.8 1808.0 1723.5 1649.6 1686.4 1730.8 1696.4 1656.5 1679.4 1668.1 1740.3 1824.0 1849.8 1875.3 1812.5 1847.9 1893.7 1815.3
-999.0 -999.0 -999.0 -999.0 -999.0 -999.0 1783.3 1540.4 1647.7 1481.9 1626.1 1592.0 1526.6 1601.3 1621.8 1447.2 1529.5 1495.0 1523.9 1339.1 1363.4 1506.5 1441.3 1429.8 1517.7 1482.1 1222.1 1192.0 1346.0 1404.3 1297.5 1486.0 1721.2 1373.4 1315.8 1533.2 1525.0 1741.8 1764.7 1863.9 1831.6 1640.6 1837.5 1725.2 1907.3 1972.5 1953.3 1923.5 1739.1 1851.1 1813.4 1554.3 1818.9 1838.6 1788.7 1695.0 1598.2 1687.0 1699.9 1702.0 1736.7 1713.9 1727.3 1781.3 1836.7 1824.3 1866.3 1845.2 1827.0 1832.8 1850.1
-999.0 -999.0 -999.0 -999.0 -999.0 1736.7 1586.4 1595.7 1560.4 1351.4 1110.5 1213.6 1267.0 1497.8 1410.0 1289.8 1386.2 1427.2 1289.6 1463.3 1525.6 1349.7 1562.5 1692.1 1575.9 1521.3 1320.8 1339.8 1385.4 1453.1 1475.8 1558.9 1472.8 887.8 1200.3 1492.8 1683.4 1657.4 1763.7 1662.0 1815.2 1767.5 1860.3 1887.9 1915.6 1921.0 1945.4 1945.2 1846.7 1792.2 1539.7 1546.3 1639.6 1745.9 1770.5 1537.1 1619.9 1667.9 1684.8 1752.2 1718.9 1736.3 1759.1 1825.6 1761.7 1793.0 1849.1 1737.2 1766.7 1859.2 1862.4
-999.0 -999.0 -999.0 1818.1 1702.3 1667.0 1562.6 1609.4 1544.5 1431.8 1411.3 1478.6 1573.5 1402.7 1505.5 1367.0 1615.4 1537.3 1358.5 1452.5 1616.6 1529.4 1750.8 1727.1 1421.3 1330.6 1409.9 1541.4 1416.4 1643.5 1680.3 1657.6 1317.4 1144.8 1149.0 1672.5 1620.9 1644.2 1658.1 1743.9 1883.1 1775.0 1833.8 1863.8 1928.1 1913.8 1978.7 1974.2 1838.6 1761.9 1541.3 1588.6 1664.6 1762.0 1698.9 1563.3 1597.9 1637.1 1709.4 1729.3 1757.3 1790.4 1815.2 1810.6 1778.5 1761.6 1793.2 1807.1 1818.1 1862.7 1807.1
-999.0 -999.0 -999.0 1846.6 -999.0 1811.6 1748.8 1594.3 1649.4 1572.3 1584.8 1530.1 1583.2 1556.7 1464.0 1599.3 1533.9 1683.2 1734.7 1754.0 1770.3 1772.8 1535.4 1593.8 1285.8 830.5 1380.7 1368.3 1392.8 1120.4 1143.7 1727.4 1766.1 1032.4 1378.1 1572.2 1544.9 1488.4 1687.2 1853.4 1924.1 1749.4 1741.1 1865.3 1949.3 1980.0 1950.3 1982.6 1847.9 1592.0 1529.3 1657.6 1732.2 1764.3 1774.0 1750.1 1667.4 1732.4 1775.0 1816.5 1847.0 1859.6 1848.3 1761.0 1788.4 1820.3 1805.2 1849.3 1843.5 1802.3 1830.9
-999.0 -999.0 -999.0 -999.0 -999.0 -999.0 1653.7 1725.3 1721.3 1625.9 1685.9 1636.5 1636.0 1599.3 1690.5 1708.0 1627.4 1661.9 1592.9 1731.5 1530.8 1745.6 1478.4 1316.2 1267.6 1111.7 1028.8 1212.3 1090.7 999.7 1424.6 1326.8 1480.6 1862.8 1428.6 1486.4 1784.8 1749.7 1887.5 1715.0 1761.0 1562.3 1661.4 1880.6 1928.5 1989.0 2039.8 1877.8 1613.0 1683.1 1528.6 1676.4 1732.6 1690.2 1786.1 1672.8 1792.2 1797.9 1867.8 1904.5 1899.5 1864.0 1845.0 1837.8 1868.7 1875.6 1875.6 1829.5 1754.7 1719.9 1789.7
-999.0 -999.0 -999.0 -999.0 -999.0 1806.6 1749.9 1709.1 1717.3 1733.7 1586.1 1509.9 1435.5 1535.0 1629.3 1660.8 1719.5 1676.0 1454.5 1736.9 1625.7 1861.8 1705.1 1630.0 1630.6 1652.3 1385.0 1427.5 1229.2 1217.3 1113.8 1323.4 1333.0 1462.8 1150.7 1644.3 1767.2 1815.6 1708.3 1751.0 1581.0 1665.6 1669.9 1914.0 1937.1 1936.0 1661.1 1591.1 1595.8 1548.8 1695.0 1672.6 1685.0 1728.8 1789.8 1797.6 1810.4 1879.5 1955.4 1983.9 1952.4 1848.9 1821.5 1797.9 1847.2 1890.5 1873.2 1793.5 1653.7 1796.0 1768.7
-999.0 -999.0 -999.0 -999.0 1900.6 1846.0 1825.3 1783.1 1772.7 1758.1 1732.6 1661.1 1726.3 1705.8 1737.2 1715.6 1676.7 1681.5 1691.7 1506.8 1804.7 1479.6 1575.6 1551.3 1409.3 1481.4 1610.7 1584.9 1419.7 1496.9 1377.5 1432.7 1592.4 1280.9 1306.0 1751.9 1635.1 1857.5 1826.9 1688.6 1646.4 1762.4 1802.7 1882.9 1925.5 1748.3 1798.3 1641.2 1648.0 1698.9 1676.4 1711.8 1763.2 1772.0 1848.4 1879.1 1883.5 1934.1 1892.1 2043.5 1919.8 1903.6 1870.4 1878.8 1881.3 1869.6 1798.2 1688.8 1725.0 1764.3 1785.0
-999.0 -999.0 -999.0 -999.0 -999.0 -999.0 1933.9 1854.3 1809.5 1753.6 1716.0 1683.7 -999.0 -999.0 -999.0 -999.0 1731.6 1688.3 1600.1 1816.3 1918.5 1799.2 1775.3 1745.2 1692.1 1886.8 1139.1 1117.8 1507.0 1614.9 1624.0 1491.7 1442.6 1351.7 1609.2 1705.2 1728.1 1867.8 1582.5 1752.2 1679.1 1904.6 1888.0 1889.4 1904.9 1672.5 1812.8 1682.0 1705.2 1780.9 1766.0 1782.4 1807.1 1853.5 1887.1 1900.1 1887.3 1915.3 1869.1 1989.2 1912.5 1850.6 1864.8 1847.9 1853.3 1769.8 1783.1 1737.5 1731.4 1769.8 1885.1
-999.0 -999.0 -999.0 -999.0 -999.0 -999.0 1930.9 1802.0 1717.4 1841.7 1696.9 1802.5 -999.0 -999.0 -999.0 -999.0 -999.0 -999.0 -999.0 1927.6 1957.1 1917.6 2036.7 1926.5 1719.6 1399.5 1229.2 1086.9 1185.3 1374.4 1528.5 1527.8 1664.9 1498.7 1502.5 1772.1 1835.2 1567.1 1619.7 1654.8 1948.5 1962.4 1908.6 1919.6 1765.3 1690.5 1709.4 1712.3 1776.8 1811.4 1822.0 1833.2 1836.9 1840.8 1858.3 1801.6 1855.3 1892.0 1931.4 1948.1 1880.6 1844.0 1838.7 1729.6 1757.4 1865.2 1759.4 1752.5 1799.5 1844.6 1904.8
-999.0 -999.0 -999.0 -999.0 -999.0 -999.0 -999.0 -999.0 1876.3 -999.0 -999.0 -999.0 -999.0 -999.0 -999.0 -999.0 -999.0 1737.5 1769.0 1840.6 1817.2 1936.4 2047.8 2072.1 1882.9 1625.9 1329.2 1247.0 1334.2 1673.4 1706.2 1407.9 1567.4 1636.0 1803.4 1887.5 1930.2 1727.5 1808.4 1867.5 1984.8 1978.3 1895.2 1902.6 1633.3 1594.2 1696.5 1720.1 1798.3 1816.1 1825.2 1848.8 1801.1 1826.8 1797.6 1853.0 1866.5 1893.7 1907.3 1899.8 1804.4 1786.7 1720.0 1641.3 1769.3 1767.5 1921.5 1824.5 1857.5 1914.4 1892.4
-999.0 -999.0 -999.0 -999.0 -999.0 -999.0 -999.0 -999.0 -999.0 -999.0 -999.0 -999.0 -999.0 -999.0 -999.0 -999.0 -999.0 1767.1 1787.8 1990.4 1931.8 1914.9 -999.0 -999.0 2104.8 1617.9 1773.5 1611.3 1663.1 1665.0 1619.2 1538.9 1823.4 1869.0 1863.0 1930.1 1942.6 1941.3 1980.5 2009.8 2006.2 1886.1 1884.2 1817.4 1621.5 1701.7 1741.7 1787.8 1809.9 1776.8 1797.4 1831.2 1815.8 1835.1 1801.5 1760.9 1744.3 1802.8 1768.1 1847.9 1839.0 1764.1 1594.5 1768.4 1781.9 1859.0 1992.8 1881.3 1914.3 1971.7 2022.2
-999.0 -999.0 -999.0 -999.0 -999.0 -999.0 -999.0 -999.0 -999.0 -999.0 -999.0 -999.0 -999.0 -999.0 -999.0 -999.0 -999.0 -999.0 -999.0 -999.0 -999.0 -999.0 -999.0 -999.0 2086.4 1959.8 1723.6 1705.9 1827.2 1847.5 1836.7 1802.0 1904.3 1966.5 1953.7 1959.3 1990.1 2007.5 -999.0 2076.3 2047.5 1948.9 1919.0 1818.0 1655.0 1720.9 1734.2 1800.8 1881.0 1872.8 1786.8 1832.1 1803.9 1691.2 1636.7 1656.8 1625.7 1588.9 1688.4 1719.4 1751.7 1770.9 1717.6 1834.8 1842.8 1860.4 1934.8 1964.7 1999.9 2000.9 2034.8
-999.0 -999.0 -999.0 -999.0 -999.0 -999.0 -999.0 -999.0 -999.0 -999.0 -999.0 -999.0 -999.0 -999.0 -999.0 -999.0 -999.0 -999.0 -999.0 -999.0 -999.0 -999.0 -999.0 -999.0 -999.0 1996.7 1896.7 1823.8 1761.0 1746.2 1872.8 1919.6 1957.2 2032.8 -999.0 -999.0 -999.0 -999.0 2044.0 2080.9 1993.8 1973.9 1936.1 1834.7 1670.3 1734.5 1706.4 1765.4 1898.1 1803.8 1791.9 1667.3 1714.9 1553.3 1628.7 1614.8 1670.2 1650.8 1661.0 1730.9 1705.9 1901.4 1899.8 1883.8 1971.7 1937.1 1978.9 2006.8 2030.9 2117.5 2215.8
-999.0 -999.0 -999.0 -999.0 -999.0 -999.0 -999.0 -999.0 -999.0 -999.0 -999.0 -999.0 -999.0 -999.0 -999.0 -999.0 -999.0 -999.0 -999.0 -999.0 -999.0 -999.0 -999.0 -999.0 -999.0 -999.0 1977.4 1761.7 1774.9 1813.9 1772.3 1879.3 1973.1 -999.0 -999.0 -999.0 -999.0 1933.7 1847.2 1791.7 1997.6 2001.2 1977.8 1767.8 1685.2 1694.0 1689.8 1751.5 1786.9 1821.3 1675.9 1534.1 1587.4 1585.6 1658.8 1653.6 1681.2 1773.6 1743.9 1764.0 1830.3 1881.8 1932.3 2040.1 1965.8 1929.9 1954.1 1928.5 1929.3 2087.7 2165.1
-999.0 -999.0 -999.0 -999.0 -999.0 -999.0 -999.0 -999.0 -999.0 -999.0 -999.0 -999.0 -999.0 -999.0 -999.0 -999.0 -999.0 -999.0 -999.0 -999.0 -999.0 -999.0 -999.0 -999.0 -999.0 -999.0 -999.0 1966.1 1880.7 1905.7 1816.6 1948.1 1967.9 -999.0 -999.0 -999.0 1965.3 1955.4 1896.1 1763.7 1823.3 1881.0 1992.1 1866.2 1927.3 1746.8 1714.2 1793.1 1700.5 1638.2 1636.4 1640.8 1554.5 1628.1 1691.8 1728.7 1787.8 1804.8 1812.4 1807.1 1795.6 1862.7 1935.5 1930.8 1851.0 1832.4 1911.4 1910.5 1925.6 1997.8 2087.2
-999.0 -999.0 -999.0 -999.0 -999.0 -999.0 -999.0 -999.0 -999.0 -999.0 -999.0 -999.0 -999.0 -999.0 -999.0 -999.0 -999.0 -999.0 -999.0 -999.0 -999.0 -999.0 -999.0 -999.0 -999.0 -999.0 -999.0 -999.0 -999.0 -999.0 -999.0 -999.0 -999.0 -999.0 -999.0 1938.6 1941.6 1953.6 1930.0 1755.2 1905.8 1870.6 1824.7 1851.8 1872.0 1817.1 1892.3 1855.0 1809.7 1719.8 1728.6 1705.9 1678.3 1649.0 1675.8 1706.1 1608.8 1736.3 1718.4 1771.6 1761.6 1799.4 1873.8 1852.5 1809.8 1806.2 1800.8 1891.4 1932.2 1957.6 1989.1
-999.0 -999.0 -999.0 -999.0 -999.0 -999.0 -999.0 -999.0 -999.0 -999.0 -999.0 -999.0 -999.0 -999.0 -999.0 -999.0 -999.0 -999.0 -999.0 -999.0 -999.0 -999.0 -999.0 -999.0 -999.0 -999.0 -999.0 -999.0 -999.0 -999.0 -999.0 -999.0 -999.0 -999.0 -999.0 2052.3 1853.5 1875.7 1471.2 1596.7 1876.2 1844.6 1814.0 1804.0 1778.3 1877.7 1904.8 1867.8 1824.9 1722.5 1764.6 1818.4 1685.0 1649.5 1552.1 1667.1 1649.4 1553.0 1675.3 1726.9 1773.8 1840.1 1860.3 1863.0 1852.7 1846.9 1878.0 1845.5 1872.9 1933.6 1934.3
-999.0 -999.0 -999.0 -999.0 -999.0 -999.0 -999.0 -999.0 -999.0 -999.0 -999.0 -999.0 -999.0 -999.0 -999.0 -999.0 -999.0 -999.0 -999.0 -999.0 -999.0 -999.0 -999.0 -999.0 -999.0 -999.0 -999.0 -999.0 -999.0 -999.0 -999.0 -999.0 -999.0 -999.0 -999.0 2013.0 1973.2 1956.3 1772.4 1510.2 1621.7 1723.7 1814.8 1720.5 1830.6 1838.4 1878.5 1706.2 1647.6 1593.2 1667.3 1757.6 1732.3 1729.9 1708.0 1677.7 1669.6 1726.4 1724.6 1735.5 1764.0 1824.5 1867.3 1894.3 1886.9 1830.0 1854.9 1834.4 1853.3 1885.6 1835.4
-999.0 -999.0 -999.0 -999.0 -999.0 -999.0 -999.0 -999.0 -999.0 -999.0 -999.0 -999.0 -999.0 -999.0 -999.0 -999.0 -999.0 -999.0 2070.0 1948.1 2000.7 1351.3 1317.9 1342.0 1392.0 1305.7 2034.3 1614.0 2123.7 -999.0 -999.0 -999.0 -999.0 -999.0 -999.0 1991.1 1956.9 1918.2 1973.9 1851.5 1695.1 1626.9 1693.4 1763.0 1795.3 1790.1 1733.8 1623.6 1665.1 1721.2 1744.2 1775.4 1726.9 1752.9 1806.6 1841.8 1844.4 1786.6 1805.0 1739.6 1709.7 1662.0 1779.3 1840.4 1810.1 1791.2 1834.4 1768.9 1821.4 1868.9 1787.9
-999.0 -999.0 -999.0 -999.0 -999.0 -999.0 -999.0 -999.0 -999.0 -999.0 -999.0 -999.0 -999.0 -999.0 -999.0 -999.0 -999.0 -999.0 1694.9 1637.2 1465.3 1391.4 1158.8 1083.6 1184.2 1232.0 1322.0 1647.7 1881.1 2016.7 1942.0 1741.3 1904.0 1969.7 2011.0 1981.2 1960.7 1958.7 1966.0 1958.4 1903.9 1707.2 1697.7 1748.5 1810.3 1587.0 1704.1 1781.5 1737.7 1702.9 1788.9 1813.2 1837.6 1811.8 1822.1 1851.4 1833.7 1897.2 1844.3 1762.0 1737.9 1749.3 1707.6 1702.8 1810.1 1828.7 1866.3 1885.7 1805.2 1873.0 1567.9
-999.0 -999.0 -999.0 -999.0 -999.0 -999.0 -999.0 -999.0 -999.0 -999.0 -999.0 -999.0 -999.0 -999.0 -999.0 -999.0 -999.0 2015.1 1910.8 1749.0 1671.1 1540.7 1269.9 1133.5 1195.3 1322.1 1376.9 1434.3 1620.8 1749.2 1812.0 1757.9 1651.6 1889.5 1930.6 1956.4 1921.1 1834.3 1944.0 1924.7 1783.5 1749.3 1757.5 1744.4 1564.7 1718.0 1609.3 1657.0 1720.1 1810.9 1805.4 1871.0 1829.8 1737.5 1853.9 1818.6 1883.9 1850.5 1838.8 1786.1 1766.8 1669.5 1626.5 1792.2 1835.0 1829.1 1669.2 1805.4 1854.1 1835.9 1828.8
-999.0 -999.0 -999.0 -999.0 -999.0 -999.0 -999.0 -999.0 -999.0 -999.0 -999.0 -999.0 -999.0 -999.0 -999.0 -999.0 -999.0 -999.0 1969.6 1929.7 1877.9 1577.2 1512.8 1446.3 1249.9 1407.6 1523.7 1697.1 1578.5 1432.0 1610.6 1781.0 1786.6 1661.7 1836.8 1950.9 1934.1 1941.7 1864.2 1820.6 1864.4 1845.4 1798.0 1767.9 1664.9 1765.2 1635.9 1704.3 1711.4 1751.3 1771.2 1840.4 1767.1 1738.6 1780.8 1899.3 1906.4 1860.7 1925.5 1870.0 1854.8 1760.3 1676.0 1696.2 1819.3 1811.3 1753.0 1769.9 1821.6 1882.7 1890.6
