GDD/GrowingDegreeDays_1976_Actual.txt
ncols         180
nrows         290
xllcorner     -200000
yllcorner     -200000
cellsize      5000
NODATA_value    -999
[rows 64 to 95 of 290, columns 71 to 141 of 180]
-999.0 -999.0 -999.0 -999.0 -999.0 -999.0 -999.0 -999.0 -999.0 1519.3 1285.6 1285.1 1244.0 962.2 995.4 826.7 1006.7 1084.5 1023.3 1044.5 574.3 1030.8 705.0 976.8 932.5 1104.5 1149.4 1036.0 864.0 892.3 720.0 1081.0 -999.0 -999.0 -999.0 -999.0 -999.0 -999.0 -999.0 -999.0 -999.0 -999.0 -999.0 -999.0 -999.0 -999.0 -999.0 -999.0 -999.0 -999.0 -999.0 -999.0 -999.0 -999.0 -999.0 -999.0 -999.0 -999.0 -999.0 -999.0 -999.0 -999.0 -999.0 -999.0 -999.0 -999.0 -999.0 -999.0 -999.0 -999.0 -999.0
-999.0 -999.0 -999.0 -999.0 -999.0 -999.0 -999.0 -999.0 -999.0 -999.0 1510.5 1290.9 1030.7 975.6 985.1 947.9 956.4 1312.9 1178.8 1143.7 910.9 864.1 833.7 966.1 1061.5 979.7 1025.9 1064.7 1000.6 1038.8 1107.1 1389.0 -999.0 -999.0 -999.0 -999.0 -999.0 -999.0 -999.0 -999.0 -999.0 -999.0 -999.0 -999.0 -999.0 -999.0 -999.0 -999.0 -999.0 -999.0 -999.0 -999.0 -999.0 -999.0 -999.0 -999.0 -999.0 -999.0 -999.0 -999.0 -999.0 -999.0 -999.0 -999.0 -999.0 -999.0 -999.0 -999.0 -999.0 -999.0 -999.0
-999.0 -999.0 -999.0 -999.0 -999.0 -999.0 -999.0 -999.0 1564.2 -999.0 1522.4 1333.3 993.9 966.3 888.9 685.2 1157.5 1068.7 1302.3 1143.8 1134.5 1026.8 933.1 1123.8 1080.6 1000.9 937.0 911.6 1036.2 1202.8 1407.4 -999.0 -999.0 -999.0 -999.0 -999.0 -999.0 -999.0 -999.0 -999.0 -999.0 -999.0 -999.0 -999.0 -999.0 -999.0 -999.0 -999.0 -999.0 -999.0 -999.0 -999.0 -999.0 -999.0 -999.0 -999.0 -999.0 -999.0 -999.0 -999.0 -999.0 -999.0 -999.0 -999.0 -999.0 -999.0 -999.0 -999.0 -999.0 -999.0 -999.0
-999.0 -999.0 -999.0 -999.0 -999.0 -999.0 -999.0 -999.0 1565.6 1515.3 1436.2 1409.4 981.8 1319.4 1138.2 1235.3 1092.3 1163.5 985.0 1263.2 1207.8 1065.2 1096.2 1050.9 1052.6 1148.4 869.8 1056.8 1104.9 -999.0 -999.0 -999.0 -999.0 -999.0 -999.0 -999.0 -999.0 -999.0 -999.0 -999.0 -999.0 -999.0 -999.0 -999.0 -999.0 -999.0 -999.0 -999.0 -999.0 -999.0 -999.0 -999.0 -999.0 -999.0 -999.0 -999.0 -999.0 -999.0 -999.0 -999.0 -999.0 -999.0 -999.0 -999.0 -999.0 -999.0 -999.0 -999.0 -999.0 -999.0 -999.0
-999.0 -999.0 -999.0 -999.0 -999.0 -999.0 -999.0 -999.0 -999.0 1527.2 913.3 1430.7 1179.9 1111.6 1123.5 1297.7 973.5 1114.3 986.3 1023.8 1221.2 1124.0 1157.5 1121.6 1072.0 1095.2 1032.8 1381.3 -999.0 -999.0 -999.0 -999.0 -999.0 -999.0 -999.0 -999.0 -999.0 -999.0 -999.0 -999.0 -999.0 -999.0 -999.0 -999.0 -999.0 -999.0 -999.0 -999.0 -999.0 -999.0 -999.0 -999.0 -999.0 -999.0 -999.0 -999.0 -999.0 -999.0 -999.0 -999.0 -999.0 -999.0 -999.0 -999.0 -999.0 -999.0 -999.0 -999.0 -999.0 -999.0 -999.0
-999.0 -999.0 -999.0 -999.0 -999.0 -999.0 -999.0 -999.0 -999.0 -999.0 1546.9 1142.7 1443.7 1222.5 851.5 1241.3 1196.4 1201.3 1346.9 1106.4 1257.2 1106.2 1048.3 1302.1 1051.0 1209.7 1339.7 -999.0 -999.0 -999.0 -999.0 -999.0 -999.0 -999.0 -999.0 -999.0 -999.0 -999.0 -999.0 -999.0 -999.0 -999.0 -999.0 -999.0 -999.0 -999.0 -999.0 -999.0 -999.0 -999.0 -999.0 -999.0 -999.0 -999.0 -999.0 -999.0 -999.0 -999.0 -999.0 -999.0 -999.0 -999.0 -999.0 -999.0 -999.0 -999.0 -999.0 -999.0 -999.0 -999.0 -999.0
-999.0 -999.0 -999.0 -999.0 -999.0 -999.0 1555.5 -999.0 -999.0 1596.3 1573.1 1313.8 1118.3 1034.0 1050.0 1262.3 1186.8 978.6 1118.8 1207.5 1340.4 1144.6 1081.7 1129.8 1391.4 1418.8 -999.0 -999.0 -999.0 -999.0 -999.0 -999.0 -999.0 -999.0 -999.0 -999.0 -999.0 -999.0 -999.0 -999.0 -999.0 -999.0 -999.0 -999.0 -999.0 -999.0 -999.0 -999.0 -999.0 -999.0 -999.0 -999.0 -999.0 -999.0 -999.0 -999.0 -999.0 -999.0 -999.0 -999.0 -999.0 -999.0 -999.0 -999.0 -999.0 -999.0 -999.0 -999.0 -999.0 -999.0 -999.0
-999.0 -999.0 -999.0 -999.0 1398.8 1555.8 1449.0 1560.5 1368.2 1576.8 1116.4 1493.2 858.6 987.8 1024.4 1048.2 915.2 954.2 976.3 1329.6 1212.6 1297.3 1068.6 1169.9 1295.3 1442.8 -999.0 -999.0 -999.0 -999.0 -999.0 -999.0 -999.0 -999.0 -999.0 -999.0 -999.0 -999.0 -999.0 -999.0 -999.0 -999.0 -999.0 -999.0 -999.0 -999.0 -999.0 -999.0 -999.0 -999.0 -999.0 -999.0 -999.0 -999.0 -999.0 -999.0 -999.0 -999.0 -999.0 -999.0 -999.0 -999.0 -999.0 -999.0 -999.0 -999.0 -999.0 -999.0 -999.0 -999.0 -999.0
-999.0 -999.0 -999.0 -999.0 1075.3 1500.6 1511.3 1348.5 1281.2 1086.9 831.0 1016.1 1495.2 864.2 802.2 869.4 803.6 1091.3 983.2 722.4 1147.9 1344.4 1383.4 1429.7 1438.7 -999.0 -999.0 1408.5 -999.0 -999.0 -999.0 -999.0 -999.0 -999.0 -999.0 -999.0 -999.0 -999.0 -999.0 -999.0 -999.0 -999.0 -999.0 -999.0 -999.0 -999.0 -999.0 -999.0 -999.0 -999.0 -999.0 -999.0 -999.0 -999.0 -999.0 -999.0 -999.0 -999.0 -999.0 -999.0 -999.0 -999.0 -999.0 -999.0 -999.0 -999.0 -999.0 -999.0 -999.0 -999.0 -999.0
-999.0 -999.0 -999.0 -999.0 1250.1 1379.2 1520.3 1291.9 907.1 1263.4 569.5 1118.7 1102.2 808.7 728.9 806.2 822.1 810.1 718.2 848.8 975.4 877.1 1171.7 1061.9 1375.0 1418.3 1410.4 1422.3 -999.0 -999.0 -999.0 -999.0 -999.0 -999.0 -999.0 -999.0 -999.0 -999.0 -999.0 -999.0 -999.0 -999.0 -999.0 -999.0 -999.0 -999.0 -999.0 -999.0 -999.0 -999.0 -999.0 -999.0 -999.0 -999.0 -999.0 -999.0 -999.0 -999.0 -999.0 -999.0 -999.0 -999.0 -999.0 -999.0 -999.0 -999.0 -999.0 -999.0 -999.0 -999.0 -999.0
-999.0 -999.0 -999.0 -999.0 1519.8 1251.9 1504.7 1192.3 1159.2 811.1 961.9 967.9 1119.3 1097.5 1051.5 768.6 894.8 835.0 850.5 1111.1 1134.7 999.1 1165.8 1098.9 1339.2 1403.7 1396.5 -999.0 -999.0 -999.0 -999.0 -999.0 -999.0 -999.0 -999.0 -999.0 -999.0 -999.0 -999.0 -999.0 -999.0 -999.0 -999.0 -999.0 -999.0 -999.0 -999.0 -999.0 -999.0 -999.0 -999.0 -999.0 -999.0 -999.0 -999.0 -999.0 -999.0 -999.0 -999.0 -999.0 -999.0 -999.0 -999.0 -999.0 -999.0 -999.0 -999.0 -999.0 -999.0 -999.0 -999.0
-999.0 -999.0 -999.0 -999.0 1449.6 1492.2 1361.9 1564.3 748.5 933.8 916.4 975.4 787.0 537.7 890.1 1032.8 1071.6 794.4 873.5 1092.2 1015.5 1153.3 1233.8 1370.1 1439.3 1261.3 -999.0 -999.0 -999.0 -999.0 -999.0 -999.0 -999.0 -999.0 -999.0 -999.0 -999.0 -999.0 -999.0 -999.0 -999.0 -999.0 -999.0 -999.0 -999.0 -999.0 -999.0 -999.0 -999.0 -999.0 -999.0 -999.0 -999.0 -999.0 -999.0 -999.0 -999.0 -999.0 -999.0 -999.0 -999.0 -999.0 -999.0 -999.0 -999.0 -999.0 -999.0 -999.0 -999.0 -999.0 -999.0
-999.0 -999.0 -999.0 1622.6 1260.8 1179.4 929.1 1142.6 1523.8 997.4 1010.7 960.5 1029.4 979.4 1058.9 905.2 1091.5 1104.9 643.2 949.2 1087.6 1409.1 1438.0 1447.0 1478.2 -999.0 -999.0 -999.0 -999.0 -999.0 -999.0 1534.2 1502.6 1474.0 1523.1 -999.0 -999.0 1571.8 1419.5 1451.1 1514.9 1517.3 -999.0 -999.0 -999.0 1418.7 -999.0 1396.0 1396.1 -999.0 -999.0 -999.0 -999.0 -999.0 -999.0 -999.0 -999.0 -999.0 -999.0 -999.0 -999.0 -999.0 -999.0 -999.0 -999.0 -999.0 -999.0 -999.0 -999.0 -999.0 -999.0
-999.0 -999.0 -999.0 -999.0 1432.4 1132.3 907.1 1054.9 995.1 1474.7 1010.9 1074.7 911.2 1065.8 1166.3 1455.9 1244.3 977.1 1012.6 1130.5 1296.4 1324.9 1278.9 1231.9 1498.7 -999.0 -999.0 -999.0 1587.6 1618.0 1544.3 1519.7 1494.5 1521.4 1521.3 1552.2 1550.2 1420.7 1276.5 1264.1 1387.9 1418.9 1451.9 1371.6 1230.8 1182.1 1239.5 1292.2 1315.4 1318.7 -999.0 -999.0 -999.0 -999.0 -999.0 -999.0 -999.0 -999.0 -999.0 -999.0 -999.0 -999.0 -999.0 -999.0 -999.0 -999.0 -999.0 -999.0 -999.0 -999.0 -999.0
-999.0 1506.9 -999.0 1469.9 1637.1 1542.5 1489.6 638.2 1438.2 1138.3 1313.5 1050.3 1230.6 1004.7 1050.4 983.4 1288.3 1386.2 1355.9 1273.4 1431.9 1225.7 1354.8 1268.7 1482.3 1504.6 1490.9 1466.5 1541.9 1594.1 1447.1 1263.0 1430.1 1455.8 1353.9 1531.0 1240.6 1113.4 1146.5 1189.6 1324.8 1232.3 1311.1 1355.8 1272.0 1151.9 1199.0 1237.5 1087.4 1268.4 1335.5 -999.0 -999.0 -999.0 -999.0 -999.0 -999.0 -999.0 -999.0 -999.0 -999.0 -999.0 -999.0 -999.0 -999.0 -999.0 -999.0 -999.0 -999.0 -999.0 -999.0
-999.0 -999.0 1609.0 1002.3 1221.4 1296.9 821.0 1027.2 771.5 1373.2 1108.9 1056.2 1125.1 1126.3 1317.1 894.6 982.1 967.3 1342.8 1464.8 1281.6 1439.5 1568.7 -999.0 1549.8 1439.8 1439.4 1342.5 1364.3 1423.2 1343.6 1344.7 1187.1 1171.3 1242.8 1342.7 1278.3 1286.8 1313.4 1307.2 1188.0 1290.9 1319.0 1302.7 1226.5 1225.9 1211.7 1221.2 1211.9 1196.1 1276.1 1355.2 -999.0 -999.0 -999.0 -999.0 -999.0 -999.0 -999.0 -999.0 -999.0 -999.0 -999.0 -999.0 -999.0 -999.0 -999.0 -999.0 -999.0 -999.0 -999.0
1499.4 -999.0 1629.3 1420.4 1119.4 1009.6 1291.7 769.9 899.2 1309.6 1185.9 965.2 876.6 882.5 1102.0 1092.5 909.6 1001.5 1062.4 1458.6 1495.6 1576.9 1627.1 1536.5 1318.1 1236.6 1242.1 1269.1 1355.0 1237.2 1169.3 1175.5 1034.4 1122.7 1311.7 1168.0 1142.4 1130.4 1184.8 1391.2 1390.8 1408.8 1319.5 1309.8 1223.3 1245.8 1211.5 1258.7 1255.2 1257.8 1255.9 1334.0 -999.0 -999.0 -999.0 -999.0 -999.0 -999.0 -999.0 -999.0 -999.0 -999.0 -999.0 -999.0 -999.0 -999.0 -999.0 -999.0 -999.0 -999.0 -999.0
1039.0 -999.0 -999.0 1162.8 775.0 1177.9 975.3 1601.6 1293.7 1225.0 1209.5 887.9 1010.2 676.9 714.6 795.2 996.5 1163.5 1336.1 1397.3 1090.6 1331.9 1522.7 1283.3 1088.9 955.1 1044.1 1144.6 1127.3 1158.8 997.4 983.0 1250.2 1254.6 1291.2 1347.7 1176.9 1171.1 1228.8 1345.5 1398.1 1344.2 1200.7 1310.3 1250.8 1272.3 1175.7 1276.3 1215.9 1212.6 1214.2 1300.5 -999.0 -999.0 -999.0 -999.0 -999.0 -999.0 -999.0 -999.0 -999.0 -999.0 -999.0 -999.0 -999.0 -999.0 -999.0 -999.0 -999.0 -999.0 -999.0
1205.6 -999.0 -999.0 1464.1 1522.2 1467.1 1528.8 1283.0 1080.6 845.4 1191.3 1043.3 1077.0 1173.2 1218.7 1011.5 1006.8 1021.5 1065.6 1133.6 875.1 1358.7 1199.9 1220.9 1064.2 847.6 921.1 1098.7 1073.2 1051.8 910.3 1065.5 1352.7 997.1 1162.1 1074.9 990.5 1199.9 1145.1 1360.4 1285.6 1118.4 1233.0 1259.1 1323.1 1262.4 1327.7 1302.6 1169.0 1236.9 1270.6 -999.0 -999.0 -999.0 -999.0 -999.0 -999.0 -999.0 -999.0 -999.0 -999.0 -999.0 -999.0 -999.0 -999.0 -999.0 -999.0 -999.0 -999.0 -999.0 -999.0
1548.5 1596.8 -999.0 -999.0 1750.6 1431.3 1543.3 1236.6 894.5 675.5 938.3 648.2 884.7 973.5 1021.5 1231.6 1182.4 1051.1 1072.0 957.9 1471.4 1216.5 1266.2 866.1 1059.4 1058.8 796.2 994.1 995.6 1016.7 1110.9 1248.7 1151.2 1073.7 1125.6 1042.1 1056.7 955.4 1107.3 1316.0 1084.1 1218.7 1285.6 1278.7 1144.6 1285.5 1344.0 1364.1 1269.2 1260.7 1302.1 -999.0 -999.0 -999.0 -999.0 -999.0 -999.0 -999.0 -999.0 -999.0 -999.0 -999.0 -999.0 -999.0 -999.0 -999.0 -999.0 -999.0 -999.0 -999.0 -999.0
1346.1 1514.1 -999.0 -999.0 1568.6 1548.1 1572.8 1189.0 1586.6 1205.0 917.8 706.6 579.4 736.3 1147.7 1127.7 1035.5 861.9 1079.1 1400.8 1160.2 1139.5 1112.3 926.2 989.7 1034.0 823.9 1081.1 1133.0 1158.1 1191.1 856.9 1102.1 1083.2 747.2 928.5 1025.5 999.0 1200.6 1206.3 1242.5 1299.7 1355.6 1348.4 1362.1 1277.5 1338.4 1334.3 1271.2 1267.1 -999.0 -999.0 -999.0 -999.0 -999.0 -999.0 -999.0 -999.0 -999.0 -999.0 -999.0 -999.0 -999.0 -999.0 -999.0 -999.0 -999.0 -999.0 -999.0 -999.0 -999.0
1288.3 1467.4 1423.6 1205.5 885.7 1050.6 904.5 1065.4 1372.7 1017.0 598.6 635.0 1187.7 983.8 1144.6 967.1 829.7 857.3 1044.7 1275.2 1142.0 790.1 708.8 915.1 890.2 875.0 1132.9 1205.8 1215.8 1041.2 902.5 1121.8 1121.2 1116.9 973.5 811.7 920.3 781.8 1190.6 965.3 1118.4 1110.1 906.6 1264.7 1417.7 1292.4 1244.1 1336.1 1277.7 -999.0 -999.0 -999.0 -999.0 -999.0 -999.0 -999.0 -999.0 -999.0 -999.0 -999.0 -999.0 -999.0 -999.0 -999.0 -999.0 -999.0 -999.0 -999.0 -999.0 -999.0 -999.0
1530.2 1239.8 1460.9 921.1 1511.6 1397.7 1190.4 784.9 642.4 1022.1 906.4 1007.7 732.2 884.6 964.1 1002.8 1225.6 1202.6 1210.9 1179.3 931.7 670.8 767.7 976.1 723.6 1041.2 951.6 1261.1 1255.5 1174.9 1033.5 956.2 958.8 925.5 782.2 807.0 1042.9 965.5 1238.9 1235.9 1318.8 1289.5 1293.7 1362.1 1392.1 1393.4 1355.2 1332.5 1429.3 -999.0 -999.0 -999.0 -999.0 -999.0 -999.0 -999.0 -999.0 -999.0 -999.0 -999.0 -999.0 -999.0 -999.0 -999.0 -999.0 -999.0 -999.0 -999.0 -999.0 -999.0 -999.0
-999.0 1394.6 1314.6 -999.0 1532.4 1001.3 695.9 614.4 1036.4 1173.4 1104.4 684.8 702.6 1263.0 1363.0 1170.9 886.3 1345.8 1225.6 948.5 728.9 666.4 688.6 616.8 856.3 780.9 945.1 1227.3 789.9 1081.0 762.5 795.6 765.1 690.7 808.2 980.1 1097.9 1004.9 1112.1 1055.8 1203.0 1196.9 1300.2 1328.9 1356.7 1381.0 1440.4 1400.1 -999.0 -999.0 -999.0 -999.0 -999.0 -999.0 -999.0 -999.0 -999.0 -999.0 -999.0 -999.0 -999.0 -999.0 -999.0 -999.0 -999.0 -999.0 -999.0 -999.0 -999.0 -999.0 -999.0
1598.5 1238.5 1581.9 -999.0 845.2 1123.6 1047.1 1562.8 922.0 1140.2 654.5 739.0 1032.2 870.9 825.6 1160.8 1484.9 991.2 942.6 828.1 622.8 593.9 598.1 568.5 778.3 1012.9 1248.2 1195.8 1054.3 859.6 649.7 693.9 911.7 796.2 954.4 877.5 969.1 1075.8 1170.7 1111.1 1108.4 1139.2 1251.0 1196.9 1346.6 1268.9 1271.1 1381.2 -999.0 -999.0 -999.0 -999.0 -999.0 -999.0 -999.0 -999.0 -999.0 -999.0 -999.0 -999.0 -999.0 -999.0 -999.0 -999.0 -999.0 -999.0 -999.0 -999.0 -999.0 -999.0 -999.0
1361.4 1583.4 -999.0 1416.2 1289.2 952.8 1225.8 1045.2 836.3 1239.6 1251.2 1102.8 1278.6 1462.7 1504.6 1477.0 1050.4 745.3 693.3 655.4 604.3 505.4 598.9 918.2 1102.0 1116.9 684.9 942.0 460.7 436.4 614.3 646.3 657.3 828.7 915.6 941.6 896.3 1269.4 1281.0 1237.2 1307.6 1287.1 905.6 1085.0 1392.3 1376.1 1363.3 1368.7 1467.0 -999.0 -999.0 -999.0 -999.0 -999.0 -999.0 -999.0 -999.0 -999.0 -999.0 -999.0 -999.0 -999.0 -999.0 -999.0 -999.0 -999.0 -999.0 -999.0 -999.0 -999.0 -999.0
-999.0 -999.0 1646.0 1140.8 1047.4 921.8 1351.5 1034.6 715.1 1225.4 1155.7 928.7 997.1 1003.6 1203.0 929.6 827.2 641.6 879.5 891.2 737.8 623.2 770.4 1126.1 1020.8 1085.8 789.0 476.0 701.4 463.9 588.4 621.6 700.4 786.4 830.3 1004.6 1195.5 1301.1 1226.4 1342.6 1389.1 1269.6 1320.4 1384.8 1425.6 1305.8 1275.0 1347.5 -999.0 -999.0 -999.0 -999.0 -999.0 -999.0 -999.0 -999.0 -999.0 -999.0 -999.0 -999.0 -999.0 -999.0 -999.0 -999.0 -999.0 -999.0 -999.0 -999.0 -999.0 -999.0 -999.0
-999.0 -999.0 1631.9 1597.8 1291.3 902.5 1162.4 870.5 1347.0 1392.5 1355.3 1167.1 782.2 699.7 842.0 1082.2 1099.3 981.2 735.3 892.6 900.8 997.4 989.3 849.6 795.7 696.7 577.7 586.8 560.9 758.8 805.2 875.4 1135.9 1091.5 1019.4 975.0 903.8 1043.7 1149.4 951.2 1108.5 1395.2 1320.9 1200.1 1153.6 1130.3 1267.6 -999.0 -999.0 -999.0 -999.0 -999.0 -999.0 -999.0 -999.0 -999.0 -999.0 -999.0 -999.0 -999.0 -999.0 -999.0 -999.0 -999.0 -999.0 -999.0 -999.0 -999.0 -999.0 -999.0 -999.0
-999.0 -999.0 1340.4 974.1 1451.8 811.9 755.8 863.3 765.8 952.1 1311.1 1227.6 1391.3 1446.5 803.6 877.7 760.8 401.9 1122.1 981.0 967.4 889.3 923.3 738.4 788.1 623.6 757.1 810.9 843.8 770.3 922.0 735.6 734.4 608.3 734.8 910.6 756.7 589.9 769.8 835.4 974.6 985.1 1035.0 1038.3 1133.4 1162.5 1295.0 -999.0 -999.0 -999.0 -999.0 -999.0 -999.0 -999.0 -999.0 -999.0 -999.0 -999.0 -999.0 -999.0 -999.0 -999.0 -999.0 -999.0 -999.0 -999.0 -999.0 -999.0 -999.0 -999.0 -999.0
-999.0 1659.5 1661.7 1395.8 1631.4 1402.1 1210.1 951.0 1312.1 1301.7 758.0 1323.3 1390.6 1371.4 1306.1 839.5 1025.9 1221.7 1060.4 648.2 716.9 909.8 526.1 686.8 741.9 633.1 568.3 640.7 686.3 669.7 683.2 712.4 664.7 484.0 952.2 720.3 750.8 1129.5 1160.2 863.6 1029.2 976.9 955.0 1215.1 1126.3 1174.5 1274.8 -999.0 -999.0 -999.0 -999.0 -999.0 -999.0 -999.0 -999.0 -999.0 -999.0 -999.0 -999.0 -999.0 -999.0 -999.0 -999.0 -999.0 -999.0 -999.0 -999.0 -999.0 -999.0 -999.0 -999.0
-999.0 -999.0 1607.3 1314.6 743.7 1380.6 1569.2 1424.3 1528.3 1614.4 1616.1 1583.4 1372.6 1286.9 870.6 1114.1 1008.4 1037.0 671.9 776.1 990.5 904.3 514.8 778.7 676.5 874.8 622.0 638.7 847.6 490.0 557.6 597.5 476.2 531.8 721.4 597.3 711.9 872.3 1088.5 1275.4 1226.8 1026.3 1152.6 1314.5 1277.4 1205.3 1413.0 -999.0 -999.0 -999.0 -999.0 -999.0 -999.0 -999.0 -999.0 -999.0 -999.0 -999.0 -999.0 -999.0 -999.0 -999.0 -999.0 -999.0 -999.0 -999.0 -999.0 -999.0 -999.0 -999.0 -999.0
1586.6 1582.3 1577.0 1460.0 1074.7 1541.7 810.5 1225.7 1017.5 848.1 1588.0 1541.4 414.8 669.7 626.7 773.3 589.3 672.1 630.6 620.1 558.4 774.8 742.5 909.7 938.9 980.1 825.7 842.4 590.0 842.8 786.5 922.1 760.2 592.6 683.7 1118.1 869.4 805.1 1078.1 849.3 1192.0 1334.3 1355.3 1335.3 1179.8 1296.0 -999.0 -999.0 -999.0 -999.0 -999.0 -999.0 -999.0 -999.0 -999.0 -999.0 -999.0 -999.0 -999.0 -999.0 -999.0 -999.0 -999.0 -999.0 -999.0 -999.0 -999.0 -999.0 -999.0 -999.0 -999.0
