GDD/GrowingDegreeDays_2009_Actual.txt
ncols         180
nrows         290
xllcorner     -200000
yllcorner     -200000
cellsize      5000
NODATA_value    -999
[rows 64 to 95 of 290, columns 71 to 141 of 180]
-999.0 -999.0 -999.0 -999.0 -999.0 -999.0 -999.0 -999.0 -999.0 1608.3 1330.6 1342.8 1302.4 964.5 1010.7 800.9 1026.9 1125.8 1050.5 1086.1 506.3 1072.2 664.0 1013.2 971.6 1202.3 1268.9 1119.4 893.0 928.8 709.1 1151.1 -999.0 -999.0 -999.0 -999.0 -999.0 -999.0 -999.0 -999.0 -999.0 -999.0 -999.0 -999.0 -999.0 -999.0 -999.0 -999.0 -999.0 -999.0 -999.0 -999.0 -999.0 -999.0 -999.0 -999.0 -999.0 -999.0 -999.0 -999.0 -999.0 -999.0 -999.0 -999.0 -999.0 -999.0 -999.0 -999.0 -999.0 -999.0 -999.0
-999.0 -999.0 -999.0 -999.0 -999.0 -999.0 -999.0 -999.0 -999.0 -999.0 1580.0 1326.8 1024.2 961.5 983.2 945.8 965.0 1402.9 1239.4 1199.6 912.4 852.3 815.7 994.9 1126.5 1038.3 1102.9 1150.1 1065.1 1105.4 1184.4 1523.6 -999.0 -999.0 -999.0 -999.0 -999.0 -999.0 -999.0 -999.0 -999.0 -999.0 -999.0 -999.0 -999.0 -999.0 -999.0 -999.0 -999.0 -999.0 -999.0 -999.0 -999.0 -999.0 -999.0 -999.0 -999.0 -999.0 -999.0 -999.0 -999.0 -999.0 -999.0 -999.0 -999.0 -999.0 -999.0 -999.0 -999.0 -999.0 -999.0
-999.0 -999.0 -999.0 -999.0 -999.0 -999.0 -999.0 -999.0 1639.8 -999.0 1572.9 1359.3 964.6 933.5 847.7 615.1 1207.5 1102.4 1390.1 1195.9 1187.7 1053.1 936.0 1181.5 1138.5 1049.2 975.7 948.7 1099.3 1301.6 1540.7 -999.0 -999.0 -999.0 -999.0 -999.0 -999.0 -999.0 -999.0 -999.0 -999.0 -999.0 -999.0 -999.0 -999.0 -999.0 -999.0 -999.0 -999.0 -999.0 -999.0 -999.0 -999.0 -999.0 -999.0 -999.0 -999.0 -999.0 -999.0 -999.0 -999.0 -999.0 -999.0 -999.0 -999.0 -999.0 -999.0 -999.0 -999.0 -999.0 -999.0
-999.0 -999.0 -999.0 -999.0 -999.0 -999.0 -999.0 -999.0 1648.5 1573.9 1465.8 1458.5 954.9 1353.3 1141.9 1277.2 1116.1 1211.4 992.7 1343.6 1278.0 1097.4 1136.0 1083.3 1090.8 1219.7 875.8 1112.1 1168.0 -999.0 -999.0 -999.0 -999.0 -999.0 -999.0 -999.0 -999.0 -999.0 -999.0 -999.0 -999.0 -999.0 -999.0 -999.0 -999.0 -999.0 -999.0 -999.0 -999.0 -999.0 -999.0 -999.0 -999.0 -999.0 -999.0 -999.0 -999.0 -999.0 -999.0 -999.0 -999.0 -999.0 -999.0 -999.0 -999.0 -999.0 -999.0 -999.0 -999.0 -999.0 -999.0
-999.0 -999.0 -999.0 -999.0 -999.0 -999.0 -999.0 -999.0 -999.0 1602.2 845.4 1503.1 1208.7 1116.8 1129.7 1352.9 959.1 1141.3 987.5 1036.5 1291.6 1167.4 1207.8 1162.9 1104.4 1139.6 1064.0 1499.2 -999.0 -999.0 -999.0 -999.0 -999.0 -999.0 -999.0 -999.0 -999.0 -999.0 -999.0 -999.0 -999.0 -999.0 -999.0 -999.0 -999.0 -999.0 -999.0 -999.0 -999.0 -999.0 -999.0 -999.0 -999.0 -999.0 -999.0 -999.0 -999.0 -999.0 -999.0 -999.0 -999.0 -999.0 -999.0 -999.0 -999.0 -999.0 -999.0 -999.0 -999.0 -999.0 -999.0
-999.0 -999.0 -999.0 -999.0 -999.0 -999.0 -999.0 -999.0 -999.0 -999.0 1633.5 1146.3 1530.2 1255.2 794.1 1284.2 1234.4 1245.6 1433.9 1136.0 1330.8 1138.0 1061.2 1378.2 1067.2 1269.4 1432.4 -999.0 -999.0 -999.0 -999.0 -999.0 -999.0 -999.0 -999.0 -999.0 -999.0 -999.0 -999.0 -999.0 -999.0 -999.0 -999.0 -999.0 -999.0 -999.0 -999.0 -999.0 -999.0 -999.0 -999.0 -999.0 -999.0 -999.0 -999.0 -999.0 -999.0 -999.0 -999.0 -999.0 -999.0 -999.0 -999.0 -999.0 -999.0 -999.0 -999.0 -999.0 -999.0 -999.0 -999.0
-999.0 -999.0 -999.0 -999.0 -999.0 -999.0 1663.5 -999.0 -999.0 1694.8 1669.7 1360.8 1126.5 1021.4 1042.6 1306.5 1216.2 963.6 1144.5 1260.1 1424.3 1180.9 1093.9 1152.2 1471.1 1500.7 -999.0 -999.0 -999.0 -999.0 -999.0 -999.0 -999.0 -999.0 -999.0 -999.0 -999.0 -999.0 -999.0 -999.0 -999.0 -999.0 -999.0 -999.0 -999.0 -999.0 -999.0 -999.0 -999.0 -999.0 -999.0 -999.0 -999.0 -999.0 -999.0 -999.0 -999.0 -999.0 -999.0 -999.0 -999.0 -999.0 -999.0 -999.0 -999.0 -999.0 -999.0 -999.0 -999.0 -999.0 -999.0
-999.0 -999.0 -999.0 -999.0 1525.0 1682.4 1536.9 1678.3 1430.2 1680.2 1116.7 1578.0 798.8 959.9 1005.9 1037.9 873.1 927.5 959.7 1407.8 1258.4 1355.7 1062.7 1175.6 1313.8 1485.7 -999.0 -999.0 -999.0 -999.0 -999.0 -999.0 -999.0 -999.0 -999.0 -999.0 -999.0 -999.0 -999.0 -999.0 -999.0 -999.0 -999.0 -999.0 -999.0 -999.0 -999.0 -999.0 -999.0 -999.0 -999.0 -999.0 -999.0 -999.0 -999.0 -999.0 -999.0 -999.0 -999.0 -999.0 -999.0 -999.0 -999.0 -999.0 -999.0 -999.0 -999.0 -999.0 -999.0 -999.0 -999.0
-999.0 -999.0 -999.0 -999.0 1118.1 1626.6 1629.1 1420.4 1333.3 1092.4 765.3 996.2 1586.3 800.8 722.9 809.5 729.6 1097.1 967.0 641.6 1169.4 1409.0 1438.5 1475.1 1454.5 -999.0 -999.0 1490.3 -999.0 -999.0 -999.0 -999.0 -999.0 -999.0 -999.0 -999.0 -999.0 -999.0 -999.0 -999.0 -999.0 -999.0 -999.0 -999.0 -999.0 -999.0 -999.0 -999.0 -999.0 -999.0 -999.0 -999.0 -999.0 -999.0 -999.0 -999.0 -999.0 -999.0 -999.0 -999.0 -999.0 -999.0 -999.0 -999.0 -999.0 -999.0 -999.0 -999.0 -999.0 -999.0 -999.0
-999.0 -999.0 -999.0 -999.0 1321.8 1479.0 1654.3 1358.3 869.5 1308.6 452.8 1123.4 1098.6 728.0 630.2 723.8 750.6 739.4 630.2 792.4 953.1 825.4 1178.3 1023.5 1368.9 1394.6 1412.1 1487.6 -999.0 -999.0 -999.0 -999.0 -999.0 -999.0 -999.0 -999.0 -999.0 -999.0 -999.0 -999.0 -999.0 -999.0 -999.0 -999.0 -999.0 -999.0 -999.0 -999.0 -999.0 -999.0 -999.0 -999.0 -999.0 -999.0 -999.0 -999.0 -999.0 -999.0 -999.0 -999.0 -999.0 -999.0 -999.0 -999.0 -999.0 -999.0 -999.0 -999.0 -999.0 -999.0 -999.0
-999.0 -999.0 -999.0 -999.0 1645.1 1312.0 1624.4 1232.7 1184.3 745.1 929.3 933.8 1117.7 1086.7 1025.4 672.8 835.9 765.0 787.2 1119.1 1149.6 979.6 1177.0 1077.0 1338.8 1398.3 1407.3 -999.0 -999.0 -999.0 -999.0 -999.0 -999.0 -999.0 -999.0 -999.0 -999.0 -999.0 -999.0 -999.0 -999.0 -999.0 -999.0 -999.0 -999.0 -999.0 -999.0 -999.0 -999.0 -999.0 -999.0 -999.0 -999.0 -999.0 -999.0 -999.0 -999.0 -999.0 -999.0 -999.0 -999.0 -999.0 -999.0 -999.0 -999.0 -999.0 -999.0 -999.0 -999.0 -999.0 -999.0
-999.0 -999.0 -999.0 -999.0 1538.3 1599.3 1437.5 1684.1 672.8 893.2 867.2 936.9 697.6 397.1 820.8 998.2 1049.4 710.6 813.8 1099.0 1006.2 1173.2 1260.2 1418.0 1485.0 1259.0 -999.0 -999.0 -999.0 -999.0 -999.0 -999.0 -999.0 -999.0 -999.0 -999.0 -999.0 -999.0 -999.0 -999.0 -999.0 -999.0 -999.0 -999.0 -999.0 -999.0 -999.0 -999.0 -999.0 -999.0 -999.0 -999.0 -999.0 -999.0 -999.0 -999.0 -999.0 -999.0 -999.0 -999.0 -999.0 -999.0 -999.0 -999.0 -999.0 -999.0 -999.0 -999.0 -999.0 -999.0 -999.0
-999.0 -999.0 -999.0 1714.2 1277.4 1193.0 881.2 1156.4 1641.2 984.0 989.5 913.2 991.7 926.7 1021.6 830.6 1067.9 1093.7 531.7 916.4 1098.2 1489.8 1515.1 1513.2 1545.0 -999.0 -999.0 -999.0 -999.0 -999.0 -999.0 1660.7 1638.0 1607.5 1671.4 -999.0 -999.0 1718.2 1533.8 1583.9 1673.9 1684.4 -999.0 -999.0 -999.0 1588.2 -999.0 1580.6 1600.3 -999.0 -999.0 -999.0 -999.0 -999.0 -999.0 -999.0 -999.0 -999.0 -999.0 -999.0 -999.0 -999.0 -999.0 -999.0 -999.0 -999.0 -999.0 -999.0 -999.0 -999.0 -999.0
-999.0 -999.0 -999.0 -999.0 1461.1 1100.9 835.4 1033.7 980.3 1605.2 992.9 1052.5 841.9 1027.5 1140.4 1490.8 1247.0 930.7 985.0 1150.3 1357.5 1385.4 1317.0 1238.5 1571.0 -999.0 -999.0 -999.0 1706.2 1726.5 1639.8 1652.1 1642.9 1687.1 1677.4 1701.4 1686.6 1527.2 1354.2 1351.8 1517.4 1566.9 1617.3 1518.5 1340.9 1285.6 1369.8 1451.6 1498.5 1517.4 -999.0 -999.0 -999.0 -999.0 -999.0 -999.0 -999.0 -999.0 -999.0 -999.0 -999.0 -999.0 -999.0 -999.0 -999.0 -999.0 -999.0 -999.0 -999.0 -999.0 -999.0
-999.0 1550.1 -999.0 1475.5 1679.4 1571.6 1523.7 510.7 1501.8 1137.5 1344.0 1004.8 1232.2 948.7 986.9 892.8 1292.1 1445.2 1415.8 1332.6 1527.6 1266.4 1401.2 1262.0 1539.6 1653.0 1664.8 1610.7 1669.2 1712.5 1560.9 1337.5 1558.2 1594.6 1462.5 1673.4 1290.6 1126.2 1178.3 1250.0 1435.6 1325.6 1434.5 1501.1 1398.7 1252.8 1320.6 1383.8 1201.5 1456.1 1551.0 -999.0 -999.0 -999.0 -999.0 -999.0 -999.0 -999.0 -999.0 -999.0 -999.0 -999.0 -999.0 -999.0 -999.0 -999.0 -999.0 -999.0 -999.0 -999.0 -999.0
-999.0 -999.0 1635.7 887.1 1143.5 1240.5 692.2 942.9 636.7 1343.0 1030.6 998.4 1097.5 1099.7 1317.1 791.4 919.4 924.9 1407.1 1572.5 1353.4 1534.0 1676.7 -999.0 1644.7 1606.4 1631.3 1476.4 1467.6 1521.0 1424.6 1435.9 1240.3 1222.1 1313.0 1432.6 1333.6 1332.8 1379.5 1388.8 1247.8 1393.5 1439.4 1428.3 1335.4 1345.6 1335.9 1359.8 1364.2 1366.7 1480.7 1589.7 -999.0 -999.0 -999.0 -999.0 -999.0 -999.0 -999.0 -999.0 -999.0 -999.0 -999.0 -999.0 -999.0 -999.0 -999.0 -999.0 -999.0 -999.0 -999.0
1555.1 -999.0 1632.5 1352.5 976.8 861.4 1228.0 627.8 768.1 1248.2 1114.8 884.3 795.6 809.7 1075.4 1063.3 847.8 981.2 1070.6 1584.8 1645.7 1706.5 1756.8 1659.8 1417.6 1366.7 1381.9 1384.9 1463.0 1297.7 1206.5 1218.5 1037.4 1154.5 1394.3 1202.9 1159.1 1136.9 1213.0 1489.9 1502.0 1538.9 1437.7 1440.2 1336.2 1372.2 1334.2 1407.0 1419.9 1448.9 1462.5 1564.4 -999.0 -999.0 -999.0 -999.0 -999.0 -999.0 -999.0 -999.0 -999.0 -999.0 -999.0 -999.0 -999.0 -999.0 -999.0 -999.0 -999.0 -999.0 -999.0
987.5 -999.0 -999.0 1024.2 555.0 1024.7 842.9 1620.8 1261.3 1178.1 1178.9 806.7 973.0 567.8 615.5 715.0 976.0 1195.2 1427.5 1522.5 1152.9 1423.8 1637.7 1359.1 1134.6 980.3 1097.0 1210.7 1173.0 1203.9 991.6 969.7 1313.5 1320.8 1363.2 1431.8 1209.5 1198.6 1270.2 1423.2 1500.3 1448.9 1281.3 1446.6 1377.5 1407.6 1285.1 1425.3 1363.2 1387.0 1401.9 1516.0 -999.0 -999.0 -999.0 -999.0 -999.0 -999.0 -999.0 -999.0 -999.0 -999.0 -999.0 -999.0 -999.0 -999.0 -999.0 -999.0 -999.0 -999.0 -999.0
1203.0 -999.0 -999.0 1402.4 1446.1 1400.1 1509.8 1257.9 1029.7 755.3 1197.6 1022.0 1071.0 1195.3 1252.2 996.7 995.2 1022.1 1091.0 1186.6 860.1 1463.0 1254.1 1275.5 1079.5 813.6 913.5 1139.9 1101.3 1068.4 883.6 1078.8 1440.0 980.0 1194.6 1080.1 967.2 1238.9 1161.3 1434.5 1349.5 1149.5 1318.2 1377.1 1472.0 1391.6 1479.5 1458.5 1299.5 1410.0 1464.9 -999.0 -999.0 -999.0 -999.0 -999.0 -999.0 -999.0 -999.0 -999.0 -999.0 -999.0 -999.0 -999.0 -999.0 -999.0 -999.0 -999.0 -999.0 -999.0 -999.0
1635.8 1671.0 -999.0 -999.0 1753.1 1380.7 1558.0 1242.4 845.0 589.1 914.7 556.8 846.8 958.6 1015.1 1276.3 1217.0 1065.0 1106.7 971.0 1606.8 1275.0 1330.6 817.2 1049.1 1059.9 742.5 997.2 996.7 1021.2 1143.2 1313.4 1177.0 1076.3 1145.4 1035.8 1056.9 918.5 1110.2 1371.6 1087.1 1276.3 1376.4 1385.7 1220.2 1410.1 1492.8 1535.3 1434.1 1438.5 1492.6 -999.0 -999.0 -999.0 -999.0 -999.0 -999.0 -999.0 -999.0 -999.0 -999.0 -999.0 -999.0 -999.0 -999.0 -999.0 -999.0 -999.0 -999.0 -999.0 -999.0
1415.1 1611.2 -999.0 -999.0 1601.6 1576.5 1658.8 1254.4 1784.5 1312.4 927.1 651.6 481.2 667.5 1174.5 1144.5 1032.7 825.8 1111.3 1516.5 1207.1 1171.6 1131.8 888.6 953.1 1019.1 772.3 1107.5 1176.3 1201.2 1249.0 815.7 1116.6 1087.0 661.5 888.3 1016.7 978.1 1236.7 1244.1 1296.1 1381.1 1462.1 1457.1 1479.0 1378.7 1470.5 1489.7 1440.8 1445.7 -999.0 -999.0 -999.0 -999.0 -999.0 -999.0 -999.0 -999.0 -999.0 -999.0 -999.0 -999.0 -999.0 -999.0 -999.0 -999.0 -999.0 -999.0 -999.0 -999.0 -999.0
1357.8 1575.0 1535.5 1253.8 829.3 1052.4 912.0 1195.6 1626.7 1130.2 551.4 583.4 1268.1 987.7 1169.8 940.0 769.3 813.3 1058.3 1347.4 1176.1 733.0 628.0 883.9 851.4 832.2 1163.5 1266.5 1289.2 1065.9 887.0 1161.5 1147.0 1131.6 943.9 743.8 879.3 706.2 1231.3 933.7 1139.6 1136.9 870.9 1334.1 1527.5 1381.8 1333.7 1477.6 1437.8 -999.0 -999.0 -999.0 -999.0 -999.0 -999.0 -999.0 -999.0 -999.0 -999.0 -999.0 -999.0 -999.0 -999.0 -999.0 -999.0 -999.0 -999.0 -999.0 -999.0 -999.0 -999.0
1646.2 1306.3 1576.5 894.4 1637.1 1545.3 1371.9 901.5 711.0 1185.4 982.8 1087.9 697.5 860.0 943.8 982.8 1261.7 1233.5 1249.2 1215.3 907.8 582.9 704.4 970.8 651.3 1048.9 925.7 1324.8 1349.9 1260.0 1068.6 955.5 944.1 891.5 709.3 741.4 1044.7 938.1 1294.2 1291.3 1398.9 1367.9 1372.4 1459.7 1492.4 1510.4 1469.5 1459.0 1603.9 -999.0 -999.0 -999.0 -999.0 -999.0 -999.0 -999.0 -999.0 -999.0 -999.0 -999.0 -999.0 -999.0 -999.0 -999.0 -999.0 -999.0 -999.0 -999.0 -999.0 -999.0 -999.0
-999.0 1488.5 1395.6 -999.0 1684.4 1060.9 720.8 663.4 1279.0 1398.3 1270.7 675.1 661.4 1336.4 1441.0 1192.6 831.8 1413.2 1262.5 922.3 654.9 579.2 611.1 523.9 832.2 732.8 924.8 1285.7 784.8 1165.8 738.6 761.7 708.1 612.3 751.4 962.9 1116.5 988.7 1127.7 1051.5 1246.5 1243.8 1379.7 1421.2 1459.4 1496.9 1548.3 1526.0 -999.0 -999.0 -999.0 -999.0 -999.0 -999.0 -999.0 -999.0 -999.0 -999.0 -999.0 -999.0 -999.0 -999.0 -999.0 -999.0 -999.0 -999.0 -999.0 -999.0 -999.0 -999.0 -999.0
1709.8 1280.4 1715.9 -999.0 826.3 1228.9 1173.3 1887.0 1044.2 1319.1 650.1 734.2 1063.1 819.1 743.2 1162.9 1589.0 958.0 904.7 772.5 526.4 493.6 502.9 471.7 744.3 1055.5 1363.2 1318.2 1235.4 911.2 608.9 636.0 890.6 741.3 933.4 828.9 940.3 1081.2 1196.7 1118.4 1117.2 1164.0 1314.5 1252.5 1453.6 1359.8 1362.6 1518.9 -999.0 -999.0 -999.0 -999.0 -999.0 -999.0 -999.0 -999.0 -999.0 -999.0 -999.0 -999.0 -999.0 -999.0 -999.0 -999.0 -999.0 -999.0 -999.0 -999.0 -999.0 -999.0 -999.0
1419.7 1699.4 -999.0 1532.6 1394.8 992.3 1380.5 1158.8 880.4 1405.6 1397.3 1167.4 1342.8 1517.9 1521.8 1492.7 1006.0 651.4 599.8 564.8 507.9 391.9 508.1 920.3 1165.8 1199.6 654.8 1007.3 394.1 337.7 560.5 569.6 566.3 767.4 868.6 897.5 839.1 1323.7 1326.3 1264.8 1364.0 1349.1 856.2 1102.7 1512.2 1504.5 1504.9 1519.7 1645.8 -999.0 -999.0 -999.0 -999.0 -999.0 -999.0 -999.0 -999.0 -999.0 -999.0 -999.0 -999.0 -999.0 -999.0 -999.0 -999.0 -999.0 -999.0 -999.0 -999.0 -999.0 -999.0
-999.0 -999.0 1783.8 1185.0 1084.6 935.5 1502.5 1103.1 689.9 1336.4 1222.0 908.3 956.7 919.7 1111.9 786.6 714.0 519.0 832.3 864.9 684.0 542.8 731.8 1189.1 1054.6 1146.8 774.5 387.4 679.8 374.8 504.4 513.8 597.8 700.2 749.5 962.7 1212.6 1350.1 1247.8 1393.6 1463.1 1320.9 1384.3 1477.9 1554.2 1419.3 1394.3 1491.8 -999.0 -999.0 -999.0 -999.0 -999.0 -999.0 -999.0 -999.0 -999.0 -999.0 -999.0 -999.0 -999.0 -999.0 -999.0 -999.0 -999.0 -999.0 -999.0 -999.0 -999.0 -999.0 -999.0
-999.0 -999.0 1771.1 1745.6 1383.2 891.9 1231.9 858.8 1458.2 1501.6 1430.0 1165.6 674.3 554.3 703.6 991.9 1050.8 943.4 661.3 876.3 905.4 1039.4 1026.5 836.0 762.8 638.5 493.2 509.5 477.7 712.0 736.3 792.6 1114.7 1072.9 977.1 921.6 833.2 1018.2 1153.3 904.8 1106.2 1476.5 1390.0 1251.9 1213.3 1202.5 1383.8 -999.0 -999.0 -999.0 -999.0 -999.0 -999.0 -999.0 -999.0 -999.0 -999.0 -999.0 -999.0 -999.0 -999.0 -999.0 -999.0 -999.0 -999.0 -999.0 -999.0 -999.0 -999.0 -999.0 -999.0
-999.0 -999.0 1413.0 964.7 1565.1 770.5 703.7 830.8 701.3 910.3 1328.2 1195.8 1376.6 1436.5 678.0 785.6 668.2 252.2 1154.7 997.8 1002.3 917.4 956.0 699.4 753.4 543.6 710.8 777.3 812.1 703.5 865.7 622.1 620.3 482.4 635.4 849.5 666.5 469.2 685.9 768.3 941.3 959.5 1034.6 1052.3 1191.2 1244.0 1415.5 -999.0 -999.0 -999.0 -999.0 -999.0 -999.0 -999.0 -999.0 -999.0 -999.0 -999.0 -999.0 -999.0 -999.0 -999.0 -999.0 -999.0 -999.0 -999.0 -999.0 -999.0 -999.0 -999.0 -999.0
-999.0 1772.1 1791.4 1484.1 1772.9 1496.9 1258.9 922.2 1352.2 1303.6 615.6 1252.3 1315.3 1315.6 1298.2 779.1 1021.4 1271.0 1079.1 574.0 678.8 942.9 442.6 636.7 695.3 552.3 470.2 553.3 602.5 570.6 568.1 586.9 537.1 337.6 901.6 628.7 663.8 1137.6 1177.5 805.3 1020.4 954.9 931.3 1275.1 1175.8 1242.8 1366.4 -999.0 -999.0 -999.0 -999.0 -999.0 -999.0 -999.0 -999.0 -999.0 -999.0 -999.0 -999.0 -999.0 -999.0 -999.0 -999.0 -999.0 -999.0 -999.0 -999.0 -999.0 -999.0 -999.0 -999.0
-999.0 -999.0 1719.4 1367.6 670.2 1460.8 1688.3 1505.0 1601.2 1641.7 1576.9 1490.6 1217.2 1154.1 776.2 1147.1 1025.7 1051.6 596.9 736.1 1025.0 921.0 421.0 747.9 608.7 852.1 530.1 547.2 796.2 357.5 420.9 450.4 322.9 394.2 625.5 483.2 620.2 810.3 1089.3 1339.2 1278.2 1024.8 1184.6 1399.0 1359.4 1261.0 1524.0 -999.0 -999.0 -999.0 -999.0 -999.0 -999.0 -999.0 -999.0 -999.0 -999.0 -999.0 -999.0 -999.0 -999.0 -999.0 -999.0 -999.0 -999.0 -999.0 -999.0 -999.0 -999.0 -999.0 -999.0
1682.3 1685.4 1683.3 1550.1 1075.5 1654.2 752.9 1263.0 983.1 738.9 1549.8 1440.1 194.1 464.7 481.1 709.2 496.1 598.8 548.9 544.1 474.5 746.8 702.2 907.4 931.6 973.3 772.7 790.5 483.8 781.8 697.6 845.2 654.5 470.0 585.7 1136.7 815.6 736.0 1086.7 801.8 1248.2 1427.5 1455.5 1437.8 1235.9 1372.2 -999.0 -999.0 -999.0 -999.0 -999.0 -999.0 -999.0 -999.0 -999.0 -999.0 -999.0 -999.0 -999.0 -999.0 -999.0 -999.0 -999.0 -999.0 -999.0 -999.0 -999.0 -999.0 -999.0 -999.0 -999.0
