GDD/GrowingDegreeDays_1963_Actual.txt
ncols         180
nrows         290
xllcorner     -200000
yllcorner     -200000
cellsize      5000
NODATA_value    -999
[rows 160 to 191 of 290, columns 71 to 141 of 180]
-999.0 -999.0 -999.0 -999.0 -999.0 -999.0 -999.0 -999.0 -999.0 -999.0 -999.0 -999.0 -999.0 -999.0 -999.0 -999.0 -999.0 -999.0 -999.0 -999.0 -999.0 -999.0 -999.0 -999.0 -999.0 -999.0 -999.0 -999.0 -999.0 -999.0 -999.0 -999.0 -999.0 -999.0 -999.0 1550.7 1541.6 1530.5 1499.3 1258.9 1145.2 917.2 1176.9 1059.7 1423.3 1312.1 1316.9 1197.1 1133.1 1204.9 1150.7 1477.2 1453.3 1440.6 1456.4 1493.5 1414.8 1480.9 1507.5 1515.8 1549.0 1572.0 1535.3 1488.6 1461.4 1443.5 1326.6 1381.0 1448.4 1483.3 1492.0
-999.0 -999.0 -999.0 -999.0 -999.0 -999.0 -999.0 -999.0 -999.0 -999.0 -999.0 -999.0 -999.0 -999.0 -999.0 -999.0 -999.0 -999.0 -999.0 -999.0 -999.0 -999.0 -999.0 -999.0 -999.0 -999.0 -999.0 -999.0 -999.0 -999.0 -999.0 -999.0 -999.0 -999.0 -999.0 1569.8 1557.2 1571.2 1596.4 1526.7 1247.6 1418.8 1387.1 1476.2 1353.5 1103.8 1235.4 1089.6 1139.6 1086.4 1438.6 1207.9 1401.9 1314.9 1366.4 1365.1 1443.3 1452.8 1486.7 1516.8 1526.8 1531.5 1489.5 1447.8 1452.9 1462.9 1445.3 1370.9 1431.8 1487.1 1499.2
-999.0 -999.0 -999.0 -999.0 -999.0 -999.0 -999.0 -999.0 -999.0 -999.0 -999.0 -999.0 -999.0 -999.0 -999.0 -999.0 -999.0 -999.0 -999.0 -999.0 -999.0 -999.0 -999.0 -999.0 -999.0 -999.0 -999.0 -999.0 -999.0 -999.0 -999.0 -999.0 -999.0 -999.0 -999.0 1574.3 1582.6 1542.5 1627.6 1576.5 1474.4 1427.7 1464.6 1512.7 1374.7 1265.7 1266.2 1097.1 967.6 1212.3 1309.7 1499.3 1407.8 1571.9 1511.0 1453.4 1413.6 1455.3 1468.9 1499.8 1482.0 1498.5 1473.7 1445.4 1450.3 1464.9 1464.0 1402.4 1375.6 1485.4 1559.5
-999.0 -999.0 -999.0 -999.0 -999.0 -999.0 -999.0 -999.0 -999.0 -999.0 -999.0 -999.0 -999.0 -999.0 -999.0 -999.0 -999.0 -999.0 -999.0 -999.0 -999.0 -999.0 -999.0 -999.0 -999.0 -999.0 -999.0 -999.0 -999.0 -999.0 -999.0 -999.0 -999.0 -999.0 -999.0 1589.9 1553.4 1542.6 1580.9 1578.0 1543.1 1538.5 1449.7 1331.4 1466.0 1380.7 1272.6 922.2 924.2 939.0 1127.6 1355.0 1451.7 1437.7 1549.0 1592.2 1492.2 1434.3 1496.4 1509.2 1497.9 1513.4 1496.0 1477.4 1480.6 1495.8 1507.7 1422.0 1393.2 1546.9 1623.5
-999.0 -999.0 -999.0 -999.0 -999.0 -999.0 -999.0 -999.0 -999.0 -999.0 -999.0 -999.0 -999.0 -999.0 -999.0 -999.0 -999.0 -999.0 -999.0 -999.0 -999.0 -999.0 -999.0 -999.0 -999.0 -999.0 -999.0 -999.0 -999.0 -999.0 -999.0 -999.0 -999.0 -999.0 -999.0 1577.9 1565.0 1576.1 1619.5 1613.2 1600.9 1496.5 1462.1 1353.1 1293.1 1117.3 1006.4 923.9 1109.6 1038.9 1233.2 1317.5 1458.6 1334.6 1439.4 1554.4 1595.8 1581.8 1553.6 1547.8 1527.1 1521.9 1525.9 1514.9 1512.9 1529.3 1524.4 1533.0 1501.7 1581.9 1639.5
-999.0 -999.0 -999.0 -999.0 -999.0 -999.0 -999.0 -999.0 -999.0 -999.0 -999.0 -999.0 -999.0 -999.0 -999.0 -999.0 -999.0 -999.0 -999.0 -999.0 -999.0 -999.0 -999.0 -999.0 -999.0 -999.0 -999.0 -999.0 -999.0 -999.0 -999.0 -999.0 -999.0 -999.0 -999.0 -999.0 1508.5 1555.0 1602.7 1612.2 1516.7 1326.5 1282.3 1233.7 1295.7 1293.3 1109.4 1121.8 1029.0 1149.4 1385.8 1579.7 1520.7 1464.0 1439.9 1578.0 1581.1 1519.7 1538.0 1574.7 1533.5 1544.8 1549.9 1547.4 1538.4 1541.4 1535.3 1526.2 1556.4 1575.8 1608.1
-999.0 -999.0 -999.0 -999.0 -999.0 -999.0 -999.0 -999.0 -999.0 -999.0 -999.0 -999.0 -999.0 -999.0 -999.0 -999.0 -999.0 -999.0 -999.0 -999.0 -999.0 -999.0 -999.0 -999.0 -999.0 -999.0 -999.0 -999.0 -999.0 -999.0 -999.0 -999.0 -999.0 -999.0 -999.0 1577.4 1523.1 1565.8 1604.4 1590.6 1517.5 1201.3 1153.6 1274.2 1091.1 1110.3 1167.9 1175.7 934.9 1127.3 1160.6 1399.8 1589.1 1416.3 1551.6 1625.5 1534.9 1523.5 1576.2 1548.8 1565.8 1570.1 1563.1 1557.3 1550.3 1546.1 1445.8 1508.6 1535.1 1446.7 1490.1
-999.0 -999.0 -999.0 -999.0 -999.0 -999.0 -999.0 -999.0 -999.0 -999.0 -999.0 -999.0 -999.0 -999.0 -999.0 -999.0 -999.0 -999.0 -999.0 -999.0 -999.0 -999.0 -999.0 -999.0 -999.0 -999.0 -999.0 -999.0 -999.0 -999.0 -999.0 -999.0 -999.0 -999.0 -999.0 1597.9 1593.4 1589.8 1603.2 1459.3 1512.9 1427.2 1181.1 1383.7 1364.5 1320.1 1387.3 1348.0 1097.8 1166.5 1193.7 1479.1 1363.1 1283.4 1503.3 1439.1 1497.7 1462.3 1508.4 1542.3 1593.0 1600.1 1585.7 1574.1 1551.6 1563.8 1545.2 1483.2 1533.5 1492.6 1445.7
-999.0 -999.0 -999.0 -999.0 -999.0 -999.0 -999.0 -999.0 -999.0 -999.0 -999.0 -999.0 -999.0 -999.0 -999.0 -999.0 -999.0 -999.0 -999.0 -999.0 -999.0 -999.0 -999.0 -999.0 -999.0 -999.0 -999.0 -999.0 -999.0 -999.0 -999.0 -999.0 -999.0 -999.0 1577.4 1610.3 1614.3 1525.0 1537.1 1528.1 1562.6 1482.5 1449.5 1483.7 1519.0 1526.6 1480.6 1378.3 1134.7 958.3 917.9 1232.6 1135.5 1214.7 1451.4 1456.4 1547.5 1522.7 1519.3 1575.8 1610.3 1619.4 1612.4 1590.7 1561.2 1576.9 1557.5 1533.5 1523.0 1506.5 1398.4
-999.0 -999.0 -999.0 -999.0 -999.0 -999.0 -999.0 -999.0 -999.0 -999.0 -999.0 -999.0 -999.0 -999.0 -999.0 -999.0 -999.0 -999.0 -999.0 -999.0 -999.0 -999.0 -999.0 -999.0 -999.0 -999.0 -999.0 -999.0 -999.0 -999.0 -999.0 -999.0 -999.0 -999.0 -999.0 1595.0 1646.1 1611.9 1587.6 1447.6 1607.8 1606.6 1606.9 1593.8 1582.9 1612.8 1583.7 1484.4 1384.4 1047.6 901.9 847.9 1102.8 1134.7 1289.5 1429.2 1433.3 1597.7 1598.7 1537.6 1617.8 1643.5 1644.0 1605.6 1574.2 1576.8 1564.2 1531.0 1530.1 1525.6 1500.8
-999.0 -999.0 -999.0 -999.0 -999.0 -999.0 -999.0 -999.0 -999.0 -999.0 -999.0 -999.0 -999.0 -999.0 -999.0 -999.0 -999.0 -999.0 -999.0 -999.0 -999.0 -999.0 -999.0 -999.0 -999.0 -999.0 -999.0 -999.0 -999.0 -999.0 -999.0 -999.0 -999.0 -999.0 -999.0 1647.5 1659.3 1680.4 1668.1 1635.8 1627.9 1627.5 1664.4 1667.8 1716.8 1730.0 1690.2 1592.0 1400.9 1323.8 935.4 792.9 828.4 1035.1 1227.9 1378.8 1504.3 1453.5 1539.1 1495.6 1604.7 1630.0 1645.9 1600.9 1578.8 1570.1 1540.4 1521.6 1529.2 1531.2 1482.2
-999.0 -999.0 -999.0 -999.0 -999.0 -999.0 -999.0 -999.0 -999.0 -999.0 -999.0 -999.0 -999.0 -999.0 -999.0 1557.1 1547.0 1536.4 1518.3 -999.0 -999.0 -999.0 -999.0 -999.0 -999.0 -999.0 -999.0 -999.0 -999.0 -999.0 -999.0 -999.0 -999.0 -999.0 1675.5 1726.7 1685.0 1703.0 1639.8 1636.2 1662.2 1661.9 1669.0 1698.9 1715.6 1746.0 1703.6 1612.4 1476.0 1178.4 973.0 951.6 1146.8 999.9 1180.4 1523.3 1497.0 1566.3 1378.4 1424.7 1560.3 1569.3 1579.5 1573.9 1563.6 1561.5 1548.4 1516.0 1522.2 1550.9 1529.6
-999.0 -999.0 -999.0 -999.0 -999.0 -999.0 -999.0 -999.0 -999.0 -999.0 -999.0 -999.0 -999.0 -999.0 -999.0 1491.2 1437.3 1489.0 1577.8 -999.0 -999.0 -999.0 -999.0 -999.0 -999.0 -999.0 -999.0 -999.0 -999.0 -999.0 -999.0 -999.0 -999.0 1740.8 1630.5 1701.0 1710.7 1642.3 1700.8 1643.3 1673.7 1669.0 1670.7 1687.5 1676.1 1656.8 1672.0 1611.4 1509.6 1373.4 971.3 910.9 1163.4 1135.1 1294.9 1417.9 1657.2 1607.7 1462.8 1433.9 1516.5 1586.9 1603.0 1577.1 1546.7 1558.7 1554.0 1540.9 1507.8 1547.6 1525.6
-999.0 -999.0 -999.0 -999.0 -999.0 -999.0 -999.0 -999.0 -999.0 -999.0 -999.0 -999.0 -999.0 1505.8 1606.9 1562.7 1440.6 1476.1 1508.2 1646.8 1701.8 1730.5 -999.0 -999.0 1655.0 1714.2 -999.0 -999.0 -999.0 1704.4 1597.0 1595.7 -999.0 1741.2 1587.4 1675.4 1741.7 1721.8 1709.6 1611.2 1616.5 1609.0 1642.0 1601.3 1656.7 1584.5 1598.4 1570.8 1234.5 1452.1 1320.6 1077.2 1377.4 1309.9 1072.7 1541.6 1442.3 1562.7 1475.6 1456.0 1508.8 1557.3 1604.5 1560.5 1562.8 1588.1 1561.1 1574.8 1524.0 1563.7 1547.2
-999.0 -999.0 -999.0 -999.0 -999.0 -999.0 -999.0 -999.0 -999.0 -999.0 -999.0 -999.0 -999.0 -999.0 1610.6 1582.2 1533.4 1537.9 1564.3 1575.6 1522.3 1753.0 -999.0 1749.8 1637.9 1459.3 1559.7 1500.8 1721.3 1713.8 1355.8 1373.9 1471.4 -999.0 1663.2 1615.9 1658.3 1703.9 1691.2 1576.0 1667.5 1757.7 1739.0 1642.2 1604.1 1575.0 1493.7 1485.1 1202.2 1135.0 1168.1 1141.2 1177.7 1069.7 1140.6 1354.8 1521.8 1557.4 1396.7 1389.1 1483.1 1475.0 1569.2 1545.6 1551.5 1585.0 1566.1 1600.1 1557.0 1573.1 1562.8
-999.0 -999.0 -999.0 -999.0 -999.0 -999.0 -999.0 -999.0 -999.0 -999.0 -999.0 -999.0 -999.0 -999.0 -999.0 1623.2 1569.1 1534.8 1616.1 1631.7 1653.7 1761.3 1371.8 856.4 1538.7 1237.3 1237.5 1330.0 1494.7 1642.2 1604.0 1438.6 1296.4 1480.9 1664.2 1684.7 1648.6 1667.5 1611.7 1449.8 1561.1 1748.4 1769.7 1667.1 1597.0 1565.0 1482.4 1418.1 1062.9 983.8 1136.1 1137.2 1251.2 1282.6 1235.1 1307.3 1480.1 1506.9 1412.5 1428.9 1426.3 1400.4 1514.4 1487.7 1560.0 1572.2 1581.0 1575.9 1488.6 1587.7 1577.7
-999.0 -999.0 -999.0 -999.0 -999.0 -999.0 -999.0 -999.0 -999.0 -999.0 -999.0 -999.0 -999.0 -999.0 -999.0 -999.0 1570.8 1649.0 1665.1 1670.2 1562.5 1398.8 617.6 1037.2 1628.8 1148.1 1410.2 1172.6 1243.7 1488.7 1611.0 1180.9 1381.7 1376.4 1530.2 1687.1 1657.5 1626.6 1628.6 1519.4 1528.1 1633.3 1665.8 1652.3 1580.2 1542.0 1492.9 1302.1 1193.8 920.1 1087.3 1067.0 1099.4 1366.3 1257.4 1192.3 1324.8 1397.7 1406.2 1458.7 1392.8 1398.7 1489.0 1473.3 1555.2 1576.9 1564.4 1577.4 1551.0 1555.2 1578.1
-999.0 -999.0 -999.0 -999.0 -999.0 -999.0 -999.0 -999.0 -999.0 -999.0 -999.0 -999.0 -999.0 -999.0 -999.0 -999.0 -999.0 1692.9 1680.1 1501.4 1291.6 665.7 601.1 1000.2 1252.3 1259.2 1168.6 1059.8 1072.7 1104.0 1386.4 1509.7 1137.9 1369.3 1496.6 1552.2 1643.3 1646.5 1614.2 1578.6 1557.2 1598.8 1632.3 1601.9 1551.6 1514.0 1446.1 1296.2 1116.2 1016.2 1162.3 1177.3 1080.6 1223.0 1449.3 1228.2 1403.8 1378.1 1383.2 1479.7 1485.7 1466.8 1466.6 1474.3 1553.3 1583.1 1571.8 1593.9 1506.8 1549.3 1576.5
-999.0 -999.0 -999.0 -999.0 -999.0 -999.0 -999.0 -999.0 -999.0 -999.0 -999.0 -999.0 -999.0 -999.0 -999.0 -999.0 -999.0 1711.9 1602.0 1249.8 1115.3 1015.5 787.4 1225.0 1433.7 1234.0 1013.0 938.3 899.1 1089.5 1337.8 1530.0 1084.0 1186.5 1434.1 1530.0 1665.3 1658.3 1604.1 1522.4 1536.3 1556.9 1568.7 1578.1 1552.8 1493.3 1322.1 1233.3 1311.9 989.5 1153.3 1123.2 1048.3 1098.8 1281.2 1383.8 1420.1 1479.2 1391.9 1383.3 1470.8 1474.1 1520.3 1525.3 1577.6 1574.8 1579.8 1579.4 1551.4 1524.7 1565.0
-999.0 -999.0 -999.0 -999.0 -999.0 -999.0 -999.0 -999.0 -999.0 -999.0 -999.0 -999.0 -999.0 -999.0 -999.0 -999.0 -999.0 1714.4 1548.0 1328.8 1358.2 1010.6 1132.3 1339.2 1226.8 1334.2 1165.1 902.5 1004.5 911.4 1118.0 1391.5 1115.2 1115.7 1249.8 1575.1 1634.7 1663.9 1573.8 1479.9 1492.1 1538.6 1554.6 1562.1 1532.3 1403.4 1330.4 1336.5 1312.3 1149.9 1175.5 1185.4 1200.5 1284.4 1306.2 1271.0 1493.9 1417.0 1413.3 1465.8 1453.2 1501.9 1468.1 1574.6 1586.4 1577.3 1587.9 1581.4 1472.3 1556.1 1578.7
-999.0 -999.0 -999.0 -999.0 -999.0 -999.0 -999.0 -999.0 -999.0 -999.0 -999.0 -999.0 -999.0 -999.0 -999.0 -999.0 1693.5 974.8 1424.9 1287.4 1128.1 1412.4 697.1 875.3 960.8 1078.4 888.1 1056.0 1003.3 1108.3 1229.0 1142.3 952.1 1140.1 1265.3 1568.0 1653.3 1677.7 1531.4 1509.9 1537.7 1539.3 1565.4 1540.6 1442.7 1454.4 1437.1 1272.8 1179.6 1382.5 1081.4 1137.5 1345.9 1314.3 1382.2 1455.4 1463.2 1483.6 1479.7 1547.2 1478.4 1534.8 1583.6 1500.5 1591.4 1582.7 1569.7 1567.3 1483.0 1560.6 1585.9
-999.0 -999.0 -999.0 -999.0 -999.0 -999.0 -999.0 -999.0 -999.0 -999.0 -999.0 -999.0 -999.0 -999.0 1684.1 1637.9 1321.5 1390.3 1530.9 1508.7 1318.5 1487.6 1256.3 1149.4 921.8 942.1 837.0 942.4 894.0 1230.9 1089.7 1156.0 1401.5 1408.8 1513.3 1520.3 1603.5 1630.3 1530.2 1508.9 1508.3 1541.2 1514.1 1401.5 1463.5 1427.0 1472.6 1318.4 1251.6 1285.8 1350.3 1415.4 1312.5 1365.6 1417.5 1438.3 1467.9 1477.2 1535.9 1560.3 1596.0 1633.3 1612.8 1581.7 1577.8 1553.2 1574.6 1561.3 1485.7 1550.1 1589.5
-999.0 -999.0 -999.0 -999.0 -999.0 -999.0 -999.0 -999.0 -999.0 -999.0 -999.0 -999.0 -999.0 1647.7 1591.9 1583.8 1580.9 1633.1 1685.5 1655.2 1661.0 1612.9 1348.3 1202.7 1075.4 638.4 1061.3 1162.8 1123.5 1304.7 921.5 905.0 1018.6 1323.8 1497.1 1508.9 1538.1 1558.4 1520.7 1471.7 1503.2 1501.4 1475.4 1409.9 1373.4 1465.6 1456.9 1327.4 1330.3 1357.4 1379.0 1383.1 1379.5 1473.0 1454.8 1496.6 1616.3 1530.0 1554.3 1604.8 1683.4 1655.5 1578.9 1583.2 1567.6 1549.8 1538.7 1536.3 1440.0 1498.4 1560.2
-999.0 -999.0 -999.0 -999.0 -999.0 -999.0 -999.0 -999.0 -999.0 -999.0 -999.0 -999.0 1671.3 1493.8 1515.3 1554.4 -999.0 -999.0 -999.0 -999.0 1685.2 1145.2 1131.9 1122.8 993.8 1093.5 1155.4 903.0 956.7 1100.5 587.9 749.9 981.4 1095.1 1394.1 1585.0 1548.1 1524.7 1537.0 1515.1 1517.1 1515.2 1456.0 1480.4 1363.0 1433.3 1446.4 1414.2 1388.4 1385.4 1408.5 1483.9 1487.0 1506.6 1535.2 1569.6 1627.0 1625.6 1595.0 1593.9 1605.2 1606.4 1586.4 1570.6 1516.6 1484.0 1480.5 1493.6 1449.8 1481.5 1504.2
-999.0 -999.0 -999.0 -999.0 -999.0 -999.0 -999.0 -999.0 -999.0 -999.0 -999.0 -999.0 1637.9 1381.5 1632.0 1683.3 -999.0 -999.0 -999.0 -999.0 1747.1 1326.7 1041.2 1342.3 982.9 999.9 1019.4 823.1 772.3 1008.7 764.3 1219.3 1203.9 1337.7 1480.6 1601.3 1587.2 1537.9 1528.2 1491.6 1449.9 1517.7 1446.6 1452.6 1441.3 1389.7 1469.7 1446.5 1498.7 1441.8 1392.3 1384.0 1399.1 1511.2 1553.3 1576.0 1590.9 1536.2 1531.9 1518.4 1530.0 1538.7 1466.0 1500.7 1375.3 1387.5 1391.3 1468.0 1452.4 1480.4 1501.5
-999.0 -999.0 -999.0 -999.0 -999.0 -999.0 -999.0 -999.0 -999.0 -999.0 -999.0 -999.0 -999.0 -999.0 -999.0 -999.0 -999.0 -999.0 -999.0 -999.0 1755.2 1261.0 1224.9 1358.0 1144.0 1267.1 816.6 865.4 1205.5 1016.3 1062.4 1203.6 1221.3 1446.2 1556.3 1629.4 1528.1 1533.5 1521.5 1515.3 1537.2 1532.3 1495.5 1470.9 1469.2 1439.4 1486.0 1504.1 1497.0 1469.9 1497.8 1457.6 1438.4 1562.9 1457.7 1396.9 1483.6 1473.5 1474.6 1524.8 1490.6 1423.6 1325.1 1354.6 1419.1 1417.1 1391.7 1447.8 1441.0 1480.8 1487.9
-999.0 -999.0 -999.0 -999.0 -999.0 -999.0 -999.0 -999.0 -999.0 -999.0 -999.0 -999.0 -999.0 -999.0 -999.0 -999.0 -999.0 -999.0 -999.0 -999.0 -999.0 1271.9 1735.7 1592.9 1271.3 925.9 992.1 886.2 933.4 1251.0 1215.3 1182.5 1472.2 1527.5 1611.5 1611.9 1581.6 1547.0 1579.2 1594.5 1577.2 1576.2 1549.6 1494.5 1510.0 1461.2 1468.1 1507.6 1378.5 1450.1 1544.1 1551.2 1540.5 1526.5 1526.5 1425.8 1405.3 1450.9 1377.1 1498.7 1514.4 1414.7 1420.4 1398.1 1423.3 1477.5 1422.4 1447.9 1477.9 1520.8 1495.6
-999.0 -999.0 -999.0 -999.0 -999.0 -999.0 -999.0 -999.0 -999.0 -999.0 -999.0 -999.0 -999.0 -999.0 -999.0 -999.0 -999.0 -999.0 -999.0 -999.0 -999.0 1558.2 1121.8 1032.9 1159.1 1177.6 1234.0 1076.7 1238.7 1231.2 1407.2 1555.4 1401.4 1569.5 1604.3 1461.8 1499.8 1532.4 1605.6 1677.4 1641.0 1558.9 1593.4 1464.9 1459.5 1460.2 1466.0 1499.3 1387.0 1373.1 1489.9 1546.1 1566.9 1544.5 1524.4 1488.4 1441.9 1398.4 1272.9 1399.8 1538.0 1499.4 1430.3 1353.0 1325.7 1382.3 1468.4 1458.8 1507.5 1542.7 1571.9
-999.0 -999.0 -999.0 -999.0 -999.0 -999.0 -999.0 -999.0 -999.0 -999.0 -999.0 -999.0 -999.0 -999.0 -999.0 -999.0 -999.0 -999.0 -999.0 -999.0 1611.9 1447.5 1532.5 933.5 1286.7 1345.4 1146.6 1181.3 1297.6 1109.3 1454.1 1591.4 1385.3 1629.2 1155.2 1372.5 1512.9 1534.7 1480.8 1596.4 1591.0 1356.5 1388.5 1439.7 1528.6 1488.3 1497.4 1520.9 1501.7 1501.8 1538.0 1563.4 1555.8 1552.5 1534.6 1476.1 1476.8 1389.9 1418.8 1490.4 1535.7 1510.0 1424.8 1338.1 1307.5 1360.9 1480.7 1498.7 1544.6 1590.1 1617.4
-999.0 -999.0 -999.0 -999.0 -999.0 -999.0 -999.0 -999.0 -999.0 -999.0 -999.0 -999.0 -999.0 -999.0 -999.0 -999.0 -999.0 -999.0 -999.0 -999.0 1801.5 1570.2 1019.8 1403.4 1680.1 1438.3 1368.2 1212.6 1074.9 1132.3 1433.0 1547.7 1510.0 1576.8 1473.5 1421.5 1357.2 1359.3 1522.5 1509.1 1502.3 1465.6 1421.7 1515.0 1535.1 1504.2 1535.0 1513.8 1528.9 1598.4 1590.6 1573.1 1561.8 1547.7 1549.7 1523.3 1509.5 1445.6 1434.9 1496.3 1521.9 1472.8 1360.9 1280.2 1357.9 1355.5 1400.5 1479.5 1580.3 1557.7 1638.2
-999.0 -999.0 -999.0 -999.0 -999.0 -999.0 -999.0 -999.0 -999.0 -999.0 -999.0 -999.0 -999.0 -999.0 -999.0 -999.0 -999.0 -999.0 -999.0 -999.0 1872.3 1460.9 1728.1 1477.4 1485.4 1338.2 1309.9 962.1 1127.0 1054.7 1308.5 1437.3 1566.7 1570.2 1478.8 1262.4 1160.7 1073.2 1428.8 1312.4 1413.5 1409.0 1436.2 1561.8 1534.3 1526.5 1551.9 1543.8 1606.7 1630.8 1543.4 1542.6 1574.8 1549.8 1462.8 1558.2 1528.8 1493.2 1500.1 1535.6 1518.2 1441.2 1390.5 1375.8 1397.0 1409.8 1489.4 1523.9 1525.9 1556.4 1626.1
-999.0 -999.0 -999.0 -999.0 -999.0 -999.0 -999.0 -999.0 -999.0 -999.0 -999.0 -999.0 -999.0 -999.0 -999.0 -999.0 -999.0 -999.0 -999.0 -999.0 -999.0 1675.1 1391.4 1183.9 985.7 879.7 1074.3 1086.7 1250.5 1474.5 1494.3 1539.7 1481.7 1469.1 1512.8 1390.0 1376.7 1139.0 1304.7 1392.1 1423.8 1340.9 1382.5 1544.8 1469.6 1555.2 1595.9 1470.7 1626.4 1649.0 1647.3 1589.6 1599.1 1574.8 1454.2 1501.7 1552.2 1504.6 1516.3 1527.4 1487.0 1415.1 1438.1 1455.1 1500.5 1462.0 1533.6 1471.5 1498.4 1587.2 1613.5
