GDD/GrowingDegreeDays_1983_Actual.txt
ncols         180
nrows         290
xllcorner     -200000
yllcorner     -200000
cellsize      5000
NODATA_value    -999
[rows 96 to 127 of 290, columns 71 to 141 of 180]
1227.3 1275.3 1424.3 1507.2 1176.8 1441.2 861.9 895.3 1165.9 1417.6 999.7 673.4 671.9 610.8 814.2 889.7 930.9 700.3 759.6 653.3 621.5 850.4 854.2 879.0 1110.3 1024.7 1200.0 974.8 805.3 853.9 794.9 902.2 937.5 849.3 797.3 887.3 946.5 840.7 836.0 1124.6 1222.2 1308.1 1309.3 1112.0 1189.0 -999.0 -999.0 -999.0 -999.0 -999.0 -999.0 -999.0 -999.0 -999.0 -999.0 -999.0 -999.0 -999.0 -999.0 -999.0 -999.0 -999.0 -999.0 -999.0 -999.0 -999.0 -999.0 -999.0 -999.0 -999.0 -999.0
1202.5 1074.5 1449.9 1499.1 1164.8 1348.9 1009.3 1167.9 1396.1 1446.5 1092.2 753.3 1391.6 762.0 923.8 782.9 950.4 750.0 969.4 815.1 892.7 899.0 585.4 929.2 921.4 1040.3 1115.3 1164.9 838.8 950.9 1044.6 989.6 804.8 950.2 866.3 1006.4 958.4 999.5 1090.6 1243.3 1229.7 1201.1 1226.1 1320.7 -999.0 -999.0 -999.0 -999.0 -999.0 -999.0 -999.0 -999.0 -999.0 -999.0 -999.0 -999.0 -999.0 -999.0 -999.0 -999.0 -999.0 -999.0 -999.0 -999.0 -999.0 -999.0 -999.0 -999.0 -999.0 -999.0 -999.0
1253.5 1441.1 972.6 1142.1 1088.2 830.3 661.3 1415.5 1520.3 769.1 1221.3 1297.4 743.2 885.8 705.3 876.6 715.8 1047.5 1125.4 1170.8 1134.7 1139.6 1106.6 885.1 1122.7 980.3 957.9 1221.6 1055.3 925.0 1098.1 1096.1 979.5 984.8 1077.8 988.5 1066.3 1225.4 1280.7 1304.4 1212.0 1282.5 1329.5 1307.9 -999.0 -999.0 -999.0 -999.0 -999.0 -999.0 -999.0 -999.0 -999.0 -999.0 -999.0 -999.0 -999.0 -999.0 -999.0 -999.0 -999.0 -999.0 -999.0 -999.0 -999.0 -999.0 -999.0 -999.0 -999.0 -999.0 -999.0
1220.4 939.5 1250.4 1084.3 1042.8 1437.8 1460.0 -999.0 1272.9 747.5 914.0 671.8 1044.7 1176.2 941.6 1022.3 1047.9 1028.4 968.6 898.6 826.3 745.3 560.5 716.3 920.3 920.7 1208.8 1329.2 1423.8 1021.1 950.6 1121.7 1120.8 1087.4 1227.0 1176.6 1215.3 1288.4 1266.8 1228.5 1231.1 1180.7 1187.6 -999.0 -999.0 -999.0 -999.0 -999.0 -999.0 -999.0 -999.0 -999.0 -999.0 -999.0 -999.0 -999.0 -999.0 -999.0 -999.0 -999.0 -999.0 -999.0 -999.0 -999.0 -999.0 -999.0 -999.0 -999.0 -999.0 -999.0 -999.0
1483.3 1269.9 1166.5 1271.7 983.3 1353.6 -999.0 1501.0 1310.8 1506.4 1117.5 1271.3 926.4 579.9 941.0 858.1 991.8 771.5 637.1 720.2 889.0 1205.7 1138.8 1251.1 1005.7 1082.7 1093.3 991.3 1063.7 1098.5 1047.7 1171.3 1291.6 1275.5 1352.8 1334.2 1246.0 1206.5 1230.6 1223.6 1229.8 1328.6 1306.0 -999.0 -999.0 -999.0 -999.0 -999.0 -999.0 -999.0 -999.0 -999.0 -999.0 -999.0 -999.0 -999.0 -999.0 -999.0 -999.0 -999.0 -999.0 -999.0 -999.0 -999.0 -999.0 -999.0 -999.0 -999.0 -999.0 -999.0 -999.0
1442.6 1320.5 1504.8 1142.4 1411.2 -999.0 1527.2 1512.6 1379.1 605.4 939.4 494.1 874.0 1064.2 1163.2 864.7 818.2 925.4 781.9 986.9 817.7 732.7 866.1 1291.2 1011.1 848.0 806.6 1008.9 1012.1 1417.1 1223.0 1374.3 1421.9 1428.7 1396.5 1144.6 1138.5 1127.3 1162.6 1154.6 1239.2 1338.9 1408.0 -999.0 -999.0 -999.0 -999.0 -999.0 -999.0 -999.0 -999.0 -999.0 -999.0 -999.0 -999.0 -999.0 -999.0 -999.0 -999.0 -999.0 -999.0 -999.0 -999.0 -999.0 -999.0 -999.0 -999.0 -999.0 -999.0 -999.0 -999.0
1471.8 1416.1 846.5 1505.4 -999.0 1546.7 -999.0 1175.0 1042.5 871.7 1474.6 687.4 924.6 872.4 1019.5 534.6 914.3 541.9 933.7 1004.3 653.5 1117.6 1477.9 969.6 693.5 651.8 1071.8 1079.7 1059.3 1160.3 1321.7 1390.8 1398.4 1382.1 1078.8 1217.0 1238.3 1296.2 1263.1 1263.1 1362.4 1421.4 -999.0 -999.0 -999.0 -999.0 -999.0 -999.0 -999.0 -999.0 -999.0 -999.0 -999.0 -999.0 -999.0 -999.0 -999.0 -999.0 -999.0 -999.0 -999.0 -999.0 -999.0 -999.0 -999.0 -999.0 -999.0 -999.0 -999.0 -999.0 -999.0
691.0 804.1 1104.5 1501.4 -999.0 -999.0 1451.5 1429.6 1459.3 1401.0 1059.1 633.9 1275.3 1056.4 575.4 812.9 813.8 640.8 644.5 823.7 1347.9 859.7 858.4 697.2 810.0 982.2 767.1 763.8 1057.8 1261.5 1417.5 1406.1 1293.6 1045.8 1265.2 1369.5 1352.7 1472.5 1453.9 1415.0 -999.0 -999.0 -999.0 -999.0 -999.0 -999.0 -999.0 -999.0 -999.0 -999.0 -999.0 -999.0 -999.0 -999.0 -999.0 -999.0 -999.0 -999.0 -999.0 -999.0 -999.0 -999.0 -999.0 -999.0 -999.0 -999.0 -999.0 -999.0 -999.0 -999.0 -999.0
919.9 1208.0 1386.1 1499.6 -999.0 1538.1 1404.2 1260.0 1077.0 1282.5 1064.9 1375.2 1379.1 1136.6 874.1 943.4 1098.8 1172.0 1117.1 973.4 763.9 1115.0 908.6 967.9 831.4 768.8 961.2 1021.0 1208.0 1359.8 1429.9 1427.6 1233.9 1308.8 1465.9 1481.1 1518.2 1479.5 1492.0 -999.0 -999.0 -999.0 -999.0 -999.0 -999.0 -999.0 -999.0 -999.0 -999.0 -999.0 -999.0 -999.0 -999.0 -999.0 -999.0 -999.0 -999.0 -999.0 -999.0 -999.0 -999.0 -999.0 -999.0 -999.0 -999.0 -999.0 -999.0 -999.0 -999.0 -999.0 -999.0
1363.2 1099.8 1345.6 -999.0 -999.0 1512.7 1085.8 1199.8 1010.9 1256.2 1417.4 1198.8 855.3 848.1 935.0 1026.1 942.9 759.1 1138.9 992.7 1289.2 1125.2 890.8 1178.6 1405.6 1431.0 1318.0 1380.3 1439.8 1419.6 1434.8 1558.4 1423.8 1473.5 1512.3 1361.6 1437.0 1383.1 1448.4 -999.0 -999.0 -999.0 -999.0 -999.0 -999.0 -999.0 -999.0 -999.0 -999.0 -999.0 -999.0 -999.0 -999.0 -999.0 -999.0 -999.0 -999.0 -999.0 -999.0 -999.0 -999.0 -999.0 -999.0 -999.0 -999.0 -999.0 -999.0 -999.0 -999.0 -999.0 -999.0
-999.0 -999.0 -999.0 -999.0 1528.5 1186.4 1165.7 1069.5 1154.5 1075.3 845.8 896.9 736.1 1142.9 867.9 1357.3 799.7 1308.9 740.9 1219.0 967.2 665.4 1049.5 1244.7 1115.4 1242.2 1440.3 1394.6 1484.6 1565.9 1514.4 1580.5 1553.9 1442.4 1441.7 1427.4 1374.7 1447.9 1437.8 1519.3 -999.0 -999.0 -999.0 -999.0 -999.0 -999.0 -999.0 -999.0 -999.0 -999.0 -999.0 -999.0 -999.0 -999.0 -999.0 -999.0 -999.0 -999.0 -999.0 -999.0 -999.0 -999.0 -999.0 -999.0 -999.0 -999.0 -999.0 -999.0 -999.0 -999.0 -999.0
-999.0 -999.0 -999.0 -999.0 1491.7 1489.6 1157.6 1049.3 1394.0 969.4 1208.4 1401.9 1039.4 853.9 933.7 1524.6 867.8 960.6 922.9 1159.7 841.1 994.5 932.5 797.2 1061.3 1161.9 1216.7 1276.1 1328.3 1298.8 1269.3 1175.3 1226.0 1387.9 1487.5 1436.5 1250.4 1378.1 1273.5 1342.9 1370.5 -999.0 -999.0 -999.0 -999.0 -999.0 -999.0 -999.0 -999.0 -999.0 -999.0 -999.0 -999.0 -999.0 -999.0 -999.0 -999.0 -999.0 -999.0 -999.0 -999.0 -999.0 -999.0 -999.0 -999.0 -999.0 -999.0 -999.0 -999.0 -999.0 -999.0
-999.0 -999.0 -999.0 1538.8 1495.9 1424.5 1115.7 1295.8 1092.2 1093.0 1237.3 1428.4 981.3 944.0 758.3 1441.5 965.9 1108.8 1071.0 1147.9 1010.4 1417.6 1266.0 1205.6 1241.6 1387.6 1213.4 1041.1 884.4 986.6 1062.6 1195.0 1298.8 1215.3 1467.8 1328.3 1266.5 1259.8 1268.1 1296.6 1338.9 1408.3 -999.0 -999.0 -999.0 -999.0 -999.0 -999.0 -999.0 -999.0 -999.0 -999.0 -999.0 -999.0 -999.0 -999.0 -999.0 -999.0 -999.0 -999.0 -999.0 -999.0 -999.0 -999.0 -999.0 -999.0 -999.0 -999.0 -999.0 -999.0 -999.0
-999.0 -999.0 1533.9 -999.0 1454.3 1309.4 1414.8 1090.0 958.3 1410.1 1485.6 1149.9 804.5 1077.3 1566.7 1356.8 616.8 1315.4 1319.9 1234.3 1186.7 1349.5 1402.5 1492.8 1447.2 1185.4 855.0 884.9 1022.0 1107.1 1279.3 1332.1 1336.6 1255.7 1346.1 1340.3 1432.7 1509.4 1503.5 1493.2 1482.7 -999.0 -999.0 -999.0 -999.0 -999.0 -999.0 -999.0 -999.0 -999.0 -999.0 -999.0 -999.0 -999.0 -999.0 -999.0 -999.0 -999.0 -999.0 -999.0 -999.0 -999.0 -999.0 -999.0 -999.0 -999.0 -999.0 -999.0 -999.0 -999.0 -999.0
-999.0 1543.9 1186.8 -999.0 1517.1 1489.1 1369.3 1334.9 1361.3 1340.0 897.3 1372.7 944.0 925.9 955.0 1257.1 1459.8 837.0 1286.1 1457.2 1532.8 1539.9 1564.7 1598.9 1624.1 1311.4 1473.2 1491.0 1481.6 1336.1 1222.8 1318.9 1318.2 1380.2 1426.3 1414.6 1518.5 -999.0 -999.0 -999.0 -999.0 -999.0 -999.0 -999.0 -999.0 -999.0 -999.0 -999.0 -999.0 -999.0 -999.0 -999.0 -999.0 -999.0 -999.0 -999.0 -999.0 -999.0 -999.0 -999.0 -999.0 -999.0 -999.0 -999.0 -999.0 -999.0 -999.0 -999.0 -999.0 -999.0 -999.0
1518.4 1314.2 1414.5 -999.0 1204.4 1522.7 1293.2 1397.3 1587.0 1041.5 1021.9 889.4 862.5 1512.8 1015.1 1042.6 1550.6 1265.4 1205.9 1394.7 1372.6 1314.8 1267.2 1212.1 1551.1 1604.7 1607.3 1537.7 1449.7 1351.9 1239.4 1301.3 1314.7 1314.7 1423.6 -999.0 -999.0 -999.0 -999.0 -999.0 -999.0 -999.0 -999.0 -999.0 -999.0 -999.0 -999.0 -999.0 -999.0 -999.0 -999.0 -999.0 -999.0 -999.0 -999.0 -999.0 -999.0 -999.0 -999.0 -999.0 -999.0 -999.0 -999.0 -999.0 -999.0 -999.0 -999.0 -999.0 -999.0 -999.0 -999.0
922.4 1325.8 -999.0 1491.1 1482.8 1161.9 1407.2 1552.2 1053.0 1304.0 980.9 919.8 1158.8 1348.6 1021.2 1048.7 1632.4 1624.8 1570.2 1487.2 1383.8 1319.0 1115.3 1052.2 1338.0 1496.0 1605.8 1638.1 1515.8 1489.7 1414.5 1382.5 1243.3 1267.7 1486.3 -999.0 -999.0 -999.0 -999.0 -999.0 -999.0 -999.0 -999.0 -999.0 -999.0 -999.0 -999.0 -999.0 -999.0 -999.0 -999.0 -999.0 -999.0 -999.0 -999.0 -999.0 -999.0 -999.0 -999.0 -999.0 -999.0 -999.0 -999.0 -999.0 -999.0 -999.0 -999.0 -999.0 -999.0 -999.0 -999.0
1556.4 1558.1 -999.0 1549.2 990.6 1329.1 -999.0 1454.8 1104.4 1279.6 1053.5 1160.0 1104.3 1555.1 1532.7 1365.8 1508.1 1515.4 1384.6 1512.5 888.7 903.0 1019.3 1042.8 1303.9 1544.6 1575.8 1667.9 1683.8 1606.6 1557.9 1475.3 1528.4 -999.0 -999.0 -999.0 -999.0 -999.0 1468.3 1478.5 1454.5 1510.7 -999.0 -999.0 -999.0 -999.0 -999.0 -999.0 -999.0 -999.0 -999.0 -999.0 -999.0 -999.0 -999.0 -999.0 -999.0 -999.0 -999.0 -999.0 -999.0 -999.0 -999.0 -999.0 -999.0 -999.0 -999.0 -999.0 -999.0 -999.0 -999.0
1342.0 -999.0 -999.0 1197.3 1532.5 1087.7 -999.0 1474.8 1013.6 1333.2 1540.4 910.3 1560.8 1677.9 1671.8 1612.1 1457.6 1317.4 1113.8 1353.4 1321.6 1406.5 1395.9 1428.0 1365.8 1388.0 1404.8 1484.7 1568.5 1486.0 1423.8 1455.6 1548.9 1588.8 1597.4 -999.0 -999.0 1558.6 1505.3 1450.2 1497.4 1469.6 1460.1 1503.7 -999.0 -999.0 -999.0 -999.0 -999.0 -999.0 -999.0 -999.0 -999.0 -999.0 -999.0 -999.0 -999.0 -999.0 -999.0 -999.0 -999.0 -999.0 -999.0 -999.0 -999.0 -999.0 -999.0 -999.0 -999.0 -999.0 -999.0
1631.8 -999.0 -999.0 1562.0 1302.1 1140.3 1565.0 1310.2 1477.5 1348.1 1271.9 1201.0 1613.3 1515.6 1312.5 1325.5 1338.8 1513.6 1521.2 1480.8 1502.3 1439.9 1453.9 1447.3 1379.7 1298.6 1312.9 1390.2 1273.0 1232.0 1401.1 1465.3 1488.1 1510.0 1475.2 1553.9 1515.1 1423.7 1424.1 1515.6 1387.9 1210.1 1233.0 1157.1 1462.7 -999.0 -999.0 -999.0 -999.0 -999.0 -999.0 -999.0 -999.0 -999.0 -999.0 -999.0 -999.0 -999.0 -999.0 -999.0 -999.0 -999.0 -999.0 -999.0 -999.0 -999.0 -999.0 -999.0 -999.0 -999.0 -999.0
-999.0 -999.0 -999.0 1353.8 1024.2 1341.4 1246.5 1555.9 1314.3 1404.0 1594.5 1615.8 -999.0 1307.7 1051.2 1330.9 1431.5 1543.8 1540.8 1600.6 1628.6 1428.3 1486.7 1461.3 1282.1 1224.2 1206.5 1276.8 1315.1 1307.8 1364.3 1364.4 1353.5 1279.2 1401.1 1494.1 1334.8 1356.1 1338.6 1369.6 1233.8 1095.1 1074.6 1031.9 1184.8 1138.9 1099.5 1399.4 -999.0 -999.0 -999.0 -999.0 -999.0 -999.0 -999.0 -999.0 -999.0 -999.0 -999.0 -999.0 -999.0 -999.0 -999.0 -999.0 -999.0 -999.0 -999.0 -999.0 -999.0 -999.0 -999.0
-999.0 -999.0 -999.0 1347.6 1387.8 1465.1 1056.2 1578.2 -999.0 1594.4 1460.5 1629.7 -999.0 1253.8 929.1 1240.7 1312.1 1507.1 1621.7 1597.9 1573.1 1653.7 1614.9 1547.0 1415.6 1196.4 1164.2 1161.6 1246.8 1241.7 1170.4 1137.6 1034.4 1146.1 1367.4 1438.3 1305.0 1276.7 1248.5 950.3 906.5 1056.6 1060.7 1124.7 1156.4 1146.0 1300.4 1315.6 -999.0 -999.0 -999.0 -999.0 -999.0 -999.0 -999.0 -999.0 -999.0 -999.0 -999.0 -999.0 -999.0 -999.0 -999.0 -999.0 -999.0 -999.0 -999.0 -999.0 -999.0 -999.0 -999.0
-999.0 -999.0 -999.0 -999.0 1395.6 1237.8 1378.5 1606.2 -999.0 -999.0 1555.4 1656.1 1546.0 1297.9 1092.6 1406.3 1341.7 1246.1 1390.0 1426.6 1492.1 1347.2 1518.4 1610.3 1492.3 1367.5 1215.1 1141.6 1038.7 1127.5 999.4 981.9 1104.9 1178.4 1182.0 1241.9 1190.3 1100.8 1035.1 1061.0 934.6 1046.7 1098.3 1129.3 1367.3 1357.0 1256.7 1234.7 1280.6 -999.0 -999.0 -999.0 -999.0 -999.0 -999.0 -999.0 -999.0 -999.0 -999.0 -999.0 -999.0 -999.0 -999.0 -999.0 -999.0 -999.0 -999.0 -999.0 -999.0 -999.0 -999.0
-999.0 -999.0 -999.0 1585.1 1328.9 1276.1 -999.0 -999.0 -999.0 -999.0 -999.0 1664.8 1659.0 1260.7 1357.5 1525.2 1379.3 1260.2 1185.7 1271.8 1354.2 1296.5 1291.8 1414.1 1521.0 1338.5 1161.0 1185.8 1150.1 1118.3 1013.8 1074.7 1154.0 1126.4 1139.6 958.4 999.6 1103.7 1121.6 1201.3 1087.7 1122.8 1193.8 1181.4 1361.6 1399.1 1383.1 1375.0 1401.3 -999.0 -999.0 -999.0 -999.0 -999.0 -999.0 -999.0 -999.0 -999.0 -999.0 -999.0 -999.0 -999.0 -999.0 -999.0 -999.0 -999.0 -999.0 -999.0 -999.0 -999.0 -999.0
-999.0 1622.6 -999.0 1226.8 1333.6 1539.9 1592.8 1305.9 1217.2 -999.0 -999.0 -999.0 1663.9 1440.1 1485.2 1493.6 1458.3 1361.0 1222.6 1156.3 1118.0 1104.6 1203.9 1246.9 1328.9 1514.0 1207.9 1218.1 1167.6 1180.4 1239.9 1242.2 1054.4 1138.6 961.7 804.8 884.0 1037.0 1047.9 1233.9 1205.1 1237.8 1248.4 1260.3 1398.0 1417.2 1431.4 1389.1 1343.8 1344.2 -999.0 -999.0 -999.0 -999.0 -999.0 -999.0 -999.0 -999.0 -999.0 -999.0 -999.0 -999.0 -999.0 -999.0 -999.0 -999.0 -999.0 -999.0 -999.0 -999.0 -999.0
-999.0 -999.0 1603.6 1188.0 1323.4 1586.9 1266.0 1080.1 986.6 1538.5 -999.0 -999.0 -999.0 1636.8 1583.9 1591.9 1545.8 1484.2 1411.6 1227.7 1158.7 1147.0 1236.0 1259.5 1264.9 1274.6 1330.1 1273.0 1221.1 1104.5 1177.5 1021.2 1266.2 1151.8 1212.4 1188.9 916.2 948.7 1126.3 1203.5 1313.8 1347.2 1360.1 1374.2 1437.5 1435.6 1470.0 1389.9 1317.0 1346.1 1383.9 -999.0 -999.0 -999.0 -999.0 -999.0 -999.0 -999.0 -999.0 -999.0 -999.0 -999.0 -999.0 -999.0 -999.0 -999.0 -999.0 -999.0 -999.0 -999.0 -999.0
-999.0 -999.0 1471.2 1308.3 1149.0 1599.6 1597.9 1203.1 1116.4 1607.9 -999.0 -999.0 -999.0 -999.0 -999.0 1604.9 1592.5 1601.9 1562.5 1447.1 1341.3 1184.6 1022.1 1065.2 1180.4 1246.8 1325.8 1233.6 1207.8 1166.2 1232.2 1068.2 1290.7 1198.8 1155.9 1226.1 1392.6 1287.2 1389.2 1291.1 1405.1 1332.7 1392.9 1525.3 1541.0 1515.5 1475.5 1466.9 1283.8 1270.8 1328.8 1405.4 -999.0 -999.0 -999.0 -999.0 -999.0 -999.0 -999.0 -999.0 -999.0 -999.0 -999.0 -999.0 -999.0 -999.0 -999.0 -999.0 -999.0 -999.0 -999.0
-999.0 -999.0 1383.0 1191.4 1295.2 -999.0 1616.8 1503.9 944.7 1453.1 -999.0 -999.0 -999.0 -999.0 -999.0 1608.0 1531.6 1418.4 1484.7 1299.1 1105.7 1115.4 992.2 973.6 1038.6 1192.5 1135.7 1197.0 1220.8 1075.7 1047.0 1316.2 740.0 1110.7 926.5 1154.7 1032.7 1098.9 1424.3 1271.0 1376.9 1442.6 1491.3 1480.9 1387.4 1334.3 1390.4 1334.6 1447.6 1298.1 1174.1 1355.5 1354.8 1431.0 -999.0 -999.0 -999.0 -999.0 -999.0 -999.0 -999.0 -999.0 -999.0 -999.0 -999.0 -999.0 -999.0 -999.0 -999.0 -999.0 -999.0
-999.0 -999.0 1400.1 1393.8 1581.4 -999.0 -999.0 1275.8 1029.6 1172.0 -999.0 -999.0 -999.0 -999.0 -999.0 1619.5 1587.7 1448.6 1455.3 1370.2 1217.9 1289.1 1185.6 1164.5 1035.7 1109.0 1093.7 1155.8 999.5 774.9 928.6 1043.7 672.2 780.2 1057.5 1039.0 1196.6 1365.5 1303.3 1267.8 1370.1 1347.6 1362.3 1471.9 1418.0 1402.4 1264.1 1047.0 1197.1 1256.4 1220.0 1215.3 1360.9 1413.9 -999.0 -999.0 -999.0 -999.0 -999.0 -999.0 -999.0 -999.0 -999.0 -999.0 -999.0 -999.0 -999.0 -999.0 -999.0 -999.0 -999.0
-999.0 -999.0 1515.1 1500.5 -999.0 -999.0 -999.0 1605.6 1424.4 1375.4 -999.0 -999.0 -999.0 -999.0 -999.0 1615.1 1588.3 1487.3 1445.0 1408.4 1339.3 1227.3 985.6 900.7 1048.8 990.5 1142.3 1172.3 1122.4 910.0 1155.8 829.2 907.2 1023.8 954.8 938.9 1277.4 1165.1 1324.6 1260.6 1284.6 1450.3 1357.6 1307.6 1304.7 1343.8 959.6 933.9 980.8 1249.9 1225.7 1218.8 1308.6 1353.0 -999.0 -999.0 -999.0 -999.0 -999.0 -999.0 -999.0 -999.0 -999.0 -999.0 -999.0 -999.0 -999.0 -999.0 -999.0 -999.0 -999.0
-999.0 1274.0 1358.1 1155.1 1701.4 -999.0 -999.0 -999.0 -999.0 -999.0 -999.0 -999.0 -999.0 -999.0 1488.2 1515.4 1429.3 1422.7 1379.2 1302.5 1324.9 1175.2 1117.9 972.4 1085.7 1106.0 953.3 1033.6 911.0 862.4 885.5 733.9 781.4 1066.1 1005.1 972.6 1074.7 1194.1 1182.8 1352.6 1289.9 1244.2 1382.0 1262.3 1259.5 1056.5 1021.2 854.1 980.3 1276.4 1301.0 1357.7 1295.5 1339.7 -999.0 -999.0 -999.0 -999.0 -999.0 -999.0 -999.0 -999.0 -999.0 -999.0 -999.0 -999.0 -999.0 -999.0 -999.0 -999.0 -999.0
-999.0 1187.5 1221.8 1367.0 1676.0 -999.0 -999.0 -999.0 -999.0 -999.0 -999.0 -999.0 -999.0 -999.0 1269.9 1528.0 1395.5 1252.6 1152.3 1173.3 1248.9 1238.4 1195.5 1317.4 1197.7 965.8 923.6 1003.9 1015.4 1111.1 1213.9 772.1 1075.4 1037.0 1068.0 1056.7 1119.3 1223.3 1368.3 1189.4 1264.5 1264.0 1280.7 1220.3 1079.1 991.6 1062.3 985.4 1024.4 1283.4 1408.4 1401.8 1250.2 1405.8 -999.0 -999.0 -999.0 -999.0 -999.0 -999.0 -999.0 -999.0 -999.0 -999.0 -999.0 -999.0 -999.0 -999.0 -999.0 -999.0 -999.0
