GDD/GrowingDegreeDays_1964_Actual.txt
ncols         180
nrows         290
xllcorner     -200000
yllcorner     -200000
cellsize      5000
NODATA_value    -999
[rows 160 to 191 of 290, columns 71 to 141 of 180]
-999.0 -999.0 -999.0 -999.0 -999.0 -999.0 -999.0 -999.0 -999.0 -999.0 -999.0 -999.0 -999.0 -999.0 -999.0 -999.0 -999.0 -999.0 -999.0 -999.0 -999.0 -999.0 -999.0 -999.0 -999.0 -999.0 -999.0 -999.0 -999.0 -999.0 -999.0 -999.0 -999.0 -999.0 -999.0 1641.1 1619.1 1607.9 1579.3 1336.6 1220.5 996.8 1253.3 1140.6 1501.9 1397.1 1406.0 1291.5 1233.7 1312.0 1270.2 1609.2 1574.9 1552.4 1565.1 1600.7 1528.4 1597.0 1613.1 1594.4 1632.5 1677.5 1646.3 1607.1 1588.1 1577.9 1471.5 1529.3 1599.9 1638.3 1644.9
-999.0 -999.0 -999.0 -999.0 -999.0 -999.0 -999.0 -999.0 -999.0 -999.0 -999.0 -999.0 -999.0 -999.0 -999.0 -999.0 -999.0 -999.0 -999.0 -999.0 -999.0 -999.0 -999.0 -999.0 -999.0 -999.0 -999.0 -999.0 -999.0 -999.0 -999.0 -999.0 -999.0 -999.0 -999.0 1639.5 1615.3 1636.4 1667.9 1599.4 1322.4 1489.4 1459.7 1552.2 1436.8 1195.4 1330.6 1188.0 1240.8 1194.3 1548.7 1326.0 1517.7 1431.0 1480.7 1481.8 1560.5 1581.4 1610.9 1615.4 1622.5 1634.9 1599.4 1564.9 1576.8 1594.1 1585.4 1520.2 1585.8 1646.1 1654.9
-999.0 -999.0 -999.0 -999.0 -999.0 -999.0 -999.0 -999.0 -999.0 -999.0 -999.0 -999.0 -999.0 -999.0 -999.0 -999.0 -999.0 -999.0 -999.0 -999.0 -999.0 -999.0 -999.0 -999.0 -999.0 -999.0 -999.0 -999.0 -999.0 -999.0 -999.0 -999.0 -999.0 -999.0 -999.0 1631.8 1630.3 1614.6 1698.1 1646.0 1544.1 1499.4 1536.0 1589.5 1459.1 1362.9 1366.0 1197.4 1070.5 1314.7 1414.8 1601.0 1514.6 1689.1 1636.2 1581.5 1535.7 1576.2 1586.3 1603.2 1583.6 1604.2 1585.9 1564.0 1574.4 1594.2 1601.5 1548.6 1529.1 1641.0 1716.3
-999.0 -999.0 -999.0 -999.0 -999.0 -999.0 -999.0 -999.0 -999.0 -999.0 -999.0 -999.0 -999.0 -999.0 -999.0 -999.0 -999.0 -999.0 -999.0 -999.0 -999.0 -999.0 -999.0 -999.0 -999.0 -999.0 -999.0 -999.0 -999.0 -999.0 -999.0 -999.0 -999.0 -999.0 -999.0 1661.8 1622.1 1623.4 1652.4 1652.9 1617.7 1612.0 1527.2 1415.5 1553.2 1476.6 1371.9 1023.0 1025.5 1042.2 1232.7 1461.5 1564.2 1558.3 1677.1 1723.5 1618.9 1554.5 1609.8 1617.6 1604.1 1624.9 1611.3 1597.6 1605.7 1626.5 1644.8 1568.8 1547.8 1709.0 1795.3
-999.0 -999.0 -999.0 -999.0 -999.0 -999.0 -999.0 -999.0 -999.0 -999.0 -999.0 -999.0 -999.0 -999.0 -999.0 -999.0 -999.0 -999.0 -999.0 -999.0 -999.0 -999.0 -999.0 -999.0 -999.0 -999.0 -999.0 -999.0 -999.0 -999.0 -999.0 -999.0 -999.0 -999.0 -999.0 1653.3 1633.4 1646.8 1689.9 1690.4 1677.8 1572.0 1544.2 1438.7 1376.0 1203.9 1097.8 1020.7 1206.5 1143.3 1345.5 1435.7 1577.1 1458.2 1568.0 1686.1 1723.0 1708.5 1677.3 1663.9 1640.7 1638.6 1645.5 1639.1 1640.9 1661.5 1661.2 1676.8 1653.7 1745.5 1812.1
-999.0 -999.0 -999.0 -999.0 -999.0 -999.0 -999.0 -999.0 -999.0 -999.0 -999.0 -999.0 -999.0 -999.0 -999.0 -999.0 -999.0 -999.0 -999.0 -999.0 -999.0 -999.0 -999.0 -999.0 -999.0 -999.0 -999.0 -999.0 -999.0 -999.0 -999.0 -999.0 -999.0 -999.0 -999.0 -999.0 1574.4 1620.1 1670.0 1688.1 1596.4 1404.1 1361.3 1309.7 1369.1 1373.2 1195.0 1210.7 1124.9 1254.7 1506.5 1707.6 1646.7 1590.8 1574.8 1719.4 1712.4 1650.7 1667.3 1697.5 1653.1 1664.6 1672.8 1673.1 1667.0 1672.9 1669.9 1664.7 1698.3 1726.1 1764.5
-999.0 -999.0 -999.0 -999.0 -999.0 -999.0 -999.0 -999.0 -999.0 -999.0 -999.0 -999.0 -999.0 -999.0 -999.0 -999.0 -999.0 -999.0 -999.0 -999.0 -999.0 -999.0 -999.0 -999.0 -999.0 -999.0 -999.0 -999.0 -999.0 -999.0 -999.0 -999.0 -999.0 -999.0 -999.0 1659.4 1592.5 1629.5 1669.9 1663.9 1594.7 1279.8 1229.6 1347.8 1160.4 1185.2 1243.4 1257.8 1028.9 1232.9 1288.8 1544.7 1719.1 1542.9 1681.5 1765.2 1665.4 1649.8 1701.2 1672.5 1687.0 1693.5 1689.7 1686.2 1678.6 1675.8 1579.8 1640.9 1662.0 1581.1 1629.5
-999.0 -999.0 -999.0 -999.0 -999.0 -999.0 -999.0 -999.0 -999.0 -999.0 -999.0 -999.0 -999.0 -999.0 -999.0 -999.0 -999.0 -999.0 -999.0 -999.0 -999.0 -999.0 -999.0 -999.0 -999.0 -999.0 -999.0 -999.0 -999.0 -999.0 -999.0 -999.0 -999.0 -999.0 -999.0 1678.5 1661.5 1658.4 1674.0 1536.5 1590.2 1505.8 1264.7 1465.8 1444.6 1394.7 1448.3 1422.9 1188.1 1269.1 1310.8 1606.9 1489.9 1405.8 1623.4 1567.4 1625.3 1589.7 1633.2 1667.6 1718.3 1729.6 1719.2 1705.1 1680.8 1690.6 1673.9 1607.4 1638.6 1599.9 1569.2
-999.0 -999.0 -999.0 -999.0 -999.0 -999.0 -999.0 -999.0 -999.0 -999.0 -999.0 -999.0 -999.0 -999.0 -999.0 -999.0 -999.0 -999.0 -999.0 -999.0 -999.0 -999.0 -999.0 -999.0 -999.0 -999.0 -999.0 -999.0 -999.0 -999.0 -999.0 -999.0 -999.0 -999.0 1676.6 1694.4 1687.7 1601.3 1616.2 1610.1 1645.9 1568.2 1536.0 1574.8 1604.8 1608.6 1558.2 1463.6 1229.0 1059.9 1027.6 1347.2 1253.7 1332.9 1568.7 1581.9 1675.0 1648.2 1645.2 1703.1 1746.9 1761.6 1754.5 1727.5 1693.3 1704.3 1682.8 1650.5 1617.9 1602.7 1518.2
-999.0 -999.0 -999.0 -999.0 -999.0 -999.0 -999.0 -999.0 -999.0 -999.0 -999.0 -999.0 -999.0 -999.0 -999.0 -999.0 -999.0 -999.0 -999.0 -999.0 -999.0 -999.0 -999.0 -999.0 -999.0 -999.0 -999.0 -999.0 -999.0 -999.0 -999.0 -999.0 -999.0 -999.0 -999.0 1685.3 1729.1 1692.6 1668.8 1535.2 1701.2 1700.8 1695.9 1684.6 1677.9 1709.6 1680.5 1583.6 1481.2 1147.0 1006.9 958.9 1213.4 1248.2 1405.2 1551.3 1560.0 1724.6 1725.8 1671.2 1761.9 1800.0 1801.2 1750.7 1708.2 1705.0 1686.8 1646.1 1636.6 1634.1 1623.1
-999.0 -999.0 -999.0 -999.0 -999.0 -999.0 -999.0 -999.0 -999.0 -999.0 -999.0 -999.0 -999.0 -999.0 -999.0 -999.0 -999.0 -999.0 -999.0 -999.0 -999.0 -999.0 -999.0 -999.0 -999.0 -999.0 -999.0 -999.0 -999.0 -999.0 -999.0 -999.0 -999.0 -999.0 -999.0 1750.0 1758.5 1769.2 1754.2 1725.5 1721.3 1721.3 1752.8 1758.6 1818.6 1836.2 1796.9 1696.5 1503.1 1421.1 1037.5 901.9 939.8 1147.4 1343.0 1500.0 1629.1 1583.8 1669.5 1627.2 1748.6 1788.8 1808.1 1749.5 1715.9 1699.7 1664.1 1642.2 1646.9 1651.6 1615.9
-999.0 -999.0 -999.0 -999.0 -999.0 -999.0 -999.0 -999.0 -999.0 -999.0 -999.0 -999.0 -999.0 -999.0 -999.0 1739.3 1709.7 1687.4 1672.2 -999.0 -999.0 -999.0 -999.0 -999.0 -999.0 -999.0 -999.0 -999.0 -999.0 -999.0 -999.0 -999.0 -999.0 -999.0 1784.0 1835.5 1796.9 1807.6 1737.2 1732.0 1755.8 1755.3 1756.5 1789.6 1816.4 1852.0 1810.9 1716.2 1574.9 1276.4 1071.3 1054.1 1251.0 1110.3 1295.4 1652.6 1633.9 1698.8 1512.8 1557.9 1696.4 1715.3 1727.1 1715.9 1699.4 1691.7 1672.0 1637.9 1643.0 1675.1 1667.4
-999.0 -999.0 -999.0 -999.0 -999.0 -999.0 -999.0 -999.0 -999.0 -999.0 -999.0 -999.0 -999.0 -999.0 -999.0 1665.9 1591.7 1626.3 1724.2 -999.0 -999.0 -999.0 -999.0 -999.0 -999.0 -999.0 -999.0 -999.0 -999.0 -999.0 -999.0 -999.0 -999.0 1845.8 1739.5 1808.1 1823.8 1763.6 1809.0 1744.0 1770.2 1762.8 1759.0 1777.4 1771.5 1756.5 1776.0 1715.2 1602.9 1465.7 1068.8 1012.0 1266.0 1243.2 1412.5 1556.8 1799.4 1743.0 1594.3 1565.4 1649.8 1724.6 1740.4 1710.4 1676.7 1685.0 1673.7 1656.3 1624.2 1667.4 1659.0
-999.0 -999.0 -999.0 -999.0 -999.0 -999.0 -999.0 -999.0 -999.0 -999.0 -999.0 -999.0 -999.0 1719.8 1808.9 1740.1 1593.8 1616.3 1649.4 1800.3 1873.8 1909.9 -999.0 -999.0 1795.5 1857.8 -999.0 -999.0 -999.0 1840.0 1733.8 1717.7 -999.0 1843.5 1690.4 1780.9 1854.1 1843.4 1824.3 1715.7 1710.1 1697.9 1729.4 1689.8 1747.7 1676.0 1697.9 1671.2 1329.7 1542.2 1415.4 1175.2 1474.4 1416.0 1189.1 1672.9 1577.7 1695.3 1606.3 1590.1 1647.1 1696.7 1744.5 1689.4 1686.7 1706.7 1670.8 1674.5 1624.1 1671.6 1670.1
-999.0 -999.0 -999.0 -999.0 -999.0 -999.0 -999.0 -999.0 -999.0 -999.0 -999.0 -999.0 -999.0 -999.0 1822.4 1768.6 1693.2 1680.5 1706.2 1730.7 1684.3 1916.9 -999.0 1888.0 1765.8 1589.9 1686.6 1625.4 1845.1 1834.1 1470.5 1483.7 1579.8 -999.0 1765.7 1723.3 1769.1 1816.6 1795.0 1672.8 1756.4 1849.3 1829.3 1732.3 1697.5 1668.7 1601.7 1599.1 1299.0 1222.1 1255.7 1235.6 1276.3 1178.0 1254.7 1478.2 1650.4 1687.7 1528.4 1529.0 1631.4 1622.5 1710.5 1677.8 1674.6 1697.8 1660.6 1667.0 1619.8 1663.2 1675.6
-999.0 -999.0 -999.0 -999.0 -999.0 -999.0 -999.0 -999.0 -999.0 -999.0 -999.0 -999.0 -999.0 -999.0 -999.0 1822.9 1737.4 1681.9 1765.5 1798.0 1827.7 1905.7 1508.6 977.0 1655.4 1350.0 1348.8 1441.8 1603.9 1748.1 1703.0 1538.0 1401.9 1586.4 1772.3 1797.3 1756.1 1772.0 1705.4 1537.9 1645.0 1841.8 1863.7 1755.2 1685.8 1658.5 1594.7 1539.7 1159.7 1063.0 1210.6 1228.1 1347.8 1387.2 1348.3 1431.1 1615.6 1640.7 1547.5 1574.6 1592.2 1562.7 1658.8 1621.5 1682.0 1681.7 1668.1 1613.2 1503.4 1672.4 1690.0
-999.0 -999.0 -999.0 -999.0 -999.0 -999.0 -999.0 -999.0 -999.0 -999.0 -999.0 -999.0 -999.0 -999.0 -999.0 -999.0 1747.5 1809.1 1819.8 1833.9 1728.2 1538.3 725.9 1150.1 1739.0 1257.3 1515.2 1279.4 1348.2 1590.2 1708.2 1284.3 1482.5 1480.1 1639.7 1801.5 1761.4 1723.3 1715.1 1602.5 1610.7 1723.4 1756.9 1741.2 1668.3 1633.4 1591.3 1401.8 1285.0 1008.4 1173.7 1161.0 1199.4 1468.0 1368.3 1312.6 1457.0 1529.8 1541.5 1606.8 1559.7 1561.3 1632.2 1605.6 1679.0 1693.0 1665.4 1666.5 1679.5 1685.3 1703.6
-999.0 -999.0 -999.0 -999.0 -999.0 -999.0 -999.0 -999.0 -999.0 -999.0 -999.0 -999.0 -999.0 -999.0 -999.0 -999.0 -999.0 1861.4 1834.6 1649.6 1434.2 782.7 707.1 1111.3 1364.2 1368.5 1276.3 1167.5 1180.2 1209.3 1487.9 1615.4 1248.7 1476.5 1597.0 1649.2 1736.1 1738.5 1700.4 1661.7 1641.1 1684.0 1719.4 1689.7 1639.9 1603.6 1538.9 1387.7 1204.2 1105.4 1249.8 1269.8 1180.4 1326.5 1555.2 1343.3 1523.1 1504.0 1520.7 1635.7 1640.4 1612.4 1604.2 1604.8 1678.6 1704.0 1690.9 1720.8 1656.9 1694.0 1712.2
-999.0 -999.0 -999.0 -999.0 -999.0 -999.0 -999.0 -999.0 -999.0 -999.0 -999.0 -999.0 -999.0 -999.0 -999.0 -999.0 -999.0 1877.4 1748.3 1382.4 1240.4 1139.0 902.7 1343.2 1544.3 1343.2 1120.4 1054.4 1016.8 1197.9 1439.9 1642.1 1190.8 1286.6 1528.3 1621.1 1752.2 1743.9 1689.5 1606.4 1619.5 1641.2 1655.7 1668.5 1640.9 1583.0 1413.6 1323.0 1398.2 1079.5 1241.0 1216.6 1146.7 1201.4 1387.0 1491.2 1531.9 1600.8 1527.0 1531.7 1614.5 1610.3 1650.9 1653.5 1705.3 1702.7 1708.6 1717.1 1698.7 1672.6 1708.9
-999.0 -999.0 -999.0 -999.0 -999.0 -999.0 -999.0 -999.0 -999.0 -999.0 -999.0 -999.0 -999.0 -999.0 -999.0 -999.0 -999.0 1868.7 1682.6 1453.0 1483.5 1135.8 1262.1 1457.8 1337.0 1440.7 1276.2 1026.7 1139.8 1018.8 1216.2 1487.0 1210.4 1204.7 1342.4 1672.1 1727.7 1750.7 1658.7 1564.5 1575.4 1622.7 1640.7 1649.6 1617.5 1497.3 1426.6 1424.4 1397.8 1238.1 1264.3 1278.8 1297.4 1382.8 1405.9 1370.5 1598.3 1535.6 1540.4 1598.7 1584.3 1630.7 1595.9 1701.5 1716.1 1708.8 1721.6 1723.8 1629.2 1718.0 1730.5
-999.0 -999.0 -999.0 -999.0 -999.0 -999.0 -999.0 -999.0 -999.0 -999.0 -999.0 -999.0 -999.0 -999.0 -999.0 -999.0 1848.5 1095.0 1546.2 1403.0 1240.8 1532.2 802.8 981.1 1061.0 1181.3 991.4 1167.2 1110.5 1193.0 1305.2 1228.0 1042.0 1229.5 1358.2 1661.2 1743.0 1763.0 1617.2 1595.3 1621.5 1620.6 1646.4 1621.7 1527.5 1549.2 1536.2 1365.1 1267.1 1468.7 1174.8 1234.2 1440.5 1410.7 1475.1 1541.5 1558.9 1599.2 1609.5 1684.2 1611.8 1664.2 1709.3 1629.4 1720.1 1714.7 1706.1 1712.5 1647.6 1729.6 1742.2
-999.0 -999.0 -999.0 -999.0 -999.0 -999.0 -999.0 -999.0 -999.0 -999.0 -999.0 -999.0 -999.0 -999.0 1847.9 1786.5 1455.7 1516.0 1650.6 1628.3 1434.0 1591.7 1351.5 1246.3 1018.2 1037.6 932.7 1033.1 969.5 1264.4 1127.8 1226.6 1481.1 1493.2 1599.7 1609.1 1689.0 1714.1 1615.1 1592.1 1590.4 1621.1 1593.9 1482.9 1545.4 1518.7 1565.2 1408.5 1338.8 1376.1 1443.5 1508.6 1408.1 1458.5 1508.0 1533.8 1580.8 1594.0 1664.7 1697.3 1729.2 1762.1 1739.2 1708.9 1705.7 1685.3 1710.5 1705.9 1639.8 1706.0 1741.0
-999.0 -999.0 -999.0 -999.0 -999.0 -999.0 -999.0 -999.0 -999.0 -999.0 -999.0 -999.0 -999.0 1809.7 1738.3 1722.3 1715.9 1768.6 1820.2 1778.7 1773.5 1714.5 1444.1 1297.7 1170.7 725.6 1153.8 1247.2 1187.1 1328.3 959.3 974.7 1102.0 1410.9 1585.5 1597.8 1623.5 1642.8 1603.0 1555.1 1584.6 1580.7 1555.2 1489.5 1452.9 1540.9 1529.8 1407.4 1414.4 1446.2 1472.0 1477.9 1472.8 1562.3 1540.9 1581.2 1729.7 1646.7 1682.2 1749.0 1813.0 1784.4 1705.0 1709.6 1695.3 1681.2 1676.6 1681.0 1587.9 1647.6 1708.1
-999.0 -999.0 -999.0 -999.0 -999.0 -999.0 -999.0 -999.0 -999.0 -999.0 -999.0 -999.0 1843.0 1644.7 1660.1 1697.2 -999.0 -999.0 -999.0 -999.0 1804.3 1244.8 1226.4 1218.0 1085.2 1186.3 1246.7 985.8 1029.2 1165.0 654.0 830.1 1066.6 1186.6 1490.4 1675.5 1633.4 1608.3 1617.2 1595.6 1596.3 1594.1 1535.5 1556.7 1440.9 1500.9 1503.3 1484.3 1468.2 1472.6 1499.8 1576.3 1578.7 1597.1 1623.4 1664.2 1736.1 1740.6 1720.2 1733.0 1742.4 1732.1 1710.2 1695.0 1644.5 1616.1 1616.7 1636.4 1594.0 1629.2 1651.7
-999.0 -999.0 -999.0 -999.0 -999.0 -999.0 -999.0 -999.0 -999.0 -999.0 -999.0 -999.0 1809.6 1532.4 1790.1 1848.1 -999.0 -999.0 -999.0 -999.0 1876.0 1433.2 1133.3 1436.1 1073.6 1090.4 1109.5 912.9 859.9 1094.2 850.2 1302.8 1289.5 1428.4 1578.2 1692.5 1671.7 1619.9 1607.1 1572.7 1531.2 1594.8 1523.9 1529.3 1516.7 1463.4 1535.9 1521.6 1578.2 1527.8 1482.4 1477.1 1493.8 1607.2 1650.5 1674.5 1694.8 1650.0 1657.4 1645.1 1655.3 1663.4 1589.5 1625.1 1504.9 1520.4 1528.0 1608.5 1595.5 1627.2 1650.4
-999.0 -999.0 -999.0 -999.0 -999.0 -999.0 -999.0 -999.0 -999.0 -999.0 -999.0 -999.0 -999.0 -999.0 -999.0 -999.0 -999.0 -999.0 -999.0 -999.0 1888.4 1367.1 1320.2 1451.6 1236.8 1362.2 910.4 961.0 1305.0 1118.0 1158.6 1294.4 1310.9 1534.7 1644.3 1714.5 1611.8 1612.9 1600.2 1596.4 1619.1 1607.9 1569.5 1547.3 1545.4 1516.5 1564.0 1587.2 1581.8 1556.6 1585.9 1549.4 1533.0 1661.7 1562.7 1503.4 1590.7 1588.7 1597.3 1651.3 1613.5 1545.1 1448.7 1480.5 1547.7 1549.9 1528.4 1590.2 1586.0 1629.8 1640.3
-999.0 -999.0 -999.0 -999.0 -999.0 -999.0 -999.0 -999.0 -999.0 -999.0 -999.0 -999.0 -999.0 -999.0 -999.0 -999.0 -999.0 -999.0 -999.0 -999.0 -999.0 1378.8 1831.1 1682.6 1365.1 1017.5 1087.5 984.0 1034.4 1358.2 1316.7 1275.3 1559.6 1614.7 1696.2 1694.9 1661.9 1624.3 1659.1 1676.0 1656.0 1648.5 1619.7 1569.2 1585.7 1539.7 1549.7 1593.8 1467.7 1539.8 1633.9 1641.6 1633.0 1623.7 1627.7 1533.7 1514.9 1565.7 1498.2 1624.6 1637.9 1532.7 1537.6 1521.3 1551.1 1608.5 1559.6 1592.5 1627.8 1674.8 1653.3
-999.0 -999.0 -999.0 -999.0 -999.0 -999.0 -999.0 -999.0 -999.0 -999.0 -999.0 -999.0 -999.0 -999.0 -999.0 -999.0 -999.0 -999.0 -999.0 -999.0 -999.0 1664.3 1214.4 1122.8 1253.2 1274.1 1331.7 1173.3 1338.9 1332.7 1503.6 1646.2 1491.7 1655.8 1688.3 1546.1 1580.1 1610.9 1689.0 1761.6 1717.4 1630.4 1657.0 1542.5 1536.3 1539.6 1549.2 1590.2 1482.1 1468.9 1582.2 1638.7 1659.9 1640.6 1624.0 1593.3 1551.8 1516.4 1399.6 1535.2 1663.8 1610.2 1539.0 1470.5 1450.9 1514.3 1609.5 1606.7 1662.9 1706.1 1736.3
-999.0 -999.0 -999.0 -999.0 -999.0 -999.0 -999.0 -999.0 -999.0 -999.0 -999.0 -999.0 -999.0 -999.0 -999.0 -999.0 -999.0 -999.0 -999.0 -999.0 1729.1 1550.4 1624.2 1021.3 1383.0 1440.1 1241.8 1277.1 1394.1 1205.8 1545.9 1682.4 1477.7 1714.8 1245.7 1459.6 1593.8 1614.2 1564.1 1675.8 1667.2 1433.1 1466.3 1519.5 1603.1 1563.8 1575.4 1607.5 1593.3 1593.2 1624.7 1654.4 1651.5 1652.1 1633.9 1581.1 1584.8 1505.7 1544.3 1630.8 1657.7 1596.9 1519.3 1451.2 1431.9 1494.4 1621.8 1649.7 1709.8 1769.7 1795.8
-999.0 -999.0 -999.0 -999.0 -999.0 -999.0 -999.0 -999.0 -999.0 -999.0 -999.0 -999.0 -999.0 -999.0 -999.0 -999.0 -999.0 -999.0 -999.0 -999.0 1918.7 1667.2 1105.2 1495.8 1773.1 1530.5 1461.1 1307.1 1168.2 1226.0 1524.2 1637.8 1599.2 1663.6 1560.2 1509.1 1444.0 1443.1 1602.6 1587.3 1579.9 1541.0 1500.2 1592.9 1609.7 1576.3 1610.2 1606.0 1626.5 1684.2 1670.1 1662.6 1660.9 1653.7 1653.2 1627.4 1617.5 1556.1 1552.0 1617.5 1628.3 1550.3 1454.1 1394.5 1483.0 1489.8 1542.4 1631.5 1749.5 1748.2 1825.9
-999.0 -999.0 -999.0 -999.0 -999.0 -999.0 -999.0 -999.0 -999.0 -999.0 -999.0 -999.0 -999.0 -999.0 -999.0 -999.0 -999.0 -999.0 -999.0 -999.0 1984.4 1553.7 1812.5 1565.2 1574.2 1428.9 1401.7 1053.0 1218.7 1145.3 1400.1 1526.1 1652.7 1656.1 1565.3 1352.6 1250.1 1161.3 1511.4 1397.4 1495.2 1490.7 1516.6 1640.3 1612.6 1605.3 1639.5 1651.0 1717.4 1731.4 1637.9 1645.4 1677.2 1655.4 1568.2 1663.8 1635.9 1605.1 1611.8 1647.5 1626.4 1540.8 1496.9 1494.5 1525.4 1545.4 1629.5 1672.4 1687.8 1732.7 1802.3
-999.0 -999.0 -999.0 -999.0 -999.0 -999.0 -999.0 -999.0 -999.0 -999.0 -999.0 -999.0 -999.0 -999.0 -999.0 -999.0 -999.0 -999.0 -999.0 -999.0 -999.0 1759.1 1475.2 1274.1 1072.9 965.6 1164.0 1178.8 1343.2 1561.2 1580.6 1626.0 1568.5 1555.2 1596.9 1477.2 1464.9 1227.8 1391.5 1475.8 1505.6 1426.8 1468.0 1627.3 1554.7 1642.1 1693.4 1586.7 1748.9 1771.3 1768.4 1711.3 1712.4 1681.7 1558.4 1611.8 1664.1 1614.9 1627.4 1637.8 1597.9 1526.3 1553.6 1578.9 1631.2 1599.4 1675.3 1619.4 1652.9 1750.1 1779.8
