GDD/GrowingDegreeDays_1974_Actual.txt
ncols         180
nrows         290
xllcorner     -200000
yllcorner     -200000
cellsize      5000
NODATA_value    -999
[rows 96 to 127 of 290, columns 72 to 143 of 180]
1092.5 1246.9 1328.3 941.3 1228.9 604.2 632.4 898.4 1163.1 732.3 401.3 404.4 339.1 565.3 642.3 686.0 440.7 511.6 394.8 359.6 613.7 617.8 638.4 866.0 771.9 942.6 708.0 531.8 595.7 534.6 653.7 691.5 599.2 545.0 640.1 700.1 591.5 589.8 885.2 991.3 1094.4 1111.3 920.1 1013.4 -999.0 -999.0 -999.0 -999.0 -999.0 -999.0 -999.0 -999.0 -999.0 -999.0 -999.0 -999.0 -999.0 -999.0 -999.0 -999.0 -999.0 -999.0 -999.0 -999.0 -999.0 -999.0 -999.0 -999.0 -999.0 -999.0 -999.0 -999.0
867.7 1279.1 1325.9 933.8 1129.3 759.6 912.0 1140.9 1174.4 803.3 478.2 1163.7 506.7 678.4 532.9 707.3 499.1 730.1 573.1 656.1 663.1 313.6 686.2 672.1 781.9 842.3 884.5 555.3 697.9 801.2 757.9 551.1 704.8 620.5 763.4 719.7 764.7 860.3 1022.6 1015.2 996.8 1040.0 1167.7 -999.0 -999.0 -999.0 -999.0 -999.0 -999.0 -999.0 -999.0 -999.0 -999.0 -999.0 -999.0 -999.0 -999.0 -999.0 -999.0 -999.0 -999.0 -999.0 -999.0 -999.0 -999.0 -999.0 -999.0 -999.0 -999.0 -999.0 -999.0 -999.0
1285.6 754.2 925.4 861.1 591.1 405.6 1202.9 1300.4 479.2 945.0 1043.2 481.7 636.1 448.6 632.2 459.1 805.8 882.2 929.7 894.2 899.2 866.0 641.5 874.5 720.6 676.4 927.5 773.4 665.4 855.8 861.3 735.2 738.5 832.6 747.3 829.5 998.5 1072.0 1111.4 1011.1 1089.7 1166.4 1183.2 -999.0 -999.0 -999.0 -999.0 -999.0 -999.0 -999.0 -999.0 -999.0 -999.0 -999.0 -999.0 -999.0 -999.0 -999.0 -999.0 -999.0 -999.0 -999.0 -999.0 -999.0 -999.0 -999.0 -999.0 -999.0 -999.0 -999.0 -999.0 -999.0
734.9 1058.4 865.6 819.8 1262.4 1285.7 -999.0 1035.8 473.3 647.3 397.8 793.4 932.7 697.0 777.2 800.0 781.4 721.8 653.7 581.3 493.3 282.6 458.1 671.8 662.9 943.1 1061.6 1167.4 760.7 695.9 873.6 872.5 840.5 983.2 937.4 982.7 1066.1 1068.7 1052.5 1039.9 984.1 1015.0 -999.0 -999.0 -999.0 -999.0 -999.0 -999.0 -999.0 -999.0 -999.0 -999.0 -999.0 -999.0 -999.0 -999.0 -999.0 -999.0 -999.0 -999.0 -999.0 -999.0 -999.0 -999.0 -999.0 -999.0 -999.0 -999.0 -999.0 -999.0 -999.0 -999.0
1095.2 968.2 1078.6 767.9 1178.5 -999.0 1338.9 1094.4 1307.0 864.5 1024.8 675.2 304.5 698.0 613.9 744.2 514.0 365.7 460.9 644.1 962.7 895.4 1010.6 755.7 826.8 832.2 726.9 801.5 841.5 792.8 917.0 1043.7 1028.3 1112.5 1098.8 1016.4 982.8 1018.9 1027.4 1025.9 1130.8 1130.7 -999.0 -999.0 -999.0 -999.0 -999.0 -999.0 -999.0 -999.0 -999.0 -999.0 -999.0 -999.0 -999.0 -999.0 -999.0 -999.0 -999.0 -999.0 -999.0 -999.0 -999.0 -999.0 -999.0 -999.0 -999.0 -999.0 -999.0 -999.0 -999.0 -999.0
1148.3 1353.6 943.8 1257.2 -999.0 1401.2 1367.0 1186.5 342.2 695.1 212.4 624.0 822.2 923.2 619.3 565.6 671.5 523.7 735.3 564.2 475.2 623.0 1063.0 760.1 588.2 544.5 748.2 752.3 1173.8 969.5 1127.5 1183.4 1193.4 1154.0 891.6 891.6 892.3 935.4 935.3 1024.5 1138.5 1238.0 -999.0 -999.0 -999.0 -999.0 -999.0 -999.0 -999.0 -999.0 -999.0 -999.0 -999.0 -999.0 -999.0 -999.0 -999.0 -999.0 -999.0 -999.0 -999.0 -999.0 -999.0 -999.0 -999.0 -999.0 -999.0 -999.0 -999.0 -999.0 -999.0 -999.0
1254.6 631.0 1366.0 -999.0 1438.5 -999.0 984.4 825.8 636.5 1283.3 431.7 680.6 629.3 777.3 256.0 661.6 256.9 676.3 746.0 378.4 870.3 1269.5 729.5 419.8 376.1 814.0 821.7 801.2 904.2 1071.4 1145.0 1154.5 1135.9 825.9 961.2 990.8 1058.4 1033.9 1047.4 1165.3 1245.4 -999.0 -999.0 -999.0 -999.0 -999.0 -999.0 -999.0 -999.0 -999.0 -999.0 -999.0 -999.0 -999.0 -999.0 -999.0 -999.0 -999.0 -999.0 -999.0 -999.0 -999.0 -999.0 -999.0 -999.0 -999.0 -999.0 -999.0 -999.0 -999.0 -999.0 -999.0
581.8 904.5 1365.0 -999.0 -999.0 1318.2 1271.6 1287.1 1208.1 830.2 372.8 1048.9 817.4 304.0 563.6 561.3 363.3 359.4 553.1 1083.1 597.3 602.6 425.2 551.5 723.4 507.6 503.9 798.4 1005.5 1176.0 1164.9 1040.0 790.9 1013.8 1130.3 1120.5 1262.1 1243.5 1221.6 -999.0 -999.0 -999.0 -999.0 -999.0 -999.0 -999.0 -999.0 -999.0 -999.0 -999.0 -999.0 -999.0 -999.0 -999.0 -999.0 -999.0 -999.0 -999.0 -999.0 -999.0 -999.0 -999.0 -999.0 -999.0 -999.0 -999.0 -999.0 -999.0 -999.0 -999.0 -999.0 -999.0
1015.3 1222.7 1365.2 -999.0 1413.9 1246.2 1063.3 861.4 1074.9 836.6 1169.8 1171.6 897.7 629.1 700.2 847.1 901.1 823.8 678.2 475.2 835.9 643.0 705.1 570.8 504.1 699.3 757.6 946.0 1106.6 1197.7 1203.4 983.2 1057.8 1235.3 1253.3 1300.0 1263.6 1286.6 -999.0 -999.0 -999.0 -999.0 -999.0 -999.0 -999.0 -999.0 -999.0 -999.0 -999.0 -999.0 -999.0 -999.0 -999.0 -999.0 -999.0 -999.0 -999.0 -999.0 -999.0 -999.0 -999.0 -999.0 -999.0 -999.0 -999.0 -999.0 -999.0 -999.0 -999.0 -999.0 -999.0 -999.0
907.9 1184.7 -999.0 -999.0 1369.4 872.0 985.8 786.0 1043.4 1219.9 971.8 613.2 606.5 695.1 785.0 691.5 482.7 820.1 654.7 974.0 839.6 622.5 910.0 1149.4 1177.0 1051.7 1119.5 1184.0 1161.9 1191.1 1346.9 1180.5 1235.6 1284.5 1113.7 1198.5 1143.3 1224.7 -999.0 -999.0 -999.0 -999.0 -999.0 -999.0 -999.0 -999.0 -999.0 -999.0 -999.0 -999.0 -999.0 -999.0 -999.0 -999.0 -999.0 -999.0 -999.0 -999.0 -999.0 -999.0 -999.0 -999.0 -999.0 -999.0 -999.0 -999.0 -999.0 -999.0 -999.0 -999.0 -999.0 -999.0
-999.0 -999.0 -999.0 1393.8 982.7 948.5 846.8 933.4 846.4 605.9 658.7 489.3 910.3 630.7 1137.5 546.2 1034.4 433.5 879.4 669.5 374.2 776.0 975.2 844.5 972.8 1178.9 1125.4 1225.4 1317.6 1236.6 1329.6 1318.5 1195.8 1195.6 1174.2 1115.3 1201.6 1203.6 1313.1 -999.0 -999.0 -999.0 -999.0 -999.0 -999.0 -999.0 -999.0 -999.0 -999.0 -999.0 -999.0 -999.0 -999.0 -999.0 -999.0 -999.0 -999.0 -999.0 -999.0 -999.0 -999.0 -999.0 -999.0 -999.0 -999.0 -999.0 -999.0 -999.0 -999.0 -999.0 -999.0 -999.0
-999.0 -999.0 -999.0 1341.8 1323.5 932.9 820.1 1199.0 737.4 986.2 1203.7 808.5 616.6 703.4 1362.5 623.8 693.5 638.0 859.6 561.6 717.9 662.6 530.8 788.5 884.5 927.5 972.7 1045.5 1020.8 987.1 896.3 953.9 1128.4 1242.9 1177.5 984.7 1127.1 1028.4 1118.9 1180.5 -999.0 -999.0 -999.0 -999.0 -999.0 -999.0 -999.0 -999.0 -999.0 -999.0 -999.0 -999.0 -999.0 -999.0 -999.0 -999.0 -999.0 -999.0 -999.0 -999.0 -999.0 -999.0 -999.0 -999.0 -999.0 -999.0 -999.0 -999.0 -999.0 -999.0 -999.0 -999.0
-999.0 -999.0 1403.6 1341.4 1241.2 885.3 1075.8 861.3 867.2 1025.0 1243.1 753.7 713.9 519.4 1265.7 723.2 841.7 785.6 849.9 731.5 1147.6 987.5 931.5 971.5 1122.4 928.2 749.2 613.0 714.8 784.8 913.0 1026.9 944.9 1224.5 1074.0 1014.8 1014.6 1031.8 1076.6 1149.9 1258.2 -999.0 -999.0 -999.0 -999.0 -999.0 -999.0 -999.0 -999.0 -999.0 -999.0 -999.0 -999.0 -999.0 -999.0 -999.0 -999.0 -999.0 -999.0 -999.0 -999.0 -999.0 -999.0 -999.0 -999.0 -999.0 -999.0 -999.0 -999.0 -999.0 -999.0 -999.0
-999.0 1397.5 -999.0 1285.1 1097.3 1208.0 850.2 719.7 1218.7 1322.1 942.5 578.2 863.8 1417.9 1142.9 346.7 1053.5 1024.8 902.7 882.3 1068.7 1133.8 1243.3 1195.5 917.6 590.1 620.4 755.3 837.3 1001.3 1049.4 1064.0 987.6 1095.7 1105.4 1220.8 1315.8 1315.7 1314.5 1321.7 -999.0 -999.0 -999.0 -999.0 -999.0 -999.0 -999.0 -999.0 -999.0 -999.0 -999.0 -999.0 -999.0 -999.0 -999.0 -999.0 -999.0 -999.0 -999.0 -999.0 -999.0 -999.0 -999.0 -999.0 -999.0 -999.0 -999.0 -999.0 -999.0 -999.0 -999.0 -999.0
1399.2 988.6 -999.0 1346.8 1293.4 1142.5 1110.8 1151.4 1135.9 676.8 1197.1 723.6 740.7 758.2 1030.6 1241.2 574.3 1001.5 1139.1 1245.8 1285.0 1326.8 1371.8 1408.8 1067.3 1230.7 1247.0 1236.7 1075.5 952.5 1052.3 1058.9 1135.9 1210.3 1213.2 1346.8 -999.0 -999.0 -999.0 -999.0 -999.0 -999.0 -999.0 -999.0 -999.0 -999.0 -999.0 -999.0 -999.0 -999.0 -999.0 -999.0 -999.0 -999.0 -999.0 -999.0 -999.0 -999.0 -999.0 -999.0 -999.0 -999.0 -999.0 -999.0 -999.0 -999.0 -999.0 -999.0 -999.0 -999.0 -999.0 -999.0
1121.4 1242.6 -999.0 979.3 1313.9 1046.5 1179.8 1414.9 803.5 784.0 647.8 626.6 1407.5 815.5 802.0 1343.2 1016.4 937.0 1120.5 1098.6 1044.9 1006.6 955.5 1318.7 1402.1 1389.7 1305.4 1206.5 1099.6 985.0 1055.8 1076.7 1097.0 1261.7 -999.0 -999.0 -999.0 -999.0 -999.0 -999.0 -999.0 -999.0 -999.0 -999.0 -999.0 -999.0 -999.0 -999.0 -999.0 -999.0 -999.0 -999.0 -999.0 -999.0 -999.0 -999.0 -999.0 -999.0 -999.0 -999.0 -999.0 -999.0 -999.0 -999.0 -999.0 -999.0 -999.0 -999.0 -999.0 -999.0 -999.0 -999.0
1125.9 -999.0 1318.1 1290.0 905.9 1180.2 1365.3 810.8 1077.4 731.4 664.8 926.4 1130.0 789.1 800.8 1430.2 1414.7 1349.6 1246.8 1127.0 1058.5 862.7 822.8 1084.5 1253.6 1379.5 1418.9 1283.9 1267.3 1202.3 1185.5 1026.9 1062.3 1337.3 -999.0 -999.0 -999.0 -999.0 -999.0 -999.0 -999.0 -999.0 -999.0 -999.0 -999.0 -999.0 -999.0 -999.0 -999.0 -999.0 -999.0 -999.0 -999.0 -999.0 -999.0 -999.0 -999.0 -999.0 -999.0 -999.0 -999.0 -999.0 -999.0 -999.0 -999.0 -999.0 -999.0 -999.0 -999.0 -999.0 -999.0 -999.0
1392.1 -999.0 1379.8 736.8 1080.4 -999.0 1250.4 865.3 1048.4 812.3 915.5 864.1 1364.5 1338.8 1136.2 1291.1 1290.1 1138.4 1288.2 631.9 647.6 764.4 786.4 1038.3 1303.7 1341.1 1450.9 1476.0 1403.9 1371.3 1297.2 1354.6 -999.0 -999.0 -999.0 -999.0 -999.0 1271.1 1270.0 1255.7 1359.7 -999.0 -999.0 -999.0 -999.0 -999.0 -999.0 -999.0 -999.0 -999.0 -999.0 -999.0 -999.0 -999.0 -999.0 -999.0 -999.0 -999.0 -999.0 -999.0 -999.0 -999.0 -999.0 -999.0 -999.0 -999.0 -999.0 -999.0 -999.0 -999.0 -999.0 -999.0
-999.0 -999.0 973.8 1337.5 823.1 -999.0 1283.6 778.2 1118.2 1361.4 676.2 1385.1 1511.3 1491.5 1422.3 1240.9 1078.0 862.8 1113.7 1079.3 1172.0 1148.8 1170.1 1092.6 1119.3 1141.3 1235.8 1341.4 1259.9 1202.5 1255.3 1373.6 1409.8 1429.1 -999.0 -999.0 1378.7 1275.0 1164.5 1255.9 1283.2 1319.9 1363.7 -999.0 -999.0 -999.0 -999.0 -999.0 -999.0 -999.0 -999.0 -999.0 -999.0 -999.0 -999.0 -999.0 -999.0 -999.0 -999.0 -999.0 -999.0 -999.0 -999.0 -999.0 -999.0 -999.0 -999.0 -999.0 -999.0 -999.0 -999.0 -999.0
-999.0 -999.0 1399.9 1082.4 906.4 1388.8 1104.9 1305.1 1153.5 1075.3 997.2 1459.2 1323.0 1080.7 1090.6 1109.5 1312.1 1320.9 1275.7 1309.8 1235.0 1211.0 1180.1 1103.3 1024.0 1041.1 1124.8 1008.2 975.3 1167.5 1257.9 1304.0 1308.8 1259.7 1359.9 1322.2 1208.6 1166.4 1205.9 1133.3 967.0 1011.3 941.8 1288.1 -999.0 -999.0 -999.0 -999.0 -999.0 -999.0 -999.0 -999.0 -999.0 -999.0 -999.0 -999.0 -999.0 -999.0 -999.0 -999.0 -999.0 -999.0 -999.0 -999.0 -999.0 -999.0 -999.0 -999.0 -999.0 -999.0 -999.0 -999.0
-999.0 -999.0 1172.4 816.2 1158.5 1047.7 1411.6 1134.2 1243.9 1469.2 1487.3 -999.0 1090.7 800.4 1096.4 1215.6 1352.9 1352.3 1429.2 1460.1 1244.7 1215.2 1138.0 993.4 962.7 939.7 1009.8 1053.2 1051.6 1115.6 1120.6 1118.1 1043.3 1170.0 1276.6 1108.1 1139.2 1087.3 1101.7 976.5 835.4 818.1 784.1 954.5 930.8 932.9 1292.3 -999.0 -999.0 -999.0 -999.0 -999.0 -999.0 -999.0 -999.0 -999.0 -999.0 -999.0 -999.0 -999.0 -999.0 -999.0 -999.0 -999.0 -999.0 -999.0 -999.0 -999.0 -999.0 -999.0 -999.0 -999.0
-999.0 -999.0 1172.0 1223.3 1317.3 859.2 1450.9 -999.0 1494.0 1368.5 1518.2 -999.0 1039.1 683.1 998.3 1077.0 1304.7 1448.0 1419.1 1395.4 1462.8 1341.0 1205.2 1134.5 935.3 897.2 892.3 980.4 973.9 909.6 884.1 795.4 926.5 1129.0 1206.7 1066.8 1036.6 989.7 683.6 643.1 787.6 793.0 859.5 902.3 908.0 1102.0 1149.4 -999.0 -999.0 -999.0 -999.0 -999.0 -999.0 -999.0 -999.0 -999.0 -999.0 -999.0 -999.0 -999.0 -999.0 -999.0 -999.0 -999.0 -999.0 -999.0 -999.0 -999.0 -999.0 -999.0 -999.0 -999.0
-999.0 -999.0 -999.0 1225.2 1047.7 1212.0 1483.0 -999.0 -999.0 1453.3 1559.4 1418.1 1101.8 854.4 1178.2 1103.1 988.5 1156.0 1213.4 1281.1 1106.1 1273.5 1354.5 1231.6 1100.9 944.1 873.5 775.4 862.7 743.4 734.0 863.4 970.1 945.1 990.4 936.6 834.7 765.7 789.0 667.9 773.5 824.5 856.9 1113.5 1111.0 1019.1 1020.1 1096.0 -999.0 -999.0 -999.0 -999.0 -999.0 -999.0 -999.0 -999.0 -999.0 -999.0 -999.0 -999.0 -999.0 -999.0 -999.0 -999.0 -999.0 -999.0 -999.0 -999.0 -999.0 -999.0 -999.0 -999.0
-999.0 -999.0 1439.0 1138.0 1076.1 -999.0 -999.0 -999.0 -999.0 -999.0 1568.4 1553.5 1068.0 1125.3 1303.5 1138.3 997.8 927.9 1022.5 1112.4 1064.3 1042.7 1150.7 1269.7 1067.2 888.7 916.0 884.9 853.6 753.5 828.0 908.2 875.7 881.2 697.4 731.1 831.7 849.6 932.1 816.9 847.1 915.4 905.3 1095.5 1142.5 1134.2 1144.4 1200.8 -999.0 -999.0 -999.0 -999.0 -999.0 -999.0 -999.0 -999.0 -999.0 -999.0 -999.0 -999.0 -999.0 -999.0 -999.0 -999.0 -999.0 -999.0 -999.0 -999.0 -999.0 -999.0 -999.0 -999.0
1495.5 -999.0 1013.5 1133.9 1378.4 1442.3 1107.1 1008.8 -999.0 -999.0 -999.0 1556.7 1267.5 1273.2 1263.4 1219.9 1108.0 962.9 897.8 861.4 848.5 944.4 979.6 1060.3 1266.5 939.1 949.5 901.3 913.8 971.7 967.2 784.1 866.8 689.2 537.2 615.9 759.3 771.5 963.7 937.0 961.5 960.5 968.6 1119.2 1149.7 1171.9 1140.3 1114.1 1141.6 -999.0 -999.0 -999.0 -999.0 -999.0 -999.0 -999.0 -999.0 -999.0 -999.0 -999.0 -999.0 -999.0 -999.0 -999.0 -999.0 -999.0 -999.0 -999.0 -999.0 -999.0 -999.0 -999.0
-999.0 1459.8 963.0 1112.8 1430.5 1053.1 845.9 747.9 1382.0 -999.0 -999.0 -999.0 1493.4 1401.6 1386.8 1314.2 1239.5 1159.5 968.9 909.2 904.4 982.3 995.4 996.7 1007.6 1068.3 1007.3 953.1 835.5 903.2 745.0 990.2 864.9 910.7 891.6 637.8 665.6 834.3 917.5 1033.4 1062.1 1065.7 1071.1 1145.3 1154.5 1201.2 1125.4 1066.0 1121.9 1189.6 -999.0 -999.0 -999.0 -999.0 -999.0 -999.0 -999.0 -999.0 -999.0 -999.0 -999.0 -999.0 -999.0 -999.0 -999.0 -999.0 -999.0 -999.0 -999.0 -999.0 -999.0 -999.0
-999.0 1301.3 1095.0 918.6 1445.4 1438.5 971.2 878.6 1457.8 -999.0 -999.0 -999.0 -999.0 -999.0 1387.3 1356.8 1368.4 1328.5 1206.0 1104.6 948.5 764.9 798.9 912.8 982.1 1060.9 962.3 937.8 895.1 958.9 790.7 1012.4 908.3 849.3 929.5 1110.7 997.1 1092.9 996.6 1118.7 1039.0 1092.1 1226.6 1244.8 1229.2 1195.6 1200.2 1016.9 1021.0 1104.7 1215.5 -999.0 -999.0 -999.0 -999.0 -999.0 -999.0 -999.0 -999.0 -999.0 -999.0 -999.0 -999.0 -999.0 -999.0 -999.0 -999.0 -999.0 -999.0 -999.0 -999.0 -999.0
-999.0 1202.5 966.8 1083.6 -999.0 1459.0 1312.0 697.8 1266.3 -999.0 -999.0 -999.0 -999.0 -999.0 1354.8 1269.0 1148.9 1228.7 1034.6 839.6 852.0 728.6 708.9 775.1 933.2 875.0 935.2 960.3 810.8 776.0 1045.4 473.0 822.5 645.0 863.8 745.4 810.4 1138.5 976.4 1084.7 1153.9 1197.2 1173.1 1072.1 1027.5 1096.0 1048.2 1183.2 1038.1 926.4 1138.1 1172.1 1282.6 -999.0 -999.0 -999.0 -999.0 -999.0 -999.0 -999.0 -999.0 -999.0 -999.0 -999.0 -999.0 -999.0 -999.0 -999.0 -999.0 -999.0 -999.0 -999.0
-999.0 1237.9 1207.3 1425.0 -999.0 -999.0 1046.3 777.4 927.5 -999.0 -999.0 -999.0 -999.0 -999.0 1395.4 1360.0 1185.0 1190.8 1100.4 938.5 1017.3 914.9 897.8 775.2 862.6 862.1 906.4 765.4 544.5 669.5 771.7 401.9 511.7 773.7 752.7 914.2 1096.3 1021.3 974.8 1075.5 1050.7 1059.0 1170.6 1110.3 1097.7 961.5 754.0 916.2 991.5 964.7 973.2 1154.6 1243.9 -999.0 -999.0 -999.0 -999.0 -999.0 -999.0 -999.0 -999.0 -999.0 -999.0 -999.0 -999.0 -999.0 -999.0 -999.0 -999.0 -999.0 -999.0 -999.0
-999.0 1388.1 1332.4 -999.0 -999.0 -999.0 1432.2 1197.9 1122.9 -999.0 -999.0 -999.0 -999.0 -999.0 1406.6 1358.2 1227.5 1176.9 1127.0 1045.1 941.2 708.8 637.5 789.7 751.8 928.5 915.4 920.4 704.6 900.3 569.9 638.9 745.9 677.7 658.8 994.6 878.2 1037.9 964.0 983.9 1154.2 1054.0 1000.8 996.4 1033.9 661.3 645.1 701.6 978.6 963.9 965.2 1072.2 1146.8 -999.0 -999.0 -999.0 -999.0 -999.0 -999.0 -999.0 -999.0 -999.0 -999.0 -999.0 -999.0 -999.0 -999.0 -999.0 -999.0 -999.0 -999.0 -999.0
1090.3 1178.1 930.9 1562.5 -999.0 -999.0 -999.0 -999.0 -999.0 -999.0 -999.0 -999.0 -999.0 1272.1 1284.4 1173.0 1155.3 1104.5 1013.6 1029.7 883.9 835.6 702.6 821.7 855.0 711.4 784.7 680.1 633.0 636.3 474.7 518.8 788.7 726.5 691.3 786.2 903.1 887.3 1052.2 978.0 935.5 1078.2 958.0 954.9 753.3 724.4 574.2 697.3 999.9 1033.2 1098.3 1040.2 1110.8 -999.0 -999.0 -999.0 -999.0 -999.0 -999.0 -999.0 -999.0 -999.0 -999.0 -999.0 -999.0 -999.0 -999.0 -999.0 -999.0 -999.0 -999.0 -999.0
973.1 1002.7 1166.5 1534.0 -999.0 -999.0 -999.0 -999.0 -999.0 -999.0 -999.0 -999.0 -999.0 1015.7 1286.1 1128.3 973.2 864.5 882.9 959.4 953.3 914.5 1051.0 931.8 709.9 679.6 752.6 758.7 849.0 947.2 508.4 799.1 762.3 788.0 772.1 829.3 930.9 1072.3 881.6 939.9 945.4 972.5 918.0 781.1 700.6 771.5 701.5 738.8 999.7 1136.6 1132.7 980.3 1169.7 -999.0 -999.0 -999.0 -999.0 -999.0 -999.0 -999.0 -999.0 -999.0 -999.0 -999.0 -999.0 -999.0 -999.0 -999.0 -999.0 -999.0 -999.0 -999.0
