GDD/GrowingDegreeDays_2003_Actual.txt
ncols         180
nrows         290
xllcorner     -200000
yllcorner     -200000
cellsize      5000
NODATA_value    -999
[rows 128 to 159 of 290, columns 71 to 141 of 180]
-999.0 1461.8 1863.8 1880.6 -999.0 -999.0 -999.0 -999.0 -999.0 -999.0 -999.0 -999.0 -999.0 1691.5 1578.7 1802.3 1545.9 1325.0 1424.7 1167.7 984.2 1103.9 981.3 1149.5 1330.0 1443.7 1407.4 1160.4 1220.0 1278.7 1523.9 1269.1 922.2 1180.0 1036.9 1275.9 1302.6 1533.8 1509.6 1376.2 1443.2 1426.7 1309.6 1147.3 1033.5 1102.5 1278.3 1408.8 1443.7 1575.8 1433.6 1428.2 1592.9 1704.3 -999.0 -999.0 -999.0 -999.0 -999.0 -999.0 -999.0 -999.0 -999.0 -999.0 -999.0 -999.0 -999.0 -999.0 -999.0 -999.0 -999.0
-999.0 -999.0 -999.0 -999.0 -999.0 -999.0 -999.0 -999.0 -999.0 -999.0 -999.0 -999.0 -999.0 1782.3 1865.3 1443.0 1522.7 1282.3 1403.9 1102.0 1087.1 899.6 985.7 1031.4 1175.3 1242.5 1468.4 853.0 931.4 1290.4 1565.4 1250.5 1016.8 1245.2 1218.7 1091.7 1370.9 1216.3 1149.1 1311.1 1156.3 1147.2 940.1 1305.5 1311.0 1245.3 1242.4 1259.3 1488.6 1678.9 1596.0 1640.3 1704.9 1765.7 1791.3 -999.0 -999.0 -999.0 -999.0 -999.0 -999.0 -999.0 -999.0 -999.0 -999.0 -999.0 -999.0 -999.0 -999.0 -999.0 -999.0
-999.0 -999.0 -999.0 -999.0 -999.0 -999.0 -999.0 -999.0 -999.0 -999.0 -999.0 -999.0 2006.9 1563.6 1396.7 1394.7 1276.9 1255.2 1334.3 1397.0 1040.5 1061.6 979.4 1055.3 1091.0 1354.1 1611.4 1306.4 1201.8 1246.5 1501.2 1506.7 1293.4 1266.3 1278.9 1236.4 1005.5 1348.7 1393.7 1352.6 1366.6 938.1 1147.6 1024.7 1135.9 1383.3 1335.8 1299.7 1289.0 1277.8 1625.6 1730.7 1751.1 1753.7 1812.4 -999.0 -999.0 -999.0 -999.0 -999.0 -999.0 -999.0 -999.0 -999.0 -999.0 -999.0 -999.0 -999.0 -999.0 -999.0 -999.0
-999.0 -999.0 -999.0 -999.0 -999.0 -999.0 -999.0 -999.0 -999.0 -999.0 -999.0 -999.0 1652.2 1531.1 1482.2 1073.8 1122.3 1289.7 1330.3 1044.7 1370.5 1259.3 1088.6 1219.8 1213.3 1499.5 1651.5 1458.7 1374.5 1180.8 1566.5 1528.3 1490.8 1392.8 1507.9 1139.7 1508.9 1183.3 1314.0 1504.7 962.0 1369.6 1256.8 1196.8 1295.6 1229.6 1452.9 1450.5 1248.8 1319.7 1540.7 1557.6 1629.8 1724.5 1774.1 -999.0 -999.0 -999.0 -999.0 -999.0 -999.0 -999.0 -999.0 -999.0 -999.0 -999.0 -999.0 -999.0 -999.0 -999.0 -999.0
-999.0 -999.0 -999.0 -999.0 -999.0 -999.0 -999.0 -999.0 -999.0 -999.0 -999.0 1648.8 1668.6 1609.9 1268.3 1340.3 1295.2 784.9 1126.6 1145.4 1383.5 1266.4 1236.0 1351.2 1213.2 1277.4 1476.1 1360.9 1424.1 1616.6 1683.4 1586.7 1394.5 1394.4 1181.7 1380.8 1557.8 1188.8 1448.8 1395.4 998.7 1329.7 1448.9 1525.4 1376.2 1258.6 1326.1 1305.2 1295.9 1455.2 1530.9 1610.8 1707.7 1728.9 1769.2 -999.0 -999.0 -999.0 -999.0 -999.0 -999.0 -999.0 -999.0 -999.0 -999.0 -999.0 -999.0 -999.0 -999.0 -999.0 -999.0
-999.0 -999.0 -999.0 -999.0 -999.0 -999.0 -999.0 -999.0 -999.0 -999.0 1855.6 1671.5 1467.2 1625.2 1481.2 1363.3 1419.6 1187.4 1298.4 859.0 1456.3 1502.9 1386.5 1323.0 1302.1 1289.3 1472.8 1619.8 1717.7 1479.4 1679.9 1696.5 1492.4 1449.8 1471.9 1490.6 1633.3 1427.1 1615.9 1427.7 1076.3 1184.3 1192.0 1303.2 1364.9 1455.6 1490.5 1306.6 1392.4 1466.4 1515.6 1597.0 1651.7 1767.9 1802.6 1830.2 -999.0 -999.0 -999.0 -999.0 -999.0 -999.0 -999.0 -999.0 -999.0 -999.0 -999.0 -999.0 -999.0 -999.0 -999.0
-999.0 -999.0 -999.0 -999.0 -999.0 -999.0 -999.0 -999.0 -999.0 -999.0 1515.1 1164.7 1397.3 1448.0 1493.2 1508.9 1603.9 882.8 1120.0 1307.6 1342.6 1554.9 1521.7 1403.0 1450.0 1132.8 1563.4 1695.0 1725.9 1742.5 1467.5 1702.2 1484.8 1554.8 1523.3 1599.0 1615.9 1636.9 1440.6 1547.3 1319.5 1264.1 1331.5 1263.7 1417.0 1536.1 1577.6 1446.9 1508.1 1409.7 1511.9 1653.6 1777.7 1739.7 1767.5 1813.5 -999.0 -999.0 -999.0 -999.0 -999.0 -999.0 -999.0 -999.0 -999.0 -999.0 -999.0 -999.0 -999.0 -999.0 -999.0
-999.0 -999.0 -999.0 -999.0 -999.0 -999.0 -999.0 -999.0 1753.4 1673.3 1369.7 1386.7 1413.5 1358.3 1507.1 1498.2 1643.8 1205.5 1284.2 1267.5 1392.7 1431.9 1626.4 1423.9 1395.2 1499.1 1533.5 1565.4 1833.9 1796.6 1642.1 1675.1 1684.9 1658.1 1636.3 1712.4 1738.2 1621.4 1630.4 1610.2 1281.3 1375.1 1398.1 1389.9 1303.3 1472.8 1546.4 1708.6 1601.0 1545.4 1591.8 1667.5 1776.8 1775.0 1771.4 1781.9 -999.0 -999.0 -999.0 -999.0 -999.0 -999.0 -999.0 -999.0 -999.0 -999.0 -999.0 -999.0 -999.0 -999.0 -999.0
-999.0 -999.0 -999.0 -999.0 -999.0 -999.0 -999.0 -999.0 1654.9 1618.7 1694.4 1403.1 1461.5 1370.7 1550.4 1652.8 1701.1 1652.1 1497.4 1115.8 1372.4 1464.8 1641.5 1660.1 1604.7 1632.4 1649.4 1599.3 1761.7 1674.8 1784.7 1763.6 1775.5 1763.5 1784.9 1804.2 1835.1 1792.2 1658.1 1641.1 1659.7 1535.3 1480.4 1488.2 1511.4 1569.6 1836.3 1690.8 1441.5 1523.9 1659.7 1683.2 1750.9 1753.2 1837.4 1839.8 1916.2 -999.0 -999.0 -999.0 -999.0 -999.0 -999.0 -999.0 -999.0 -999.0 -999.0 -999.0 -999.0 -999.0 -999.0
-999.0 -999.0 -999.0 -999.0 -999.0 -999.0 -999.0 -999.0 1653.0 1613.7 1780.2 1486.9 1624.5 1541.5 1627.3 1704.2 1693.9 1763.6 1409.8 1394.0 1468.8 1343.3 1605.6 1657.9 1603.9 1702.6 1574.3 1282.4 1657.6 -999.0 -999.0 -999.0 1810.4 1786.8 -999.0 1862.2 1882.5 1830.5 1804.2 1778.3 1607.3 1430.3 1547.1 1566.6 1500.1 1626.2 1536.8 1532.6 1696.0 1782.8 1797.3 1791.7 1742.5 1960.5 1950.7 1918.9 1885.8 -999.0 -999.0 -999.0 -999.0 -999.0 -999.0 -999.0 -999.0 -999.0 -999.0 -999.0 -999.0 -999.0 -999.0
1893.5 -999.0 -999.0 -999.0 -999.0 -999.0 -999.0 -999.0 1831.8 1510.1 1702.9 1691.7 1647.7 1591.8 1612.7 1667.7 1757.9 1773.5 1719.9 1255.9 1480.3 1417.2 1646.0 1665.0 1483.7 1759.9 1702.8 1683.3 1714.1 -999.0 -999.0 -999.0 1815.0 1810.7 1792.2 1827.2 1894.8 1866.9 1848.0 1638.5 1358.4 1257.6 1461.4 1232.1 1505.6 1575.0 1361.7 1595.9 1539.3 1538.8 1593.8 1825.8 1737.2 1629.6 1819.8 1847.6 1887.1 -999.0 -999.0 -999.0 -999.0 -999.0 -999.0 -999.0 -999.0 -999.0 -999.0 -999.0 -999.0 -999.0 -999.0
1690.0 1739.5 -999.0 -999.0 -999.0 -999.0 -999.0 -999.0 -999.0 1682.9 1577.0 1717.8 -999.0 1657.1 1620.8 1672.8 1709.4 1796.6 -999.0 1705.7 1787.0 1640.1 1789.6 1687.0 1632.4 1792.6 1782.7 -999.0 -999.0 -999.0 -999.0 1792.8 1816.2 1817.7 1825.0 1785.6 1781.5 1819.4 1744.7 1636.6 1292.7 950.3 1486.1 1116.6 1404.7 1282.5 1219.1 1468.2 1366.5 1523.2 1678.9 1566.5 1575.8 1698.4 1881.7 1809.0 1755.2 1927.9 -999.0 -999.0 -999.0 -999.0 -999.0 -999.0 -999.0 -999.0 -999.0 -999.0 -999.0 -999.0 -999.0
1571.0 -999.0 -999.0 -999.0 -999.0 -999.0 -999.0 -999.0 -999.0 -999.0 1741.7 -999.0 -999.0 -999.0 1778.3 1664.4 1699.6 1737.8 1773.2 -999.0 -999.0 1747.6 1910.8 1679.0 1580.0 -999.0 -999.0 -999.0 -999.0 -999.0 1805.4 1744.3 1806.4 1792.1 1797.9 1722.4 1760.9 1673.7 1579.7 1676.3 1460.6 1169.2 1014.0 1250.9 1081.3 1048.7 1070.3 1331.4 1306.8 1281.1 1395.9 1599.8 1641.1 1636.2 1876.7 1822.4 1718.3 1773.6 -999.0 -999.0 -999.0 -999.0 -999.0 -999.0 -999.0 -999.0 -999.0 -999.0 -999.0 -999.0 -999.0
-999.0 -999.0 -999.0 -999.0 -999.0 -999.0 -999.0 -999.0 -999.0 -999.0 1892.6 1874.4 -999.0 -999.0 -999.0 1797.6 1636.3 1648.1 1706.7 -999.0 -999.0 -999.0 -999.0 1870.0 -999.0 -999.0 -999.0 -999.0 -999.0 -999.0 1838.9 1807.4 1797.3 1663.5 1550.3 1543.0 1643.1 1640.9 1686.6 1647.0 1555.0 1250.8 1042.1 1301.8 910.8 1003.3 985.6 1260.1 1256.7 1136.9 1365.2 1539.7 1640.1 1797.2 1891.7 1799.2 1704.0 1765.3 -999.0 -999.0 -999.0 -999.0 -999.0 -999.0 -999.0 -999.0 -999.0 -999.0 -999.0 -999.0 -999.0
1921.5 1929.2 1906.6 -999.0 -999.0 -999.0 -999.0 -999.0 -999.0 -999.0 -999.0 1715.7 -999.0 -999.0 -999.0 -999.0 1802.3 1672.2 1749.0 -999.0 -999.0 -999.0 -999.0 -999.0 -999.0 -999.0 -999.0 -999.0 -999.0 1798.9 1742.5 1639.9 1549.9 1506.5 1395.0 1421.6 1520.5 1551.7 1646.3 1574.9 1547.2 1371.0 836.3 797.7 877.4 981.5 1285.2 1430.3 1379.5 1493.2 1665.5 1488.7 1500.6 1784.8 1818.8 1736.8 1695.7 1774.7 1912.2 -999.0 -999.0 -999.0 -999.0 -999.0 -999.0 -999.0 -999.0 -999.0 -999.0 -999.0 -999.0
1643.1 1698.5 1807.8 1876.5 -999.0 -999.0 -999.0 -999.0 -999.0 -999.0 -999.0 1597.0 -999.0 -999.0 -999.0 -999.0 -999.0 -999.0 -999.0 -999.0 -999.0 -999.0 -999.0 -999.0 -999.0 -999.0 -999.0 -999.0 -999.0 1661.3 1597.0 1662.7 1654.6 1731.1 1148.7 1355.5 1476.3 1342.8 1599.8 1489.8 1713.4 1530.9 981.2 707.5 964.2 1173.1 884.8 851.2 1011.2 1220.8 1357.3 1725.6 1655.5 1691.2 1624.2 1711.9 1767.7 1780.2 1896.5 2015.1 -999.0 -999.0 -999.0 -999.0 -999.0 -999.0 -999.0 -999.0 -999.0 -999.0 -999.0
1731.0 1767.9 1752.6 1825.4 -999.0 -999.0 -999.0 -999.0 -999.0 -999.0 -999.0 -999.0 -999.0 -999.0 -999.0 -999.0 -999.0 -999.0 -999.0 -999.0 -999.0 -999.0 -999.0 -999.0 -999.0 -999.0 -999.0 -999.0 1840.6 1673.5 1506.6 1674.9 1384.0 1856.6 824.1 909.8 1535.0 1461.2 1561.2 1667.3 1590.6 1665.1 1426.6 768.0 863.0 1071.1 1182.8 1281.7 1144.4 1231.8 1377.3 1552.6 1654.5 1691.9 1739.1 1778.9 1758.8 1866.8 2034.8 2081.4 -999.0 -999.0 -999.0 -999.0 -999.0 -999.0 -999.0 -999.0 -999.0 -999.0 -999.0
1808.1 1840.4 1846.1 1804.0 -999.0 -999.0 -999.0 -999.0 -999.0 -999.0 -999.0 -999.0 -999.0 -999.0 -999.0 -999.0 -999.0 -999.0 -999.0 -999.0 -999.0 -999.0 -999.0 -999.0 -999.0 -999.0 -999.0 -999.0 1857.1 1556.1 1619.6 1466.6 908.5 1471.9 1772.3 1307.3 1190.7 1381.1 1427.6 1532.9 1585.1 1657.2 1595.7 1458.4 822.8 1018.2 1114.1 1298.2 1343.0 1388.6 1591.9 1615.9 1622.8 1575.5 1752.5 1699.9 1811.2 1875.2 2043.2 2140.6 2119.2 2060.7 2038.8 -999.0 -999.0 -999.0 -999.0 -999.0 -999.0 -999.0 -999.0
1752.0 1883.1 -999.0 1817.3 1865.4 -999.0 -999.0 -999.0 -999.0 -999.0 -999.0 -999.0 -999.0 -999.0 -999.0 -999.0 -999.0 -999.0 -999.0 -999.0 -999.0 -999.0 -999.0 -999.0 -999.0 -999.0 -999.0 -999.0 1842.5 1615.3 1516.9 1208.3 1583.4 1483.8 1367.6 1092.8 1338.2 1457.6 1110.0 1564.7 1384.4 1588.5 1667.5 1702.9 1377.3 1141.4 1164.8 1263.4 1343.3 1550.0 1558.8 1616.4 1684.0 1759.0 1769.8 1806.7 1806.3 1915.7 2022.3 2074.8 1763.5 1892.1 1806.6 1809.7 1902.6 -999.0 -999.0 -999.0 -999.0 -999.0 -999.0
1736.6 1809.8 1862.4 1811.4 -999.0 -999.0 -999.0 -999.0 -999.0 -999.0 -999.0 -999.0 -999.0 -999.0 -999.0 -999.0 -999.0 -999.0 -999.0 -999.0 -999.0 -999.0 -999.0 -999.0 -999.0 -999.0 -999.0 -999.0 1843.0 1622.1 1419.2 968.8 849.6 1127.4 1455.6 1373.5 1266.8 1054.7 1443.1 1110.3 1294.8 1454.7 1533.8 1581.7 1664.6 1541.8 1159.2 1220.9 1333.6 1426.7 1491.5 1517.2 1581.0 1699.6 1812.3 1817.4 1850.8 1937.7 1951.2 1934.9 1821.2 1536.4 1596.9 1641.4 1617.5 1703.2 1969.8 -999.0 -999.0 -999.0 -999.0
1821.4 1857.8 1838.0 1779.0 -999.0 -999.0 -999.0 -999.0 -999.0 -999.0 -999.0 -999.0 -999.0 -999.0 -999.0 -999.0 -999.0 -999.0 -999.0 -999.0 -999.0 -999.0 -999.0 -999.0 -999.0 -999.0 -999.0 -999.0 1878.8 1792.6 1423.1 1194.4 1554.7 645.0 846.1 1438.3 1233.5 1410.7 1062.1 1010.2 1308.0 1480.7 1456.1 1413.8 1577.0 936.7 1048.2 1085.1 1067.1 1077.4 1159.3 1423.5 1410.8 1671.2 1788.6 1823.5 1855.0 1901.8 1952.1 1973.6 1873.4 1608.9 1722.8 1779.6 1716.9 1654.0 1939.1 1750.7 -999.0 -999.0 -999.0
1877.0 1872.3 1751.8 1833.6 -999.0 -999.0 -999.0 -999.0 -999.0 -999.0 -999.0 -999.0 -999.0 -999.0 -999.0 -999.0 2036.0 2027.7 2051.4 -999.0 -999.0 -999.0 -999.0 -999.0 -999.0 -999.0 -999.0 -999.0 -999.0 1922.3 1811.9 1678.8 1430.9 1327.1 1049.7 1615.1 1851.8 1317.2 1335.7 1374.2 1438.6 1294.3 1289.5 1392.8 1344.2 1114.4 1120.1 879.1 987.7 1192.8 1286.0 1273.4 1480.0 1688.1 1783.3 1834.3 1820.8 1886.3 1936.5 1500.3 1581.1 1274.7 1260.8 1383.6 1477.7 1743.3 1529.0 1653.2 1924.7 -999.0 -999.0
1928.4 1843.1 1861.7 -999.0 -999.0 -999.0 -999.0 -999.0 -999.0 -999.0 -999.0 -999.0 -999.0 -999.0 -999.0 -999.0 2025.3 2037.7 -999.0 -999.0 -999.0 -999.0 -999.0 -999.0 -999.0 -999.0 -999.0 -999.0 -999.0 -999.0 1857.6 1890.8 1446.9 1462.3 824.3 1490.8 1464.6 1545.8 1697.8 1688.7 1600.4 1602.0 895.7 1384.5 1288.8 908.5 1135.8 1430.5 1531.1 1167.8 1540.8 1350.2 1591.4 1762.1 1848.4 1847.4 1835.2 1772.8 1556.1 1459.5 1533.0 1551.8 1617.4 1526.8 1423.1 1477.9 1477.1 1691.2 1671.4 -999.0 -999.0
1796.1 1790.8 -999.0 -999.0 -999.0 -999.0 -999.0 -999.0 -999.0 -999.0 -999.0 -999.0 -999.0 -999.0 -999.0 1946.0 1605.4 1718.9 1995.9 -999.0 -999.0 -999.0 -999.0 -999.0 -999.0 -999.0 -999.0 -999.0 -999.0 -999.0 1857.3 1586.8 1459.7 1432.3 1605.6 1466.3 1658.9 1698.3 1734.6 1760.0 1550.3 1639.1 1688.9 928.9 1253.7 1312.3 1059.8 1285.4 1093.3 1367.7 1362.4 1566.9 1681.6 1785.3 1813.7 1870.2 1848.2 1696.6 1583.1 1657.0 1588.5 1516.6 1560.3 1507.9 1532.3 1524.5 1536.7 1802.2 1680.0 1941.6 -999.0
-999.0 -999.0 -999.0 -999.0 -999.0 -999.0 -999.0 -999.0 -999.0 -999.0 -999.0 -999.0 -999.0 -999.0 1985.3 1484.2 1359.6 1185.9 1979.5 -999.0 -999.0 -999.0 -999.0 -999.0 -999.0 -999.0 -999.0 -999.0 -999.0 -999.0 1876.1 1368.7 1533.9 1928.5 1712.8 1769.2 1694.3 1850.3 1836.4 1702.5 1575.4 1804.9 1153.5 1339.8 1061.6 1295.6 947.4 1509.3 1395.5 1598.3 1434.5 1634.4 1671.7 1722.5 1863.8 1872.7 1860.6 1792.7 1528.6 1516.0 1588.3 1717.1 1683.3 1686.2 1668.2 1658.3 1534.9 1583.4 1750.8 1793.1 -999.0
-999.0 -999.0 -999.0 -999.0 -999.0 -999.0 -999.0 -999.0 -999.0 -999.0 -999.0 -999.0 -999.0 1963.6 1891.5 1161.4 1546.6 1732.6 -999.0 -999.0 -999.0 -999.0 -999.0 -999.0 -999.0 -999.0 -999.0 -999.0 -999.0 -999.0 -999.0 1896.3 1961.4 2000.2 1714.2 1922.2 1714.5 1884.1 1860.1 1811.8 1692.0 1870.9 1238.8 1165.6 1011.8 1041.6 980.7 1064.1 1087.2 1227.2 1363.9 1417.8 1525.8 1779.7 1849.9 1852.6 1803.9 1780.8 1759.3 1424.6 1590.0 1853.0 1870.4 1806.8 1820.1 1822.1 1839.2 1842.6 1935.8 1944.7 1881.0
-999.0 -999.0 -999.0 -999.0 -999.0 -999.0 -999.0 -999.0 -999.0 -999.0 -999.0 -999.0 -999.0 1682.5 1436.3 1841.2 1920.2 1982.2 -999.0 -999.0 -999.0 -999.0 -999.0 -999.0 -999.0 -999.0 -999.0 -999.0 -999.0 -999.0 -999.0 -999.0 2025.1 1910.9 1950.5 1970.9 1835.7 1907.8 1890.1 1859.6 1707.1 1894.9 1276.6 1290.8 1315.9 1091.0 1174.3 1270.6 971.4 1007.6 1357.1 1297.9 1480.0 1583.8 1798.8 1836.0 1801.4 1804.3 1823.1 1811.4 1833.2 1914.2 1881.2 1824.7 1775.4 1805.3 1841.1 1862.9 1896.7 1651.2 1681.5
-999.0 -999.0 -999.0 -999.0 -999.0 -999.0 -999.0 -999.0 -999.0 -999.0 -999.0 -999.0 -999.0 1677.9 1793.1 1779.0 1988.4 -999.0 -999.0 -999.0 -999.0 -999.0 -999.0 -999.0 -999.0 -999.0 -999.0 -999.0 -999.0 -999.0 -999.0 -999.0 2037.0 1924.0 1936.7 -999.0 1944.0 -999.0 1973.0 1944.9 1887.0 1914.3 1819.3 1265.5 1316.9 1305.3 1025.3 1583.9 1508.9 1054.3 1227.7 1356.9 1457.7 1629.8 1779.7 1842.5 1852.3 1881.9 1876.2 1883.3 1834.6 1742.3 1832.5 1730.6 1770.9 1824.4 1734.4 1646.8 1742.3 1833.2 1856.9
-999.0 -999.0 -999.0 -999.0 -999.0 -999.0 -999.0 -999.0 -999.0 -999.0 -999.0 -999.0 1921.0 1967.3 1974.4 -999.0 -999.0 -999.0 -999.0 -999.0 -999.0 -999.0 -999.0 -999.0 -999.0 -999.0 -999.0 -999.0 -999.0 -999.0 -999.0 -999.0 2028.0 2017.2 2024.7 -999.0 -999.0 -999.0 2009.6 1772.2 1954.0 1817.9 1662.3 1716.2 1680.0 1563.8 1247.5 1233.4 1632.1 1255.5 1150.0 1425.1 1390.7 1551.3 1689.6 1894.9 1893.1 1918.8 1930.1 1924.1 1899.0 1862.0 1849.5 1775.2 1844.5 1758.5 1637.7 1599.7 1637.6 1697.5 1801.0
-999.0 -999.0 -999.0 -999.0 -999.0 -999.0 -999.0 -999.0 -999.0 -999.0 -999.0 -999.0 -999.0 -999.0 -999.0 -999.0 -999.0 -999.0 -999.0 -999.0 -999.0 -999.0 -999.0 -999.0 -999.0 -999.0 -999.0 -999.0 -999.0 -999.0 -999.0 -999.0 -999.0 -999.0 -999.0 -999.0 -999.0 2023.0 1991.4 1827.4 1567.2 1468.5 1451.8 1441.6 1570.0 1573.6 1347.7 1373.6 1497.3 1664.4 1405.8 1318.6 1506.2 1620.3 1724.8 1821.3 1884.8 1889.4 1944.8 1960.9 1961.4 1955.1 1921.8 1913.4 1790.7 1520.0 1660.9 1639.5 1774.4 1806.3 1914.1
-999.0 -999.0 -999.0 -999.0 -999.0 -999.0 -999.0 -999.0 -999.0 -999.0 -999.0 -999.0 -999.0 -999.0 -999.0 -999.0 -999.0 -999.0 -999.0 -999.0 -999.0 -999.0 -999.0 -999.0 -999.0 -999.0 -999.0 -999.0 -999.0 -999.0 -999.0 -999.0 -999.0 -999.0 -999.0 -999.0 -999.0 1971.2 1905.6 1627.5 1332.3 1136.4 1288.5 1594.5 1497.7 1759.0 1669.8 1718.3 1550.5 1470.0 1435.6 1445.2 1514.7 1651.7 1719.6 1775.6 1888.6 1898.8 1961.1 1990.0 2018.0 2003.6 1957.8 1930.9 1854.1 1494.7 1584.6 1782.2 1862.8 1916.3 1942.7
-999.0 -999.0 -999.0 -999.0 -999.0 -999.0 -999.0 -999.0 -999.0 -999.0 -999.0 -999.0 -999.0 -999.0 -999.0 -999.0 -999.0 -999.0 -999.0 -999.0 -999.0 -999.0 -999.0 -999.0 -999.0 -999.0 -999.0 -999.0 -999.0 -999.0 -999.0 -999.0 -999.0 -999.0 -999.0 -999.0 -999.0 1965.5 1942.9 1802.9 1507.7 1396.5 1462.8 1588.2 1627.6 1702.2 1635.1 1730.2 1744.1 1680.7 1853.9 1474.3 1645.3 1576.6 1713.3 1761.9 1912.2 1951.6 1967.6 2020.2 2075.0 2014.0 1989.3 1943.4 1919.8 1732.0 1677.9 1794.0 1893.1 1928.4 1964.9
