GDD/GrowingDegreeDays_1966_Actual.txt
ncols         180
nrows         290
xllcorner     -200000
yllcorner     -200000
cellsize      5000
NODATA_value    -999
[rows 160 to 191 of 290, columns 71 to 141 of 180]
-999.0 -999.0 -999.0 -999.0 -999.0 -999.0 -999.0 -999.0 -999.0 -999.0 -999.0 -999.0 -999.0 -999.0 -999.0 -999.0 -999.0 -999.0 -999.0 -999.0 -999.0 -999.0 -999.0 -999.0 -999.0 -999.0 -999.0 -999.0 -999.0 -999.0 -999.0 -999.0 -999.0 -999.0 -999.0 1606.9 1579.8 1562.6 1529.7 1283.2 1170.6 959.2 1206.9 1098.4 1452.0 1344.6 1351.9 1238.4 1178.3 1249.4 1202.2 1526.3 1495.3 1474.6 1487.9 1522.4 1441.3 1504.1 1527.8 1525.1 1565.3 1599.0 1567.2 1528.8 1509.0 1495.6 1385.7 1443.8 1520.4 1563.7 1571.0
-999.0 -999.0 -999.0 -999.0 -999.0 -999.0 -999.0 -999.0 -999.0 -999.0 -999.0 -999.0 -999.0 -999.0 -999.0 -999.0 -999.0 -999.0 -999.0 -999.0 -999.0 -999.0 -999.0 -999.0 -999.0 -999.0 -999.0 -999.0 -999.0 -999.0 -999.0 -999.0 -999.0 -999.0 -999.0 1611.6 1577.8 1590.8 1621.7 1548.3 1272.3 1441.3 1415.0 1508.4 1385.7 1151.4 1281.8 1140.5 1186.3 1137.0 1476.5 1258.2 1443.6 1358.7 1405.3 1401.7 1470.7 1470.3 1504.8 1548.6 1564.6 1571.1 1529.7 1492.9 1501.4 1516.5 1505.0 1437.8 1508.8 1575.8 1585.2
-999.0 -999.0 -999.0 -999.0 -999.0 -999.0 -999.0 -999.0 -999.0 -999.0 -999.0 -999.0 -999.0 -999.0 -999.0 -999.0 -999.0 -999.0 -999.0 -999.0 -999.0 -999.0 -999.0 -999.0 -999.0 -999.0 -999.0 -999.0 -999.0 -999.0 -999.0 -999.0 -999.0 -999.0 -999.0 1609.1 1595.4 1558.2 1652.5 1601.0 1495.5 1452.2 1497.0 1548.1 1410.3 1313.9 1318.2 1151.4 1023.6 1254.8 1348.6 1534.6 1448.5 1619.5 1561.6 1502.1 1449.3 1479.0 1497.7 1557.5 1556.5 1550.1 1521.3 1493.8 1501.8 1518.6 1523.2 1468.9 1452.3 1572.5 1658.7
-999.0 -999.0 -999.0 -999.0 -999.0 -999.0 -999.0 -999.0 -999.0 -999.0 -999.0 -999.0 -999.0 -999.0 -999.0 -999.0 -999.0 -999.0 -999.0 -999.0 -999.0 -999.0 -999.0 -999.0 -999.0 -999.0 -999.0 -999.0 -999.0 -999.0 -999.0 -999.0 -999.0 -999.0 -999.0 1607.3 1571.7 1564.2 1605.0 1616.3 1575.5 1567.1 1480.9 1366.8 1503.8 1427.3 1322.4 984.8 982.3 994.8 1175.1 1397.8 1498.0 1490.3 1607.4 1650.8 1539.6 1473.2 1537.3 1563.2 1558.3 1567.3 1547.0 1528.9 1534.4 1553.3 1571.4 1492.7 1474.7 1656.2 1762.5
-999.0 -999.0 -999.0 -999.0 -999.0 -999.0 -999.0 -999.0 -999.0 -999.0 -999.0 -999.0 -999.0 -999.0 -999.0 -999.0 -999.0 -999.0 -999.0 -999.0 -999.0 -999.0 -999.0 -999.0 -999.0 -999.0 -999.0 -999.0 -999.0 -999.0 -999.0 -999.0 -999.0 -999.0 -999.0 1604.5 1583.2 1594.0 1646.5 1651.6 1635.8 1523.4 1493.7 1387.9 1327.1 1161.3 1058.7 981.4 1155.8 1092.1 1281.9 1369.8 1512.8 1399.2 1502.7 1615.4 1650.7 1631.3 1600.9 1597.3 1578.2 1575.5 1579.4 1569.4 1569.8 1588.5 1587.7 1606.1 1585.6 1695.3 1780.9
-999.0 -999.0 -999.0 -999.0 -999.0 -999.0 -999.0 -999.0 -999.0 -999.0 -999.0 -999.0 -999.0 -999.0 -999.0 -999.0 -999.0 -999.0 -999.0 -999.0 -999.0 -999.0 -999.0 -999.0 -999.0 -999.0 -999.0 -999.0 -999.0 -999.0 -999.0 -999.0 -999.0 -999.0 -999.0 -999.0 1526.3 1569.2 1622.5 1642.0 1545.6 1352.5 1311.8 1263.9 1322.7 1327.3 1154.9 1166.5 1080.5 1196.8 1435.2 1638.3 1587.2 1535.0 1507.7 1646.9 1636.1 1565.3 1583.0 1623.8 1585.0 1598.7 1605.7 1604.0 1596.3 1600.0 1594.6 1588.8 1628.0 1664.2 1712.1
-999.0 -999.0 -999.0 -999.0 -999.0 -999.0 -999.0 -999.0 -999.0 -999.0 -999.0 -999.0 -999.0 -999.0 -999.0 -999.0 -999.0 -999.0 -999.0 -999.0 -999.0 -999.0 -999.0 -999.0 -999.0 -999.0 -999.0 -999.0 -999.0 -999.0 -999.0 -999.0 -999.0 -999.0 -999.0 1617.4 1542.1 1581.2 1624.1 1615.8 1541.8 1229.5 1180.5 1300.3 1124.4 1150.0 1214.4 1222.2 991.6 1176.3 1214.4 1455.3 1676.1 1482.1 1615.6 1693.8 1590.8 1569.1 1621.9 1599.0 1619.9 1627.0 1621.9 1617.0 1607.5 1602.0 1497.7 1558.3 1581.5 1499.3 1554.1
-999.0 -999.0 -999.0 -999.0 -999.0 -999.0 -999.0 -999.0 -999.0 -999.0 -999.0 -999.0 -999.0 -999.0 -999.0 -999.0 -999.0 -999.0 -999.0 -999.0 -999.0 -999.0 -999.0 -999.0 -999.0 -999.0 -999.0 -999.0 -999.0 -999.0 -999.0 -999.0 -999.0 -999.0 -999.0 1634.3 1615.1 1614.5 1631.5 1482.3 1536.0 1449.3 1210.9 1418.6 1399.4 1363.1 1442.9 1399.9 1147.3 1214.0 1246.3 1541.6 1434.5 1344.7 1560.3 1498.8 1554.2 1513.9 1560.4 1597.6 1652.5 1663.2 1651.5 1637.1 1609.4 1616.6 1593.4 1518.4 1547.0 1507.4 1485.1
-999.0 -999.0 -999.0 -999.0 -999.0 -999.0 -999.0 -999.0 -999.0 -999.0 -999.0 -999.0 -999.0 -999.0 -999.0 -999.0 -999.0 -999.0 -999.0 -999.0 -999.0 -999.0 -999.0 -999.0 -999.0 -999.0 -999.0 -999.0 -999.0 -999.0 -999.0 -999.0 -999.0 -999.0 1634.5 1647.5 1641.4 1551.9 1569.8 1556.8 1590.5 1510.0 1479.4 1523.8 1560.7 1576.0 1535.3 1431.3 1185.5 1016.5 981.1 1288.4 1197.6 1273.2 1507.6 1516.4 1610.0 1581.1 1577.1 1637.5 1681.2 1694.9 1687.1 1659.9 1622.2 1631.1 1603.6 1563.9 1519.7 1505.1 1433.5
-999.0 -999.0 -999.0 -999.0 -999.0 -999.0 -999.0 -999.0 -999.0 -999.0 -999.0 -999.0 -999.0 -999.0 -999.0 -999.0 -999.0 -999.0 -999.0 -999.0 -999.0 -999.0 -999.0 -999.0 -999.0 -999.0 -999.0 -999.0 -999.0 -999.0 -999.0 -999.0 -999.0 -999.0 -999.0 1630.3 1679.5 1639.7 1614.3 1472.9 1642.4 1643.7 1643.8 1636.4 1633.4 1671.3 1644.7 1539.9 1433.1 1101.3 963.7 917.5 1160.0 1191.7 1345.2 1488.5 1495.8 1664.2 1665.2 1604.4 1696.9 1734.5 1735.5 1683.6 1639.3 1633.4 1610.8 1563.6 1551.0 1553.4 1535.7
-999.0 -999.0 -999.0 -999.0 -999.0 -999.0 -999.0 -999.0 -999.0 -999.0 -999.0 -999.0 -999.0 -999.0 -999.0 -999.0 -999.0 -999.0 -999.0 -999.0 -999.0 -999.0 -999.0 -999.0 -999.0 -999.0 -999.0 -999.0 -999.0 -999.0 -999.0 -999.0 -999.0 -999.0 -999.0 1693.6 1702.0 1712.6 1694.8 1659.1 1654.2 1659.9 1701.3 1711.9 1777.0 1798.4 1756.4 1650.4 1452.0 1368.2 993.3 865.4 899.5 1097.0 1285.8 1438.3 1568.1 1518.6 1607.5 1562.2 1685.0 1721.5 1742.7 1682.9 1647.7 1628.7 1589.1 1563.3 1566.7 1571.4 1526.6
-999.0 -999.0 -999.0 -999.0 -999.0 -999.0 -999.0 -999.0 -999.0 -999.0 -999.0 -999.0 -999.0 -999.0 -999.0 1719.4 1687.0 1662.6 1646.9 -999.0 -999.0 -999.0 -999.0 -999.0 -999.0 -999.0 -999.0 -999.0 -999.0 -999.0 -999.0 -999.0 -999.0 -999.0 1744.2 1789.6 1739.3 1746.3 1667.8 1652.7 1672.8 1687.8 1702.6 1744.4 1774.8 1812.9 1768.3 1669.7 1524.5 1222.8 1026.6 1009.3 1200.4 1065.0 1241.1 1591.4 1569.8 1638.9 1445.6 1491.3 1635.3 1650.7 1661.9 1651.0 1631.3 1622.0 1599.8 1561.5 1566.2 1598.8 1589.5
-999.0 -999.0 -999.0 -999.0 -999.0 -999.0 -999.0 -999.0 -999.0 -999.0 -999.0 -999.0 -999.0 -999.0 -999.0 1638.5 1557.2 1590.9 1698.9 -999.0 -999.0 -999.0 -999.0 -999.0 -999.0 -999.0 -999.0 -999.0 -999.0 -999.0 -999.0 -999.0 -999.0 1785.8 1692.6 1757.0 1765.8 1696.7 1742.1 1656.2 1673.1 1692.4 1706.2 1733.7 1730.8 1716.3 1731.7 1666.6 1553.6 1414.2 1021.2 971.0 1218.9 1200.1 1358.7 1485.7 1739.4 1686.9 1533.0 1501.1 1587.6 1663.2 1678.4 1647.4 1609.9 1617.1 1604.8 1584.9 1549.9 1595.7 1586.0
-999.0 -999.0 -999.0 -999.0 -999.0 -999.0 -999.0 -999.0 -999.0 -999.0 -999.0 -999.0 -999.0 1694.5 1791.3 1717.8 1557.2 1575.6 1611.1 1774.6 1853.6 1894.5 -999.0 -999.0 1769.4 1839.9 -999.0 -999.0 -999.0 1792.5 1670.4 1657.2 -999.0 1784.1 1625.6 1719.6 1795.6 1780.6 1759.8 1640.5 1635.8 1637.5 1682.0 1646.9 1708.6 1636.5 1650.4 1619.8 1275.4 1491.6 1358.7 1126.8 1438.6 1387.5 1158.2 1619.9 1520.4 1642.9 1549.4 1529.5 1585.3 1633.8 1680.6 1626.4 1622.2 1642.2 1606.6 1610.3 1556.5 1604.0 1600.7
-999.0 -999.0 -999.0 -999.0 -999.0 -999.0 -999.0 -999.0 -999.0 -999.0 -999.0 -999.0 -999.0 -999.0 1802.7 1744.8 1661.8 1642.3 1667.2 1687.9 1641.9 1904.3 -999.0 1874.7 1731.1 1536.6 1645.0 1570.8 1803.4 1783.9 1393.8 1410.5 1510.8 -999.0 1698.4 1649.2 1703.4 1754.7 1733.5 1607.1 1701.7 1810.1 1791.6 1695.6 1660.4 1622.9 1546.8 1540.1 1244.8 1163.9 1196.2 1188.7 1257.3 1192.0 1270.9 1455.0 1605.4 1637.6 1469.4 1466.0 1569.4 1557.5 1646.5 1613.2 1609.7 1635.5 1599.8 1614.2 1564.3 1601.3 1608.6
-999.0 -999.0 -999.0 -999.0 -999.0 -999.0 -999.0 -999.0 -999.0 -999.0 -999.0 -999.0 -999.0 -999.0 -999.0 1803.7 1710.3 1643.9 1726.0 1748.4 1777.4 1895.0 1470.6 920.1 1608.1 1285.2 1284.0 1375.1 1541.4 1693.1 1641.2 1465.3 1327.8 1517.5 1707.0 1732.1 1694.4 1712.8 1645.2 1474.0 1590.3 1805.2 1827.9 1714.5 1642.6 1609.8 1535.7 1476.6 1108.5 1007.7 1146.3 1184.4 1350.1 1486.4 1487.6 1434.1 1556.2 1585.2 1488.8 1512.4 1528.9 1497.3 1595.1 1554.3 1618.9 1619.3 1609.7 1568.8 1460.8 1612.0 1622.0
-999.0 -999.0 -999.0 -999.0 -999.0 -999.0 -999.0 -999.0 -999.0 -999.0 -999.0 -999.0 -999.0 -999.0 -999.0 -999.0 1722.6 1783.5 1785.0 1786.4 1668.1 1483.4 677.4 1086.3 1698.7 1191.4 1453.6 1211.3 1279.6 1526.1 1649.2 1205.7 1405.0 1405.8 1574.6 1747.1 1705.6 1665.7 1658.4 1541.7 1556.3 1675.3 1712.3 1695.4 1621.1 1582.4 1537.2 1345.6 1231.1 961.4 1121.4 1123.9 1202.6 1569.0 1504.5 1322.4 1408.5 1472.8 1480.9 1542.8 1495.8 1495.3 1568.4 1538.8 1613.7 1627.9 1600.7 1604.5 1602.9 1608.3 1629.6
-999.0 -999.0 -999.0 -999.0 -999.0 -999.0 -999.0 -999.0 -999.0 -999.0 -999.0 -999.0 -999.0 -999.0 -999.0 -999.0 -999.0 1841.9 1805.2 1594.8 1366.6 713.2 641.7 1039.6 1299.3 1305.0 1212.4 1103.2 1114.4 1140.6 1413.1 1533.4 1162.4 1395.3 1535.1 1593.1 1688.4 1687.9 1647.6 1607.2 1587.1 1634.7 1672.2 1642.0 1587.7 1549.1 1481.9 1330.8 1149.3 1053.6 1196.2 1226.4 1162.0 1338.0 1576.9 1324.2 1478.7 1446.3 1456.1 1570.5 1574.9 1546.6 1537.3 1536.0 1612.5 1636.2 1620.0 1646.1 1570.4 1611.0 1633.8
-999.0 -999.0 -999.0 -999.0 -999.0 -999.0 -999.0 -999.0 -999.0 -999.0 -999.0 -999.0 -999.0 -999.0 -999.0 -999.0 -999.0 1862.5 1714.8 1317.5 1162.3 1031.0 796.0 1264.8 1484.3 1282.9 1061.3 988.8 949.8 1131.2 1364.1 1544.2 1109.4 1218.9 1474.5 1571.4 1712.5 1699.9 1640.0 1552.2 1566.9 1590.9 1605.0 1614.7 1584.8 1524.0 1353.6 1262.9 1338.7 1028.5 1185.2 1167.7 1109.7 1169.4 1348.4 1439.7 1471.5 1538.7 1458.5 1461.0 1547.6 1542.5 1584.8 1585.4 1637.9 1631.1 1634.3 1636.2 1605.6 1584.4 1624.3
-999.0 -999.0 -999.0 -999.0 -999.0 -999.0 -999.0 -999.0 -999.0 -999.0 -999.0 -999.0 -999.0 -999.0 -999.0 -999.0 -999.0 1856.4 1647.9 1394.0 1410.9 1025.0 1147.7 1391.1 1280.1 1386.2 1216.1 958.7 1064.4 961.9 1157.2 1420.6 1148.8 1164.2 1294.2 1624.4 1685.2 1709.7 1610.7 1510.9 1522.2 1570.1 1587.0 1592.5 1555.0 1428.5 1358.1 1360.4 1336.9 1180.5 1207.2 1224.5 1244.7 1327.7 1339.7 1288.5 1517.7 1460.8 1466.4 1525.0 1513.2 1561.7 1524.3 1633.7 1646.9 1635.9 1644.8 1639.1 1530.5 1614.9 1638.1
-999.0 -999.0 -999.0 -999.0 -999.0 -999.0 -999.0 -999.0 -999.0 -999.0 -999.0 -999.0 -999.0 -999.0 -999.0 -999.0 1839.4 1041.7 1505.0 1356.3 1191.3 1507.2 777.2 944.3 1016.1 1130.5 941.4 1111.9 1062.0 1170.8 1285.8 1186.9 995.2 1182.4 1305.2 1616.1 1704.1 1724.2 1568.4 1544.8 1571.7 1567.5 1592.4 1560.6 1454.4 1469.0 1461.2 1297.5 1205.2 1407.0 1117.6 1177.0 1381.3 1346.4 1397.3 1427.6 1454.9 1521.1 1528.8 1603.7 1535.0 1592.2 1641.1 1554.8 1649.6 1640.8 1627.5 1624.3 1539.8 1618.5 1646.1
-999.0 -999.0 -999.0 -999.0 -999.0 -999.0 -999.0 -999.0 -999.0 -999.0 -999.0 -999.0 -999.0 -999.0 1833.8 1767.8 1410.7 1478.2 1628.8 1609.7 1415.9 1618.5 1381.9 1237.8 985.0 996.0 891.6 1000.3 962.7 1323.9 1178.6 1214.3 1447.8 1449.5 1557.1 1562.5 1647.3 1672.7 1565.1 1542.8 1539.2 1567.5 1534.6 1416.6 1473.3 1438.2 1491.7 1339.4 1274.0 1314.3 1385.6 1451.0 1345.3 1393.7 1436.9 1452.2 1508.7 1523.0 1588.5 1618.9 1652.8 1693.2 1672.5 1640.3 1634.7 1610.0 1632.3 1619.0 1542.1 1608.7 1650.6
-999.0 -999.0 -999.0 -999.0 -999.0 -999.0 -999.0 -999.0 -999.0 -999.0 -999.0 -999.0 -999.0 1785.7 1707.2 1693.1 1694.6 1757.3 1819.7 1781.3 1787.0 1738.4 1450.4 1284.5 1139.9 695.3 1114.7 1222.4 1194.7 1404.3 1015.2 969.3 1065.3 1364.6 1539.6 1550.7 1577.4 1595.5 1552.5 1501.5 1530.1 1523.0 1494.3 1423.2 1382.0 1469.6 1457.1 1336.6 1347.3 1383.6 1411.6 1416.7 1410.3 1501.6 1480.4 1531.0 1667.6 1581.6 1614.7 1680.9 1745.0 1717.0 1636.3 1640.2 1623.7 1605.2 1596.6 1595.8 1495.7 1556.4 1621.5
-999.0 -999.0 -999.0 -999.0 -999.0 -999.0 -999.0 -999.0 -999.0 -999.0 -999.0 -999.0 1829.0 1605.0 1618.3 1663.2 -999.0 -999.0 -999.0 -999.0 1816.4 1223.5 1204.6 1190.1 1049.2 1144.6 1208.6 955.7 1015.5 1169.0 657.3 810.7 1026.5 1134.5 1439.9 1634.4 1587.8 1557.9 1567.0 1543.0 1539.6 1535.0 1470.4 1490.6 1370.2 1429.5 1427.8 1412.5 1401.1 1407.8 1437.2 1515.8 1518.3 1537.5 1567.6 1609.5 1678.2 1682.2 1661.1 1672.2 1678.6 1666.6 1642.7 1624.3 1569.8 1536.8 1534.6 1550.3 1504.9 1540.0 1564.7
-999.0 -999.0 -999.0 -999.0 -999.0 -999.0 -999.0 -999.0 -999.0 -999.0 -999.0 -999.0 1795.2 1487.1 1762.8 1830.5 -999.0 -999.0 -999.0 -999.0 1883.1 1402.0 1098.1 1403.0 1031.0 1046.5 1066.6 873.6 826.0 1058.6 820.4 1266.8 1245.8 1377.9 1532.1 1651.8 1627.9 1569.8 1555.5 1516.0 1471.4 1533.3 1453.3 1457.5 1446.3 1392.2 1464.8 1451.7 1512.6 1463.4 1417.0 1411.8 1428.9 1544.5 1592.4 1616.8 1636.5 1589.3 1605.9 1596.4 1592.5 1595.0 1515.3 1551.1 1424.0 1437.0 1442.5 1521.2 1506.3 1538.0 1562.5
-999.0 -999.0 -999.0 -999.0 -999.0 -999.0 -999.0 -999.0 -999.0 -999.0 -999.0 -999.0 -999.0 -999.0 -999.0 -999.0 -999.0 -999.0 -999.0 -999.0 1892.6 1327.3 1275.9 1407.5 1187.2 1315.5 865.0 913.2 1250.3 1060.8 1106.6 1246.1 1261.0 1488.9 1603.2 1674.9 1563.1 1563.7 1548.5 1543.4 1567.5 1545.9 1492.7 1468.0 1471.7 1448.1 1498.4 1523.2 1518.6 1492.9 1521.6 1483.4 1467.3 1599.5 1496.6 1435.5 1524.8 1524.0 1538.5 1593.0 1546.4 1469.7 1370.0 1400.2 1466.2 1465.3 1441.7 1501.2 1495.4 1539.4 1550.8
-999.0 -999.0 -999.0 -999.0 -999.0 -999.0 -999.0 -999.0 -999.0 -999.0 -999.0 -999.0 -999.0 -999.0 -999.0 -999.0 -999.0 -999.0 -999.0 -999.0 -999.0 1334.4 1818.3 1650.4 1312.4 966.3 1036.0 931.9 977.4 1295.5 1258.6 1222.6 1516.2 1572.1 1656.5 1653.8 1616.6 1576.5 1611.5 1627.5 1603.5 1583.6 1536.3 1487.9 1513.0 1474.5 1488.8 1536.2 1405.0 1474.6 1569.9 1576.5 1567.3 1554.3 1559.0 1462.7 1443.9 1493.3 1421.4 1545.4 1558.2 1453.7 1457.9 1438.6 1466.2 1522.4 1469.9 1500.8 1534.7 1583.7 1561.4
-999.0 -999.0 -999.0 -999.0 -999.0 -999.0 -999.0 -999.0 -999.0 -999.0 -999.0 -999.0 -999.0 -999.0 -999.0 -999.0 -999.0 -999.0 -999.0 -999.0 -999.0 1637.3 1159.3 1064.7 1191.9 1214.4 1276.4 1117.0 1280.9 1274.3 1452.9 1604.1 1441.6 1613.5 1647.5 1494.0 1528.6 1559.4 1642.6 1719.5 1667.4 1555.9 1554.8 1456.4 1466.7 1477.1 1494.4 1542.3 1421.2 1400.7 1512.3 1570.0 1592.3 1570.8 1553.0 1520.6 1476.8 1434.9 1305.2 1426.1 1568.4 1524.7 1456.3 1386.0 1364.2 1424.3 1518.8 1512.0 1567.8 1610.2 1642.7
-999.0 -999.0 -999.0 -999.0 -999.0 -999.0 -999.0 -999.0 -999.0 -999.0 -999.0 -999.0 -999.0 -999.0 -999.0 -999.0 -999.0 -999.0 -999.0 -999.0 1717.3 1510.8 1585.2 960.7 1321.9 1381.2 1182.0 1218.6 1338.2 1148.1 1496.7 1639.2 1424.4 1675.1 1187.5 1402.9 1542.3 1563.2 1507.4 1625.3 1611.0 1359.9 1381.7 1443.8 1539.7 1505.3 1521.2 1555.4 1531.6 1521.6 1550.8 1582.2 1579.7 1581.1 1563.6 1505.7 1507.9 1421.3 1446.6 1520.4 1557.0 1503.2 1430.7 1362.3 1343.0 1403.1 1530.5 1554.6 1612.3 1666.8 1696.8
-999.0 -999.0 -999.0 -999.0 -999.0 -999.0 -999.0 -999.0 -999.0 -999.0 -999.0 -999.0 -999.0 -999.0 -999.0 -999.0 -999.0 -999.0 -999.0 -999.0 1918.2 1638.5 1049.6 1440.9 1738.7 1476.0 1404.5 1247.3 1109.5 1168.0 1471.7 1590.8 1549.8 1618.1 1508.0 1453.0 1386.2 1382.9 1546.7 1528.8 1517.1 1473.4 1429.6 1525.7 1549.1 1523.3 1559.9 1545.8 1555.9 1606.0 1589.8 1587.9 1587.4 1581.5 1582.6 1555.2 1541.1 1474.8 1461.8 1522.2 1531.5 1454.7 1362.3 1304.3 1392.0 1397.5 1448.3 1535.8 1652.7 1636.4 1721.9
-999.0 -999.0 -999.0 -999.0 -999.0 -999.0 -999.0 -999.0 -999.0 -999.0 -999.0 -999.0 -999.0 -999.0 -999.0 -999.0 -999.0 -999.0 -999.0 -999.0 1980.7 1507.4 1790.4 1515.6 1522.8 1369.4 1341.9 993.0 1158.1 1086.7 1343.5 1473.0 1607.6 1608.8 1511.9 1291.3 1187.5 1096.8 1449.0 1327.7 1426.6 1420.6 1448.0 1576.3 1550.3 1546.6 1580.3 1583.2 1643.9 1654.2 1556.9 1566.9 1604.6 1582.6 1495.1 1593.1 1560.9 1524.9 1527.6 1561.1 1535.9 1447.0 1404.7 1401.5 1434.6 1452.5 1538.2 1580.4 1589.7 1629.4 1706.5
-999.0 -999.0 -999.0 -999.0 -999.0 -999.0 -999.0 -999.0 -999.0 -999.0 -999.0 -999.0 -999.0 -999.0 -999.0 -999.0 -999.0 -999.0 -999.0 -999.0 -999.0 1742.6 1423.2 1210.6 1010.0 905.6 1098.6 1114.7 1282.9 1511.8 1531.5 1580.0 1517.6 1502.6 1546.3 1417.7 1402.7 1161.0 1322.4 1403.8 1431.6 1349.1 1394.2 1561.3 1486.0 1577.3 1626.3 1510.8 1671.0 1691.4 1688.3 1630.6 1638.4 1610.9 1485.5 1539.9 1592.0 1538.3 1546.8 1554.7 1510.0 1435.4 1462.4 1488.0 1543.3 1507.7 1584.8 1525.2 1558.1 1659.0 1692.1
