GDD/GrowingDegreeDays_2001_Actual.txt
ncols         180
nrows         290
xllcorner     -200000
yllcorner     -200000
cellsize      5000
NODATA_value    -999
[rows 96 to 127 of 290, columns 71 to 141 of 180]
1242.1 1298.2 1482.5 1589.1 1187.3 1489.6 827.7 852.1 1129.1 1395.4 894.8 484.5 487.4 439.1 754.3 873.9 935.9 654.3 747.7 617.3 569.6 885.8 894.0 907.7 1158.7 1023.1 1189.3 921.5 727.0 825.1 749.1 848.2 903.0 818.3 761.9 883.7 958.7 823.4 825.1 1194.4 1322.2 1437.8 1450.8 1218.2 1274.6 -999.0 -999.0 -999.0 -999.0 -999.0 -999.0 -999.0 -999.0 -999.0 -999.0 -999.0 -999.0 -999.0 -999.0 -999.0 -999.0 -999.0 -999.0 -999.0 -999.0 -999.0 -999.0 -999.0 -999.0 -999.0 -999.0
1220.7 1088.5 1515.9 1577.9 1183.4 1395.1 998.0 1136.7 1392.0 1436.8 1005.5 624.8 1355.6 678.2 897.3 739.5 956.8 730.6 1026.1 870.2 960.7 963.7 514.9 972.9 943.2 1039.6 1055.5 1094.6 747.9 947.0 1062.7 981.0 751.6 945.8 850.9 1022.4 979.1 1034.9 1147.5 1340.0 1344.6 1331.2 1351.9 1446.6 -999.0 -999.0 -999.0 -999.0 -999.0 -999.0 -999.0 -999.0 -999.0 -999.0 -999.0 -999.0 -999.0 -999.0 -999.0 -999.0 -999.0 -999.0 -999.0 -999.0 -999.0 -999.0 -999.0 -999.0 -999.0 -999.0 -999.0
1280.4 1496.6 967.6 1160.3 1114.3 810.3 560.2 1416.5 1528.6 656.0 1159.2 1276.2 660.9 855.6 646.0 866.0 670.3 1095.1 1217.8 1329.9 1246.6 1246.3 1186.4 912.1 1181.2 973.7 880.2 1167.7 1007.1 890.0 1103.7 1119.7 986.3 987.5 1103.6 1006.2 1101.0 1293.4 1378.7 1431.4 1338.1 1436.8 1464.5 1417.1 -999.0 -999.0 -999.0 -999.0 -999.0 -999.0 -999.0 -999.0 -999.0 -999.0 -999.0 -999.0 -999.0 -999.0 -999.0 -999.0 -999.0 -999.0 -999.0 -999.0 -999.0 -999.0 -999.0 -999.0 -999.0 -999.0 -999.0
1244.3 921.8 1280.4 1107.2 1057.7 1480.8 1487.1 -999.0 1226.4 634.0 858.2 568.1 1041.0 1211.6 957.7 1055.7 1081.4 1061.9 1008.3 947.8 864.8 751.0 452.8 684.5 950.2 919.2 1201.3 1323.0 1435.8 995.6 928.0 1155.8 1163.7 1113.7 1279.9 1236.8 1287.9 1364.1 1375.0 1368.4 1366.4 1302.2 1278.7 -999.0 -999.0 -999.0 -999.0 -999.0 -999.0 -999.0 -999.0 -999.0 -999.0 -999.0 -999.0 -999.0 -999.0 -999.0 -999.0 -999.0 -999.0 -999.0 -999.0 -999.0 -999.0 -999.0 -999.0 -999.0 -999.0 -999.0 -999.0
1579.9 1310.4 1175.0 1291.7 965.8 1372.0 -999.0 1502.3 1286.5 1543.1 1097.3 1280.8 909.3 484.0 988.3 893.9 1024.6 739.5 563.8 690.1 913.7 1269.4 1156.2 1288.5 1022.4 1093.5 1086.2 965.0 1052.4 1104.9 1049.6 1194.0 1341.9 1320.6 1421.0 1419.3 1332.9 1296.2 1331.5 1340.9 1337.0 1412.8 1365.0 -999.0 -999.0 -999.0 -999.0 -999.0 -999.0 -999.0 -999.0 -999.0 -999.0 -999.0 -999.0 -999.0 -999.0 -999.0 -999.0 -999.0 -999.0 -999.0 -999.0 -999.0 -999.0 -999.0 -999.0 -999.0 -999.0 -999.0 -999.0
1543.6 1381.6 1580.4 1151.8 1437.3 -999.0 1536.9 1515.4 1398.5 476.3 920.1 331.3 862.0 1127.8 1269.4 902.1 813.6 936.0 753.6 994.5 783.8 656.3 810.2 1311.2 992.1 804.9 764.4 1012.1 1016.6 1478.1 1252.2 1416.0 1469.8 1483.7 1465.7 1208.9 1211.3 1202.1 1251.0 1244.8 1294.5 1346.4 1417.1 -999.0 -999.0 -999.0 -999.0 -999.0 -999.0 -999.0 -999.0 -999.0 -999.0 -999.0 -999.0 -999.0 -999.0 -999.0 -999.0 -999.0 -999.0 -999.0 -999.0 -999.0 -999.0 -999.0 -999.0 -999.0 -999.0 -999.0 -999.0
1588.4 1526.8 858.2 1593.4 -999.0 1579.4 -999.0 1140.9 1028.5 839.5 1555.7 626.5 929.0 900.4 1086.1 434.1 940.7 418.7 928.9 982.9 526.6 1102.8 1497.3 909.5 567.9 550.1 1098.2 1105.9 1078.3 1189.4 1370.8 1441.3 1445.2 1432.5 1113.9 1301.8 1329.9 1365.5 1339.0 1342.0 1406.6 1396.9 -999.0 -999.0 -999.0 -999.0 -999.0 -999.0 -999.0 -999.0 -999.0 -999.0 -999.0 -999.0 -999.0 -999.0 -999.0 -999.0 -999.0 -999.0 -999.0 -999.0 -999.0 -999.0 -999.0 -999.0 -999.0 -999.0 -999.0 -999.0 -999.0
692.7 844.9 1170.4 1582.1 -999.0 -999.0 1586.6 1472.9 1530.0 1469.9 1073.4 559.6 1372.3 1116.5 498.4 855.2 869.3 582.6 533.4 720.8 1277.8 766.2 781.2 566.6 752.5 982.2 729.9 728.8 1080.2 1306.5 1480.1 1463.1 1338.1 1061.5 1308.4 1436.2 1415.4 1530.7 1515.5 1488.0 -999.0 -999.0 -999.0 -999.0 -999.0 -999.0 -999.0 -999.0 -999.0 -999.0 -999.0 -999.0 -999.0 -999.0 -999.0 -999.0 -999.0 -999.0 -999.0 -999.0 -999.0 -999.0 -999.0 -999.0 -999.0 -999.0 -999.0 -999.0 -999.0 -999.0 -999.0
960.6 1291.0 1481.3 1571.5 -999.0 1593.4 1475.1 1310.2 1099.1 1342.4 1094.7 1471.8 1488.1 1191.9 900.1 1045.8 1260.7 1237.7 1066.8 830.9 548.3 1023.9 845.0 936.3 787.8 712.2 954.2 1030.4 1239.4 1404.4 1481.0 1484.8 1271.5 1344.8 1525.6 1554.9 1583.9 1524.5 1540.4 -999.0 -999.0 -999.0 -999.0 -999.0 -999.0 -999.0 -999.0 -999.0 -999.0 -999.0 -999.0 -999.0 -999.0 -999.0 -999.0 -999.0 -999.0 -999.0 -999.0 -999.0 -999.0 -999.0 -999.0 -999.0 -999.0 -999.0 -999.0 -999.0 -999.0 -999.0 -999.0
1435.0 1123.3 1372.8 -999.0 -999.0 1572.6 1110.5 1244.8 1017.9 1314.0 1509.3 1238.5 842.0 850.2 979.5 1107.9 1008.5 715.9 1064.3 832.5 1183.4 1067.9 839.7 1187.3 1454.8 1465.4 1329.7 1420.2 1483.7 1450.2 1461.0 1607.4 1466.3 1521.5 1564.2 1392.0 1482.4 1435.5 1498.0 -999.0 -999.0 -999.0 -999.0 -999.0 -999.0 -999.0 -999.0 -999.0 -999.0 -999.0 -999.0 -999.0 -999.0 -999.0 -999.0 -999.0 -999.0 -999.0 -999.0 -999.0 -999.0 -999.0 -999.0 -999.0 -999.0 -999.0 -999.0 -999.0 -999.0 -999.0 -999.0
-999.0 -999.0 -999.0 -999.0 1547.7 1196.1 1203.0 1086.4 1169.6 1075.3 812.5 877.8 696.7 1196.8 893.8 1461.6 789.0 1330.7 618.8 1135.2 916.7 546.1 1036.8 1278.4 1124.1 1231.7 1467.3 1445.8 1533.9 1598.2 1534.8 1615.3 1606.0 1487.7 1489.5 1480.4 1447.0 1541.2 1492.4 1543.5 -999.0 -999.0 -999.0 -999.0 -999.0 -999.0 -999.0 -999.0 -999.0 -999.0 -999.0 -999.0 -999.0 -999.0 -999.0 -999.0 -999.0 -999.0 -999.0 -999.0 -999.0 -999.0 -999.0 -999.0 -999.0 -999.0 -999.0 -999.0 -999.0 -999.0 -999.0
-999.0 -999.0 -999.0 -999.0 1516.1 1558.2 1178.7 1056.9 1448.7 949.6 1206.8 1465.1 1059.1 851.5 974.9 1719.9 884.8 946.2 872.3 1135.5 810.1 1001.6 926.6 752.6 1056.3 1168.5 1256.5 1344.9 1359.3 1293.4 1267.8 1174.2 1246.8 1445.1 1579.3 1529.4 1329.7 1477.1 1340.7 1411.4 1438.0 -999.0 -999.0 -999.0 -999.0 -999.0 -999.0 -999.0 -999.0 -999.0 -999.0 -999.0 -999.0 -999.0 -999.0 -999.0 -999.0 -999.0 -999.0 -999.0 -999.0 -999.0 -999.0 -999.0 -999.0 -999.0 -999.0 -999.0 -999.0 -999.0 -999.0
-999.0 -999.0 -999.0 1533.2 1524.2 1474.6 1121.1 1332.6 1092.0 1077.1 1253.3 1491.8 979.2 950.3 760.6 1630.7 990.0 1108.5 1045.5 1126.5 1033.9 1476.2 1306.3 1215.4 1252.9 1431.1 1248.6 1066.2 866.6 971.2 1052.6 1199.2 1327.7 1246.4 1561.5 1413.8 1339.0 1331.7 1343.3 1379.5 1421.5 1489.7 -999.0 -999.0 -999.0 -999.0 -999.0 -999.0 -999.0 -999.0 -999.0 -999.0 -999.0 -999.0 -999.0 -999.0 -999.0 -999.0 -999.0 -999.0 -999.0 -999.0 -999.0 -999.0 -999.0 -999.0 -999.0 -999.0 -999.0 -999.0 -999.0
-999.0 -999.0 1533.6 -999.0 1487.7 1327.8 1467.8 1083.5 921.3 1439.6 1546.7 1149.5 753.1 1099.1 1674.4 1425.5 508.3 1328.3 1315.5 1177.2 1184.9 1389.4 1446.0 1540.8 1482.8 1189.3 810.3 867.0 1042.7 1138.6 1300.5 1315.1 1357.8 1268.0 1400.1 1404.7 1502.8 1583.7 1566.1 1556.7 1553.1 -999.0 -999.0 -999.0 -999.0 -999.0 -999.0 -999.0 -999.0 -999.0 -999.0 -999.0 -999.0 -999.0 -999.0 -999.0 -999.0 -999.0 -999.0 -999.0 -999.0 -999.0 -999.0 -999.0 -999.0 -999.0 -999.0 -999.0 -999.0 -999.0 -999.0
-999.0 1573.3 1161.5 -999.0 1570.4 1543.7 1403.9 1333.8 1353.5 1348.7 858.2 1405.8 919.8 908.0 939.5 1264.3 1499.8 781.2 1280.7 1439.5 1548.0 1579.8 1618.8 1657.0 1688.2 1356.3 1512.4 1540.2 1548.6 1387.7 1238.3 1345.5 1360.4 1429.3 1478.6 1451.4 1552.3 -999.0 -999.0 -999.0 -999.0 -999.0 -999.0 -999.0 -999.0 -999.0 -999.0 -999.0 -999.0 -999.0 -999.0 -999.0 -999.0 -999.0 -999.0 -999.0 -999.0 -999.0 -999.0 -999.0 -999.0 -999.0 -999.0 -999.0 -999.0 -999.0 -999.0 -999.0 -999.0 -999.0 -999.0
1574.2 1334.8 1450.0 -999.0 1219.6 1579.8 1294.1 1393.3 1594.9 986.9 990.8 852.2 810.1 1533.5 974.4 992.5 1594.9 1282.8 1188.1 1404.2 1385.5 1325.3 1281.8 1229.0 1655.3 1675.2 1666.5 1579.9 1476.5 1381.9 1270.9 1352.6 1380.0 1379.4 1491.1 -999.0 -999.0 -999.0 -999.0 -999.0 -999.0 -999.0 -999.0 -999.0 -999.0 -999.0 -999.0 -999.0 -999.0 -999.0 -999.0 -999.0 -999.0 -999.0 -999.0 -999.0 -999.0 -999.0 -999.0 -999.0 -999.0 -999.0 -999.0 -999.0 -999.0 -999.0 -999.0 -999.0 -999.0 -999.0 -999.0
909.5 1360.9 -999.0 1543.2 1536.8 1155.1 1393.6 1570.4 1003.8 1295.9 959.2 872.0 1134.1 1304.2 941.0 963.0 1669.0 1678.0 1601.9 1510.5 1394.7 1329.8 1125.1 1067.3 1385.3 1549.9 1657.0 1679.9 1539.7 1528.1 1468.0 1441.6 1280.0 1285.7 1516.6 -999.0 -999.0 -999.0 -999.0 -999.0 -999.0 -999.0 -999.0 -999.0 -999.0 -999.0 -999.0 -999.0 -999.0 -999.0 -999.0 -999.0 -999.0 -999.0 -999.0 -999.0 -999.0 -999.0 -999.0 -999.0 -999.0 -999.0 -999.0 -999.0 -999.0 -999.0 -999.0 -999.0 -999.0 -999.0 -999.0
1618.9 1611.7 -999.0 1579.4 971.2 1303.2 -999.0 1457.8 1070.7 1295.5 1050.5 1144.5 1063.7 1536.1 1477.7 1278.4 1493.9 1523.7 1388.3 1536.8 836.2 867.4 1025.4 1062.0 1357.3 1618.1 1627.4 1714.4 1736.2 1663.0 1633.0 1543.7 1583.0 -999.0 -999.0 -999.0 -999.0 -999.0 1476.6 1513.2 1511.9 1603.1 -999.0 -999.0 -999.0 -999.0 -999.0 -999.0 -999.0 -999.0 -999.0 -999.0 -999.0 -999.0 -999.0 -999.0 -999.0 -999.0 -999.0 -999.0 -999.0 -999.0 -999.0 -999.0 -999.0 -999.0 -999.0 -999.0 -999.0 -999.0 -999.0
1360.3 -999.0 -999.0 1174.9 1578.5 1029.8 -999.0 1481.6 983.4 1367.5 1618.6 870.5 1590.6 1684.1 1675.5 1601.4 1460.7 1321.0 1086.7 1333.0 1320.9 1447.8 1451.0 1503.7 1445.7 1447.8 1436.0 1518.2 1617.1 1536.8 1480.1 1518.4 1605.2 1630.3 1617.6 -999.0 -999.0 1586.5 1536.0 1475.0 1576.6 1590.9 1596.4 1600.2 -999.0 -999.0 -999.0 -999.0 -999.0 -999.0 -999.0 -999.0 -999.0 -999.0 -999.0 -999.0 -999.0 -999.0 -999.0 -999.0 -999.0 -999.0 -999.0 -999.0 -999.0 -999.0 -999.0 -999.0 -999.0 -999.0 -999.0
1657.0 -999.0 -999.0 1598.6 1333.7 1129.1 1608.2 1319.9 1507.0 1384.9 1304.5 1195.6 1632.4 1508.3 1277.7 1313.4 1374.4 1588.7 1562.5 1491.7 1540.5 1503.1 1508.1 1507.9 1444.2 1357.6 1361.3 1438.9 1321.4 1283.4 1476.0 1554.4 1554.4 1575.3 1508.0 1593.3 1555.3 1469.5 1474.9 1545.5 1460.2 1279.2 1325.8 1234.0 1568.1 -999.0 -999.0 -999.0 -999.0 -999.0 -999.0 -999.0 -999.0 -999.0 -999.0 -999.0 -999.0 -999.0 -999.0 -999.0 -999.0 -999.0 -999.0 -999.0 -999.0 -999.0 -999.0 -999.0 -999.0 -999.0 -999.0
-999.0 -999.0 -999.0 1363.4 1042.5 1421.7 1292.9 1610.4 1326.5 1443.1 1669.2 1671.7 -999.0 1295.6 1031.9 1364.5 1504.9 1628.8 1625.1 1628.8 1617.3 1501.1 1521.7 1493.3 1329.9 1321.7 1280.8 1338.7 1385.4 1389.2 1449.7 1432.0 1418.6 1320.7 1451.3 1560.3 1382.4 1432.7 1406.3 1426.8 1279.9 1132.5 1143.2 1105.0 1283.7 1230.0 1175.3 1496.8 -999.0 -999.0 -999.0 -999.0 -999.0 -999.0 -999.0 -999.0 -999.0 -999.0 -999.0 -999.0 -999.0 -999.0 -999.0 -999.0 -999.0 -999.0 -999.0 -999.0 -999.0 -999.0 -999.0
-999.0 -999.0 -999.0 1358.3 1474.0 1591.1 1077.0 1630.3 -999.0 1649.2 1528.8 1677.9 -999.0 1254.1 907.1 1275.1 1374.5 1587.0 1689.8 1578.7 1577.2 1690.2 1660.9 1577.9 1471.3 1282.7 1231.5 1207.7 1303.5 1299.6 1219.2 1173.9 1055.9 1169.3 1408.5 1508.7 1363.8 1333.7 1301.1 952.8 907.0 1099.0 1125.7 1218.5 1257.2 1253.9 1428.0 1420.2 -999.0 -999.0 -999.0 -999.0 -999.0 -999.0 -999.0 -999.0 -999.0 -999.0 -999.0 -999.0 -999.0 -999.0 -999.0 -999.0 -999.0 -999.0 -999.0 -999.0 -999.0 -999.0 -999.0
-999.0 -999.0 -999.0 -999.0 1489.0 1317.6 1453.2 1687.4 -999.0 -999.0 1573.3 1673.2 1586.8 1321.4 1078.4 1448.2 1396.8 1266.8 1409.4 1423.9 1513.4 1400.0 1594.6 1682.0 1551.6 1425.6 1257.0 1175.3 1061.2 1166.7 1019.5 1001.1 1142.4 1226.7 1219.7 1287.1 1234.0 1131.2 1058.5 1095.7 948.2 1087.1 1161.3 1215.2 1487.5 1484.8 1378.9 1331.1 1344.8 -999.0 -999.0 -999.0 -999.0 -999.0 -999.0 -999.0 -999.0 -999.0 -999.0 -999.0 -999.0 -999.0 -999.0 -999.0 -999.0 -999.0 -999.0 -999.0 -999.0 -999.0 -999.0
-999.0 -999.0 -999.0 1661.9 1405.0 1346.2 -999.0 -999.0 -999.0 -999.0 -999.0 1665.1 1698.5 1268.3 1312.2 1530.0 1415.0 1274.2 1186.2 1286.8 1408.7 1423.4 1374.6 1479.3 1595.8 1379.9 1175.7 1216.8 1191.9 1153.4 1027.7 1106.2 1200.6 1160.2 1172.0 966.3 1020.7 1151.4 1182.1 1277.2 1120.6 1161.7 1249.8 1246.0 1459.7 1516.6 1502.1 1484.4 1466.5 -999.0 -999.0 -999.0 -999.0 -999.0 -999.0 -999.0 -999.0 -999.0 -999.0 -999.0 -999.0 -999.0 -999.0 -999.0 -999.0 -999.0 -999.0 -999.0 -999.0 -999.0 -999.0
-999.0 1599.1 -999.0 1275.6 1412.2 1654.9 1728.9 1407.5 1276.2 -999.0 -999.0 -999.0 1670.7 1434.2 1451.1 1489.8 1488.2 1385.9 1231.7 1171.4 1151.9 1158.2 1266.9 1300.4 1377.6 1580.5 1224.0 1261.3 1237.6 1234.2 1279.0 1272.9 1063.2 1168.8 974.2 785.0 888.6 1077.8 1100.3 1320.7 1253.8 1283.6 1285.8 1296.9 1480.2 1521.8 1533.7 1498.5 1442.6 1458.1 -999.0 -999.0 -999.0 -999.0 -999.0 -999.0 -999.0 -999.0 -999.0 -999.0 -999.0 -999.0 -999.0 -999.0 -999.0 -999.0 -999.0 -999.0 -999.0 -999.0 -999.0
-999.0 -999.0 1650.0 1234.2 1395.0 1690.9 1326.0 1142.3 1032.5 1614.5 -999.0 -999.0 -999.0 1625.9 1582.2 1618.8 1581.3 1512.6 1436.7 1259.9 1220.3 1231.7 1317.5 1319.2 1306.6 1301.4 1358.2 1315.4 1294.4 1158.5 1215.7 1020.8 1311.5 1209.3 1303.4 1264.4 920.6 948.5 1154.1 1251.3 1370.8 1400.1 1399.9 1405.7 1500.6 1512.0 1553.2 1483.6 1430.7 1481.4 1514.6 -999.0 -999.0 -999.0 -999.0 -999.0 -999.0 -999.0 -999.0 -999.0 -999.0 -999.0 -999.0 -999.0 -999.0 -999.0 -999.0 -999.0 -999.0 -999.0 -999.0
-999.0 -999.0 1492.3 1355.5 1174.9 1681.4 1689.2 1271.6 1176.0 1694.6 -999.0 -999.0 -999.0 -999.0 -999.0 1625.7 1626.6 1619.7 1601.7 1511.4 1430.1 1275.1 1064.7 1093.1 1213.5 1275.7 1340.1 1234.4 1271.4 1251.3 1291.1 1082.7 1348.0 1271.8 1242.6 1316.5 1473.5 1318.1 1424.7 1314.0 1457.6 1375.9 1430.6 1557.9 1576.1 1568.4 1541.2 1553.6 1376.7 1394.4 1466.4 1538.4 -999.0 -999.0 -999.0 -999.0 -999.0 -999.0 -999.0 -999.0 -999.0 -999.0 -999.0 -999.0 -999.0 -999.0 -999.0 -999.0 -999.0 -999.0 -999.0
-999.0 -999.0 1388.0 1202.3 1306.8 -999.0 1681.0 1603.8 986.0 1544.5 -999.0 -999.0 -999.0 -999.0 -999.0 1619.6 1559.8 1439.3 1516.8 1331.2 1133.3 1155.9 1016.6 985.8 1056.1 1224.0 1144.2 1212.9 1274.4 1126.8 1060.4 1351.0 694.6 1154.4 951.9 1223.9 1058.4 1116.5 1468.4 1298.0 1416.0 1475.4 1543.7 1500.4 1394.6 1355.1 1438.8 1400.1 1547.9 1401.6 1284.5 1493.9 1480.3 1541.8 -999.0 -999.0 -999.0 -999.0 -999.0 -999.0 -999.0 -999.0 -999.0 -999.0 -999.0 -999.0 -999.0 -999.0 -999.0 -999.0 -999.0
-999.0 -999.0 1408.7 1402.3 1583.8 -999.0 -999.0 1313.1 1079.0 1224.2 -999.0 -999.0 -999.0 -999.0 -999.0 1633.8 1631.8 1486.9 1489.0 1395.7 1225.2 1317.8 1213.9 1197.7 1050.0 1140.7 1121.5 1185.8 1024.1 752.9 917.0 1048.8 599.7 755.3 1105.9 1073.2 1244.9 1424.8 1346.7 1302.5 1411.0 1382.6 1395.1 1500.7 1435.8 1413.8 1279.9 1066.6 1270.1 1358.2 1329.5 1343.1 1506.5 1552.0 -999.0 -999.0 -999.0 -999.0 -999.0 -999.0 -999.0 -999.0 -999.0 -999.0 -999.0 -999.0 -999.0 -999.0 -999.0 -999.0 -999.0
-999.0 -999.0 1560.3 1507.1 -999.0 -999.0 -999.0 1650.2 1478.5 1395.8 -999.0 -999.0 -999.0 -999.0 -999.0 1628.7 1586.9 1518.0 1474.6 1418.3 1325.2 1220.1 967.2 881.4 1069.0 1011.8 1188.3 1202.6 1192.0 933.2 1197.8 810.1 902.6 1054.4 978.5 944.1 1331.5 1194.0 1372.4 1297.8 1323.7 1501.8 1391.4 1330.0 1308.0 1346.8 925.1 927.5 1026.5 1358.3 1339.6 1344.5 1458.7 1496.7 -999.0 -999.0 -999.0 -999.0 -999.0 -999.0 -999.0 -999.0 -999.0 -999.0 -999.0 -999.0 -999.0 -999.0 -999.0 -999.0 -999.0
-999.0 1287.1 1404.9 1151.0 1700.9 -999.0 -999.0 -999.0 -999.0 -999.0 -999.0 -999.0 -999.0 -999.0 1484.2 1533.1 1449.3 1451.9 1397.5 1296.5 1311.6 1162.8 1117.7 963.2 1111.2 1155.3 994.2 1079.3 936.6 871.6 880.2 690.0 752.6 1106.2 1033.5 983.0 1097.2 1231.7 1218.8 1409.7 1328.9 1276.5 1428.2 1290.9 1269.0 1032.3 1006.4 838.7 1019.4 1385.3 1421.6 1496.4 1445.9 1486.5 -999.0 -999.0 -999.0 -999.0 -999.0 -999.0 -999.0 -999.0 -999.0 -999.0 -999.0 -999.0 -999.0 -999.0 -999.0 -999.0 -999.0
-999.0 1207.6 1272.2 1400.8 1690.5 -999.0 -999.0 -999.0 -999.0 -999.0 -999.0 -999.0 -999.0 -999.0 1279.1 1582.0 1438.4 1262.1 1137.5 1158.8 1247.5 1247.8 1210.4 1366.1 1243.7 988.0 969.1 1060.1 1058.3 1152.0 1254.9 729.2 1100.7 1059.1 1095.8 1083.6 1152.2 1270.2 1433.1 1223.2 1282.0 1297.6 1320.3 1257.3 1089.8 982.6 1081.0 1011.4 1065.5 1378.3 1528.6 1534.9 1385.9 1562.2 -999.0 -999.0 -999.0 -999.0 -999.0 -999.0 -999.0 -999.0 -999.0 -999.0 -999.0 -999.0 -999.0 -999.0 -999.0 -999.0 -999.0
