GDD/GrowingDegreeDays_1975_Actual.txt
ncols         180
nrows         290
xllcorner     -200000
yllcorner     -200000
cellsize      5000
NODATA_value    -999
[rows 64 to 95 of 290, columns 71 to 141 of 180]
-999.0 -999.0 -999.0 -999.0 -999.0 -999.0 -999.0 -999.0 -999.0 1406.8 1180.2 1177.5 1139.0 874.4 905.5 743.3 915.2 988.4 934.6 953.4 524.5 946.7 649.1 898.4 856.1 1009.8 1049.4 943.2 789.6 814.5 665.2 981.5 -999.0 -999.0 -999.0 -999.0 -999.0 -999.0 -999.0 -999.0 -999.0 -999.0 -999.0 -999.0 -999.0 -999.0 -999.0 -999.0 -999.0 -999.0 -999.0 -999.0 -999.0 -999.0 -999.0 -999.0 -999.0 -999.0 -999.0 -999.0 -999.0 -999.0 -999.0 -999.0 -999.0 -999.0 -999.0 -999.0 -999.0 -999.0 -999.0
-999.0 -999.0 -999.0 -999.0 -999.0 -999.0 -999.0 -999.0 -999.0 -999.0 1392.8 1182.3 941.0 888.7 897.7 860.2 868.1 1203.9 1083.8 1053.3 839.5 796.8 767.6 889.9 973.0 896.7 936.3 969.4 910.2 943.4 1005.2 1272.5 -999.0 -999.0 -999.0 -999.0 -999.0 -999.0 -999.0 -999.0 -999.0 -999.0 -999.0 -999.0 -999.0 -999.0 -999.0 -999.0 -999.0 -999.0 -999.0 -999.0 -999.0 -999.0 -999.0 -999.0 -999.0 -999.0 -999.0 -999.0 -999.0 -999.0 -999.0 -999.0 -999.0 -999.0 -999.0 -999.0 -999.0 -999.0 -999.0
-999.0 -999.0 -999.0 -999.0 -999.0 -999.0 -999.0 -999.0 1452.5 -999.0 1401.0 1222.4 908.7 882.7 805.9 609.8 1059.5 979.0 1205.0 1059.9 1055.8 954.6 864.4 1035.2 992.5 916.7 855.7 831.5 940.3 1097.0 1290.8 -999.0 -999.0 -999.0 -999.0 -999.0 -999.0 -999.0 -999.0 -999.0 -999.0 -999.0 -999.0 -999.0 -999.0 -999.0 -999.0 -999.0 -999.0 -999.0 -999.0 -999.0 -999.0 -999.0 -999.0 -999.0 -999.0 -999.0 -999.0 -999.0 -999.0 -999.0 -999.0 -999.0 -999.0 -999.0 -999.0 -999.0 -999.0 -999.0 -999.0
-999.0 -999.0 -999.0 -999.0 -999.0 -999.0 -999.0 -999.0 1456.7 1401.4 1316.3 1297.0 900.1 1218.1 1045.9 1136.8 1002.1 1071.6 913.6 1184.6 1139.1 1002.3 1020.2 970.7 967.8 1051.8 796.9 962.4 1007.3 -999.0 -999.0 -999.0 -999.0 -999.0 -999.0 -999.0 -999.0 -999.0 -999.0 -999.0 -999.0 -999.0 -999.0 -999.0 -999.0 -999.0 -999.0 -999.0 -999.0 -999.0 -999.0 -999.0 -999.0 -999.0 -999.0 -999.0 -999.0 -999.0 -999.0 -999.0 -999.0 -999.0 -999.0 -999.0 -999.0 -999.0 -999.0 -999.0 -999.0 -999.0 -999.0
-999.0 -999.0 -999.0 -999.0 -999.0 -999.0 -999.0 -999.0 -999.0 1418.3 829.6 1322.9 1087.7 1022.8 1034.3 1197.9 893.0 1027.2 918.4 969.6 1166.5 1065.8 1082.5 1037.9 985.5 1002.3 942.0 1272.8 -999.0 -999.0 -999.0 -999.0 -999.0 -999.0 -999.0 -999.0 -999.0 -999.0 -999.0 -999.0 -999.0 -999.0 -999.0 -999.0 -999.0 -999.0 -999.0 -999.0 -999.0 -999.0 -999.0 -999.0 -999.0 -999.0 -999.0 -999.0 -999.0 -999.0 -999.0 -999.0 -999.0 -999.0 -999.0 -999.0 -999.0 -999.0 -999.0 -999.0 -999.0 -999.0 -999.0
-999.0 -999.0 -999.0 -999.0 -999.0 -999.0 -999.0 -999.0 -999.0 -999.0 1441.1 1054.1 1340.5 1128.1 774.5 1146.0 1103.0 1110.5 1260.3 1043.8 1195.3 1046.4 978.0 1208.6 965.3 1110.3 1232.4 -999.0 -999.0 -999.0 -999.0 -999.0 -999.0 -999.0 -999.0 -999.0 -999.0 -999.0 -999.0 -999.0 -999.0 -999.0 -999.0 -999.0 -999.0 -999.0 -999.0 -999.0 -999.0 -999.0 -999.0 -999.0 -999.0 -999.0 -999.0 -999.0 -999.0 -999.0 -999.0 -999.0 -999.0 -999.0 -999.0 -999.0 -999.0 -999.0 -999.0 -999.0 -999.0 -999.0 -999.0
-999.0 -999.0 -999.0 -999.0 -999.0 -999.0 1476.0 -999.0 -999.0 1500.9 1472.8 1219.0 1034.3 953.6 967.5 1167.8 1094.2 902.9 1036.6 1127.8 1260.8 1068.4 1003.0 1039.9 1284.4 1308.1 -999.0 -999.0 -999.0 -999.0 -999.0 -999.0 -999.0 -999.0 -999.0 -999.0 -999.0 -999.0 -999.0 -999.0 -999.0 -999.0 -999.0 -999.0 -999.0 -999.0 -999.0 -999.0 -999.0 -999.0 -999.0 -999.0 -999.0 -999.0 -999.0 -999.0 -999.0 -999.0 -999.0 -999.0 -999.0 -999.0 -999.0 -999.0 -999.0 -999.0 -999.0 -999.0 -999.0 -999.0 -999.0
-999.0 -999.0 -999.0 -999.0 1327.8 1485.4 1375.3 1485.1 1285.5 1487.1 1041.3 1393.0 782.3 909.2 942.9 965.1 840.5 879.9 903.1 1236.8 1125.8 1205.2 984.3 1072.8 1187.4 1325.3 -999.0 -999.0 -999.0 -999.0 -999.0 -999.0 -999.0 -999.0 -999.0 -999.0 -999.0 -999.0 -999.0 -999.0 -999.0 -999.0 -999.0 -999.0 -999.0 -999.0 -999.0 -999.0 -999.0 -999.0 -999.0 -999.0 -999.0 -999.0 -999.0 -999.0 -999.0 -999.0 -999.0 -999.0 -999.0 -999.0 -999.0 -999.0 -999.0 -999.0 -999.0 -999.0 -999.0 -999.0 -999.0
-999.0 -999.0 -999.0 -999.0 1015.6 1432.1 1440.9 1276.7 1207.5 1019.9 763.6 943.1 1394.5 788.9 729.9 795.7 734.7 1004.5 906.5 663.9 1057.6 1243.9 1276.3 1317.2 1320.2 -999.0 -999.0 1292.7 -999.0 -999.0 -999.0 -999.0 -999.0 -999.0 -999.0 -999.0 -999.0 -999.0 -999.0 -999.0 -999.0 -999.0 -999.0 -999.0 -999.0 -999.0 -999.0 -999.0 -999.0 -999.0 -999.0 -999.0 -999.0 -999.0 -999.0 -999.0 -999.0 -999.0 -999.0 -999.0 -999.0 -999.0 -999.0 -999.0 -999.0 -999.0 -999.0 -999.0 -999.0 -999.0 -999.0
-999.0 -999.0 -999.0 -999.0 1182.3 1313.1 1452.9 1227.3 849.5 1187.5 517.7 1040.4 1020.0 737.7 663.7 737.0 752.7 742.6 657.8 781.5 897.4 807.7 1070.3 965.0 1256.9 1297.3 1291.4 1307.8 -999.0 -999.0 -999.0 -999.0 -999.0 -999.0 -999.0 -999.0 -999.0 -999.0 -999.0 -999.0 -999.0 -999.0 -999.0 -999.0 -999.0 -999.0 -999.0 -999.0 -999.0 -999.0 -999.0 -999.0 -999.0 -999.0 -999.0 -999.0 -999.0 -999.0 -999.0 -999.0 -999.0 -999.0 -999.0 -999.0 -999.0 -999.0 -999.0 -999.0 -999.0 -999.0 -999.0
-999.0 -999.0 -999.0 -999.0 1447.3 1188.9 1438.4 1130.9 1096.6 749.1 893.9 897.0 1037.6 1016.3 972.8 702.1 823.3 766.0 781.0 1020.0 1038.3 915.5 1065.8 1000.0 1224.3 1284.7 1280.4 -999.0 -999.0 -999.0 -999.0 -999.0 -999.0 -999.0 -999.0 -999.0 -999.0 -999.0 -999.0 -999.0 -999.0 -999.0 -999.0 -999.0 -999.0 -999.0 -999.0 -999.0 -999.0 -999.0 -999.0 -999.0 -999.0 -999.0 -999.0 -999.0 -999.0 -999.0 -999.0 -999.0 -999.0 -999.0 -999.0 -999.0 -999.0 -999.0 -999.0 -999.0 -999.0 -999.0 -999.0
-999.0 -999.0 -999.0 -999.0 1375.9 1421.1 1294.3 1492.3 693.7 874.6 851.7 907.6 722.1 491.6 820.7 957.2 988.7 726.5 802.9 1001.0 929.5 1052.7 1128.8 1259.1 1325.6 1156.5 -999.0 -999.0 -999.0 -999.0 -999.0 -999.0 -999.0 -999.0 -999.0 -999.0 -999.0 -999.0 -999.0 -999.0 -999.0 -999.0 -999.0 -999.0 -999.0 -999.0 -999.0 -999.0 -999.0 -999.0 -999.0 -999.0 -999.0 -999.0 -999.0 -999.0 -999.0 -999.0 -999.0 -999.0 -999.0 -999.0 -999.0 -999.0 -999.0 -999.0 -999.0 -999.0 -999.0 -999.0 -999.0
-999.0 -999.0 -999.0 1543.8 1192.2 1115.8 870.5 1081.0 1454.9 942.9 951.8 896.2 958.2 910.6 984.8 837.4 1008.0 1016.5 585.0 870.6 992.6 1295.0 1325.7 1334.0 1364.2 -999.0 -999.0 -999.0 -999.0 -999.0 -999.0 1425.6 1393.5 1359.0 1411.6 -999.0 -999.0 1467.3 1316.3 1347.6 1412.7 1416.7 -999.0 -999.0 -999.0 1314.0 -999.0 1282.6 1267.7 -999.0 -999.0 -999.0 -999.0 -999.0 -999.0 -999.0 -999.0 -999.0 -999.0 -999.0 -999.0 -999.0 -999.0 -999.0 -999.0 -999.0 -999.0 -999.0 -999.0 -999.0 -999.0
-999.0 -999.0 -999.0 -999.0 1357.5 1068.2 846.4 993.4 940.6 1415.2 954.2 1005.7 844.8 990.5 1083.1 1356.0 1150.1 902.6 931.4 1033.9 1185.2 1215.3 1175.1 1128.6 1381.5 -999.0 -999.0 -999.0 1485.5 1513.6 1419.8 1409.3 1382.2 1395.4 1405.9 1445.1 1442.6 1312.6 1170.2 1159.0 1282.7 1315.8 1349.4 1267.7 1127.7 1079.6 1130.7 1177.1 1192.7 1194.8 -999.0 -999.0 -999.0 -999.0 -999.0 -999.0 -999.0 -999.0 -999.0 -999.0 -999.0 -999.0 -999.0 -999.0 -999.0 -999.0 -999.0 -999.0 -999.0 -999.0 -999.0
-999.0 1410.6 -999.0 1387.2 1554.3 1463.3 1410.9 585.0 1362.9 1073.9 1237.1 978.1 1147.0 936.3 980.5 922.8 1195.3 1292.4 1246.6 1166.4 1316.4 1124.2 1249.2 1159.9 1362.1 1387.9 1374.1 1359.9 1439.3 1499.3 1345.3 1158.2 1319.6 1339.9 1240.5 1421.8 1141.5 1011.3 1042.1 1086.1 1218.0 1128.9 1204.8 1248.6 1165.6 1048.1 1092.8 1125.8 978.8 1150.3 1217.4 -999.0 -999.0 -999.0 -999.0 -999.0 -999.0 -999.0 -999.0 -999.0 -999.0 -999.0 -999.0 -999.0 -999.0 -999.0 -999.0 -999.0 -999.0 -999.0 -999.0
-999.0 -999.0 1513.9 935.6 1144.1 1215.3 750.1 951.2 700.0 1279.4 1023.2 978.0 1043.9 1046.4 1229.1 837.3 912.9 894.9 1239.6 1355.4 1178.5 1333.7 1465.4 -999.0 1429.1 1327.9 1328.8 1238.1 1262.8 1322.0 1243.5 1241.9 1089.9 1073.5 1140.1 1234.0 1166.9 1171.9 1199.5 1198.6 1087.1 1186.3 1212.8 1195.8 1120.7 1118.7 1105.1 1113.4 1102.4 1087.7 1164.0 1246.4 -999.0 -999.0 -999.0 -999.0 -999.0 -999.0 -999.0 -999.0 -999.0 -999.0 -999.0 -999.0 -999.0 -999.0 -999.0 -999.0 -999.0 -999.0 -999.0
1391.1 -999.0 1525.3 1325.5 1041.0 932.9 1202.2 697.4 818.0 1214.4 1095.0 888.5 807.5 815.2 1022.0 1016.0 841.2 927.0 979.7 1350.0 1384.1 1463.4 1522.7 1435.5 1217.1 1137.5 1143.7 1171.4 1256.5 1144.8 1081.6 1086.8 956.8 1037.7 1211.2 1074.1 1044.6 1028.0 1082.2 1285.6 1287.4 1303.0 1212.3 1200.1 1115.8 1137.3 1104.7 1150.2 1149.1 1150.6 1147.5 1224.9 -999.0 -999.0 -999.0 -999.0 -999.0 -999.0 -999.0 -999.0 -999.0 -999.0 -999.0 -999.0 -999.0 -999.0 -999.0 -999.0 -999.0 -999.0 -999.0
954.6 -999.0 -999.0 1075.2 697.6 1091.5 894.0 1504.4 1203.1 1134.9 1120.8 814.4 934.1 620.3 655.2 732.4 922.4 1072.2 1231.0 1288.1 999.3 1226.6 1418.7 1192.7 1008.6 888.8 968.2 1060.8 1047.4 1078.8 932.2 920.4 1166.4 1169.8 1201.4 1251.4 1085.9 1078.7 1134.6 1248.8 1298.8 1242.5 1099.8 1198.5 1142.1 1161.2 1072.1 1167.2 1110.3 1107.8 1108.8 1193.4 -999.0 -999.0 -999.0 -999.0 -999.0 -999.0 -999.0 -999.0 -999.0 -999.0 -999.0 -999.0 -999.0 -999.0 -999.0 -999.0 -999.0 -999.0 -999.0
1110.8 -999.0 -999.0 1355.4 1413.0 1360.0 1424.0 1190.7 997.3 770.1 1104.9 964.1 996.3 1085.6 1126.3 934.6 931.2 943.6 982.1 1043.1 811.8 1260.3 1114.0 1136.0 994.1 800.6 868.9 1027.4 1007.3 990.3 862.0 1004.1 1274.3 943.7 1089.2 1004.6 926.5 1115.7 1069.3 1276.7 1199.0 1034.4 1130.7 1149.8 1210.4 1151.8 1214.5 1191.8 1063.3 1129.2 1162.8 -999.0 -999.0 -999.0 -999.0 -999.0 -999.0 -999.0 -999.0 -999.0 -999.0 -999.0 -999.0 -999.0 -999.0 -999.0 -999.0 -999.0 -999.0 -999.0 -999.0
1434.7 1480.4 -999.0 -999.0 1628.3 1320.7 1433.0 1144.2 815.3 614.5 863.0 593.7 814.7 899.0 943.7 1138.0 1091.4 971.9 991.7 888.8 1371.6 1129.5 1182.7 821.0 1001.2 1000.1 761.6 941.2 946.2 970.4 1052.1 1180.1 1100.1 1025.7 1062.8 980.5 990.9 899.7 1044.8 1247.6 1019.0 1129.2 1182.6 1169.5 1041.7 1172.4 1229.9 1249.4 1156.1 1148.9 1189.1 -999.0 -999.0 -999.0 -999.0 -999.0 -999.0 -999.0 -999.0 -999.0 -999.0 -999.0 -999.0 -999.0 -999.0 -999.0 -999.0 -999.0 -999.0 -999.0 -999.0
1237.3 1396.3 -999.0 -999.0 1443.8 1425.8 1456.0 1095.9 1482.2 1115.6 841.9 647.6 530.8 676.9 1060.4 1042.0 958.5 799.7 998.4 1302.7 1077.6 1063.6 1041.7 882.1 947.2 986.6 790.7 1024.5 1073.9 1106.1 1130.2 823.7 1055.2 1033.0 718.1 881.3 966.2 941.5 1127.6 1131.3 1159.3 1204.5 1248.4 1231.5 1239.3 1161.2 1223.1 1220.4 1155.3 1152.1 -999.0 -999.0 -999.0 -999.0 -999.0 -999.0 -999.0 -999.0 -999.0 -999.0 -999.0 -999.0 -999.0 -999.0 -999.0 -999.0 -999.0 -999.0 -999.0 -999.0 -999.0
1181.7 1351.1 1305.5 1096.4 792.2 949.5 813.1 976.0 1271.3 935.6 546.8 582.3 1097.3 909.1 1057.2 896.2 768.7 796.1 970.4 1185.2 1064.9 748.4 675.7 873.2 854.8 841.8 1073.1 1141.0 1152.5 994.6 867.6 1066.8 1066.6 1060.2 927.9 776.9 874.0 744.6 1117.0 909.5 1043.2 1027.1 831.8 1144.2 1277.3 1169.0 1131.7 1222.8 1162.6 -999.0 -999.0 -999.0 -999.0 -999.0 -999.0 -999.0 -999.0 -999.0 -999.0 -999.0 -999.0 -999.0 -999.0 -999.0 -999.0 -999.0 -999.0 -999.0 -999.0 -999.0 -999.0
1417.9 1133.8 1347.3 830.1 1388.5 1282.1 1089.7 707.4 582.5 940.1 832.5 930.6 675.5 816.6 891.7 928.3 1133.4 1113.3 1123.8 1099.5 877.5 639.8 733.1 929.2 699.2 994.1 918.6 1196.7 1192.0 1118.1 991.2 919.8 919.9 888.3 753.7 775.5 990.9 918.5 1167.5 1160.9 1232.4 1196.0 1188.7 1240.3 1257.6 1269.8 1241.4 1220.6 1314.6 -999.0 -999.0 -999.0 -999.0 -999.0 -999.0 -999.0 -999.0 -999.0 -999.0 -999.0 -999.0 -999.0 -999.0 -999.0 -999.0 -999.0 -999.0 -999.0 -999.0 -999.0 -999.0
-999.0 1292.2 1211.5 -999.0 1415.2 909.0 624.5 554.6 951.7 1082.7 1018.4 631.4 649.7 1168.2 1263.8 1080.2 820.6 1247.7 1139.8 891.2 691.8 636.7 661.2 600.3 828.9 765.6 921.7 1170.1 781.4 1040.0 748.9 775.8 745.0 675.7 782.9 939.5 1047.9 961.9 1058.5 999.5 1125.9 1112.8 1201.4 1219.0 1240.8 1270.6 1324.4 1287.9 -999.0 -999.0 -999.0 -999.0 -999.0 -999.0 -999.0 -999.0 -999.0 -999.0 -999.0 -999.0 -999.0 -999.0 -999.0 -999.0 -999.0 -999.0 -999.0 -999.0 -999.0 -999.0 -999.0
1500.6 1150.3 1474.9 -999.0 761.7 1031.0 958.8 1456.2 847.1 1053.2 603.4 683.1 952.5 803.5 763.1 1069.9 1376.8 917.8 880.3 779.2 594.6 571.2 579.6 557.3 764.0 990.7 1201.2 1143.1 1021.7 849.8 649.1 685.5 886.0 779.3 922.8 851.4 937.8 1041.8 1128.0 1059.6 1044.6 1064.6 1162.3 1104.3 1239.1 1164.5 1165.0 1253.7 -999.0 -999.0 -999.0 -999.0 -999.0 -999.0 -999.0 -999.0 -999.0 -999.0 -999.0 -999.0 -999.0 -999.0 -999.0 -999.0 -999.0 -999.0 -999.0 -999.0 -999.0 -999.0 -999.0
1278.6 1487.0 -999.0 1321.2 1196.1 872.0 1133.8 961.6 768.1 1150.3 1162.4 1018.6 1185.1 1356.0 1391.8 1365.7 969.9 698.3 654.7 623.1 578.5 490.1 581.7 884.3 1061.2 1089.4 701.6 926.7 472.8 448.8 616.9 646.0 656.9 818.1 896.5 916.3 875.8 1239.0 1246.3 1183.8 1238.1 1208.8 849.6 1011.0 1288.8 1264.0 1239.6 1233.5 1345.5 -999.0 -999.0 -999.0 -999.0 -999.0 -999.0 -999.0 -999.0 -999.0 -999.0 -999.0 -999.0 -999.0 -999.0 -999.0 -999.0 -999.0 -999.0 -999.0 -999.0 -999.0 -999.0
-999.0 -999.0 1548.0 1061.1 967.2 846.1 1258.7 955.4 660.3 1138.4 1071.0 860.9 923.2 922.0 1101.3 851.3 768.7 603.5 824.3 840.6 705.4 601.5 741.6 1071.2 986.9 1052.8 785.3 486.4 699.2 474.3 593.6 629.9 707.1 789.9 834.0 980.0 1151.4 1259.4 1185.9 1285.5 1318.6 1196.7 1244.1 1305.2 1328.9 1199.2 1161.3 1226.1 -999.0 -999.0 -999.0 -999.0 -999.0 -999.0 -999.0 -999.0 -999.0 -999.0 -999.0 -999.0 -999.0 -999.0 -999.0 -999.0 -999.0 -999.0 -999.0 -999.0 -999.0 -999.0 -999.0
-999.0 -999.0 1538.0 1503.2 1203.8 831.5 1079.5 804.3 1255.4 1302.0 1265.0 1085.6 728.7 652.7 777.8 995.5 1017.8 917.1 699.0 844.9 856.3 945.4 941.6 819.7 776.8 690.6 579.3 587.0 561.8 749.7 801.4 885.9 1135.3 1077.8 1012.5 955.2 880.9 1009.9 1105.6 914.3 1053.3 1319.3 1247.1 1131.3 1073.7 1036.2 1153.8 -999.0 -999.0 -999.0 -999.0 -999.0 -999.0 -999.0 -999.0 -999.0 -999.0 -999.0 -999.0 -999.0 -999.0 -999.0 -999.0 -999.0 -999.0 -999.0 -999.0 -999.0 -999.0 -999.0 -999.0
-999.0 -999.0 1258.9 906.4 1363.2 747.2 698.8 800.3 712.2 885.2 1224.4 1144.5 1301.0 1350.6 751.3 818.6 718.4 388.3 1055.9 929.4 917.7 850.1 881.9 716.9 766.7 617.8 743.0 793.2 824.8 760.6 909.4 744.4 744.9 618.3 737.4 892.0 746.8 588.3 755.5 808.0 929.6 934.1 976.6 973.8 1050.9 1060.3 1170.3 -999.0 -999.0 -999.0 -999.0 -999.0 -999.0 -999.0 -999.0 -999.0 -999.0 -999.0 -999.0 -999.0 -999.0 -999.0 -999.0 -999.0 -999.0 -999.0 -999.0 -999.0 -999.0 -999.0 -999.0
-999.0 1565.2 1569.3 1310.2 1539.6 1315.0 1127.8 882.4 1226.1 1218.5 711.4 1238.6 1302.9 1284.4 1223.9 792.2 966.9 1152.4 1003.5 627.6 692.8 868.9 512.2 669.2 722.4 623.2 564.0 633.2 677.3 664.2 679.0 709.2 665.3 498.7 931.6 714.3 743.4 1103.3 1130.8 839.0 986.1 930.0 905.0 1138.8 1045.1 1075.9 1161.7 -999.0 -999.0 -999.0 -999.0 -999.0 -999.0 -999.0 -999.0 -999.0 -999.0 -999.0 -999.0 -999.0 -999.0 -999.0 -999.0 -999.0 -999.0 -999.0 -999.0 -999.0 -999.0 -999.0 -999.0
-999.0 -999.0 1514.0 1228.9 687.4 1291.1 1473.6 1333.7 1434.5 1522.4 1528.3 1491.3 1288.7 1207.4 822.6 1050.1 955.2 983.0 649.2 746.7 942.8 863.9 505.4 752.6 661.2 846.4 614.9 632.6 827.8 500.3 561.0 596.1 488.1 536.7 712.9 595.4 706.5 859.0 1064.3 1227.1 1169.7 979.5 1091.6 1237.1 1191.0 1114.1 1308.7 -999.0 -999.0 -999.0 -999.0 -999.0 -999.0 -999.0 -999.0 -999.0 -999.0 -999.0 -999.0 -999.0 -999.0 -999.0 -999.0 -999.0 -999.0 -999.0 -999.0 -999.0 -999.0 -999.0 -999.0
1491.8 1490.4 1484.0 1370.1 999.7 1449.2 754.2 1144.1 944.4 791.7 1495.5 1442.8 390.7 637.7 599.4 737.2 569.8 649.5 611.2 601.5 545.6 746.7 719.0 874.0 903.9 947.7 805.4 823.7 591.1 827.5 776.9 905.8 750.2 592.0 677.9 1079.7 849.0 790.9 1044.5 822.4 1136.3 1267.6 1283.4 1259.6 1104.5 1207.9 -999.0 -999.0 -999.0 -999.0 -999.0 -999.0 -999.0 -999.0 -999.0 -999.0 -999.0 -999.0 -999.0 -999.0 -999.0 -999.0 -999.0 -999.0 -999.0 -999.0 -999.0 -999.0 -999.0 -999.0 -999.0
