GDD/GrowingDegreeDays_2010_Actual.txt
ncols         180
nrows         290
xllcorner     -200000
yllcorner     -200000
cellsize      5000
NODATA_value    -999
[rows 96 to 127 of 290, columns 71 to 141 of 180]
1187.5 1230.8 1379.1 1458.7 1108.1 1389.0 786.4 820.7 1091.9 1340.5 899.4 538.9 538.2 472.3 730.9 828.1 884.1 633.2 718.0 597.1 559.2 841.9 834.1 844.6 1071.9 961.4 1119.3 879.6 697.7 768.1 701.6 815.3 860.1 772.0 719.5 827.5 897.0 779.6 777.2 1103.0 1216.6 1318.0 1329.5 1127.8 1194.6 -999.0 -999.0 -999.0 -999.0 -999.0 -999.0 -999.0 -999.0 -999.0 -999.0 -999.0 -999.0 -999.0 -999.0 -999.0 -999.0 -999.0 -999.0 -999.0 -999.0 -999.0 -999.0 -999.0 -999.0 -999.0 -999.0
1160.3 1022.2 1412.3 1463.8 1107.3 1300.6 946.6 1104.9 1334.8 1375.8 994.6 641.2 1305.2 666.5 853.8 714.3 907.3 699.5 958.9 811.4 918.0 919.9 498.4 900.3 871.4 970.5 1008.4 1041.0 724.3 878.9 977.2 917.2 716.8 891.2 807.1 968.2 924.7 977.8 1081.7 1248.5 1242.3 1222.8 1255.9 1366.0 -999.0 -999.0 -999.0 -999.0 -999.0 -999.0 -999.0 -999.0 -999.0 -999.0 -999.0 -999.0 -999.0 -999.0 -999.0 -999.0 -999.0 -999.0 -999.0 -999.0 -999.0 -999.0 -999.0 -999.0 -999.0 -999.0 -999.0
1217.7 1408.4 916.9 1095.5 1038.3 768.8 571.7 1374.7 1470.9 673.2 1135.9 1218.1 646.8 810.3 620.0 824.3 648.4 1024.0 1125.1 1210.0 1216.3 1209.3 1119.8 852.2 1084.6 909.8 841.9 1096.9 959.9 845.1 1031.9 1037.2 922.1 935.6 1042.0 956.8 1047.6 1224.8 1297.4 1335.7 1238.9 1311.3 1366.9 1359.2 -999.0 -999.0 -999.0 -999.0 -999.0 -999.0 -999.0 -999.0 -999.0 -999.0 -999.0 -999.0 -999.0 -999.0 -999.0 -999.0 -999.0 -999.0 -999.0 -999.0 -999.0 -999.0 -999.0 -999.0 -999.0 -999.0 -999.0
1181.1 888.0 1214.3 1040.4 997.9 1412.5 1434.6 -999.0 1219.2 656.8 837.5 563.4 973.0 1120.1 892.9 982.5 1013.7 1004.2 954.2 901.9 846.1 736.6 452.9 643.1 869.4 853.6 1131.5 1246.9 1356.5 952.4 883.6 1071.5 1077.1 1050.1 1201.9 1163.0 1213.3 1294.4 1295.9 1279.4 1264.7 1202.0 1211.6 -999.0 -999.0 -999.0 -999.0 -999.0 -999.0 -999.0 -999.0 -999.0 -999.0 -999.0 -999.0 -999.0 -999.0 -999.0 -999.0 -999.0 -999.0 -999.0 -999.0 -999.0 -999.0 -999.0 -999.0 -999.0 -999.0 -999.0 -999.0
1448.3 1231.8 1128.1 1243.9 942.3 1333.1 -999.0 1477.8 1265.5 1465.0 1052.8 1210.2 862.8 464.2 905.3 820.2 961.5 716.1 552.1 664.2 868.9 1193.5 1094.8 1200.9 949.2 1029.4 1031.3 921.9 1002.0 1045.2 997.7 1128.7 1259.0 1247.3 1333.9 1327.8 1251.4 1217.1 1247.1 1251.8 1247.9 1344.3 1328.2 -999.0 -999.0 -999.0 -999.0 -999.0 -999.0 -999.0 -999.0 -999.0 -999.0 -999.0 -999.0 -999.0 -999.0 -999.0 -999.0 -999.0 -999.0 -999.0 -999.0 -999.0 -999.0 -999.0 -999.0 -999.0 -999.0 -999.0 -999.0
1413.7 1290.3 1488.0 1112.1 1397.0 -999.0 1516.6 1496.2 1351.3 500.4 885.4 341.7 818.4 1034.8 1144.9 836.6 777.5 888.3 719.9 946.5 750.7 636.2 769.6 1216.4 940.7 772.4 728.7 954.1 960.0 1383.5 1185.9 1345.2 1400.2 1411.9 1378.5 1124.6 1126.0 1125.0 1162.1 1157.6 1244.0 1347.1 1430.6 -999.0 -999.0 -999.0 -999.0 -999.0 -999.0 -999.0 -999.0 -999.0 -999.0 -999.0 -999.0 -999.0 -999.0 -999.0 -999.0 -999.0 -999.0 -999.0 -999.0 -999.0 -999.0 -999.0 -999.0 -999.0 -999.0 -999.0 -999.0
1443.9 1392.7 795.8 1498.7 -999.0 1540.0 -999.0 1144.8 1005.7 825.7 1458.0 612.6 889.0 844.0 1007.5 428.4 898.0 418.8 879.6 938.8 519.7 1040.9 1402.8 873.4 572.5 537.9 1026.6 1038.1 1018.4 1124.2 1291.3 1366.6 1377.2 1362.1 1053.2 1198.1 1226.8 1292.4 1262.0 1268.7 1378.4 1443.1 -999.0 -999.0 -999.0 -999.0 -999.0 -999.0 -999.0 -999.0 -999.0 -999.0 -999.0 -999.0 -999.0 -999.0 -999.0 -999.0 -999.0 -999.0 -999.0 -999.0 -999.0 -999.0 -999.0 -999.0 -999.0 -999.0 -999.0 -999.0 -999.0
616.7 747.1 1071.4 1496.0 -999.0 -999.0 1435.7 1410.9 1449.5 1393.1 1031.4 553.2 1268.6 1045.2 490.7 809.3 811.8 562.7 520.0 703.6 1243.6 744.6 757.9 572.6 729.4 932.8 697.4 696.0 1021.5 1229.1 1392.0 1384.5 1270.0 1017.1 1248.3 1370.0 1355.0 1493.9 1473.0 1445.6 -999.0 -999.0 -999.0 -999.0 -999.0 -999.0 -999.0 -999.0 -999.0 -999.0 -999.0 -999.0 -999.0 -999.0 -999.0 -999.0 -999.0 -999.0 -999.0 -999.0 -999.0 -999.0 -999.0 -999.0 -999.0 -999.0 -999.0 -999.0 -999.0 -999.0 -999.0
871.2 1177.7 1372.5 1492.9 -999.0 1530.0 1388.7 1235.9 1054.4 1272.2 1042.3 1374.4 1383.0 1126.6 863.5 962.5 1123.0 1149.0 1025.0 828.6 584.1 1001.2 815.1 900.3 762.9 694.7 920.0 986.8 1177.2 1330.7 1402.7 1408.7 1212.7 1291.4 1462.7 1487.4 1529.2 1501.0 1521.6 -999.0 -999.0 -999.0 -999.0 -999.0 -999.0 -999.0 -999.0 -999.0 -999.0 -999.0 -999.0 -999.0 -999.0 -999.0 -999.0 -999.0 -999.0 -999.0 -999.0 -999.0 -999.0 -999.0 -999.0 -999.0 -999.0 -999.0 -999.0 -999.0 -999.0 -999.0 -999.0
1335.1 1067.8 1328.9 -999.0 -999.0 1503.7 1054.6 1180.6 988.4 1247.5 1418.8 1185.1 820.8 817.7 922.0 1028.2 939.1 688.4 1025.8 825.6 1147.1 1025.5 806.6 1124.7 1374.5 1408.5 1290.5 1362.8 1420.3 1388.9 1399.0 1539.8 1407.4 1467.9 1513.4 1352.7 1433.6 1393.1 1474.0 -999.0 -999.0 -999.0 -999.0 -999.0 -999.0 -999.0 -999.0 -999.0 -999.0 -999.0 -999.0 -999.0 -999.0 -999.0 -999.0 -999.0 -999.0 -999.0 -999.0 -999.0 -999.0 -999.0 -999.0 -999.0 -999.0 -999.0 -999.0 -999.0 -999.0 -999.0 -999.0
-999.0 -999.0 -999.0 -999.0 1520.4 1159.3 1138.9 1047.4 1144.2 1060.4 809.4 865.9 678.8 1117.3 831.1 1334.1 746.1 1253.0 612.8 1087.0 861.3 536.9 989.8 1199.7 1075.8 1206.1 1419.6 1383.4 1468.7 1538.4 1474.9 1557.0 1546.3 1438.2 1440.1 1416.2 1355.3 1445.7 1443.8 1523.9 -999.0 -999.0 -999.0 -999.0 -999.0 -999.0 -999.0 -999.0 -999.0 -999.0 -999.0 -999.0 -999.0 -999.0 -999.0 -999.0 -999.0 -999.0 -999.0 -999.0 -999.0 -999.0 -999.0 -999.0 -999.0 -999.0 -999.0 -999.0 -999.0 -999.0 -999.0
-999.0 -999.0 -999.0 -999.0 1472.5 1470.6 1124.0 1020.0 1393.8 944.8 1189.3 1394.6 1011.6 806.1 882.4 1481.6 806.9 902.5 848.1 1087.5 764.3 940.1 879.3 729.9 1019.1 1125.3 1187.7 1251.5 1304.3 1265.1 1237.2 1150.2 1206.8 1381.9 1495.8 1426.1 1224.6 1366.4 1266.5 1348.7 1393.6 -999.0 -999.0 -999.0 -999.0 -999.0 -999.0 -999.0 -999.0 -999.0 -999.0 -999.0 -999.0 -999.0 -999.0 -999.0 -999.0 -999.0 -999.0 -999.0 -999.0 -999.0 -999.0 -999.0 -999.0 -999.0 -999.0 -999.0 -999.0 -999.0 -999.0
-999.0 -999.0 -999.0 1516.6 1474.2 1401.5 1077.3 1269.9 1061.1 1066.2 1218.0 1417.9 948.6 902.3 685.0 1391.3 910.0 1061.4 1022.4 1101.9 974.1 1382.7 1233.2 1168.7 1204.1 1361.3 1183.2 1012.2 846.0 956.9 1041.1 1180.1 1286.7 1200.3 1471.1 1319.6 1252.8 1253.2 1272.4 1313.2 1369.1 1454.5 -999.0 -999.0 -999.0 -999.0 -999.0 -999.0 -999.0 -999.0 -999.0 -999.0 -999.0 -999.0 -999.0 -999.0 -999.0 -999.0 -999.0 -999.0 -999.0 -999.0 -999.0 -999.0 -999.0 -999.0 -999.0 -999.0 -999.0 -999.0 -999.0
-999.0 -999.0 1506.6 -999.0 1429.7 1275.5 1384.0 1048.7 916.3 1391.8 1476.3 1124.4 756.7 1044.9 1543.3 1319.7 514.5 1280.6 1288.4 1199.7 1155.1 1322.5 1378.0 1472.7 1419.0 1142.7 800.6 847.5 1002.9 1095.5 1270.6 1313.6 1328.8 1246.5 1347.4 1346.5 1449.1 1533.4 1534.9 1532.0 1528.2 -999.0 -999.0 -999.0 -999.0 -999.0 -999.0 -999.0 -999.0 -999.0 -999.0 -999.0 -999.0 -999.0 -999.0 -999.0 -999.0 -999.0 -999.0 -999.0 -999.0 -999.0 -999.0 -999.0 -999.0 -999.0 -999.0 -999.0 -999.0 -999.0 -999.0
-999.0 1509.2 1146.2 -999.0 1491.3 1455.3 1329.1 1297.0 1328.6 1313.9 861.1 1357.4 910.1 890.1 920.0 1226.4 1441.6 786.4 1259.9 1440.7 1516.2 1523.0 1550.3 1583.8 1601.9 1258.2 1458.4 1493.4 1490.4 1339.5 1217.6 1317.4 1319.5 1387.8 1446.6 1440.3 1555.0 -999.0 -999.0 -999.0 -999.0 -999.0 -999.0 -999.0 -999.0 -999.0 -999.0 -999.0 -999.0 -999.0 -999.0 -999.0 -999.0 -999.0 -999.0 -999.0 -999.0 -999.0 -999.0 -999.0 -999.0 -999.0 -999.0 -999.0 -999.0 -999.0 -999.0 -999.0 -999.0 -999.0 -999.0
1478.9 1271.1 1383.0 -999.0 1163.8 1480.0 1245.7 1363.7 1561.4 998.1 983.1 847.1 817.3 1490.0 990.3 1016.1 1541.1 1241.2 1174.1 1373.5 1350.6 1289.0 1240.0 1183.7 1555.1 1609.8 1620.7 1560.8 1470.2 1366.8 1248.2 1316.4 1331.4 1339.1 1465.3 -999.0 -999.0 -999.0 -999.0 -999.0 -999.0 -999.0 -999.0 -999.0 -999.0 -999.0 -999.0 -999.0 -999.0 -999.0 -999.0 -999.0 -999.0 -999.0 -999.0 -999.0 -999.0 -999.0 -999.0 -999.0 -999.0 -999.0 -999.0 -999.0 -999.0 -999.0 -999.0 -999.0 -999.0 -999.0 -999.0
855.4 1283.5 -999.0 1464.2 1450.1 1109.6 1367.5 1524.8 1009.6 1271.1 937.1 859.5 1121.4 1320.5 1025.3 1044.5 1621.0 1610.4 1559.0 1475.1 1364.6 1297.4 1091.7 1030.1 1328.6 1503.7 1632.6 1684.5 1558.0 1530.7 1462.3 1442.0 1274.0 1300.7 1540.6 -999.0 -999.0 -999.0 -999.0 -999.0 -999.0 -999.0 -999.0 -999.0 -999.0 -999.0 -999.0 -999.0 -999.0 -999.0 -999.0 -999.0 -999.0 -999.0 -999.0 -999.0 -999.0 -999.0 -999.0 -999.0 -999.0 -999.0 -999.0 -999.0 -999.0 -999.0 -999.0 -999.0 -999.0 -999.0 -999.0
1507.2 1522.0 -999.0 1517.0 932.8 1260.9 -999.0 1418.8 1064.9 1250.4 1020.2 1120.0 1073.6 1549.3 1574.9 1399.4 1508.1 1504.1 1364.5 1499.7 846.1 869.2 998.2 1027.6 1303.3 1566.1 1614.1 1743.6 1753.9 1660.9 1620.0 1550.4 1577.9 -999.0 -999.0 -999.0 -999.0 -999.0 1503.1 1512.9 1508.0 1602.1 -999.0 -999.0 -999.0 -999.0 -999.0 -999.0 -999.0 -999.0 -999.0 -999.0 -999.0 -999.0 -999.0 -999.0 -999.0 -999.0 -999.0 -999.0 -999.0 -999.0 -999.0 -999.0 -999.0 -999.0 -999.0 -999.0 -999.0 -999.0 -999.0
1278.4 -999.0 -999.0 1146.0 1478.4 1007.8 -999.0 1435.7 973.9 1312.4 1533.4 878.4 1554.5 1668.1 1667.4 1627.8 1471.8 1320.3 1089.6 1327.7 1301.9 1410.4 1404.1 1445.9 1388.7 1407.0 1428.1 1534.0 1623.1 1529.2 1466.9 1515.2 1614.2 1634.0 1648.1 -999.0 -999.0 1604.1 1523.9 1444.0 1543.0 1565.6 1578.6 1608.0 -999.0 -999.0 -999.0 -999.0 -999.0 -999.0 -999.0 -999.0 -999.0 -999.0 -999.0 -999.0 -999.0 -999.0 -999.0 -999.0 -999.0 -999.0 -999.0 -999.0 -999.0 -999.0 -999.0 -999.0 -999.0 -999.0 -999.0
1563.8 -999.0 -999.0 1526.0 1248.6 1077.5 1519.2 1275.0 1461.9 1334.1 1260.2 1184.5 1609.6 1501.6 1295.2 1320.4 1357.9 1560.6 1535.2 1483.1 1529.5 1481.3 1473.8 1465.4 1403.8 1316.8 1327.9 1407.7 1285.4 1243.2 1436.1 1537.9 1574.6 1578.0 1549.9 1608.4 1564.0 1467.7 1445.6 1507.9 1459.1 1289.3 1315.7 1228.7 1548.6 -999.0 -999.0 -999.0 -999.0 -999.0 -999.0 -999.0 -999.0 -999.0 -999.0 -999.0 -999.0 -999.0 -999.0 -999.0 -999.0 -999.0 -999.0 -999.0 -999.0 -999.0 -999.0 -999.0 -999.0 -999.0 -999.0
-999.0 -999.0 -999.0 1316.6 975.6 1304.4 1209.8 1542.4 1301.5 1404.2 1607.8 1623.2 -999.0 1275.8 1011.7 1319.3 1445.9 1569.6 1529.9 1608.1 1654.3 1498.2 1496.2 1458.2 1296.9 1255.8 1229.9 1289.5 1318.9 1307.0 1382.0 1409.3 1412.8 1326.0 1454.5 1539.8 1371.4 1409.4 1375.9 1415.6 1306.4 1159.3 1129.6 1079.6 1244.1 1201.2 1169.7 1498.5 -999.0 -999.0 -999.0 -999.0 -999.0 -999.0 -999.0 -999.0 -999.0 -999.0 -999.0 -999.0 -999.0 -999.0 -999.0 -999.0 -999.0 -999.0 -999.0 -999.0 -999.0 -999.0 -999.0
-999.0 -999.0 -999.0 1313.3 1360.9 1442.8 1022.5 1570.1 -999.0 1617.1 1505.7 1636.2 -999.0 1208.0 875.4 1213.8 1298.2 1494.3 1592.2 1588.8 1591.1 1676.2 1617.4 1539.1 1436.9 1226.8 1186.6 1167.7 1246.2 1233.2 1170.5 1150.5 1045.9 1163.0 1387.2 1466.9 1332.5 1311.5 1280.4 962.4 926.9 1099.7 1105.7 1175.6 1200.9 1193.0 1366.9 1399.3 -999.0 -999.0 -999.0 -999.0 -999.0 -999.0 -999.0 -999.0 -999.0 -999.0 -999.0 -999.0 -999.0 -999.0 -999.0 -999.0 -999.0 -999.0 -999.0 -999.0 -999.0 -999.0 -999.0
-999.0 -999.0 -999.0 -999.0 1371.3 1210.3 1359.7 1598.4 -999.0 -999.0 1565.2 1648.2 1527.4 1251.3 1042.8 1380.8 1319.7 1200.7 1355.7 1410.8 1491.4 1339.5 1524.8 1628.0 1513.7 1388.5 1226.0 1146.1 1034.1 1125.2 989.3 973.8 1105.0 1194.0 1188.9 1249.7 1199.8 1108.4 1040.4 1076.0 943.7 1069.3 1130.8 1170.4 1411.6 1402.4 1309.1 1302.3 1366.0 -999.0 -999.0 -999.0 -999.0 -999.0 -999.0 -999.0 -999.0 -999.0 -999.0 -999.0 -999.0 -999.0 -999.0 -999.0 -999.0 -999.0 -999.0 -999.0 -999.0 -999.0 -999.0
-999.0 -999.0 -999.0 1560.2 1299.8 1250.1 -999.0 -999.0 -999.0 -999.0 -999.0 1643.9 1616.9 1206.5 1307.6 1495.0 1353.8 1221.1 1147.8 1248.5 1342.7 1291.8 1287.0 1416.8 1533.1 1340.9 1157.3 1195.2 1170.4 1123.1 999.8 1058.7 1140.9 1118.9 1130.9 937.5 984.5 1103.5 1130.4 1224.3 1097.5 1134.8 1208.5 1189.0 1375.8 1428.3 1428.6 1442.1 1483.3 -999.0 -999.0 -999.0 -999.0 -999.0 -999.0 -999.0 -999.0 -999.0 -999.0 -999.0 -999.0 -999.0 -999.0 -999.0 -999.0 -999.0 -999.0 -999.0 -999.0 -999.0 -999.0
-999.0 1586.0 -999.0 1185.0 1303.6 1527.0 1586.8 1291.8 1204.9 -999.0 -999.0 -999.0 1625.9 1396.5 1442.4 1459.3 1431.9 1335.9 1193.4 1131.9 1099.0 1088.9 1191.6 1235.3 1317.8 1512.4 1194.5 1234.9 1233.9 1202.0 1230.4 1225.1 1028.8 1113.8 920.2 753.8 850.4 1020.8 1039.7 1252.3 1219.9 1251.1 1247.8 1239.9 1382.6 1428.7 1467.3 1451.0 1424.2 1448.3 -999.0 -999.0 -999.0 -999.0 -999.0 -999.0 -999.0 -999.0 -999.0 -999.0 -999.0 -999.0 -999.0 -999.0 -999.0 -999.0 -999.0 -999.0 -999.0 -999.0 -999.0
-999.0 -999.0 1568.9 1139.6 1288.5 1575.2 1249.7 1062.4 978.4 1565.8 -999.0 -999.0 -999.0 1616.1 1565.2 1574.2 1522.4 1461.5 1391.2 1210.1 1155.1 1155.0 1234.4 1245.6 1244.0 1245.1 1298.1 1257.5 1244.0 1104.3 1155.3 982.6 1230.0 1102.0 1138.1 1138.1 871.1 909.6 1100.1 1196.8 1323.5 1358.2 1363.0 1356.6 1418.3 1440.1 1497.5 1440.5 1387.5 1438.9 1488.7 -999.0 -999.0 -999.0 -999.0 -999.0 -999.0 -999.0 -999.0 -999.0 -999.0 -999.0 -999.0 -999.0 -999.0 -999.0 -999.0 -999.0 -999.0 -999.0 -999.0
-999.0 -999.0 1424.4 1256.6 1101.1 1582.8 1594.5 1195.9 1126.1 1654.6 -999.0 -999.0 -999.0 -999.0 -999.0 1590.9 1570.9 1581.3 1547.4 1441.9 1350.7 1203.3 1011.1 1040.4 1149.9 1204.9 1260.6 1172.1 1178.3 1144.4 1199.2 1014.2 1231.0 1134.7 1067.7 1173.2 1370.0 1257.3 1341.3 1269.4 1410.6 1343.3 1405.1 1534.1 1539.7 1523.8 1498.3 1509.3 1335.8 1340.1 1411.0 1497.5 -999.0 -999.0 -999.0 -999.0 -999.0 -999.0 -999.0 -999.0 -999.0 -999.0 -999.0 -999.0 -999.0 -999.0 -999.0 -999.0 -999.0 -999.0 -999.0
-999.0 -999.0 1324.9 1125.5 1244.2 -999.0 1607.4 1504.0 925.9 1474.0 -999.0 -999.0 -999.0 -999.0 -999.0 1594.1 1510.0 1388.9 1463.5 1279.2 1086.1 1100.9 969.4 941.1 1002.5 1150.6 1076.4 1138.2 1178.2 1038.3 993.5 1246.4 656.0 1050.0 863.4 1115.0 991.6 1062.8 1397.0 1255.6 1388.8 1455.9 1505.0 1492.7 1389.9 1341.0 1408.1 1366.2 1493.7 1346.1 1226.3 1428.6 1441.2 1531.9 -999.0 -999.0 -999.0 -999.0 -999.0 -999.0 -999.0 -999.0 -999.0 -999.0 -999.0 -999.0 -999.0 -999.0 -999.0 -999.0 -999.0
-999.0 -999.0 1337.7 1321.4 1522.2 -999.0 -999.0 1251.7 991.8 1142.6 -999.0 -999.0 -999.0 -999.0 -999.0 1603.8 1566.9 1416.3 1428.6 1344.0 1184.2 1264.9 1158.8 1136.9 999.5 1072.7 1050.8 1102.4 950.4 717.2 870.6 977.2 578.7 713.8 1013.7 997.9 1171.6 1350.3 1286.7 1257.3 1378.2 1361.0 1372.3 1481.0 1425.3 1412.6 1278.2 1059.6 1229.4 1300.6 1266.6 1269.3 1436.9 1508.1 -999.0 -999.0 -999.0 -999.0 -999.0 -999.0 -999.0 -999.0 -999.0 -999.0 -999.0 -999.0 -999.0 -999.0 -999.0 -999.0 -999.0
-999.0 -999.0 1458.1 1413.9 -999.0 -999.0 -999.0 1579.5 1384.8 1314.3 -999.0 -999.0 -999.0 -999.0 -999.0 1588.7 1532.5 1446.7 1413.1 1370.3 1290.6 1186.5 942.0 856.9 1015.5 956.1 1111.8 1110.8 1080.7 865.4 1114.4 770.1 853.2 980.2 911.6 894.3 1256.9 1139.6 1311.3 1249.4 1280.9 1456.6 1363.8 1315.5 1311.1 1352.8 953.3 939.1 999.1 1292.6 1271.9 1270.3 1373.2 1435.6 -999.0 -999.0 -999.0 -999.0 -999.0 -999.0 -999.0 -999.0 -999.0 -999.0 -999.0 -999.0 -999.0 -999.0 -999.0 -999.0 -999.0
-999.0 1213.4 1286.5 1069.3 1627.4 -999.0 -999.0 -999.0 -999.0 -999.0 -999.0 -999.0 -999.0 -999.0 1462.5 1486.7 1388.7 1385.2 1344.4 1257.5 1273.9 1127.5 1076.0 930.3 1054.5 1083.9 933.1 1004.3 868.9 818.3 839.2 670.4 724.4 1029.3 967.2 933.2 1042.7 1172.8 1163.3 1341.2 1272.5 1235.0 1387.0 1269.4 1268.7 1055.8 1024.8 854.6 998.3 1319.5 1349.5 1415.3 1356.7 1419.5 -999.0 -999.0 -999.0 -999.0 -999.0 -999.0 -999.0 -999.0 -999.0 -999.0 -999.0 -999.0 -999.0 -999.0 -999.0 -999.0 -999.0
-999.0 1129.4 1153.6 1298.8 1616.1 -999.0 -999.0 -999.0 -999.0 -999.0 -999.0 -999.0 -999.0 -999.0 1229.5 1493.9 1359.6 1210.3 1104.7 1125.9 1202.6 1196.3 1155.8 1293.8 1171.3 935.1 906.9 981.0 979.4 1075.7 1181.8 712.6 1036.2 999.0 1032.4 1023.0 1090.7 1203.8 1355.6 1163.7 1222.6 1240.3 1277.6 1229.5 1087.6 999.8 1082.1 1004.1 1046.8 1325.6 1459.6 1459.8 1307.3 1488.3 -999.0 -999.0 -999.0 -999.0 -999.0 -999.0 -999.0 -999.0 -999.0 -999.0 -999.0 -999.0 -999.0 -999.0 -999.0 -999.0 -999.0
