GDD/GrowingDegreeDays_1988_Actual.txt
ncols         180
nrows         290
xllcorner     -200000
yllcorner     -200000
cellsize      5000
NODATA_value    -999
[rows 64 to 95 of 290, columns 71 to 141 of 180]
-999.0 -999.0 -999.0 -999.0 -999.0 -999.0 -999.0 -999.0 -999.0 1456.2 1219.3 1221.6 1179.7 895.9 924.6 750.0 943.3 1019.9 950.2 960.3 461.8 945.2 614.3 908.4 877.9 1066.7 1123.5 1001.2 820.0 845.2 663.5 1019.7 -999.0 -999.0 -999.0 -999.0 -999.0 -999.0 -999.0 -999.0 -999.0 -999.0 -999.0 -999.0 -999.0 -999.0 -999.0 -999.0 -999.0 -999.0 -999.0 -999.0 -999.0 -999.0 -999.0 -999.0 -999.0 -999.0 -999.0 -999.0 -999.0 -999.0 -999.0 -999.0 -999.0 -999.0 -999.0 -999.0 -999.0 -999.0 -999.0
-999.0 -999.0 -999.0 -999.0 -999.0 -999.0 -999.0 -999.0 -999.0 -999.0 1455.1 1228.0 962.8 903.3 912.4 878.8 897.6 1247.5 1105.4 1059.3 825.8 778.2 750.0 894.9 1000.0 935.0 988.5 1025.5 956.4 987.2 1048.4 1325.9 -999.0 -999.0 -999.0 -999.0 -999.0 -999.0 -999.0 -999.0 -999.0 -999.0 -999.0 -999.0 -999.0 -999.0 -999.0 -999.0 -999.0 -999.0 -999.0 -999.0 -999.0 -999.0 -999.0 -999.0 -999.0 -999.0 -999.0 -999.0 -999.0 -999.0 -999.0 -999.0 -999.0 -999.0 -999.0 -999.0 -999.0 -999.0 -999.0
-999.0 -999.0 -999.0 -999.0 -999.0 -999.0 -999.0 -999.0 1501.4 -999.0 1483.7 1276.0 921.0 887.7 806.6 590.2 1088.1 1002.8 1221.9 1053.3 1040.4 936.5 849.3 1043.5 1013.1 946.4 890.2 868.0 987.8 1148.7 1347.1 -999.0 -999.0 -999.0 -999.0 -999.0 -999.0 -999.0 -999.0 -999.0 -999.0 -999.0 -999.0 -999.0 -999.0 -999.0 -999.0 -999.0 -999.0 -999.0 -999.0 -999.0 -999.0 -999.0 -999.0 -999.0 -999.0 -999.0 -999.0 -999.0 -999.0 -999.0 -999.0 -999.0 -999.0 -999.0 -999.0 -999.0 -999.0 -999.0 -999.0
-999.0 -999.0 -999.0 -999.0 -999.0 -999.0 -999.0 -999.0 1503.5 1472.8 1404.3 1355.0 895.5 1230.0 1048.4 1148.0 1011.4 1081.3 899.4 1165.4 1107.9 971.7 1006.9 971.4 982.0 1085.7 817.0 1005.0 1051.6 -999.0 -999.0 -999.0 -999.0 -999.0 -999.0 -999.0 -999.0 -999.0 -999.0 -999.0 -999.0 -999.0 -999.0 -999.0 -999.0 -999.0 -999.0 -999.0 -999.0 -999.0 -999.0 -999.0 -999.0 -999.0 -999.0 -999.0 -999.0 -999.0 -999.0 -999.0 -999.0 -999.0 -999.0 -999.0 -999.0 -999.0 -999.0 -999.0 -999.0 -999.0 -999.0
-999.0 -999.0 -999.0 -999.0 -999.0 -999.0 -999.0 -999.0 -999.0 1469.8 848.7 1360.3 1083.9 1016.7 1031.8 1205.8 884.3 1019.4 892.1 924.8 1119.7 1026.2 1066.0 1039.3 999.2 1028.0 973.8 1328.1 -999.0 -999.0 -999.0 -999.0 -999.0 -999.0 -999.0 -999.0 -999.0 -999.0 -999.0 -999.0 -999.0 -999.0 -999.0 -999.0 -999.0 -999.0 -999.0 -999.0 -999.0 -999.0 -999.0 -999.0 -999.0 -999.0 -999.0 -999.0 -999.0 -999.0 -999.0 -999.0 -999.0 -999.0 -999.0 -999.0 -999.0 -999.0 -999.0 -999.0 -999.0 -999.0 -999.0
-999.0 -999.0 -999.0 -999.0 -999.0 -999.0 -999.0 -999.0 -999.0 -999.0 1475.4 1057.0 1358.9 1128.1 754.6 1145.1 1097.2 1100.3 1247.7 1004.1 1153.6 1009.1 959.6 1220.9 977.5 1140.0 1280.9 -999.0 -999.0 -999.0 -999.0 -999.0 -999.0 -999.0 -999.0 -999.0 -999.0 -999.0 -999.0 -999.0 -999.0 -999.0 -999.0 -999.0 -999.0 -999.0 -999.0 -999.0 -999.0 -999.0 -999.0 -999.0 -999.0 -999.0 -999.0 -999.0 -999.0 -999.0 -999.0 -999.0 -999.0 -999.0 -999.0 -999.0 -999.0 -999.0 -999.0 -999.0 -999.0 -999.0 -999.0
-999.0 -999.0 -999.0 -999.0 -999.0 -999.0 1431.6 -999.0 -999.0 1509.5 1490.5 1224.3 1026.6 941.6 955.3 1163.1 1084.3 881.5 1015.8 1102.4 1240.8 1047.9 993.4 1048.2 1318.7 1354.5 -999.0 -999.0 -999.0 -999.0 -999.0 -999.0 -999.0 -999.0 -999.0 -999.0 -999.0 -999.0 -999.0 -999.0 -999.0 -999.0 -999.0 -999.0 -999.0 -999.0 -999.0 -999.0 -999.0 -999.0 -999.0 -999.0 -999.0 -999.0 -999.0 -999.0 -999.0 -999.0 -999.0 -999.0 -999.0 -999.0 -999.0 -999.0 -999.0 -999.0 -999.0 -999.0 -999.0 -999.0 -999.0
-999.0 -999.0 -999.0 -999.0 1296.0 1421.0 1307.6 1454.1 1268.4 1485.6 1023.6 1400.8 757.8 892.4 925.3 948.7 815.7 855.5 878.5 1231.0 1113.0 1205.5 982.3 1085.1 1216.9 1376.8 -999.0 -999.0 -999.0 -999.0 -999.0 -999.0 -999.0 -999.0 -999.0 -999.0 -999.0 -999.0 -999.0 -999.0 -999.0 -999.0 -999.0 -999.0 -999.0 -999.0 -999.0 -999.0 -999.0 -999.0 -999.0 -999.0 -999.0 -999.0 -999.0 -999.0 -999.0 -999.0 -999.0 -999.0 -999.0 -999.0 -999.0 -999.0 -999.0 -999.0 -999.0 -999.0 -999.0 -999.0 -999.0
-999.0 -999.0 -999.0 -999.0 985.2 1392.9 1405.6 1250.5 1187.3 995.3 729.9 920.9 1396.5 758.9 689.2 763.4 691.3 987.1 885.2 613.6 1050.3 1257.1 1301.0 1351.9 1366.1 -999.0 -999.0 1392.2 -999.0 -999.0 -999.0 -999.0 -999.0 -999.0 -999.0 -999.0 -999.0 -999.0 -999.0 -999.0 -999.0 -999.0 -999.0 -999.0 -999.0 -999.0 -999.0 -999.0 -999.0 -999.0 -999.0 -999.0 -999.0 -999.0 -999.0 -999.0 -999.0 -999.0 -999.0 -999.0 -999.0 -999.0 -999.0 -999.0 -999.0 -999.0 -999.0 -999.0 -999.0 -999.0 -999.0
-999.0 -999.0 -999.0 -999.0 1173.8 1316.9 1468.0 1216.3 820.6 1172.1 437.2 1018.7 998.0 694.7 605.1 690.0 709.5 699.1 602.7 750.6 885.3 794.1 1087.2 981.9 1301.2 1351.1 1360.6 1392.8 -999.0 -999.0 -999.0 -999.0 -999.0 -999.0 -999.0 -999.0 -999.0 -999.0 -999.0 -999.0 -999.0 -999.0 -999.0 -999.0 -999.0 -999.0 -999.0 -999.0 -999.0 -999.0 -999.0 -999.0 -999.0 -999.0 -999.0 -999.0 -999.0 -999.0 -999.0 -999.0 -999.0 -999.0 -999.0 -999.0 -999.0 -999.0 -999.0 -999.0 -999.0 -999.0 -999.0
-999.0 -999.0 -999.0 -999.0 1449.1 1186.4 1446.0 1119.0 1079.5 715.1 870.1 870.7 1013.1 988.5 942.3 644.3 784.8 723.1 743.6 1009.4 1041.3 923.9 1090.3 1016.9 1259.6 1329.8 1334.1 -999.0 -999.0 -999.0 -999.0 -999.0 -999.0 -999.0 -999.0 -999.0 -999.0 -999.0 -999.0 -999.0 -999.0 -999.0 -999.0 -999.0 -999.0 -999.0 -999.0 -999.0 -999.0 -999.0 -999.0 -999.0 -999.0 -999.0 -999.0 -999.0 -999.0 -999.0 -999.0 -999.0 -999.0 -999.0 -999.0 -999.0 -999.0 -999.0 -999.0 -999.0 -999.0 -999.0 -999.0
-999.0 -999.0 -999.0 -999.0 1377.0 1426.9 1293.6 1498.2 656.0 854.8 827.6 879.5 670.0 383.7 774.0 920.1 956.8 673.3 764.2 990.0 920.8 1064.5 1145.5 1284.8 1356.4 1180.6 -999.0 -999.0 -999.0 -999.0 -999.0 -999.0 -999.0 -999.0 -999.0 -999.0 -999.0 -999.0 -999.0 -999.0 -999.0 -999.0 -999.0 -999.0 -999.0 -999.0 -999.0 -999.0 -999.0 -999.0 -999.0 -999.0 -999.0 -999.0 -999.0 -999.0 -999.0 -999.0 -999.0 -999.0 -999.0 -999.0 -999.0 -999.0 -999.0 -999.0 -999.0 -999.0 -999.0 -999.0 -999.0
-999.0 -999.0 -999.0 1541.8 1185.3 1107.5 849.8 1068.1 1472.7 937.6 937.5 866.5 922.5 866.9 940.4 783.5 971.1 988.1 506.7 841.2 981.8 1308.8 1340.4 1348.9 1383.6 -999.0 -999.0 -999.0 -999.0 -999.0 -999.0 1482.2 1453.4 1414.0 1477.5 -999.0 -999.0 1522.2 1363.1 1399.5 1465.3 1464.7 -999.0 -999.0 -999.0 1378.7 -999.0 1381.3 1385.0 -999.0 -999.0 -999.0 -999.0 -999.0 -999.0 -999.0 -999.0 -999.0 -999.0 -999.0 -999.0 -999.0 -999.0 -999.0 -999.0 -999.0 -999.0 -999.0 -999.0 -999.0 -999.0
-999.0 -999.0 -999.0 -999.0 1363.3 1059.2 820.3 974.1 933.3 1449.9 943.3 979.2 798.0 944.8 1031.2 1313.9 1113.2 859.2 896.8 1014.5 1183.9 1220.2 1172.9 1120.8 1392.2 -999.0 -999.0 -999.0 1512.5 1538.0 1474.6 1467.8 1473.1 1502.0 1485.6 1508.6 1498.0 1359.0 1212.3 1205.2 1331.1 1361.3 1388.0 1307.7 1172.5 1131.7 1199.5 1262.5 1291.6 1294.3 -999.0 -999.0 -999.0 -999.0 -999.0 -999.0 -999.0 -999.0 -999.0 -999.0 -999.0 -999.0 -999.0 -999.0 -999.0 -999.0 -999.0 -999.0 -999.0 -999.0 -999.0
-999.0 1406.1 -999.0 1386.2 1562.6 1463.9 1401.4 515.1 1358.0 1057.8 1220.2 939.4 1108.6 880.9 908.2 832.2 1149.5 1271.9 1243.7 1159.7 1325.4 1122.4 1240.9 1144.5 1359.9 1418.1 1421.4 1393.4 1463.9 1503.7 1360.8 1194.8 1387.2 1413.6 1299.8 1477.7 1171.4 1030.7 1068.0 1122.0 1265.3 1169.3 1248.6 1297.2 1216.2 1098.4 1151.8 1197.4 1042.4 1228.1 1292.1 -999.0 -999.0 -999.0 -999.0 -999.0 -999.0 -999.0 -999.0 -999.0 -999.0 -999.0 -999.0 -999.0 -999.0 -999.0 -999.0 -999.0 -999.0 -999.0 -999.0
-999.0 -999.0 1513.0 908.9 1133.1 1200.4 706.3 906.9 624.7 1214.1 957.6 926.9 996.9 994.7 1166.4 741.2 847.7 851.1 1237.9 1371.6 1197.4 1345.7 1463.8 -999.0 1401.2 1349.6 1366.9 1267.0 1285.8 1340.5 1261.3 1272.1 1115.2 1098.4 1165.2 1263.3 1190.5 1190.0 1225.9 1234.1 1118.7 1229.4 1259.3 1243.1 1166.4 1169.6 1159.9 1172.8 1163.3 1142.4 1215.6 1300.9 -999.0 -999.0 -999.0 -999.0 -999.0 -999.0 -999.0 -999.0 -999.0 -999.0 -999.0 -999.0 -999.0 -999.0 -999.0 -999.0 -999.0 -999.0 -999.0
1393.2 -999.0 1518.0 1309.7 1010.8 894.0 1166.4 626.9 740.3 1128.5 1016.0 826.5 743.8 751.2 967.2 958.2 782.9 891.1 964.1 1394.7 1469.9 1491.7 1494.9 1428.8 1211.9 1144.8 1158.2 1185.7 1272.9 1150.1 1082.1 1091.3 951.0 1040.2 1224.2 1078.9 1048.9 1031.2 1094.2 1321.3 1329.0 1350.6 1258.1 1249.1 1159.8 1185.2 1154.1 1206.6 1202.3 1198.9 1184.1 1264.6 -999.0 -999.0 -999.0 -999.0 -999.0 -999.0 -999.0 -999.0 -999.0 -999.0 -999.0 -999.0 -999.0 -999.0 -999.0 -999.0 -999.0 -999.0 -999.0
921.8 -999.0 -999.0 1027.4 632.2 1038.0 837.9 1460.9 1140.3 1062.5 1055.6 748.7 884.5 528.5 571.4 661.9 880.3 1050.4 1230.9 1329.1 1095.0 1267.9 1407.6 1178.8 992.7 862.8 952.1 1053.0 1036.0 1067.3 905.0 892.7 1164.4 1169.9 1204.9 1262.2 1090.2 1085.3 1149.2 1277.9 1338.5 1284.4 1134.1 1247.4 1186.9 1209.1 1114.1 1222.3 1161.9 1155.7 1143.1 1231.1 -999.0 -999.0 -999.0 -999.0 -999.0 -999.0 -999.0 -999.0 -999.0 -999.0 -999.0 -999.0 -999.0 -999.0 -999.0 -999.0 -999.0 -999.0 -999.0
1084.5 -999.0 -999.0 1307.0 1348.4 1294.0 1372.9 1140.1 937.9 697.8 1051.8 914.6 952.1 1049.9 1096.1 895.5 893.8 909.9 958.3 1046.0 813.1 1293.3 1110.3 1120.4 961.9 743.2 826.0 1002.7 975.8 952.0 811.5 974.1 1268.3 910.0 1079.1 989.3 904.5 1125.3 1077.4 1311.1 1236.1 1056.2 1166.6 1190.8 1260.5 1197.7 1269.3 1250.5 1119.1 1190.3 1218.3 -999.0 -999.0 -999.0 -999.0 -999.0 -999.0 -999.0 -999.0 -999.0 -999.0 -999.0 -999.0 -999.0 -999.0 -999.0 -999.0 -999.0 -999.0 -999.0 -999.0
1428.3 1463.2 -999.0 -999.0 1561.6 1245.7 1389.2 1102.1 762.1 525.7 810.6 496.4 760.6 856.7 906.5 1115.1 1068.3 942.4 971.1 864.9 1394.1 1131.8 1173.1 760.2 947.3 947.5 685.3 894.4 890.0 905.3 1005.6 1159.0 1074.0 996.2 1044.9 959.0 977.9 879.9 1058.2 1304.7 1053.5 1168.3 1224.8 1211.9 1074.9 1222.6 1288.0 1316.6 1230.3 1225.9 1260.5 -999.0 -999.0 -999.0 -999.0 -999.0 -999.0 -999.0 -999.0 -999.0 -999.0 -999.0 -999.0 -999.0 -999.0 -999.0 -999.0 -999.0 -999.0 -999.0 -999.0
1221.5 1371.6 -999.0 -999.0 1422.4 1409.1 1448.0 1068.8 1467.5 1082.1 794.3 564.2 420.2 600.2 1030.4 1012.3 924.6 749.1 975.4 1304.8 1067.8 1048.0 1015.7 822.3 876.4 922.7 712.7 978.3 1025.4 1043.3 1083.6 756.6 1024.5 1004.6 645.2 842.5 947.7 928.6 1159.5 1192.6 1222.5 1253.9 1299.2 1286.6 1302.4 1216.3 1281.3 1288.6 1242.1 1241.9 -999.0 -999.0 -999.0 -999.0 -999.0 -999.0 -999.0 -999.0 -999.0 -999.0 -999.0 -999.0 -999.0 -999.0 -999.0 -999.0 -999.0 -999.0 -999.0 -999.0 -999.0
1166.4 1327.8 1281.7 1086.2 799.2 979.6 807.2 959.8 1258.2 900.1 444.0 484.3 1064.7 866.7 1024.6 854.4 710.1 744.0 940.2 1172.3 1044.6 683.6 589.4 813.2 784.3 767.2 1028.3 1102.8 1114.1 935.2 798.5 1032.5 1038.4 1034.8 888.6 719.3 837.3 694.7 1138.8 911.9 1071.2 1048.8 823.1 1198.9 1368.9 1233.5 1177.5 1283.3 1239.6 -999.0 -999.0 -999.0 -999.0 -999.0 -999.0 -999.0 -999.0 -999.0 -999.0 -999.0 -999.0 -999.0 -999.0 -999.0 -999.0 -999.0 -999.0 -999.0 -999.0 -999.0 -999.0
1425.6 1119.5 1350.8 824.6 1479.2 1366.7 1120.2 678.3 509.4 910.5 787.8 889.1 593.6 759.5 845.6 887.5 1108.0 1086.7 1099.8 1076.1 833.0 546.8 657.6 879.2 605.0 941.8 846.4 1153.1 1158.7 1085.9 946.6 868.2 872.4 837.3 684.9 714.3 966.3 889.3 1180.4 1181.5 1263.9 1226.8 1225.7 1299.5 1338.0 1331.1 1278.8 1266.5 1381.1 -999.0 -999.0 -999.0 -999.0 -999.0 -999.0 -999.0 -999.0 -999.0 -999.0 -999.0 -999.0 -999.0 -999.0 -999.0 -999.0 -999.0 -999.0 -999.0 -999.0 -999.0 -999.0
-999.0 1300.9 1219.2 -999.0 1481.6 936.2 593.6 488.3 932.5 1061.3 986.2 542.5 559.4 1129.5 1229.5 1047.7 771.3 1228.6 1114.5 846.0 611.9 540.9 568.4 487.3 762.4 678.4 845.5 1120.7 703.9 1011.8 675.9 705.3 668.3 583.3 714.6 897.1 1022.6 930.6 1046.0 984.4 1134.1 1124.4 1228.1 1257.9 1286.8 1306.9 1343.0 1320.5 -999.0 -999.0 -999.0 -999.0 -999.0 -999.0 -999.0 -999.0 -999.0 -999.0 -999.0 -999.0 -999.0 -999.0 -999.0 -999.0 -999.0 -999.0 -999.0 -999.0 -999.0 -999.0 -999.0
1521.7 1147.5 1503.2 -999.0 751.8 1045.2 959.9 1473.0 817.8 1028.6 512.4 599.9 900.6 729.2 679.3 1029.4 1367.8 877.4 832.2 717.8 491.4 459.0 467.3 435.2 684.4 940.0 1172.9 1128.7 1042.9 834.6 563.4 596.2 827.7 702.6 867.3 787.8 888.6 1009.2 1108.8 1040.1 1030.6 1058.3 1172.0 1117.9 1273.4 1193.5 1190.9 1295.1 -999.0 -999.0 -999.0 -999.0 -999.0 -999.0 -999.0 -999.0 -999.0 -999.0 -999.0 -999.0 -999.0 -999.0 -999.0 -999.0 -999.0 -999.0 -999.0 -999.0 -999.0 -999.0 -999.0
1275.3 1503.6 -999.0 1332.4 1201.7 864.9 1136.3 947.8 728.0 1128.1 1132.1 975.1 1134.4 1294.8 1312.8 1293.2 915.4 614.2 565.2 527.2 471.3 359.9 471.1 832.5 1025.8 1051.6 602.6 901.0 375.7 335.6 522.2 542.5 546.5 732.7 820.4 849.2 809.2 1216.9 1227.0 1167.5 1232.6 1203.0 803.4 997.6 1319.5 1305.7 1292.8 1293.2 1411.8 -999.0 -999.0 -999.0 -999.0 -999.0 -999.0 -999.0 -999.0 -999.0 -999.0 -999.0 -999.0 -999.0 -999.0 -999.0 -999.0 -999.0 -999.0 -999.0 -999.0 -999.0 -999.0
-999.0 -999.0 1564.5 1056.1 966.1 834.9 1262.9 938.6 594.7 1114.7 1035.8 805.7 860.4 840.9 998.8 735.3 671.3 491.2 766.3 790.6 631.1 501.3 672.4 1045.0 945.0 1017.1 713.9 353.0 631.9 343.6 478.9 509.1 594.3 677.3 719.1 905.5 1108.7 1235.3 1158.5 1270.6 1310.0 1177.3 1218.0 1299.3 1356.1 1235.3 1205.3 1284.3 -999.0 -999.0 -999.0 -999.0 -999.0 -999.0 -999.0 -999.0 -999.0 -999.0 -999.0 -999.0 -999.0 -999.0 -999.0 -999.0 -999.0 -999.0 -999.0 -999.0 -999.0 -999.0 -999.0
-999.0 -999.0 1550.7 1522.2 1213.7 817.2 1073.2 773.3 1243.1 1283.8 1239.0 1042.8 642.9 535.0 669.0 910.6 952.3 861.2 615.3 796.7 815.5 920.6 912.8 764.8 706.9 596.8 458.6 473.9 445.5 674.7 719.0 791.7 1054.9 997.7 916.7 872.9 802.4 955.4 1066.8 857.6 1015.5 1305.9 1226.1 1114.6 1083.4 1062.8 1197.6 -999.0 -999.0 -999.0 -999.0 -999.0 -999.0 -999.0 -999.0 -999.0 -999.0 -999.0 -999.0 -999.0 -999.0 -999.0 -999.0 -999.0 -999.0 -999.0 -999.0 -999.0 -999.0 -999.0 -999.0
-999.0 -999.0 1256.6 900.1 1380.2 728.5 660.4 769.7 656.6 847.7 1194.7 1104.3 1262.6 1306.4 656.6 736.4 623.9 241.3 1023.9 894.0 890.7 819.8 852.3 644.2 697.7 509.6 666.3 729.3 767.8 685.7 842.1 634.4 631.6 481.1 622.8 810.8 646.4 458.7 662.8 733.2 876.4 889.5 942.4 954.4 1061.9 1089.3 1219.6 -999.0 -999.0 -999.0 -999.0 -999.0 -999.0 -999.0 -999.0 -999.0 -999.0 -999.0 -999.0 -999.0 -999.0 -999.0 -999.0 -999.0 -999.0 -999.0 -999.0 -999.0 -999.0 -999.0 -999.0
-999.0 1566.4 1578.6 1323.3 1561.1 1331.7 1132.4 865.7 1216.3 1191.8 630.0 1198.3 1269.1 1248.1 1181.4 716.7 915.7 1117.8 967.9 532.6 620.4 839.6 398.0 584.2 645.3 518.8 442.8 533.7 594.3 578.5 583.4 610.5 553.8 343.9 859.0 608.5 641.7 1042.8 1075.8 762.7 937.5 886.6 867.7 1138.3 1053.0 1098.3 1196.7 -999.0 -999.0 -999.0 -999.0 -999.0 -999.0 -999.0 -999.0 -999.0 -999.0 -999.0 -999.0 -999.0 -999.0 -999.0 -999.0 -999.0 -999.0 -999.0 -999.0 -999.0 -999.0 -999.0 -999.0
-999.0 -999.0 1518.6 1235.1 660.5 1308.5 1499.6 1351.1 1447.7 1511.7 1489.9 1452.5 1253.8 1173.9 761.5 1007.1 908.5 942.0 556.2 679.0 910.4 824.8 381.4 685.6 569.3 787.5 505.6 530.7 775.8 371.7 439.6 480.6 342.1 398.0 612.7 467.3 599.0 771.9 1000.5 1191.5 1141.9 940.9 1074.0 1240.3 1203.9 1128.8 1346.6 -999.0 -999.0 -999.0 -999.0 -999.0 -999.0 -999.0 -999.0 -999.0 -999.0 -999.0 -999.0 -999.0 -999.0 -999.0 -999.0 -999.0 -999.0 -999.0 -999.0 -999.0 -999.0 -999.0 -999.0
1480.1 1489.8 1489.9 1382.4 1002.4 1474.4 739.8 1168.7 957.0 767.9 1475.1 1414.1 258.6 548.9 500.6 665.2 459.1 556.7 511.0 502.2 431.8 681.0 645.0 824.6 852.9 894.5 732.2 752.1 474.4 760.0 697.9 838.3 662.3 467.3 571.8 1028.2 768.5 698.9 987.4 747.9 1106.3 1250.2 1275.2 1257.9 1099.8 1220.6 -999.0 -999.0 -999.0 -999.0 -999.0 -999.0 -999.0 -999.0 -999.0 -999.0 -999.0 -999.0 -999.0 -999.0 -999.0 -999.0 -999.0 -999.0 -999.0 -999.0 -999.0 -999.0 -999.0 -999.0 -999.0
