GDD/GrowingDegreeDays_2001_Actual.txt
ncols         180
nrows         290
xllcorner     -200000
yllcorner     -200000
cellsize      5000
NODATA_value    -999
[rows 64 to 95 of 290, columns 71 to 141 of 180]
-999.0 -999.0 -999.0 -999.0 -999.0 -999.0 -999.0 -999.0 -999.0 1474.8 1258.4 1295.8 1264.3 938.9 964.9 741.2 941.2 1027.1 957.5 1002.2 442.7 997.0 611.1 951.1 917.3 1144.0 1213.4 1071.0 844.1 874.5 642.0 1025.2 -999.0 -999.0 -999.0 -999.0 -999.0 -999.0 -999.0 -999.0 -999.0 -999.0 -999.0 -999.0 -999.0 -999.0 -999.0 -999.0 -999.0 -999.0 -999.0 -999.0 -999.0 -999.0 -999.0 -999.0 -999.0 -999.0 -999.0 -999.0 -999.0 -999.0 -999.0 -999.0 -999.0 -999.0 -999.0 -999.0 -999.0 -999.0 -999.0
-999.0 -999.0 -999.0 -999.0 -999.0 -999.0 -999.0 -999.0 -999.0 -999.0 1491.1 1288.3 1013.2 937.0 940.9 876.1 876.4 1282.7 1123.2 1094.7 843.1 794.2 764.6 939.6 1070.8 992.0 1060.8 1108.1 1015.5 1025.7 1066.6 1332.2 -999.0 -999.0 -999.0 -999.0 -999.0 -999.0 -999.0 -999.0 -999.0 -999.0 -999.0 -999.0 -999.0 -999.0 -999.0 -999.0 -999.0 -999.0 -999.0 -999.0 -999.0 -999.0 -999.0 -999.0 -999.0 -999.0 -999.0 -999.0 -999.0 -999.0 -999.0 -999.0 -999.0 -999.0 -999.0 -999.0 -999.0 -999.0 -999.0
-999.0 -999.0 -999.0 -999.0 -999.0 -999.0 -999.0 -999.0 1468.8 -999.0 1501.0 1319.4 954.2 919.9 827.7 558.7 1108.6 1008.5 1274.7 1106.2 1102.1 985.1 880.7 1109.5 1075.2 993.2 930.8 908.5 1030.8 1183.8 1361.2 -999.0 -999.0 -999.0 -999.0 -999.0 -999.0 -999.0 -999.0 -999.0 -999.0 -999.0 -999.0 -999.0 -999.0 -999.0 -999.0 -999.0 -999.0 -999.0 -999.0 -999.0 -999.0 -999.0 -999.0 -999.0 -999.0 -999.0 -999.0 -999.0 -999.0 -999.0 -999.0 -999.0 -999.0 -999.0 -999.0 -999.0 -999.0 -999.0 -999.0
-999.0 -999.0 -999.0 -999.0 -999.0 -999.0 -999.0 -999.0 1474.5 1451.2 1398.5 1414.3 937.7 1327.7 1118.8 1210.5 1039.0 1119.1 923.4 1255.7 1201.0 1031.8 1070.7 1021.7 1029.4 1150.4 824.3 1029.5 1068.2 -999.0 -999.0 -999.0 -999.0 -999.0 -999.0 -999.0 -999.0 -999.0 -999.0 -999.0 -999.0 -999.0 -999.0 -999.0 -999.0 -999.0 -999.0 -999.0 -999.0 -999.0 -999.0 -999.0 -999.0 -999.0 -999.0 -999.0 -999.0 -999.0 -999.0 -999.0 -999.0 -999.0 -999.0 -999.0 -999.0 -999.0 -999.0 -999.0 -999.0 -999.0 -999.0
-999.0 -999.0 -999.0 -999.0 -999.0 -999.0 -999.0 -999.0 -999.0 1453.8 810.2 1416.1 1170.1 1091.0 1095.7 1288.2 911.2 1075.3 933.2 978.8 1219.6 1106.7 1140.0 1097.4 1038.3 1061.1 976.3 1354.4 -999.0 -999.0 -999.0 -999.0 -999.0 -999.0 -999.0 -999.0 -999.0 -999.0 -999.0 -999.0 -999.0 -999.0 -999.0 -999.0 -999.0 -999.0 -999.0 -999.0 -999.0 -999.0 -999.0 -999.0 -999.0 -999.0 -999.0 -999.0 -999.0 -999.0 -999.0 -999.0 -999.0 -999.0 -999.0 -999.0 -999.0 -999.0 -999.0 -999.0 -999.0 -999.0 -999.0
-999.0 -999.0 -999.0 -999.0 -999.0 -999.0 -999.0 -999.0 -999.0 -999.0 1484.6 1059.3 1437.0 1196.5 765.9 1225.3 1174.3 1178.7 1352.5 1066.6 1233.7 1071.3 1007.0 1304.5 999.6 1153.5 1279.7 -999.0 -999.0 -999.0 -999.0 -999.0 -999.0 -999.0 -999.0 -999.0 -999.0 -999.0 -999.0 -999.0 -999.0 -999.0 -999.0 -999.0 -999.0 -999.0 -999.0 -999.0 -999.0 -999.0 -999.0 -999.0 -999.0 -999.0 -999.0 -999.0 -999.0 -999.0 -999.0 -999.0 -999.0 -999.0 -999.0 -999.0 -999.0 -999.0 -999.0 -999.0 -999.0 -999.0 -999.0
-999.0 -999.0 -999.0 -999.0 -999.0 -999.0 1446.1 -999.0 -999.0 1493.8 1507.5 1245.5 1048.7 970.2 1000.2 1244.5 1160.7 922.6 1085.1 1188.0 1334.8 1109.8 1033.6 1100.8 1384.6 1370.6 -999.0 -999.0 -999.0 -999.0 -999.0 -999.0 -999.0 -999.0 -999.0 -999.0 -999.0 -999.0 -999.0 -999.0 -999.0 -999.0 -999.0 -999.0 -999.0 -999.0 -999.0 -999.0 -999.0 -999.0 -999.0 -999.0 -999.0 -999.0 -999.0 -999.0 -999.0 -999.0 -999.0 -999.0 -999.0 -999.0 -999.0 -999.0 -999.0 -999.0 -999.0 -999.0 -999.0 -999.0 -999.0
-999.0 -999.0 -999.0 -999.0 1370.4 1519.9 1372.0 1503.2 1281.8 1503.4 1024.3 1450.1 751.6 913.2 966.7 1000.2 844.2 896.4 928.5 1334.8 1191.8 1285.5 1012.8 1126.5 1244.1 1379.4 -999.0 -999.0 -999.0 -999.0 -999.0 -999.0 -999.0 -999.0 -999.0 -999.0 -999.0 -999.0 -999.0 -999.0 -999.0 -999.0 -999.0 -999.0 -999.0 -999.0 -999.0 -999.0 -999.0 -999.0 -999.0 -999.0 -999.0 -999.0 -999.0 -999.0 -999.0 -999.0 -999.0 -999.0 -999.0 -999.0 -999.0 -999.0 -999.0 -999.0 -999.0 -999.0 -999.0 -999.0 -999.0
-999.0 -999.0 -999.0 -999.0 1025.1 1505.9 1491.9 1286.7 1219.0 1026.0 723.1 941.9 1490.3 765.7 693.4 787.7 710.8 1061.4 939.3 610.7 1114.7 1346.8 1386.4 1430.9 1411.3 -999.0 -999.0 1355.5 -999.0 -999.0 -999.0 -999.0 -999.0 -999.0 -999.0 -999.0 -999.0 -999.0 -999.0 -999.0 -999.0 -999.0 -999.0 -999.0 -999.0 -999.0 -999.0 -999.0 -999.0 -999.0 -999.0 -999.0 -999.0 -999.0 -999.0 -999.0 -999.0 -999.0 -999.0 -999.0 -999.0 -999.0 -999.0 -999.0 -999.0 -999.0 -999.0 -999.0 -999.0 -999.0 -999.0
-999.0 -999.0 -999.0 -999.0 1196.3 1342.7 1492.6 1233.8 825.3 1221.2 421.3 1069.7 1055.5 706.4 601.1 702.1 734.0 717.3 602.2 769.1 923.4 810.0 1153.5 1026.8 1365.1 1375.8 1339.5 1360.8 -999.0 -999.0 -999.0 -999.0 -999.0 -999.0 -999.0 -999.0 -999.0 -999.0 -999.0 -999.0 -999.0 -999.0 -999.0 -999.0 -999.0 -999.0 -999.0 -999.0 -999.0 -999.0 -999.0 -999.0 -999.0 -999.0 -999.0 -999.0 -999.0 -999.0 -999.0 -999.0 -999.0 -999.0 -999.0 -999.0 -999.0 -999.0 -999.0 -999.0 -999.0 -999.0 -999.0
-999.0 -999.0 -999.0 -999.0 1483.8 1200.6 1460.6 1131.5 1093.1 704.8 898.4 908.8 1074.7 1060.3 1015.1 652.4 805.2 736.0 760.7 1078.3 1108.2 957.4 1150.6 1064.5 1324.5 1365.2 1321.5 -999.0 -999.0 -999.0 -999.0 -999.0 -999.0 -999.0 -999.0 -999.0 -999.0 -999.0 -999.0 -999.0 -999.0 -999.0 -999.0 -999.0 -999.0 -999.0 -999.0 -999.0 -999.0 -999.0 -999.0 -999.0 -999.0 -999.0 -999.0 -999.0 -999.0 -999.0 -999.0 -999.0 -999.0 -999.0 -999.0 -999.0 -999.0 -999.0 -999.0 -999.0 -999.0 -999.0 -999.0
-999.0 -999.0 -999.0 -999.0 1394.2 1475.6 1323.6 1547.8 626.4 841.8 826.9 905.8 666.8 361.5 831.7 966.4 985.6 664.8 779.2 1063.4 982.3 1129.7 1204.6 1350.4 1396.7 1157.0 -999.0 -999.0 -999.0 -999.0 -999.0 -999.0 -999.0 -999.0 -999.0 -999.0 -999.0 -999.0 -999.0 -999.0 -999.0 -999.0 -999.0 -999.0 -999.0 -999.0 -999.0 -999.0 -999.0 -999.0 -999.0 -999.0 -999.0 -999.0 -999.0 -999.0 -999.0 -999.0 -999.0 -999.0 -999.0 -999.0 -999.0 -999.0 -999.0 -999.0 -999.0 -999.0 -999.0 -999.0 -999.0
-999.0 -999.0 -999.0 1503.9 1170.3 1131.3 856.6 1091.4 1541.1 952.6 940.5 857.8 929.3 870.5 937.6 731.2 970.2 1020.9 486.2 896.9 1073.3 1417.3 1410.0 1381.3 1374.7 -999.0 -999.0 -999.0 -999.0 -999.0 -999.0 1456.7 1436.6 1405.9 1436.8 -999.0 -999.0 1479.2 1330.7 1388.6 1468.7 1464.9 -999.0 -999.0 -999.0 1356.3 -999.0 1355.7 1383.3 -999.0 -999.0 -999.0 -999.0 -999.0 -999.0 -999.0 -999.0 -999.0 -999.0 -999.0 -999.0 -999.0 -999.0 -999.0 -999.0 -999.0 -999.0 -999.0 -999.0 -999.0 -999.0
-999.0 -999.0 -999.0 -999.0 1386.1 1062.4 814.5 990.8 965.7 1549.1 961.6 983.4 779.1 942.2 989.9 1255.3 1102.8 869.6 959.1 1136.0 1322.5 1299.2 1184.1 1076.7 1354.0 -999.0 -999.0 -999.0 1464.4 1502.7 1479.0 1484.8 1489.1 1485.9 1471.4 1486.0 1476.6 1352.4 1218.9 1233.1 1381.8 1415.8 1457.4 1351.4 1191.7 1142.7 1223.2 1298.1 1341.5 1337.7 -999.0 -999.0 -999.0 -999.0 -999.0 -999.0 -999.0 -999.0 -999.0 -999.0 -999.0 -999.0 -999.0 -999.0 -999.0 -999.0 -999.0 -999.0 -999.0 -999.0 -999.0
-999.0 1329.6 -999.0 1360.9 1617.7 1515.4 1434.6 477.1 1407.0 1091.7 1267.3 941.3 1131.8 868.4 880.0 783.4 1169.2 1357.5 1380.1 1307.4 1459.8 1152.5 1219.3 1088.0 1313.7 1414.2 1439.5 1414.3 1468.1 1509.8 1376.6 1202.6 1416.9 1434.8 1308.0 1499.3 1160.6 1028.6 1099.1 1172.1 1340.5 1234.9 1324.0 1373.3 1281.6 1149.8 1214.6 1275.8 1113.9 1313.6 1362.4 -999.0 -999.0 -999.0 -999.0 -999.0 -999.0 -999.0 -999.0 -999.0 -999.0 -999.0 -999.0 -999.0 -999.0 -999.0 -999.0 -999.0 -999.0 -999.0 -999.0
-999.0 -999.0 1466.0 850.6 1135.8 1221.8 686.2 897.5 586.3 1251.3 966.1 920.6 1011.3 1019.1 1208.3 722.9 856.2 878.9 1340.8 1482.8 1248.3 1347.3 1433.7 -999.0 1402.4 1373.1 1424.8 1307.2 1316.3 1360.3 1273.1 1291.9 1114.1 1090.8 1170.0 1287.4 1212.6 1222.7 1273.3 1287.9 1161.8 1291.6 1329.0 1312.8 1226.1 1229.2 1222.7 1244.2 1241.3 1229.4 1307.3 1359.1 -999.0 -999.0 -999.0 -999.0 -999.0 -999.0 -999.0 -999.0 -999.0 -999.0 -999.0 -999.0 -999.0 -999.0 -999.0 -999.0 -999.0 -999.0 -999.0
1344.7 -999.0 1456.5 1263.4 958.3 860.6 1200.8 605.1 717.7 1144.4 1015.0 803.5 728.1 756.2 1004.3 994.6 799.1 934.3 1014.5 1474.6 1506.2 1481.5 1455.9 1407.0 1211.0 1192.9 1217.3 1238.2 1319.2 1162.7 1077.9 1091.1 934.6 1031.0 1241.8 1074.6 1049.4 1042.6 1120.2 1376.5 1388.2 1414.7 1317.7 1317.5 1220.7 1234.2 1204.1 1273.8 1278.1 1296.9 1307.0 1340.6 -999.0 -999.0 -999.0 -999.0 -999.0 -999.0 -999.0 -999.0 -999.0 -999.0 -999.0 -999.0 -999.0 -999.0 -999.0 -999.0 -999.0 -999.0 -999.0
859.3 -999.0 -999.0 936.6 505.4 998.1 873.2 1552.4 1159.5 1063.2 1055.3 729.9 896.4 499.8 551.0 661.6 920.8 1122.5 1326.4 1401.7 1046.9 1251.6 1388.9 1160.3 992.6 864.5 980.4 1096.2 1060.8 1080.9 891.5 876.5 1190.7 1191.7 1217.6 1282.9 1093.9 1097.1 1175.0 1317.5 1383.2 1324.8 1173.4 1328.8 1269.6 1258.3 1156.9 1285.6 1238.0 1264.3 1245.9 1293.4 -999.0 -999.0 -999.0 -999.0 -999.0 -999.0 -999.0 -999.0 -999.0 -999.0 -999.0 -999.0 -999.0 -999.0 -999.0 -999.0 -999.0 -999.0 -999.0
1067.7 -999.0 -999.0 1233.3 1316.1 1313.2 1466.7 1198.0 944.2 670.2 1064.5 921.6 972.3 1089.5 1151.8 928.3 929.0 956.3 1006.7 1077.4 776.5 1307.9 1106.8 1136.9 972.0 729.6 831.8 1038.9 999.2 961.9 796.9 982.6 1319.1 898.9 1083.8 990.0 896.5 1138.8 1074.3 1322.3 1240.7 1056.3 1206.3 1266.2 1356.4 1254.6 1321.2 1315.2 1193.8 1283.0 1290.8 -999.0 -999.0 -999.0 -999.0 -999.0 -999.0 -999.0 -999.0 -999.0 -999.0 -999.0 -999.0 -999.0 -999.0 -999.0 -999.0 -999.0 -999.0 -999.0 -999.0
1488.1 1458.7 -999.0 -999.0 1551.6 1226.4 1424.6 1133.5 758.4 496.9 807.1 463.4 752.9 872.6 938.4 1183.0 1131.8 994.6 1023.8 892.8 1458.2 1145.5 1198.6 738.6 956.2 968.7 669.8 906.6 905.7 909.5 1029.4 1196.4 1079.0 995.4 1057.6 966.9 992.7 867.4 1031.8 1248.4 1019.7 1174.8 1263.1 1265.1 1117.0 1278.8 1356.0 1408.0 1329.0 1304.4 1304.5 -999.0 -999.0 -999.0 -999.0 -999.0 -999.0 -999.0 -999.0 -999.0 -999.0 -999.0 -999.0 -999.0 -999.0 -999.0 -999.0 -999.0 -999.0 -999.0 -999.0
1319.5 1448.7 -999.0 -999.0 1419.6 1412.2 1491.0 1089.4 1533.7 1122.4 800.6 546.5 387.9 584.5 1066.2 1041.5 946.4 756.3 1035.1 1405.3 1100.7 1055.0 1033.8 817.1 866.9 933.6 701.3 1006.7 1061.4 1054.1 1109.7 733.5 1026.2 1013.5 612.1 840.9 969.4 936.9 1158.2 1180.1 1213.9 1271.5 1333.3 1321.9 1344.7 1254.8 1342.6 1370.0 1329.8 1294.4 -999.0 -999.0 -999.0 -999.0 -999.0 -999.0 -999.0 -999.0 -999.0 -999.0 -999.0 -999.0 -999.0 -999.0 -999.0 -999.0 -999.0 -999.0 -999.0 -999.0 -999.0
1279.0 1444.1 1396.8 1111.9 787.6 1011.7 815.7 981.7 1316.2 924.1 422.1 467.5 1111.2 874.1 1039.9 830.9 674.6 734.0 978.4 1242.4 1069.2 656.4 563.5 829.1 798.7 774.5 1075.9 1154.9 1165.6 954.4 793.1 1060.2 1058.3 1056.6 897.1 709.9 853.4 682.0 1166.0 898.6 1069.8 1057.1 803.2 1217.6 1399.7 1269.5 1225.5 1342.6 1297.9 -999.0 -999.0 -999.0 -999.0 -999.0 -999.0 -999.0 -999.0 -999.0 -999.0 -999.0 -999.0 -999.0 -999.0 -999.0 -999.0 -999.0 -999.0 -999.0 -999.0 -999.0 -999.0
1525.3 1190.2 1422.8 829.1 1566.8 1455.7 1171.8 687.5 499.1 934.7 793.2 909.5 571.5 746.6 827.0 854.7 1085.8 1077.1 1113.4 1088.9 821.3 513.4 654.0 921.2 604.7 983.2 861.8 1218.9 1235.2 1142.7 978.3 885.1 892.2 859.6 693.0 734.9 1027.9 920.1 1227.0 1213.0 1297.2 1259.6 1250.5 1329.7 1371.1 1385.9 1351.9 1315.8 1411.4 -999.0 -999.0 -999.0 -999.0 -999.0 -999.0 -999.0 -999.0 -999.0 -999.0 -999.0 -999.0 -999.0 -999.0 -999.0 -999.0 -999.0 -999.0 -999.0 -999.0 -999.0 -999.0
-999.0 1361.7 1241.0 -999.0 1553.1 958.7 587.7 476.6 971.4 1111.1 1022.6 516.7 523.5 1147.2 1238.2 1008.3 692.2 1202.9 1087.5 814.9 579.8 521.2 565.3 477.7 784.7 686.1 864.8 1195.6 743.6 1086.2 681.5 720.5 691.4 625.8 786.1 980.8 1105.9 972.7 1079.5 1002.6 1166.8 1154.2 1265.3 1301.2 1335.9 1367.5 1426.4 1369.9 -999.0 -999.0 -999.0 -999.0 -999.0 -999.0 -999.0 -999.0 -999.0 -999.0 -999.0 -999.0 -999.0 -999.0 -999.0 -999.0 -999.0 -999.0 -999.0 -999.0 -999.0 -999.0 -999.0
1556.8 1162.0 1540.6 -999.0 731.5 1079.8 998.2 1555.8 815.4 1055.6 483.0 578.7 896.8 689.7 617.1 989.1 1355.3 805.1 767.9 682.8 459.4 435.7 454.3 428.1 708.7 1006.3 1271.7 1227.2 1165.5 867.9 566.3 612.4 894.7 783.9 990.8 854.5 945.5 1058.6 1149.2 1065.9 1052.4 1084.6 1211.2 1158.4 1340.5 1253.8 1254.1 1383.1 -999.0 -999.0 -999.0 -999.0 -999.0 -999.0 -999.0 -999.0 -999.0 -999.0 -999.0 -999.0 -999.0 -999.0 -999.0 -999.0 -999.0 -999.0 -999.0 -999.0 -999.0 -999.0 -999.0
1255.8 1512.6 -999.0 1342.7 1203.7 868.2 1189.3 981.0 725.3 1163.3 1154.1 976.1 1142.6 1300.6 1307.0 1279.2 854.8 524.6 496.8 485.8 442.5 329.1 461.5 879.4 1098.3 1120.1 595.6 933.5 362.0 316.8 534.5 560.6 569.1 799.7 897.5 913.0 846.9 1277.9 1276.9 1208.2 1272.0 1246.4 805.5 1031.4 1404.8 1406.1 1410.9 1394.4 1441.8 -999.0 -999.0 -999.0 -999.0 -999.0 -999.0 -999.0 -999.0 -999.0 -999.0 -999.0 -999.0 -999.0 -999.0 -999.0 -999.0 -999.0 -999.0 -999.0 -999.0 -999.0 -999.0
-999.0 -999.0 1561.8 1038.5 970.5 831.8 1317.8 964.7 578.5 1136.3 1035.9 773.4 823.8 803.6 983.1 691.8 617.9 433.7 752.5 784.6 608.2 470.4 669.9 1101.5 979.7 1057.9 712.0 328.2 640.4 341.8 488.5 504.2 600.7 721.4 762.8 973.3 1200.6 1307.3 1208.3 1334.1 1375.4 1234.9 1287.7 1361.8 1436.3 1333.8 1296.4 1343.6 -999.0 -999.0 -999.0 -999.0 -999.0 -999.0 -999.0 -999.0 -999.0 -999.0 -999.0 -999.0 -999.0 -999.0 -999.0 -999.0 -999.0 -999.0 -999.0 -999.0 -999.0 -999.0 -999.0
-999.0 -999.0 1549.6 1562.1 1255.3 822.1 1104.6 766.5 1276.9 1308.5 1239.4 1019.1 577.1 466.0 628.9 905.1 962.1 871.2 594.9 800.8 811.0 922.5 922.4 761.0 697.5 581.4 443.3 468.9 443.8 703.9 737.7 790.2 1091.7 1068.0 976.3 927.7 846.6 1005.7 1120.3 892.8 1073.7 1396.8 1310.3 1169.7 1137.5 1144.4 1271.8 -999.0 -999.0 -999.0 -999.0 -999.0 -999.0 -999.0 -999.0 -999.0 -999.0 -999.0 -999.0 -999.0 -999.0 -999.0 -999.0 -999.0 -999.0 -999.0 -999.0 -999.0 -999.0 -999.0 -999.0
-999.0 -999.0 1250.2 905.0 1458.4 740.0 655.9 760.8 629.2 825.0 1185.7 1077.5 1241.5 1296.4 611.8 726.7 619.6 200.8 1072.7 919.7 895.6 803.5 848.6 620.3 691.8 497.5 679.7 757.8 793.4 692.9 859.6 606.4 606.6 464.7 630.7 861.7 672.1 453.0 679.6 765.5 933.3 956.2 1024.5 1026.1 1153.0 1202.8 1322.0 -999.0 -999.0 -999.0 -999.0 -999.0 -999.0 -999.0 -999.0 -999.0 -999.0 -999.0 -999.0 -999.0 -999.0 -999.0 -999.0 -999.0 -999.0 -999.0 -999.0 -999.0 -999.0 -999.0 -999.0
-999.0 1544.3 1618.7 1390.4 1674.0 1419.8 1187.6 868.3 1226.2 1176.2 559.9 1165.8 1253.2 1234.5 1197.4 748.6 983.2 1180.1 1004.4 501.6 594.5 837.5 354.7 564.5 642.8 511.2 434.7 533.2 586.8 554.0 546.3 564.0 520.8 307.9 903.8 634.5 666.8 1114.4 1143.4 796.3 998.8 954.0 954.4 1265.5 1180.9 1216.3 1273.8 -999.0 -999.0 -999.0 -999.0 -999.0 -999.0 -999.0 -999.0 -999.0 -999.0 -999.0 -999.0 -999.0 -999.0 -999.0 -999.0 -999.0 -999.0 -999.0 -999.0 -999.0 -999.0 -999.0 -999.0
-999.0 -999.0 1549.0 1281.0 672.5 1401.6 1605.1 1404.5 1474.4 1501.7 1458.3 1406.6 1256.0 1099.3 744.4 1122.5 1014.9 1003.3 541.3 672.2 950.3 841.7 350.5 696.0 565.7 810.0 490.6 517.0 781.2 320.9 378.2 385.3 279.4 365.0 623.1 472.5 615.7 812.9 1070.5 1282.3 1231.7 1030.7 1220.4 1392.2 1347.4 1216.4 1397.6 -999.0 -999.0 -999.0 -999.0 -999.0 -999.0 -999.0 -999.0 -999.0 -999.0 -999.0 -999.0 -999.0 -999.0 -999.0 -999.0 -999.0 -999.0 -999.0 -999.0 -999.0 -999.0 -999.0 -999.0
1505.7 1523.4 1539.9 1451.6 1040.4 1569.0 732.2 1182.6 930.1 695.9 1432.6 1338.3 149.2 423.2 459.7 700.1 471.8 563.6 501.5 495.1 424.7 698.9 662.8 869.6 891.8 924.2 731.4 755.8 447.2 766.1 677.2 794.1 622.0 441.6 572.8 1103.0 804.0 720.7 1054.8 802.1 1214.7 1386.3 1428.0 1406.3 1201.6 1289.2 -999.0 -999.0 -999.0 -999.0 -999.0 -999.0 -999.0 -999.0 -999.0 -999.0 -999.0 -999.0 -999.0 -999.0 -999.0 -999.0 -999.0 -999.0 -999.0 -999.0 -999.0 -999.0 -999.0 -999.0 -999.0
