GDD/GrowingDegreeDays_2008_Actual.txt
ncols         180
nrows         290
xllcorner     -200000
yllcorner     -200000
cellsize      5000
NODATA_value    -999
[rows 128 to 159 of 290, columns 71 to 141 of 180]
-999.0 1358.5 1719.2 1760.2 -999.0 -999.0 -999.0 -999.0 -999.0 -999.0 -999.0 -999.0 -999.0 1572.2 1426.7 1625.4 1392.1 1203.8 1302.8 1055.8 872.7 975.8 855.3 1006.4 1168.6 1274.9 1232.1 1005.2 1065.9 1126.6 1367.8 1129.3 818.9 1064.3 916.2 1128.1 1148.6 1362.4 1340.1 1209.1 1264.4 1245.9 1146.5 1015.0 924.1 998.1 1153.3 1267.3 1302.4 1426.7 1281.7 1261.8 1398.3 1513.6 -999.0 -999.0 -999.0 -999.0 -999.0 -999.0 -999.0 -999.0 -999.0 -999.0 -999.0 -999.0 -999.0 -999.0 -999.0 -999.0 -999.0
-999.0 -999.0 -999.0 -999.0 -999.0 -999.0 -999.0 -999.0 -999.0 -999.0 -999.0 -999.0 -999.0 1610.3 1682.8 1287.2 1375.6 1169.1 1290.0 1003.5 986.7 794.3 865.7 904.4 1041.3 1106.2 1313.6 742.1 818.0 1145.4 1405.4 1114.1 921.7 1149.7 1103.0 972.7 1225.9 1069.4 1007.1 1151.9 1002.7 999.1 816.2 1163.1 1192.5 1150.7 1141.0 1142.0 1353.3 1536.0 1444.4 1466.6 1512.8 1601.8 1669.9 -999.0 -999.0 -999.0 -999.0 -999.0 -999.0 -999.0 -999.0 -999.0 -999.0 -999.0 -999.0 -999.0 -999.0 -999.0 -999.0
-999.0 -999.0 -999.0 -999.0 -999.0 -999.0 -999.0 -999.0 -999.0 -999.0 -999.0 -999.0 1841.5 1393.4 1236.5 1250.1 1157.1 1144.0 1224.2 1278.1 940.1 952.8 867.5 944.4 987.8 1240.9 1490.0 1191.4 1092.7 1122.4 1360.4 1369.0 1181.9 1163.3 1159.4 1112.9 891.2 1196.2 1237.9 1191.3 1202.5 805.6 1004.3 909.1 1043.1 1303.6 1250.7 1190.9 1172.9 1156.8 1473.9 1556.4 1578.7 1608.9 1701.7 -999.0 -999.0 -999.0 -999.0 -999.0 -999.0 -999.0 -999.0 -999.0 -999.0 -999.0 -999.0 -999.0 -999.0 -999.0 -999.0
-999.0 -999.0 -999.0 -999.0 -999.0 -999.0 -999.0 -999.0 -999.0 -999.0 -999.0 -999.0 1512.7 1375.1 1328.4 964.8 1020.1 1182.9 1216.5 937.2 1241.0 1137.1 985.7 1125.6 1127.3 1409.2 1564.6 1359.1 1274.2 1080.3 1441.7 1404.2 1371.8 1277.5 1378.3 1024.0 1367.5 1051.6 1170.3 1340.8 825.2 1213.1 1098.1 1064.4 1188.5 1155.2 1354.7 1331.0 1142.7 1205.6 1402.6 1410.6 1487.8 1590.5 1669.2 -999.0 -999.0 -999.0 -999.0 -999.0 -999.0 -999.0 -999.0 -999.0 -999.0 -999.0 -999.0 -999.0 -999.0 -999.0 -999.0
-999.0 -999.0 -999.0 -999.0 -999.0 -999.0 -999.0 -999.0 -999.0 -999.0 -999.0 1548.9 1538.2 1463.1 1152.1 1224.3 1183.4 701.9 1023.6 1034.8 1252.4 1150.6 1140.2 1265.5 1139.4 1202.8 1397.2 1278.9 1339.4 1519.2 1575.3 1475.6 1285.2 1279.3 1069.2 1249.5 1411.4 1060.5 1308.6 1249.0 871.4 1170.7 1276.6 1369.6 1248.9 1150.8 1217.4 1191.5 1190.4 1350.8 1409.4 1476.7 1571.1 1589.9 1654.9 -999.0 -999.0 -999.0 -999.0 -999.0 -999.0 -999.0 -999.0 -999.0 -999.0 -999.0 -999.0 -999.0 -999.0 -999.0 -999.0
-999.0 -999.0 -999.0 -999.0 -999.0 -999.0 -999.0 -999.0 -999.0 -999.0 1777.6 1543.5 1331.3 1500.8 1378.3 1263.0 1307.3 1087.1 1203.3 778.7 1354.9 1405.7 1293.8 1242.1 1228.1 1214.9 1394.3 1548.3 1644.2 1397.8 1590.7 1592.5 1382.9 1335.4 1346.3 1356.2 1487.7 1287.3 1476.0 1295.0 959.8 1046.2 1042.9 1148.7 1218.9 1317.8 1364.8 1193.7 1283.3 1365.5 1399.2 1461.3 1506.8 1617.1 1662.5 1729.8 -999.0 -999.0 -999.0 -999.0 -999.0 -999.0 -999.0 -999.0 -999.0 -999.0 -999.0 -999.0 -999.0 -999.0 -999.0
-999.0 -999.0 -999.0 -999.0 -999.0 -999.0 -999.0 -999.0 -999.0 -999.0 1433.9 1064.2 1269.6 1343.3 1418.1 1423.7 1504.4 803.5 1042.3 1218.5 1264.0 1465.4 1428.1 1320.6 1369.1 1061.8 1488.7 1632.8 1646.4 1656.6 1384.2 1602.7 1374.9 1437.8 1400.5 1468.4 1479.2 1499.8 1315.6 1415.9 1190.0 1114.5 1168.0 1109.6 1265.2 1387.4 1435.9 1315.3 1379.9 1289.1 1378.7 1506.3 1628.5 1582.6 1620.3 1701.6 -999.0 -999.0 -999.0 -999.0 -999.0 -999.0 -999.0 -999.0 -999.0 -999.0 -999.0 -999.0 -999.0 -999.0 -999.0
-999.0 -999.0 -999.0 -999.0 -999.0 -999.0 -999.0 -999.0 1710.5 1604.3 1280.0 1275.5 1291.2 1254.9 1423.8 1407.9 1555.0 1121.5 1199.3 1178.0 1301.9 1332.4 1524.8 1334.8 1311.1 1408.9 1451.3 1498.2 1712.7 1688.3 1547.0 1574.5 1574.7 1542.5 1517.4 1590.2 1610.8 1489.5 1500.7 1482.6 1150.9 1198.6 1217.7 1229.6 1157.8 1320.7 1390.4 1552.9 1446.0 1388.9 1429.9 1508.2 1625.5 1625.2 1621.3 1652.9 -999.0 -999.0 -999.0 -999.0 -999.0 -999.0 -999.0 -999.0 -999.0 -999.0 -999.0 -999.0 -999.0 -999.0 -999.0
-999.0 -999.0 -999.0 -999.0 -999.0 -999.0 -999.0 -999.0 1601.4 1529.2 1580.7 1296.2 1341.1 1257.2 1450.0 1556.5 1608.1 1551.8 1405.9 1033.7 1268.3 1351.5 1538.5 1557.2 1512.6 1535.8 1551.8 1505.3 1656.9 1567.7 1692.1 1671.7 1670.2 1648.1 1668.8 1687.2 1722.1 1678.5 1536.8 1516.1 1516.2 1369.8 1313.6 1323.5 1349.7 1406.0 1669.8 1519.9 1268.4 1346.3 1492.6 1528.6 1601.8 1613.6 1688.7 1669.2 1736.0 -999.0 -999.0 -999.0 -999.0 -999.0 -999.0 -999.0 -999.0 -999.0 -999.0 -999.0 -999.0 -999.0 -999.0
-999.0 -999.0 -999.0 -999.0 -999.0 -999.0 -999.0 -999.0 1592.7 1515.3 1653.2 1373.2 1517.3 1426.5 1517.2 1594.9 1586.2 1667.7 1320.2 1301.9 1357.6 1225.8 1502.3 1572.1 1521.5 1596.8 1458.2 1178.2 1556.5 -999.0 -999.0 -999.0 1712.9 1682.3 -999.0 1752.5 1766.8 1725.4 1696.5 1658.5 1473.5 1287.7 1386.5 1397.5 1334.7 1449.5 1365.1 1353.6 1500.2 1598.9 1646.6 1657.1 1599.9 1822.5 1809.5 1760.2 1732.6 -999.0 -999.0 -999.0 -999.0 -999.0 -999.0 -999.0 -999.0 -999.0 -999.0 -999.0 -999.0 -999.0 -999.0
1802.7 -999.0 -999.0 -999.0 -999.0 -999.0 -999.0 -999.0 1791.7 1432.5 1593.0 1600.5 1564.7 1509.9 1514.0 1545.3 1643.5 1674.2 1632.5 1184.2 1370.8 1277.5 1505.1 1552.0 1375.9 1638.1 1580.6 1584.4 1643.7 -999.0 -999.0 -999.0 1719.7 1703.2 1684.1 1715.6 1774.7 1751.9 1744.4 1525.4 1241.7 1126.8 1298.8 1075.8 1330.7 1386.5 1188.5 1410.8 1353.5 1366.9 1451.6 1695.3 1600.7 1486.3 1665.4 1694.7 1749.1 -999.0 -999.0 -999.0 -999.0 -999.0 -999.0 -999.0 -999.0 -999.0 -999.0 -999.0 -999.0 -999.0 -999.0
1588.1 1663.9 -999.0 -999.0 -999.0 -999.0 -999.0 -999.0 -999.0 1622.8 1491.0 1645.1 -999.0 1611.9 1548.4 1562.2 1578.0 1677.0 -999.0 1633.6 1685.8 1483.6 1577.5 1501.2 1491.4 1676.1 1686.7 -999.0 -999.0 -999.0 -999.0 1707.3 1690.5 1681.2 1694.1 1666.0 1663.1 1702.7 1633.7 1520.3 1179.7 835.8 1309.1 957.6 1229.7 1114.2 1057.6 1292.0 1196.5 1351.7 1519.0 1418.7 1421.6 1531.3 1704.9 1637.7 1605.5 1810.3 -999.0 -999.0 -999.0 -999.0 -999.0 -999.0 -999.0 -999.0 -999.0 -999.0 -999.0 -999.0 -999.0
1449.3 -999.0 -999.0 -999.0 -999.0 -999.0 -999.0 -999.0 -999.0 -999.0 1643.5 -999.0 -999.0 -999.0 1729.4 1572.2 1560.0 1595.6 1675.5 -999.0 -999.0 1613.4 1700.7 1511.0 1449.7 -999.0 -999.0 -999.0 -999.0 -999.0 1753.2 1620.3 1632.8 1635.0 1649.6 1584.5 1633.1 1547.4 1456.5 1547.6 1332.9 1039.6 864.3 1063.0 922.2 898.5 917.8 1143.7 1129.2 1120.6 1231.5 1433.3 1467.5 1452.2 1667.1 1612.1 1539.0 1630.7 -999.0 -999.0 -999.0 -999.0 -999.0 -999.0 -999.0 -999.0 -999.0 -999.0 -999.0 -999.0 -999.0
-999.0 -999.0 -999.0 -999.0 -999.0 -999.0 -999.0 -999.0 -999.0 -999.0 1759.4 1763.5 -999.0 -999.0 -999.0 1718.8 1503.9 1498.4 1592.9 -999.0 -999.0 -999.0 -999.0 1754.4 -999.0 -999.0 -999.0 -999.0 -999.0 -999.0 1756.3 1653.5 1626.6 1500.4 1393.6 1388.5 1492.7 1490.5 1539.8 1508.3 1420.6 1116.9 897.9 1107.9 751.6 850.1 837.4 1093.3 1090.6 984.1 1199.7 1367.5 1460.6 1602.7 1663.5 1564.2 1493.3 1587.5 -999.0 -999.0 -999.0 -999.0 -999.0 -999.0 -999.0 -999.0 -999.0 -999.0 -999.0 -999.0 -999.0
1864.3 1888.1 1860.2 -999.0 -999.0 -999.0 -999.0 -999.0 -999.0 -999.0 -999.0 1612.5 -999.0 -999.0 -999.0 -999.0 1689.8 1544.6 1640.4 -999.0 -999.0 -999.0 -999.0 -999.0 -999.0 -999.0 -999.0 -999.0 -999.0 1777.0 1663.7 1491.4 1389.1 1353.5 1247.4 1270.1 1357.1 1379.9 1474.2 1416.8 1418.8 1232.2 706.6 645.2 705.9 819.2 1111.8 1251.5 1206.9 1313.3 1487.1 1319.2 1332.3 1592.7 1597.3 1516.6 1477.4 1575.0 1750.4 -999.0 -999.0 -999.0 -999.0 -999.0 -999.0 -999.0 -999.0 -999.0 -999.0 -999.0 -999.0
1575.4 1605.5 1721.5 1805.8 -999.0 -999.0 -999.0 -999.0 -999.0 -999.0 -999.0 1505.3 -999.0 -999.0 -999.0 -999.0 -999.0 -999.0 -999.0 -999.0 -999.0 -999.0 -999.0 -999.0 -999.0 -999.0 -999.0 -999.0 -999.0 1650.4 1580.4 1547.8 1512.4 1586.4 1029.3 1200.2 1296.4 1164.7 1406.6 1288.1 1565.2 1379.9 829.5 557.0 783.8 995.0 744.2 715.4 862.8 1052.5 1182.6 1556.2 1498.4 1522.6 1438.6 1509.5 1552.3 1566.7 1706.3 1860.7 -999.0 -999.0 -999.0 -999.0 -999.0 -999.0 -999.0 -999.0 -999.0 -999.0 -999.0
1644.0 1701.4 1688.3 1756.2 -999.0 -999.0 -999.0 -999.0 -999.0 -999.0 -999.0 -999.0 -999.0 -999.0 -999.0 -999.0 -999.0 -999.0 -999.0 -999.0 -999.0 -999.0 -999.0 -999.0 -999.0 -999.0 -999.0 -999.0 1792.2 1643.1 1500.5 1577.3 1258.0 1712.0 705.6 746.1 1352.2 1280.3 1366.9 1454.3 1408.2 1495.2 1251.1 634.7 726.1 913.2 1017.1 1114.4 989.9 1070.5 1206.5 1388.6 1504.9 1540.2 1570.2 1591.4 1548.4 1637.8 1812.7 1879.2 -999.0 -999.0 -999.0 -999.0 -999.0 -999.0 -999.0 -999.0 -999.0 -999.0 -999.0
1726.9 1779.8 1787.9 1748.0 -999.0 -999.0 -999.0 -999.0 -999.0 -999.0 -999.0 -999.0 -999.0 -999.0 -999.0 -999.0 -999.0 -999.0 -999.0 -999.0 -999.0 -999.0 -999.0 -999.0 -999.0 -999.0 -999.0 -999.0 1764.8 1472.5 1535.8 1340.6 803.4 1330.3 1594.2 1129.1 1049.3 1209.3 1246.4 1352.0 1404.2 1479.7 1421.0 1278.7 696.2 873.1 951.4 1119.5 1167.9 1219.3 1420.5 1456.5 1484.7 1439.8 1601.3 1523.4 1603.5 1630.1 1773.5 1873.5 1881.7 1860.8 1865.0 -999.0 -999.0 -999.0 -999.0 -999.0 -999.0 -999.0 -999.0
1667.0 1826.6 -999.0 1754.2 1813.4 -999.0 -999.0 -999.0 -999.0 -999.0 -999.0 -999.0 -999.0 -999.0 -999.0 -999.0 -999.0 -999.0 -999.0 -999.0 -999.0 -999.0 -999.0 -999.0 -999.0 -999.0 -999.0 -999.0 1697.9 1477.9 1387.1 1081.9 1427.7 1333.1 1215.5 964.7 1194.6 1284.2 959.1 1386.8 1213.5 1412.5 1486.2 1494.7 1203.6 992.9 1010.7 1097.4 1171.7 1368.8 1389.3 1469.4 1564.1 1642.7 1627.5 1638.7 1610.4 1677.5 1745.2 1799.3 1524.9 1663.8 1592.7 1593.3 1706.3 -999.0 -999.0 -999.0 -999.0 -999.0 -999.0
1632.9 1734.9 1768.7 1740.5 -999.0 -999.0 -999.0 -999.0 -999.0 -999.0 -999.0 -999.0 -999.0 -999.0 -999.0 -999.0 -999.0 -999.0 -999.0 -999.0 -999.0 -999.0 -999.0 -999.0 -999.0 -999.0 -999.0 -999.0 1694.7 1460.7 1264.1 853.4 738.7 1001.4 1308.5 1235.5 1140.5 929.6 1276.4 967.5 1134.7 1277.3 1354.1 1395.9 1476.7 1366.2 1017.7 1068.0 1166.7 1260.4 1353.3 1446.3 1515.7 1603.6 1678.7 1659.5 1671.4 1734.7 1742.6 1723.7 1599.9 1315.8 1367.2 1401.0 1397.3 1513.4 1798.7 -999.0 -999.0 -999.0 -999.0
1709.8 1750.8 1733.4 1702.6 -999.0 -999.0 -999.0 -999.0 -999.0 -999.0 -999.0 -999.0 -999.0 -999.0 -999.0 -999.0 -999.0 -999.0 -999.0 -999.0 -999.0 -999.0 -999.0 -999.0 -999.0 -999.0 -999.0 -999.0 1756.5 1631.0 1263.2 1057.5 1412.5 553.0 744.8 1303.2 1125.2 1297.3 941.1 876.7 1142.3 1296.5 1282.8 1248.8 1401.5 802.0 908.4 935.8 916.3 936.0 1051.3 1395.7 1372.0 1580.8 1668.2 1681.1 1698.0 1734.8 1776.2 1784.0 1678.4 1406.5 1506.4 1550.8 1493.8 1446.3 1735.0 1585.1 -999.0 -999.0 -999.0
1752.3 1737.6 1641.3 1757.2 -999.0 -999.0 -999.0 -999.0 -999.0 -999.0 -999.0 -999.0 -999.0 -999.0 -999.0 -999.0 1865.0 1845.3 1890.6 -999.0 -999.0 -999.0 -999.0 -999.0 -999.0 -999.0 -999.0 -999.0 -999.0 1800.4 1652.0 1505.1 1302.3 1232.4 968.1 1495.6 1755.1 1220.3 1215.3 1228.4 1278.8 1137.3 1135.9 1233.7 1182.7 972.0 974.9 741.3 847.5 1048.6 1164.2 1190.3 1392.6 1574.1 1653.0 1693.8 1674.8 1736.9 1763.5 1323.4 1402.2 1101.4 1082.5 1198.7 1297.3 1565.1 1360.0 1481.6 1773.7 -999.0 -999.0
1831.6 1711.4 1757.7 -999.0 -999.0 -999.0 -999.0 -999.0 -999.0 -999.0 -999.0 -999.0 -999.0 -999.0 -999.0 -999.0 1812.6 1803.1 -999.0 -999.0 -999.0 -999.0 -999.0 -999.0 -999.0 -999.0 -999.0 -999.0 -999.0 -999.0 1724.3 1722.6 1307.9 1355.1 731.8 1340.9 1333.9 1422.4 1570.3 1544.7 1450.7 1446.9 772.0 1226.3 1133.7 774.4 993.7 1274.2 1374.1 1028.7 1393.6 1218.7 1457.9 1620.6 1703.4 1703.8 1690.3 1628.4 1405.1 1301.2 1360.6 1372.4 1437.8 1356.8 1277.3 1357.6 1353.1 1502.5 1486.7 -999.0 -999.0
1730.1 1701.8 -999.0 -999.0 -999.0 -999.0 -999.0 -999.0 -999.0 -999.0 -999.0 -999.0 -999.0 -999.0 -999.0 1788.8 1384.2 1481.0 1801.4 -999.0 -999.0 -999.0 -999.0 -999.0 -999.0 -999.0 -999.0 -999.0 -999.0 -999.0 1743.7 1423.9 1291.3 1267.5 1422.4 1312.4 1516.9 1570.5 1612.4 1622.8 1406.1 1481.6 1517.0 796.5 1111.0 1165.8 927.4 1152.5 965.0 1216.4 1204.9 1407.0 1528.0 1630.3 1653.1 1713.4 1700.9 1550.2 1431.5 1497.2 1418.6 1348.7 1400.2 1350.8 1383.8 1405.3 1412.0 1598.4 1467.7 1779.1 -999.0
-999.0 -999.0 -999.0 -999.0 -999.0 -999.0 -999.0 -999.0 -999.0 -999.0 -999.0 -999.0 -999.0 -999.0 1874.2 1317.1 1152.8 995.3 1818.3 -999.0 -999.0 -999.0 -999.0 -999.0 -999.0 -999.0 -999.0 -999.0 -999.0 -999.0 1766.6 1214.4 1338.8 1712.8 1510.6 1599.1 1542.4 1733.0 1742.3 1590.7 1430.7 1631.7 995.0 1179.0 925.5 1153.2 820.4 1361.6 1249.7 1434.6 1272.5 1465.6 1503.1 1556.2 1697.8 1713.9 1712.0 1641.2 1375.5 1362.9 1429.6 1560.4 1531.5 1534.2 1513.4 1501.9 1388.4 1409.7 1547.4 1602.2 -999.0
-999.0 -999.0 -999.0 -999.0 -999.0 -999.0 -999.0 -999.0 -999.0 -999.0 -999.0 -999.0 -999.0 1885.1 1750.6 977.7 1336.8 1565.5 -999.0 -999.0 -999.0 -999.0 -999.0 -999.0 -999.0 -999.0 -999.0 -999.0 -999.0 -999.0 -999.0 1729.4 1748.8 1765.4 1500.4 1723.0 1538.9 1761.0 1767.0 1694.5 1528.5 1651.4 1054.4 1009.8 866.8 901.4 845.8 924.3 942.0 1066.6 1192.1 1239.9 1340.0 1598.7 1681.0 1689.5 1642.9 1622.5 1604.4 1281.2 1450.9 1715.5 1730.6 1668.7 1693.1 1686.8 1696.4 1687.0 1752.5 1756.1 1712.3
-999.0 -999.0 -999.0 -999.0 -999.0 -999.0 -999.0 -999.0 -999.0 -999.0 -999.0 -999.0 -999.0 1576.6 1280.0 1646.5 1738.5 1866.7 -999.0 -999.0 -999.0 -999.0 -999.0 -999.0 -999.0 -999.0 -999.0 -999.0 -999.0 -999.0 -999.0 -999.0 1814.7 1655.7 1706.1 1742.6 1636.8 1760.5 1773.2 1717.3 1514.3 1650.6 1080.5 1129.7 1162.5 942.5 1022.9 1113.4 825.9 855.6 1177.8 1118.1 1291.2 1394.5 1618.3 1665.1 1640.6 1645.8 1667.9 1673.4 1708.0 1792.5 1752.4 1695.0 1665.4 1689.6 1726.7 1739.1 1740.2 1467.0 1489.4
-999.0 -999.0 -999.0 -999.0 -999.0 -999.0 -999.0 -999.0 -999.0 -999.0 -999.0 -999.0 -999.0 1582.0 1666.1 1643.9 1887.9 -999.0 -999.0 -999.0 -999.0 -999.0 -999.0 -999.0 -999.0 -999.0 -999.0 -999.0 -999.0 -999.0 -999.0 -999.0 1830.3 1665.4 1677.0 -999.0 1761.6 -999.0 1844.6 1789.1 1689.7 1705.2 1623.4 1111.6 1172.2 1150.9 876.0 1407.6 1331.4 901.5 1059.8 1169.2 1269.7 1441.6 1590.5 1664.2 1684.5 1720.6 1723.3 1741.2 1703.2 1615.6 1704.8 1601.9 1650.6 1727.5 1675.3 1562.9 1606.6 1655.1 1653.2
-999.0 -999.0 -999.0 -999.0 -999.0 -999.0 -999.0 -999.0 -999.0 -999.0 -999.0 -999.0 1887.7 1909.2 1904.0 -999.0 -999.0 -999.0 -999.0 -999.0 -999.0 -999.0 -999.0 -999.0 -999.0 -999.0 -999.0 -999.0 -999.0 -999.0 -999.0 -999.0 1848.0 1808.9 1809.2 -999.0 -999.0 -999.0 1859.3 1608.0 1766.9 1627.9 1481.5 1551.8 1525.9 1406.7 1093.6 1071.9 1448.0 1091.0 995.7 1246.9 1205.7 1363.0 1503.0 1714.2 1721.6 1758.9 1784.4 1780.4 1760.0 1729.9 1720.4 1653.4 1736.8 1683.8 1596.4 1531.4 1512.5 1527.8 1598.1
-999.0 -999.0 -999.0 -999.0 -999.0 -999.0 -999.0 -999.0 -999.0 -999.0 -999.0 -999.0 -999.0 -999.0 -999.0 -999.0 -999.0 -999.0 -999.0 -999.0 -999.0 -999.0 -999.0 -999.0 -999.0 -999.0 -999.0 -999.0 -999.0 -999.0 -999.0 -999.0 -999.0 -999.0 -999.0 -999.0 -999.0 1870.9 1842.7 1663.1 1392.8 1298.4 1287.3 1286.6 1409.9 1404.9 1184.6 1203.8 1321.4 1490.5 1245.6 1161.7 1327.4 1430.7 1544.6 1649.9 1720.5 1736.2 1805.3 1818.9 1823.1 1821.2 1793.7 1793.2 1681.3 1425.5 1583.6 1540.7 1641.4 1640.4 1720.3
-999.0 -999.0 -999.0 -999.0 -999.0 -999.0 -999.0 -999.0 -999.0 -999.0 -999.0 -999.0 -999.0 -999.0 -999.0 -999.0 -999.0 -999.0 -999.0 -999.0 -999.0 -999.0 -999.0 -999.0 -999.0 -999.0 -999.0 -999.0 -999.0 -999.0 -999.0 -999.0 -999.0 -999.0 -999.0 -999.0 -999.0 1842.6 1748.1 1460.6 1174.1 988.6 1140.4 1438.5 1344.0 1585.2 1478.3 1522.9 1377.5 1312.8 1277.4 1288.7 1351.6 1469.8 1533.3 1592.2 1727.5 1745.0 1813.8 1845.8 1878.5 1869.9 1830.1 1806.9 1734.8 1379.5 1470.1 1656.9 1719.2 1753.3 1762.7
-999.0 -999.0 -999.0 -999.0 -999.0 -999.0 -999.0 -999.0 -999.0 -999.0 -999.0 -999.0 -999.0 -999.0 -999.0 -999.0 -999.0 -999.0 -999.0 -999.0 -999.0 -999.0 -999.0 -999.0 -999.0 -999.0 -999.0 -999.0 -999.0 -999.0 -999.0 -999.0 -999.0 -999.0 -999.0 -999.0 -999.0 1811.2 1779.0 1637.0 1348.0 1244.4 1315.1 1442.1 1478.7 1534.2 1448.4 1534.1 1564.6 1518.8 1702.2 1324.9 1494.3 1413.6 1536.1 1585.4 1750.9 1795.4 1812.2 1847.8 1909.8 1864.3 1859.6 1811.5 1787.6 1600.9 1546.5 1652.9 1740.9 1770.5 1794.6
