GDD/GrowingDegreeDays_1989_Actual.txt
ncols         180
nrows         290
xllcorner     -200000
yllcorner     -200000
cellsize      5000
NODATA_value    -999
[rows 96 to 127 of 290, columns 71 to 141 of 180]
1276.0 1286.8 1413.9 1487.4 1128.9 1405.1 801.6 838.6 1121.9 1385.5 946.1 593.6 599.0 544.3 779.6 868.8 918.3 676.4 744.1 632.5 599.7 851.7 859.2 890.0 1125.1 1025.2 1194.9 959.6 786.8 845.2 782.7 903.3 948.0 861.5 810.0 910.9 975.6 864.6 861.5 1174.6 1280.6 1371.9 1370.6 1172.5 1277.4 -999.0 -999.0 -999.0 -999.0 -999.0 -999.0 -999.0 -999.0 -999.0 -999.0 -999.0 -999.0 -999.0 -999.0 -999.0 -999.0 -999.0 -999.0 -999.0 -999.0 -999.0 -999.0 -999.0 -999.0 -999.0 -999.0
1220.3 1062.7 1437.9 1478.8 1118.3 1308.9 960.9 1128.2 1366.8 1422.4 1043.9 687.8 1359.6 711.9 891.5 752.2 934.8 730.1 966.8 807.4 892.3 904.4 567.9 960.4 951.6 1043.8 1094.1 1139.1 816.0 943.9 1042.7 996.2 807.0 971.1 888.6 1043.5 998.6 1050.7 1151.7 1319.5 1300.0 1260.8 1281.3 1402.2 -999.0 -999.0 -999.0 -999.0 -999.0 -999.0 -999.0 -999.0 -999.0 -999.0 -999.0 -999.0 -999.0 -999.0 -999.0 -999.0 -999.0 -999.0 -999.0 -999.0 -999.0 -999.0 -999.0 -999.0 -999.0 -999.0 -999.0
1251.8 1437.1 931.9 1100.6 1039.8 778.7 599.1 1396.3 1503.9 711.7 1173.8 1253.4 685.9 843.9 660.5 850.1 683.7 1041.2 1130.3 1182.9 1138.0 1150.8 1134.4 922.1 1174.6 987.1 929.6 1198.7 1043.8 920.0 1103.1 1110.1 997.3 1010.3 1115.2 1029.6 1120.8 1302.4 1376.2 1410.8 1295.7 1356.5 1411.2 1411.7 -999.0 -999.0 -999.0 -999.0 -999.0 -999.0 -999.0 -999.0 -999.0 -999.0 -999.0 -999.0 -999.0 -999.0 -999.0 -999.0 -999.0 -999.0 -999.0 -999.0 -999.0 -999.0 -999.0 -999.0 -999.0 -999.0 -999.0
1202.3 908.3 1213.7 1035.4 997.0 1420.8 1450.3 -999.0 1245.7 689.3 860.4 606.5 1001.0 1142.2 906.5 997.7 1032.0 1021.5 966.7 897.2 820.4 738.6 533.0 719.7 938.9 924.9 1206.8 1331.2 1442.1 1025.2 957.5 1142.3 1147.1 1122.2 1277.2 1232.5 1284.1 1376.4 1375.3 1352.8 1327.5 1255.8 1273.1 -999.0 -999.0 -999.0 -999.0 -999.0 -999.0 -999.0 -999.0 -999.0 -999.0 -999.0 -999.0 -999.0 -999.0 -999.0 -999.0 -999.0 -999.0 -999.0 -999.0 -999.0 -999.0 -999.0 -999.0 -999.0 -999.0 -999.0 -999.0
1465.5 1240.2 1127.6 1238.0 944.7 1338.3 -999.0 1498.4 1283.3 1484.7 1071.9 1233.4 880.8 510.8 902.2 822.9 972.6 748.4 608.5 706.8 892.3 1225.3 1153.2 1273.7 1015.9 1091.8 1097.7 990.1 1069.2 1109.4 1063.8 1198.4 1335.2 1324.9 1417.1 1408.0 1319.9 1287.4 1324.2 1326.9 1314.9 1416.0 1408.0 -999.0 -999.0 -999.0 -999.0 -999.0 -999.0 -999.0 -999.0 -999.0 -999.0 -999.0 -999.0 -999.0 -999.0 -999.0 -999.0 -999.0 -999.0 -999.0 -999.0 -999.0 -999.0 -999.0 -999.0 -999.0 -999.0 -999.0 -999.0
1420.0 1291.0 1484.9 1108.8 1401.6 -999.0 1532.1 1510.2 1356.9 536.5 894.9 408.4 827.9 1027.0 1128.3 827.5 787.1 909.9 766.6 996.6 816.9 722.6 869.6 1319.3 1018.7 848.3 804.1 1014.9 1020.9 1456.3 1250.9 1419.9 1476.9 1493.9 1467.0 1206.2 1205.3 1200.2 1240.1 1231.5 1319.1 1424.2 1520.7 -999.0 -999.0 -999.0 -999.0 -999.0 -999.0 -999.0 -999.0 -999.0 -999.0 -999.0 -999.0 -999.0 -999.0 -999.0 -999.0 -999.0 -999.0 -999.0 -999.0 -999.0 -999.0 -999.0 -999.0 -999.0 -999.0 -999.0 -999.0
1445.4 1387.3 798.8 1497.4 -999.0 1556.3 -999.0 1146.6 1004.8 827.7 1460.5 633.5 884.0 831.0 982.9 468.0 887.8 486.0 928.5 1022.6 636.7 1130.9 1520.9 983.2 678.0 633.1 1081.4 1091.3 1072.5 1180.9 1356.5 1434.3 1449.4 1442.4 1131.6 1291.9 1323.5 1389.8 1354.5 1361.7 1470.6 1537.2 -999.0 -999.0 -999.0 -999.0 -999.0 -999.0 -999.0 -999.0 -999.0 -999.0 -999.0 -999.0 -999.0 -999.0 -999.0 -999.0 -999.0 -999.0 -999.0 -999.0 -999.0 -999.0 -999.0 -999.0 -999.0 -999.0 -999.0 -999.0 -999.0
629.2 745.2 1063.2 1497.6 -999.0 -999.0 1441.9 1410.4 1443.1 1384.5 1026.5 577.0 1250.0 1023.1 513.4 778.9 784.5 599.7 606.5 818.5 1378.6 858.1 859.4 681.5 807.5 986.0 762.7 761.7 1070.7 1288.2 1457.9 1442.7 1323.8 1081.7 1344.1 1483.6 1469.1 1609.5 1581.6 1547.9 -999.0 -999.0 -999.0 -999.0 -999.0 -999.0 -999.0 -999.0 -999.0 -999.0 -999.0 -999.0 -999.0 -999.0 -999.0 -999.0 -999.0 -999.0 -999.0 -999.0 -999.0 -999.0 -999.0 -999.0 -999.0 -999.0 -999.0 -999.0 -999.0 -999.0 -999.0
869.2 1166.9 1364.5 1497.6 -999.0 1530.5 1377.6 1224.0 1044.4 1262.8 1035.9 1358.0 1363.9 1104.6 839.3 918.8 1080.0 1153.8 1093.1 948.4 732.4 1112.8 905.1 967.3 824.7 758.0 960.4 1027.1 1226.6 1395.4 1470.6 1460.1 1251.7 1367.9 1569.4 1608.1 1651.2 1611.3 1628.5 -999.0 -999.0 -999.0 -999.0 -999.0 -999.0 -999.0 -999.0 -999.0 -999.0 -999.0 -999.0 -999.0 -999.0 -999.0 -999.0 -999.0 -999.0 -999.0 -999.0 -999.0 -999.0 -999.0 -999.0 -999.0 -999.0 -999.0 -999.0 -999.0 -999.0 -999.0 -999.0
1343.0 1074.1 1335.7 -999.0 -999.0 1499.7 1041.6 1165.9 988.2 1244.1 1406.7 1169.5 814.3 810.4 903.5 1002.4 918.9 719.9 1100.3 942.9 1265.8 1117.8 882.8 1179.3 1415.1 1430.8 1316.9 1401.2 1474.6 1462.9 1490.4 1624.0 1476.0 1551.5 1617.7 1467.8 1553.9 1492.0 1576.8 -999.0 -999.0 -999.0 -999.0 -999.0 -999.0 -999.0 -999.0 -999.0 -999.0 -999.0 -999.0 -999.0 -999.0 -999.0 -999.0 -999.0 -999.0 -999.0 -999.0 -999.0 -999.0 -999.0 -999.0 -999.0 -999.0 -999.0 -999.0 -999.0 -999.0 -999.0 -999.0
-999.0 -999.0 -999.0 -999.0 1531.8 1154.2 1126.1 1040.7 1145.1 1064.5 816.0 863.7 691.2 1112.0 831.3 1339.0 765.0 1287.6 691.5 1180.2 941.9 634.3 1047.0 1246.2 1104.8 1212.1 1434.3 1412.7 1520.9 1618.7 1581.4 1655.3 1628.4 1521.3 1539.4 1550.8 1501.3 1552.1 1541.9 1632.2 -999.0 -999.0 -999.0 -999.0 -999.0 -999.0 -999.0 -999.0 -999.0 -999.0 -999.0 -999.0 -999.0 -999.0 -999.0 -999.0 -999.0 -999.0 -999.0 -999.0 -999.0 -999.0 -999.0 -999.0 -999.0 -999.0 -999.0 -999.0 -999.0 -999.0 -999.0
-999.0 -999.0 -999.0 -999.0 1486.7 1469.2 1115.9 1016.6 1386.4 950.1 1187.0 1387.6 1008.1 815.2 897.5 1511.9 834.6 934.8 896.1 1144.3 827.0 994.5 930.0 788.6 1055.9 1151.5 1214.2 1290.2 1353.3 1327.4 1307.6 1214.7 1274.5 1459.1 1584.6 1554.6 1365.9 1474.9 1350.2 1433.8 1482.9 -999.0 -999.0 -999.0 -999.0 -999.0 -999.0 -999.0 -999.0 -999.0 -999.0 -999.0 -999.0 -999.0 -999.0 -999.0 -999.0 -999.0 -999.0 -999.0 -999.0 -999.0 -999.0 -999.0 -999.0 -999.0 -999.0 -999.0 -999.0 -999.0 -999.0
-999.0 -999.0 -999.0 1547.5 1489.1 1401.9 1072.4 1259.4 1056.8 1066.0 1211.0 1411.4 948.9 907.9 712.9 1418.0 934.6 1084.8 1052.6 1143.9 1022.3 1437.6 1276.4 1212.1 1251.7 1409.1 1225.5 1052.9 894.7 1004.9 1087.9 1234.4 1349.6 1268.2 1553.2 1414.5 1358.3 1348.6 1359.8 1399.4 1454.7 1538.4 -999.0 -999.0 -999.0 -999.0 -999.0 -999.0 -999.0 -999.0 -999.0 -999.0 -999.0 -999.0 -999.0 -999.0 -999.0 -999.0 -999.0 -999.0 -999.0 -999.0 -999.0 -999.0 -999.0 -999.0 -999.0 -999.0 -999.0 -999.0 -999.0
-999.0 -999.0 1544.4 -999.0 1441.8 1275.3 1375.6 1042.5 917.1 1386.4 1468.3 1116.2 765.4 1043.4 1551.7 1327.9 558.6 1290.7 1305.1 1229.3 1195.4 1367.2 1421.8 1525.4 1483.6 1208.1 863.3 895.7 1040.8 1132.9 1319.8 1376.3 1387.1 1312.1 1420.0 1431.8 1548.1 1640.6 1643.8 1639.2 1629.5 -999.0 -999.0 -999.0 -999.0 -999.0 -999.0 -999.0 -999.0 -999.0 -999.0 -999.0 -999.0 -999.0 -999.0 -999.0 -999.0 -999.0 -999.0 -999.0 -999.0 -999.0 -999.0 -999.0 -999.0 -999.0 -999.0 -999.0 -999.0 -999.0 -999.0
-999.0 1547.2 1169.3 -999.0 1500.5 1454.7 1319.7 1292.1 1326.5 1305.8 854.2 1339.6 900.4 886.3 918.9 1219.9 1427.6 788.6 1260.1 1460.1 1551.5 1566.6 1599.6 1647.4 1695.7 1366.8 1523.8 1540.1 1531.1 1378.5 1261.8 1367.8 1373.0 1449.7 1521.7 1528.5 1660.2 -999.0 -999.0 -999.0 -999.0 -999.0 -999.0 -999.0 -999.0 -999.0 -999.0 -999.0 -999.0 -999.0 -999.0 -999.0 -999.0 -999.0 -999.0 -999.0 -999.0 -999.0 -999.0 -999.0 -999.0 -999.0 -999.0 -999.0 -999.0 -999.0 -999.0 -999.0 -999.0 -999.0 -999.0
1509.0 1293.3 1403.3 -999.0 1161.3 1476.5 1237.6 1361.2 1565.5 996.1 973.1 834.6 807.4 1480.9 982.7 1004.5 1512.3 1199.2 1166.1 1387.6 1375.9 1321.8 1276.7 1227.3 1611.9 1680.6 1673.5 1595.1 1503.2 1403.3 1290.8 1364.2 1382.3 1396.5 1537.2 -999.0 -999.0 -999.0 -999.0 -999.0 -999.0 -999.0 -999.0 -999.0 -999.0 -999.0 -999.0 -999.0 -999.0 -999.0 -999.0 -999.0 -999.0 -999.0 -999.0 -999.0 -999.0 -999.0 -999.0 -999.0 -999.0 -999.0 -999.0 -999.0 -999.0 -999.0 -999.0 -999.0 -999.0 -999.0 -999.0
884.4 1301.1 -999.0 1477.7 1453.8 1102.5 1371.0 1534.1 1009.5 1260.6 924.5 859.2 1089.2 1308.2 1001.1 1020.2 1605.8 1592.6 1560.3 1490.7 1389.6 1326.5 1121.0 1060.9 1364.6 1538.7 1650.5 1695.2 1580.3 1569.1 1509.1 1497.2 1334.6 1367.9 1626.3 -999.0 -999.0 -999.0 -999.0 -999.0 -999.0 -999.0 -999.0 -999.0 -999.0 -999.0 -999.0 -999.0 -999.0 -999.0 -999.0 -999.0 -999.0 -999.0 -999.0 -999.0 -999.0 -999.0 -999.0 -999.0 -999.0 -999.0 -999.0 -999.0 -999.0 -999.0 -999.0 -999.0 -999.0 -999.0 -999.0
1539.5 1550.0 -999.0 1538.8 939.5 1276.7 -999.0 1430.7 1067.1 1237.1 1004.1 1107.2 1060.5 1547.3 1542.8 1354.9 1498.5 1502.6 1370.4 1523.5 880.8 901.7 1022.3 1048.6 1321.0 1579.8 1588.4 1724.3 1773.6 1701.2 1671.4 1606.8 1651.3 -999.0 -999.0 -999.0 -999.0 -999.0 1585.4 1581.1 1565.7 1662.8 -999.0 -999.0 -999.0 -999.0 -999.0 -999.0 -999.0 -999.0 -999.0 -999.0 -999.0 -999.0 -999.0 -999.0 -999.0 -999.0 -999.0 -999.0 -999.0 -999.0 -999.0 -999.0 -999.0 -999.0 -999.0 -999.0 -999.0 -999.0 -999.0
1310.1 -999.0 -999.0 1164.8 1496.4 1031.8 -999.0 1458.5 981.1 1305.0 1524.4 881.1 1557.0 1700.7 1698.8 1623.2 1457.8 1308.6 1099.5 1358.5 1335.2 1434.3 1421.0 1453.8 1387.2 1404.8 1418.6 1529.9 1644.8 1568.5 1511.1 1557.7 1668.5 1726.5 1749.5 -999.0 -999.0 1686.7 1588.7 1485.1 1567.3 1590.2 1620.8 1670.3 -999.0 -999.0 -999.0 -999.0 -999.0 -999.0 -999.0 -999.0 -999.0 -999.0 -999.0 -999.0 -999.0 -999.0 -999.0 -999.0 -999.0 -999.0 -999.0 -999.0 -999.0 -999.0 -999.0 -999.0 -999.0 -999.0 -999.0
1619.6 -999.0 -999.0 1551.6 1255.1 1092.1 1546.1 1293.1 1480.1 1340.8 1266.9 1197.1 1634.7 1525.9 1310.2 1318.2 1334.0 1523.3 1534.0 1506.5 1556.1 1495.4 1488.0 1471.9 1398.4 1313.3 1332.2 1424.1 1316.7 1291.2 1482.3 1555.8 1599.8 1633.0 1600.7 1680.5 1637.5 1528.1 1486.7 1531.3 1445.0 1277.4 1327.9 1260.7 1605.7 -999.0 -999.0 -999.0 -999.0 -999.0 -999.0 -999.0 -999.0 -999.0 -999.0 -999.0 -999.0 -999.0 -999.0 -999.0 -999.0 -999.0 -999.0 -999.0 -999.0 -999.0 -999.0 -999.0 -999.0 -999.0 -999.0
-999.0 -999.0 -999.0 1338.0 982.4 1307.1 1219.8 1570.2 1324.4 1428.4 1639.5 1657.9 -999.0 1304.2 1028.4 1318.6 1430.0 1550.4 1553.9 1637.1 1701.3 1509.6 1514.4 1464.6 1289.8 1238.0 1226.3 1312.6 1374.2 1397.8 1443.3 1432.8 1425.9 1353.0 1491.6 1595.7 1426.1 1459.3 1405.6 1423.8 1291.0 1147.5 1134.3 1102.6 1278.4 1244.8 1228.2 1582.4 -999.0 -999.0 -999.0 -999.0 -999.0 -999.0 -999.0 -999.0 -999.0 -999.0 -999.0 -999.0 -999.0 -999.0 -999.0 -999.0 -999.0 -999.0 -999.0 -999.0 -999.0 -999.0 -999.0
-999.0 -999.0 -999.0 1339.3 1367.4 1446.9 1039.9 1610.4 -999.0 1662.7 1553.9 1686.0 -999.0 1248.1 901.6 1222.7 1301.6 1507.1 1605.3 1624.2 1637.8 1726.2 1650.2 1552.5 1432.9 1206.8 1181.1 1188.8 1298.2 1309.5 1225.2 1185.2 1078.5 1207.0 1446.1 1522.1 1380.5 1355.1 1311.2 988.6 946.8 1107.3 1122.4 1201.3 1233.3 1226.8 1411.9 1457.8 -999.0 -999.0 -999.0 -999.0 -999.0 -999.0 -999.0 -999.0 -999.0 -999.0 -999.0 -999.0 -999.0 -999.0 -999.0 -999.0 -999.0 -999.0 -999.0 -999.0 -999.0 -999.0 -999.0
-999.0 -999.0 -999.0 -999.0 1381.7 1215.5 1382.9 1643.7 -999.0 -999.0 1627.2 1711.4 1568.5 1292.6 1071.8 1402.6 1336.9 1240.8 1389.3 1443.9 1537.5 1395.4 1565.2 1646.5 1522.9 1390.6 1232.9 1163.8 1065.3 1164.0 1035.2 1021.1 1152.5 1240.7 1238.8 1299.3 1244.7 1149.6 1078.1 1106.3 978.4 1098.9 1163.2 1205.9 1451.6 1438.9 1338.9 1338.9 1417.9 -999.0 -999.0 -999.0 -999.0 -999.0 -999.0 -999.0 -999.0 -999.0 -999.0 -999.0 -999.0 -999.0 -999.0 -999.0 -999.0 -999.0 -999.0 -999.0 -999.0 -999.0 -999.0
-999.0 -999.0 -999.0 1594.8 1316.3 1263.5 -999.0 -999.0 -999.0 -999.0 -999.0 1721.5 1698.7 1257.6 1356.4 1536.2 1379.3 1256.9 1178.0 1274.7 1381.3 1361.6 1333.1 1437.6 1554.2 1358.3 1173.7 1203.1 1171.6 1145.2 1044.5 1123.7 1206.9 1171.1 1182.7 991.5 1034.1 1147.0 1168.6 1259.2 1144.1 1180.8 1253.9 1233.9 1418.6 1469.0 1462.3 1473.5 1529.2 -999.0 -999.0 -999.0 -999.0 -999.0 -999.0 -999.0 -999.0 -999.0 -999.0 -999.0 -999.0 -999.0 -999.0 -999.0 -999.0 -999.0 -999.0 -999.0 -999.0 -999.0 -999.0
-999.0 1669.3 -999.0 1209.2 1321.5 1548.0 1610.6 1310.2 1222.4 -999.0 -999.0 -999.0 1716.7 1465.0 1501.9 1502.7 1462.4 1361.2 1215.2 1147.9 1114.6 1111.1 1214.8 1256.1 1343.4 1549.3 1220.6 1234.3 1185.8 1204.0 1275.4 1276.4 1085.0 1172.6 982.9 819.6 908.2 1070.9 1086.4 1293.4 1271.1 1302.0 1300.1 1286.7 1418.1 1470.7 1506.1 1475.8 1449.3 1478.2 -999.0 -999.0 -999.0 -999.0 -999.0 -999.0 -999.0 -999.0 -999.0 -999.0 -999.0 -999.0 -999.0 -999.0 -999.0 -999.0 -999.0 -999.0 -999.0 -999.0 -999.0
-999.0 -999.0 1626.3 1167.2 1310.1 1602.6 1262.8 1067.4 976.0 1580.0 -999.0 -999.0 -999.0 1693.4 1625.8 1621.9 1560.4 1493.9 1414.2 1217.5 1143.9 1130.7 1234.3 1263.4 1273.1 1286.0 1350.4 1291.9 1242.0 1122.3 1201.1 1041.3 1300.5 1173.8 1222.2 1207.8 936.2 973.9 1163.1 1252.6 1374.8 1408.7 1415.8 1412.8 1469.1 1490.8 1543.6 1468.9 1404.8 1460.4 1523.0 -999.0 -999.0 -999.0 -999.0 -999.0 -999.0 -999.0 -999.0 -999.0 -999.0 -999.0 -999.0 -999.0 -999.0 -999.0 -999.0 -999.0 -999.0 -999.0 -999.0
-999.0 -999.0 1484.4 1292.6 1133.5 1621.3 1618.0 1192.4 1110.8 1653.6 -999.0 -999.0 -999.0 -999.0 -999.0 1644.4 1616.0 1621.7 1577.1 1450.8 1344.7 1170.6 1004.6 1055.2 1180.6 1253.6 1338.4 1242.1 1222.8 1183.8 1254.2 1083.0 1317.2 1217.5 1157.0 1246.1 1437.2 1330.3 1435.8 1340.3 1467.7 1391.3 1451.0 1601.9 1617.0 1587.7 1549.1 1549.4 1357.7 1356.6 1434.9 1540.4 -999.0 -999.0 -999.0 -999.0 -999.0 -999.0 -999.0 -999.0 -999.0 -999.0 -999.0 -999.0 -999.0 -999.0 -999.0 -999.0 -999.0 -999.0 -999.0
-999.0 -999.0 1394.1 1176.5 1292.1 -999.0 1643.4 1509.9 920.7 1474.3 -999.0 -999.0 -999.0 -999.0 -999.0 1657.1 1551.4 1414.7 1487.4 1286.3 1084.3 1097.1 975.0 960.9 1033.1 1194.8 1133.3 1198.5 1228.6 1082.5 1051.8 1326.6 734.5 1125.1 934.5 1178.1 1054.9 1130.8 1477.0 1319.7 1440.0 1510.8 1557.8 1554.0 1456.2 1396.2 1457.4 1402.9 1528.8 1371.8 1251.7 1458.8 1484.4 1597.9 -999.0 -999.0 -999.0 -999.0 -999.0 -999.0 -999.0 -999.0 -999.0 -999.0 -999.0 -999.0 -999.0 -999.0 -999.0 -999.0 -999.0
-999.0 -999.0 1416.5 1396.1 1608.2 -999.0 -999.0 1267.8 997.3 1150.6 -999.0 -999.0 -999.0 -999.0 -999.0 1674.2 1623.1 1441.7 1450.0 1361.7 1196.7 1277.4 1173.6 1158.3 1029.5 1107.8 1092.0 1147.6 992.1 766.2 926.9 1040.3 656.5 779.5 1073.7 1057.9 1231.7 1412.2 1351.2 1314.3 1429.4 1406.9 1420.9 1539.6 1484.3 1469.3 1323.2 1098.4 1261.2 1327.1 1292.2 1292.7 1472.0 1561.7 -999.0 -999.0 -999.0 -999.0 -999.0 -999.0 -999.0 -999.0 -999.0 -999.0 -999.0 -999.0 -999.0 -999.0 -999.0 -999.0 -999.0
-999.0 -999.0 1544.4 1512.0 -999.0 -999.0 -999.0 1627.8 1410.9 1341.8 -999.0 -999.0 -999.0 -999.0 -999.0 1651.8 1575.5 1473.7 1436.3 1398.4 1324.0 1210.6 966.9 888.0 1046.3 994.1 1149.8 1157.0 1114.0 902.9 1158.8 825.6 909.1 1033.4 965.3 953.0 1313.8 1199.6 1368.5 1301.8 1328.6 1508.7 1411.1 1362.4 1361.9 1404.3 1002.8 981.0 1037.6 1319.8 1298.8 1295.5 1400.5 1477.5 -999.0 -999.0 -999.0 -999.0 -999.0 -999.0 -999.0 -999.0 -999.0 -999.0 -999.0 -999.0 -999.0 -999.0 -999.0 -999.0 -999.0
-999.0 1290.3 1361.1 1147.5 1746.6 -999.0 -999.0 -999.0 -999.0 -999.0 -999.0 -999.0 -999.0 -999.0 1521.9 1531.1 1417.8 1406.6 1365.2 1285.7 1308.9 1155.8 1102.0 962.3 1086.5 1121.8 987.8 1052.0 906.5 856.4 880.8 723.3 774.8 1073.7 1014.0 984.5 1096.4 1225.1 1212.9 1387.8 1314.3 1273.6 1428.1 1308.8 1311.0 1099.0 1065.6 898.4 1034.1 1348.8 1378.6 1442.4 1382.8 1459.4 -999.0 -999.0 -999.0 -999.0 -999.0 -999.0 -999.0 -999.0 -999.0 -999.0 -999.0 -999.0 -999.0 -999.0 -999.0 -999.0 -999.0
-999.0 1200.0 1218.9 1381.8 1731.3 -999.0 -999.0 -999.0 -999.0 -999.0 -999.0 -999.0 -999.0 -999.0 1267.4 1529.1 1379.3 1228.1 1125.7 1151.8 1233.1 1225.9 1185.8 1323.6 1203.3 979.1 958.2 1027.1 1015.9 1106.7 1209.9 756.4 1072.4 1034.7 1071.8 1066.5 1137.5 1251.7 1400.2 1203.7 1259.9 1272.1 1310.0 1259.4 1118.3 1030.7 1107.9 1032.6 1077.8 1355.8 1494.0 1491.8 1335.4 1529.4 -999.0 -999.0 -999.0 -999.0 -999.0 -999.0 -999.0 -999.0 -999.0 -999.0 -999.0 -999.0 -999.0 -999.0 -999.0 -999.0 -999.0
