GDD/GrowingDegreeDays_2011_Actual.txt
ncols         180
nrows         290
xllcorner     -200000
yllcorner     -200000
cellsize      5000
NODATA_value    -999
[rows 192 to 223 of 290, columns 71 to 141 of 180]
-999.0 -999.0 -999.0 -999.0 -999.0 -999.0 -999.0 -999.0 -999.0 -999.0 -999.0 -999.0 -999.0 -999.0 -999.0 -999.0 -999.0 -999.0 -999.0 -999.0 -999.0 2021.3 1680.7 1442.0 1244.0 983.3 1132.2 1454.8 1721.0 1882.7 1746.9 1547.4 1419.9 1344.6 1661.9 1883.3 1850.7 1736.9 1753.2 1932.5 1671.7 1787.2 1812.0 1959.7 1914.4 2060.0 2132.2 2107.2 2042.6 2117.6 2177.5 2167.4 2143.8 2140.5 2047.5 2096.5 2131.8 2098.2 2029.8 1998.4 1980.4 1938.6 2008.2 2049.4 1957.4 1994.2 2024.4 2065.2 2072.0 2171.6 2169.1
-999.0 -999.0 -999.0 -999.0 -999.0 -999.0 -999.0 -999.0 -999.0 -999.0 -999.0 -999.0 -999.0 -999.0 -999.0 -999.0 -999.0 -999.0 -999.0 -999.0 2183.2 2082.0 1748.4 1429.1 1290.4 1338.6 1376.1 1547.6 1455.6 1075.7 1378.3 1396.2 1440.0 1697.3 1829.0 1765.2 1749.0 1889.9 1903.6 1847.4 1709.4 1749.4 1811.1 1973.8 1920.2 2110.9 2117.8 2010.7 2132.4 2048.5 2051.5 2097.0 2058.1 2111.6 2061.3 2135.7 2170.2 2096.6 2071.6 2084.3 1999.6 2023.8 1934.1 2011.5 1968.2 2063.2 2062.2 2079.2 2161.1 2195.1 2136.0
-999.0 -999.0 -999.0 -999.0 -999.0 -999.0 -999.0 -999.0 -999.0 -999.0 -999.0 -999.0 -999.0 -999.0 -999.0 -999.0 -999.0 -999.0 -999.0 -999.0 1868.6 1809.7 1742.6 1684.2 1486.0 1120.7 1170.2 1280.7 1436.4 1393.1 1298.9 1242.7 1259.6 1666.0 1548.6 1474.7 1875.2 1669.1 2000.5 1919.5 1756.5 1605.6 1930.5 1926.6 2095.7 2161.5 2125.2 2080.3 1829.8 1968.6 1990.3 2020.8 2031.5 2059.4 2059.6 2129.1 2131.2 2127.2 2087.8 2145.2 2119.7 1990.7 1950.6 1986.2 1960.1 2066.9 2138.5 2168.3 2211.6 2182.8 2142.1
-999.0 -999.0 -999.0 -999.0 -999.0 -999.0 -999.0 -999.0 -999.0 -999.0 -999.0 -999.0 -999.0 -999.0 -999.0 -999.0 -999.0 -999.0 -999.0 -999.0 1914.1 1813.5 1984.8 1777.5 1503.1 1118.7 1288.8 1255.1 1502.0 1356.1 1422.8 1573.8 1491.5 1470.9 1571.7 1744.7 1907.8 1894.4 1643.2 1976.2 1955.1 1926.7 1955.4 1878.1 2058.1 2202.3 2166.9 2071.4 2029.2 2060.1 1985.8 2005.8 2022.4 2026.5 2120.5 2120.7 2058.3 2102.9 2072.3 2152.6 2082.4 1967.3 1973.2 2094.1 2120.3 2070.1 2161.1 2148.3 2253.2 2172.1 2167.9
-999.0 -999.0 -999.0 -999.0 -999.0 -999.0 -999.0 -999.0 -999.0 -999.0 -999.0 -999.0 -999.0 -999.0 -999.0 -999.0 -999.0 -999.0 -999.0 2030.5 1783.3 1470.1 1634.9 1759.3 1425.1 1336.2 1180.3 1186.8 1694.6 1676.0 1722.3 1579.2 1449.5 1652.3 1662.8 1541.3 1770.3 1886.1 1937.3 2028.1 2067.2 2044.1 1988.3 2053.8 2124.0 2176.8 2206.4 2188.3 2125.5 2091.0 2141.5 2071.1 2079.4 2034.7 2111.0 2101.9 2097.5 2141.4 2152.6 2138.3 2017.1 2033.3 2057.8 2200.0 2169.6 2155.2 2161.8 2234.1 2179.1 2176.9 2179.9
-999.0 -999.0 -999.0 -999.0 -999.0 -999.0 -999.0 -999.0 -999.0 -999.0 -999.0 -999.0 -999.0 -999.0 -999.0 -999.0 -999.0 -999.0 1888.6 1795.9 1637.8 1733.9 1810.7 1481.8 1205.6 1171.7 1389.3 1306.2 1678.4 1558.2 1685.7 1745.7 1192.4 1618.7 1566.4 1852.9 1859.2 1981.0 2005.0 1993.6 1900.0 2022.6 1873.1 2086.6 2095.0 2260.5 2270.8 2222.8 2196.4 2186.2 2193.5 2128.4 2074.0 2068.8 2190.5 2130.5 2117.5 2088.8 2084.2 2067.6 2003.7 2073.1 2041.6 2190.8 2213.7 2276.2 2252.3 2138.4 2111.9 2169.2 2167.5
-999.0 -999.0 -999.0 -999.0 -999.0 -999.0 -999.0 -999.0 -999.0 -999.0 -999.0 -999.0 -999.0 -999.0 -999.0 -999.0 1845.1 1851.5 1872.5 1992.1 1951.3 1821.1 1741.3 1391.3 1257.9 1137.2 1094.7 1324.7 1517.2 1833.0 1615.0 1709.5 1356.8 1652.7 1811.7 1891.5 2000.7 1988.7 2072.0 1994.0 1857.9 1947.2 1963.0 2212.6 2231.7 2264.4 2265.3 2178.7 2183.0 2174.7 2226.2 2138.4 2085.2 2163.4 2182.8 2171.2 2038.9 2035.6 1970.7 1924.9 1973.2 2023.4 2104.7 2188.6 2173.6 2141.9 2161.0 2120.9 2207.5 2172.5 2175.8
-999.0 -999.0 -999.0 -999.0 -999.0 -999.0 -999.0 -999.0 -999.0 -999.0 -999.0 -999.0 2174.4 2157.6 2145.8 1706.1 1583.9 1501.6 1495.5 1775.4 1815.9 1852.4 1368.3 1463.9 1272.9 1273.3 1339.5 1641.0 1754.7 1911.0 1761.6 1824.3 1274.7 1471.5 1715.5 1971.3 1960.6 2010.1 1832.9 2067.1 1903.2 1916.8 2022.8 2183.9 2318.8 2337.7 2210.3 2226.3 2218.5 2120.7 2204.7 2165.9 2192.3 2163.1 2121.6 2056.1 2097.3 2003.0 2031.9 1991.0 1915.2 1940.2 1986.8 2062.7 2071.0 2098.0 2145.2 2185.1 2134.8 2241.8 2236.6
-999.0 -999.0 -999.0 -999.0 -999.0 -999.0 -999.0 -999.0 -999.0 -999.0 -999.0 1952.1 2041.4 1870.9 1871.0 1857.3 1604.1 1667.0 1620.2 1853.0 1993.5 1642.5 1509.2 1385.4 1742.8 1234.2 1515.2 1745.1 1353.5 1658.1 1964.6 1376.3 1600.4 1711.8 2094.2 2115.7 2066.7 1784.4 2063.0 2069.8 2032.5 2044.2 1998.4 2169.9 2239.3 2387.3 2286.4 2286.5 2247.6 2168.3 2179.2 2183.6 2192.5 2184.7 2076.5 2061.6 1881.9 2038.3 2060.1 2017.6 1950.6 2016.6 2041.9 2114.5 2145.9 2111.6 2151.8 2119.4 2200.4 2232.7 2208.3
-999.0 -999.0 -999.0 -999.0 -999.0 -999.0 -999.0 -999.0 -999.0 -999.0 1905.0 1883.0 2055.2 2005.1 1967.7 1844.7 1895.2 1804.4 1882.3 1862.9 1455.4 1712.9 1821.7 1407.6 1945.7 1589.6 1528.8 1256.9 1409.2 1417.7 1664.8 1714.5 1829.1 2102.4 1692.9 1754.4 2090.3 2057.6 2130.7 2174.0 2082.2 2125.7 2185.9 2151.1 2181.3 2388.1 2341.2 2337.0 2277.5 2257.3 2240.4 2218.4 2063.6 2231.4 2139.7 2029.8 1933.2 1971.5 2027.3 1994.6 1950.3 1980.6 1970.6 2056.6 2153.9 2175.9 2205.3 2127.3 2164.8 2222.6 2137.4
-999.0 -999.0 -999.0 -999.0 -999.0 -999.0 2159.0 1869.2 2000.9 1805.6 1986.7 1953.2 1872.4 1952.5 1964.9 1746.9 1841.3 1802.1 1845.6 1623.6 1647.0 1817.8 1736.6 1722.2 1826.9 1770.6 1431.8 1394.3 1590.0 1665.3 1529.3 1763.7 2049.7 1621.8 1545.7 1811.8 1800.7 2060.4 2077.6 2194.8 2168.3 1944.4 2183.9 2048.7 2271.6 2352.9 2335.4 2303.9 2087.3 2220.2 2172.2 1850.6 2168.1 2185.0 2113.8 1989.2 1855.6 1954.0 1980.8 1996.3 2043.3 2019.8 2038.6 2103.4 2167.4 2141.1 2184.6 2159.6 2132.8 2144.9 2177.3
-999.0 -999.0 -999.0 -999.0 -999.0 2095.4 1911.0 1924.1 1886.2 1636.6 1343.1 1479.7 1550.5 1831.2 1713.1 1558.4 1674.8 1723.9 1555.9 1776.0 1850.1 1625.2 1884.3 2038.8 1890.4 1815.5 1559.5 1580.9 1637.1 1721.4 1749.1 1850.8 1744.8 1003.5 1401.1 1759.5 1992.4 1962.2 2089.5 1967.1 2156.8 2101.8 2211.6 2244.7 2279.0 2290.2 2323.3 2325.6 2214.6 2152.2 1842.2 1841.2 1946.8 2067.9 2089.3 1795.1 1873.8 1924.6 1961.3 2054.1 2020.1 2048.6 2076.5 2156.0 2078.9 2110.3 2168.6 2032.3 2066.8 2179.6 2190.2
-999.0 -999.0 -999.0 2189.8 2052.1 2003.0 1874.7 1931.7 1859.4 1729.1 1710.2 1801.3 1922.5 1709.7 1833.5 1660.4 1959.2 1858.4 1637.3 1754.6 1954.6 1846.9 2110.2 2075.8 1696.9 1578.3 1672.9 1831.8 1672.2 1953.3 1996.5 1967.8 1548.9 1333.7 1336.0 1978.0 1916.2 1948.2 1966.8 2073.7 2243.1 2114.1 2180.8 2212.1 2288.6 2276.3 2360.2 2354.2 2198.3 2118.6 1841.9 1888.6 1969.8 2080.9 2000.7 1830.9 1860.0 1903.3 1996.0 2027.6 2067.4 2111.5 2144.5 2138.4 2098.0 2076.4 2108.9 2120.4 2133.1 2183.6 2115.0
-999.0 -999.0 -999.0 2222.4 -999.0 2169.7 2091.1 1911.4 1987.2 1901.6 1919.3 1857.4 1925.4 1895.9 1785.8 1950.6 1864.4 2033.3 2091.3 2116.8 2137.0 2139.7 1847.3 1910.1 1525.7 930.7 1635.5 1614.8 1643.4 1303.0 1325.7 2048.3 2098.5 1190.1 1624.3 1860.0 1822.9 1756.3 2002.3 2204.9 2294.4 2086.4 2071.9 2213.4 2309.1 2349.0 2321.7 2352.6 2199.1 1899.1 1818.7 1963.7 2041.4 2076.1 2090.6 2058.8 1955.6 2030.4 2081.2 2133.9 2173.8 2192.7 2184.4 2080.0 2111.1 2148.5 2125.8 2174.7 2165.3 2109.8 2138.4
-999.0 -999.0 -999.0 -999.0 -999.0 -999.0 1972.6 2056.8 2060.6 1961.4 2038.2 1982.2 1987.4 1949.2 2064.7 2084.1 1986.8 2023.3 1925.6 2090.6 1847.0 2106.0 1773.1 1563.8 1499.4 1300.6 1190.8 1420.9 1265.0 1145.3 1670.8 1543.3 1743.0 2214.1 1683.9 1752.4 2110.7 2071.0 2239.9 2036.3 2095.0 1857.0 1974.3 2232.9 2285.4 2350.2 2413.4 2228.8 1911.3 2000.7 1811.3 1980.9 2038.0 1982.5 2105.2 1970.7 2111.5 2114.5 2190.8 2236.7 2235.2 2198.7 2181.1 2173.1 2207.4 2211.3 2212.1 2154.3 2063.8 2016.4 2098.7
-999.0 -999.0 -999.0 -999.0 -999.0 2151.8 2084.2 2035.3 2052.7 2084.2 1912.0 1827.0 1743.9 1876.8 1995.5 2038.4 2112.8 2050.6 1766.0 2098.2 1959.9 2238.1 2045.3 1946.5 1942.9 1968.7 1638.6 1689.0 1437.0 1417.0 1269.1 1517.9 1538.6 1718.7 1331.2 1935.1 2081.4 2143.3 2019.9 2074.2 1871.3 1978.6 1985.1 2273.9 2297.0 2291.3 1964.3 1883.1 1888.9 1832.1 2007.6 1977.0 1987.3 2037.7 2116.2 2123.6 2135.5 2210.5 2287.2 2318.5 2296.2 2182.6 2155.2 2126.3 2180.8 2228.6 2207.2 2111.3 1941.5 2111.9 2076.0
-999.0 -999.0 -999.0 -999.0 2262.8 2184.7 2169.0 2119.0 2115.6 2111.4 2088.7 2005.9 2097.6 2088.2 2140.2 2131.8 2086.7 2071.8 2058.5 1818.3 2168.5 1769.7 1882.3 1848.2 1672.2 1758.3 1916.2 1881.5 1672.5 1757.3 1594.7 1651.6 1855.2 1481.2 1514.1 2053.4 1910.5 2187.2 2161.2 1997.9 1952.3 2094.1 2140.4 2235.5 2283.2 2068.1 2126.4 1939.5 1947.8 2011.7 1984.5 2026.5 2087.9 2098.7 2192.5 2226.6 2225.5 2274.9 2204.3 2373.6 2254.4 2253.3 2217.1 2225.3 2223.3 2206.5 2118.9 1985.5 2028.0 2070.2 2095.3
-999.0 -999.0 -999.0 -999.0 -999.0 -999.0 2298.0 2210.5 2159.1 2106.7 2072.8 2032.9 -999.0 -999.0 -999.0 -999.0 2169.9 2084.8 1941.8 2179.7 2290.0 2143.9 2114.2 2078.8 2016.3 2253.1 1338.4 1305.3 1779.8 1903.8 1908.2 1740.2 1676.8 1568.3 1883.4 1990.9 2019.8 2204.3 1868.3 2080.6 1993.1 2262.2 2243.4 2243.6 2259.7 1973.3 2141.6 1986.8 2013.0 2104.9 2091.3 2112.7 2141.5 2197.2 2237.5 2251.8 2231.6 2254.9 2186.1 2326.8 2256.8 2198.5 2218.4 2193.1 2190.8 2084.6 2100.4 2043.9 2034.3 2079.7 2219.1
-999.0 -999.0 -999.0 -999.0 -999.0 -999.0 2307.1 2160.5 2059.6 2221.6 2059.5 2198.2 -999.0 -999.0 -999.0 -999.0 -999.0 -999.0 -999.0 2299.8 2321.0 2264.3 2408.2 2289.3 2046.8 1667.7 1459.4 1274.1 1384.6 1610.7 1796.9 1789.3 1955.1 1753.9 1754.8 2087.5 2176.5 1864.4 1930.6 1968.0 2313.6 2328.6 2266.1 2278.9 2092.7 1997.6 2017.9 2022.7 2100.8 2141.3 2157.8 2173.4 2177.8 2184.4 2205.4 2136.9 2199.4 2235.0 2274.3 2299.5 2236.7 2199.8 2199.9 2056.7 2076.8 2198.1 2067.5 2061.9 2115.4 2167.2 2238.2
-999.0 -999.0 -999.0 -999.0 -999.0 -999.0 -999.0 -999.0 2261.4 -999.0 -999.0 -999.0 -999.0 -999.0 -999.0 -999.0 -999.0 2123.6 2134.5 2192.3 2143.5 2269.5 2409.3 2456.6 2235.5 1939.1 1583.3 1474.8 1571.6 1984.1 2018.9 1648.7 1842.3 1925.1 2124.0 2234.5 2303.3 2072.0 2162.5 2220.7 2351.5 2340.5 2243.7 2252.6 1930.2 1881.9 2005.3 2034.9 2129.6 2151.1 2162.2 2192.5 2135.7 2168.4 2134.6 2201.0 2217.3 2246.7 2258.4 2255.6 2151.3 2134.6 2052.1 1949.5 2095.6 2082.9 2261.7 2147.6 2185.3 2252.5 2227.0
-999.0 -999.0 -999.0 -999.0 -999.0 -999.0 -999.0 -999.0 -999.0 -999.0 -999.0 -999.0 -999.0 -999.0 -999.0 -999.0 -999.0 2152.8 2154.0 2367.8 2275.3 2244.3 -999.0 -999.0 2494.5 1920.6 2112.7 1920.2 1978.6 1975.0 1914.8 1813.0 2153.8 2209.3 2202.9 2289.8 2321.9 2328.4 2364.0 2384.1 2369.5 2221.0 2220.5 2145.5 1914.5 2011.0 2060.1 2116.8 2146.2 2107.9 2131.8 2167.0 2146.5 2175.8 2137.8 2091.2 2073.1 2142.5 2101.9 2201.9 2194.9 2103.0 1895.8 2104.2 2114.7 2199.8 2352.0 2217.7 2254.7 2318.7 2367.8
-999.0 -999.0 -999.0 -999.0 -999.0 -999.0 -999.0 -999.0 -999.0 -999.0 -999.0 -999.0 -999.0 -999.0 -999.0 -999.0 -999.0 -999.0 -999.0 -999.0 -999.0 -999.0 -999.0 -999.0 2484.1 2330.3 2057.9 2041.1 2182.7 2196.6 2177.8 2127.0 2247.8 2332.8 2326.7 2339.9 2381.3 2403.4 -999.0 2450.0 2397.0 2273.8 2250.0 2142.3 1955.0 2034.8 2051.7 2133.1 2230.2 2219.9 2117.9 2166.9 2133.2 2001.7 1938.4 1960.8 1923.4 1883.3 2010.8 2053.9 2090.6 2110.3 2042.6 2176.6 2185.4 2203.3 2284.4 2314.7 2351.6 2347.7 2378.6
-999.0 -999.0 -999.0 -999.0 -999.0 -999.0 -999.0 -999.0 -999.0 -999.0 -999.0 -999.0 -999.0 -999.0 -999.0 -999.0 -999.0 -999.0 -999.0 -999.0 -999.0 -999.0 -999.0 -999.0 -999.0 2372.3 2270.8 2194.9 2113.9 2082.7 2223.7 2271.8 2320.1 2418.4 -999.0 -999.0 -999.0 -999.0 2424.6 2447.3 2329.0 2294.0 2269.0 2163.0 1973.0 2053.8 2020.2 2091.8 2251.4 2139.9 2124.7 1973.7 2030.4 1836.4 1927.9 1909.5 1976.4 1957.2 1975.3 2064.0 2030.4 2260.7 2250.3 2223.8 2329.7 2292.8 2339.6 2367.7 2388.7 2479.9 2575.4
-999.0 -999.0 -999.0 -999.0 -999.0 -999.0 -999.0 -999.0 -999.0 -999.0 -999.0 -999.0 -999.0 -999.0 -999.0 -999.0 -999.0 -999.0 -999.0 -999.0 -999.0 -999.0 -999.0 -999.0 -999.0 -999.0 2373.8 2135.0 2144.2 2183.7 2116.7 2235.3 2351.8 -999.0 -999.0 -999.0 -999.0 2303.3 2194.0 2121.1 2348.9 2341.3 2322.0 2087.5 1993.3 2004.2 2000.1 2072.1 2116.8 2158.8 1984.9 1815.9 1883.0 1878.7 1965.5 1958.1 1993.0 2105.0 2071.2 2096.2 2176.4 2230.8 2278.5 2392.8 2312.3 2281.6 2313.9 2281.1 2278.4 2452.0 2530.6
-999.0 -999.0 -999.0 -999.0 -999.0 -999.0 -999.0 -999.0 -999.0 -999.0 -999.0 -999.0 -999.0 -999.0 -999.0 -999.0 -999.0 -999.0 -999.0 -999.0 -999.0 -999.0 -999.0 -999.0 -999.0 -999.0 -999.0 2377.5 2285.3 2309.4 2179.9 2326.2 2348.7 -999.0 -999.0 -999.0 2334.0 2311.3 2241.3 2085.4 2149.1 2215.8 2348.4 2204.0 2278.4 2065.4 2028.4 2120.9 2012.9 1937.8 1937.5 1945.6 1843.7 1930.8 2004.9 2048.7 2120.0 2139.9 2146.3 2142.6 2129.0 2206.5 2288.0 2276.3 2182.9 2165.4 2263.6 2260.7 2278.0 2356.6 2453.6
-999.0 -999.0 -999.0 -999.0 -999.0 -999.0 -999.0 -999.0 -999.0 -999.0 -999.0 -999.0 -999.0 -999.0 -999.0 -999.0 -999.0 -999.0 -999.0 -999.0 -999.0 -999.0 -999.0 -999.0 -999.0 -999.0 -999.0 -999.0 -999.0 -999.0 -999.0 -999.0 -999.0 -999.0 -999.0 2283.7 2289.2 2295.6 2270.2 2066.9 2248.5 2210.3 2157.4 2189.4 2214.1 2138.2 2225.8 2192.0 2141.1 2036.9 2046.2 2017.4 1986.9 1951.5 1983.5 2021.1 1903.2 2057.3 2034.9 2098.4 2086.0 2130.6 2220.3 2194.8 2145.8 2139.7 2132.0 2239.2 2285.4 2313.4 2348.1
-999.0 -999.0 -999.0 -999.0 -999.0 -999.0 -999.0 -999.0 -999.0 -999.0 -999.0 -999.0 -999.0 -999.0 -999.0 -999.0 -999.0 -999.0 -999.0 -999.0 -999.0 -999.0 -999.0 -999.0 -999.0 -999.0 -999.0 -999.0 -999.0 -999.0 -999.0 -999.0 -999.0 -999.0 -999.0 2407.7 2175.6 2203.6 1717.9 1870.7 2208.6 2176.0 2142.5 2134.8 2100.6 2202.8 2237.1 2206.1 2160.9 2036.8 2085.7 2143.7 1981.5 1944.9 1831.0 1971.1 1952.2 1835.7 1983.9 2044.5 2101.2 2177.6 2202.2 2206.9 2195.2 2187.9 2223.4 2190.2 2220.9 2289.5 2292.5
-999.0 -999.0 -999.0 -999.0 -999.0 -999.0 -999.0 -999.0 -999.0 -999.0 -999.0 -999.0 -999.0 -999.0 -999.0 -999.0 -999.0 -999.0 -999.0 -999.0 -999.0 -999.0 -999.0 -999.0 -999.0 -999.0 -999.0 -999.0 -999.0 -999.0 -999.0 -999.0 -999.0 -999.0 -999.0 2375.0 2322.3 2294.7 2066.7 1757.2 1902.0 2029.0 2141.1 2033.7 2161.8 2163.4 2212.5 2018.6 1950.5 1881.9 1968.9 2071.1 2040.2 2039.1 2017.5 1983.0 1974.0 2043.9 2042.2 2054.8 2086.8 2153.2 2205.7 2235.7 2228.7 2169.1 2197.9 2180.0 2199.3 2234.4 2176.3
-999.0 -999.0 -999.0 -999.0 -999.0 -999.0 -999.0 -999.0 -999.0 -999.0 -999.0 -999.0 -999.0 -999.0 -999.0 -999.0 -999.0 -999.0 2505.7 2358.8 2412.2 1634.4 1588.2 1606.8 1660.3 1550.0 2413.1 1922.2 2516.7 -999.0 -999.0 -999.0 -999.0 -999.0 -999.0 2354.4 2306.7 2250.0 2302.3 2162.4 1989.7 1913.0 1998.4 2085.8 2125.0 2116.8 2050.6 1923.2 1972.2 2037.0 2061.7 2095.7 2036.5 2067.0 2133.8 2175.0 2178.6 2113.9 2137.5 2059.2 2022.0 1961.7 2103.0 2170.1 2137.1 2113.5 2169.0 2098.5 2159.5 2216.2 2120.4
-999.0 -999.0 -999.0 -999.0 -999.0 -999.0 -999.0 -999.0 -999.0 -999.0 -999.0 -999.0 -999.0 -999.0 -999.0 -999.0 -999.0 -999.0 2055.6 1984.9 1770.0 1682.4 1388.9 1273.8 1389.1 1444.1 1546.8 1943.6 2217.7 2384.2 2302.8 2069.7 2261.6 2337.7 2381.4 2340.7 2313.0 2305.7 2309.1 2299.5 2242.1 2017.2 2009.6 2073.3 2148.2 1879.1 2022.0 2117.9 2065.0 2017.0 2115.6 2140.4 2164.0 2137.8 2151.9 2184.5 2164.8 2242.3 2182.0 2084.4 2057.3 2069.5 2017.2 2009.1 2134.6 2154.0 2204.1 2233.2 2139.9 2223.1 1856.8
-999.0 -999.0 -999.0 -999.0 -999.0 -999.0 -999.0 -999.0 -999.0 -999.0 -999.0 -999.0 -999.0 -999.0 -999.0 -999.0 -999.0 2428.0 2304.7 2113.5 2013.7 1855.0 1514.5 1323.9 1389.0 1533.6 1590.6 1665.8 1899.3 2063.6 2142.0 2079.0 1953.6 2235.6 2279.8 2304.5 2264.5 2163.6 2293.8 2274.5 2115.9 2080.0 2091.9 2074.7 1856.8 2043.0 1911.6 1971.9 2048.6 2151.9 2138.6 2209.2 2155.8 2050.0 2188.6 2147.1 2223.6 2183.6 2172.8 2111.6 2089.5 1974.8 1921.7 2117.0 2163.2 2154.1 1967.6 2137.3 2199.0 2179.4 2171.4
-999.0 -999.0 -999.0 -999.0 -999.0 -999.0 -999.0 -999.0 -999.0 -999.0 -999.0 -999.0 -999.0 -999.0 -999.0 -999.0 -999.0 -999.0 2379.6 2321.7 2250.7 1890.8 1801.7 1706.3 1451.5 1628.1 1758.3 1973.8 1836.8 1669.2 1887.0 2097.3 2106.0 1961.0 2167.6 2299.3 2280.7 2294.0 2209.1 2169.3 2223.4 2204.3 2145.4 2104.9 1981.6 2101.9 1947.3 2032.9 2040.0 2086.0 2101.1 2173.8 2086.1 2052.5 2104.5 2244.0 2252.3 2200.0 2271.4 2207.3 2192.3 2083.9 1987.3 2009.1 2144.7 2129.9 2064.5 2094.0 2163.7 2239.4 2250.7
