GDD/GrowingDegreeDays_1976_Actual.txt
ncols         180
nrows         290
xllcorner     -200000
yllcorner     -200000
cellsize      5000
NODATA_value    -999
[rows 160 to 191 of 290, columns 71 to 141 of 180]
-999.0 -999.0 -999.0 -999.0 -999.0 -999.0 -999.0 -999.0 -999.0 -999.0 -999.0 -999.0 -999.0 -999.0 -999.0 -999.0 -999.0 -999.0 -999.0 -999.0 -999.0 -999.0 -999.0 -999.0 -999.0 -999.0 -999.0 -999.0 -999.0 -999.0 -999.0 -999.0 -999.0 -999.0 -999.0 1793.1 1765.9 1745.1 1708.5 1473.5 1363.6 1141.9 1396.8 1286.2 1652.1 1546.5 1555.6 1437.0 1373.1 1438.0 1369.8 1681.7 1673.3 1664.4 1679.6 1715.9 1645.1 1716.8 1725.5 1676.4 1721.6 1814.6 1777.7 1733.8 1711.7 1699.2 1584.7 1642.4 1710.8 1746.4 1751.3
-999.0 -999.0 -999.0 -999.0 -999.0 -999.0 -999.0 -999.0 -999.0 -999.0 -999.0 -999.0 -999.0 -999.0 -999.0 -999.0 -999.0 -999.0 -999.0 -999.0 -999.0 -999.0 -999.0 -999.0 -999.0 -999.0 -999.0 -999.0 -999.0 -999.0 -999.0 -999.0 -999.0 -999.0 -999.0 1796.0 1755.6 1766.4 1803.1 1741.1 1465.4 1631.0 1590.6 1689.8 1582.9 1341.6 1480.5 1334.4 1381.8 1329.7 1674.1 1434.1 1635.7 1552.8 1604.5 1604.9 1683.3 1702.0 1731.3 1731.8 1742.2 1761.8 1728.0 1691.2 1701.1 1717.7 1706.1 1636.3 1699.2 1759.8 1768.3
-999.0 -999.0 -999.0 -999.0 -999.0 -999.0 -999.0 -999.0 -999.0 -999.0 -999.0 -999.0 -999.0 -999.0 -999.0 -999.0 -999.0 -999.0 -999.0 -999.0 -999.0 -999.0 -999.0 -999.0 -999.0 -999.0 -999.0 -999.0 -999.0 -999.0 -999.0 -999.0 -999.0 -999.0 -999.0 1801.9 1765.2 1724.2 1832.9 1796.4 1694.6 1642.2 1661.2 1720.1 1605.4 1515.8 1513.2 1343.6 1213.2 1459.5 1569.6 1745.7 1648.8 1828.3 1779.2 1721.2 1665.7 1699.7 1712.8 1746.0 1737.0 1741.0 1717.0 1691.0 1700.9 1720.9 1726.9 1670.2 1648.7 1768.0 1850.4
-999.0 -999.0 -999.0 -999.0 -999.0 -999.0 -999.0 -999.0 -999.0 -999.0 -999.0 -999.0 -999.0 -999.0 -999.0 -999.0 -999.0 -999.0 -999.0 -999.0 -999.0 -999.0 -999.0 -999.0 -999.0 -999.0 -999.0 -999.0 -999.0 -999.0 -999.0 -999.0 -999.0 -999.0 -999.0 1836.9 1754.8 1732.7 1793.9 1820.6 1783.1 1765.5 1675.2 1566.9 1712.2 1639.0 1529.4 1171.4 1171.8 1188.3 1390.5 1612.5 1707.3 1698.3 1825.4 1875.6 1760.8 1687.5 1745.1 1760.2 1750.1 1764.4 1746.1 1729.4 1737.9 1758.4 1779.4 1700.8 1679.1 1860.3 1966.0
-999.0 -999.0 -999.0 -999.0 -999.0 -999.0 -999.0 -999.0 -999.0 -999.0 -999.0 -999.0 -999.0 -999.0 -999.0 -999.0 -999.0 -999.0 -999.0 -999.0 -999.0 -999.0 -999.0 -999.0 -999.0 -999.0 -999.0 -999.0 -999.0 -999.0 -999.0 -999.0 -999.0 -999.0 -999.0 1821.7 1786.8 1790.4 1842.6 1861.3 1847.8 1733.6 1711.3 1611.2 1549.5 1371.0 1258.4 1174.4 1357.4 1291.1 1493.5 1581.3 1720.6 1595.2 1710.1 1832.0 1871.0 1858.2 1823.4 1805.6 1780.6 1777.9 1782.4 1776.0 1776.6 1799.3 1802.4 1823.2 1802.9 1908.4 1985.2
-999.0 -999.0 -999.0 -999.0 -999.0 -999.0 -999.0 -999.0 -999.0 -999.0 -999.0 -999.0 -999.0 -999.0 -999.0 -999.0 -999.0 -999.0 -999.0 -999.0 -999.0 -999.0 -999.0 -999.0 -999.0 -999.0 -999.0 -999.0 -999.0 -999.0 -999.0 -999.0 -999.0 -999.0 -999.0 -999.0 1749.1 1778.9 1826.5 1854.1 1764.3 1565.6 1532.3 1489.2 1561.0 1558.9 1368.9 1374.8 1280.5 1400.7 1644.9 1842.6 1788.4 1733.9 1720.0 1866.8 1861.8 1810.7 1826.8 1845.5 1794.8 1804.7 1812.1 1812.4 1809.3 1815.0 1816.7 1816.7 1857.1 1887.9 1924.6
-999.0 -999.0 -999.0 -999.0 -999.0 -999.0 -999.0 -999.0 -999.0 -999.0 -999.0 -999.0 -999.0 -999.0 -999.0 -999.0 -999.0 -999.0 -999.0 -999.0 -999.0 -999.0 -999.0 -999.0 -999.0 -999.0 -999.0 -999.0 -999.0 -999.0 -999.0 -999.0 -999.0 -999.0 -999.0 1827.6 1764.2 1788.2 1827.4 1827.6 1762.0 1444.8 1398.8 1529.9 1348.9 1372.9 1439.1 1441.7 1189.1 1377.3 1407.6 1636.1 1877.8 1683.1 1825.9 1914.2 1813.5 1803.2 1857.7 1819.7 1830.7 1832.7 1829.3 1826.0 1820.8 1822.1 1729.6 1799.8 1829.5 1743.9 1785.0
-999.0 -999.0 -999.0 -999.0 -999.0 -999.0 -999.0 -999.0 -999.0 -999.0 -999.0 -999.0 -999.0 -999.0 -999.0 -999.0 -999.0 -999.0 -999.0 -999.0 -999.0 -999.0 -999.0 -999.0 -999.0 -999.0 -999.0 -999.0 -999.0 -999.0 -999.0 -999.0 -999.0 -999.0 -999.0 1833.2 1813.0 1810.7 1829.8 1693.7 1755.5 1676.0 1441.5 1659.5 1639.0 1600.3 1675.5 1632.4 1358.4 1420.0 1444.0 1739.3 1631.3 1545.0 1769.6 1714.4 1775.0 1738.1 1782.9 1812.7 1860.7 1867.3 1855.0 1843.2 1821.4 1840.1 1839.1 1781.0 1825.3 1783.1 1733.0
-999.0 -999.0 -999.0 -999.0 -999.0 -999.0 -999.0 -999.0 -999.0 -999.0 -999.0 -999.0 -999.0 -999.0 -999.0 -999.0 -999.0 -999.0 -999.0 -999.0 -999.0 -999.0 -999.0 -999.0 -999.0 -999.0 -999.0 -999.0 -999.0 -999.0 -999.0 -999.0 -999.0 -999.0 1824.4 1838.9 1828.3 1744.6 1765.6 1767.8 1813.7 1742.9 1720.9 1773.2 1808.8 1830.6 1788.7 1675.2 1406.3 1217.5 1174.6 1490.4 1396.6 1476.2 1719.1 1737.4 1834.4 1801.1 1793.8 1847.9 1888.3 1890.0 1876.2 1856.1 1830.4 1853.4 1849.9 1833.7 1816.3 1799.5 1689.3
-999.0 -999.0 -999.0 -999.0 -999.0 -999.0 -999.0 -999.0 -999.0 -999.0 -999.0 -999.0 -999.0 -999.0 -999.0 -999.0 -999.0 -999.0 -999.0 -999.0 -999.0 -999.0 -999.0 -999.0 -999.0 -999.0 -999.0 -999.0 -999.0 -999.0 -999.0 -999.0 -999.0 -999.0 -999.0 1826.5 1870.2 1831.3 1809.8 1681.9 1871.9 1882.4 1880.6 1880.6 1898.0 1966.4 1932.8 1800.7 1667.1 1310.8 1161.2 1108.0 1361.6 1395.8 1554.6 1705.6 1715.2 1882.7 1880.7 1816.4 1897.7 1906.8 1893.4 1865.0 1843.8 1853.3 1847.9 1819.0 1821.0 1823.2 1808.2
-999.0 -999.0 -999.0 -999.0 -999.0 -999.0 -999.0 -999.0 -999.0 -999.0 -999.0 -999.0 -999.0 -999.0 -999.0 -999.0 -999.0 -999.0 -999.0 -999.0 -999.0 -999.0 -999.0 -999.0 -999.0 -999.0 -999.0 -999.0 -999.0 -999.0 -999.0 -999.0 -999.0 -999.0 -999.0 1900.5 1906.7 1903.7 1885.4 1867.2 1881.5 1896.2 1933.1 1954.3 2051.4 2131.0 2065.7 1916.9 1691.4 1590.9 1196.0 1056.5 1091.0 1298.0 1493.3 1653.7 1785.9 1740.5 1824.9 1770.4 1877.5 1882.2 1888.8 1860.1 1852.0 1848.7 1821.3 1807.7 1819.3 1825.7 1782.7
-999.0 -999.0 -999.0 -999.0 -999.0 -999.0 -999.0 -999.0 -999.0 -999.0 -999.0 -999.0 -999.0 -999.0 -999.0 1860.1 1830.5 1807.6 1788.6 -999.0 -999.0 -999.0 -999.0 -999.0 -999.0 -999.0 -999.0 -999.0 -999.0 -999.0 -999.0 -999.0 -999.0 -999.0 1947.3 1994.2 1948.2 1945.6 1860.0 1867.5 1909.0 1922.9 1929.8 1977.8 2034.0 2094.2 2044.0 1925.7 1760.0 1443.6 1233.4 1212.3 1406.2 1264.4 1446.6 1813.8 1798.6 1866.0 1666.6 1703.4 1833.9 1835.0 1840.5 1843.1 1841.6 1845.1 1830.9 1799.8 1808.7 1841.8 1824.9
-999.0 -999.0 -999.0 -999.0 -999.0 -999.0 -999.0 -999.0 -999.0 -999.0 -999.0 -999.0 -999.0 -999.0 -999.0 1787.6 1713.8 1744.3 1837.4 -999.0 -999.0 -999.0 -999.0 -999.0 -999.0 -999.0 -999.0 -999.0 -999.0 -999.0 -999.0 -999.0 -999.0 2040.5 1913.8 1963.7 1964.8 1893.3 1938.3 1882.9 1923.1 1928.8 1925.1 1956.0 1976.9 1981.3 1990.5 1912.9 1782.7 1636.2 1232.0 1172.4 1422.9 1397.4 1567.3 1712.6 1972.5 1912.8 1751.8 1717.6 1797.0 1868.5 1879.7 1854.2 1827.2 1844.3 1837.3 1822.9 1789.5 1832.5 1816.6
-999.0 -999.0 -999.0 -999.0 -999.0 -999.0 -999.0 -999.0 -999.0 -999.0 -999.0 -999.0 -999.0 1839.2 1929.8 1861.5 1714.3 1727.5 1753.8 1904.4 1982.0 2024.9 -999.0 -999.0 1884.3 1950.1 -999.0 -999.0 -999.0 1960.2 1844.4 1845.5 -999.0 2016.1 1848.9 1931.2 1986.8 1935.5 1939.1 1857.8 1858.3 1847.2 1882.7 1841.2 1925.0 1891.9 1892.8 1850.3 1494.7 1716.5 1584.9 1337.1 1637.7 1575.5 1353.3 1853.5 1743.3 1861.3 1766.7 1749.0 1808.3 1852.6 1898.7 1844.9 1844.7 1871.9 1841.7 1852.3 1800.3 1843.8 1833.5
-999.0 -999.0 -999.0 -999.0 -999.0 -999.0 -999.0 -999.0 -999.0 -999.0 -999.0 -999.0 -999.0 -999.0 1950.8 1896.5 1810.3 1788.1 1805.0 1825.7 1784.9 2028.0 -999.0 2000.7 1857.8 1670.4 1775.4 1723.9 1959.1 1949.7 1572.0 1596.9 1711.9 -999.0 1926.4 1884.4 1912.6 1939.2 1921.1 1811.5 1900.1 1991.7 1978.0 1870.6 1831.6 1840.0 1772.5 1765.4 1456.8 1378.2 1415.1 1395.5 1435.9 1335.4 1412.4 1640.3 1808.1 1845.9 1685.6 1689.1 1799.2 1785.8 1873.1 1840.3 1839.0 1868.4 1840.1 1861.6 1817.0 1846.2 1845.6
-999.0 -999.0 -999.0 -999.0 -999.0 -999.0 -999.0 -999.0 -999.0 -999.0 -999.0 -999.0 -999.0 -999.0 -999.0 1954.8 1857.8 1787.2 1861.3 1888.3 1923.4 2013.5 1608.2 1079.1 1748.5 1431.6 1436.6 1535.1 1705.9 1857.7 1814.7 1647.2 1518.3 1721.4 1931.4 1958.9 1909.9 1919.4 1844.1 1671.0 1783.9 1986.7 2014.0 1904.6 1836.9 1819.6 1758.4 1700.4 1314.2 1216.5 1362.3 1383.4 1506.9 1547.8 1504.9 1580.1 1757.9 1792.2 1707.8 1740.9 1760.7 1727.5 1826.6 1785.8 1852.5 1856.8 1852.6 1822.0 1720.6 1863.5 1864.1
-999.0 -999.0 -999.0 -999.0 -999.0 -999.0 -999.0 -999.0 -999.0 -999.0 -999.0 -999.0 -999.0 -999.0 -999.0 -999.0 1866.7 1918.2 1918.8 1927.8 1821.2 1632.3 848.6 1241.2 1845.1 1350.7 1616.9 1376.5 1448.2 1701.3 1823.4 1383.3 1578.1 1589.8 1787.5 1967.1 1918.9 1874.6 1859.5 1743.5 1752.7 1873.2 1912.9 1897.8 1827.0 1794.2 1753.6 1559.3 1441.5 1163.5 1327.5 1316.9 1357.9 1632.8 1529.2 1466.9 1570.2 1673.0 1702.8 1777.4 1730.0 1729.1 1803.4 1775.3 1852.8 1868.4 1845.5 1860.5 1864.8 1859.2 1874.7
-999.0 -999.0 -999.0 -999.0 -999.0 -999.0 -999.0 -999.0 -999.0 -999.0 -999.0 -999.0 -999.0 -999.0 -999.0 -999.0 -999.0 1973.9 1938.0 1743.6 1516.2 890.1 821.4 1199.4 1466.6 1479.3 1382.1 1270.9 1283.7 1314.9 1598.2 1723.6 1314.1 1547.9 1729.0 1796.2 1889.8 1892.2 1848.1 1810.0 1788.4 1837.3 1878.7 1851.3 1801.0 1765.2 1700.7 1545.5 1361.6 1262.2 1406.5 1428.1 1340.7 1490.6 1731.8 1532.8 1701.8 1663.8 1687.2 1816.1 1819.2 1786.7 1777.0 1775.5 1853.6 1880.2 1866.8 1897.6 1824.8 1863.0 1880.8
-999.0 -999.0 -999.0 -999.0 -999.0 -999.0 -999.0 -999.0 -999.0 -999.0 -999.0 -999.0 -999.0 -999.0 -999.0 -999.0 -999.0 1992.2 1854.9 1470.2 1314.7 1180.4 960.7 1418.7 1666.9 1471.1 1234.1 1155.9 1115.5 1305.8 1553.8 1755.0 1291.5 1400.9 1668.5 1768.2 1904.2 1896.7 1840.1 1755.0 1770.5 1795.1 1817.1 1833.8 1803.8 1745.8 1573.7 1481.7 1559.2 1237.7 1399.1 1377.3 1309.9 1366.5 1558.6 1672.1 1709.1 1778.7 1704.0 1711.4 1795.5 1788.7 1830.7 1831.0 1884.8 1879.3 1881.1 1884.3 1856.7 1835.1 1873.1
-999.0 -999.0 -999.0 -999.0 -999.0 -999.0 -999.0 -999.0 -999.0 -999.0 -999.0 -999.0 -999.0 -999.0 -999.0 -999.0 -999.0 1983.6 1794.0 1556.8 1570.1 1173.3 1283.4 1541.6 1449.7 1568.3 1389.0 1120.3 1221.4 1136.5 1342.4 1616.5 1342.1 1379.5 1498.6 1817.5 1879.6 1905.8 1810.5 1715.5 1729.3 1780.9 1805.1 1815.0 1777.7 1661.1 1591.2 1587.0 1560.9 1399.7 1426.9 1441.7 1462.0 1550.4 1574.4 1539.2 1777.7 1717.3 1721.3 1783.5 1767.9 1815.9 1776.8 1886.1 1899.8 1888.3 1893.6 1891.7 1787.3 1875.4 1891.1
-999.0 -999.0 -999.0 -999.0 -999.0 -999.0 -999.0 -999.0 -999.0 -999.0 -999.0 -999.0 -999.0 -999.0 -999.0 -999.0 1953.4 1197.8 1664.3 1540.8 1384.9 1666.0 946.1 1106.8 1182.5 1302.3 1113.7 1278.7 1229.3 1347.2 1470.9 1376.5 1188.0 1384.8 1508.9 1812.2 1897.8 1920.8 1769.3 1749.3 1779.6 1780.7 1809.0 1782.3 1682.4 1708.3 1709.2 1531.1 1428.1 1637.0 1339.7 1399.9 1611.5 1582.8 1647.0 1709.8 1733.7 1780.6 1786.1 1882.3 1812.3 1860.4 1902.5 1813.5 1903.2 1894.1 1877.8 1877.9 1798.0 1881.8 1901.4
-999.0 -999.0 -999.0 -999.0 -999.0 -999.0 -999.0 -999.0 -999.0 -999.0 -999.0 -999.0 -999.0 -999.0 1918.8 1864.0 1540.5 1619.3 1779.9 1793.1 1614.5 1772.1 1522.4 1387.7 1147.5 1164.3 1064.8 1171.1 1134.7 1506.2 1361.8 1403.0 1640.7 1647.8 1757.6 1760.7 1843.2 1871.3 1768.5 1749.7 1750.4 1783.7 1756.5 1640.8 1702.7 1674.3 1739.2 1580.6 1506.2 1544.2 1613.2 1682.1 1580.3 1636.8 1689.9 1715.2 1752.4 1769.2 1845.9 1907.0 1961.8 1979.2 1940.3 1901.3 1891.2 1864.9 1885.0 1873.7 1798.0 1865.2 1902.5
-999.0 -999.0 -999.0 -999.0 -999.0 -999.0 -999.0 -999.0 -999.0 -999.0 -999.0 -999.0 -999.0 1852.9 1783.2 1783.2 1799.2 1875.1 1953.1 1934.5 1938.6 1874.6 1583.9 1428.0 1294.9 875.6 1286.3 1398.4 1368.6 1587.9 1195.2 1152.4 1252.9 1558.3 1736.0 1748.6 1775.7 1797.5 1757.3 1711.6 1745.7 1743.9 1720.7 1653.8 1615.8 1710.5 1710.6 1584.6 1585.4 1617.4 1644.2 1652.0 1649.1 1747.6 1737.2 1803.0 1932.0 1832.4 1887.4 1980.4 2055.5 2006.0 1907.2 1903.9 1883.0 1862.1 1853.5 1855.1 1750.5 1809.3 1870.7
-999.0 -999.0 -999.0 -999.0 -999.0 -999.0 -999.0 -999.0 -999.0 -999.0 -999.0 -999.0 1876.8 1670.2 1690.0 1747.3 -999.0 -999.0 -999.0 -999.0 1949.7 1373.1 1347.8 1337.5 1206.5 1309.5 1377.8 1131.9 1188.0 1345.6 847.6 995.5 1211.6 1324.9 1635.5 1831.7 1786.4 1761.0 1774.4 1755.2 1758.4 1761.6 1704.3 1728.6 1609.9 1681.9 1698.8 1669.7 1642.6 1644.3 1674.3 1756.3 1760.2 1785.6 1824.2 1879.8 1946.5 1944.5 1937.7 1962.6 1967.6 1944.5 1911.5 1890.1 1830.5 1794.8 1793.0 1810.6 1760.0 1793.4 1814.9
-999.0 -999.0 -999.0 -999.0 -999.0 -999.0 -999.0 -999.0 -999.0 -999.0 -999.0 -999.0 1839.5 1554.0 1823.3 1904.9 -999.0 -999.0 -999.0 -999.0 2010.0 1547.1 1243.6 1549.7 1187.3 1208.9 1232.6 1045.5 997.6 1226.8 998.0 1446.8 1432.3 1571.1 1725.9 1848.3 1825.8 1772.1 1763.5 1731.3 1690.1 1764.7 1697.9 1708.8 1691.8 1639.5 1722.7 1704.2 1755.3 1700.0 1653.6 1649.8 1671.4 1793.9 1844.9 1869.7 1894.5 1855.7 1886.7 1880.0 1870.0 1868.8 1784.0 1814.5 1683.5 1695.6 1700.0 1779.7 1763.9 1794.1 1816.2
-999.0 -999.0 -999.0 -999.0 -999.0 -999.0 -999.0 -999.0 -999.0 -999.0 -999.0 -999.0 -999.0 -999.0 -999.0 -999.0 -999.0 -999.0 -999.0 -999.0 2011.5 1470.3 1417.4 1554.5 1340.4 1472.4 1032.4 1077.7 1403.5 1213.3 1270.6 1423.2 1445.6 1680.5 1795.3 1868.7 1759.9 1761.6 1750.8 1758.0 1785.4 1777.9 1759.6 1751.2 1728.3 1689.7 1739.1 1764.4 1755.4 1728.9 1760.8 1724.1 1710.7 1852.5 1754.5 1688.9 1782.2 1789.2 1813.9 1875.1 1821.2 1739.8 1634.4 1665.2 1730.1 1726.7 1700.5 1763.4 1756.1 1797.8 1808.3
-999.0 -999.0 -999.0 -999.0 -999.0 -999.0 -999.0 -999.0 -999.0 -999.0 -999.0 -999.0 -999.0 -999.0 -999.0 -999.0 -999.0 -999.0 -999.0 -999.0 -999.0 1472.0 1938.4 1786.0 1460.2 1123.6 1193.9 1092.7 1129.9 1438.8 1416.1 1396.0 1696.9 1759.0 1846.4 1846.4 1808.1 1765.1 1801.5 1821.7 1814.1 1812.9 1799.3 1768.1 1766.7 1709.2 1708.5 1751.8 1624.9 1708.8 1810.1 1819.1 1813.2 1805.4 1815.1 1722.9 1702.1 1761.0 1693.6 1825.7 1837.4 1723.9 1724.1 1704.8 1732.0 1787.5 1735.2 1766.9 1798.8 1846.1 1822.3
-999.0 -999.0 -999.0 -999.0 -999.0 -999.0 -999.0 -999.0 -999.0 -999.0 -999.0 -999.0 -999.0 -999.0 -999.0 -999.0 -999.0 -999.0 -999.0 -999.0 -999.0 1757.8 1294.1 1203.9 1335.3 1366.4 1431.9 1275.3 1435.5 1428.7 1614.9 1774.7 1622.9 1799.5 1836.4 1688.8 1721.9 1748.6 1829.9 1896.4 1866.1 1781.6 1796.4 1705.5 1704.1 1705.1 1699.7 1724.3 1635.5 1636.4 1756.8 1817.4 1839.4 1818.6 1804.2 1778.3 1738.2 1704.8 1582.1 1716.0 1856.9 1802.3 1723.7 1648.4 1624.2 1688.8 1787.6 1781.1 1835.4 1878.0 1908.3
-999.0 -999.0 -999.0 -999.0 -999.0 -999.0 -999.0 -999.0 -999.0 -999.0 -999.0 -999.0 -999.0 -999.0 -999.0 -999.0 -999.0 -999.0 -999.0 -999.0 1822.0 1632.9 1708.2 1100.3 1459.8 1529.3 1338.5 1379.3 1499.8 1313.2 1664.7 1812.0 1604.8 1859.9 1378.2 1597.0 1738.9 1758.7 1703.7 1820.9 1817.8 1581.1 1618.7 1684.3 1775.3 1736.5 1743.0 1761.1 1758.6 1769.4 1800.9 1832.8 1829.7 1832.8 1813.4 1760.2 1767.4 1689.0 1728.2 1819.1 1856.6 1788.0 1697.9 1624.6 1603.1 1666.6 1796.6 1823.5 1883.7 1942.0 1969.8
-999.0 -999.0 -999.0 -999.0 -999.0 -999.0 -999.0 -999.0 -999.0 -999.0 -999.0 -999.0 -999.0 -999.0 -999.0 -999.0 -999.0 -999.0 -999.0 -999.0 2013.2 1751.5 1179.7 1574.2 1868.3 1623.7 1561.1 1410.6 1276.5 1337.7 1644.5 1768.0 1732.4 1805.1 1699.9 1649.3 1583.4 1583.9 1750.2 1736.6 1734.9 1700.8 1665.3 1765.7 1785.0 1758.6 1801.2 1789.9 1806.4 1869.4 1852.2 1839.0 1839.0 1837.6 1834.9 1808.9 1799.6 1738.8 1735.6 1809.2 1827.6 1739.4 1628.3 1562.9 1653.8 1658.5 1710.4 1801.8 1925.3 1918.3 1999.9
-999.0 -999.0 -999.0 -999.0 -999.0 -999.0 -999.0 -999.0 -999.0 -999.0 -999.0 -999.0 -999.0 -999.0 -999.0 -999.0 -999.0 -999.0 -999.0 -999.0 2078.0 1629.6 1902.8 1649.8 1663.8 1520.2 1501.5 1159.6 1328.0 1260.5 1519.7 1653.2 1791.7 1798.8 1706.7 1489.8 1388.3 1301.7 1660.3 1545.2 1651.3 1652.8 1685.6 1820.2 1792.4 1786.6 1830.8 1848.2 1913.8 1923.1 1819.7 1823.9 1851.9 1832.1 1743.7 1847.3 1820.6 1793.0 1798.9 1838.9 1818.9 1723.3 1670.2 1665.1 1695.3 1711.7 1797.0 1841.9 1859.3 1906.6 1980.6
-999.0 -999.0 -999.0 -999.0 -999.0 -999.0 -999.0 -999.0 -999.0 -999.0 -999.0 -999.0 -999.0 -999.0 -999.0 -999.0 -999.0 -999.0 -999.0 -999.0 -999.0 1842.5 1552.3 1352.2 1156.3 1064.9 1262.3 1283.3 1455.8 1685.5 1710.3 1762.1 1703.5 1694.5 1742.6 1620.5 1609.6 1370.9 1541.4 1630.5 1666.0 1589.3 1642.3 1820.3 1743.1 1830.0 1887.9 1783.0 1946.4 1957.7 1951.5 1890.7 1885.2 1852.7 1729.1 1796.7 1859.3 1806.1 1816.4 1826.9 1783.7 1704.8 1730.2 1754.7 1804.0 1764.4 1844.1 1791.2 1825.9 1929.9 1962.3
