GDD/GrowingDegreeDays_1991_Actual.txt
ncols         180
nrows         290
xllcorner     -200000
yllcorner     -200000
cellsize      5000
NODATA_value    -999
[rows 160 to 191 of 290, columns 71 to 141 of 180]
-999.0 -999.0 -999.0 -999.0 -999.0 -999.0 -999.0 -999.0 -999.0 -999.0 -999.0 -999.0 -999.0 -999.0 -999.0 -999.0 -999.0 -999.0 -999.0 -999.0 -999.0 -999.0 -999.0 -999.0 -999.0 -999.0 -999.0 -999.0 -999.0 -999.0 -999.0 -999.0 -999.0 -999.0 -999.0 1715.1 1716.3 1699.9 1635.5 1382.8 1260.0 1029.5 1318.8 1184.8 1586.8 1462.6 1467.6 1346.6 1282.1 1350.5 1261.7 1599.9 1600.4 1611.1 1632.7 1681.3 1600.9 1680.5 1692.3 1648.8 1680.9 1730.8 1712.2 1690.1 1671.5 1656.7 1530.3 1595.9 1678.4 1720.9 1741.6
-999.0 -999.0 -999.0 -999.0 -999.0 -999.0 -999.0 -999.0 -999.0 -999.0 -999.0 -999.0 -999.0 -999.0 -999.0 -999.0 -999.0 -999.0 -999.0 -999.0 -999.0 -999.0 -999.0 -999.0 -999.0 -999.0 -999.0 -999.0 -999.0 -999.0 -999.0 -999.0 -999.0 -999.0 -999.0 1749.9 1754.9 1752.5 1768.4 1680.2 1368.4 1561.2 1529.6 1635.2 1497.5 1208.7 1360.9 1243.4 1301.0 1234.8 1613.3 1327.7 1548.4 1462.5 1523.9 1534.6 1635.2 1659.2 1693.1 1706.0 1711.7 1717.7 1691.7 1667.3 1675.7 1684.9 1663.1 1582.1 1653.9 1723.8 1747.7
-999.0 -999.0 -999.0 -999.0 -999.0 -999.0 -999.0 -999.0 -999.0 -999.0 -999.0 -999.0 -999.0 -999.0 -999.0 -999.0 -999.0 -999.0 -999.0 -999.0 -999.0 -999.0 -999.0 -999.0 -999.0 -999.0 -999.0 -999.0 -999.0 -999.0 -999.0 -999.0 -999.0 -999.0 -999.0 1745.7 1769.5 1702.1 1797.2 1731.4 1611.8 1562.3 1600.5 1661.9 1510.5 1392.1 1379.2 1254.1 1117.2 1388.3 1500.9 1668.1 1544.3 1739.1 1689.8 1634.3 1595.7 1655.4 1673.0 1720.1 1714.1 1706.0 1686.8 1669.5 1676.2 1685.4 1681.5 1615.5 1589.4 1721.2 1821.9
-999.0 -999.0 -999.0 -999.0 -999.0 -999.0 -999.0 -999.0 -999.0 -999.0 -999.0 -999.0 -999.0 -999.0 -999.0 -999.0 -999.0 -999.0 -999.0 -999.0 -999.0 -999.0 -999.0 -999.0 -999.0 -999.0 -999.0 -999.0 -999.0 -999.0 -999.0 -999.0 -999.0 -999.0 -999.0 1766.0 1732.1 1700.2 1737.2 1732.6 1681.5 1676.2 1583.9 1458.2 1613.9 1527.0 1413.0 1050.3 1071.8 1093.1 1294.5 1517.1 1606.9 1607.7 1748.5 1799.5 1683.1 1623.6 1699.0 1724.9 1716.8 1726.9 1707.6 1693.8 1696.3 1707.0 1718.1 1626.6 1592.3 1782.4 1901.3
-999.0 -999.0 -999.0 -999.0 -999.0 -999.0 -999.0 -999.0 -999.0 -999.0 -999.0 -999.0 -999.0 -999.0 -999.0 -999.0 -999.0 -999.0 -999.0 -999.0 -999.0 -999.0 -999.0 -999.0 -999.0 -999.0 -999.0 -999.0 -999.0 -999.0 -999.0 -999.0 -999.0 -999.0 -999.0 1765.1 1764.2 1760.6 1780.1 1760.6 1740.4 1628.7 1605.8 1484.3 1416.6 1235.8 1131.7 1062.4 1272.3 1198.5 1403.8 1486.8 1646.6 1526.9 1638.5 1766.8 1808.0 1788.1 1754.0 1754.8 1735.1 1730.3 1730.3 1722.0 1718.0 1732.5 1731.4 1742.2 1705.0 1807.5 1899.2
-999.0 -999.0 -999.0 -999.0 -999.0 -999.0 -999.0 -999.0 -999.0 -999.0 -999.0 -999.0 -999.0 -999.0 -999.0 -999.0 -999.0 -999.0 -999.0 -999.0 -999.0 -999.0 -999.0 -999.0 -999.0 -999.0 -999.0 -999.0 -999.0 -999.0 -999.0 -999.0 -999.0 -999.0 -999.0 -999.0 1727.6 1748.3 1767.9 1761.9 1653.9 1445.7 1410.3 1347.1 1413.0 1432.4 1249.1 1276.9 1189.4 1315.6 1580.6 1795.8 1735.6 1687.3 1652.6 1824.8 1803.2 1711.8 1734.6 1778.1 1737.6 1746.0 1747.8 1747.1 1739.0 1744.3 1741.7 1736.3 1774.6 1798.0 1837.6
-999.0 -999.0 -999.0 -999.0 -999.0 -999.0 -999.0 -999.0 -999.0 -999.0 -999.0 -999.0 -999.0 -999.0 -999.0 -999.0 -999.0 -999.0 -999.0 -999.0 -999.0 -999.0 -999.0 -999.0 -999.0 -999.0 -999.0 -999.0 -999.0 -999.0 -999.0 -999.0 -999.0 -999.0 -999.0 1800.6 1751.9 1765.9 1786.3 1751.7 1664.1 1319.4 1278.0 1419.2 1196.3 1235.0 1326.1 1342.5 1078.2 1284.5 1333.6 1602.5 1850.5 1605.4 1772.6 1885.8 1738.9 1715.6 1774.2 1744.9 1765.7 1767.0 1758.2 1751.7 1749.0 1753.4 1642.6 1714.9 1761.0 1668.4 1725.4
-999.0 -999.0 -999.0 -999.0 -999.0 -999.0 -999.0 -999.0 -999.0 -999.0 -999.0 -999.0 -999.0 -999.0 -999.0 -999.0 -999.0 -999.0 -999.0 -999.0 -999.0 -999.0 -999.0 -999.0 -999.0 -999.0 -999.0 -999.0 -999.0 -999.0 -999.0 -999.0 -999.0 -999.0 -999.0 1819.5 1810.0 1790.0 1793.3 1606.6 1663.2 1579.8 1325.6 1557.5 1527.9 1480.0 1565.6 1524.9 1238.1 1322.2 1370.5 1703.2 1576.1 1448.5 1694.7 1645.0 1690.3 1645.4 1697.4 1736.1 1786.1 1790.7 1776.6 1766.3 1750.4 1769.5 1763.6 1707.6 1780.1 1749.6 1694.4
-999.0 -999.0 -999.0 -999.0 -999.0 -999.0 -999.0 -999.0 -999.0 -999.0 -999.0 -999.0 -999.0 -999.0 -999.0 -999.0 -999.0 -999.0 -999.0 -999.0 -999.0 -999.0 -999.0 -999.0 -999.0 -999.0 -999.0 -999.0 -999.0 -999.0 -999.0 -999.0 -999.0 -999.0 1767.4 1821.9 1805.1 1706.7 1726.1 1699.2 1728.2 1639.7 1614.7 1655.5 1679.1 1688.3 1645.5 1535.1 1265.0 1091.3 1061.1 1418.6 1319.1 1393.4 1653.9 1662.0 1751.4 1711.6 1705.4 1764.3 1803.6 1802.1 1791.9 1774.0 1748.9 1773.8 1769.5 1762.6 1767.5 1764.4 1641.1
-999.0 -999.0 -999.0 -999.0 -999.0 -999.0 -999.0 -999.0 -999.0 -999.0 -999.0 -999.0 -999.0 -999.0 -999.0 -999.0 -999.0 -999.0 -999.0 -999.0 -999.0 -999.0 -999.0 -999.0 -999.0 -999.0 -999.0 -999.0 -999.0 -999.0 -999.0 -999.0 -999.0 -999.0 -999.0 1808.1 1841.1 1796.7 1770.1 1607.4 1786.5 1785.2 1778.1 1750.0 1730.5 1761.0 1730.0 1628.4 1526.0 1169.0 1038.4 1005.7 1285.3 1321.3 1485.5 1634.2 1627.7 1810.3 1802.2 1722.0 1805.8 1822.4 1818.1 1778.0 1746.3 1762.1 1767.2 1750.2 1769.8 1775.3 1756.2
-999.0 -999.0 -999.0 -999.0 -999.0 -999.0 -999.0 -999.0 -999.0 -999.0 -999.0 -999.0 -999.0 -999.0 -999.0 -999.0 -999.0 -999.0 -999.0 -999.0 -999.0 -999.0 -999.0 -999.0 -999.0 -999.0 -999.0 -999.0 -999.0 -999.0 -999.0 -999.0 -999.0 -999.0 -999.0 1860.8 1871.7 1890.0 1877.2 1830.0 1811.3 1809.8 1840.1 1831.3 1875.1 1882.1 1833.8 1731.9 1539.8 1471.8 1073.4 944.2 996.8 1224.7 1425.3 1579.6 1714.1 1660.9 1748.8 1674.3 1784.8 1803.6 1817.5 1742.7 1725.4 1743.7 1734.3 1736.1 1753.5 1766.4 1720.2
-999.0 -999.0 -999.0 -999.0 -999.0 -999.0 -999.0 -999.0 -999.0 -999.0 -999.0 -999.0 -999.0 -999.0 -999.0 1735.4 1727.6 1686.2 1639.0 -999.0 -999.0 -999.0 -999.0 -999.0 -999.0 -999.0 -999.0 -999.0 -999.0 -999.0 -999.0 -999.0 -999.0 -999.0 1931.3 1964.5 1894.9 1918.4 1842.9 1836.9 1865.5 1852.6 1841.7 1863.0 1870.2 1892.1 1843.2 1757.0 1625.0 1318.3 1125.3 1116.4 1339.5 1187.0 1363.3 1734.2 1706.1 1796.4 1571.1 1602.0 1738.5 1730.0 1685.5 1629.5 1680.1 1728.4 1739.3 1720.3 1735.8 1769.1 1737.5
-999.0 -999.0 -999.0 -999.0 -999.0 -999.0 -999.0 -999.0 -999.0 -999.0 -999.0 -999.0 -999.0 -999.0 -999.0 1700.3 1655.1 1680.7 1740.3 -999.0 -999.0 -999.0 -999.0 -999.0 -999.0 -999.0 -999.0 -999.0 -999.0 -999.0 -999.0 -999.0 -999.0 2025.9 1901.6 1937.6 1921.6 1829.8 1898.0 1841.7 1884.0 1861.3 1840.5 1850.8 1828.0 1804.2 1818.4 1766.3 1671.1 1551.8 1144.3 1093.1 1363.6 1325.8 1479.3 1608.3 1871.3 1833.5 1663.2 1620.6 1697.5 1747.0 1700.9 1652.1 1690.2 1736.9 1751.8 1749.8 1718.8 1763.8 1731.8
-999.0 -999.0 -999.0 -999.0 -999.0 -999.0 -999.0 -999.0 -999.0 -999.0 -999.0 -999.0 -999.0 1678.6 1840.4 1822.2 1685.1 1709.2 1706.2 1842.7 1866.9 1865.2 -999.0 -999.0 1792.1 1886.8 -999.0 -999.0 -999.0 1913.8 1809.4 1814.5 -999.0 2019.7 1811.7 1885.9 1949.9 1930.7 1902.3 1794.9 1789.3 1758.5 1791.0 1752.1 1818.3 1736.8 1746.0 1723.5 1374.1 1662.6 1547.8 1272.5 1600.0 1517.4 1237.8 1758.4 1633.3 1774.1 1683.7 1660.8 1713.3 1738.1 1754.9 1815.9 1778.2 1789.2 1764.3 1786.4 1732.6 1781.3 1764.0
-999.0 -999.0 -999.0 -999.0 -999.0 -999.0 -999.0 -999.0 -999.0 -999.0 -999.0 -999.0 -999.0 -999.0 1842.1 1845.6 1793.7 1788.8 1802.9 1798.1 1700.5 1926.9 -999.0 1945.2 1816.1 1642.9 1757.6 1681.8 1928.8 1932.3 1538.2 1567.9 1694.0 -999.0 1892.4 1802.1 1842.8 1897.5 1875.4 1759.5 1836.0 1895.0 1872.9 1791.8 1745.8 1727.5 1627.9 1624.5 1337.2 1298.8 1370.4 1341.7 1376.5 1262.6 1328.3 1553.9 1748.4 1785.7 1605.6 1603.7 1727.8 1695.8 1766.1 1755.0 1762.0 1794.3 1771.1 1798.4 1743.1 1786.7 1786.3
-999.0 -999.0 -999.0 -999.0 -999.0 -999.0 -999.0 -999.0 -999.0 -999.0 -999.0 -999.0 -999.0 -999.0 -999.0 1849.7 1801.4 1771.6 1862.3 1892.3 1916.9 1961.2 1515.5 953.2 1758.6 1432.3 1414.8 1516.8 1689.2 1860.5 1824.7 1631.8 1468.5 1683.8 1895.4 1900.2 1826.3 1847.9 1806.1 1646.3 1745.9 1883.8 1907.6 1818.5 1752.8 1714.2 1615.3 1554.5 1192.5 1131.1 1312.1 1331.0 1464.9 1508.7 1455.0 1531.4 1730.9 1750.1 1629.0 1669.5 1717.6 1675.9 1749.5 1696.8 1771.0 1782.4 1787.2 1772.8 1672.5 1808.3 1805.9
-999.0 -999.0 -999.0 -999.0 -999.0 -999.0 -999.0 -999.0 -999.0 -999.0 -999.0 -999.0 -999.0 -999.0 -999.0 -999.0 1740.7 1850.3 1888.8 1918.2 1793.0 1558.8 711.0 1170.5 1898.0 1348.9 1624.9 1352.6 1426.6 1698.8 1837.9 1333.7 1542.0 1542.1 1738.8 1901.0 1846.8 1808.6 1835.0 1730.0 1713.8 1792.8 1823.4 1816.6 1740.6 1697.8 1640.8 1433.1 1332.9 1069.7 1258.8 1256.6 1301.3 1607.1 1485.1 1413.0 1583.6 1640.8 1617.1 1673.9 1674.1 1675.1 1733.2 1688.8 1774.5 1798.8 1777.5 1797.0 1783.2 1791.5 1812.9
-999.0 -999.0 -999.0 -999.0 -999.0 -999.0 -999.0 -999.0 -999.0 -999.0 -999.0 -999.0 -999.0 -999.0 -999.0 -999.0 -999.0 1857.6 1871.1 1684.8 1433.0 743.4 678.7 1125.9 1481.2 1498.5 1356.4 1229.0 1252.9 1280.5 1583.9 1713.7 1251.9 1515.5 1694.6 1731.3 1825.4 1832.0 1802.2 1775.0 1739.7 1779.3 1812.0 1772.4 1713.5 1672.2 1603.5 1441.4 1259.9 1173.0 1336.4 1371.6 1279.0 1440.0 1705.5 1454.0 1650.8 1611.0 1580.1 1656.9 1671.6 1693.2 1693.8 1688.5 1774.6 1807.6 1797.8 1837.0 1743.3 1790.6 1815.4
-999.0 -999.0 -999.0 -999.0 -999.0 -999.0 -999.0 -999.0 -999.0 -999.0 -999.0 -999.0 -999.0 -999.0 -999.0 -999.0 -999.0 1859.8 1761.0 1375.9 1208.8 1064.5 825.5 1342.1 1720.5 1495.3 1185.7 1111.8 1084.2 1278.6 1529.5 1754.6 1226.9 1345.7 1643.9 1717.5 1854.8 1841.9 1784.3 1693.5 1718.4 1741.7 1751.9 1759.3 1718.9 1652.4 1469.6 1384.2 1477.7 1138.4 1317.4 1311.4 1250.2 1306.2 1513.3 1626.0 1655.0 1712.5 1591.9 1557.0 1658.5 1685.4 1742.8 1742.8 1801.3 1800.1 1815.3 1841.9 1823.9 1779.0 1805.9
-999.0 -999.0 -999.0 -999.0 -999.0 -999.0 -999.0 -999.0 -999.0 -999.0 -999.0 -999.0 -999.0 -999.0 -999.0 -999.0 -999.0 1868.2 1701.0 1473.2 1493.6 1065.9 1177.6 1465.9 1431.0 1572.7 1355.8 1078.8 1205.2 1079.6 1282.1 1580.4 1270.3 1264.1 1419.6 1753.0 1815.3 1845.5 1743.3 1636.3 1661.6 1722.4 1740.0 1742.2 1690.9 1549.7 1486.4 1520.6 1492.8 1288.8 1336.4 1386.5 1440.6 1532.4 1541.2 1490.7 1734.5 1636.7 1624.0 1671.4 1654.5 1713.1 1674.9 1796.3 1810.6 1805.2 1822.8 1832.7 1708.1 1793.3 1817.2
-999.0 -999.0 -999.0 -999.0 -999.0 -999.0 -999.0 -999.0 -999.0 -999.0 -999.0 -999.0 -999.0 -999.0 -999.0 -999.0 1842.9 1050.6 1595.0 1450.6 1279.0 1628.0 803.5 979.7 1092.0 1238.5 1040.0 1239.7 1187.8 1286.7 1411.5 1304.4 1092.8 1295.1 1423.9 1746.7 1834.0 1856.1 1687.9 1665.4 1701.7 1715.7 1747.5 1709.9 1591.3 1606.0 1602.4 1454.3 1349.7 1548.7 1247.3 1353.7 1652.0 1601.1 1632.1 1682.7 1678.5 1708.6 1704.6 1759.4 1678.5 1740.4 1802.4 1711.5 1814.4 1808.9 1799.2 1798.9 1703.8 1795.0 1821.8
-999.0 -999.0 -999.0 -999.0 -999.0 -999.0 -999.0 -999.0 -999.0 -999.0 -999.0 -999.0 -999.0 -999.0 1821.5 1792.9 1444.2 1544.7 1723.2 1689.7 1493.8 1712.8 1412.8 1259.6 1024.5 1068.9 973.4 1093.2 1053.0 1433.9 1258.2 1323.8 1599.2 1604.8 1705.5 1689.1 1772.1 1799.7 1684.7 1664.9 1664.5 1707.9 1682.5 1554.7 1621.4 1582.2 1634.4 1482.4 1414.4 1455.8 1546.6 1652.1 1589.2 1644.7 1662.2 1657.0 1664.2 1677.5 1766.8 1765.7 1786.7 1845.5 1835.1 1807.4 1803.2 1777.0 1800.4 1787.5 1701.8 1779.3 1823.3
-999.0 -999.0 -999.0 -999.0 -999.0 -999.0 -999.0 -999.0 -999.0 -999.0 -999.0 -999.0 -999.0 1773.1 1724.4 1735.8 1745.3 1806.3 1863.4 1849.3 1875.0 1804.7 1471.1 1305.3 1189.1 746.2 1211.3 1331.8 1286.9 1513.7 1077.7 1066.2 1201.9 1517.2 1675.1 1668.3 1691.6 1713.9 1671.9 1619.6 1658.8 1660.4 1638.9 1566.2 1525.8 1626.2 1613.5 1480.6 1494.4 1533.8 1569.1 1591.3 1608.3 1721.5 1683.2 1735.7 1806.5 1722.5 1772.5 1841.1 1896.7 1880.1 1796.9 1810.4 1796.7 1773.0 1761.4 1761.6 1650.8 1720.9 1791.9
-999.0 -999.0 -999.0 -999.0 -999.0 -999.0 -999.0 -999.0 -999.0 -999.0 -999.0 -999.0 1788.7 1592.1 1625.5 1689.0 -999.0 -999.0 -999.0 -999.0 1843.8 1238.7 1235.8 1239.3 1114.1 1229.2 1315.1 1039.6 1086.3 1260.4 729.4 929.4 1190.8 1241.1 1532.8 1744.1 1694.9 1667.4 1687.9 1669.9 1675.3 1678.8 1619.9 1650.0 1519.4 1590.7 1590.6 1568.5 1555.8 1561.8 1592.5 1691.4 1707.0 1733.9 1757.9 1785.4 1832.5 1840.7 1827.2 1844.4 1852.8 1841.8 1810.7 1797.2 1736.6 1697.2 1695.7 1716.0 1665.2 1704.1 1727.8
-999.0 -999.0 -999.0 -999.0 -999.0 -999.0 -999.0 -999.0 -999.0 -999.0 -999.0 -999.0 1738.3 1459.2 1748.2 1800.4 -999.0 -999.0 -999.0 -999.0 1874.7 1441.6 1143.3 1501.2 1112.2 1129.7 1161.6 952.5 884.9 1138.3 901.0 1415.2 1387.6 1482.1 1617.8 1750.4 1729.3 1675.7 1670.4 1640.4 1598.7 1683.2 1617.7 1631.2 1613.3 1546.5 1626.0 1613.2 1678.3 1622.0 1569.9 1569.1 1592.9 1726.2 1784.9 1804.5 1808.8 1755.8 1781.8 1768.3 1759.8 1762.6 1675.3 1720.4 1578.1 1593.1 1598.6 1688.3 1671.6 1703.5 1725.4
-999.0 -999.0 -999.0 -999.0 -999.0 -999.0 -999.0 -999.0 -999.0 -999.0 -999.0 -999.0 -999.0 -999.0 -999.0 -999.0 -999.0 -999.0 -999.0 -999.0 1869.5 1361.0 1355.6 1523.1 1286.1 1429.9 965.1 1031.7 1358.9 1123.1 1186.9 1353.7 1365.5 1594.7 1700.1 1775.7 1658.8 1661.9 1646.5 1660.5 1692.7 1698.0 1684.0 1674.9 1655.0 1613.2 1668.0 1699.0 1689.1 1657.7 1688.9 1643.7 1619.9 1760.2 1655.0 1594.6 1694.4 1695.2 1710.2 1771.3 1713.7 1633.3 1532.4 1568.1 1635.7 1627.7 1598.2 1666.1 1656.8 1703.6 1707.7
-999.0 -999.0 -999.0 -999.0 -999.0 -999.0 -999.0 -999.0 -999.0 -999.0 -999.0 -999.0 -999.0 -999.0 -999.0 -999.0 -999.0 -999.0 -999.0 -999.0 -999.0 1383.6 1927.3 1761.1 1407.6 1044.2 1184.4 1078.8 1054.0 1394.3 1340.9 1304.8 1631.4 1685.0 1769.1 1760.4 1717.8 1653.1 1676.5 1700.4 1717.1 1731.1 1722.8 1686.7 1695.3 1648.7 1668.8 1725.6 1569.5 1638.6 1744.0 1747.4 1721.0 1686.3 1694.8 1610.0 1598.9 1663.0 1588.2 1729.2 1742.8 1633.2 1623.0 1615.2 1641.6 1692.4 1634.7 1671.7 1698.6 1748.6 1713.5
-999.0 -999.0 -999.0 -999.0 -999.0 -999.0 -999.0 -999.0 -999.0 -999.0 -999.0 -999.0 -999.0 -999.0 -999.0 -999.0 -999.0 -999.0 -999.0 -999.0 -999.0 1694.0 1217.8 1118.9 1261.0 1309.7 1402.6 1223.8 1382.9 1371.9 1549.6 1705.0 1526.4 1718.0 1758.8 1588.1 1620.1 1635.4 1690.7 1762.9 1763.3 1695.2 1714.5 1619.4 1633.5 1656.0 1688.8 1749.4 1592.3 1555.3 1681.1 1744.9 1753.7 1709.6 1691.4 1674.3 1636.7 1601.4 1470.7 1614.3 1760.7 1711.3 1621.7 1553.0 1525.8 1580.1 1684.2 1677.0 1722.4 1766.0 1797.5
-999.0 -999.0 -999.0 -999.0 -999.0 -999.0 -999.0 -999.0 -999.0 -999.0 -999.0 -999.0 -999.0 -999.0 -999.0 -999.0 -999.0 -999.0 -999.0 -999.0 1697.3 1547.9 1658.5 973.6 1353.4 1459.4 1256.2 1298.2 1431.2 1222.8 1589.0 1716.2 1489.5 1779.8 1257.0 1494.5 1648.6 1659.8 1582.2 1708.6 1729.8 1504.3 1547.1 1614.8 1715.0 1682.9 1705.0 1741.5 1698.3 1686.0 1725.3 1758.8 1746.6 1736.6 1716.7 1662.2 1673.6 1589.8 1631.8 1714.0 1739.8 1679.3 1600.1 1531.2 1505.8 1561.6 1697.1 1714.0 1759.0 1806.6 1841.2
-999.0 -999.0 -999.0 -999.0 -999.0 -999.0 -999.0 -999.0 -999.0 -999.0 -999.0 -999.0 -999.0 -999.0 -999.0 -999.0 -999.0 -999.0 -999.0 -999.0 1883.7 1652.1 1076.5 1455.9 1754.7 1541.4 1479.8 1319.7 1172.6 1237.0 1564.7 1675.5 1634.7 1725.7 1608.8 1552.8 1485.9 1478.8 1660.6 1648.5 1659.4 1651.6 1613.2 1712.0 1722.0 1678.1 1710.9 1694.4 1699.8 1770.5 1763.2 1759.2 1751.0 1742.9 1743.2 1716.7 1707.1 1642.0 1634.3 1696.2 1710.2 1638.3 1531.3 1465.4 1565.0 1568.3 1618.2 1699.7 1798.1 1768.5 1859.2
-999.0 -999.0 -999.0 -999.0 -999.0 -999.0 -999.0 -999.0 -999.0 -999.0 -999.0 -999.0 -999.0 -999.0 -999.0 -999.0 -999.0 -999.0 -999.0 -999.0 1913.9 1493.1 1878.4 1576.7 1584.6 1445.4 1427.7 1058.1 1244.3 1170.3 1455.2 1588.9 1726.7 1727.1 1617.6 1376.2 1279.6 1187.3 1576.7 1451.8 1574.7 1588.5 1623.7 1757.9 1720.1 1701.8 1723.2 1712.5 1778.3 1802.3 1705.5 1719.4 1759.0 1741.2 1643.8 1754.1 1721.6 1689.6 1697.4 1733.8 1710.5 1623.1 1578.8 1575.5 1613.3 1640.3 1731.2 1763.8 1749.3 1769.3 1863.9
-999.0 -999.0 -999.0 -999.0 -999.0 -999.0 -999.0 -999.0 -999.0 -999.0 -999.0 -999.0 -999.0 -999.0 -999.0 -999.0 -999.0 -999.0 -999.0 -999.0 -999.0 1870.8 1532.9 1250.2 1061.3 993.0 1206.7 1214.4 1395.0 1661.2 1693.4 1737.8 1645.6 1619.9 1666.2 1525.4 1512.7 1253.4 1441.3 1542.7 1580.0 1495.6 1546.0 1732.3 1645.8 1736.0 1776.1 1631.3 1796.0 1809.7 1813.2 1764.5 1780.8 1760.4 1626.8 1685.5 1748.2 1695.7 1710.4 1722.9 1678.7 1605.4 1640.2 1669.7 1731.1 1694.4 1781.0 1706.9 1726.5 1823.2 1859.3
