GDD/GrowingDegreeDays_1972_Actual.txt
ncols         180
nrows         290
xllcorner     -200000
yllcorner     -200000
cellsize      5000
NODATA_value    -999
[rows 160 to 191 of 290, columns 72 to 143 of 180]
-999.0 -999.0 -999.0 -999.0 -999.0 -999.0 -999.0 -999.0 -999.0 -999.0 -999.0 -999.0 -999.0 -999.0 -999.0 -999.0 -999.0 -999.0 -999.0 -999.0 -999.0 -999.0 -999.0 -999.0 -999.0 -999.0 -999.0 -999.0 -999.0 -999.0 -999.0 -999.0 -999.0 -999.0 1529.8 1491.7 1455.8 1404.6 1160.7 1047.7 828.3 1075.7 964.6 1327.1 1220.4 1230.2 1109.7 1044.8 1107.0 1036.6 1353.7 1341.9 1330.3 1342.2 1379.6 1309.9 1381.6 1414.0 1440.7 1488.1 1510.9 1467.8 1419.6 1394.1 1376.7 1259.0 1314.1 1382.7 1419.6 1427.1 1398.2 1405.0
-999.0 -999.0 -999.0 -999.0 -999.0 -999.0 -999.0 -999.0 -999.0 -999.0 -999.0 -999.0 -999.0 -999.0 -999.0 -999.0 -999.0 -999.0 -999.0 -999.0 -999.0 -999.0 -999.0 -999.0 -999.0 -999.0 -999.0 -999.0 -999.0 -999.0 -999.0 -999.0 -999.0 -999.0 1542.9 1490.9 1474.7 1500.0 1427.4 1146.3 1314.3 1280.9 1375.0 1259.1 1017.9 1155.6 1005.1 1049.1 996.3 1338.2 1100.1 1304.1 1220.8 1270.6 1270.2 1342.0 1339.9 1376.6 1437.5 1455.0 1462.0 1417.8 1374.9 1381.3 1393.7 1378.0 1305.1 1366.0 1427.4 1437.5 1428.5 1405.3
-999.0 -999.0 -999.0 -999.0 -999.0 -999.0 -999.0 -999.0 -999.0 -999.0 -999.0 -999.0 -999.0 -999.0 -999.0 -999.0 -999.0 -999.0 -999.0 -999.0 -999.0 -999.0 -999.0 -999.0 -999.0 -999.0 -999.0 -999.0 -999.0 -999.0 -999.0 -999.0 -999.0 -999.0 1545.6 1500.9 1417.5 1524.7 1479.4 1373.1 1323.8 1356.5 1409.5 1281.8 1190.8 1192.2 1015.0 881.0 1118.1 1215.1 1411.0 1326.1 1501.2 1448.0 1387.3 1326.4 1349.2 1370.3 1431.6 1424.9 1429.4 1401.6 1372.0 1377.9 1395.0 1396.0 1335.5 1311.1 1425.9 1508.7 1506.5 1428.2
-999.0 -999.0 -999.0 -999.0 -999.0 -999.0 -999.0 -999.0 -999.0 -999.0 -999.0 -999.0 -999.0 -999.0 -999.0 -999.0 -999.0 -999.0 -999.0 -999.0 -999.0 -999.0 -999.0 -999.0 -999.0 -999.0 -999.0 -999.0 -999.0 -999.0 -999.0 -999.0 -999.0 -999.0 1521.3 1454.9 1417.2 1478.3 1502.9 1457.2 1439.7 1352.4 1240.9 1378.9 1304.7 1197.2 842.9 840.0 851.8 1038.4 1273.4 1381.1 1370.2 1495.5 1541.6 1425.5 1351.3 1414.0 1438.6 1432.1 1446.1 1425.4 1406.2 1410.8 1430.1 1446.1 1363.1 1338.6 1511.3 1609.5 1589.9 1522.8
-999.0 -999.0 -999.0 -999.0 -999.0 -999.0 -999.0 -999.0 -999.0 -999.0 -999.0 -999.0 -999.0 -999.0 -999.0 -999.0 -999.0 -999.0 -999.0 -999.0 -999.0 -999.0 -999.0 -999.0 -999.0 -999.0 -999.0 -999.0 -999.0 -999.0 -999.0 -999.0 -999.0 -999.0 1514.6 1477.4 1474.7 1523.8 1538.6 1519.1 1398.6 1372.1 1268.1 1205.2 1032.5 923.9 842.8 1022.1 957.8 1156.5 1247.9 1391.1 1266.6 1380.7 1499.3 1535.9 1522.4 1489.6 1476.9 1455.5 1452.9 1456.8 1448.8 1448.1 1468.7 1469.5 1487.2 1460.5 1557.9 1628.4 1619.0 1550.5
-999.0 -999.0 -999.0 -999.0 -999.0 -999.0 -999.0 -999.0 -999.0 -999.0 -999.0 -999.0 -999.0 -999.0 -999.0 -999.0 -999.0 -999.0 -999.0 -999.0 -999.0 -999.0 -999.0 -999.0 -999.0 -999.0 -999.0 -999.0 -999.0 -999.0 -999.0 -999.0 -999.0 -999.0 -999.0 1429.0 1456.4 1501.3 1521.8 1425.1 1221.5 1182.3 1137.5 1206.7 1207.0 1029.2 1037.8 947.3 1069.6 1323.4 1528.7 1461.3 1402.6 1386.1 1532.6 1524.4 1468.9 1485.0 1508.6 1462.2 1473.5 1481.6 1481.1 1474.9 1481.1 1481.1 1479.5 1517.7 1545.1 1581.4 1574.9 -999.0
-999.0 -999.0 -999.0 -999.0 -999.0 -999.0 -999.0 -999.0 -999.0 -999.0 -999.0 -999.0 -999.0 -999.0 -999.0 -999.0 -999.0 -999.0 -999.0 -999.0 -999.0 -999.0 -999.0 -999.0 -999.0 -999.0 -999.0 -999.0 -999.0 -999.0 -999.0 -999.0 -999.0 -999.0 1523.9 1442.6 1464.1 1499.0 1491.0 1416.7 1093.2 1038.4 1159.3 999.5 1027.0 1101.9 1105.4 859.8 1049.8 1105.4 1362.5 1534.8 1345.1 1490.8 1578.3 1473.8 1459.6 1513.1 1479.8 1494.0 1497.5 1494.0 1491.5 1484.6 1485.4 1391.2 1461.9 1491.1 1403.8 1444.8 1496.4 1499.5
-999.0 -999.0 -999.0 -999.0 -999.0 -999.0 -999.0 -999.0 -999.0 -999.0 -999.0 -999.0 -999.0 -999.0 -999.0 -999.0 -999.0 -999.0 -999.0 -999.0 -999.0 -999.0 -999.0 -999.0 -999.0 -999.0 -999.0 -999.0 -999.0 -999.0 -999.0 -999.0 -999.0 -999.0 1528.4 1497.7 1488.5 1503.7 1354.8 1405.8 1313.2 1061.3 1241.0 1256.4 1246.5 1350.9 1297.7 1022.0 1085.5 1123.0 1422.1 1295.2 1205.4 1429.8 1373.8 1432.8 1394.7 1439.8 1471.5 1521.4 1529.4 1518.0 1505.2 1482.9 1499.6 1497.5 1440.8 1487.5 1443.9 1392.2 1444.6 1486.4
-999.0 -999.0 -999.0 -999.0 -999.0 -999.0 -999.0 -999.0 -999.0 -999.0 -999.0 -999.0 -999.0 -999.0 -999.0 -999.0 -999.0 -999.0 -999.0 -999.0 -999.0 -999.0 -999.0 -999.0 -999.0 -999.0 -999.0 -999.0 -999.0 -999.0 -999.0 -999.0 -999.0 1525.3 1532.1 1514.9 1424.2 1442.5 1430.8 1463.4 1378.7 1337.6 1370.0 1422.1 1458.2 1433.3 1325.7 1062.3 881.2 843.0 1155.4 1059.8 1135.5 1377.8 1395.4 1492.7 1459.7 1452.1 1507.5 1548.1 1551.1 1536.4 1516.1 1490.2 1513.1 1508.4 1492.0 1477.7 1461.6 1343.5 1390.0 1424.0
-999.0 -999.0 -999.0 -999.0 -999.0 -999.0 -999.0 -999.0 -999.0 -999.0 -999.0 -999.0 -999.0 -999.0 -999.0 -999.0 -999.0 -999.0 -999.0 -999.0 -999.0 -999.0 -999.0 -999.0 -999.0 -999.0 -999.0 -999.0 -999.0 -999.0 -999.0 -999.0 -999.0 -999.0 1514.3 1554.2 1511.9 1484.3 1345.7 1523.4 1521.5 1508.6 1498.8 1505.0 1551.8 1533.7 1430.2 1310.3 966.4 822.3 771.8 1020.8 1054.4 1210.6 1361.8 1372.3 1542.3 1539.0 1474.8 1556.1 1566.3 1553.6 1523.8 1501.7 1510.6 1504.5 1473.9 1476.5 1473.8 1446.6 1277.7 1393.9
-999.0 -999.0 -999.0 -999.0 -999.0 -999.0 -999.0 -999.0 -999.0 -999.0 -999.0 -999.0 -999.0 -999.0 -999.0 -999.0 -999.0 -999.0 -999.0 -999.0 -999.0 -999.0 -999.0 -999.0 -999.0 -999.0 -999.0 -999.0 -999.0 -999.0 -999.0 -999.0 -999.0 -999.0 1581.3 1584.7 1583.6 1565.9 1537.1 1537.0 1540.2 1569.3 1581.3 1656.4 1686.3 1645.7 1536.7 1330.2 1236.7 853.3 719.6 754.3 955.9 1149.6 1310.7 1445.0 1398.4 1482.4 1428.0 1534.7 1540.9 1547.7 1517.5 1508.1 1504.0 1475.9 1459.8 1469.3 1473.4 1424.4 1295.6 1359.9
-999.0 -999.0 -999.0 -999.0 -999.0 -999.0 -999.0 -999.0 -999.0 -999.0 -999.0 -999.0 -999.0 -999.0 1602.1 1559.3 1528.3 1509.1 -999.0 -999.0 -999.0 -999.0 -999.0 -999.0 -999.0 -999.0 -999.0 -999.0 -999.0 -999.0 -999.0 -999.0 -999.0 1621.0 1667.7 1618.7 1616.8 1537.8 1535.7 1563.7 1569.9 1571.8 1611.9 1656.8 1702.3 1657.2 1552.8 1399.0 1090.7 888.6 867.8 1059.5 921.2 1104.4 1473.1 1456.5 1522.3 1321.5 1358.2 1488.6 1489.8 1495.3 1497.1 1496.1 1498.9 1483.9 1450.5 1458.4 1488.9 1470.9 1433.9 1297.6
-999.0 -999.0 -999.0 -999.0 -999.0 -999.0 -999.0 -999.0 -999.0 -999.0 -999.0 -999.0 -999.0 -999.0 1524.2 1429.2 1453.2 1551.5 -999.0 -999.0 -999.0 -999.0 -999.0 -999.0 -999.0 -999.0 -999.0 -999.0 -999.0 -999.0 -999.0 -999.0 1700.6 1576.0 1632.1 1632.1 1555.7 1599.8 1541.1 1574.6 1575.5 1570.6 1595.8 1611.5 1610.3 1622.5 1549.8 1423.9 1278.8 886.7 829.7 1076.5 1054.0 1222.6 1373.2 1631.9 1569.7 1407.2 1371.6 1451.9 1523.1 1535.7 1509.0 1482.2 1497.9 1490.4 1475.1 1440.3 1482.7 1464.9 1447.6 1313.1
-999.0 -999.0 -999.0 -999.0 -999.0 -999.0 -999.0 -999.0 -999.0 -999.0 -999.0 -999.0 1602.3 1699.7 1613.7 1434.4 1434.4 1460.8 1618.5 1701.0 1748.4 -999.0 -999.0 1618.1 1701.5 -999.0 -999.0 -999.0 1624.8 1513.6 1520.8 -999.0 1678.6 1516.9 1600.1 1652.8 1596.5 1596.0 1509.2 1509.5 1497.1 1530.7 1489.8 1567.9 1522.7 1532.8 1497.5 1142.1 1358.6 1226.7 989.4 1291.1 1232.3 1006.2 1499.3 1400.1 1520.4 1423.5 1402.8 1461.0 1506.3 1554.1 1498.0 1498.8 1526.7 1495.8 1508.4 1455.6 1496.9 1483.9 1455.0 1405.8
-999.0 -999.0 -999.0 -999.0 -999.0 -999.0 -999.0 -999.0 -999.0 -999.0 -999.0 -999.0 -999.0 1724.5 1659.4 1547.6 1500.9 1510.9 1529.6 1483.7 1737.1 -999.0 1713.0 1577.9 1411.5 1526.5 1430.4 1628.4 1607.9 1239.7 1269.8 1385.4 -999.0 1602.4 1557.6 1573.8 1597.1 1576.8 1464.2 1553.2 1646.7 1629.8 1525.4 1487.3 1485.0 1428.3 1428.5 1108.4 1019.4 1051.3 1042.0 1091.7 1000.1 1079.6 1303.5 1473.7 1509.5 1342.1 1342.0 1452.3 1438.6 1525.6 1492.2 1491.7 1522.0 1496.6 1525.2 1481.3 1505.7 1498.3 1470.8 1452.4
-999.0 -999.0 -999.0 -999.0 -999.0 -999.0 -999.0 -999.0 -999.0 -999.0 -999.0 -999.0 -999.0 -999.0 1718.7 1595.8 1500.1 1565.6 1589.7 1621.5 1707.2 1290.9 781.0 1446.3 1142.0 1148.0 1229.0 1380.8 1524.1 1480.4 1319.1 1194.2 1391.8 1598.3 1619.6 1566.2 1573.6 1497.1 1324.8 1435.6 1641.0 1665.3 1554.3 1485.0 1468.4 1419.7 1369.2 969.7 853.4 989.7 1025.7 1166.4 1234.1 1200.9 1258.3 1439.1 1465.4 1363.9 1392.1 1418.2 1383.0 1475.0 1434.0 1501.3 1507.5 1510.8 1493.4 1395.3 1525.4 1515.9 1492.1 1480.4
-999.0 -999.0 -999.0 -999.0 -999.0 -999.0 -999.0 -999.0 -999.0 -999.0 -999.0 -999.0 -999.0 -999.0 -999.0 1596.8 1632.4 1620.6 1623.2 1511.0 1313.6 548.6 928.9 1527.6 1038.4 1299.9 1059.4 1125.2 1370.5 1490.8 1056.9 1258.3 1265.8 1446.0 1616.1 1571.1 1524.4 1508.7 1392.2 1402.5 1521.3 1558.9 1542.8 1471.0 1440.2 1404.3 1212.3 1087.6 808.8 966.3 963.0 1015.5 1317.5 1218.5 1137.6 1284.6 1352.7 1355.5 1418.1 1381.3 1381.1 1448.4 1418.4 1497.5 1517.1 1497.7 1518.3 1513.1 1507.8 1523.1 1517.5 1507.3
-999.0 -999.0 -999.0 -999.0 -999.0 -999.0 -999.0 -999.0 -999.0 -999.0 -999.0 -999.0 -999.0 -999.0 -999.0 -999.0 1686.0 1636.6 1426.1 1197.5 581.2 511.1 882.8 1133.4 1143.2 1055.2 949.9 960.3 986.9 1261.4 1383.5 1004.3 1237.4 1388.3 1448.2 1539.8 1539.9 1494.8 1454.7 1432.7 1480.2 1519.6 1491.1 1441.0 1406.2 1342.5 1187.3 1005.3 905.4 1047.1 1073.1 992.8 1149.6 1392.0 1176.4 1358.1 1327.1 1330.3 1433.9 1444.2 1424.5 1416.0 1415.9 1494.6 1522.9 1510.8 1542.2 1465.6 1503.0 1520.6 1524.6 1528.2
-999.0 -999.0 -999.0 -999.0 -999.0 -999.0 -999.0 -999.0 -999.0 -999.0 -999.0 -999.0 -999.0 -999.0 -999.0 -999.0 1703.3 1545.5 1152.3 994.5 865.4 643.7 1091.1 1313.3 1118.5 902.4 829.5 789.9 975.5 1211.6 1401.7 957.6 1066.3 1320.4 1415.4 1553.3 1542.5 1484.1 1397.8 1411.1 1433.5 1454.5 1470.7 1440.2 1381.9 1211.3 1119.1 1195.0 879.5 1039.3 1020.2 956.7 1014.5 1207.8 1319.4 1359.0 1428.0 1344.3 1337.3 1422.0 1421.5 1466.6 1467.9 1522.3 1516.5 1518.5 1519.7 1487.5 1464.1 1503.8 1508.8 1532.8
-999.0 -999.0 -999.0 -999.0 -999.0 -999.0 -999.0 -999.0 -999.0 -999.0 -999.0 -999.0 -999.0 -999.0 -999.0 -999.0 1690.1 1477.0 1225.0 1234.2 851.1 963.7 1212.7 1110.8 1221.6 1056.1 795.5 899.1 804.7 1002.9 1267.2 998.3 1021.0 1142.3 1464.1 1525.2 1548.8 1451.3 1353.9 1365.3 1414.8 1438.4 1446.9 1409.5 1290.4 1222.9 1219.4 1194.6 1035.0 1064.5 1079.6 1101.7 1191.7 1218.5 1186.3 1424.9 1358.7 1358.9 1414.3 1396.3 1445.1 1408.2 1519.1 1533.3 1521.1 1523.5 1513.7 1396.5 1479.5 1509.1 1524.1 1530.9
-999.0 -999.0 -999.0 -999.0 -999.0 -999.0 -999.0 -999.0 -999.0 -999.0 -999.0 -999.0 -999.0 -999.0 -999.0 1673.4 897.4 1336.9 1187.1 1023.0 1328.6 629.7 790.6 858.7 972.3 784.1 951.9 902.1 1014.6 1132.2 1034.0 843.1 1031.9 1152.0 1454.7 1541.0 1560.9 1406.4 1385.6 1414.7 1413.5 1440.8 1411.4 1308.4 1330.0 1334.6 1161.5 1060.4 1268.8 974.5 1032.9 1246.3 1217.8 1288.3 1367.8 1386.1 1423.6 1436.6 1498.6 1434.6 1485.2 1530.3 1441.8 1533.8 1523.1 1503.6 1494.0 1400.5 1478.3 1515.3 1502.5 1520.2
-999.0 -999.0 -999.0 -999.0 -999.0 -999.0 -999.0 -999.0 -999.0 -999.0 -999.0 -999.0 -999.0 1672.4 1602.3 1254.0 1313.4 1453.5 1436.1 1247.2 1447.5 1224.6 1081.2 829.4 839.3 738.1 845.2 806.5 1171.8 1027.3 1060.9 1290.3 1291.2 1394.8 1398.7 1480.1 1506.9 1402.1 1382.2 1381.9 1413.7 1384.6 1268.8 1325.5 1294.1 1359.2 1204.8 1133.1 1169.5 1238.4 1309.8 1208.3 1264.2 1316.7 1343.9 1368.3 1400.8 1503.3 1527.9 1570.8 1595.7 1564.0 1527.1 1517.8 1491.3 1510.2 1492.1 1410.1 1475.3 1521.9 1505.0 1501.7
-999.0 -999.0 -999.0 -999.0 -999.0 -999.0 -999.0 -999.0 -999.0 -999.0 -999.0 -999.0 1621.0 1539.1 1524.5 1523.9 1584.7 1645.8 1606.4 1609.2 1567.0 1290.5 1126.2 980.5 549.0 961.6 1076.7 1041.6 1251.6 860.1 812.0 906.0 1199.6 1369.5 1380.4 1408.4 1430.1 1389.6 1341.9 1374.2 1371.5 1347.3 1278.4 1237.6 1326.2 1319.4 1197.9 1204.3 1238.1 1267.4 1275.2 1272.8 1370.0 1347.4 1396.8 1552.6 1454.4 1514.6 1594.0 1659.4 1621.1 1529.1 1527.9 1509.1 1487.3 1477.8 1476.2 1370.1 1429.0 1495.0 1506.0 1495.5
-999.0 -999.0 -999.0 -999.0 -999.0 -999.0 -999.0 -999.0 -999.0 -999.0 -999.0 1672.7 1438.0 1447.3 1494.2 -999.0 -999.0 -999.0 -999.0 1640.3 1062.4 1042.1 1027.6 888.9 986.4 1051.8 810.9 863.8 1013.6 509.5 653.3 863.2 964.5 1256.7 1453.3 1415.5 1391.0 1402.3 1382.2 1384.0 1385.2 1328.0 1350.1 1228.7 1288.2 1291.2 1272.5 1258.0 1264.6 1295.9 1378.9 1383.4 1405.9 1436.6 1486.9 1566.3 1566.1 1557.1 1575.8 1581.8 1563.5 1533.8 1513.8 1454.2 1418.9 1416.2 1433.0 1382.1 1415.7 1441.4 1503.7 1500.5
-999.0 -999.0 -999.0 -999.0 -999.0 -999.0 -999.0 -999.0 -999.0 -999.0 -999.0 1655.0 1329.7 1592.9 1665.1 -999.0 -999.0 -999.0 -999.0 1710.0 1237.6 932.9 1233.9 868.2 886.2 907.8 720.3 671.5 901.8 662.6 1104.0 1079.0 1202.6 1342.3 1468.3 1452.1 1400.0 1390.2 1355.8 1315.3 1385.9 1320.3 1329.1 1310.1 1251.3 1325.4 1313.7 1371.8 1321.4 1275.7 1272.9 1293.9 1416.8 1466.2 1490.9 1514.6 1473.9 1498.4 1487.6 1486.4 1487.9 1404.7 1437.7 1306.4 1318.4 1322.6 1402.3 1386.3 1418.2 1441.9 1502.3 1513.2
-999.0 -999.0 -999.0 -999.0 -999.0 -999.0 -999.0 -999.0 -999.0 -999.0 -999.0 -999.0 -999.0 -999.0 -999.0 -999.0 -999.0 -999.0 -999.0 1717.8 1164.6 1106.0 1236.7 1018.9 1146.3 705.5 754.1 1090.3 903.9 948.3 1084.1 1095.4 1315.7 1421.4 1494.5 1387.4 1387.3 1375.0 1380.9 1407.9 1397.2 1377.6 1367.9 1346.5 1308.5 1356.2 1383.6 1377.9 1350.9 1381.8 1346.1 1334.1 1476.8 1376.3 1309.6 1403.2 1408.3 1428.9 1488.2 1439.8 1359.7 1254.2 1285.0 1350.8 1348.3 1321.7 1384.2 1375.9 1419.5 1431.7 1500.4 1517.2
-999.0 -999.0 -999.0 -999.0 -999.0 -999.0 -999.0 -999.0 -999.0 -999.0 -999.0 -999.0 -999.0 -999.0 -999.0 -999.0 -999.0 -999.0 -999.0 -999.0 1169.8 1628.5 1465.8 1135.4 794.2 867.3 768.7 818.4 1138.1 1098.6 1060.4 1346.8 1398.8 1479.5 1474.9 1437.7 1393.5 1418.2 1434.3 1431.9 1430.4 1416.4 1385.1 1384.2 1331.1 1336.2 1383.1 1253.2 1332.3 1432.5 1440.0 1435.6 1428.6 1440.2 1343.5 1323.0 1382.3 1315.7 1451.8 1463.2 1345.5 1346.1 1325.9 1352.8 1409.3 1355.9 1386.9 1418.7 1466.4 1443.6 1508.8 1520.5
-999.0 -999.0 -999.0 -999.0 -999.0 -999.0 -999.0 -999.0 -999.0 -999.0 -999.0 -999.0 -999.0 -999.0 -999.0 -999.0 -999.0 -999.0 -999.0 -999.0 1455.6 982.8 881.5 1005.0 1032.7 1101.1 950.1 1116.1 1111.3 1286.3 1436.0 1275.6 1442.0 1472.3 1320.0 1351.0 1375.4 1440.4 1499.5 1478.8 1394.5 1407.3 1321.2 1324.5 1330.0 1333.2 1367.9 1267.9 1258.9 1375.2 1434.9 1459.9 1441.1 1427.1 1399.8 1360.7 1328.5 1208.8 1352.0 1490.9 1427.2 1346.0 1269.1 1245.5 1309.5 1407.1 1399.3 1452.6 1493.4 1526.1 1535.9 1544.2
-999.0 -999.0 -999.0 -999.0 -999.0 -999.0 -999.0 -999.0 -999.0 -999.0 -999.0 -999.0 -999.0 -999.0 -999.0 -999.0 -999.0 -999.0 -999.0 1534.4 1331.0 1392.1 773.8 1123.8 1194.2 1005.6 1048.9 1169.1 984.2 1329.8 1471.6 1259.7 1502.8 1020.8 1232.5 1365.7 1380.8 1321.6 1432.6 1430.5 1194.2 1230.3 1298.5 1394.4 1362.5 1373.5 1396.6 1386.2 1385.5 1412.6 1445.7 1448.3 1453.5 1436.4 1382.2 1390.5 1312.2 1358.0 1458.1 1490.7 1414.5 1321.3 1246.1 1225.2 1288.5 1419.9 1442.7 1500.1 1552.8 1581.4 1568.9 1577.8
-999.0 -999.0 -999.0 -999.0 -999.0 -999.0 -999.0 -999.0 -999.0 -999.0 -999.0 -999.0 -999.0 -999.0 -999.0 -999.0 -999.0 -999.0 -999.0 1731.1 1450.8 866.4 1246.1 1532.9 1290.3 1227.7 1076.9 943.3 1003.6 1305.8 1424.0 1382.5 1446.8 1336.6 1282.2 1213.6 1210.3 1369.2 1353.0 1347.8 1310.7 1273.9 1375.2 1403.6 1382.1 1426.5 1414.3 1427.0 1470.0 1446.8 1450.4 1456.2 1457.1 1456.7 1430.5 1422.2 1361.3 1360.6 1438.5 1455.7 1363.0 1249.6 1183.8 1276.8 1282.8 1335.1 1424.2 1540.9 1523.1 1606.7 1537.3 1587.4
-999.0 -999.0 -999.0 -999.0 -999.0 -999.0 -999.0 -999.0 -999.0 -999.0 -999.0 -999.0 -999.0 -999.0 -999.0 -999.0 -999.0 -999.0 -999.0 1794.8 1331.0 1592.7 1328.5 1337.7 1194.4 1171.5 826.5 992.4 922.8 1177.4 1305.4 1437.8 1438.0 1342.3 1123.8 1021.5 931.8 1281.2 1164.6 1267.0 1263.6 1291.4 1424.3 1401.8 1404.7 1453.5 1470.2 1532.2 1530.2 1423.4 1438.1 1472.3 1453.2 1365.7 1469.0 1442.9 1414.0 1421.6 1462.6 1442.2 1344.3 1291.4 1286.5 1321.0 1341.7 1430.5 1471.7 1477.3 1516.4 1591.6 1588.1 1601.7
-999.0 -999.0 -999.0 -999.0 -999.0 -999.0 -999.0 -999.0 -999.0 -999.0 -999.0 -999.0 -999.0 -999.0 -999.0 -999.0 -999.0 -999.0 -999.0 -999.0 1545.5 1241.5 1035.3 838.5 744.2 937.2 950.7 1118.0 1345.2 1366.2 1410.7 1347.4 1334.1 1376.2 1250.0 1236.0 999.0 1162.9 1247.9 1278.8 1198.1 1239.5 1403.3 1330.7 1437.3 1507.6 1408.9 1571.6 1579.3 1571.9 1513.6 1510.4 1478.0 1352.1 1418.2 1479.7 1424.7 1435.3 1445.0 1401.4 1322.6 1349.7 1376.1 1432.2 1399.4 1485.7 1420.9 1445.6 1546.2 1578.3 1556.6 1596.9
