GDD/GrowingDegreeDays_1960_Actual.txt
ncols         180
nrows         290
xllcorner     -200000
yllcorner     -200000
cellsize      5000
NODATA_value    -999
[rows 192 to 223 of 290, columns 71 to 141 of 180]
-999.0 -999.0 -999.0 -999.0 -999.0 -999.0 -999.0 -999.0 -999.0 -999.0 -999.0 -999.0 -999.0 -999.0 -999.0 -999.0 -999.0 -999.0 -999.0 -999.0 -999.0 1703.2 1384.4 1199.5 1050.8 848.2 959.9 1217.6 1435.9 1572.5 1464.0 1294.7 1185.8 1121.0 1368.7 1539.8 1509.3 1417.6 1431.2 1575.0 1362.2 1452.0 1467.3 1583.1 1543.3 1662.8 1726.5 1704.7 1661.3 1740.4 1791.9 1783.0 1754.9 1737.5 1665.9 1723.1 1748.9 1708.1 1648.5 1624.9 1613.4 1577.4 1632.6 1661.5 1575.9 1600.9 1627.9 1663.9 1669.9 1755.0 1751.6
-999.0 -999.0 -999.0 -999.0 -999.0 -999.0 -999.0 -999.0 -999.0 -999.0 -999.0 -999.0 -999.0 -999.0 -999.0 -999.0 -999.0 -999.0 -999.0 -999.0 1905.5 1751.6 1444.6 1194.3 1087.5 1122.1 1152.2 1292.4 1217.3 920.3 1157.8 1169.0 1202.5 1411.1 1514.7 1453.9 1435.8 1548.5 1559.1 1510.6 1395.8 1421.9 1466.9 1597.1 1551.8 1706.9 1704.4 1585.6 1694.5 1681.2 1690.8 1721.9 1681.9 1717.5 1696.7 1786.9 1796.4 1714.3 1688.3 1698.8 1624.4 1640.7 1562.8 1621.3 1583.4 1662.8 1664.8 1678.7 1746.0 1771.7 1722.3
-999.0 -999.0 -999.0 -999.0 -999.0 -999.0 -999.0 -999.0 -999.0 -999.0 -999.0 -999.0 -999.0 -999.0 -999.0 -999.0 -999.0 -999.0 -999.0 -999.0 1628.4 1549.7 1477.2 1416.9 1245.8 952.2 989.0 1075.4 1202.1 1166.7 1093.6 1051.6 1064.3 1389.3 1288.6 1224.2 1545.3 1376.5 1644.5 1575.3 1437.5 1312.4 1568.3 1564.3 1706.4 1761.5 1718.8 1658.5 1462.4 1597.1 1621.9 1648.8 1654.6 1679.3 1699.9 1787.5 1763.2 1743.4 1706.2 1756.8 1724.7 1607.8 1569.1 1592.7 1571.5 1671.2 1743.1 1759.8 1781.7 1755.5 1724.9
-999.0 -999.0 -999.0 -999.0 -999.0 -999.0 -999.0 -999.0 -999.0 -999.0 -999.0 -999.0 -999.0 -999.0 -999.0 -999.0 -999.0 -999.0 -999.0 -999.0 1652.2 1557.0 1696.1 1502.5 1260.1 951.3 1084.5 1056.1 1261.5 1143.4 1199.3 1321.2 1249.9 1229.8 1307.2 1444.3 1579.5 1565.8 1358.5 1626.3 1602.8 1575.1 1596.0 1531.7 1685.7 1811.6 1777.1 1686.7 1647.3 1674.5 1613.2 1631.2 1646.2 1651.4 1739.9 1745.5 1685.2 1723.5 1700.8 1765.4 1694.4 1585.6 1578.0 1669.6 1695.9 1678.9 1791.6 1759.5 1799.6 1738.0 1747.0
-999.0 -999.0 -999.0 -999.0 -999.0 -999.0 -999.0 -999.0 -999.0 -999.0 -999.0 -999.0 -999.0 -999.0 -999.0 -999.0 -999.0 -999.0 -999.0 1750.4 1531.7 1272.0 1413.0 1503.0 1208.0 1126.6 1001.5 1010.7 1430.1 1422.7 1463.1 1334.9 1219.3 1377.9 1379.4 1281.8 1473.6 1567.3 1605.6 1672.7 1701.2 1676.8 1627.9 1684.2 1748.9 1806.1 1849.7 1820.8 1745.2 1708.8 1749.4 1690.2 1695.8 1659.3 1728.9 1722.2 1716.1 1752.1 1761.7 1745.0 1636.9 1634.1 1638.6 1741.6 1721.3 1747.8 1809.0 1851.2 1761.5 1751.7 1761.0
-999.0 -999.0 -999.0 -999.0 -999.0 -999.0 -999.0 -999.0 -999.0 -999.0 -999.0 -999.0 -999.0 -999.0 -999.0 -999.0 -999.0 -999.0 1628.8 1541.0 1403.0 1480.8 1545.9 1269.0 1031.3 995.4 1170.5 1110.7 1433.2 1347.7 1453.4 1481.2 1021.6 1346.6 1299.2 1538.7 1552.1 1653.6 1665.3 1647.6 1564.9 1661.7 1535.9 1714.2 1729.2 1885.5 1929.0 1866.8 1812.1 1791.8 1798.0 1747.5 1702.7 1691.5 1793.2 1748.2 1733.7 1707.2 1700.4 1684.2 1623.8 1664.2 1622.8 1733.6 1757.9 1838.0 1846.4 1751.1 1718.0 1758.8 1760.8
-999.0 -999.0 -999.0 -999.0 -999.0 -999.0 -999.0 -999.0 -999.0 -999.0 -999.0 -999.0 -999.0 -999.0 -999.0 -999.0 1596.9 1592.4 1602.0 1697.5 1660.6 1544.9 1474.3 1182.1 1065.8 964.0 933.6 1123.8 1302.6 1576.3 1393.8 1449.9 1146.7 1374.2 1501.0 1576.1 1666.9 1655.4 1721.2 1647.9 1531.3 1598.9 1608.7 1820.8 1844.6 1887.0 1895.4 1810.6 1799.8 1784.1 1831.4 1769.4 1736.8 1772.9 1769.0 1791.0 1673.2 1664.8 1608.1 1565.2 1597.5 1625.9 1681.7 1745.8 1738.2 1723.3 1753.7 1728.0 1805.1 1785.2 1799.3
-999.0 -999.0 -999.0 -999.0 -999.0 -999.0 -999.0 -999.0 -999.0 -999.0 -999.0 -999.0 1905.9 1890.0 1871.1 1481.5 1365.8 1288.2 1280.1 1509.5 1543.1 1568.0 1162.3 1230.3 1065.3 1057.2 1109.6 1365.6 1481.7 1620.9 1492.4 1529.5 1078.0 1224.6 1421.6 1633.0 1625.4 1665.3 1514.8 1704.0 1561.9 1572.0 1658.6 1794.5 1912.2 1942.6 1847.7 1846.1 1835.3 1745.0 1818.5 1793.7 1824.0 1777.0 1736.6 1697.7 1729.3 1646.0 1665.3 1624.8 1553.9 1563.6 1594.7 1652.6 1662.7 1691.7 1741.0 1782.3 1752.6 1874.2 1925.0
-999.0 -999.0 -999.0 -999.0 -999.0 -999.0 -999.0 -999.0 -999.0 -999.0 -999.0 1704.2 1775.6 1627.8 1621.8 1599.1 1375.0 1422.0 1381.1 1572.4 1689.6 1393.3 1271.7 1155.5 1434.1 1011.0 1226.0 1419.0 1122.8 1383.3 1637.6 1153.6 1328.6 1415.2 1729.0 1749.1 1708.7 1472.2 1705.1 1704.1 1667.9 1674.4 1638.2 1778.0 1821.9 1962.2 1890.2 1883.1 1851.5 1784.3 1794.3 1800.1 1803.1 1786.2 1700.3 1698.3 1556.7 1688.6 1700.9 1654.3 1590.3 1635.7 1651.0 1709.4 1736.3 1710.8 1750.5 1728.4 1805.6 1849.8 1804.0
-999.0 -999.0 -999.0 -999.0 -999.0 -999.0 -999.0 -999.0 -999.0 -999.0 1661.7 1629.2 1767.3 1721.6 1689.3 1580.6 1617.5 1534.1 1596.0 1574.9 1238.4 1444.8 1521.0 1167.1 1593.2 1287.1 1220.5 1007.1 1149.0 1170.0 1377.6 1419.8 1512.4 1736.5 1398.6 1446.4 1725.2 1698.1 1767.4 1804.7 1713.0 1746.0 1796.1 1764.9 1780.9 1961.3 1928.3 1917.4 1860.6 1854.2 1843.7 1818.9 1669.7 1789.6 1749.0 1680.4 1619.4 1660.1 1696.2 1647.9 1598.0 1613.5 1597.9 1667.6 1750.1 1776.4 1802.8 1737.6 1772.4 1824.0 1746.0
-999.0 -999.0 -999.0 -999.0 -999.0 -999.0 1912.7 1654.2 1757.8 1579.1 1721.6 1676.3 1598.7 1668.1 1678.7 1489.1 1564.5 1526.8 1560.3 1370.3 1384.9 1519.5 1444.6 1422.3 1497.8 1440.2 1153.4 1122.2 1290.2 1361.8 1261.6 1459.6 1696.3 1342.6 1277.5 1488.3 1476.1 1696.9 1720.5 1822.7 1790.9 1593.7 1796.2 1680.3 1868.9 1937.9 1924.0 1896.5 1708.7 1820.3 1778.5 1509.5 1758.4 1762.7 1735.9 1661.7 1588.2 1685.0 1680.6 1662.1 1683.9 1652.5 1661.0 1712.8 1766.1 1754.2 1792.4 1763.1 1739.2 1754.0 1783.9
-999.0 -999.0 -999.0 -999.0 -999.0 1853.2 1687.3 1693.6 1652.3 1431.6 1174.6 1277.8 1328.5 1559.5 1458.3 1325.9 1420.1 1456.7 1315.0 1488.9 1542.6 1354.6 1563.2 1685.8 1557.7 1488.5 1270.3 1279.5 1322.7 1400.6 1436.3 1529.4 1445.5 865.6 1159.7 1440.7 1634.6 1610.8 1723.2 1618.3 1775.8 1725.4 1819.7 1848.2 1879.9 1887.9 1918.8 1922.7 1822.5 1762.8 1500.1 1500.9 1587.5 1691.9 1724.2 1507.3 1619.6 1677.3 1667.7 1712.5 1666.8 1676.9 1695.7 1758.0 1692.4 1723.0 1775.0 1657.2 1684.1 1783.0 1798.3
-999.0 -999.0 -999.0 1946.8 1820.0 1770.5 1655.6 1700.5 1636.1 1516.0 1489.2 1554.9 1645.7 1456.1 1552.1 1404.5 1657.0 1568.9 1381.4 1467.5 1624.3 1530.3 1751.8 1721.7 1404.9 1297.8 1364.4 1479.2 1336.4 1581.6 1641.7 1625.0 1282.5 1109.4 1107.0 1622.8 1572.5 1599.8 1615.3 1704.3 1846.0 1734.1 1793.4 1822.9 1891.1 1881.9 1956.9 1963.0 1826.2 1739.0 1501.0 1542.6 1615.0 1712.9 1652.6 1526.5 1575.1 1619.1 1679.5 1684.6 1703.1 1730.4 1752.3 1743.2 1708.0 1690.5 1719.7 1733.7 1748.1 1802.8 1760.4
-999.0 -999.0 -999.0 1971.9 -999.0 1912.8 1847.6 1692.3 1756.9 1672.8 1676.4 1609.0 1653.6 1609.6 1499.8 1641.1 1576.4 1723.0 1765.2 1769.7 1771.4 1769.4 1532.1 1589.3 1268.5 800.3 1339.4 1310.4 1326.5 1063.9 1095.6 1690.4 1732.5 997.4 1338.4 1529.3 1498.9 1444.3 1647.6 1816.3 1888.4 1708.8 1698.7 1824.2 1910.5 1947.6 1930.6 1988.5 1848.7 1564.7 1487.6 1610.2 1685.9 1717.6 1726.3 1703.7 1626.3 1692.5 1731.0 1765.0 1789.2 1798.4 1784.1 1691.9 1718.1 1749.3 1733.9 1779.9 1786.7 1758.5 1812.7
-999.0 -999.0 -999.0 -999.0 -999.0 -999.0 1742.5 1828.4 1833.9 1733.9 1789.2 1726.5 1712.9 1654.5 1730.2 1756.4 1685.5 1713.5 1626.2 1750.3 1528.6 1743.3 1478.4 1311.3 1253.7 1085.3 994.6 1174.7 1058.1 969.7 1384.7 1269.4 1433.4 1827.5 1391.2 1447.6 1745.0 1709.6 1850.6 1673.8 1720.9 1519.9 1617.5 1839.5 1886.2 1949.3 2019.0 1863.3 1590.9 1642.2 1479.1 1624.7 1686.7 1644.5 1735.1 1616.6 1739.7 1746.2 1812.5 1845.6 1837.7 1798.9 1779.0 1768.8 1798.4 1802.4 1802.9 1758.1 1693.6 1663.2 1736.4
-999.0 -999.0 -999.0 -999.0 -999.0 1878.2 1818.7 1794.9 1818.0 1842.0 1689.2 1606.6 1519.9 1613.3 1700.4 1743.5 1818.2 1756.5 1500.0 1767.3 1639.3 1871.1 1711.1 1631.3 1624.9 1638.8 1365.4 1413.0 1223.5 1212.3 1067.4 1246.8 1269.8 1418.7 1109.1 1603.1 1725.3 1772.8 1664.7 1707.7 1537.3 1621.6 1626.7 1873.6 1896.3 1893.1 1617.0 1542.5 1539.5 1484.8 1632.6 1614.9 1632.3 1673.5 1723.8 1730.8 1749.9 1821.1 1892.5 1916.3 1886.8 1780.7 1754.6 1729.4 1776.7 1816.1 1798.7 1718.9 1579.5 1721.8 1694.0
-999.0 -999.0 -999.0 -999.0 1981.2 1903.0 1860.5 1842.3 1860.5 1865.0 1854.9 1789.3 1856.9 1829.1 1866.9 1867.7 1832.9 1798.8 1764.8 1546.8 1833.2 1493.0 1583.3 1550.9 1401.7 1470.0 1599.8 1577.3 1419.1 1491.3 1328.8 1364.2 1537.5 1233.0 1262.2 1712.7 1594.3 1814.1 1775.3 1637.5 1602.0 1722.3 1758.3 1836.3 1885.0 1703.1 1745.9 1571.1 1558.0 1604.4 1595.3 1643.5 1702.1 1703.9 1766.9 1803.0 1821.6 1874.6 1822.0 1962.9 1850.7 1836.2 1802.3 1809.3 1809.3 1794.3 1723.1 1609.5 1641.4 1678.9 1704.7
-999.0 -999.0 -999.0 -999.0 -999.0 -999.0 1977.9 1919.3 1894.4 1864.7 1865.6 1849.1 -999.0 -999.0 -999.0 -999.0 1921.5 1827.7 1684.6 1873.3 1955.9 1823.0 1786.5 1744.3 1688.4 1881.7 1124.2 1102.4 1497.6 1597.6 1587.2 1443.1 1395.3 1308.4 1575.0 1674.6 1707.0 1832.7 1517.2 1701.3 1637.6 1865.7 1846.7 1843.9 1863.3 1616.1 1750.9 1597.3 1578.5 1647.1 1672.1 1711.4 1743.2 1787.6 1814.4 1829.3 1826.2 1858.7 1809.8 1922.0 1846.1 1782.4 1797.8 1779.1 1778.1 1687.3 1702.9 1656.4 1646.2 1683.4 1804.7
-999.0 -999.0 -999.0 -999.0 -999.0 -999.0 2015.4 1891.5 1810.7 1969.0 1861.4 2001.8 -999.0 -999.0 -999.0 -999.0 -999.0 -999.0 -999.0 1983.1 1997.9 1958.8 2057.3 1925.8 1719.3 1390.6 1215.7 1071.8 1165.2 1348.3 1498.1 1490.5 1629.7 1462.8 1474.7 1757.5 1835.6 1561.7 1590.9 1621.5 1915.0 1925.2 1869.8 1880.2 1714.9 1625.6 1635.2 1624.0 1664.6 1693.3 1734.6 1764.1 1775.3 1779.1 1796.2 1736.3 1795.1 1839.2 1892.4 1894.3 1814.3 1770.4 1773.9 1660.4 1684.3 1778.8 1680.2 1675.2 1720.0 1765.2 1825.2
-999.0 -999.0 -999.0 -999.0 -999.0 -999.0 -999.0 -999.0 1997.6 -999.0 -999.0 -999.0 -999.0 -999.0 -999.0 -999.0 -999.0 1852.7 1847.1 1889.5 1851.9 2000.4 2089.7 2087.0 1900.5 1628.6 1323.3 1235.2 1318.8 1658.1 1684.1 1376.4 1536.8 1604.4 1778.9 1883.7 1955.1 1758.0 1816.0 1850.1 1951.7 1937.9 1849.9 1850.4 1568.9 1516.3 1617.0 1640.9 1716.4 1734.1 1752.8 1788.2 1744.9 1771.4 1739.8 1789.2 1796.1 1832.5 1855.3 1842.4 1736.6 1706.0 1644.6 1570.2 1698.3 1693.1 1848.2 1752.0 1782.3 1839.2 1819.8
-999.0 -999.0 -999.0 -999.0 -999.0 -999.0 -999.0 -999.0 -999.0 -999.0 -999.0 -999.0 -999.0 -999.0 -999.0 -999.0 -999.0 1876.0 1866.6 2037.0 1942.5 1877.1 -999.0 -999.0 2136.8 1635.2 1781.4 1612.8 1659.6 1653.8 1603.6 1516.8 1798.3 1836.8 1833.8 1926.8 1976.6 1985.7 1999.9 1995.4 1964.7 1831.9 1826.6 1759.2 1553.1 1624.8 1664.8 1716.4 1742.9 1711.6 1736.2 1778.3 1767.5 1787.7 1749.7 1692.8 1644.6 1724.3 1710.1 1792.9 1777.2 1699.8 1520.4 1700.3 1713.4 1789.7 1926.1 1813.5 1841.4 1896.3 1953.7
-999.0 -999.0 -999.0 -999.0 -999.0 -999.0 -999.0 -999.0 -999.0 -999.0 -999.0 -999.0 -999.0 -999.0 -999.0 -999.0 -999.0 -999.0 -999.0 -999.0 -999.0 -999.0 -999.0 -999.0 2136.8 2001.8 1749.4 1717.3 1831.1 1842.6 1826.4 1784.2 1886.0 1952.8 1937.0 1961.5 2017.2 2036.2 -999.0 2052.5 1990.0 1876.9 1855.4 1758.8 1591.3 1653.4 1667.2 1736.9 1821.4 1812.7 1730.9 1785.0 1763.6 1649.3 1591.3 1600.9 1544.3 1517.8 1638.7 1678.4 1697.4 1709.9 1656.3 1773.6 1780.0 1791.1 1872.8 1900.3 1927.5 1917.2 1956.4
-999.0 -999.0 -999.0 -999.0 -999.0 -999.0 -999.0 -999.0 -999.0 -999.0 -999.0 -999.0 -999.0 -999.0 -999.0 -999.0 -999.0 -999.0 -999.0 -999.0 -999.0 -999.0 -999.0 -999.0 -999.0 2079.8 1949.4 1850.1 1770.2 1743.6 1863.6 1909.0 1945.4 2036.0 -999.0 -999.0 -999.0 -999.0 2044.1 2054.3 1940.4 1908.0 1877.9 1776.8 1608.7 1672.4 1643.5 1704.3 1841.6 1742.6 1737.0 1621.8 1681.8 1517.6 1590.3 1569.4 1615.1 1594.8 1615.2 1694.0 1657.5 1854.4 1850.3 1829.3 1918.6 1884.3 1926.8 1948.8 1958.7 2014.9 2050.9
-999.0 -999.0 -999.0 -999.0 -999.0 -999.0 -999.0 -999.0 -999.0 -999.0 -999.0 -999.0 -999.0 -999.0 -999.0 -999.0 -999.0 -999.0 -999.0 -999.0 -999.0 -999.0 -999.0 -999.0 -999.0 -999.0 2039.3 1805.6 1801.2 1824.1 1770.6 1881.7 1985.7 -999.0 -999.0 -999.0 -999.0 1943.3 1850.1 1795.6 1977.8 1959.1 1928.8 1714.5 1627.7 1631.3 1627.4 1688.9 1726.2 1765.6 1623.7 1496.9 1576.3 1563.9 1623.3 1610.4 1632.6 1725.3 1701.4 1725.4 1799.3 1842.6 1886.4 1993.0 1915.7 1903.2 1924.8 1881.5 1865.7 2001.2 2062.6
-999.0 -999.0 -999.0 -999.0 -999.0 -999.0 -999.0 -999.0 -999.0 -999.0 -999.0 -999.0 -999.0 -999.0 -999.0 -999.0 -999.0 -999.0 -999.0 -999.0 -999.0 -999.0 -999.0 -999.0 -999.0 -999.0 -999.0 2015.9 1923.8 1935.9 1829.3 1966.0 1991.5 -999.0 -999.0 -999.0 1965.9 1946.7 1890.1 1771.8 1814.7 1848.3 1947.0 1816.0 1879.2 1685.5 1653.3 1732.0 1640.3 1582.2 1587.9 1609.2 1562.9 1614.6 1653.8 1682.9 1742.5 1760.2 1771.7 1777.9 1785.5 1833.0 1891.0 1864.1 1813.6 1832.6 1897.8 1872.8 1874.1 1937.0 2021.5
-999.0 -999.0 -999.0 -999.0 -999.0 -999.0 -999.0 -999.0 -999.0 -999.0 -999.0 -999.0 -999.0 -999.0 -999.0 -999.0 -999.0 -999.0 -999.0 -999.0 -999.0 -999.0 -999.0 -999.0 -999.0 -999.0 -999.0 -999.0 -999.0 -999.0 -999.0 -999.0 -999.0 -999.0 -999.0 1939.9 1927.2 1932.1 1912.1 1737.6 1883.2 1835.4 1776.9 1785.3 1803.6 1750.1 1832.9 1801.1 1762.5 1673.9 1681.7 1658.9 1640.6 1607.8 1628.6 1655.8 1555.3 1687.4 1671.9 1734.2 1732.2 1766.6 1838.7 1819.8 1813.5 1809.1 1790.4 1864.8 1890.7 1914.4 1946.5
-999.0 -999.0 -999.0 -999.0 -999.0 -999.0 -999.0 -999.0 -999.0 -999.0 -999.0 -999.0 -999.0 -999.0 -999.0 -999.0 -999.0 -999.0 -999.0 -999.0 -999.0 -999.0 -999.0 -999.0 -999.0 -999.0 -999.0 -999.0 -999.0 -999.0 -999.0 -999.0 -999.0 -999.0 -999.0 2045.7 1833.3 1851.9 1441.1 1563.9 1843.3 1807.4 1769.7 1749.3 1716.9 1812.9 1850.3 1826.6 1799.8 1694.2 1718.0 1753.8 1612.8 1588.9 1494.5 1610.8 1594.1 1498.5 1624.2 1679.6 1735.6 1807.7 1831.7 1842.5 1845.8 1859.1 1894.3 1831.8 1838.9 1900.5 1905.8
-999.0 -999.0 -999.0 -999.0 -999.0 -999.0 -999.0 -999.0 -999.0 -999.0 -999.0 -999.0 -999.0 -999.0 -999.0 -999.0 -999.0 -999.0 -999.0 -999.0 -999.0 -999.0 -999.0 -999.0 -999.0 -999.0 -999.0 -999.0 -999.0 -999.0 -999.0 -999.0 -999.0 -999.0 -999.0 2019.5 1962.5 1932.6 1734.5 1467.2 1583.4 1687.3 1776.5 1673.3 1779.6 1783.3 1832.3 1672.5 1638.4 1578.6 1622.3 1692.2 1657.3 1663.1 1646.1 1618.0 1610.3 1670.3 1671.7 1687.8 1724.2 1792.9 1844.7 1879.0 1878.0 1846.6 1883.3 1825.8 1822.5 1850.6 1798.7
-999.0 -999.0 -999.0 -999.0 -999.0 -999.0 -999.0 -999.0 -999.0 -999.0 -999.0 -999.0 -999.0 -999.0 -999.0 -999.0 -999.0 -999.0 2240.4 2112.0 2132.3 1425.5 1365.2 1372.9 1411.1 1316.8 2040.5 1625.3 2136.5 -999.0 -999.0 -999.0 -999.0 -999.0 -999.0 2017.4 1961.5 1900.7 1937.6 1811.3 1658.4 1592.7 1657.7 1722.2 1751.3 1744.4 1692.1 1587.7 1635.6 1688.0 1700.9 1729.8 1664.0 1686.4 1741.7 1777.2 1782.6 1726.7 1751.5 1690.8 1667.9 1627.0 1754.4 1818.0 1792.5 1783.8 1830.8 1751.1 1791.4 1831.8 1745.3
-999.0 -999.0 -999.0 -999.0 -999.0 -999.0 -999.0 -999.0 -999.0 -999.0 -999.0 -999.0 -999.0 -999.0 -999.0 -999.0 -999.0 -999.0 1833.9 1768.4 1557.9 1442.7 1179.9 1088.2 1174.2 1210.7 1295.4 1625.7 1866.4 2007.6 1938.7 1750.8 1937.6 2033.1 2080.7 2034.3 1991.5 1960.9 1948.9 1931.0 1875.4 1677.5 1663.6 1710.1 1767.5 1541.4 1665.0 1746.1 1702.2 1661.2 1743.7 1769.6 1760.9 1742.3 1754.5 1777.6 1759.0 1828.9 1787.0 1713.5 1695.1 1713.2 1678.4 1678.3 1799.7 1827.2 1852.6 1864.7 1775.3 1837.1 1523.2
-999.0 -999.0 -999.0 -999.0 -999.0 -999.0 -999.0 -999.0 -999.0 -999.0 -999.0 -999.0 -999.0 -999.0 -999.0 -999.0 -999.0 2153.7 2041.5 1862.1 1756.2 1587.2 1284.7 1128.2 1170.8 1271.0 1311.0 1385.2 1589.9 1719.0 1786.4 1745.8 1668.1 1943.8 2003.2 2028.1 1975.9 1852.2 1940.2 1909.1 1761.3 1722.8 1727.1 1706.0 1518.0 1671.6 1562.2 1612.7 1679.3 1767.8 1757.2 1810.3 1754.4 1668.4 1784.0 1739.1 1786.7 1766.5 1783.3 1745.9 1722.7 1629.2 1591.6 1766.0 1816.3 1812.7 1644.6 1777.3 1821.9 1799.7 1786.4
-999.0 -999.0 -999.0 -999.0 -999.0 -999.0 -999.0 -999.0 -999.0 -999.0 -999.0 -999.0 -999.0 -999.0 -999.0 -999.0 -999.0 -999.0 2094.6 2037.0 1959.6 1624.6 1535.4 1445.0 1221.8 1343.7 1428.7 1632.3 1541.3 1393.2 1571.1 1759.9 1790.5 1691.3 1887.0 2010.7 1983.1 1961.0 1864.1 1812.9 1851.1 1826.6 1769.6 1728.5 1614.8 1708.5 1576.1 1653.2 1664.4 1707.1 1723.6 1785.9 1705.6 1673.9 1714.3 1826.8 1823.4 1788.4 1866.3 1839.8 1811.0 1718.4 1641.8 1666.3 1790.8 1782.7 1723.6 1739.6 1789.9 1850.1 1854.9
