GDD/GrowingDegreeDays_1999_Actual.txt
ncols         180
nrows         290
xllcorner     -200000
yllcorner     -200000
cellsize      5000
NODATA_value    -999
[rows 192 to 223 of 290, columns 71 to 141 of 180]
-999.0 -999.0 -999.0 -999.0 -999.0 -999.0 -999.0 -999.0 -999.0 -999.0 -999.0 -999.0 -999.0 -999.0 -999.0 -999.0 -999.0 -999.0 -999.0 -999.0 -999.0 1929.7 1554.9 1351.7 1234.0 1034.5 1179.8 1481.9 1736.6 1902.7 1760.3 1547.3 1397.1 1311.1 1623.3 1849.0 1806.4 1678.5 1687.1 1861.2 1590.7 1711.3 1744.0 1905.0 1846.8 1981.7 2053.1 2019.1 1926.5 1969.6 2030.8 2044.5 2017.2 1997.1 1920.3 1971.8 2014.7 1990.3 1929.1 1902.7 1887.2 1848.9 1924.1 1968.8 1874.7 1911.4 1945.4 1991.7 1987.6 2082.9 2076.0
-999.0 -999.0 -999.0 -999.0 -999.0 -999.0 -999.0 -999.0 -999.0 -999.0 -999.0 -999.0 -999.0 -999.0 -999.0 -999.0 -999.0 -999.0 -999.0 -999.0 2030.2 1985.6 1642.9 1350.7 1274.2 1356.3 1401.6 1580.2 1474.3 1083.8 1370.2 1385.4 1416.0 1660.8 1795.1 1732.0 1708.0 1841.0 1841.2 1767.9 1610.3 1658.4 1735.8 1911.9 1846.6 2035.1 2048.4 1923.4 2039.0 1929.9 1910.5 1989.2 1959.5 1990.9 1933.5 2003.5 2055.8 2002.6 1988.9 1994.3 1903.5 1931.2 1837.2 1915.4 1876.1 1975.7 1977.5 1993.2 2076.1 2105.1 2037.0
-999.0 -999.0 -999.0 -999.0 -999.0 -999.0 -999.0 -999.0 -999.0 -999.0 -999.0 -999.0 -999.0 -999.0 -999.0 -999.0 -999.0 -999.0 -999.0 -999.0 1754.4 1756.5 1738.6 1668.1 1486.2 1126.9 1186.3 1323.8 1470.9 1399.5 1290.1 1232.6 1240.2 1621.7 1507.1 1441.4 1846.7 1624.9 1945.5 1853.3 1650.1 1508.6 1858.3 1852.3 2024.4 2095.8 2063.6 2021.7 1855.7 2117.2 1934.4 1935.6 1939.2 1952.7 1933.3 2011.7 2036.9 2051.7 2035.1 2051.1 2022.3 1889.3 1843.8 1873.2 1848.1 1965.0 2044.7 2077.6 2125.6 2093.9 2043.9
-999.0 -999.0 -999.0 -999.0 -999.0 -999.0 -999.0 -999.0 -999.0 -999.0 -999.0 -999.0 -999.0 -999.0 -999.0 -999.0 -999.0 -999.0 -999.0 -999.0 1838.3 1795.5 2012.8 1771.7 1500.7 1111.7 1290.5 1279.3 1527.1 1358.7 1405.5 1550.1 1453.8 1404.7 1538.0 1734.8 1895.0 1864.7 1589.2 1920.9 1879.4 1840.0 1874.8 1796.5 1979.9 2139.3 2104.7 2028.5 2044.7 2098.4 1938.9 1928.2 1936.5 1928.1 2011.6 2036.0 1980.1 2032.5 2009.5 2061.1 1983.7 1862.5 1857.7 1963.0 1982.8 1937.0 2053.3 2052.6 2171.8 2087.4 2073.2
-999.0 -999.0 -999.0 -999.0 -999.0 -999.0 -999.0 -999.0 -999.0 -999.0 -999.0 -999.0 -999.0 -999.0 -999.0 -999.0 -999.0 -999.0 -999.0 1937.7 1726.4 1437.4 1568.1 1697.8 1382.9 1303.8 1175.2 1194.8 1698.4 1665.5 1698.4 1549.5 1414.0 1603.8 1696.4 1564.0 1767.0 1874.2 1901.7 1979.9 2009.2 1971.9 1909.7 1976.6 2049.6 2106.7 2138.6 2127.2 2066.3 2022.1 2061.9 1985.4 1992.8 1939.3 2016.5 2013.6 2012.0 2064.9 2074.8 2049.6 1920.2 1930.9 1935.0 2041.2 1999.7 2001.6 2043.0 2142.8 2098.6 2096.7 2090.0
-999.0 -999.0 -999.0 -999.0 -999.0 -999.0 -999.0 -999.0 -999.0 -999.0 -999.0 -999.0 -999.0 -999.0 -999.0 -999.0 -999.0 -999.0 1804.7 1732.3 1596.3 1700.8 1759.8 1401.8 1152.7 1138.3 1366.4 1295.4 1666.1 1542.0 1662.4 1711.8 1176.7 1613.6 1604.7 1861.8 1874.9 1996.1 1981.4 1939.0 1830.6 1954.2 1799.2 2018.7 2026.1 2194.9 2201.4 2140.2 2105.4 2084.6 2090.7 2028.5 1976.9 1969.8 2098.1 2038.2 2026.8 2001.9 1996.2 1977.9 1914.1 1983.3 1934.7 2036.3 2042.6 2123.5 2133.2 2036.3 2019.9 2089.8 2087.4
-999.0 -999.0 -999.0 -999.0 -999.0 -999.0 -999.0 -999.0 -999.0 -999.0 -999.0 -999.0 -999.0 -999.0 -999.0 -999.0 1774.5 1806.4 1843.1 1969.4 1921.8 1778.8 1687.7 1325.2 1209.6 1111.6 1079.5 1309.4 1499.5 1814.6 1585.0 1670.2 1332.3 1635.0 1796.0 1855.5 1991.1 1990.2 2044.2 1935.6 1796.1 1888.7 1890.6 2145.9 2162.1 2200.3 2187.9 2080.6 2083.6 2070.2 2120.7 2028.5 1968.9 2062.8 2092.2 2072.8 1944.0 1944.1 1878.4 1832.2 1886.6 1941.8 2013.1 2071.3 2027.0 2002.8 2047.6 2022.4 2123.4 2091.4 2093.0
-999.0 -999.0 -999.0 -999.0 -999.0 -999.0 -999.0 -999.0 -999.0 -999.0 -999.0 -999.0 2075.3 2073.0 2075.2 1644.8 1555.1 1477.8 1489.5 1744.0 1756.0 1776.9 1302.4 1416.7 1243.9 1244.3 1304.8 1611.8 1728.7 1880.5 1715.3 1775.3 1245.3 1439.9 1683.9 1932.8 1917.7 1971.8 1780.8 2031.0 1858.5 1851.6 1946.1 2094.5 2221.8 2251.4 2104.8 2110.9 2114.4 2007.7 2099.3 2047.7 2047.3 2056.0 2021.9 1958.1 2007.7 1910.3 1941.6 1903.0 1826.6 1854.0 1896.5 1955.4 1949.1 1978.6 2042.1 2096.8 2048.8 2171.8 2178.0
-999.0 -999.0 -999.0 -999.0 -999.0 -999.0 -999.0 -999.0 -999.0 -999.0 -999.0 1868.2 1990.4 1832.4 1839.6 1838.4 1598.3 1657.7 1602.0 1800.5 1899.5 1522.4 1433.9 1367.1 1743.4 1199.2 1460.9 1699.5 1306.3 1603.7 1924.8 1333.7 1552.1 1674.0 2072.7 2078.9 2020.6 1720.8 2013.3 2037.4 2007.9 1991.0 1908.5 2059.8 2129.2 2276.1 2166.6 2127.5 2104.3 2035.5 2064.0 2075.8 2080.9 2073.2 1974.4 1967.8 1788.6 1947.7 1973.0 1930.4 1861.5 1932.0 1954.8 2018.9 2039.5 2001.5 2050.5 2024.9 2115.6 2180.2 2175.1
-999.0 -999.0 -999.0 -999.0 -999.0 -999.0 -999.0 -999.0 -999.0 -999.0 1827.5 1841.0 2054.8 2015.2 1962.5 1818.0 1851.1 1755.9 1828.8 1798.6 1355.9 1594.3 1746.3 1374.9 1923.2 1527.5 1451.6 1195.4 1346.2 1362.8 1616.5 1666.7 1785.2 2071.9 1641.2 1697.6 2052.1 2009.5 2082.5 2126.7 2029.2 2058.3 2092.1 2034.2 2053.5 2269.0 2211.5 2150.2 2062.5 2109.9 2126.1 2109.1 1939.7 2117.8 2042.5 1939.2 1840.0 1883.5 1945.1 1903.5 1857.2 1887.0 1872.4 1955.2 2052.3 2075.3 2102.6 2027.0 2074.0 2161.1 2104.7
-999.0 -999.0 -999.0 -999.0 -999.0 -999.0 2055.1 1772.7 1929.2 1738.2 1951.7 1958.4 1890.4 1938.8 1937.4 1688.8 1753.7 1727.3 1777.1 1569.6 1560.8 1723.2 1651.7 1650.9 1761.5 1687.3 1339.7 1311.0 1515.1 1599.9 1470.6 1711.4 2028.4 1570.1 1484.6 1764.5 1760.5 2016.1 2024.6 2137.8 2098.1 1850.2 2083.7 1929.8 2146.2 2229.1 2202.7 2153.0 1929.0 2092.7 2059.2 1735.3 2060.1 2085.8 2022.1 1895.7 1753.1 1856.4 1892.8 1902.8 1946.6 1916.4 1931.5 1996.2 2060.2 2035.9 2081.5 2052.7 2025.9 2070.6 2145.5
-999.0 -999.0 -999.0 -999.0 -999.0 2002.2 1847.9 1875.8 1848.0 1585.3 1310.5 1468.5 1542.8 1798.4 1656.1 1483.3 1585.8 1640.9 1468.5 1690.2 1759.5 1531.1 1797.8 1957.8 1803.8 1711.5 1438.1 1478.2 1554.4 1651.1 1685.2 1784.3 1681.9 979.0 1353.5 1721.5 1956.7 1907.6 2022.5 1881.3 2062.5 1993.6 2098.5 2122.5 2143.4 2148.2 2180.5 2185.5 2084.1 2038.9 1731.3 1733.6 1847.4 1977.6 1994.3 1693.9 1762.0 1808.1 1867.1 1959.7 1912.1 1928.2 1951.7 2034.9 1955.7 1996.5 2063.7 1921.3 1960.6 2102.3 2154.1
-999.0 -999.0 -999.0 2053.9 1928.8 1912.1 1816.3 1904.3 1825.3 1681.5 1662.0 1760.2 1883.0 1652.1 1762.3 1575.4 1882.0 1779.1 1550.0 1664.4 1865.6 1750.0 2019.8 1981.9 1593.8 1471.6 1561.8 1737.3 1589.2 1879.3 1946.8 1910.2 1475.2 1273.4 1287.6 1934.4 1858.6 1873.8 1875.4 1968.7 2119.3 1982.8 2050.8 2069.0 2117.2 2102.5 2192.1 2212.5 2071.0 2003.5 1738.0 1791.2 1869.9 1979.7 1894.2 1724.7 1756.2 1803.1 1901.7 1923.9 1947.8 1970.6 1981.2 1986.2 1966.1 1954.7 1999.0 2018.0 2034.1 2089.8 2024.2
-999.0 -999.0 -999.0 2073.5 -999.0 2073.0 2016.8 1862.6 1947.3 1849.0 1866.7 1803.0 1868.2 1825.0 1691.0 1859.2 1786.1 1979.6 2029.3 2039.7 2058.3 2046.8 1733.3 1791.9 1417.7 883.5 1545.7 1531.7 1560.9 1241.8 1287.3 2015.4 2042.6 1134.2 1546.1 1785.7 1743.3 1659.1 1904.0 2096.6 2162.0 1946.8 1930.2 2056.1 2091.4 2152.3 2104.5 2240.9 2101.4 1775.0 1712.9 1863.1 1936.9 1968.1 1976.6 1948.8 1845.6 1926.6 1977.9 2023.2 2047.9 2027.1 1967.5 1895.3 1969.1 2029.5 2017.8 2077.8 2068.2 2003.0 2033.6
-999.0 -999.0 -999.0 -999.0 -999.0 -999.0 1892.0 2003.4 2011.8 1908.3 1988.0 1931.6 1935.5 1878.3 1955.7 1988.5 1898.2 1979.3 1856.0 2014.8 1761.7 2018.5 1660.2 1444.6 1396.0 1226.2 1129.7 1343.9 1200.1 1093.6 1607.4 1482.1 1672.3 2149.1 1613.5 1668.3 2022.2 1975.1 2144.2 1921.4 1966.6 1720.8 1838.0 2088.8 2116.1 2174.5 2217.3 2078.3 1787.0 1882.2 1704.4 1871.8 1932.1 1883.9 1985.6 1848.3 1998.3 2002.4 2078.8 2115.1 2104.1 2039.5 1991.4 2006.7 2074.5 2098.6 2107.5 2057.0 1963.1 1909.8 1996.4
-999.0 -999.0 -999.0 -999.0 -999.0 2038.7 1995.2 1981.7 2012.3 2038.6 1864.1 1771.4 1671.7 1799.1 1907.8 1955.3 2012.7 1951.7 1691.2 2035.4 1881.1 2164.0 1949.0 1843.4 1849.5 1887.0 1552.9 1602.1 1357.9 1339.4 1204.6 1453.3 1462.8 1646.9 1281.0 1869.5 2003.8 2042.4 1903.8 1953.9 1745.7 1855.5 1856.4 2149.0 2149.1 2141.4 1796.3 1729.8 1760.1 1717.3 1899.1 1862.5 1866.2 1911.2 1983.6 1990.8 2013.0 2091.6 2166.6 2191.6 2157.8 2041.7 2013.3 1990.6 2060.6 2124.7 2110.5 2013.8 1840.7 2023.9 1992.9
-999.0 -999.0 -999.0 -999.0 2127.7 2121.8 2041.0 2019.9 2059.7 2075.0 2060.8 1953.0 2015.4 1975.5 2025.7 2033.8 1999.1 2002.6 2008.6 1760.9 2118.1 1701.4 1802.5 1766.2 1596.5 1689.3 1850.7 1808.6 1586.4 1666.7 1489.3 1568.4 1764.6 1406.4 1449.8 2012.3 1858.6 2091.6 2024.6 1856.2 1828.8 1973.7 2032.2 2140.9 2156.3 1922.1 1977.4 1798.6 1819.8 1890.5 1866.1 1907.4 1962.6 1963.5 2043.0 2080.4 2096.1 2152.5 2077.0 2256.3 2117.1 2125.2 2098.4 2108.8 2109.9 2105.6 2018.5 1885.3 1928.9 1978.9 2007.2
-999.0 -999.0 -999.0 -999.0 -999.0 -999.0 2168.1 2120.1 2113.8 2063.9 2026.1 1967.0 -999.0 -999.0 -999.0 -999.0 2065.3 2035.3 1920.5 2164.0 2274.9 2107.0 2055.2 2010.1 1949.5 2208.5 1299.6 1260.7 1706.2 1816.0 1800.9 1632.4 1582.8 1494.1 1823.7 1955.1 1974.4 2113.4 1712.3 1928.8 1848.3 2146.8 2136.1 2145.3 2148.4 1835.9 2009.2 1854.3 1871.7 1962.1 1961.8 1989.6 2018.0 2063.0 2092.8 2108.3 2103.6 2141.8 2079.1 2202.4 2122.5 2069.7 2101.9 2080.3 2070.4 1958.6 1984.7 1949.1 1941.2 1977.8 2126.1
-999.0 -999.0 -999.0 -999.0 -999.0 -999.0 2170.1 2052.3 1966.0 2149.1 1978.1 2090.5 -999.0 -999.0 -999.0 -999.0 -999.0 -999.0 -999.0 2307.1 2322.6 2256.5 2365.8 2211.1 1972.2 1629.5 1443.1 1250.2 1336.5 1527.3 1691.3 1683.0 1867.5 1677.6 1695.6 2050.1 2136.5 1786.4 1815.0 1819.3 2178.4 2202.6 2142.3 2160.3 1986.8 1887.8 1916.0 1910.2 1965.9 2002.5 2029.0 2049.4 2056.5 2056.9 2074.7 2010.4 2083.5 2123.4 2164.6 2174.0 2099.1 2064.4 2070.3 1942.6 1952.5 2085.0 1947.0 1965.0 2032.8 2083.1 2148.3
-999.0 -999.0 -999.0 -999.0 -999.0 -999.0 -999.0 -999.0 2142.2 -999.0 -999.0 -999.0 -999.0 -999.0 -999.0 -999.0 -999.0 2083.9 2115.8 2138.1 2103.3 2271.4 2366.4 2350.1 2149.0 1893.0 1574.2 1451.1 1521.7 1913.5 1922.8 1544.1 1758.4 1859.0 2071.5 2192.8 2269.4 2015.6 2055.9 2081.0 2208.5 2200.2 2115.0 2155.6 1832.5 1804.4 1935.3 1940.0 2008.3 2023.1 2035.4 2067.8 2010.7 2047.2 2018.6 2086.9 2109.2 2136.5 2143.2 2129.3 2012.1 1982.0 1922.9 1829.3 1983.5 1967.1 2161.6 2055.0 2106.2 2176.5 2134.0
-999.0 -999.0 -999.0 -999.0 -999.0 -999.0 -999.0 -999.0 -999.0 -999.0 -999.0 -999.0 -999.0 -999.0 -999.0 -999.0 -999.0 2077.1 2069.0 2245.6 2191.1 2194.1 -999.0 -999.0 2405.4 1865.9 2097.6 1891.8 1937.2 1918.7 1839.3 1725.6 2080.0 2152.0 2139.9 2217.6 2232.3 2221.7 2220.4 2218.4 2203.6 2071.2 2108.0 2046.4 1824.9 1944.3 1994.4 2022.8 2023.8 1975.6 2001.0 2050.9 2034.8 2060.3 2020.5 1961.9 1956.9 2032.8 1992.7 2089.7 2067.0 1968.1 1770.1 1992.0 2016.8 2102.3 2261.4 2125.1 2174.6 2245.8 2309.9
-999.0 -999.0 -999.0 -999.0 -999.0 -999.0 -999.0 -999.0 -999.0 -999.0 -999.0 -999.0 -999.0 -999.0 -999.0 -999.0 -999.0 -999.0 -999.0 -999.0 -999.0 -999.0 -999.0 -999.0 2382.9 2279.2 2025.8 2021.0 2162.4 2169.5 2133.9 2055.3 2138.2 2214.9 2205.3 2197.4 2210.0 2223.3 -999.0 2264.8 2220.5 2131.4 2129.8 2038.3 1855.8 1950.2 1960.0 2019.7 2100.6 2087.8 1987.0 2055.3 2023.4 1878.4 1808.4 1808.0 1778.1 1767.9 1917.1 1961.9 1982.6 1996.2 1921.7 2069.2 2093.3 2117.4 2202.8 2234.4 2269.3 2266.3 2312.0
-999.0 -999.0 -999.0 -999.0 -999.0 -999.0 -999.0 -999.0 -999.0 -999.0 -999.0 -999.0 -999.0 -999.0 -999.0 -999.0 -999.0 -999.0 -999.0 -999.0 -999.0 -999.0 -999.0 -999.0 -999.0 2305.0 2226.8 2169.8 2109.6 2076.5 2211.6 2206.6 2147.2 2249.1 -999.0 -999.0 -999.0 -999.0 2237.5 2282.4 2189.0 2170.3 2146.1 2045.7 1860.3 1945.8 1909.5 1971.0 2118.0 2005.0 1996.6 1862.2 1919.9 1721.0 1812.0 1783.5 1848.6 1850.1 1888.3 1985.8 1937.0 2159.3 2141.3 2118.8 2241.2 2214.1 2265.9 2291.9 2308.3 2383.3 2454.7
-999.0 -999.0 -999.0 -999.0 -999.0 -999.0 -999.0 -999.0 -999.0 -999.0 -999.0 -999.0 -999.0 -999.0 -999.0 -999.0 -999.0 -999.0 -999.0 -999.0 -999.0 -999.0 -999.0 -999.0 -999.0 -999.0 2284.1 2055.6 2101.8 2174.0 2109.9 2171.1 2222.8 -999.0 -999.0 -999.0 -999.0 2147.6 2055.6 1987.8 2263.3 2236.4 2198.3 1947.9 1858.3 1881.5 1887.6 1951.3 1989.1 2023.8 1861.9 1716.6 1800.3 1789.2 1866.1 1854.4 1889.5 2010.9 1983.0 2011.4 2087.4 2134.5 2180.3 2289.0 2233.0 2224.0 2239.0 2203.3 2194.0 2359.3 2418.3
-999.0 -999.0 -999.0 -999.0 -999.0 -999.0 -999.0 -999.0 -999.0 -999.0 -999.0 -999.0 -999.0 -999.0 -999.0 -999.0 -999.0 -999.0 -999.0 -999.0 -999.0 -999.0 -999.0 -999.0 -999.0 -999.0 -999.0 2248.0 2182.1 2237.5 2135.4 2246.2 2244.6 -999.0 -999.0 -999.0 2249.9 2247.1 2172.4 1979.8 2045.5 2109.8 2224.0 2060.0 2134.3 1929.9 1907.1 1999.5 1887.7 1812.0 1822.9 1857.0 1771.7 1858.6 1918.5 1958.2 2031.6 2051.9 2064.4 2057.3 2040.9 2118.0 2200.3 2182.1 2140.3 2172.3 2219.0 2201.6 2202.9 2269.5 2354.2
-999.0 -999.0 -999.0 -999.0 -999.0 -999.0 -999.0 -999.0 -999.0 -999.0 -999.0 -999.0 -999.0 -999.0 -999.0 -999.0 -999.0 -999.0 -999.0 -999.0 -999.0 -999.0 -999.0 -999.0 -999.0 -999.0 -999.0 -999.0 -999.0 -999.0 -999.0 -999.0 -999.0 -999.0 -999.0 2178.2 2272.0 2284.8 2228.5 1992.6 2161.4 2104.5 2026.1 2049.5 2071.4 2021.4 2112.1 2073.3 2023.2 1918.9 1932.4 1910.7 1893.4 1860.5 1890.8 1928.4 1808.1 1973.6 1953.7 2017.9 2006.1 2050.5 2146.0 2132.2 2125.8 2132.4 2107.8 2187.3 2229.4 2248.5 2273.2
-999.0 -999.0 -999.0 -999.0 -999.0 -999.0 -999.0 -999.0 -999.0 -999.0 -999.0 -999.0 -999.0 -999.0 -999.0 -999.0 -999.0 -999.0 -999.0 -999.0 -999.0 -999.0 -999.0 -999.0 -999.0 -999.0 -999.0 -999.0 -999.0 -999.0 -999.0 -999.0 -999.0 -999.0 -999.0 2328.9 2154.1 2171.9 1654.8 1797.9 2130.1 2070.5 2017.6 2001.8 1974.4 2107.6 2128.3 2088.6 2058.9 1935.8 1969.0 2014.9 1849.2 1828.6 1724.2 1873.1 1859.6 1747.7 1903.8 1967.5 2024.7 2104.8 2130.5 2145.0 2147.4 2139.4 2172.1 2132.3 2161.7 2231.5 2224.6
-999.0 -999.0 -999.0 -999.0 -999.0 -999.0 -999.0 -999.0 -999.0 -999.0 -999.0 -999.0 -999.0 -999.0 -999.0 -999.0 -999.0 -999.0 -999.0 -999.0 -999.0 -999.0 -999.0 -999.0 -999.0 -999.0 -999.0 -999.0 -999.0 -999.0 -999.0 -999.0 -999.0 -999.0 -999.0 2297.8 2289.9 2255.2 2006.7 1669.3 1796.6 1910.1 2025.1 1907.8 2050.4 2051.9 2090.5 1884.9 1836.6 1780.6 1852.3 1947.2 1921.7 1927.7 1910.9 1878.8 1876.6 1954.1 1957.7 1975.3 2007.1 2078.4 2124.6 2141.6 2143.5 2105.1 2139.9 2116.5 2138.7 2175.5 2116.1
-999.0 -999.0 -999.0 -999.0 -999.0 -999.0 -999.0 -999.0 -999.0 -999.0 -999.0 -999.0 -999.0 -999.0 -999.0 -999.0 -999.0 -999.0 2391.5 2228.7 2300.7 1533.1 1495.5 1517.2 1571.4 1461.8 2359.3 1844.3 2360.3 -999.0 -999.0 -999.0 -999.0 -999.0 -999.0 2287.1 2269.0 2199.7 2237.0 2076.8 1877.1 1782.9 1873.2 1972.0 2015.9 1991.8 1901.3 1753.9 1818.6 1914.1 1942.9 1977.9 1928.8 1956.5 2023.9 2070.2 2082.5 2017.7 2050.1 1972.8 1935.9 1873.7 2011.0 2083.8 2051.5 2034.2 2106.8 2033.5 2099.5 2157.2 2061.8
-999.0 -999.0 -999.0 -999.0 -999.0 -999.0 -999.0 -999.0 -999.0 -999.0 -999.0 -999.0 -999.0 -999.0 -999.0 -999.0 -999.0 -999.0 2036.7 1927.0 1717.5 1635.9 1344.6 1235.5 1345.5 1399.3 1506.3 1919.3 2132.7 2276.2 2174.0 1925.5 2139.4 2236.6 2312.2 2298.3 2282.9 2259.6 2240.9 2219.6 2152.5 1912.1 1904.5 1972.5 2041.3 1742.2 1850.5 1879.0 1827.3 1859.2 1986.9 2015.7 2021.4 2019.2 2032.2 2068.6 2064.6 2149.1 2094.3 2003.3 1974.9 1986.1 1932.1 1926.7 2052.7 2062.6 2141.3 2175.4 2078.2 2164.0 1791.6
-999.0 -999.0 -999.0 -999.0 -999.0 -999.0 -999.0 -999.0 -999.0 -999.0 -999.0 -999.0 -999.0 -999.0 -999.0 -999.0 -999.0 2475.0 2348.5 2118.8 2004.4 1819.4 1470.0 1276.4 1335.7 1473.7 1518.4 1617.5 1856.0 1986.1 2064.3 1993.0 1883.4 2188.7 2251.6 2300.2 2253.6 2118.5 2231.6 2206.8 2046.4 2027.4 2035.3 1990.8 1744.3 1909.7 1743.2 1742.7 1820.6 1995.0 2007.1 2075.9 2018.3 1953.8 2068.1 2025.9 2131.6 2089.4 2087.7 2041.9 2016.9 1894.9 1841.5 2050.8 2105.8 2109.1 1923.2 2090.0 2149.2 2127.3 2117.1
-999.0 -999.0 -999.0 -999.0 -999.0 -999.0 -999.0 -999.0 -999.0 -999.0 -999.0 -999.0 -999.0 -999.0 -999.0 -999.0 -999.0 -999.0 2340.1 2308.4 2239.4 1842.6 1736.2 1629.7 1370.6 1522.1 1647.8 1898.2 1785.8 1586.5 1795.9 2032.0 2053.2 1901.4 2128.7 2290.6 2262.6 2242.8 2141.0 2104.5 2183.0 2209.4 2142.6 2035.5 1876.8 1974.4 1796.3 1868.5 1882.7 1951.7 1974.1 2051.9 1972.0 1950.4 1992.9 2138.1 2152.2 2078.9 2183.4 2147.0 2125.0 2008.4 1908.7 1941.8 2126.2 2143.3 2060.4 2059.4 2123.0 2197.6 2199.6
