GDD/GrowingDegreeDays_1964_Actual.txt
ncols         180
nrows         290
xllcorner     -200000
yllcorner     -200000
cellsize      5000
NODATA_value    -999
[rows 192 to 223 of 290, columns 71 to 141 of 180]
-999.0 -999.0 -999.0 -999.0 -999.0 -999.0 -999.0 -999.0 -999.0 -999.0 -999.0 -999.0 -999.0 -999.0 -999.0 -999.0 -999.0 -999.0 -999.0 -999.0 -999.0 1660.6 1401.5 1224.7 1062.5 852.0 960.2 1209.3 1413.5 1541.7 1436.2 1273.3 1169.2 1104.5 1345.3 1507.8 1477.0 1388.3 1401.9 1539.4 1335.4 1422.2 1436.2 1545.1 1508.5 1623.9 1685.7 1669.2 1630.7 1712.2 1759.8 1743.1 1721.4 1698.2 1618.2 1660.4 1682.8 1647.1 1591.5 1566.5 1551.3 1515.9 1570.1 1604.9 1534.2 1567.6 1596.5 1632.9 1642.5 1725.9 1722.4
-999.0 -999.0 -999.0 -999.0 -999.0 -999.0 -999.0 -999.0 -999.0 -999.0 -999.0 -999.0 -999.0 -999.0 -999.0 -999.0 -999.0 -999.0 -999.0 -999.0 1767.4 1717.4 1456.6 1217.0 1100.7 1130.4 1153.2 1283.0 1207.2 911.8 1146.2 1155.8 1187.4 1387.9 1485.1 1428.1 1409.7 1516.3 1526.7 1479.3 1370.0 1393.5 1435.0 1557.8 1515.9 1663.5 1667.1 1565.5 1670.0 1656.1 1663.6 1688.7 1656.8 1680.2 1637.8 1704.4 1718.4 1652.9 1633.7 1645.9 1574.6 1588.6 1513.9 1572.8 1540.6 1618.5 1624.7 1644.2 1713.2 1740.9 1692.0
-999.0 -999.0 -999.0 -999.0 -999.0 -999.0 -999.0 -999.0 -999.0 -999.0 -999.0 -999.0 -999.0 -999.0 -999.0 -999.0 -999.0 -999.0 -999.0 -999.0 1529.5 1496.9 1465.0 1416.7 1255.2 963.3 995.9 1075.5 1194.6 1158.6 1085.0 1041.6 1052.9 1368.3 1272.2 1208.3 1518.1 1355.5 1607.8 1541.5 1410.2 1289.2 1529.5 1525.1 1656.8 1708.3 1674.8 1629.5 1442.7 1571.5 1594.3 1615.3 1620.0 1634.6 1632.2 1684.5 1681.1 1679.6 1653.3 1706.8 1675.7 1564.7 1525.8 1548.4 1527.5 1617.9 1684.9 1714.6 1754.6 1734.1 1696.3
-999.0 -999.0 -999.0 -999.0 -999.0 -999.0 -999.0 -999.0 -999.0 -999.0 -999.0 -999.0 -999.0 -999.0 -999.0 -999.0 -999.0 -999.0 -999.0 -999.0 1587.8 1522.8 1679.3 1498.4 1269.2 964.0 1090.8 1056.9 1253.2 1138.4 1191.5 1307.4 1238.7 1219.1 1294.5 1428.8 1556.8 1541.0 1339.4 1590.6 1568.2 1540.5 1555.9 1491.8 1633.4 1746.6 1715.2 1635.7 1608.1 1638.0 1581.2 1594.8 1604.3 1603.1 1673.0 1668.5 1619.6 1666.4 1651.2 1717.7 1650.7 1547.7 1540.7 1623.3 1641.7 1613.0 1700.1 1701.3 1789.5 1728.3 1720.1
-999.0 -999.0 -999.0 -999.0 -999.0 -999.0 -999.0 -999.0 -999.0 -999.0 -999.0 -999.0 -999.0 -999.0 -999.0 -999.0 -999.0 -999.0 -999.0 1688.1 1493.2 1262.4 1419.8 1504.5 1214.1 1133.7 1006.5 1009.8 1415.6 1409.3 1447.9 1323.4 1211.2 1366.3 1373.4 1281.5 1464.3 1548.9 1578.0 1638.8 1662.6 1637.0 1587.0 1635.6 1689.8 1731.8 1753.1 1737.2 1688.9 1663.1 1700.9 1643.9 1645.9 1607.5 1666.9 1659.8 1657.4 1695.9 1710.1 1699.2 1599.2 1599.5 1603.3 1693.6 1664.6 1672.0 1699.1 1769.1 1732.3 1728.1 1729.2
-999.0 -999.0 -999.0 -999.0 -999.0 -999.0 -999.0 -999.0 -999.0 -999.0 -999.0 -999.0 -999.0 -999.0 -999.0 -999.0 -999.0 -999.0 1574.9 1500.5 1379.7 1469.4 1544.2 1277.8 1041.7 1002.2 1170.4 1108.9 1418.6 1340.5 1443.6 1467.2 1015.5 1340.9 1305.0 1546.6 1554.7 1639.0 1640.8 1617.2 1537.7 1625.3 1502.0 1665.6 1671.9 1802.2 1811.1 1769.8 1748.0 1736.9 1740.6 1690.0 1645.2 1631.2 1721.3 1685.7 1679.3 1657.6 1655.3 1643.6 1589.6 1632.1 1594.5 1691.4 1702.6 1768.0 1769.2 1694.0 1677.0 1718.3 1717.8
-999.0 -999.0 -999.0 -999.0 -999.0 -999.0 -999.0 -999.0 -999.0 -999.0 -999.0 -999.0 -999.0 -999.0 -999.0 -999.0 1550.8 1548.1 1561.9 1658.1 1629.5 1527.0 1465.6 1186.5 1071.7 968.2 933.6 1121.5 1293.9 1559.2 1385.9 1437.5 1142.5 1370.1 1507.6 1595.0 1677.2 1644.5 1694.2 1619.6 1507.6 1569.8 1574.4 1767.5 1781.9 1809.2 1807.4 1740.9 1743.3 1731.7 1769.4 1702.5 1663.7 1699.1 1676.4 1731.4 1624.9 1621.5 1572.2 1535.4 1569.0 1600.4 1653.8 1707.6 1692.9 1677.8 1704.6 1683.4 1754.0 1727.0 1731.2
-999.0 -999.0 -999.0 -999.0 -999.0 -999.0 -999.0 -999.0 -999.0 -999.0 -999.0 -999.0 1853.8 1847.4 1832.6 1456.4 1339.6 1266.8 1260.6 1482.1 1516.5 1544.6 1160.0 1225.8 1067.1 1060.3 1108.4 1352.4 1462.7 1597.8 1477.2 1512.0 1074.6 1224.3 1423.1 1638.3 1624.6 1649.8 1497.9 1674.9 1542.5 1548.4 1623.7 1746.4 1850.3 1864.7 1756.9 1784.7 1787.6 1701.5 1759.2 1727.6 1753.1 1711.2 1670.8 1647.1 1679.2 1606.6 1629.5 1594.7 1529.8 1541.5 1570.8 1624.5 1630.1 1657.3 1701.6 1739.3 1706.0 1792.7 1791.5
-999.0 -999.0 -999.0 -999.0 -999.0 -999.0 -999.0 -999.0 -999.0 -999.0 -999.0 1657.6 1739.4 1606.6 1603.8 1577.3 1357.3 1398.0 1357.0 1541.3 1657.5 1374.4 1259.3 1147.6 1413.8 1011.9 1218.1 1400.7 1119.1 1368.3 1610.5 1148.1 1319.2 1404.4 1708.6 1730.7 1690.3 1459.7 1679.7 1676.7 1644.7 1646.4 1606.8 1734.3 1778.3 1902.5 1828.0 1836.9 1812.0 1744.1 1744.5 1743.6 1747.9 1737.3 1654.9 1654.3 1523.7 1651.1 1666.8 1626.2 1566.2 1610.5 1624.0 1677.8 1700.9 1679.2 1715.4 1695.0 1762.5 1794.8 1785.2
-999.0 -999.0 -999.0 -999.0 -999.0 -999.0 -999.0 -999.0 -999.0 -999.0 1608.1 1590.6 1735.9 1698.0 1668.0 1558.3 1589.8 1506.2 1564.1 1545.1 1224.0 1421.3 1497.6 1158.4 1563.6 1275.1 1211.5 1003.4 1141.4 1162.4 1360.6 1401.7 1491.1 1705.1 1386.2 1434.3 1698.4 1674.9 1742.0 1771.0 1683.8 1711.0 1755.1 1723.6 1739.7 1905.1 1874.9 1878.6 1834.7 1813.0 1795.5 1773.6 1646.6 1770.6 1716.5 1647.8 1590.9 1629.1 1664.5 1622.3 1575.2 1590.4 1576.3 1640.0 1716.3 1741.0 1767.1 1708.7 1741.6 1791.7 1729.5
-999.0 -999.0 -999.0 -999.0 -999.0 -999.0 1817.8 1577.1 1684.4 1520.2 1668.6 1636.7 1570.5 1639.4 1648.6 1466.0 1536.3 1499.4 1530.8 1348.2 1363.7 1493.6 1421.4 1400.8 1472.9 1418.3 1145.7 1115.1 1275.9 1343.4 1249.2 1438.1 1662.8 1327.3 1266.9 1470.3 1459.7 1668.2 1690.8 1785.7 1752.7 1568.0 1753.6 1645.7 1821.3 1886.1 1873.6 1851.4 1680.4 1779.5 1739.0 1489.7 1733.7 1745.1 1709.8 1637.3 1567.7 1657.4 1652.7 1637.3 1657.0 1626.0 1633.1 1681.1 1733.1 1720.3 1757.6 1736.9 1718.5 1733.1 1769.0
-999.0 -999.0 -999.0 -999.0 -999.0 1761.0 1610.5 1621.0 1587.9 1382.2 1145.8 1251.0 1303.4 1528.7 1432.6 1307.1 1397.1 1433.0 1297.7 1462.2 1513.3 1332.9 1533.8 1649.1 1527.9 1460.7 1255.7 1263.1 1302.8 1375.6 1411.0 1500.8 1422.5 857.5 1151.0 1423.5 1607.0 1584.4 1688.5 1590.2 1732.6 1685.8 1774.1 1802.2 1831.4 1840.2 1868.5 1872.2 1780.6 1725.8 1483.1 1488.3 1574.8 1674.7 1704.1 1499.0 1604.3 1657.7 1648.3 1687.7 1640.9 1647.0 1661.2 1721.2 1663.5 1694.5 1744.5 1639.0 1666.2 1759.4 1779.1
-999.0 -999.0 -999.0 1837.4 1721.0 1681.3 1579.5 1627.8 1569.1 1458.7 1440.0 1509.0 1602.5 1425.1 1520.3 1382.4 1625.3 1543.7 1361.7 1441.3 1589.9 1498.9 1708.8 1681.2 1378.9 1278.6 1341.6 1447.7 1310.1 1540.6 1595.2 1584.0 1264.9 1099.7 1098.6 1592.1 1545.5 1571.3 1585.2 1663.0 1787.6 1685.5 1747.1 1779.0 1844.3 1834.6 1902.3 1905.7 1780.4 1705.3 1488.9 1535.7 1610.0 1704.6 1645.7 1524.1 1568.9 1608.4 1662.3 1663.8 1674.4 1689.9 1701.0 1699.4 1676.7 1666.0 1696.1 1708.4 1721.1 1766.4 1712.9
-999.0 -999.0 -999.0 1858.1 -999.0 1815.7 1759.0 1615.1 1677.6 1600.4 1611.5 1556.0 1604.0 1569.0 1470.8 1608.4 1555.4 1693.6 1728.9 1728.7 1726.2 1723.7 1499.5 1556.1 1249.4 793.3 1316.0 1286.0 1298.1 1045.3 1074.4 1640.3 1685.7 987.6 1319.3 1503.4 1474.5 1420.7 1611.3 1764.4 1823.0 1659.1 1661.4 1782.4 1866.5 1897.4 1872.6 1920.5 1794.9 1545.9 1482.0 1608.3 1695.1 1733.5 1728.2 1697.5 1621.1 1681.8 1715.5 1742.5 1755.9 1743.7 1711.4 1644.4 1685.7 1721.6 1708.5 1752.0 1750.3 1712.7 1722.9
-999.0 -999.0 -999.0 -999.0 -999.0 -999.0 1655.7 1741.3 1750.3 1655.4 1713.3 1665.1 1658.8 1607.5 1684.9 1713.5 1658.1 1690.2 1601.6 1709.0 1495.1 1697.0 1446.8 1287.5 1233.9 1072.8 982.5 1153.8 1034.4 947.8 1348.6 1246.0 1401.3 1774.7 1367.1 1424.2 1703.0 1669.8 1799.4 1635.9 1678.0 1493.0 1589.3 1799.5 1848.9 1905.0 1956.4 1812.4 1563.0 1626.2 1481.4 1629.7 1709.7 1683.8 1744.0 1622.4 1732.1 1736.3 1795.3 1823.4 1808.0 1755.7 1722.4 1724.3 1761.9 1766.1 1772.3 1736.0 1675.8 1645.6 1716.1
-999.0 -999.0 -999.0 -999.0 -999.0 1794.2 1733.3 1706.2 1731.4 1757.0 1617.4 1545.7 1467.3 1557.5 1643.8 1691.9 1773.6 1721.9 1477.8 1723.6 1598.2 1819.0 1668.1 1593.8 1586.8 1599.4 1337.5 1376.5 1190.6 1176.9 1044.8 1218.4 1242.8 1389.9 1098.5 1572.3 1686.6 1729.5 1629.5 1671.4 1512.6 1593.5 1598.9 1829.9 1856.7 1855.5 1596.0 1530.3 1535.9 1490.5 1633.8 1622.1 1648.4 1692.1 1730.9 1730.6 1746.4 1812.3 1878.1 1899.8 1863.7 1756.7 1724.1 1701.1 1743.2 1768.7 1760.3 1706.2 1585.3 1725.8 1709.3
-999.0 -999.0 -999.0 -999.0 1880.8 1842.1 1780.5 1750.5 1766.4 1774.4 1771.8 1712.6 1778.3 1751.3 1788.1 1797.1 1771.9 1745.8 1718.4 1510.6 1781.4 1457.9 1546.3 1515.7 1373.7 1438.5 1559.3 1533.8 1377.5 1442.2 1296.2 1329.0 1493.5 1214.9 1250.4 1675.7 1561.6 1768.0 1734.1 1608.0 1574.8 1684.5 1719.8 1793.9 1841.9 1674.4 1720.4 1571.9 1576.5 1627.0 1611.8 1652.5 1707.5 1711.4 1767.4 1800.4 1816.4 1867.2 1818.9 1952.4 1838.1 1815.9 1778.9 1782.5 1778.4 1758.9 1699.2 1613.7 1665.1 1708.0 1725.8
-999.0 -999.0 -999.0 -999.0 -999.0 -999.0 1892.7 1819.0 1788.2 1765.6 1770.3 1757.1 -999.0 -999.0 -999.0 -999.0 1838.9 1757.6 1628.5 1810.7 1893.8 1769.9 1738.1 1700.8 1648.1 1832.3 1108.0 1085.1 1459.3 1553.5 1545.1 1411.4 1367.8 1291.7 1547.1 1640.2 1659.6 1784.0 1499.6 1667.8 1607.8 1819.8 1803.0 1803.3 1824.6 1602.0 1733.7 1609.6 1628.9 1701.5 1694.7 1718.4 1745.1 1786.8 1813.1 1829.0 1826.8 1863.7 1826.8 1917.7 1837.0 1771.3 1779.5 1758.7 1755.1 1671.5 1692.7 1664.2 1681.6 1729.1 1825.8
-999.0 -999.0 -999.0 -999.0 -999.0 -999.0 1909.8 1777.3 1697.9 1856.9 1757.0 1890.8 -999.0 -999.0 -999.0 -999.0 -999.0 -999.0 -999.0 1909.5 1927.4 1888.0 1988.5 1871.8 1677.3 1369.1 1201.4 1059.7 1150.1 1326.5 1468.2 1462.2 1593.9 1441.0 1453.5 1720.9 1790.2 1534.8 1565.6 1590.8 1865.8 1877.3 1828.5 1841.6 1693.6 1616.7 1632.5 1638.1 1699.8 1733.3 1749.9 1767.3 1774.7 1780.1 1797.6 1747.6 1804.9 1852.1 1914.3 1898.3 1808.5 1761.6 1758.7 1649.5 1665.3 1755.9 1670.1 1678.1 1733.9 1783.8 1839.6
-999.0 -999.0 -999.0 -999.0 -999.0 -999.0 -999.0 -999.0 1874.0 -999.0 -999.0 -999.0 -999.0 -999.0 -999.0 -999.0 -999.0 1766.5 1768.9 1814.0 1774.5 1913.0 2004.4 2016.0 1849.8 1601.0 1308.9 1223.7 1302.0 1623.2 1647.7 1357.3 1509.8 1579.4 1745.3 1843.6 1911.7 1726.3 1773.3 1804.1 1902.7 1892.0 1815.4 1820.9 1565.1 1518.4 1617.1 1646.7 1725.3 1744.6 1758.1 1787.4 1747.3 1775.7 1749.9 1808.6 1824.5 1849.3 1861.6 1839.4 1732.9 1700.8 1639.0 1559.3 1666.1 1659.0 1815.6 1743.7 1782.7 1842.8 1827.2
-999.0 -999.0 -999.0 -999.0 -999.0 -999.0 -999.0 -999.0 -999.0 -999.0 -999.0 -999.0 -999.0 -999.0 -999.0 -999.0 -999.0 1783.0 1779.8 1944.5 1847.8 1773.7 -999.0 -999.0 2084.1 1613.1 1747.5 1584.0 1625.7 1620.2 1570.3 1486.9 1753.7 1799.1 1804.0 1884.7 1925.5 1930.4 1941.8 1939.3 1917.9 1800.6 1799.2 1739.6 1551.2 1620.3 1660.7 1712.7 1739.7 1712.3 1736.3 1777.4 1769.4 1791.8 1764.1 1734.8 1729.3 1767.2 1722.5 1788.0 1769.0 1694.9 1521.2 1673.2 1638.5 1697.1 1871.0 1793.9 1833.5 1893.3 1949.5
-999.0 -999.0 -999.0 -999.0 -999.0 -999.0 -999.0 -999.0 -999.0 -999.0 -999.0 -999.0 -999.0 -999.0 -999.0 -999.0 -999.0 -999.0 -999.0 -999.0 -999.0 -999.0 -999.0 -999.0 2065.7 1948.4 1714.1 1682.0 1787.7 1796.7 1779.8 1734.5 1820.6 1890.6 1894.7 1909.5 1953.3 1972.1 -999.0 1993.1 1944.9 1849.9 1831.2 1740.9 1588.8 1648.8 1663.6 1730.8 1808.9 1801.6 1727.6 1782.2 1773.7 1668.6 1616.9 1643.1 1612.4 1563.8 1648.5 1676.2 1696.7 1708.3 1655.8 1748.7 1682.7 1672.4 1820.2 1873.9 1913.1 1916.3 1960.2
-999.0 -999.0 -999.0 -999.0 -999.0 -999.0 -999.0 -999.0 -999.0 -999.0 -999.0 -999.0 -999.0 -999.0 -999.0 -999.0 -999.0 -999.0 -999.0 -999.0 -999.0 -999.0 -999.0 -999.0 -999.0 2017.5 1894.4 1801.5 1730.6 1704.9 1814.8 1848.5 1865.2 1952.4 -999.0 -999.0 -999.0 -999.0 1980.2 1996.2 1899.5 1876.6 1851.8 1759.4 1606.0 1668.0 1643.6 1701.4 1826.2 1736.3 1732.1 1626.9 1688.3 1536.2 1607.0 1595.2 1644.0 1618.1 1623.7 1690.9 1660.6 1842.9 1844.8 1832.9 1890.2 1837.8 1889.0 1921.4 1943.1 2014.5 2077.2
-999.0 -999.0 -999.0 -999.0 -999.0 -999.0 -999.0 -999.0 -999.0 -999.0 -999.0 -999.0 -999.0 -999.0 -999.0 -999.0 -999.0 -999.0 -999.0 -999.0 -999.0 -999.0 -999.0 -999.0 -999.0 -999.0 1965.8 1749.8 1750.9 1772.7 1720.7 1817.9 1908.4 -999.0 -999.0 -999.0 -999.0 1886.8 1804.6 1754.3 1928.3 1919.5 1897.5 1700.8 1621.8 1631.7 1632.0 1693.1 1723.2 1756.4 1623.7 1496.4 1552.4 1554.4 1626.5 1622.1 1648.3 1731.2 1704.0 1723.8 1791.1 1834.4 1884.9 1994.0 1909.8 1866.4 1893.9 1864.6 1857.4 1994.3 2058.6
-999.0 -999.0 -999.0 -999.0 -999.0 -999.0 -999.0 -999.0 -999.0 -999.0 -999.0 -999.0 -999.0 -999.0 -999.0 -999.0 -999.0 -999.0 -999.0 -999.0 -999.0 -999.0 -999.0 -999.0 -999.0 -999.0 -999.0 1935.1 1852.9 1859.9 1755.1 1885.7 1915.1 -999.0 -999.0 -999.0 1923.1 1906.2 1851.6 1735.7 1780.3 1819.7 1916.5 1785.6 1840.8 1681.1 1656.0 1732.2 1643.3 1585.1 1587.0 1594.6 1519.2 1588.8 1650.3 1685.9 1743.1 1759.4 1767.0 1769.4 1774.3 1824.9 1888.6 1888.5 1809.2 1786.9 1864.9 1855.7 1864.2 1927.3 2005.7
-999.0 -999.0 -999.0 -999.0 -999.0 -999.0 -999.0 -999.0 -999.0 -999.0 -999.0 -999.0 -999.0 -999.0 -999.0 -999.0 -999.0 -999.0 -999.0 -999.0 -999.0 -999.0 -999.0 -999.0 -999.0 -999.0 -999.0 -999.0 -999.0 -999.0 -999.0 -999.0 -999.0 -999.0 -999.0 1923.0 1905.7 1907.4 1882.1 1717.9 1853.8 1814.0 1760.8 1770.5 1786.8 1744.0 1820.3 1788.5 1745.5 1663.0 1673.8 1654.0 1629.8 1604.6 1632.9 1662.1 1571.7 1693.4 1677.8 1732.8 1730.6 1766.1 1835.8 1819.3 1792.2 1788.2 1774.6 1850.0 1880.4 1907.7 1940.3
-999.0 -999.0 -999.0 -999.0 -999.0 -999.0 -999.0 -999.0 -999.0 -999.0 -999.0 -999.0 -999.0 -999.0 -999.0 -999.0 -999.0 -999.0 -999.0 -999.0 -999.0 -999.0 -999.0 -999.0 -999.0 -999.0 -999.0 -999.0 -999.0 -999.0 -999.0 -999.0 -999.0 -999.0 -999.0 2029.9 1827.9 1836.9 1447.6 1562.1 1823.3 1790.9 1757.4 1739.4 1713.4 1803.7 1835.3 1801.9 1758.7 1662.4 1707.4 1753.1 1625.6 1601.7 1513.5 1623.5 1609.6 1519.7 1635.8 1686.1 1737.7 1804.0 1827.6 1836.8 1833.4 1843.9 1876.6 1821.9 1832.3 1899.8 1915.7
-999.0 -999.0 -999.0 -999.0 -999.0 -999.0 -999.0 -999.0 -999.0 -999.0 -999.0 -999.0 -999.0 -999.0 -999.0 -999.0 -999.0 -999.0 -999.0 -999.0 -999.0 -999.0 -999.0 -999.0 -999.0 -999.0 -999.0 -999.0 -999.0 -999.0 -999.0 -999.0 -999.0 -999.0 -999.0 1990.1 1943.8 1913.1 1729.1 1478.4 1585.9 1682.4 1766.5 1672.3 1772.5 1776.4 1815.8 1654.3 1595.5 1543.2 1619.9 1700.3 1671.2 1677.6 1662.7 1637.3 1629.9 1684.4 1683.7 1696.4 1728.8 1791.3 1842.2 1878.0 1873.7 1838.3 1868.0 1818.1 1817.2 1847.6 1803.5
-999.0 -999.0 -999.0 -999.0 -999.0 -999.0 -999.0 -999.0 -999.0 -999.0 -999.0 -999.0 -999.0 -999.0 -999.0 -999.0 -999.0 -999.0 2127.4 2017.4 2034.1 1366.9 1310.6 1321.6 1359.2 1269.1 1951.2 1560.3 2046.1 -999.0 -999.0 -999.0 -999.0 -999.0 -999.0 1983.6 1938.2 1882.6 1919.0 1801.6 1658.6 1597.5 1658.2 1719.4 1746.7 1739.3 1685.1 1581.7 1616.9 1670.2 1698.7 1730.7 1679.9 1704.8 1756.2 1790.1 1794.3 1742.8 1759.0 1700.3 1678.1 1641.2 1764.9 1837.2 1810.1 1785.7 1824.2 1751.2 1787.9 1826.8 1747.8
-999.0 -999.0 -999.0 -999.0 -999.0 -999.0 -999.0 -999.0 -999.0 -999.0 -999.0 -999.0 -999.0 -999.0 -999.0 -999.0 -999.0 -999.0 1752.3 1701.3 1504.8 1392.6 1148.8 1063.7 1143.6 1173.7 1251.3 1569.4 1802.3 1934.3 1873.2 1706.4 1894.8 1999.0 2047.9 2004.0 1966.4 1939.7 1928.2 1913.4 1862.8 1679.6 1668.2 1712.9 1766.4 1552.8 1663.8 1734.8 1693.4 1661.1 1745.6 1770.8 1792.7 1768.6 1775.5 1800.0 1789.2 1849.1 1796.8 1722.1 1703.8 1721.6 1692.8 1700.3 1805.3 1825.4 1845.6 1855.1 1771.6 1829.4 1537.4
-999.0 -999.0 -999.0 -999.0 -999.0 -999.0 -999.0 -999.0 -999.0 -999.0 -999.0 -999.0 -999.0 -999.0 -999.0 -999.0 -999.0 2033.3 1944.5 1793.1 1694.2 1531.6 1251.0 1105.8 1140.8 1227.4 1259.1 1337.8 1543.4 1671.9 1741.5 1714.4 1654.9 1928.7 1983.9 2002.8 1952.8 1837.0 1919.8 1893.1 1758.4 1726.1 1733.7 1716.4 1538.9 1679.9 1575.4 1618.1 1678.9 1764.8 1763.4 1826.4 1789.5 1710.1 1807.5 1772.8 1848.3 1812.6 1789.9 1744.9 1727.0 1642.6 1609.4 1771.2 1816.4 1811.4 1652.9 1774.9 1813.5 1791.7 1779.9
-999.0 -999.0 -999.0 -999.0 -999.0 -999.0 -999.0 -999.0 -999.0 -999.0 -999.0 -999.0 -999.0 -999.0 -999.0 -999.0 -999.0 -999.0 1993.8 1950.6 1882.6 1569.0 1487.2 1403.2 1187.7 1292.6 1365.5 1570.4 1498.6 1369.0 1547.3 1733.0 1770.2 1682.7 1868.2 1984.1 1958.6 1939.1 1849.4 1805.2 1843.5 1826.8 1783.9 1748.9 1640.1 1725.9 1600.9 1665.7 1670.9 1711.1 1732.9 1799.4 1734.5 1708.4 1742.3 1850.7 1864.0 1811.6 1851.7 1826.8 1808.1 1724.7 1652.7 1674.8 1788.6 1779.4 1722.8 1736.6 1781.9 1833.6 1837.8
