GDD/GrowingDegreeDays_2007_Actual.txt
ncols         180
nrows         290
xllcorner     -200000
yllcorner     -200000
cellsize      5000
NODATA_value    -999
[rows 160 to 191 of 290, columns 71 to 141 of 180]
-999.0 -999.0 -999.0 -999.0 -999.0 -999.0 -999.0 -999.0 -999.0 -999.0 -999.0 -999.0 -999.0 -999.0 -999.0 -999.0 -999.0 -999.0 -999.0 -999.0 -999.0 -999.0 -999.0 -999.0 -999.0 -999.0 -999.0 -999.0 -999.0 -999.0 -999.0 -999.0 -999.0 -999.0 -999.0 1988.2 1959.5 1938.7 1891.5 1566.6 1412.5 1121.3 1472.7 1315.3 1803.2 1644.6 1638.8 1475.1 1398.7 1496.9 1406.9 1825.9 1823.4 1820.9 1842.7 1893.7 1799.1 1899.5 1931.4 1919.5 1968.2 2016.6 1973.9 1924.2 1892.4 1867.0 1709.3 1781.5 1871.2 1914.7 1925.7
-999.0 -999.0 -999.0 -999.0 -999.0 -999.0 -999.0 -999.0 -999.0 -999.0 -999.0 -999.0 -999.0 -999.0 -999.0 -999.0 -999.0 -999.0 -999.0 -999.0 -999.0 -999.0 -999.0 -999.0 -999.0 -999.0 -999.0 -999.0 -999.0 -999.0 -999.0 -999.0 -999.0 -999.0 -999.0 1987.5 1950.7 1973.5 2018.9 1928.5 1557.2 1801.7 1772.4 1893.9 1716.4 1366.7 1541.5 1357.4 1429.2 1355.8 1824.3 1497.3 1771.5 1656.6 1727.6 1732.5 1849.4 1877.3 1927.1 1959.8 1980.6 1984.3 1932.4 1885.3 1888.4 1896.4 1868.4 1767.3 1847.2 1919.1 1934.2
-999.0 -999.0 -999.0 -999.0 -999.0 -999.0 -999.0 -999.0 -999.0 -999.0 -999.0 -999.0 -999.0 -999.0 -999.0 -999.0 -999.0 -999.0 -999.0 -999.0 -999.0 -999.0 -999.0 -999.0 -999.0 -999.0 -999.0 -999.0 -999.0 -999.0 -999.0 -999.0 -999.0 -999.0 -999.0 1984.1 1968.7 1931.7 2056.0 1996.6 1864.2 1815.6 1879.2 1942.9 1744.7 1592.0 1585.4 1379.3 1214.5 1539.6 1676.3 1923.5 1793.7 2013.2 1937.7 1865.8 1815.7 1879.9 1905.4 1948.7 1982.6 1963.1 1923.8 1885.9 1890.0 1899.2 1893.9 1808.2 1771.6 1916.5 2013.9
-999.0 -999.0 -999.0 -999.0 -999.0 -999.0 -999.0 -999.0 -999.0 -999.0 -999.0 -999.0 -999.0 -999.0 -999.0 -999.0 -999.0 -999.0 -999.0 -999.0 -999.0 -999.0 -999.0 -999.0 -999.0 -999.0 -999.0 -999.0 -999.0 -999.0 -999.0 -999.0 -999.0 -999.0 -999.0 1990.7 1955.4 1937.8 1998.0 2010.8 1961.3 1957.5 1848.5 1687.9 1867.8 1753.8 1607.9 1146.0 1157.5 1177.5 1432.1 1735.9 1863.5 1842.9 2000.6 2065.4 1930.5 1857.0 1947.1 1979.5 1974.9 1982.2 1952.0 1926.3 1929.5 1946.4 1959.6 1843.7 1800.1 2005.9 2112.2
-999.0 -999.0 -999.0 -999.0 -999.0 -999.0 -999.0 -999.0 -999.0 -999.0 -999.0 -999.0 -999.0 -999.0 -999.0 -999.0 -999.0 -999.0 -999.0 -999.0 -999.0 -999.0 -999.0 -999.0 -999.0 -999.0 -999.0 -999.0 -999.0 -999.0 -999.0 -999.0 -999.0 -999.0 -999.0 2012.2 1991.9 1998.5 2055.2 2056.6 2039.7 1897.6 1859.5 1711.7 1622.9 1387.4 1248.5 1148.9 1398.9 1310.7 1573.9 1692.2 1886.2 1721.8 1865.2 2018.4 2076.8 2067.8 2032.5 2023.7 1996.3 1985.2 1987.6 1973.1 1969.9 1993.8 1991.1 2004.0 1953.5 2057.3 2137.1
-999.0 -999.0 -999.0 -999.0 -999.0 -999.0 -999.0 -999.0 -999.0 -999.0 -999.0 -999.0 -999.0 -999.0 -999.0 -999.0 -999.0 -999.0 -999.0 -999.0 -999.0 -999.0 -999.0 -999.0 -999.0 -999.0 -999.0 -999.0 -999.0 -999.0 -999.0 -999.0 -999.0 -999.0 -999.0 -999.0 1969.1 1989.7 2036.6 2051.3 1927.5 1668.2 1615.5 1538.8 1619.8 1628.2 1388.0 1408.2 1293.2 1452.5 1782.3 2054.0 1997.0 1924.0 1879.5 2059.6 2063.3 1996.4 2024.3 2060.5 1999.3 2010.2 2016.1 2012.5 2004.4 2012.5 2012.9 1999.9 2035.7 2052.2 2091.2
-999.0 -999.0 -999.0 -999.0 -999.0 -999.0 -999.0 -999.0 -999.0 -999.0 -999.0 -999.0 -999.0 -999.0 -999.0 -999.0 -999.0 -999.0 -999.0 -999.0 -999.0 -999.0 -999.0 -999.0 -999.0 -999.0 -999.0 -999.0 -999.0 -999.0 -999.0 -999.0 -999.0 -999.0 -999.0 2064.1 1983.7 2004.8 2045.1 2025.0 1927.5 1500.4 1436.9 1598.6 1337.9 1378.3 1475.9 1488.8 1166.3 1419.3 1466.1 1800.9 2150.9 1878.0 2035.5 2128.7 2010.4 1998.5 2067.2 2020.7 2036.9 2038.2 2028.6 2021.6 2016.2 2019.1 1896.1 1979.9 2006.9 1880.8 1934.0
-999.0 -999.0 -999.0 -999.0 -999.0 -999.0 -999.0 -999.0 -999.0 -999.0 -999.0 -999.0 -999.0 -999.0 -999.0 -999.0 -999.0 -999.0 -999.0 -999.0 -999.0 -999.0 -999.0 -999.0 -999.0 -999.0 -999.0 -999.0 -999.0 -999.0 -999.0 -999.0 -999.0 -999.0 -999.0 2076.9 2048.2 2035.8 2052.2 1853.2 1919.9 1806.5 1476.3 1759.6 1728.3 1675.4 1779.4 1727.1 1375.2 1471.1 1518.3 1937.5 1818.0 1705.3 1973.3 1873.6 1957.6 1908.7 1965.2 2004.7 2064.6 2070.5 2052.9 2037.9 2013.9 2033.8 2020.2 1936.1 1994.9 1933.9 1863.5
-999.0 -999.0 -999.0 -999.0 -999.0 -999.0 -999.0 -999.0 -999.0 -999.0 -999.0 -999.0 -999.0 -999.0 -999.0 -999.0 -999.0 -999.0 -999.0 -999.0 -999.0 -999.0 -999.0 -999.0 -999.0 -999.0 -999.0 -999.0 -999.0 -999.0 -999.0 -999.0 -999.0 -999.0 2085.9 2098.9 2077.1 1953.0 1971.0 1949.5 1988.5 1881.1 1839.2 1889.1 1930.6 1945.8 1895.5 1756.2 1419.3 1195.7 1158.9 1595.5 1475.5 1585.0 1893.9 1894.7 2018.1 1978.6 1969.2 2038.3 2084.3 2085.6 2075.4 2053.3 2021.1 2044.2 2025.7 1993.8 1970.3 1948.0 1797.4
-999.0 -999.0 -999.0 -999.0 -999.0 -999.0 -999.0 -999.0 -999.0 -999.0 -999.0 -999.0 -999.0 -999.0 -999.0 -999.0 -999.0 -999.0 -999.0 -999.0 -999.0 -999.0 -999.0 -999.0 -999.0 -999.0 -999.0 -999.0 -999.0 -999.0 -999.0 -999.0 -999.0 -999.0 -999.0 2079.6 2123.8 2063.1 2025.0 1832.3 2049.8 2048.6 2042.6 2020.8 2007.3 2049.2 2013.2 1881.8 1747.1 1302.6 1127.4 1071.9 1411.9 1454.0 1657.6 1845.0 1849.1 2072.3 2070.9 1983.2 2084.9 2102.6 2098.0 2067.9 2035.9 2042.9 2025.5 1977.5 1975.3 1969.9 1933.7
-999.0 -999.0 -999.0 -999.0 -999.0 -999.0 -999.0 -999.0 -999.0 -999.0 -999.0 -999.0 -999.0 -999.0 -999.0 -999.0 -999.0 -999.0 -999.0 -999.0 -999.0 -999.0 -999.0 -999.0 -999.0 -999.0 -999.0 -999.0 -999.0 -999.0 -999.0 -999.0 -999.0 -999.0 -999.0 2147.9 2142.7 2144.5 2118.1 2075.7 2067.9 2066.9 2109.8 2109.0 2171.4 2182.5 2127.1 1998.8 1751.9 1657.2 1158.4 988.4 1039.0 1309.4 1557.7 1757.3 1929.2 1871.1 1988.9 1921.8 2063.7 2077.2 2099.5 2070.9 2052.5 2035.2 1988.0 1958.8 1965.7 1968.7 1905.2
-999.0 -999.0 -999.0 -999.0 -999.0 -999.0 -999.0 -999.0 -999.0 -999.0 -999.0 -999.0 -999.0 -999.0 -999.0 2101.3 2077.2 2057.0 2047.3 -999.0 -999.0 -999.0 -999.0 -999.0 -999.0 -999.0 -999.0 -999.0 -999.0 -999.0 -999.0 -999.0 -999.0 -999.0 2195.7 2242.7 2170.8 2178.4 2079.0 2079.2 2110.4 2107.8 2106.4 2138.1 2153.1 2175.4 2104.3 1989.5 1826.3 1444.4 1194.2 1178.7 1443.1 1250.3 1472.9 1929.9 1904.5 2018.0 1767.9 1827.9 2010.0 2019.6 2041.2 2054.8 2044.2 2026.5 1992.6 1937.6 1941.3 1984.5 1963.6
-999.0 -999.0 -999.0 -999.0 -999.0 -999.0 -999.0 -999.0 -999.0 -999.0 -999.0 -999.0 -999.0 -999.0 -999.0 1993.7 1911.3 1966.7 2108.4 -999.0 -999.0 -999.0 -999.0 -999.0 -999.0 -999.0 -999.0 -999.0 -999.0 -999.0 -999.0 -999.0 -999.0 2249.2 2120.6 2192.3 2197.3 2105.1 2173.4 2093.0 2126.1 2113.8 2101.7 2115.6 2088.8 2033.0 2007.4 1933.5 1841.2 1694.1 1183.4 1120.3 1457.1 1418.6 1614.5 1770.6 2103.3 2065.1 1880.6 1844.1 1958.8 2057.2 2084.5 2058.7 2014.9 2015.6 1989.4 1952.8 1899.1 1960.8 1948.2
-999.0 -999.0 -999.0 -999.0 -999.0 -999.0 -999.0 -999.0 -999.0 -999.0 -999.0 -999.0 -999.0 2036.6 2145.1 2065.9 1892.9 1939.4 2003.6 2210.6 2303.9 2342.4 -999.0 -999.0 2176.8 2274.8 -999.0 -999.0 -999.0 2238.3 2107.6 2087.9 -999.0 2236.2 2035.3 2147.5 2228.7 2183.2 2178.1 2052.8 2044.5 2016.9 2054.9 1989.4 2048.1 1923.6 1867.8 1833.8 1462.8 1805.3 1649.5 1332.2 1745.6 1654.1 1324.1 1946.8 1819.3 2003.1 1899.9 1882.7 1963.6 2025.3 2087.3 2020.1 2016.4 2041.7 1982.9 1968.7 1883.7 1959.0 1965.1
-999.0 -999.0 -999.0 -999.0 -999.0 -999.0 -999.0 -999.0 -999.0 -999.0 -999.0 -999.0 -999.0 -999.0 2146.5 2080.7 2004.3 2014.6 2076.3 2123.1 2067.3 2341.8 -999.0 2311.0 2145.0 1927.1 2069.2 1941.5 2157.4 2156.7 1727.7 1762.1 1900.4 -999.0 2139.6 2073.4 2120.8 2171.3 2154.4 2003.4 2107.8 2201.5 2175.8 2041.8 1971.5 1920.1 1783.0 1785.1 1453.2 1393.4 1446.9 1419.8 1481.2 1346.6 1431.4 1714.7 1949.0 2006.9 1800.1 1803.8 1949.6 1931.0 2043.7 2000.0 1996.7 2029.7 1979.4 1978.6 1897.2 1961.1 1980.5
-999.0 -999.0 -999.0 -999.0 -999.0 -999.0 -999.0 -999.0 -999.0 -999.0 -999.0 -999.0 -999.0 -999.0 -999.0 2152.1 2067.7 2025.9 2158.1 2221.8 2273.9 2323.8 1794.3 1092.2 2011.1 1599.2 1594.6 1685.1 1835.5 2035.6 2033.3 1834.5 1661.2 1907.4 2138.7 2156.4 2102.4 2128.9 2050.3 1830.5 1965.2 2194.2 2221.1 2087.8 1991.0 1946.4 1840.7 1773.8 1306.7 1197.2 1393.1 1420.7 1588.9 1645.7 1589.7 1687.1 1917.0 1955.3 1833.4 1873.9 1901.3 1858.7 1982.6 1926.6 2010.9 2013.9 2001.1 1949.3 1807.4 1995.8 2006.0
-999.0 -999.0 -999.0 -999.0 -999.0 -999.0 -999.0 -999.0 -999.0 -999.0 -999.0 -999.0 -999.0 -999.0 -999.0 -999.0 2100.6 2204.0 2242.0 2284.5 2167.4 1892.2 788.9 1346.0 2131.7 1469.9 1817.7 1484.2 1560.3 1889.7 2070.7 1498.5 1772.9 1764.8 1955.2 2140.6 2102.9 2065.3 2067.4 1921.8 1927.4 2063.4 2106.6 2088.9 1996.7 1949.1 1892.8 1646.6 1514.1 1149.5 1361.7 1344.5 1395.8 1769.3 1636.0 1562.8 1767.2 1834.9 1831.2 1907.6 1853.6 1854.9 1952.5 1910.7 2009.9 2030.4 1994.6 2002.1 1994.7 1999.0 2021.1
-999.0 -999.0 -999.0 -999.0 -999.0 -999.0 -999.0 -999.0 -999.0 -999.0 -999.0 -999.0 -999.0 -999.0 -999.0 -999.0 -999.0 2279.3 2265.3 2049.4 1780.8 890.6 781.5 1325.0 1612.5 1602.2 1496.9 1367.0 1388.6 1420.1 1795.8 1962.4 1454.2 1762.7 1914.7 1962.6 2081.7 2095.0 2052.6 2007.5 1977.7 2034.3 2080.3 2039.5 1974.3 1930.6 1854.1 1668.0 1456.0 1336.7 1499.7 1506.3 1379.6 1575.1 1900.3 1614.9 1859.0 1811.5 1798.7 1925.8 1935.6 1918.7 1912.9 1911.3 2012.0 2043.3 2022.0 2054.9 1948.2 2001.0 2028.8
-999.0 -999.0 -999.0 -999.0 -999.0 -999.0 -999.0 -999.0 -999.0 -999.0 -999.0 -999.0 -999.0 -999.0 -999.0 -999.0 -999.0 2297.4 2146.6 1669.8 1476.0 1307.4 1037.4 1699.5 1808.1 1526.8 1290.9 1255.2 1222.7 1443.1 1747.6 1996.8 1384.8 1517.5 1845.1 1949.3 2122.4 2116.9 2048.6 1937.8 1959.9 1988.3 2008.3 2022.0 1987.5 1914.6 1694.5 1593.9 1736.8 1316.9 1497.0 1444.1 1341.5 1407.0 1661.6 1810.7 1859.7 1933.1 1803.9 1788.0 1907.9 1917.5 1980.8 1981.4 2047.8 2038.3 2044.0 2048.6 2011.9 1974.5 2017.8
-999.0 -999.0 -999.0 -999.0 -999.0 -999.0 -999.0 -999.0 -999.0 -999.0 -999.0 -999.0 -999.0 -999.0 -999.0 -999.0 -999.0 2278.1 2045.4 1740.3 1772.9 1273.0 1472.5 1808.1 1576.2 1706.9 1529.5 1247.7 1416.7 1229.4 1466.7 1820.8 1434.2 1435.6 1609.6 2016.6 2094.5 2133.5 2015.3 1887.8 1906.1 1968.7 1992.9 2004.7 1964.2 1796.9 1710.4 1732.6 1711.8 1483.5 1518.6 1527.6 1542.5 1653.2 1680.3 1627.9 1932.9 1829.1 1815.3 1884.4 1875.7 1950.1 1906.4 2048.5 2063.1 2048.0 2059.9 2055.5 1913.2 2022.3 2041.9
-999.0 -999.0 -999.0 -999.0 -999.0 -999.0 -999.0 -999.0 -999.0 -999.0 -999.0 -999.0 -999.0 -999.0 -999.0 -999.0 2234.1 1245.5 1850.6 1659.4 1452.5 1884.6 928.2 1158.5 1244.3 1399.0 1164.3 1434.4 1375.9 1498.6 1642.4 1503.7 1234.0 1480.9 1640.1 2025.0 2131.0 2158.7 1963.7 1933.7 1971.5 1969.3 2006.2 1973.2 1846.1 1866.0 1851.9 1641.0 1520.0 1795.4 1392.8 1463.8 1739.5 1692.4 1775.0 1849.3 1863.3 1908.0 1893.3 1973.5 1908.1 1995.3 2065.3 1951.4 2070.8 2055.2 2037.0 2033.0 1923.2 2027.3 2053.4
-999.0 -999.0 -999.0 -999.0 -999.0 -999.0 -999.0 -999.0 -999.0 -999.0 -999.0 -999.0 -999.0 -999.0 2192.3 2132.8 1713.2 1800.2 1977.1 1939.9 1702.4 1985.8 1719.1 1533.9 1196.2 1221.1 1095.7 1253.9 1201.1 1674.8 1474.4 1559.3 1888.4 1876.1 1992.0 1976.9 2072.5 2100.0 1960.2 1928.9 1925.4 1967.3 1933.9 1785.5 1875.6 1828.4 1891.4 1688.0 1604.7 1658.2 1752.6 1839.7 1691.0 1759.4 1823.6 1844.8 1879.4 1894.2 1979.9 2006.8 2082.4 2138.0 2111.1 2066.5 2055.8 2018.1 2043.5 2023.6 1921.4 2007.9 2056.4
-999.0 -999.0 -999.0 -999.0 -999.0 -999.0 -999.0 -999.0 -999.0 -999.0 -999.0 -999.0 -999.0 2099.6 2032.0 2035.9 2048.2 2124.0 2185.9 2123.0 2131.3 2111.3 1783.4 1581.2 1398.9 813.0 1398.2 1548.4 1503.3 1775.6 1261.7 1256.8 1415.1 1794.7 1984.6 1971.3 1987.1 2000.0 1937.1 1865.4 1905.5 1903.2 1876.4 1792.9 1747.6 1867.9 1850.2 1683.4 1699.1 1747.2 1784.0 1787.9 1776.9 1902.5 1877.0 1945.4 2084.5 1978.4 2038.0 2136.0 2224.3 2179.4 2067.8 2069.9 2043.8 2013.3 1996.7 1993.4 1857.5 1936.0 2018.5
-999.0 -999.0 -999.0 -999.0 -999.0 -999.0 -999.0 -999.0 -999.0 -999.0 -999.0 -999.0 2092.4 1862.3 1911.8 1990.4 -999.0 -999.0 -999.0 -999.0 2175.6 1456.4 1449.2 1446.5 1275.5 1417.0 1517.4 1179.5 1256.2 1473.8 801.3 1068.9 1400.2 1486.5 1858.2 2078.9 1997.7 1944.7 1943.3 1899.1 1899.3 1908.4 1843.3 1884.1 1729.1 1814.1 1812.3 1786.1 1767.1 1775.5 1814.6 1918.5 1918.7 1944.1 1981.6 2035.4 2114.8 2134.8 2138.6 2164.8 2157.3 2116.8 2080.2 2053.3 1976.3 1925.4 1918.1 1934.9 1870.8 1912.9 1944.2
-999.0 -999.0 -999.0 -999.0 -999.0 -999.0 -999.0 -999.0 -999.0 -999.0 -999.0 -999.0 2020.8 1696.8 2066.7 2176.2 -999.0 -999.0 -999.0 -999.0 2261.7 1690.7 1298.1 1723.3 1245.3 1276.8 1315.8 1063.2 1000.6 1323.7 1016.5 1672.4 1658.5 1800.8 1968.8 2094.8 2043.8 1950.1 1907.8 1830.9 1772.7 1892.2 1827.8 1852.9 1835.5 1757.8 1854.3 1832.8 1910.3 1841.4 1778.7 1769.8 1791.8 1946.8 2009.4 2042.9 2074.9 2033.4 2102.6 2100.6 2055.2 2032.4 1919.5 1959.9 1783.9 1796.3 1799.0 1901.5 1875.7 1913.5 1942.3
-999.0 -999.0 -999.0 -999.0 -999.0 -999.0 -999.0 -999.0 -999.0 -999.0 -999.0 -999.0 -999.0 -999.0 -999.0 -999.0 -999.0 -999.0 -999.0 -999.0 2264.3 1575.7 1518.1 1717.1 1444.0 1632.2 1041.7 1120.1 1581.6 1320.4 1391.9 1597.4 1623.1 1915.9 2040.7 2114.7 1956.0 1934.2 1880.1 1832.8 1860.2 1898.4 1906.3 1905.3 1879.7 1827.5 1889.1 1915.9 1907.0 1871.6 1913.4 1860.9 1836.6 2008.9 1877.5 1802.5 1934.3 1943.1 1961.3 2060.8 1989.8 1876.9 1736.3 1768.5 1846.8 1837.8 1804.4 1882.4 1864.4 1913.0 1925.0
-999.0 -999.0 -999.0 -999.0 -999.0 -999.0 -999.0 -999.0 -999.0 -999.0 -999.0 -999.0 -999.0 -999.0 -999.0 -999.0 -999.0 -999.0 -999.0 -999.0 -999.0 1560.9 2161.9 2001.8 1600.4 1155.4 1269.1 1145.2 1208.9 1642.6 1592.5 1542.5 1937.1 2002.4 2096.4 2080.8 2022.5 1947.8 1951.6 1934.6 1922.8 1949.9 1955.4 1923.1 1927.7 1855.3 1860.4 1915.8 1740.1 1838.7 1970.2 1980.6 1965.3 1943.4 1951.3 1836.4 1823.8 1900.8 1804.9 1981.8 2002.8 1862.3 1866.4 1829.4 1852.4 1920.6 1855.6 1896.5 1920.3 1966.1 1931.9
-999.0 -999.0 -999.0 -999.0 -999.0 -999.0 -999.0 -999.0 -999.0 -999.0 -999.0 -999.0 -999.0 -999.0 -999.0 -999.0 -999.0 -999.0 -999.0 -999.0 -999.0 1931.7 1336.3 1244.5 1432.0 1481.8 1584.4 1383.0 1614.9 1609.7 1843.0 2026.6 1815.1 2037.7 2078.4 1872.9 1906.9 1930.2 1995.8 2057.2 2024.1 1917.7 1938.8 1830.8 1841.4 1845.5 1854.5 1901.9 1750.4 1728.9 1886.6 1968.7 1997.7 1965.9 1946.6 1918.3 1876.4 1831.7 1662.6 1842.0 2020.8 1954.8 1859.2 1753.7 1709.0 1787.2 1918.5 1907.2 1952.4 1981.6 2018.8
-999.0 -999.0 -999.0 -999.0 -999.0 -999.0 -999.0 -999.0 -999.0 -999.0 -999.0 -999.0 -999.0 -999.0 -999.0 -999.0 -999.0 -999.0 -999.0 -999.0 2054.2 1809.4 1910.8 1121.2 1599.1 1693.1 1443.9 1507.7 1677.8 1421.0 1878.3 2049.9 1771.9 2107.5 1466.7 1757.9 1926.6 1941.9 1851.8 1988.4 1981.3 1666.8 1705.3 1798.0 1925.4 1869.4 1880.2 1920.8 1894.1 1884.3 1931.0 1977.1 1980.1 1982.0 1965.0 1907.1 1937.9 1835.2 1872.7 1970.5 2000.3 1916.0 1812.7 1715.1 1676.5 1752.6 1919.5 1937.5 1978.5 2012.9 2052.0
-999.0 -999.0 -999.0 -999.0 -999.0 -999.0 -999.0 -999.0 -999.0 -999.0 -999.0 -999.0 -999.0 -999.0 -999.0 -999.0 -999.0 -999.0 -999.0 -999.0 2296.1 1973.7 1232.4 1751.6 2122.3 1812.9 1737.3 1537.6 1357.0 1437.1 1836.8 1982.3 1932.5 2032.7 1902.3 1842.2 1753.0 1726.7 1929.3 1898.3 1884.5 1833.6 1778.6 1907.7 1933.6 1876.2 1912.9 1900.6 1917.2 1991.0 1976.9 1975.1 1979.3 1976.8 1986.9 1972.4 1992.4 1918.3 1883.9 1950.7 1955.7 1845.5 1712.3 1626.2 1739.7 1740.7 1798.8 1895.8 2009.9 1946.0 2060.9
-999.0 -999.0 -999.0 -999.0 -999.0 -999.0 -999.0 -999.0 -999.0 -999.0 -999.0 -999.0 -999.0 -999.0 -999.0 -999.0 -999.0 -999.0 -999.0 -999.0 2367.0 1813.7 2173.3 1849.9 1866.1 1683.2 1659.1 1197.7 1423.0 1322.2 1665.8 1834.0 2009.6 2019.5 1907.0 1631.6 1496.6 1352.3 1817.0 1647.9 1779.4 1772.1 1809.6 1977.8 1937.6 1916.0 1949.8 1948.5 2028.1 2042.0 1916.4 1934.4 1986.6 1963.5 1856.8 2006.1 1990.5 1954.8 1953.0 1987.7 1948.9 1828.5 1766.5 1755.3 1791.4 1807.5 1912.4 1952.9 1938.0 1961.2 2063.7
-999.0 -999.0 -999.0 -999.0 -999.0 -999.0 -999.0 -999.0 -999.0 -999.0 -999.0 -999.0 -999.0 -999.0 -999.0 -999.0 -999.0 -999.0 -999.0 -999.0 -999.0 2116.7 1736.9 1454.3 1197.8 1075.1 1341.3 1363.7 1587.8 1884.3 1907.4 1969.6 1894.2 1878.8 1943.7 1785.4 1770.4 1435.4 1651.3 1759.2 1798.3 1684.9 1743.9 1965.5 1860.4 1970.6 2023.9 1857.7 2064.9 2083.3 2078.1 2002.6 2006.6 1973.7 1825.5 1912.9 2000.2 1940.4 1956.9 1964.8 1906.2 1804.6 1838.6 1867.0 1930.0 1872.6 1966.6 1883.0 1911.5 2030.0 2070.4
