GDD/GrowingDegreeDays_1971_Actual.txt
ncols         180
nrows         290
xllcorner     -200000
yllcorner     -200000
cellsize      5000
NODATA_value    -999
[rows 64 to 95 of 290, columns 71 to 141 of 180]
-999.0 -999.0 -999.0 -999.0 -999.0 -999.0 -999.0 -999.0 -999.0 1509.7 1261.3 1247.7 1198.4 911.8 941.8 770.1 949.3 1027.4 969.8 984.0 513.7 966.9 635.9 913.0 865.8 1037.1 1081.7 966.2 792.0 821.1 652.6 1016.0 -999.0 -999.0 -999.0 -999.0 -999.0 -999.0 -999.0 -999.0 -999.0 -999.0 -999.0 -999.0 -999.0 -999.0 -999.0 -999.0 -999.0 -999.0 -999.0 -999.0 -999.0 -999.0 -999.0 -999.0 -999.0 -999.0 -999.0 -999.0 -999.0 -999.0 -999.0 -999.0 -999.0 -999.0 -999.0 -999.0 -999.0 -999.0 -999.0
-999.0 -999.0 -999.0 -999.0 -999.0 -999.0 -999.0 -999.0 -999.0 -999.0 1488.2 1253.1 986.0 924.6 930.5 891.8 901.8 1255.6 1133.2 1093.1 857.3 803.5 768.3 905.9 996.5 913.9 958.1 995.0 931.6 973.5 1045.0 1327.6 -999.0 -999.0 -999.0 -999.0 -999.0 -999.0 -999.0 -999.0 -999.0 -999.0 -999.0 -999.0 -999.0 -999.0 -999.0 -999.0 -999.0 -999.0 -999.0 -999.0 -999.0 -999.0 -999.0 -999.0 -999.0 -999.0 -999.0 -999.0 -999.0 -999.0 -999.0 -999.0 -999.0 -999.0 -999.0 -999.0 -999.0 -999.0 -999.0
-999.0 -999.0 -999.0 -999.0 -999.0 -999.0 -999.0 -999.0 1565.3 -999.0 1493.2 1295.5 947.9 913.6 829.8 622.7 1105.3 1024.2 1257.7 1100.8 1088.2 975.2 876.0 1063.3 1019.3 937.1 871.1 847.0 975.4 1143.4 1351.3 -999.0 -999.0 -999.0 -999.0 -999.0 -999.0 -999.0 -999.0 -999.0 -999.0 -999.0 -999.0 -999.0 -999.0 -999.0 -999.0 -999.0 -999.0 -999.0 -999.0 -999.0 -999.0 -999.0 -999.0 -999.0 -999.0 -999.0 -999.0 -999.0 -999.0 -999.0 -999.0 -999.0 -999.0 -999.0 -999.0 -999.0 -999.0 -999.0 -999.0
-999.0 -999.0 -999.0 -999.0 -999.0 -999.0 -999.0 -999.0 1567.8 1499.4 1402.3 1370.9 932.7 1270.8 1082.8 1179.1 1042.0 1120.5 946.5 1226.9 1171.9 1023.4 1046.6 995.4 993.9 1084.5 808.8 1001.7 1053.8 -999.0 -999.0 -999.0 -999.0 -999.0 -999.0 -999.0 -999.0 -999.0 -999.0 -999.0 -999.0 -999.0 -999.0 -999.0 -999.0 -999.0 -999.0 -999.0 -999.0 -999.0 -999.0 -999.0 -999.0 -999.0 -999.0 -999.0 -999.0 -999.0 -999.0 -999.0 -999.0 -999.0 -999.0 -999.0 -999.0 -999.0 -999.0 -999.0 -999.0 -999.0 -999.0
-999.0 -999.0 -999.0 -999.0 -999.0 -999.0 -999.0 -999.0 -999.0 1515.4 882.6 1396.3 1134.0 1058.8 1070.0 1242.1 922.7 1066.2 945.4 989.4 1196.4 1089.7 1112.9 1068.5 1015.2 1036.4 978.5 1328.3 -999.0 -999.0 -999.0 -999.0 -999.0 -999.0 -999.0 -999.0 -999.0 -999.0 -999.0 -999.0 -999.0 -999.0 -999.0 -999.0 -999.0 -999.0 -999.0 -999.0 -999.0 -999.0 -999.0 -999.0 -999.0 -999.0 -999.0 -999.0 -999.0 -999.0 -999.0 -999.0 -999.0 -999.0 -999.0 -999.0 -999.0 -999.0 -999.0 -999.0 -999.0 -999.0 -999.0
-999.0 -999.0 -999.0 -999.0 -999.0 -999.0 -999.0 -999.0 -999.0 -999.0 1528.8 1108.7 1404.8 1174.5 792.3 1189.6 1145.6 1153.9 1305.5 1070.4 1227.2 1070.6 1002.2 1248.3 998.6 1156.1 1288.9 -999.0 -999.0 -999.0 -999.0 -999.0 -999.0 -999.0 -999.0 -999.0 -999.0 -999.0 -999.0 -999.0 -999.0 -999.0 -999.0 -999.0 -999.0 -999.0 -999.0 -999.0 -999.0 -999.0 -999.0 -999.0 -999.0 -999.0 -999.0 -999.0 -999.0 -999.0 -999.0 -999.0 -999.0 -999.0 -999.0 -999.0 -999.0 -999.0 -999.0 -999.0 -999.0 -999.0 -999.0
-999.0 -999.0 -999.0 -999.0 -999.0 -999.0 1581.2 -999.0 -999.0 1595.1 1559.2 1285.2 1080.5 988.6 1000.6 1212.0 1135.6 930.2 1072.3 1163.5 1300.2 1101.3 1034.1 1076.2 1337.9 1366.6 -999.0 -999.0 -999.0 -999.0 -999.0 -999.0 -999.0 -999.0 -999.0 -999.0 -999.0 -999.0 -999.0 -999.0 -999.0 -999.0 -999.0 -999.0 -999.0 -999.0 -999.0 -999.0 -999.0 -999.0 -999.0 -999.0 -999.0 -999.0 -999.0 -999.0 -999.0 -999.0 -999.0 -999.0 -999.0 -999.0 -999.0 -999.0 -999.0 -999.0 -999.0 -999.0 -999.0 -999.0 -999.0
-999.0 -999.0 -999.0 -999.0 1396.5 1579.2 1477.1 1587.0 1376.4 1576.1 1103.0 1466.7 814.1 945.0 978.2 1000.0 863.3 903.8 927.1 1281.6 1164.9 1248.8 1021.7 1118.1 1245.4 1394.5 -999.0 -999.0 -999.0 -999.0 -999.0 -999.0 -999.0 -999.0 -999.0 -999.0 -999.0 -999.0 -999.0 -999.0 -999.0 -999.0 -999.0 -999.0 -999.0 -999.0 -999.0 -999.0 -999.0 -999.0 -999.0 -999.0 -999.0 -999.0 -999.0 -999.0 -999.0 -999.0 -999.0 -999.0 -999.0 -999.0 -999.0 -999.0 -999.0 -999.0 -999.0 -999.0 -999.0 -999.0 -999.0
-999.0 -999.0 -999.0 -999.0 1082.5 1537.6 1552.3 1373.2 1291.6 1084.5 807.2 992.3 1459.8 814.9 745.6 815.3 744.6 1041.1 933.2 662.3 1097.9 1292.4 1331.2 1377.5 1388.8 -999.0 -999.0 1366.3 -999.0 -999.0 -999.0 -999.0 -999.0 -999.0 -999.0 -999.0 -999.0 -999.0 -999.0 -999.0 -999.0 -999.0 -999.0 -999.0 -999.0 -999.0 -999.0 -999.0 -999.0 -999.0 -999.0 -999.0 -999.0 -999.0 -999.0 -999.0 -999.0 -999.0 -999.0 -999.0 -999.0 -999.0 -999.0 -999.0 -999.0 -999.0 -999.0 -999.0 -999.0 -999.0 -999.0
-999.0 -999.0 -999.0 -999.0 1280.0 1429.6 1571.6 1321.3 913.1 1261.2 534.4 1095.5 1068.9 756.5 673.8 750.3 764.4 750.8 657.6 792.1 925.4 824.4 1119.2 1010.5 1322.0 1366.6 1363.4 1381.0 -999.0 -999.0 -999.0 -999.0 -999.0 -999.0 -999.0 -999.0 -999.0 -999.0 -999.0 -999.0 -999.0 -999.0 -999.0 -999.0 -999.0 -999.0 -999.0 -999.0 -999.0 -999.0 -999.0 -999.0 -999.0 -999.0 -999.0 -999.0 -999.0 -999.0 -999.0 -999.0 -999.0 -999.0 -999.0 -999.0 -999.0 -999.0 -999.0 -999.0 -999.0 -999.0 -999.0
-999.0 -999.0 -999.0 -999.0 1561.8 1293.7 1550.2 1219.7 1175.4 797.8 947.8 943.3 1089.2 1061.1 1012.5 711.7 845.3 779.6 795.4 1063.3 1085.3 951.5 1116.5 1052.0 1289.4 1356.1 1352.3 -999.0 -999.0 -999.0 -999.0 -999.0 -999.0 -999.0 -999.0 -999.0 -999.0 -999.0 -999.0 -999.0 -999.0 -999.0 -999.0 -999.0 -999.0 -999.0 -999.0 -999.0 -999.0 -999.0 -999.0 -999.0 -999.0 -999.0 -999.0 -999.0 -999.0 -999.0 -999.0 -999.0 -999.0 -999.0 -999.0 -999.0 -999.0 -999.0 -999.0 -999.0 -999.0 -999.0 -999.0
-999.0 -999.0 -999.0 -999.0 1488.5 1528.8 1392.9 1590.3 746.3 935.1 904.3 955.1 745.7 488.4 848.1 995.0 1031.1 738.4 823.5 1048.8 972.5 1111.0 1193.2 1330.7 1400.5 1229.0 -999.0 -999.0 -999.0 -999.0 -999.0 -999.0 -999.0 -999.0 -999.0 -999.0 -999.0 -999.0 -999.0 -999.0 -999.0 -999.0 -999.0 -999.0 -999.0 -999.0 -999.0 -999.0 -999.0 -999.0 -999.0 -999.0 -999.0 -999.0 -999.0 -999.0 -999.0 -999.0 -999.0 -999.0 -999.0 -999.0 -999.0 -999.0 -999.0 -999.0 -999.0 -999.0 -999.0 -999.0 -999.0
-999.0 -999.0 -999.0 1668.8 1298.3 1208.4 945.1 1162.3 1551.0 1011.7 1014.1 944.2 1004.1 947.6 1027.1 866.1 1055.2 1064.8 588.5 905.6 1050.5 1370.2 1406.8 1419.1 1452.0 -999.0 -999.0 -999.0 -999.0 -999.0 -999.0 1503.1 1462.5 1426.2 1493.7 -999.0 -999.0 1532.3 1374.5 1406.0 1478.3 1495.7 -999.0 -999.0 -999.0 1391.5 -999.0 1385.2 1401.2 -999.0 -999.0 -999.0 -999.0 -999.0 -999.0 -999.0 -999.0 -999.0 -999.0 -999.0 -999.0 -999.0 -999.0 -999.0 -999.0 -999.0 -999.0 -999.0 -999.0 -999.0 -999.0
-999.0 -999.0 -999.0 -999.0 1473.1 1162.2 921.6 1070.3 1012.1 1512.9 1017.2 1062.2 881.0 1036.2 1135.8 1425.2 1215.9 941.4 974.2 1091.9 1259.1 1296.9 1263.3 1225.7 1483.0 -999.0 -999.0 -999.0 1559.3 1588.6 1504.7 1482.0 1464.5 1512.7 1496.0 1515.3 1503.8 1360.6 1210.2 1199.0 1330.2 1378.2 1424.3 1341.3 1186.1 1132.5 1192.1 1257.9 1295.1 1308.9 -999.0 -999.0 -999.0 -999.0 -999.0 -999.0 -999.0 -999.0 -999.0 -999.0 -999.0 -999.0 -999.0 -999.0 -999.0 -999.0 -999.0 -999.0 -999.0 -999.0 -999.0
-999.0 1543.3 -999.0 1509.5 1679.4 1575.3 1514.2 625.6 1447.3 1139.9 1303.9 1028.3 1205.0 974.8 1018.2 945.8 1266.1 1365.6 1324.5 1238.8 1400.8 1207.6 1346.4 1272.3 1478.5 1465.2 1437.4 1421.3 1499.1 1550.8 1400.1 1212.7 1386.4 1417.8 1303.8 1475.3 1173.5 1021.5 1050.3 1101.5 1245.3 1162.8 1250.3 1295.4 1202.1 1076.9 1129.2 1177.8 1035.3 1231.1 1313.4 -999.0 -999.0 -999.0 -999.0 -999.0 -999.0 -999.0 -999.0 -999.0 -999.0 -999.0 -999.0 -999.0 -999.0 -999.0 -999.0 -999.0 -999.0 -999.0 -999.0
-999.0 -999.0 1648.5 1031.5 1248.5 1315.3 815.2 1015.2 729.2 1318.6 1059.4 1021.4 1095.9 1096.7 1285.9 854.2 953.1 937.7 1314.2 1441.8 1268.3 1427.0 1556.2 -999.0 1537.1 1400.7 1383.4 1288.4 1311.0 1370.2 1290.1 1288.8 1129.2 1111.2 1177.3 1267.2 1184.2 1169.8 1200.5 1208.0 1095.4 1203.2 1232.8 1212.7 1130.0 1132.0 1125.8 1146.1 1144.2 1137.4 1234.4 1331.7 -999.0 -999.0 -999.0 -999.0 -999.0 -999.0 -999.0 -999.0 -999.0 -999.0 -999.0 -999.0 -999.0 -999.0 -999.0 -999.0 -999.0 -999.0 -999.0
1524.3 -999.0 1664.9 1447.3 1138.6 1016.9 1292.8 739.1 848.7 1245.7 1129.2 924.4 837.4 842.5 1069.0 1063.0 874.0 973.1 1038.0 1453.3 1506.6 1567.2 1606.7 1513.2 1286.8 1189.2 1185.8 1210.8 1297.4 1179.8 1109.7 1112.5 968.0 1055.4 1238.4 1086.8 1045.7 1017.4 1072.7 1286.3 1290.9 1309.0 1214.0 1195.3 1101.5 1130.8 1110.8 1171.6 1177.8 1188.2 1203.1 1299.5 -999.0 -999.0 -999.0 -999.0 -999.0 -999.0 -999.0 -999.0 -999.0 -999.0 -999.0 -999.0 -999.0 -999.0 -999.0 -999.0 -999.0 -999.0 -999.0
1057.7 -999.0 -999.0 1187.2 781.2 1193.3 971.0 1590.6 1262.4 1179.8 1166.8 844.4 975.6 626.2 664.1 748.1 962.3 1130.6 1311.5 1395.3 1109.3 1327.8 1501.9 1251.0 1039.5 896.0 984.7 1083.8 1068.2 1099.4 932.1 914.4 1183.6 1185.8 1217.0 1265.3 1084.7 1069.4 1120.8 1235.0 1289.4 1235.4 1081.2 1172.1 1103.3 1140.0 1064.2 1180.8 1131.1 1138.4 1155.5 1261.6 -999.0 -999.0 -999.0 -999.0 -999.0 -999.0 -999.0 -999.0 -999.0 -999.0 -999.0 -999.0 -999.0 -999.0 -999.0 -999.0 -999.0 -999.0 -999.0
1225.4 -999.0 -999.0 1503.0 1562.1 1493.9 1543.3 1276.6 1057.6 804.2 1158.1 1008.5 1043.3 1137.5 1179.5 972.2 967.7 983.7 1033.7 1113.7 857.4 1338.4 1165.2 1157.2 979.8 765.9 852.6 1036.2 1013.8 992.0 843.4 1001.0 1288.0 925.7 1091.0 993.2 898.0 1098.5 1033.3 1238.9 1169.4 1006.9 1109.3 1115.0 1169.2 1127.6 1212.3 1203.5 1080.5 1162.4 1212.4 -999.0 -999.0 -999.0 -999.0 -999.0 -999.0 -999.0 -999.0 -999.0 -999.0 -999.0 -999.0 -999.0 -999.0 -999.0 -999.0 -999.0 -999.0 -999.0 -999.0
1575.1 1632.9 -999.0 -999.0 1810.1 1470.9 1568.4 1237.6 871.0 633.4 904.0 598.2 842.0 932.3 979.5 1187.5 1138.5 1008.9 1033.8 919.3 1438.9 1178.7 1213.8 781.6 949.1 960.5 719.0 930.0 937.5 967.0 1056.2 1189.3 1097.3 1014.1 1058.2 961.2 967.5 852.8 993.4 1190.3 965.9 1105.3 1167.6 1150.7 1013.6 1163.0 1233.8 1266.6 1183.6 1190.3 1246.7 -999.0 -999.0 -999.0 -999.0 -999.0 -999.0 -999.0 -999.0 -999.0 -999.0 -999.0 -999.0 -999.0 -999.0 -999.0 -999.0 -999.0 -999.0 -999.0 -999.0
1370.6 1545.8 -999.0 -999.0 1623.6 1593.8 1597.0 1189.9 1574.2 1180.1 881.6 656.2 520.7 677.6 1102.4 1079.9 987.5 806.1 1031.1 1352.8 1114.6 1093.0 1053.3 845.4 893.1 943.5 747.5 1019.0 1081.0 1122.5 1144.0 790.5 1047.4 1022.5 671.3 845.3 937.9 900.1 1091.5 1086.4 1126.2 1187.9 1242.4 1230.2 1244.7 1162.8 1229.7 1237.8 1191.1 1203.2 -999.0 -999.0 -999.0 -999.0 -999.0 -999.0 -999.0 -999.0 -999.0 -999.0 -999.0 -999.0 -999.0 -999.0 -999.0 -999.0 -999.0 -999.0 -999.0 -999.0 -999.0
1317.4 1502.0 1456.1 1233.2 901.6 1065.2 901.1 1058.3 1357.8 988.1 546.5 577.4 1141.1 934.7 1092.7 913.5 768.5 796.8 992.1 1221.2 1090.8 730.3 641.4 842.3 811.6 797.8 1066.4 1144.3 1159.0 987.3 840.5 1062.8 1061.6 1052.6 898.9 729.0 832.2 688.3 1093.2 861.4 1015.3 1005.8 796.6 1149.0 1304.0 1178.0 1127.7 1235.3 1198.8 -999.0 -999.0 -999.0 -999.0 -999.0 -999.0 -999.0 -999.0 -999.0 -999.0 -999.0 -999.0 -999.0 -999.0 -999.0 -999.0 -999.0 -999.0 -999.0 -999.0 -999.0 -999.0
1575.0 1273.7 1499.8 938.8 1536.6 1410.8 1192.2 759.2 603.0 989.8 864.6 962.4 672.8 824.5 906.1 944.5 1165.1 1142.5 1152.2 1124.2 874.4 607.1 700.8 909.4 651.5 974.8 886.8 1197.3 1192.2 1112.8 969.5 887.6 888.4 851.5 701.9 725.0 963.7 881.1 1153.2 1146.2 1223.3 1189.5 1186.4 1248.5 1279.0 1273.1 1221.6 1221.3 1347.8 -999.0 -999.0 -999.0 -999.0 -999.0 -999.0 -999.0 -999.0 -999.0 -999.0 -999.0 -999.0 -999.0 -999.0 -999.0 -999.0 -999.0 -999.0 -999.0 -999.0 -999.0 -999.0
-999.0 1440.8 1352.1 -999.0 1550.5 1000.9 671.6 578.6 1009.5 1136.2 1061.0 624.0 637.3 1195.5 1290.7 1105.5 825.6 1279.1 1165.3 890.8 666.6 599.5 620.7 548.8 793.7 719.0 887.7 1163.1 718.5 1011.4 691.7 721.3 688.2 612.1 727.5 902.1 1025.8 933.0 1041.0 976.1 1115.0 1103.1 1199.9 1222.6 1243.5 1258.6 1264.3 1291.8 -999.0 -999.0 -999.0 -999.0 -999.0 -999.0 -999.0 -999.0 -999.0 -999.0 -999.0 -999.0 -999.0 -999.0 -999.0 -999.0 -999.0 -999.0 -999.0 -999.0 -999.0 -999.0 -999.0
1662.5 1287.0 1625.7 -999.0 850.0 1121.9 1033.5 1542.9 891.1 1100.4 597.5 677.9 965.7 793.8 744.0 1087.9 1418.5 928.4 881.2 763.5 556.1 527.5 530.5 502.9 719.8 965.5 1199.9 1133.3 985.6 789.9 579.8 616.4 833.7 714.0 872.8 798.4 900.7 1025.0 1118.7 1043.5 1028.8 1051.9 1159.3 1099.7 1241.8 1160.4 1170.8 1300.4 -999.0 -999.0 -999.0 -999.0 -999.0 -999.0 -999.0 -999.0 -999.0 -999.0 -999.0 -999.0 -999.0 -999.0 -999.0 -999.0 -999.0 -999.0 -999.0 -999.0 -999.0 -999.0 -999.0
1422.0 1636.4 -999.0 1442.0 1301.3 946.6 1209.3 1019.1 799.9 1197.0 1199.9 1041.5 1198.6 1356.0 1370.3 1346.8 969.9 676.6 626.7 588.1 536.2 439.3 531.6 859.6 1053.5 1077.2 641.3 888.6 405.1 378.7 542.3 567.5 576.0 741.4 828.1 860.2 830.7 1240.3 1247.5 1176.8 1235.1 1206.8 823.7 1003.7 1300.4 1278.9 1274.7 1301.2 1410.6 -999.0 -999.0 -999.0 -999.0 -999.0 -999.0 -999.0 -999.0 -999.0 -999.0 -999.0 -999.0 -999.0 -999.0 -999.0 -999.0 -999.0 -999.0 -999.0 -999.0 -999.0 -999.0
-999.0 -999.0 1685.3 1160.2 1050.9 912.0 1333.5 1006.0 673.2 1178.8 1100.8 870.1 922.5 898.6 1056.1 790.7 728.7 561.8 806.8 823.8 672.7 555.8 707.0 1070.2 971.5 1040.0 736.4 419.9 633.6 399.4 512.5 542.9 617.0 695.1 737.0 916.0 1122.8 1253.3 1177.4 1281.0 1317.9 1194.4 1250.1 1317.6 1345.5 1217.1 1191.3 1279.5 -999.0 -999.0 -999.0 -999.0 -999.0 -999.0 -999.0 -999.0 -999.0 -999.0 -999.0 -999.0 -999.0 -999.0 -999.0 -999.0 -999.0 -999.0 -999.0 -999.0 -999.0 -999.0 -999.0
-999.0 -999.0 1664.9 1615.8 1292.0 891.1 1141.3 840.3 1307.0 1346.0 1301.7 1105.6 712.9 609.2 732.3 962.0 1002.0 903.9 665.3 827.8 839.4 939.0 932.4 791.6 738.1 639.0 518.4 522.2 492.4 682.5 725.2 794.4 1061.5 1004.4 925.6 885.1 821.2 976.6 1085.1 880.9 1038.8 1323.7 1239.3 1125.9 1081.2 1050.2 1185.3 -999.0 -999.0 -999.0 -999.0 -999.0 -999.0 -999.0 -999.0 -999.0 -999.0 -999.0 -999.0 -999.0 -999.0 -999.0 -999.0 -999.0 -999.0 -999.0 -999.0 -999.0 -999.0 -999.0 -999.0
-999.0 -999.0 1362.1 984.0 1450.1 798.5 732.9 833.8 727.1 910.9 1255.7 1166.9 1319.8 1358.0 720.4 791.4 684.8 336.0 1059.5 922.5 908.3 826.8 863.5 676.4 727.8 562.1 693.0 742.5 773.6 695.9 846.6 652.2 651.7 531.4 651.5 826.5 679.7 526.2 699.1 762.1 903.5 914.7 963.2 968.0 1061.3 1080.3 1208.4 -999.0 -999.0 -999.0 -999.0 -999.0 -999.0 -999.0 -999.0 -999.0 -999.0 -999.0 -999.0 -999.0 -999.0 -999.0 -999.0 -999.0 -999.0 -999.0 -999.0 -999.0 -999.0 -999.0 -999.0
-999.0 1690.0 1679.3 1396.4 1629.3 1390.5 1188.4 924.6 1273.2 1254.6 709.9 1264.6 1326.7 1299.1 1232.4 774.3 964.1 1157.8 1003.6 586.1 654.8 845.9 460.7 622.9 679.0 569.0 503.4 572.3 616.7 597.8 608.4 632.1 585.4 416.5 873.4 644.0 679.9 1064.3 1094.7 792.8 963.6 918.4 904.3 1157.6 1059.2 1099.0 1201.0 -999.0 -999.0 -999.0 -999.0 -999.0 -999.0 -999.0 -999.0 -999.0 -999.0 -999.0 -999.0 -999.0 -999.0 -999.0 -999.0 -999.0 -999.0 -999.0 -999.0 -999.0 -999.0 -999.0 -999.0
-999.0 -999.0 1614.6 1309.7 733.6 1363.6 1547.7 1396.4 1496.0 1577.3 1578.2 1525.3 1313.7 1224.7 816.8 1057.6 953.8 982.0 613.5 716.8 929.1 840.0 450.3 714.3 612.2 812.4 560.6 576.6 782.1 430.2 489.9 522.5 405.8 460.4 644.8 527.7 644.0 804.8 1023.0 1207.9 1164.0 982.7 1133.4 1268.3 1215.2 1142.7 1360.4 -999.0 -999.0 -999.0 -999.0 -999.0 -999.0 -999.0 -999.0 -999.0 -999.0 -999.0 -999.0 -999.0 -999.0 -999.0 -999.0 -999.0 -999.0 -999.0 -999.0 -999.0 -999.0 -999.0 -999.0
1592.9 1586.2 1575.2 1451.7 1062.6 1524.6 792.3 1203.8 997.3 822.5 1546.7 1483.4 363.7 618.5 570.7 722.3 532.7 616.1 570.3 557.1 493.6 710.2 677.8 847.3 878.9 924.7 767.7 784.6 535.6 780.2 721.8 855.9 687.8 522.2 612.3 1047.4 798.1 736.3 1010.9 779.3 1130.0 1281.0 1312.0 1286.6 1127.8 1246.5 -999.0 -999.0 -999.0 -999.0 -999.0 -999.0 -999.0 -999.0 -999.0 -999.0 -999.0 -999.0 -999.0 -999.0 -999.0 -999.0 -999.0 -999.0 -999.0 -999.0 -999.0 -999.0 -999.0 -999.0 -999.0
