GDD/GrowingDegreeDays_1963_Actual.txt
ncols         180
nrows         290
xllcorner     -200000
yllcorner     -200000
cellsize      5000
NODATA_value    -999
[rows 64 to 95 of 290, columns 71 to 141 of 180]
-999.0 -999.0 -999.0 -999.0 -999.0 -999.0 -999.0 -999.0 -999.0 1336.5 1116.8 1126.7 1094.1 811.9 841.5 656.3 841.1 919.0 860.6 880.9 380.1 859.9 506.9 796.5 746.0 918.2 961.6 845.3 666.7 700.9 517.4 877.0 -999.0 -999.0 -999.0 -999.0 -999.0 -999.0 -999.0 -999.0 -999.0 -999.0 -999.0 -999.0 -999.0 -999.0 -999.0 -999.0 -999.0 -999.0 -999.0 -999.0 -999.0 -999.0 -999.0 -999.0 -999.0 -999.0 -999.0 -999.0 -999.0 -999.0 -999.0 -999.0 -999.0 -999.0 -999.0 -999.0 -999.0 -999.0 -999.0
-999.0 -999.0 -999.0 -999.0 -999.0 -999.0 -999.0 -999.0 -999.0 -999.0 1341.3 1141.0 896.5 832.5 835.0 787.8 793.8 1149.9 1026.8 991.9 750.6 694.2 654.7 793.3 887.1 799.0 842.2 880.0 813.9 846.6 901.9 1157.8 -999.0 -999.0 -999.0 -999.0 -999.0 -999.0 -999.0 -999.0 -999.0 -999.0 -999.0 -999.0 -999.0 -999.0 -999.0 -999.0 -999.0 -999.0 -999.0 -999.0 -999.0 -999.0 -999.0 -999.0 -999.0 -999.0 -999.0 -999.0 -999.0 -999.0 -999.0 -999.0 -999.0 -999.0 -999.0 -999.0 -999.0 -999.0 -999.0
-999.0 -999.0 -999.0 -999.0 -999.0 -999.0 -999.0 -999.0 1371.8 -999.0 1350.4 1183.1 864.5 830.1 735.3 507.9 1006.7 920.7 1159.5 1004.5 994.1 877.2 771.5 960.6 912.6 826.9 756.5 728.4 846.8 996.2 1171.9 -999.0 -999.0 -999.0 -999.0 -999.0 -999.0 -999.0 -999.0 -999.0 -999.0 -999.0 -999.0 -999.0 -999.0 -999.0 -999.0 -999.0 -999.0 -999.0 -999.0 -999.0 -999.0 -999.0 -999.0 -999.0 -999.0 -999.0 -999.0 -999.0 -999.0 -999.0 -999.0 -999.0 -999.0 -999.0 -999.0 -999.0 -999.0 -999.0 -999.0
-999.0 -999.0 -999.0 -999.0 -999.0 -999.0 -999.0 -999.0 1374.8 1332.2 1260.4 1267.8 862.7 1189.9 998.8 1088.3 946.0 1024.2 849.8 1142.3 1088.8 933.8 954.5 895.5 888.6 981.6 689.0 871.4 905.6 -999.0 -999.0 -999.0 -999.0 -999.0 -999.0 -999.0 -999.0 -999.0 -999.0 -999.0 -999.0 -999.0 -999.0 -999.0 -999.0 -999.0 -999.0 -999.0 -999.0 -999.0 -999.0 -999.0 -999.0 -999.0 -999.0 -999.0 -999.0 -999.0 -999.0 -999.0 -999.0 -999.0 -999.0 -999.0 -999.0 -999.0 -999.0 -999.0 -999.0 -999.0 -999.0
-999.0 -999.0 -999.0 -999.0 -999.0 -999.0 -999.0 -999.0 -999.0 1343.0 752.1 1294.8 1065.2 982.7 983.9 1149.6 823.6 976.9 857.3 908.8 1124.4 1011.7 1029.1 974.7 913.1 923.6 851.3 1177.4 -999.0 -999.0 -999.0 -999.0 -999.0 -999.0 -999.0 -999.0 -999.0 -999.0 -999.0 -999.0 -999.0 -999.0 -999.0 -999.0 -999.0 -999.0 -999.0 -999.0 -999.0 -999.0 -999.0 -999.0 -999.0 -999.0 -999.0 -999.0 -999.0 -999.0 -999.0 -999.0 -999.0 -999.0 -999.0 -999.0 -999.0 -999.0 -999.0 -999.0 -999.0 -999.0 -999.0
-999.0 -999.0 -999.0 -999.0 -999.0 -999.0 -999.0 -999.0 -999.0 -999.0 1372.2 995.6 1303.8 1082.4 688.8 1091.4 1050.4 1066.7 1235.8 1003.5 1169.3 999.0 917.4 1158.1 886.7 1028.8 1137.9 -999.0 -999.0 -999.0 -999.0 -999.0 -999.0 -999.0 -999.0 -999.0 -999.0 -999.0 -999.0 -999.0 -999.0 -999.0 -999.0 -999.0 -999.0 -999.0 -999.0 -999.0 -999.0 -999.0 -999.0 -999.0 -999.0 -999.0 -999.0 -999.0 -999.0 -999.0 -999.0 -999.0 -999.0 -999.0 -999.0 -999.0 -999.0 -999.0 -999.0 -999.0 -999.0 -999.0 -999.0
-999.0 -999.0 -999.0 -999.0 -999.0 -999.0 1358.6 -999.0 -999.0 1399.7 1390.3 1148.4 965.8 880.9 892.0 1106.4 1034.8 832.0 992.3 1098.8 1242.9 1028.4 944.5 977.0 1218.4 1223.6 -999.0 -999.0 -999.0 -999.0 -999.0 -999.0 -999.0 -999.0 -999.0 -999.0 -999.0 -999.0 -999.0 -999.0 -999.0 -999.0 -999.0 -999.0 -999.0 -999.0 -999.0 -999.0 -999.0 -999.0 -999.0 -999.0 -999.0 -999.0 -999.0 -999.0 -999.0 -999.0 -999.0 -999.0 -999.0 -999.0 -999.0 -999.0 -999.0 -999.0 -999.0 -999.0 -999.0 -999.0 -999.0
-999.0 -999.0 -999.0 -999.0 1229.6 1377.0 1258.8 1371.3 1176.9 1382.6 944.7 1311.8 681.9 821.8 858.3 883.6 747.7 794.1 828.0 1201.4 1084.0 1162.2 916.2 1002.3 1107.2 1234.9 -999.0 -999.0 -999.0 -999.0 -999.0 -999.0 -999.0 -999.0 -999.0 -999.0 -999.0 -999.0 -999.0 -999.0 -999.0 -999.0 -999.0 -999.0 -999.0 -999.0 -999.0 -999.0 -999.0 -999.0 -999.0 -999.0 -999.0 -999.0 -999.0 -999.0 -999.0 -999.0 -999.0 -999.0 -999.0 -999.0 -999.0 -999.0 -999.0 -999.0 -999.0 -999.0 -999.0 -999.0 -999.0
-999.0 -999.0 -999.0 -999.0 915.5 1325.9 1325.1 1162.8 1103.1 920.0 651.3 846.1 1317.4 679.7 610.5 682.9 614.8 925.6 820.8 538.5 994.0 1188.2 1217.3 1252.4 1249.1 -999.0 -999.0 1202.4 -999.0 -999.0 -999.0 -999.0 -999.0 -999.0 -999.0 -999.0 -999.0 -999.0 -999.0 -999.0 -999.0 -999.0 -999.0 -999.0 -999.0 -999.0 -999.0 -999.0 -999.0 -999.0 -999.0 -999.0 -999.0 -999.0 -999.0 -999.0 -999.0 -999.0 -999.0 -999.0 -999.0 -999.0 -999.0 -999.0 -999.0 -999.0 -999.0 -999.0 -999.0 -999.0 -999.0
-999.0 -999.0 -999.0 -999.0 1074.5 1195.9 1331.2 1112.8 736.5 1093.6 378.1 947.3 928.9 612.5 525.6 607.7 627.9 616.6 519.7 665.3 804.3 698.9 997.0 881.2 1186.2 1215.3 1196.1 1203.0 -999.0 -999.0 -999.0 -999.0 -999.0 -999.0 -999.0 -999.0 -999.0 -999.0 -999.0 -999.0 -999.0 -999.0 -999.0 -999.0 -999.0 -999.0 -999.0 -999.0 -999.0 -999.0 -999.0 -999.0 -999.0 -999.0 -999.0 -999.0 -999.0 -999.0 -999.0 -999.0 -999.0 -999.0 -999.0 -999.0 -999.0 -999.0 -999.0 -999.0 -999.0 -999.0 -999.0
-999.0 -999.0 -999.0 -999.0 1333.9 1074.9 1317.9 1023.0 997.4 633.3 792.1 793.2 942.7 915.4 864.8 559.6 698.3 636.2 655.9 934.4 959.9 824.1 990.8 911.5 1141.4 1190.2 1167.7 -999.0 -999.0 -999.0 -999.0 -999.0 -999.0 -999.0 -999.0 -999.0 -999.0 -999.0 -999.0 -999.0 -999.0 -999.0 -999.0 -999.0 -999.0 -999.0 -999.0 -999.0 -999.0 -999.0 -999.0 -999.0 -999.0 -999.0 -999.0 -999.0 -999.0 -999.0 -999.0 -999.0 -999.0 -999.0 -999.0 -999.0 -999.0 -999.0 -999.0 -999.0 -999.0 -999.0 -999.0
-999.0 -999.0 -999.0 -999.0 1261.1 1313.3 1190.9 1395.8 576.8 773.1 745.7 800.3 589.3 330.1 688.5 838.2 877.4 585.6 675.8 911.0 834.5 972.5 1044.9 1174.0 1226.0 1034.1 -999.0 -999.0 -999.0 -999.0 -999.0 -999.0 -999.0 -999.0 -999.0 -999.0 -999.0 -999.0 -999.0 -999.0 -999.0 -999.0 -999.0 -999.0 -999.0 -999.0 -999.0 -999.0 -999.0 -999.0 -999.0 -999.0 -999.0 -999.0 -999.0 -999.0 -999.0 -999.0 -999.0 -999.0 -999.0 -999.0 -999.0 -999.0 -999.0 -999.0 -999.0 -999.0 -999.0 -999.0 -999.0
-999.0 -999.0 -999.0 1408.6 1074.1 1010.3 764.7 989.6 1382.6 854.3 855.5 783.7 843.5 782.1 858.4 694.0 890.2 909.2 425.7 757.5 902.4 1221.5 1246.4 1243.2 1249.1 -999.0 -999.0 -999.0 -999.0 -999.0 -999.0 1267.8 1262.2 1235.3 1288.5 -999.0 -999.0 1312.7 1165.7 1200.5 1265.4 1270.3 -999.0 -999.0 -999.0 1176.8 -999.0 1167.1 1158.3 -999.0 -999.0 -999.0 -999.0 -999.0 -999.0 -999.0 -999.0 -999.0 -999.0 -999.0 -999.0 -999.0 -999.0 -999.0 -999.0 -999.0 -999.0 -999.0 -999.0 -999.0 -999.0
-999.0 -999.0 -999.0 -999.0 1240.8 957.0 735.1 897.0 851.5 1353.7 857.0 898.2 712.9 862.9 950.1 1228.3 1031.6 772.0 814.6 940.5 1110.7 1145.0 1097.3 1040.8 1272.7 -999.0 -999.0 -999.0 1286.3 1305.3 1267.3 1263.1 1286.7 1350.5 1318.7 1324.8 1311.3 1181.1 1040.9 1033.5 1157.7 1191.8 1227.5 1146.1 1004.6 957.0 1019.4 1075.7 1094.7 1088.3 -999.0 -999.0 -999.0 -999.0 -999.0 -999.0 -999.0 -999.0 -999.0 -999.0 -999.0 -999.0 -999.0 -999.0 -999.0 -999.0 -999.0 -999.0 -999.0 -999.0 -999.0
-999.0 1269.3 -999.0 1262.4 1446.5 1356.8 1309.0 450.2 1272.3 976.4 1135.5 857.9 1030.1 793.6 821.2 738.2 1061.8 1187.3 1164.1 1083.7 1246.8 1044.8 1169.8 1097.5 1288.8 1241.6 1210.0 1198.1 1259.5 1278.7 1151.4 1013.8 1218.2 1263.4 1152.3 1313.2 1013.9 876.4 911.5 962.1 1103.1 1013.0 1094.8 1140.5 1056.1 936.4 985.9 1028.6 877.7 1051.6 1099.7 -999.0 -999.0 -999.0 -999.0 -999.0 -999.0 -999.0 -999.0 -999.0 -999.0 -999.0 -999.0 -999.0 -999.0 -999.0 -999.0 -999.0 -999.0 -999.0 -999.0
-999.0 -999.0 1391.9 816.2 1047.5 1118.5 634.4 838.7 558.1 1143.2 884.8 846.6 917.4 910.8 1078.6 643.5 750.0 755.4 1148.0 1276.9 1102.9 1245.5 1368.0 -999.0 1359.9 1203.7 1189.0 1095.7 1110.2 1151.3 1076.6 1097.2 955.7 950.4 1023.4 1117.2 1038.9 1032.9 1067.0 1072.8 959.8 1067.9 1099.1 1084.0 1008.6 1009.0 996.1 1008.6 1002.9 988.5 1049.4 1113.1 -999.0 -999.0 -999.0 -999.0 -999.0 -999.0 -999.0 -999.0 -999.0 -999.0 -999.0 -999.0 -999.0 -999.0 -999.0 -999.0 -999.0 -999.0 -999.0
1261.7 -999.0 1411.0 1228.0 953.7 836.0 1107.0 567.8 677.1 1070.2 951.3 744.7 658.1 658.8 874.7 861.4 681.6 793.6 868.1 1282.7 1335.4 1377.7 1401.3 1329.8 1122.2 1030.0 1018.9 1034.6 1111.8 984.7 914.7 927.8 794.9 889.1 1079.8 930.4 897.3 877.3 938.4 1155.1 1160.9 1181.6 1094.9 1090.3 1006.7 1025.9 990.3 1042.3 1045.5 1051.7 1036.4 1094.1 -999.0 -999.0 -999.0 -999.0 -999.0 -999.0 -999.0 -999.0 -999.0 -999.0 -999.0 -999.0 -999.0 -999.0 -999.0 -999.0 -999.0 -999.0 -999.0
822.7 -999.0 -999.0 973.0 596.0 1003.0 790.0 1402.1 1083.4 1001.8 986.0 665.7 793.9 446.1 481.1 561.7 777.4 954.3 1141.9 1227.3 938.5 1148.0 1309.7 1081.7 889.6 742.5 821.1 911.5 887.1 913.0 747.8 734.5 1008.3 1016.2 1052.9 1108.3 933.5 926.8 986.7 1109.6 1163.5 1110.3 973.5 1094.7 1042.6 1053.1 952.1 1055.0 1001.3 1005.9 995.4 1063.1 -999.0 -999.0 -999.0 -999.0 -999.0 -999.0 -999.0 -999.0 -999.0 -999.0 -999.0 -999.0 -999.0 -999.0 -999.0 -999.0 -999.0 -999.0 -999.0
998.3 -999.0 -999.0 1259.7 1336.1 1284.4 1340.4 1091.6 878.9 629.8 977.2 826.5 856.9 945.2 985.0 783.2 785.1 809.6 866.7 949.1 690.2 1176.0 1006.9 1017.5 848.5 615.8 690.2 863.8 832.7 805.0 657.5 820.8 1111.2 754.5 922.2 834.7 746.6 956.6 903.4 1118.7 1045.1 881.3 1000.9 1041.2 1115.0 1041.7 1097.9 1077.2 952.6 1023.3 1047.7 -999.0 -999.0 -999.0 -999.0 -999.0 -999.0 -999.0 -999.0 -999.0 -999.0 -999.0 -999.0 -999.0 -999.0 -999.0 -999.0 -999.0 -999.0 -999.0 -999.0
1346.6 1383.5 -999.0 -999.0 1561.8 1251.5 1358.7 1051.3 695.9 464.7 725.4 422.5 657.2 741.4 786.1 992.5 952.0 833.3 866.0 756.2 1275.8 1019.7 1061.1 636.0 820.9 818.1 550.8 754.6 748.5 762.5 861.3 1005.7 910.8 834.6 886.7 800.7 815.5 708.7 861.9 1065.4 837.9 976.0 1046.8 1046.4 916.2 1049.5 1106.5 1133.4 1048.5 1041.3 1070.2 -999.0 -999.0 -999.0 -999.0 -999.0 -999.0 -999.0 -999.0 -999.0 -999.0 -999.0 -999.0 -999.0 -999.0 -999.0 -999.0 -999.0 -999.0 -999.0 -999.0
1169.2 1325.6 -999.0 -999.0 1391.3 1376.8 1395.6 1010.0 1383.9 1003.9 703.7 480.5 351.1 500.0 902.5 885.1 801.0 632.0 863.4 1185.8 952.7 930.1 896.2 692.6 739.7 784.9 575.2 839.1 885.1 902.5 942.1 604.1 860.7 841.3 494.7 682.0 784.5 754.1 952.3 952.2 991.5 1051.8 1110.9 1101.0 1112.4 1024.5 1085.3 1092.6 1045.2 1040.8 -999.0 -999.0 -999.0 -999.0 -999.0 -999.0 -999.0 -999.0 -999.0 -999.0 -999.0 -999.0 -999.0 -999.0 -999.0 -999.0 -999.0 -999.0 -999.0 -999.0 -999.0
1124.3 1294.2 1260.8 1042.8 721.2 891.3 730.8 884.7 1175.0 814.2 378.2 406.7 951.8 745.0 896.3 725.6 588.7 620.5 820.0 1053.0 924.9 562.2 473.4 682.1 648.8 630.2 893.3 964.0 972.3 791.3 647.4 878.1 878.6 873.9 726.9 561.3 673.4 531.7 946.6 716.0 871.7 863.7 648.5 1004.6 1152.1 1031.0 980.2 1079.9 1040.6 -999.0 -999.0 -999.0 -999.0 -999.0 -999.0 -999.0 -999.0 -999.0 -999.0 -999.0 -999.0 -999.0 -999.0 -999.0 -999.0 -999.0 -999.0 -999.0 -999.0 -999.0 -999.0
1362.5 1081.8 1292.1 752.8 1335.9 1220.9 1017.5 596.6 440.5 816.2 689.6 782.9 496.8 642.0 718.8 754.9 974.9 956.8 973.5 951.0 706.5 434.6 533.4 746.3 479.1 805.0 712.3 1019.4 1009.3 929.1 788.0 708.5 711.6 676.8 530.7 558.3 803.6 721.5 998.5 994.2 1074.2 1042.8 1040.5 1104.3 1127.0 1132.0 1089.4 1075.6 1177.9 -999.0 -999.0 -999.0 -999.0 -999.0 -999.0 -999.0 -999.0 -999.0 -999.0 -999.0 -999.0 -999.0 -999.0 -999.0 -999.0 -999.0 -999.0 -999.0 -999.0 -999.0 -999.0
-999.0 1230.3 1143.8 -999.0 1345.9 821.4 509.5 418.5 839.4 964.0 883.8 454.6 462.7 1006.9 1099.1 915.9 633.1 1092.1 982.6 715.7 493.7 429.4 451.2 379.2 625.2 542.9 712.4 983.9 522.6 824.5 506.6 544.1 514.7 441.2 561.1 739.6 861.3 766.2 876.2 816.0 960.5 951.8 1051.4 1076.5 1101.9 1122.4 1125.8 1144.1 -999.0 -999.0 -999.0 -999.0 -999.0 -999.0 -999.0 -999.0 -999.0 -999.0 -999.0 -999.0 -999.0 -999.0 -999.0 -999.0 -999.0 -999.0 -999.0 -999.0 -999.0 -999.0 -999.0
1418.0 1065.2 1395.2 -999.0 657.0 942.9 862.8 1357.6 719.3 926.5 429.4 505.4 784.7 611.9 558.5 896.4 1223.5 737.7 698.4 589.0 385.0 358.6 363.4 335.4 547.0 795.6 1029.5 953.7 788.8 599.3 399.5 444.3 668.8 550.2 713.8 634.3 731.3 846.2 942.7 877.8 869.4 895.6 1005.6 950.6 1101.2 1024.7 1028.1 1181.4 -999.0 -999.0 -999.0 -999.0 -999.0 -999.0 -999.0 -999.0 -999.0 -999.0 -999.0 -999.0 -999.0 -999.0 -999.0 -999.0 -999.0 -999.0 -999.0 -999.0 -999.0 -999.0 -999.0
1178.7 1387.8 -999.0 1220.9 1096.0 765.9 1038.0 849.4 631.9 1024.3 1023.2 864.3 1018.6 1165.9 1178.8 1158.0 780.6 488.3 446.1 414.4 367.9 282.0 364.8 693.0 885.7 906.7 453.3 711.6 238.7 221.0 373.0 404.7 413.7 581.1 668.5 697.8 658.3 1049.9 1060.1 1007.1 1072.8 1046.4 654.5 843.8 1155.6 1142.2 1136.8 1128.4 1220.4 -999.0 -999.0 -999.0 -999.0 -999.0 -999.0 -999.0 -999.0 -999.0 -999.0 -999.0 -999.0 -999.0 -999.0 -999.0 -999.0 -999.0 -999.0 -999.0 -999.0 -999.0 -999.0
-999.0 -999.0 1436.4 955.3 867.5 734.1 1157.9 836.1 510.2 1009.5 928.3 695.5 744.4 720.6 875.1 610.8 548.7 382.4 635.5 656.0 505.6 389.8 540.0 905.1 802.3 869.5 558.8 257.0 458.8 244.9 352.8 385.2 457.7 535.3 573.9 757.8 961.1 1076.7 1002.9 1115.7 1155.2 1031.6 1079.0 1150.2 1194.1 1074.0 1034.9 1097.3 -999.0 -999.0 -999.0 -999.0 -999.0 -999.0 -999.0 -999.0 -999.0 -999.0 -999.0 -999.0 -999.0 -999.0 -999.0 -999.0 -999.0 -999.0 -999.0 -999.0 -999.0 -999.0 -999.0
-999.0 -999.0 1419.1 1395.8 1108.0 715.5 971.9 673.5 1138.5 1172.9 1128.7 932.5 543.7 440.9 560.0 785.2 824.3 729.0 495.8 662.3 676.1 774.9 767.8 624.5 566.8 463.2 345.3 352.2 327.6 521.0 568.1 640.3 903.0 846.3 766.3 727.4 661.1 812.8 921.0 715.6 871.4 1164.2 1103.1 982.8 930.6 900.5 1001.2 -999.0 -999.0 -999.0 -999.0 -999.0 -999.0 -999.0 -999.0 -999.0 -999.0 -999.0 -999.0 -999.0 -999.0 -999.0 -999.0 -999.0 -999.0 -999.0 -999.0 -999.0 -999.0 -999.0 -999.0
-999.0 -999.0 1137.1 788.8 1259.0 624.2 564.3 666.6 562.9 741.8 1087.2 999.9 1150.0 1186.4 551.8 621.1 512.2 203.4 891.7 756.2 743.8 665.0 701.0 508.3 560.3 394.0 526.7 581.1 614.2 536.4 689.8 495.6 493.2 368.4 488.7 668.2 520.3 360.2 538.9 599.5 738.9 755.3 819.0 826.5 918.7 939.6 1059.2 -999.0 -999.0 -999.0 -999.0 -999.0 -999.0 -999.0 -999.0 -999.0 -999.0 -999.0 -999.0 -999.0 -999.0 -999.0 -999.0 -999.0 -999.0 -999.0 -999.0 -999.0 -999.0 -999.0 -999.0
-999.0 1428.1 1443.3 1202.6 1432.6 1212.3 1022.8 757.0 1105.7 1082.8 543.2 1096.3 1162.3 1136.8 1066.0 605.5 792.9 989.0 836.0 420.6 490.6 686.1 303.0 459.0 514.4 405.5 344.3 412.3 456.9 440.6 451.6 476.8 430.1 263.6 717.6 484.9 520.9 905.2 934.9 633.4 805.2 757.4 743.9 1009.8 920.2 956.1 1039.8 -999.0 -999.0 -999.0 -999.0 -999.0 -999.0 -999.0 -999.0 -999.0 -999.0 -999.0 -999.0 -999.0 -999.0 -999.0 -999.0 -999.0 -999.0 -999.0 -999.0 -999.0 -999.0 -999.0 -999.0
-999.0 -999.0 1387.0 1118.1 558.5 1192.4 1376.8 1230.4 1320.8 1382.6 1369.9 1345.2 1154.0 1067.9 654.3 891.5 787.2 818.1 448.9 556.4 773.2 684.8 297.0 554.2 451.6 654.5 400.1 417.8 627.2 282.8 343.8 379.8 267.6 309.3 488.6 366.0 484.4 648.7 865.3 1052.4 1009.1 821.1 962.9 1121.0 1076.0 988.3 1175.2 -999.0 -999.0 -999.0 -999.0 -999.0 -999.0 -999.0 -999.0 -999.0 -999.0 -999.0 -999.0 -999.0 -999.0 -999.0 -999.0 -999.0 -999.0 -999.0 -999.0 -999.0 -999.0 -999.0 -999.0
1365.1 1364.4 1365.5 1264.0 894.5 1355.3 629.5 1048.7 831.0 648.2 1352.0 1311.1 242.4 466.1 417.9 561.2 373.2 455.1 413.5 403.8 345.1 556.4 521.4 692.8 721.6 764.3 607.5 625.0 379.3 629.8 580.5 728.0 549.6 372.3 455.3 894.0 639.7 576.4 853.4 622.6 980.2 1133.7 1166.7 1146.8 978.0 1076.6 -999.0 -999.0 -999.0 -999.0 -999.0 -999.0 -999.0 -999.0 -999.0 -999.0 -999.0 -999.0 -999.0 -999.0 -999.0 -999.0 -999.0 -999.0 -999.0 -999.0 -999.0 -999.0 -999.0 -999.0 -999.0
