GDD/GrowingDegreeDays_1991_Actual.txt
ncols         180
nrows         290
xllcorner     -200000
yllcorner     -200000
cellsize      5000
NODATA_value    -999
[rows 64 to 95 of 290, columns 71 to 141 of 180]
-999.0 -999.0 -999.0 -999.0 -999.0 -999.0 -999.0 -999.0 -999.0 1426.8 1207.7 1243.1 1209.8 896.1 925.8 734.2 926.6 1006.0 925.5 950.4 459.9 939.3 602.9 905.0 870.5 1066.6 1122.8 1005.6 817.5 862.6 654.4 1008.4 -999.0 -999.0 -999.0 -999.0 -999.0 -999.0 -999.0 -999.0 -999.0 -999.0 -999.0 -999.0 -999.0 -999.0 -999.0 -999.0 -999.0 -999.0 -999.0 -999.0 -999.0 -999.0 -999.0 -999.0 -999.0 -999.0 -999.0 -999.0 -999.0 -999.0 -999.0 -999.0 -999.0 -999.0 -999.0 -999.0 -999.0 -999.0 -999.0
-999.0 -999.0 -999.0 -999.0 -999.0 -999.0 -999.0 -999.0 -999.0 -999.0 1455.3 1246.5 975.3 901.5 908.2 861.2 874.9 1256.5 1085.6 1042.6 804.5 761.2 739.2 901.0 1022.3 938.8 999.2 1056.8 984.1 1006.4 1045.4 1306.7 -999.0 -999.0 -999.0 -999.0 -999.0 -999.0 -999.0 -999.0 -999.0 -999.0 -999.0 -999.0 -999.0 -999.0 -999.0 -999.0 -999.0 -999.0 -999.0 -999.0 -999.0 -999.0 -999.0 -999.0 -999.0 -999.0 -999.0 -999.0 -999.0 -999.0 -999.0 -999.0 -999.0 -999.0 -999.0 -999.0 -999.0 -999.0 -999.0
-999.0 -999.0 -999.0 -999.0 -999.0 -999.0 -999.0 -999.0 1433.5 -999.0 1473.8 1286.9 925.7 888.1 802.2 583.7 1080.9 985.6 1225.4 1051.1 1042.3 938.2 849.4 1067.7 1039.0 961.6 902.3 885.9 1008.1 1159.3 1333.2 -999.0 -999.0 -999.0 -999.0 -999.0 -999.0 -999.0 -999.0 -999.0 -999.0 -999.0 -999.0 -999.0 -999.0 -999.0 -999.0 -999.0 -999.0 -999.0 -999.0 -999.0 -999.0 -999.0 -999.0 -999.0 -999.0 -999.0 -999.0 -999.0 -999.0 -999.0 -999.0 -999.0 -999.0 -999.0 -999.0 -999.0 -999.0 -999.0 -999.0
-999.0 -999.0 -999.0 -999.0 -999.0 -999.0 -999.0 -999.0 1435.9 1417.1 1373.6 1383.3 912.4 1283.7 1070.3 1165.3 1003.5 1077.3 887.3 1183.1 1127.7 982.3 1029.4 994.1 1008.6 1130.2 821.4 1012.9 1049.3 -999.0 -999.0 -999.0 -999.0 -999.0 -999.0 -999.0 -999.0 -999.0 -999.0 -999.0 -999.0 -999.0 -999.0 -999.0 -999.0 -999.0 -999.0 -999.0 -999.0 -999.0 -999.0 -999.0 -999.0 -999.0 -999.0 -999.0 -999.0 -999.0 -999.0 -999.0 -999.0 -999.0 -999.0 -999.0 -999.0 -999.0 -999.0 -999.0 -999.0 -999.0 -999.0
-999.0 -999.0 -999.0 -999.0 -999.0 -999.0 -999.0 -999.0 -999.0 1411.6 793.6 1384.4 1141.4 1054.9 1053.2 1241.7 883.4 1033.2 894.8 925.1 1139.8 1049.5 1097.8 1073.2 1029.8 1058.4 978.3 1338.4 -999.0 -999.0 -999.0 -999.0 -999.0 -999.0 -999.0 -999.0 -999.0 -999.0 -999.0 -999.0 -999.0 -999.0 -999.0 -999.0 -999.0 -999.0 -999.0 -999.0 -999.0 -999.0 -999.0 -999.0 -999.0 -999.0 -999.0 -999.0 -999.0 -999.0 -999.0 -999.0 -999.0 -999.0 -999.0 -999.0 -999.0 -999.0 -999.0 -999.0 -999.0 -999.0 -999.0
-999.0 -999.0 -999.0 -999.0 -999.0 -999.0 -999.0 -999.0 -999.0 -999.0 1452.9 1031.2 1407.1 1161.6 752.3 1186.7 1136.5 1135.2 1291.6 1010.0 1157.2 1023.3 981.5 1277.3 1000.6 1155.9 1277.1 -999.0 -999.0 -999.0 -999.0 -999.0 -999.0 -999.0 -999.0 -999.0 -999.0 -999.0 -999.0 -999.0 -999.0 -999.0 -999.0 -999.0 -999.0 -999.0 -999.0 -999.0 -999.0 -999.0 -999.0 -999.0 -999.0 -999.0 -999.0 -999.0 -999.0 -999.0 -999.0 -999.0 -999.0 -999.0 -999.0 -999.0 -999.0 -999.0 -999.0 -999.0 -999.0 -999.0 -999.0
-999.0 -999.0 -999.0 -999.0 -999.0 -999.0 1430.5 -999.0 -999.0 1467.5 1478.9 1213.4 1022.2 946.9 974.2 1210.7 1128.6 901.1 1050.2 1139.3 1276.8 1072.3 1015.3 1090.8 1371.9 1364.3 -999.0 -999.0 -999.0 -999.0 -999.0 -999.0 -999.0 -999.0 -999.0 -999.0 -999.0 -999.0 -999.0 -999.0 -999.0 -999.0 -999.0 -999.0 -999.0 -999.0 -999.0 -999.0 -999.0 -999.0 -999.0 -999.0 -999.0 -999.0 -999.0 -999.0 -999.0 -999.0 -999.0 -999.0 -999.0 -999.0 -999.0 -999.0 -999.0 -999.0 -999.0 -999.0 -999.0 -999.0 -999.0
-999.0 -999.0 -999.0 -999.0 1347.3 1510.1 1358.5 1486.9 1257.2 1479.4 999.4 1419.7 744.6 894.5 946.6 979.7 833.9 883.7 914.0 1299.6 1162.3 1259.8 1006.7 1120.1 1234.0 1363.1 -999.0 -999.0 -999.0 -999.0 -999.0 -999.0 -999.0 -999.0 -999.0 -999.0 -999.0 -999.0 -999.0 -999.0 -999.0 -999.0 -999.0 -999.0 -999.0 -999.0 -999.0 -999.0 -999.0 -999.0 -999.0 -999.0 -999.0 -999.0 -999.0 -999.0 -999.0 -999.0 -999.0 -999.0 -999.0 -999.0 -999.0 -999.0 -999.0 -999.0 -999.0 -999.0 -999.0 -999.0 -999.0
-999.0 -999.0 -999.0 -999.0 999.9 1491.3 1473.9 1262.4 1192.7 1002.5 718.5 923.7 1457.6 758.5 696.9 783.1 718.6 1047.7 933.6 638.6 1105.8 1336.4 1379.5 1423.4 1395.5 -999.0 -999.0 1338.9 -999.0 -999.0 -999.0 -999.0 -999.0 -999.0 -999.0 -999.0 -999.0 -999.0 -999.0 -999.0 -999.0 -999.0 -999.0 -999.0 -999.0 -999.0 -999.0 -999.0 -999.0 -999.0 -999.0 -999.0 -999.0 -999.0 -999.0 -999.0 -999.0 -999.0 -999.0 -999.0 -999.0 -999.0 -999.0 -999.0 -999.0 -999.0 -999.0 -999.0 -999.0 -999.0 -999.0
-999.0 -999.0 -999.0 -999.0 1170.0 1314.9 1465.7 1202.0 807.2 1195.1 477.2 1047.6 1031.9 704.1 613.6 704.4 742.2 733.0 636.6 785.2 932.3 830.4 1168.4 1044.0 1354.1 1340.3 1311.9 1345.3 -999.0 -999.0 -999.0 -999.0 -999.0 -999.0 -999.0 -999.0 -999.0 -999.0 -999.0 -999.0 -999.0 -999.0 -999.0 -999.0 -999.0 -999.0 -999.0 -999.0 -999.0 -999.0 -999.0 -999.0 -999.0 -999.0 -999.0 -999.0 -999.0 -999.0 -999.0 -999.0 -999.0 -999.0 -999.0 -999.0 -999.0 -999.0 -999.0 -999.0 -999.0 -999.0 -999.0
-999.0 -999.0 -999.0 -999.0 1465.3 1169.5 1433.5 1100.9 1065.1 701.5 884.1 895.2 1050.3 1020.5 964.4 658.2 808.7 755.5 780.6 1082.4 1117.2 982.3 1186.3 1103.9 1337.6 1352.3 1307.5 -999.0 -999.0 -999.0 -999.0 -999.0 -999.0 -999.0 -999.0 -999.0 -999.0 -999.0 -999.0 -999.0 -999.0 -999.0 -999.0 -999.0 -999.0 -999.0 -999.0 -999.0 -999.0 -999.0 -999.0 -999.0 -999.0 -999.0 -999.0 -999.0 -999.0 -999.0 -999.0 -999.0 -999.0 -999.0 -999.0 -999.0 -999.0 -999.0 -999.0 -999.0 -999.0 -999.0 -999.0
-999.0 -999.0 -999.0 -999.0 1377.6 1457.9 1301.0 1524.3 633.4 825.1 816.5 896.2 680.5 431.3 794.2 952.1 994.7 702.5 800.6 1064.7 995.4 1160.4 1273.5 1434.7 1437.6 1170.3 -999.0 -999.0 -999.0 -999.0 -999.0 -999.0 -999.0 -999.0 -999.0 -999.0 -999.0 -999.0 -999.0 -999.0 -999.0 -999.0 -999.0 -999.0 -999.0 -999.0 -999.0 -999.0 -999.0 -999.0 -999.0 -999.0 -999.0 -999.0 -999.0 -999.0 -999.0 -999.0 -999.0 -999.0 -999.0 -999.0 -999.0 -999.0 -999.0 -999.0 -999.0 -999.0 -999.0 -999.0 -999.0
-999.0 -999.0 -999.0 1496.0 1155.5 1116.9 842.7 1068.2 1504.4 915.7 916.5 852.4 929.1 881.6 965.9 801.7 1015.8 1041.8 550.7 900.5 1069.5 1435.9 1493.8 1492.2 1422.8 -999.0 -999.0 -999.0 -999.0 -999.0 -999.0 1444.6 1433.1 1413.8 1436.8 -999.0 -999.0 1456.5 1304.3 1359.0 1438.0 1441.5 -999.0 -999.0 -999.0 1311.5 -999.0 1298.8 1330.7 -999.0 -999.0 -999.0 -999.0 -999.0 -999.0 -999.0 -999.0 -999.0 -999.0 -999.0 -999.0 -999.0 -999.0 -999.0 -999.0 -999.0 -999.0 -999.0 -999.0 -999.0 -999.0
-999.0 -999.0 -999.0 -999.0 1375.0 1054.5 805.1 972.9 931.6 1486.4 930.3 974.1 799.4 977.1 1078.4 1391.5 1173.4 903.7 958.2 1087.2 1272.4 1301.4 1225.4 1128.8 1381.0 -999.0 -999.0 -999.0 1462.4 1513.2 1477.1 1466.3 1444.1 1469.4 1465.7 1475.8 1460.4 1328.9 1194.3 1207.5 1350.9 1393.5 1447.5 1337.0 1166.1 1107.9 1177.3 1248.5 1294.0 1288.6 -999.0 -999.0 -999.0 -999.0 -999.0 -999.0 -999.0 -999.0 -999.0 -999.0 -999.0 -999.0 -999.0 -999.0 -999.0 -999.0 -999.0 -999.0 -999.0 -999.0 -999.0
-999.0 1323.9 -999.0 1366.7 1614.3 1512.3 1429.4 523.7 1377.2 1055.3 1239.9 937.7 1141.9 905.3 949.6 873.2 1224.3 1369.6 1350.0 1229.8 1396.8 1157.5 1247.9 1125.2 1333.7 1395.4 1399.4 1387.5 1465.3 1531.0 1377.0 1194.7 1392.2 1421.0 1309.7 1493.2 1149.9 1015.5 1076.8 1146.3 1308.8 1212.0 1303.1 1346.2 1243.6 1110.6 1167.6 1230.5 1086.2 1276.3 1311.2 -999.0 -999.0 -999.0 -999.0 -999.0 -999.0 -999.0 -999.0 -999.0 -999.0 -999.0 -999.0 -999.0 -999.0 -999.0 -999.0 -999.0 -999.0 -999.0 -999.0
-999.0 -999.0 1477.3 868.0 1161.5 1241.3 704.8 893.8 611.9 1233.2 957.0 920.5 1020.4 1042.0 1246.2 780.8 892.2 900.8 1329.8 1454.9 1245.9 1375.5 1482.3 -999.0 1396.1 1352.9 1392.1 1293.1 1313.6 1361.8 1273.5 1284.6 1111.5 1098.7 1191.7 1290.6 1194.5 1189.2 1235.1 1251.4 1132.7 1256.5 1289.2 1266.9 1177.6 1174.8 1168.6 1199.4 1214.8 1208.4 1252.7 1284.0 -999.0 -999.0 -999.0 -999.0 -999.0 -999.0 -999.0 -999.0 -999.0 -999.0 -999.0 -999.0 -999.0 -999.0 -999.0 -999.0 -999.0 -999.0 -999.0
1331.7 -999.0 1470.7 1305.7 1023.8 900.2 1203.2 624.8 724.2 1132.3 1008.0 810.1 751.7 782.8 1024.9 1017.5 827.0 947.7 1020.4 1475.8 1528.4 1541.5 1573.0 1454.2 1221.5 1185.4 1204.1 1231.1 1312.8 1163.4 1080.2 1088.4 939.1 1039.1 1256.3 1081.9 1037.0 1020.3 1089.3 1336.8 1346.5 1367.4 1264.8 1253.1 1156.8 1165.5 1135.8 1213.9 1244.5 1267.7 1225.2 1251.2 -999.0 -999.0 -999.0 -999.0 -999.0 -999.0 -999.0 -999.0 -999.0 -999.0 -999.0 -999.0 -999.0 -999.0 -999.0 -999.0 -999.0 -999.0 -999.0
840.5 -999.0 -999.0 971.3 606.2 1037.8 839.0 1505.5 1137.9 1050.2 1047.3 745.6 902.8 560.5 606.2 700.1 932.4 1122.7 1310.4 1391.6 1083.0 1296.1 1469.0 1206.5 1015.5 880.5 988.0 1096.3 1060.0 1076.3 893.5 878.0 1175.7 1179.1 1207.6 1265.0 1075.7 1074.1 1144.9 1282.5 1343.6 1277.5 1121.0 1248.6 1187.9 1178.5 1075.2 1208.2 1185.4 1211.3 1170.5 1208.6 -999.0 -999.0 -999.0 -999.0 -999.0 -999.0 -999.0 -999.0 -999.0 -999.0 -999.0 -999.0 -999.0 -999.0 -999.0 -999.0 -999.0 -999.0 -999.0
1042.7 -999.0 -999.0 1223.4 1314.1 1287.3 1392.3 1144.0 919.9 679.2 1055.8 921.1 975.1 1093.8 1157.6 937.6 938.1 958.6 997.3 1068.9 806.2 1329.8 1141.8 1166.3 995.4 761.3 847.7 1039.1 994.0 954.7 802.0 972.1 1289.2 894.6 1068.0 978.0 890.0 1114.5 1058.6 1296.6 1213.9 1030.8 1150.6 1186.5 1263.5 1176.3 1234.9 1238.2 1137.4 1222.7 1220.6 -999.0 -999.0 -999.0 -999.0 -999.0 -999.0 -999.0 -999.0 -999.0 -999.0 -999.0 -999.0 -999.0 -999.0 -999.0 -999.0 -999.0 -999.0 -999.0 -999.0
1455.1 1411.6 -999.0 -999.0 1509.4 1183.6 1369.9 1094.7 747.8 537.1 808.5 521.9 769.2 881.1 947.1 1187.8 1132.6 990.9 1008.2 885.2 1450.2 1157.3 1215.5 773.6 982.4 992.5 704.8 907.9 900.9 902.2 1014.0 1169.8 1055.4 977.8 1037.4 953.3 977.2 865.9 1027.4 1245.8 1026.8 1147.6 1209.6 1196.5 1056.0 1206.9 1282.0 1336.5 1266.9 1243.0 1237.0 -999.0 -999.0 -999.0 -999.0 -999.0 -999.0 -999.0 -999.0 -999.0 -999.0 -999.0 -999.0 -999.0 -999.0 -999.0 -999.0 -999.0 -999.0 -999.0 -999.0
1281.9 1389.6 -999.0 -999.0 1349.2 1356.3 1442.8 1057.7 1505.1 1107.5 801.9 589.2 470.3 628.7 1070.8 1044.8 948.1 765.8 1014.3 1369.9 1093.0 1061.0 1045.5 841.2 898.4 957.8 730.1 999.4 1046.9 1043.3 1090.7 739.5 1004.8 991.9 639.7 833.4 952.9 927.0 1143.9 1183.4 1206.4 1238.2 1283.2 1264.7 1284.1 1196.5 1277.3 1305.2 1274.1 1236.6 -999.0 -999.0 -999.0 -999.0 -999.0 -999.0 -999.0 -999.0 -999.0 -999.0 -999.0 -999.0 -999.0 -999.0 -999.0 -999.0 -999.0 -999.0 -999.0 -999.0 -999.0
1244.0 1387.7 1313.5 1036.6 745.0 959.2 784.0 951.7 1292.9 914.5 485.4 525.5 1109.8 879.4 1042.2 840.8 700.0 747.0 969.4 1227.2 1064.6 688.1 614.5 847.8 820.3 794.9 1067.2 1136.4 1142.8 938.6 791.7 1035.5 1031.3 1026.3 877.2 714.8 842.3 698.5 1142.0 900.8 1054.7 1033.8 794.8 1174.5 1355.4 1221.2 1169.1 1279.1 1238.1 -999.0 -999.0 -999.0 -999.0 -999.0 -999.0 -999.0 -999.0 -999.0 -999.0 -999.0 -999.0 -999.0 -999.0 -999.0 -999.0 -999.0 -999.0 -999.0 -999.0 -999.0 -999.0
1500.2 1151.4 1365.0 788.1 1481.6 1365.7 1124.1 683.0 535.3 924.7 795.3 908.3 610.2 763.6 836.7 859.0 1082.3 1071.7 1107.6 1082.6 829.7 570.3 690.2 929.3 646.0 976.1 856.2 1190.3 1207.7 1115.1 956.8 868.0 870.8 834.9 689.9 728.1 996.4 901.1 1191.1 1179.4 1256.1 1216.5 1203.9 1282.7 1327.8 1329.9 1287.5 1251.3 1338.9 -999.0 -999.0 -999.0 -999.0 -999.0 -999.0 -999.0 -999.0 -999.0 -999.0 -999.0 -999.0 -999.0 -999.0 -999.0 -999.0 -999.0 -999.0 -999.0 -999.0 -999.0 -999.0
-999.0 1346.0 1207.4 -999.0 1486.8 907.1 591.6 513.2 954.7 1100.1 1016.1 563.1 570.5 1147.8 1236.3 1005.8 712.6 1199.6 1084.0 821.7 623.8 576.9 614.6 542.0 794.5 706.4 856.0 1165.4 737.7 1049.5 688.6 722.2 691.2 620.5 743.7 932.7 1063.0 945.2 1046.6 974.8 1125.9 1111.0 1213.3 1248.8 1279.9 1304.9 1346.3 1300.2 -999.0 -999.0 -999.0 -999.0 -999.0 -999.0 -999.0 -999.0 -999.0 -999.0 -999.0 -999.0 -999.0 -999.0 -999.0 -999.0 -999.0 -999.0 -999.0 -999.0 -999.0 -999.0 -999.0
1559.1 1156.5 1523.4 -999.0 711.0 1043.2 970.0 1527.4 810.5 1048.1 533.9 613.0 896.9 710.0 647.8 986.5 1351.3 810.5 777.6 708.3 528.1 510.9 525.0 503.0 729.2 992.6 1244.9 1193.1 1109.2 809.1 584.4 632.3 865.7 741.8 911.5 815.9 910.8 1023.8 1112.7 1031.3 1014.2 1041.1 1156.2 1106.4 1280.1 1194.7 1195.2 1298.7 -999.0 -999.0 -999.0 -999.0 -999.0 -999.0 -999.0 -999.0 -999.0 -999.0 -999.0 -999.0 -999.0 -999.0 -999.0 -999.0 -999.0 -999.0 -999.0 -999.0 -999.0 -999.0 -999.0
1250.4 1508.3 -999.0 1317.8 1178.9 848.2 1169.7 968.1 733.4 1159.9 1153.0 975.9 1147.8 1303.5 1305.1 1274.6 853.2 572.4 553.1 549.8 519.9 432.1 534.3 885.3 1090.5 1104.4 622.4 901.6 387.4 345.0 558.8 590.9 595.2 776.2 857.8 875.0 822.8 1230.4 1233.7 1167.6 1219.7 1185.2 778.7 984.6 1342.8 1338.9 1329.2 1296.2 1351.1 -999.0 -999.0 -999.0 -999.0 -999.0 -999.0 -999.0 -999.0 -999.0 -999.0 -999.0 -999.0 -999.0 -999.0 -999.0 -999.0 -999.0 -999.0 -999.0 -999.0 -999.0 -999.0
-999.0 -999.0 1548.9 1021.7 953.0 822.5 1303.0 956.3 607.6 1138.6 1041.1 787.3 835.1 815.7 984.3 711.2 648.8 504.2 773.4 808.3 666.1 552.9 712.8 1105.1 976.7 1046.0 722.4 402.3 642.7 408.3 534.6 551.4 628.4 721.3 750.7 934.4 1150.3 1255.9 1170.7 1287.9 1318.6 1169.9 1214.8 1301.3 1378.9 1273.5 1227.5 1264.8 -999.0 -999.0 -999.0 -999.0 -999.0 -999.0 -999.0 -999.0 -999.0 -999.0 -999.0 -999.0 -999.0 -999.0 -999.0 -999.0 -999.0 -999.0 -999.0 -999.0 -999.0 -999.0 -999.0
-999.0 -999.0 1536.0 1550.7 1245.8 818.4 1098.1 773.2 1278.8 1316.2 1255.1 1033.1 621.2 530.7 662.4 907.4 961.5 876.4 640.6 829.2 855.8 963.0 947.4 785.8 723.2 621.1 507.3 524.8 504.6 719.7 753.4 798.2 1071.0 1033.3 939.8 895.5 824.2 964.3 1075.9 861.3 1025.6 1330.1 1239.9 1119.9 1094.6 1092.1 1207.5 -999.0 -999.0 -999.0 -999.0 -999.0 -999.0 -999.0 -999.0 -999.0 -999.0 -999.0 -999.0 -999.0 -999.0 -999.0 -999.0 -999.0 -999.0 -999.0 -999.0 -999.0 -999.0 -999.0 -999.0
-999.0 -999.0 1238.9 896.7 1449.7 746.1 672.9 771.4 658.2 843.2 1212.1 1108.5 1277.9 1331.6 654.1 744.5 648.2 303.2 1080.7 937.2 932.5 857.6 890.1 668.5 720.2 554.6 704.8 772.9 809.7 728.6 878.8 650.5 647.1 520.5 647.1 840.0 671.1 482.7 666.7 739.9 885.2 900.2 960.4 971.4 1098.4 1144.6 1260.1 -999.0 -999.0 -999.0 -999.0 -999.0 -999.0 -999.0 -999.0 -999.0 -999.0 -999.0 -999.0 -999.0 -999.0 -999.0 -999.0 -999.0 -999.0 -999.0 -999.0 -999.0 -999.0 -999.0 -999.0
-999.0 1520.3 1601.4 1377.9 1661.5 1411.5 1188.4 874.8 1240.0 1204.1 619.3 1215.4 1307.6 1295.0 1229.9 753.8 967.7 1174.4 1002.0 563.7 652.1 883.0 463.6 618.9 677.1 565.5 506.3 589.2 645.3 631.6 633.4 664.2 608.0 406.6 893.5 645.2 659.3 1040.3 1066.1 756.7 929.4 869.0 855.4 1170.1 1111.3 1152.5 1209.1 -999.0 -999.0 -999.0 -999.0 -999.0 -999.0 -999.0 -999.0 -999.0 -999.0 -999.0 -999.0 -999.0 -999.0 -999.0 -999.0 -999.0 -999.0 -999.0 -999.0 -999.0 -999.0 -999.0 -999.0
-999.0 -999.0 1528.1 1269.4 683.3 1394.7 1602.1 1412.7 1496.4 1541.0 1523.7 1484.8 1278.9 1202.5 791.0 1095.8 985.4 991.2 581.6 695.1 951.5 858.2 447.7 721.4 608.5 813.9 548.6 574.8 814.6 444.3 509.5 557.5 428.1 464.6 653.2 512.0 614.0 763.6 994.1 1202.3 1141.1 917.9 1061.2 1273.7 1266.6 1153.1 1328.9 -999.0 -999.0 -999.0 -999.0 -999.0 -999.0 -999.0 -999.0 -999.0 -999.0 -999.0 -999.0 -999.0 -999.0 -999.0 -999.0 -999.0 -999.0 -999.0 -999.0 -999.0 -999.0 -999.0 -999.0
1464.8 1488.9 1516.2 1436.2 1033.8 1558.3 744.4 1195.9 956.0 746.5 1503.3 1445.1 302.3 564.8 549.6 721.3 523.0 595.3 544.6 540.4 491.6 713.5 686.3 864.6 883.9 914.9 742.3 768.3 519.2 795.2 738.0 884.2 706.9 520.8 608.7 1067.6 776.7 696.3 988.4 760.5 1128.3 1274.7 1298.8 1296.6 1123.3 1221.5 -999.0 -999.0 -999.0 -999.0 -999.0 -999.0 -999.0 -999.0 -999.0 -999.0 -999.0 -999.0 -999.0 -999.0 -999.0 -999.0 -999.0 -999.0 -999.0 -999.0 -999.0 -999.0 -999.0 -999.0 -999.0
