GDD/GrowingDegreeDays_1990_Actual.txt
ncols         180
nrows         290
xllcorner     -200000
yllcorner     -200000
cellsize      5000
NODATA_value    -999
[rows 64 to 95 of 290, columns 71 to 141 of 180]
-999.0 -999.0 -999.0 -999.0 -999.0 -999.0 -999.0 -999.0 -999.0 1486.9 1237.8 1242.2 1205.4 916.8 947.5 755.8 945.1 1024.0 963.4 983.6 466.7 970.7 614.0 921.9 877.6 1059.3 1110.0 991.0 807.2 844.1 657.8 1050.0 -999.0 -999.0 -999.0 -999.0 -999.0 -999.0 -999.0 -999.0 -999.0 -999.0 -999.0 -999.0 -999.0 -999.0 -999.0 -999.0 -999.0 -999.0 -999.0 -999.0 -999.0 -999.0 -999.0 -999.0 -999.0 -999.0 -999.0 -999.0 -999.0 -999.0 -999.0 -999.0 -999.0 -999.0 -999.0 -999.0 -999.0 -999.0 -999.0
-999.0 -999.0 -999.0 -999.0 -999.0 -999.0 -999.0 -999.0 -999.0 -999.0 1468.3 1240.1 981.6 927.7 934.6 886.8 888.7 1259.6 1123.3 1084.5 841.3 788.6 755.5 907.0 1009.9 927.4 979.0 1022.3 957.7 1001.5 1078.3 1382.5 -999.0 -999.0 -999.0 -999.0 -999.0 -999.0 -999.0 -999.0 -999.0 -999.0 -999.0 -999.0 -999.0 -999.0 -999.0 -999.0 -999.0 -999.0 -999.0 -999.0 -999.0 -999.0 -999.0 -999.0 -999.0 -999.0 -999.0 -999.0 -999.0 -999.0 -999.0 -999.0 -999.0 -999.0 -999.0 -999.0 -999.0 -999.0 -999.0
-999.0 -999.0 -999.0 -999.0 -999.0 -999.0 -999.0 -999.0 1525.8 -999.0 1472.1 1280.9 946.3 920.5 830.0 590.6 1101.7 1008.5 1250.6 1081.7 1071.1 959.8 863.7 1066.8 1029.4 949.9 884.7 862.7 998.9 1177.3 1400.8 -999.0 -999.0 -999.0 -999.0 -999.0 -999.0 -999.0 -999.0 -999.0 -999.0 -999.0 -999.0 -999.0 -999.0 -999.0 -999.0 -999.0 -999.0 -999.0 -999.0 -999.0 -999.0 -999.0 -999.0 -999.0 -999.0 -999.0 -999.0 -999.0 -999.0 -999.0 -999.0 -999.0 -999.0 -999.0 -999.0 -999.0 -999.0 -999.0 -999.0
-999.0 -999.0 -999.0 -999.0 -999.0 -999.0 -999.0 -999.0 1528.3 1468.2 1375.5 1364.7 943.2 1290.2 1095.0 1187.4 1036.8 1106.9 918.7 1201.3 1139.8 995.3 1031.7 992.3 999.6 1104.7 815.4 1020.0 1074.2 -999.0 -999.0 -999.0 -999.0 -999.0 -999.0 -999.0 -999.0 -999.0 -999.0 -999.0 -999.0 -999.0 -999.0 -999.0 -999.0 -999.0 -999.0 -999.0 -999.0 -999.0 -999.0 -999.0 -999.0 -999.0 -999.0 -999.0 -999.0 -999.0 -999.0 -999.0 -999.0 -999.0 -999.0 -999.0 -999.0 -999.0 -999.0 -999.0 -999.0 -999.0 -999.0
-999.0 -999.0 -999.0 -999.0 -999.0 -999.0 -999.0 -999.0 -999.0 1485.6 842.5 1396.8 1151.5 1079.0 1081.3 1252.0 913.3 1052.5 915.0 945.8 1148.2 1049.8 1095.0 1064.9 1020.7 1050.6 994.3 1367.7 -999.0 -999.0 -999.0 -999.0 -999.0 -999.0 -999.0 -999.0 -999.0 -999.0 -999.0 -999.0 -999.0 -999.0 -999.0 -999.0 -999.0 -999.0 -999.0 -999.0 -999.0 -999.0 -999.0 -999.0 -999.0 -999.0 -999.0 -999.0 -999.0 -999.0 -999.0 -999.0 -999.0 -999.0 -999.0 -999.0 -999.0 -999.0 -999.0 -999.0 -999.0 -999.0 -999.0
-999.0 -999.0 -999.0 -999.0 -999.0 -999.0 -999.0 -999.0 -999.0 -999.0 1512.5 1096.2 1417.8 1184.5 784.7 1192.9 1139.5 1141.2 1291.2 1032.5 1186.4 1033.0 982.6 1256.6 1003.7 1175.7 1318.9 -999.0 -999.0 -999.0 -999.0 -999.0 -999.0 -999.0 -999.0 -999.0 -999.0 -999.0 -999.0 -999.0 -999.0 -999.0 -999.0 -999.0 -999.0 -999.0 -999.0 -999.0 -999.0 -999.0 -999.0 -999.0 -999.0 -999.0 -999.0 -999.0 -999.0 -999.0 -999.0 -999.0 -999.0 -999.0 -999.0 -999.0 -999.0 -999.0 -999.0 -999.0 -999.0 -999.0 -999.0
-999.0 -999.0 -999.0 -999.0 -999.0 -999.0 1547.3 -999.0 -999.0 1566.5 1539.6 1268.8 1070.5 983.7 997.6 1210.5 1127.5 911.8 1054.4 1142.7 1282.8 1081.6 1022.8 1078.1 1362.7 1399.8 -999.0 -999.0 -999.0 -999.0 -999.0 -999.0 -999.0 -999.0 -999.0 -999.0 -999.0 -999.0 -999.0 -999.0 -999.0 -999.0 -999.0 -999.0 -999.0 -999.0 -999.0 -999.0 -999.0 -999.0 -999.0 -999.0 -999.0 -999.0 -999.0 -999.0 -999.0 -999.0 -999.0 -999.0 -999.0 -999.0 -999.0 -999.0 -999.0 -999.0 -999.0 -999.0 -999.0 -999.0 -999.0
-999.0 -999.0 -999.0 -999.0 1398.2 1568.9 1435.4 1544.7 1321.9 1543.4 1062.9 1447.8 786.0 929.0 964.7 987.1 842.1 885.7 908.2 1277.6 1154.4 1248.2 1014.5 1123.4 1259.7 1424.8 -999.0 -999.0 -999.0 -999.0 -999.0 -999.0 -999.0 -999.0 -999.0 -999.0 -999.0 -999.0 -999.0 -999.0 -999.0 -999.0 -999.0 -999.0 -999.0 -999.0 -999.0 -999.0 -999.0 -999.0 -999.0 -999.0 -999.0 -999.0 -999.0 -999.0 -999.0 -999.0 -999.0 -999.0 -999.0 -999.0 -999.0 -999.0 -999.0 -999.0 -999.0 -999.0 -999.0 -999.0 -999.0
-999.0 -999.0 -999.0 -999.0 1046.2 1488.5 1486.2 1303.4 1230.8 1032.6 755.6 957.3 1444.6 785.0 712.0 787.9 711.5 1029.4 917.0 625.8 1091.4 1302.5 1348.4 1400.2 1408.6 -999.0 -999.0 1439.7 -999.0 -999.0 -999.0 -999.0 -999.0 -999.0 -999.0 -999.0 -999.0 -999.0 -999.0 -999.0 -999.0 -999.0 -999.0 -999.0 -999.0 -999.0 -999.0 -999.0 -999.0 -999.0 -999.0 -999.0 -999.0 -999.0 -999.0 -999.0 -999.0 -999.0 -999.0 -999.0 -999.0 -999.0 -999.0 -999.0 -999.0 -999.0 -999.0 -999.0 -999.0 -999.0 -999.0
-999.0 -999.0 -999.0 -999.0 1208.2 1325.6 1467.6 1237.3 841.0 1210.1 460.8 1058.6 1039.7 716.2 624.1 710.6 731.9 718.9 618.6 769.8 917.0 814.2 1130.7 1017.4 1338.8 1379.9 1393.7 1439.1 -999.0 -999.0 -999.0 -999.0 -999.0 -999.0 -999.0 -999.0 -999.0 -999.0 -999.0 -999.0 -999.0 -999.0 -999.0 -999.0 -999.0 -999.0 -999.0 -999.0 -999.0 -999.0 -999.0 -999.0 -999.0 -999.0 -999.0 -999.0 -999.0 -999.0 -999.0 -999.0 -999.0 -999.0 -999.0 -999.0 -999.0 -999.0 -999.0 -999.0 -999.0 -999.0 -999.0
-999.0 -999.0 -999.0 -999.0 1485.7 1195.0 1455.1 1136.2 1106.1 732.7 896.6 900.0 1054.0 1029.4 980.4 665.6 811.8 745.2 765.6 1053.2 1083.9 953.5 1137.1 1069.2 1310.1 1371.3 1373.2 -999.0 -999.0 -999.0 -999.0 -999.0 -999.0 -999.0 -999.0 -999.0 -999.0 -999.0 -999.0 -999.0 -999.0 -999.0 -999.0 -999.0 -999.0 -999.0 -999.0 -999.0 -999.0 -999.0 -999.0 -999.0 -999.0 -999.0 -999.0 -999.0 -999.0 -999.0 -999.0 -999.0 -999.0 -999.0 -999.0 -999.0 -999.0 -999.0 -999.0 -999.0 -999.0 -999.0 -999.0
-999.0 -999.0 -999.0 -999.0 1409.6 1452.4 1312.7 1525.7 667.4 873.7 849.5 908.3 690.0 417.8 799.7 957.0 998.7 695.2 789.2 1033.1 962.5 1120.0 1232.0 1389.8 1433.8 1228.8 -999.0 -999.0 -999.0 -999.0 -999.0 -999.0 -999.0 -999.0 -999.0 -999.0 -999.0 -999.0 -999.0 -999.0 -999.0 -999.0 -999.0 -999.0 -999.0 -999.0 -999.0 -999.0 -999.0 -999.0 -999.0 -999.0 -999.0 -999.0 -999.0 -999.0 -999.0 -999.0 -999.0 -999.0 -999.0 -999.0 -999.0 -999.0 -999.0 -999.0 -999.0 -999.0 -999.0 -999.0 -999.0
-999.0 -999.0 -999.0 1599.8 1216.8 1133.3 868.3 1092.6 1499.0 955.9 960.6 891.8 956.0 898.3 977.0 810.6 1014.2 1032.2 526.9 874.0 1031.6 1386.5 1462.2 1488.5 1470.3 -999.0 -999.0 -999.0 -999.0 -999.0 -999.0 1535.9 1506.6 1482.8 1543.1 -999.0 -999.0 1596.9 1426.9 1473.1 1560.9 1581.4 -999.0 -999.0 -999.0 1482.5 -999.0 1466.2 1477.8 -999.0 -999.0 -999.0 -999.0 -999.0 -999.0 -999.0 -999.0 -999.0 -999.0 -999.0 -999.0 -999.0 -999.0 -999.0 -999.0 -999.0 -999.0 -999.0 -999.0 -999.0 -999.0
-999.0 -999.0 -999.0 -999.0 1398.9 1089.5 843.6 999.5 951.3 1473.2 964.1 1010.0 823.6 982.3 1076.4 1367.0 1162.1 892.7 933.0 1055.6 1234.6 1282.5 1244.3 1182.6 1452.4 -999.0 -999.0 -999.0 1576.3 1606.3 1542.5 1512.4 1487.2 1543.9 1543.8 1573.2 1563.2 1412.9 1257.3 1256.5 1407.9 1464.9 1516.6 1426.7 1261.9 1206.3 1271.5 1334.1 1369.4 1378.2 -999.0 -999.0 -999.0 -999.0 -999.0 -999.0 -999.0 -999.0 -999.0 -999.0 -999.0 -999.0 -999.0 -999.0 -999.0 -999.0 -999.0 -999.0 -999.0 -999.0 -999.0
-999.0 1459.6 -999.0 1425.3 1609.1 1501.0 1432.3 530.6 1385.7 1082.4 1251.1 969.7 1149.6 913.3 945.0 863.8 1199.3 1324.7 1291.7 1203.2 1379.0 1175.7 1293.3 1168.0 1389.5 1467.5 1470.6 1443.6 1520.1 1564.0 1408.2 1227.8 1420.3 1460.5 1352.4 1545.3 1204.6 1053.8 1095.8 1160.1 1326.6 1239.5 1339.4 1392.9 1297.7 1161.6 1217.0 1263.0 1093.8 1305.4 1385.6 -999.0 -999.0 -999.0 -999.0 -999.0 -999.0 -999.0 -999.0 -999.0 -999.0 -999.0 -999.0 -999.0 -999.0 -999.0 -999.0 -999.0 -999.0 -999.0 -999.0
-999.0 -999.0 1558.9 936.1 1156.9 1226.7 727.3 933.5 643.4 1249.1 990.6 960.2 1037.5 1037.8 1217.6 769.5 883.9 887.6 1291.6 1432.0 1253.7 1412.0 1529.9 -999.0 1430.9 1385.1 1406.4 1305.5 1326.2 1384.6 1302.6 1314.2 1154.8 1148.9 1240.9 1334.7 1232.8 1218.7 1261.6 1281.5 1167.6 1296.0 1336.4 1321.9 1238.7 1241.0 1226.0 1238.5 1227.9 1213.3 1306.4 1406.0 -999.0 -999.0 -999.0 -999.0 -999.0 -999.0 -999.0 -999.0 -999.0 -999.0 -999.0 -999.0 -999.0 -999.0 -999.0 -999.0 -999.0 -999.0 -999.0
1451.8 -999.0 1560.5 1331.6 1027.7 911.3 1191.6 644.2 761.6 1165.0 1053.8 853.6 769.3 778.5 1012.2 1004.4 817.8 936.9 1018.6 1460.7 1529.7 1572.9 1599.0 1492.0 1246.0 1173.9 1189.6 1222.0 1315.4 1190.1 1119.7 1132.3 987.5 1095.7 1312.1 1145.7 1092.4 1063.0 1131.5 1377.7 1393.7 1424.6 1333.5 1330.4 1237.5 1263.2 1223.6 1278.0 1273.0 1277.0 1280.0 1374.8 -999.0 -999.0 -999.0 -999.0 -999.0 -999.0 -999.0 -999.0 -999.0 -999.0 -999.0 -999.0 -999.0 -999.0 -999.0 -999.0 -999.0 -999.0 -999.0
969.3 -999.0 -999.0 1046.8 635.8 1044.5 848.2 1487.8 1174.1 1098.4 1094.0 772.6 917.6 554.7 597.7 691.3 924.7 1112.3 1312.7 1408.7 1132.3 1334.0 1496.0 1239.6 1030.3 886.5 982.8 1089.3 1070.3 1105.2 932.5 921.5 1217.2 1230.1 1273.5 1331.2 1140.1 1130.0 1196.1 1335.0 1403.9 1353.1 1201.9 1338.5 1279.4 1298.0 1184.1 1294.6 1228.0 1229.6 1233.9 1336.6 -999.0 -999.0 -999.0 -999.0 -999.0 -999.0 -999.0 -999.0 -999.0 -999.0 -999.0 -999.0 -999.0 -999.0 -999.0 -999.0 -999.0 -999.0 -999.0
1136.2 -999.0 -999.0 1317.1 1333.1 1277.7 1377.3 1161.3 965.8 719.3 1089.8 947.9 990.7 1095.1 1143.8 937.0 939.3 964.7 1026.7 1114.3 848.0 1351.6 1165.8 1173.6 1002.4 764.8 848.9 1038.3 1007.3 979.7 829.0 1009.5 1324.2 945.3 1130.2 1035.5 940.4 1173.3 1116.8 1363.9 1288.4 1104.7 1238.4 1281.1 1364.3 1286.4 1354.1 1323.1 1175.1 1258.6 1301.2 -999.0 -999.0 -999.0 -999.0 -999.0 -999.0 -999.0 -999.0 -999.0 -999.0 -999.0 -999.0 -999.0 -999.0 -999.0 -999.0 -999.0 -999.0 -999.0 -999.0
1491.2 1527.1 -999.0 -999.0 1539.6 1221.7 1390.4 1120.1 779.4 547.5 835.0 522.7 786.4 888.6 943.0 1165.6 1119.2 992.1 1021.3 903.6 1455.4 1183.0 1227.5 788.6 989.9 989.0 705.8 920.7 912.1 920.1 1033.8 1204.2 1114.8 1032.4 1089.4 999.3 1018.4 905.5 1087.5 1341.3 1078.6 1222.2 1296.7 1294.8 1147.6 1304.1 1368.3 1389.2 1287.5 1286.1 1337.6 -999.0 -999.0 -999.0 -999.0 -999.0 -999.0 -999.0 -999.0 -999.0 -999.0 -999.0 -999.0 -999.0 -999.0 -999.0 -999.0 -999.0 -999.0 -999.0 -999.0
1285.5 1454.9 -999.0 -999.0 1426.5 1408.8 1460.3 1090.9 1501.9 1118.7 818.8 587.7 454.5 624.2 1072.1 1055.5 963.2 775.9 1017.2 1359.1 1113.2 1094.3 1061.4 853.6 914.8 963.8 734.6 1014.1 1054.5 1058.1 1112.0 773.2 1061.8 1041.2 663.8 872.3 986.4 959.8 1198.0 1222.7 1259.7 1312.7 1372.8 1366.5 1383.1 1288.7 1355.8 1353.0 1289.5 1293.4 -999.0 -999.0 -999.0 -999.0 -999.0 -999.0 -999.0 -999.0 -999.0 -999.0 -999.0 -999.0 -999.0 -999.0 -999.0 -999.0 -999.0 -999.0 -999.0 -999.0 -999.0
1232.8 1417.6 1368.3 1133.5 814.5 996.5 821.4 984.6 1295.8 931.3 473.9 512.9 1106.6 895.9 1063.4 879.2 729.4 764.4 977.6 1221.0 1089.1 707.3 615.7 844.1 813.7 795.3 1073.0 1148.1 1153.8 958.8 812.7 1069.8 1076.5 1075.0 919.7 740.4 867.8 711.9 1184.7 934.0 1111.4 1098.2 857.9 1269.7 1449.8 1303.6 1244.0 1353.5 1298.4 -999.0 -999.0 -999.0 -999.0 -999.0 -999.0 -999.0 -999.0 -999.0 -999.0 -999.0 -999.0 -999.0 -999.0 -999.0 -999.0 -999.0 -999.0 -999.0 -999.0 -999.0 -999.0
1490.3 1187.7 1418.3 858.8 1510.8 1398.2 1148.3 697.6 533.1 941.6 813.5 921.7 617.8 781.7 867.5 906.8 1135.0 1118.8 1139.4 1119.1 862.1 572.5 681.0 914.6 630.3 981.5 880.3 1206.1 1203.8 1120.4 972.0 890.7 898.7 864.4 705.9 738.1 1012.6 926.1 1237.8 1237.4 1327.4 1295.3 1298.2 1378.3 1417.2 1412.4 1360.4 1346.8 1471.4 -999.0 -999.0 -999.0 -999.0 -999.0 -999.0 -999.0 -999.0 -999.0 -999.0 -999.0 -999.0 -999.0 -999.0 -999.0 -999.0 -999.0 -999.0 -999.0 -999.0 -999.0 -999.0
-999.0 1354.9 1269.4 -999.0 1518.2 962.4 615.8 513.1 965.3 1099.6 1025.3 567.8 582.4 1168.4 1266.5 1066.8 770.9 1252.4 1147.6 874.0 634.5 567.8 594.8 516.7 786.7 702.6 881.4 1172.3 703.8 1025.8 671.1 713.7 683.7 607.5 741.5 942.9 1080.3 976.4 1099.7 1033.0 1197.6 1191.7 1305.7 1338.8 1369.8 1391.4 1439.3 1415.6 -999.0 -999.0 -999.0 -999.0 -999.0 -999.0 -999.0 -999.0 -999.0 -999.0 -999.0 -999.0 -999.0 -999.0 -999.0 -999.0 -999.0 -999.0 -999.0 -999.0 -999.0 -999.0 -999.0
1572.8 1194.8 1554.2 -999.0 782.7 1079.2 991.5 1517.5 843.1 1067.0 539.1 626.4 932.5 749.5 693.6 1044.4 1379.3 883.7 852.1 738.4 518.5 490.7 498.9 469.8 706.5 976.1 1223.4 1164.4 1064.8 783.4 543.4 602.6 854.6 729.6 914.9 828.8 938.4 1064.9 1166.7 1094.0 1090.3 1125.8 1250.6 1192.0 1359.9 1270.7 1270.8 1410.0 -999.0 -999.0 -999.0 -999.0 -999.0 -999.0 -999.0 -999.0 -999.0 -999.0 -999.0 -999.0 -999.0 -999.0 -999.0 -999.0 -999.0 -999.0 -999.0 -999.0 -999.0 -999.0 -999.0
1323.1 1558.6 -999.0 1382.7 1249.4 897.8 1177.8 983.6 754.2 1169.5 1174.5 1013.4 1177.5 1340.9 1354.9 1327.0 931.0 626.5 584.3 552.6 501.7 400.1 502.7 865.9 1072.6 1094.7 609.8 900.7 350.5 293.9 504.1 555.9 573.3 767.0 870.3 907.1 861.9 1289.8 1283.4 1225.8 1310.3 1289.8 854.0 1068.3 1415.1 1400.6 1396.6 1416.2 1534.6 -999.0 -999.0 -999.0 -999.0 -999.0 -999.0 -999.0 -999.0 -999.0 -999.0 -999.0 -999.0 -999.0 -999.0 -999.0 -999.0 -999.0 -999.0 -999.0 -999.0 -999.0 -999.0
-999.0 -999.0 1630.3 1104.6 1005.6 868.3 1311.3 975.7 622.8 1157.1 1076.4 834.0 892.1 870.9 1037.2 758.0 691.4 514.6 793.7 821.9 658.1 532.9 701.9 1096.8 988.5 1061.9 726.8 376.4 607.0 351.5 488.9 535.8 626.6 717.9 768.3 984.7 1222.7 1323.9 1209.2 1337.8 1399.7 1271.3 1317.0 1398.0 1461.4 1332.2 1306.3 1394.9 -999.0 -999.0 -999.0 -999.0 -999.0 -999.0 -999.0 -999.0 -999.0 -999.0 -999.0 -999.0 -999.0 -999.0 -999.0 -999.0 -999.0 -999.0 -999.0 -999.0 -999.0 -999.0 -999.0
-999.0 -999.0 1624.6 1591.8 1269.0 855.0 1118.4 804.2 1290.8 1329.9 1283.5 1082.2 669.6 561.5 700.0 954.3 999.1 900.4 644.8 832.9 855.2 970.2 961.8 799.6 736.1 622.8 488.3 499.2 468.4 691.0 743.3 827.4 1117.2 1064.0 984.2 949.1 878.5 1031.4 1136.0 906.7 1093.6 1410.6 1323.4 1209.3 1175.7 1151.7 1305.8 -999.0 -999.0 -999.0 -999.0 -999.0 -999.0 -999.0 -999.0 -999.0 -999.0 -999.0 -999.0 -999.0 -999.0 -999.0 -999.0 -999.0 -999.0 -999.0 -999.0 -999.0 -999.0 -999.0 -999.0
-999.0 -999.0 1320.5 950.4 1450.6 772.1 697.3 800.4 685.8 875.1 1234.8 1144.3 1313.4 1366.1 695.6 784.9 668.8 291.0 1078.5 940.8 938.9 867.9 901.7 677.1 731.1 544.3 699.3 767.4 815.0 729.8 889.4 672.3 669.5 525.1 667.3 872.5 698.9 507.6 709.0 782.4 945.3 960.1 1020.6 1034.6 1151.8 1186.6 1333.7 -999.0 -999.0 -999.0 -999.0 -999.0 -999.0 -999.0 -999.0 -999.0 -999.0 -999.0 -999.0 -999.0 -999.0 -999.0 -999.0 -999.0 -999.0 -999.0 -999.0 -999.0 -999.0 -999.0 -999.0
-999.0 1659.8 1666.8 1397.0 1651.9 1398.7 1181.9 898.4 1259.1 1231.3 650.1 1235.5 1316.3 1308.6 1257.7 785.3 995.4 1194.7 1025.9 567.2 655.1 889.3 442.0 620.2 681.3 558.0 490.3 586.5 667.7 658.4 639.3 653.6 594.3 395.3 920.3 657.6 693.3 1127.6 1162.5 821.3 1017.0 957.6 936.0 1234.3 1141.7 1197.0 1304.7 -999.0 -999.0 -999.0 -999.0 -999.0 -999.0 -999.0 -999.0 -999.0 -999.0 -999.0 -999.0 -999.0 -999.0 -999.0 -999.0 -999.0 -999.0 -999.0 -999.0 -999.0 -999.0 -999.0 -999.0
-999.0 -999.0 1605.1 1306.4 712.1 1373.0 1559.6 1397.9 1491.3 1556.2 1527.6 1493.3 1295.9 1230.4 817.5 1108.7 1001.0 1014.4 596.0 714.8 961.7 870.3 424.1 723.7 607.7 836.8 553.6 587.4 859.0 454.2 501.5 530.2 391.5 447.0 659.1 517.5 651.3 833.2 1083.8 1291.4 1238.1 1019.7 1163.5 1341.2 1305.6 1233.2 1469.4 -999.0 -999.0 -999.0 -999.0 -999.0 -999.0 -999.0 -999.0 -999.0 -999.0 -999.0 -999.0 -999.0 -999.0 -999.0 -999.0 -999.0 -999.0 -999.0 -999.0 -999.0 -999.0 -999.0 -999.0
1604.7 1585.9 1571.1 1450.5 1049.8 1536.1 766.5 1200.6 980.5 786.0 1516.6 1460.2 285.8 574.7 539.1 724.8 512.7 603.3 550.0 537.1 468.0 716.5 682.0 874.8 908.5 956.7 783.5 810.4 535.3 825.6 753.1 901.9 709.8 516.0 619.6 1114.2 831.2 756.3 1074.0 809.9 1203.2 1356.7 1379.2 1360.8 1198.9 1335.7 -999.0 -999.0 -999.0 -999.0 -999.0 -999.0 -999.0 -999.0 -999.0 -999.0 -999.0 -999.0 -999.0 -999.0 -999.0 -999.0 -999.0 -999.0 -999.0 -999.0 -999.0 -999.0 -999.0 -999.0 -999.0
