GDD/GrowingDegreeDays_1986_Actual.txt
ncols         180
nrows         290
xllcorner     -200000
yllcorner     -200000
cellsize      5000
NODATA_value    -999
[rows 192 to 223 of 290, columns 72 to 143 of 180]
-999.0 -999.0 -999.0 -999.0 -999.0 -999.0 -999.0 -999.0 -999.0 -999.0 -999.0 -999.0 -999.0 -999.0 -999.0 -999.0 -999.0 -999.0 -999.0 -999.0 1459.0 1192.6 1028.6 896.2 738.9 838.2 1051.0 1247.4 1373.6 1263.4 1106.1 1013.8 963.4 1198.5 1357.5 1319.3 1225.6 1234.7 1372.9 1163.6 1253.2 1267.3 1380.9 1345.3 1466.9 1522.3 1494.5 1447.2 1532.7 1584.1 1566.8 1553.3 1546.8 1471.1 1511.3 1532.0 1498.7 1437.5 1409.7 1394.1 1358.6 1415.9 1450.4 1376.9 1411.1 1437.2 1472.0 1482.8 1567.4 1565.0 1550.1 1641.8
-999.0 -999.0 -999.0 -999.0 -999.0 -999.0 -999.0 -999.0 -999.0 -999.0 -999.0 -999.0 -999.0 -999.0 -999.0 -999.0 -999.0 -999.0 -999.0 1598.3 1518.0 1252.3 1019.8 920.4 971.5 998.0 1115.8 1039.7 754.8 977.8 991.6 1034.0 1251.0 1352.6 1277.8 1249.8 1353.9 1360.1 1310.0 1198.0 1224.0 1267.2 1395.4 1351.4 1509.3 1509.4 1412.0 1514.5 1482.2 1487.8 1510.4 1492.0 1530.2 1495.2 1566.3 1575.1 1505.0 1478.8 1487.3 1413.8 1430.4 1355.4 1416.0 1382.7 1463.6 1466.9 1489.4 1562.1 1592.1 1541.5 1559.0 1650.8
-999.0 -999.0 -999.0 -999.0 -999.0 -999.0 -999.0 -999.0 -999.0 -999.0 -999.0 -999.0 -999.0 -999.0 -999.0 -999.0 -999.0 -999.0 -999.0 1339.3 1304.1 1269.1 1218.0 1061.6 787.2 823.9 904.0 1033.7 996.0 919.6 879.8 899.7 1219.8 1124.9 1053.5 1356.6 1185.9 1443.5 1373.1 1237.7 1117.7 1365.3 1362.2 1499.4 1551.2 1519.3 1479.4 1276.5 1398.9 1420.9 1442.7 1458.2 1484.3 1490.4 1550.6 1539.1 1529.2 1490.3 1543.8 1517.4 1403.8 1365.2 1389.7 1367.1 1460.6 1528.2 1565.7 1613.0 1589.7 1551.1 1579.4 1632.4
-999.0 -999.0 -999.0 -999.0 -999.0 -999.0 -999.0 -999.0 -999.0 -999.0 -999.0 -999.0 -999.0 -999.0 -999.0 -999.0 -999.0 -999.0 -999.0 1377.8 1311.8 1477.8 1285.7 1071.2 778.3 905.4 884.0 1089.7 974.1 1016.8 1131.8 1069.3 1056.4 1131.0 1259.5 1387.7 1369.6 1163.2 1421.0 1397.9 1370.7 1391.0 1325.7 1471.2 1587.9 1560.0 1476.1 1441.8 1470.8 1412.1 1427.9 1443.1 1449.1 1529.4 1528.6 1471.8 1506.7 1478.1 1553.9 1488.4 1384.3 1377.7 1467.0 1486.8 1455.6 1544.5 1550.5 1655.3 1587.2 1574.2 1642.1 1663.5
-999.0 -999.0 -999.0 -999.0 -999.0 -999.0 -999.0 -999.0 -999.0 -999.0 -999.0 -999.0 -999.0 -999.0 -999.0 -999.0 -999.0 -999.0 1465.2 1263.5 1018.7 1123.2 1225.9 992.5 931.6 820.5 834.2 1234.3 1222.3 1254.5 1136.6 1033.6 1189.8 1191.5 1096.4 1279.7 1370.8 1402.7 1466.4 1489.7 1466.2 1418.5 1474.2 1532.5 1575.1 1598.9 1578.1 1521.6 1486.0 1527.7 1476.5 1483.4 1449.9 1511.8 1503.6 1504.1 1540.9 1551.3 1539.0 1431.3 1434.2 1440.3 1539.3 1507.4 1513.6 1541.2 1617.0 1583.6 1582.6 1583.3 1584.6 1638.9
-999.0 -999.0 -999.0 -999.0 -999.0 -999.0 -999.0 -999.0 -999.0 -999.0 -999.0 -999.0 -999.0 -999.0 -999.0 -999.0 -999.0 1342.7 1270.9 1145.3 1207.5 1245.1 1000.8 815.1 799.9 969.6 919.0 1220.3 1132.2 1229.5 1267.1 838.9 1154.9 1110.7 1344.9 1359.2 1456.7 1459.7 1435.3 1349.4 1446.1 1326.6 1506.0 1514.8 1656.8 1661.2 1612.8 1582.6 1554.5 1561.9 1517.3 1473.4 1475.0 1577.8 1526.7 1520.2 1498.0 1494.3 1477.6 1419.7 1465.8 1425.8 1527.2 1537.2 1613.0 1618.9 1538.6 1522.5 1570.6 1570.8 1596.7 1664.1
-999.0 -999.0 -999.0 -999.0 -999.0 -999.0 -999.0 -999.0 -999.0 -999.0 -999.0 -999.0 -999.0 -999.0 -999.0 1307.7 1312.3 1332.6 1434.3 1397.7 1278.7 1206.6 940.7 847.5 766.4 743.2 924.1 1089.2 1344.3 1171.1 1235.5 957.7 1180.9 1306.4 1380.1 1474.9 1457.8 1513.1 1431.1 1310.6 1379.7 1399.0 1618.1 1639.0 1665.7 1660.5 1583.7 1578.5 1556.9 1595.4 1518.2 1469.6 1552.2 1584.9 1555.4 1455.8 1457.0 1404.5 1365.0 1397.5 1430.2 1486.4 1541.3 1528.1 1518.4 1549.2 1527.1 1604.4 1574.2 1579.1 1617.5 1664.8
-999.0 -999.0 -999.0 -999.0 -999.0 -999.0 -999.0 -999.0 -999.0 -999.0 -999.0 1583.8 1566.6 1560.4 1205.6 1106.7 1042.1 1036.9 1255.4 1286.1 1310.8 928.1 992.7 845.8 846.9 902.6 1145.8 1256.0 1393.0 1273.3 1319.6 898.5 1041.2 1230.3 1439.4 1430.9 1465.7 1304.3 1484.2 1337.9 1355.9 1453.3 1601.8 1724.0 1732.1 1611.8 1627.2 1620.1 1526.7 1587.2 1544.7 1565.4 1550.5 1521.6 1464.5 1510.8 1439.1 1462.9 1425.9 1356.4 1368.5 1398.6 1457.7 1465.3 1496.1 1544.3 1585.5 1545.9 1634.9 1629.6 1643.0 1663.7
-999.0 -999.0 -999.0 -999.0 -999.0 -999.0 -999.0 -999.0 -999.0 -999.0 1410.9 1485.3 1342.4 1345.5 1333.9 1129.2 1172.4 1134.4 1317.7 1433.6 1148.3 1033.8 922.9 1186.7 800.7 1007.1 1194.0 921.1 1172.1 1425.4 973.1 1149.2 1231.9 1540.9 1559.1 1517.4 1275.3 1495.9 1477.6 1431.9 1458.1 1437.3 1597.3 1665.0 1789.5 1683.6 1664.4 1627.5 1566.8 1572.3 1570.4 1577.6 1578.4 1494.1 1488.4 1349.4 1484.9 1500.4 1456.0 1392.4 1439.4 1453.7 1512.9 1541.5 1518.5 1558.2 1538.8 1609.7 1631.0 1608.4 1598.4 1652.9
-999.0 -999.0 -999.0 -999.0 -999.0 -999.0 -999.0 -999.0 -999.0 1377.8 1368.1 1517.9 1470.1 1433.0 1326.8 1364.1 1283.7 1342.7 1322.3 1005.8 1198.6 1269.0 933.6 1336.5 1053.6 996.3 805.4 943.9 973.6 1182.5 1240.6 1346.0 1570.0 1219.8 1260.3 1540.9 1516.2 1566.0 1582.4 1491.4 1536.4 1598.2 1581.2 1614.4 1787.8 1729.1 1702.0 1642.0 1642.2 1633.3 1614.3 1485.2 1632.7 1563.0 1483.5 1420.5 1456.3 1492.0 1449.2 1398.4 1413.7 1398.5 1469.5 1553.4 1575.9 1610.4 1557.3 1591.6 1634.5 1559.2 1576.4 1657.0
-999.0 -999.0 -999.0 -999.0 -999.0 1581.7 1340.7 1452.9 1294.5 1453.7 1437.7 1375.1 1431.2 1430.9 1245.5 1317.3 1280.4 1310.1 1129.0 1142.5 1269.1 1195.9 1172.3 1239.6 1186.3 925.8 905.6 1073.1 1154.1 1076.0 1289.4 1558.2 1194.9 1110.9 1305.1 1301.3 1528.0 1531.4 1612.2 1580.0 1388.3 1595.1 1486.6 1681.7 1749.7 1725.7 1690.0 1506.1 1629.3 1589.7 1320.4 1584.4 1602.7 1555.1 1470.9 1393.7 1484.1 1475.7 1459.7 1477.2 1443.8 1451.1 1506.4 1566.8 1547.7 1593.6 1596.4 1588.5 1576.4 1596.7 1626.5 1707.9
-999.0 -999.0 -999.0 -999.0 1533.1 1384.9 1395.0 1362.3 1163.6 942.9 1055.3 1110.6 1325.5 1221.1 1093.9 1180.8 1215.5 1079.8 1243.6 1293.6 1113.6 1307.9 1420.0 1284.7 1212.5 1036.0 1047.1 1096.3 1183.2 1236.0 1349.0 1286.9 733.1 998.1 1261.4 1455.0 1434.1 1533.1 1416.6 1565.8 1517.4 1616.3 1649.2 1684.1 1692.7 1718.7 1720.2 1627.7 1587.9 1329.5 1321.0 1405.4 1511.5 1540.6 1321.1 1427.4 1483.0 1469.4 1508.8 1453.5 1456.7 1468.1 1538.7 1486.6 1524.1 1585.3 1486.8 1525.3 1608.6 1613.4 1636.0 1689.7
-999.0 -999.0 1593.6 1486.5 1460.5 1359.8 1405.1 1340.6 1234.3 1224.7 1302.2 1399.2 1219.1 1311.9 1168.9 1409.9 1322.8 1141.7 1222.7 1370.7 1277.9 1490.5 1453.8 1140.8 1028.3 1112.2 1226.2 1104.6 1346.4 1426.0 1432.4 1114.9 957.4 952.8 1443.4 1384.5 1407.2 1415.9 1494.4 1624.0 1514.1 1583.4 1620.8 1693.3 1684.6 1757.8 1757.2 1622.2 1554.3 1324.5 1361.6 1432.3 1530.4 1467.5 1341.0 1387.0 1426.9 1480.8 1477.8 1481.7 1483.4 1484.2 1496.5 1492.8 1495.2 1534.1 1552.3 1569.3 1613.7 1556.0 1525.1 1652.0
-999.0 -999.0 1613.9 -999.0 1594.8 1536.9 1380.4 1439.8 1368.2 1390.1 1343.0 1397.9 1366.5 1264.4 1398.4 1327.6 1468.3 1511.8 1514.8 1515.0 1511.9 1276.6 1326.5 1023.7 594.7 1091.3 1070.6 1091.6 857.0 897.5 1489.8 1555.6 872.5 1193.6 1357.5 1309.2 1242.2 1435.7 1601.2 1661.8 1484.8 1488.1 1620.2 1714.1 1749.0 1725.0 1767.7 1630.5 1372.0 1304.4 1427.3 1503.9 1539.7 1544.6 1519.0 1438.0 1501.7 1534.9 1560.1 1562.0 1523.3 1461.4 1418.8 1496.5 1555.3 1548.8 1597.0 1594.9 1550.3 1575.2 1584.9 1634.2
-999.0 -999.0 -999.0 -999.0 -999.0 1419.3 1493.7 1500.6 1415.9 1488.2 1447.6 1455.9 1420.6 1504.4 1514.5 1428.1 1457.1 1372.9 1494.9 1274.2 1482.4 1224.6 1068.2 1015.7 860.8 778.2 943.3 832.7 757.8 1158.3 1075.4 1256.5 1698.1 1254.7 1279.2 1557.3 1505.6 1641.0 1462.4 1505.4 1307.5 1407.9 1635.9 1687.9 1744.6 1808.2 1652.1 1385.6 1451.8 1296.8 1443.7 1508.2 1470.9 1557.7 1435.8 1553.8 1556.2 1617.5 1647.7 1622.8 1550.4 1496.3 1518.6 1587.6 1611.3 1626.1 1582.7 1510.6 1476.6 1548.7 1601.8 1575.4
-999.0 -999.0 -999.0 -999.0 1555.6 1498.7 1460.5 1482.6 1517.7 1379.8 1317.3 1262.3 1395.9 1504.6 1513.4 1554.8 1495.4 1251.4 1508.9 1375.8 1606.8 1441.6 1363.6 1358.6 1376.7 1121.7 1160.8 972.9 961.3 857.3 1039.9 1079.8 1248.8 961.9 1427.8 1541.0 1580.3 1465.5 1503.3 1329.2 1412.4 1416.4 1667.5 1692.1 1689.2 1415.0 1349.6 1352.8 1304.7 1451.4 1435.0 1453.4 1499.8 1551.8 1552.9 1565.1 1632.2 1696.7 1721.6 1691.3 1574.3 1538.8 1521.4 1581.5 1633.1 1623.3 1548.9 1409.6 1558.3 1530.7 1524.9 1613.6
-999.0 -999.0 -999.0 1635.2 1600.3 1554.9 1518.2 1529.4 1535.7 1523.8 1457.6 1559.1 1606.6 1687.9 1642.5 1569.7 1529.9 1503.0 1286.8 1563.7 1229.3 1316.0 1287.0 1150.2 1217.9 1341.5 1316.8 1157.9 1222.3 1091.9 1138.6 1312.2 1048.8 1089.0 1530.4 1408.8 1633.6 1597.3 1446.7 1397.0 1508.8 1547.1 1626.8 1672.7 1487.4 1538.1 1382.9 1384.0 1436.5 1423.6 1466.4 1523.9 1531.4 1598.3 1628.3 1635.7 1683.4 1622.6 1762.2 1660.4 1655.6 1621.0 1629.8 1633.5 1621.5 1552.4 1444.4 1482.0 1520.4 1545.7 1582.5 1636.9
-999.0 -999.0 -999.0 -999.0 -999.0 1667.8 1595.2 1561.6 1524.9 1496.5 1451.5 -999.0 -999.0 -999.0 -999.0 1638.7 1543.3 1401.6 1589.6 1672.4 1535.3 1503.0 1470.2 1421.5 1625.7 901.2 883.8 1249.1 1345.8 1347.2 1222.8 1184.6 1115.3 1374.7 1480.3 1508.8 1654.5 1358.3 1517.0 1431.9 1653.5 1633.2 1630.0 1646.4 1400.1 1540.2 1409.6 1421.4 1498.4 1504.0 1534.5 1563.9 1612.7 1641.4 1656.7 1642.4 1666.2 1607.4 1724.4 1670.1 1621.1 1634.2 1612.4 1611.1 1519.8 1537.4 1495.5 1492.3 1537.3 1655.1 1647.2 1685.9
-999.0 -999.0 -999.0 -999.0 -999.0 1678.4 1552.6 1471.1 1616.8 1475.0 1580.6 -999.0 -999.0 -999.0 -999.0 -999.0 -999.0 -999.0 1698.8 1698.0 1618.7 1737.7 1637.5 1443.9 1147.0 989.1 861.1 952.1 1133.8 1294.0 1290.5 1415.3 1261.8 1268.9 1552.7 1637.3 1367.2 1406.6 1418.7 1703.8 1708.4 1653.3 1662.4 1496.2 1408.1 1422.7 1431.8 1496.2 1531.2 1561.0 1584.2 1593.3 1602.3 1621.0 1562.9 1619.3 1653.6 1687.5 1714.4 1669.3 1641.3 1606.0 1492.1 1519.1 1616.2 1510.4 1513.3 1565.2 1617.5 1675.1 1721.5 1709.9
-999.0 -999.0 -999.0 -999.0 -999.0 -999.0 -999.0 1641.5 -999.0 -999.0 -999.0 -999.0 -999.0 -999.0 -999.0 -999.0 1552.9 1565.7 1620.3 1547.3 1584.6 1720.9 1778.3 1606.3 1367.9 1088.2 1016.2 1100.3 1439.5 1494.9 1197.4 1333.0 1397.1 1565.3 1671.2 1748.4 1547.7 1598.3 1628.0 1729.5 1715.2 1631.2 1635.7 1350.2 1291.3 1392.0 1437.8 1528.8 1552.8 1571.0 1604.8 1559.6 1591.3 1564.3 1624.0 1638.1 1666.7 1677.7 1680.4 1606.3 1660.2 1511.0 1414.9 1542.3 1529.4 1681.7 1590.8 1628.6 1692.1 1672.3 1732.7 1746.3
-999.0 -999.0 -999.0 -999.0 -999.0 -999.0 -999.0 -999.0 -999.0 -999.0 -999.0 -999.0 -999.0 -999.0 -999.0 -999.0 1569.6 1579.1 1777.9 1668.3 1644.2 -999.0 -999.0 1841.0 1368.5 1526.8 1367.6 1422.0 1427.2 1391.1 1310.2 1587.0 1630.2 1620.8 1700.1 1742.9 1751.6 1763.3 1761.8 1736.3 1606.7 1609.9 1541.5 1336.9 1394.6 1438.7 1509.9 1549.3 1523.3 1546.9 1579.3 1567.1 1602.9 1575.2 1536.6 1517.4 1576.6 1541.6 1631.5 1629.9 1545.5 1380.3 1555.0 1562.6 1633.9 1767.0 1655.9 1690.4 1755.1 1815.3 1844.5 1853.4
-999.0 -999.0 -999.0 -999.0 -999.0 -999.0 -999.0 -999.0 -999.0 -999.0 -999.0 -999.0 -999.0 -999.0 -999.0 -999.0 -999.0 -999.0 -999.0 -999.0 -999.0 -999.0 -999.0 1837.8 1720.3 1480.1 1461.7 1591.3 1609.6 1598.8 1551.1 1642.8 1715.0 1712.9 1727.3 1769.0 1791.2 -999.0 1812.7 1744.5 1644.8 1633.1 1539.2 1377.0 1438.2 1455.9 1536.2 1627.7 1621.6 1536.6 1584.8 1564.2 1463.4 1412.7 1431.5 1394.4 1359.4 1461.9 1500.5 1538.0 1559.3 1504.1 1621.6 1628.0 1644.1 1712.8 1740.9 1773.2 1775.0 1821.1 1885.5 1898.7
-999.0 -999.0 -999.0 -999.0 -999.0 -999.0 -999.0 -999.0 -999.0 -999.0 -999.0 -999.0 -999.0 -999.0 -999.0 -999.0 -999.0 -999.0 -999.0 -999.0 -999.0 -999.0 -999.0 -999.0 1763.6 1662.6 1588.5 1527.3 1508.0 1632.2 1660.5 1667.9 1765.7 -999.0 -999.0 -999.0 -999.0 1799.2 1812.7 1686.6 1657.6 1647.4 1558.5 1398.3 1466.4 1445.1 1508.8 1648.4 1552.1 1545.0 1431.5 1490.9 1335.1 1407.8 1390.2 1441.8 1421.0 1434.0 1511.2 1486.0 1690.7 1684.4 1668.8 1759.1 1729.2 1770.5 1789.8 1803.7 1878.2 1933.5 1879.2 1865.0
-999.0 -999.0 -999.0 -999.0 -999.0 -999.0 -999.0 -999.0 -999.0 -999.0 -999.0 -999.0 -999.0 -999.0 -999.0 -999.0 -999.0 -999.0 -999.0 -999.0 -999.0 -999.0 -999.0 -999.0 -999.0 1742.6 1531.4 1543.4 1581.8 1533.9 1622.4 1704.4 -999.0 -999.0 -999.0 -999.0 1689.5 1601.7 1539.4 1710.5 1701.5 1692.3 1491.5 1411.7 1427.3 1436.7 1510.3 1537.5 1573.2 1433.6 1307.8 1378.5 1373.9 1438.1 1428.1 1453.1 1548.3 1518.0 1541.5 1615.0 1665.2 1709.2 1825.7 1741.1 1729.2 1764.4 1728.0 1714.8 1855.9 1914.0 1897.7 1933.4
-999.0 -999.0 -999.0 -999.0 -999.0 -999.0 -999.0 -999.0 -999.0 -999.0 -999.0 -999.0 -999.0 -999.0 -999.0 -999.0 -999.0 -999.0 -999.0 -999.0 -999.0 -999.0 -999.0 -999.0 -999.0 -999.0 1728.7 1650.1 1675.4 1576.6 1698.9 1717.3 -999.0 -999.0 -999.0 1721.2 1708.3 1650.9 1519.6 1559.3 1606.2 1717.6 1573.3 1636.0 1474.2 1460.9 1553.1 1453.7 1391.6 1397.7 1416.5 1356.7 1419.8 1469.4 1501.3 1561.7 1578.4 1581.8 1581.1 1575.7 1646.3 1718.4 1698.3 1606.3 1656.7 1746.5 1716.3 1718.9 1780.5 1857.5 1890.0 1922.5
-999.0 -999.0 -999.0 -999.0 -999.0 -999.0 -999.0 -999.0 -999.0 -999.0 -999.0 -999.0 -999.0 -999.0 -999.0 -999.0 -999.0 -999.0 -999.0 -999.0 -999.0 -999.0 -999.0 -999.0 -999.0 -999.0 -999.0 -999.0 -999.0 -999.0 -999.0 -999.0 -999.0 -999.0 1684.2 1696.5 1705.4 1679.0 1502.8 1652.8 1611.6 1554.1 1555.5 1573.4 1535.5 1626.9 1603.6 1562.4 1474.6 1488.9 1470.0 1451.2 1423.2 1445.9 1475.7 1375.8 1506.5 1486.3 1544.7 1540.9 1583.6 1666.3 1646.2 1604.6 1626.3 1620.3 1698.9 1728.6 1752.5 1783.2 1828.5 1794.2
-999.0 -999.0 -999.0 -999.0 -999.0 -999.0 -999.0 -999.0 -999.0 -999.0 -999.0 -999.0 -999.0 -999.0 -999.0 -999.0 -999.0 -999.0 -999.0 -999.0 -999.0 -999.0 -999.0 -999.0 -999.0 -999.0 -999.0 -999.0 -999.0 -999.0 -999.0 -999.0 -999.0 -999.0 1795.7 1604.7 1625.3 1220.4 1339.4 1619.2 1585.2 1547.7 1532.4 1501.8 1596.6 1637.8 1617.3 1577.5 1475.9 1522.3 1569.0 1432.3 1411.1 1316.9 1431.5 1415.0 1320.4 1444.9 1501.5 1556.9 1627.8 1658.8 1670.2 1663.0 1663.9 1696.1 1653.7 1668.6 1738.5 1749.2 1731.9 1682.4
-999.0 -999.0 -999.0 -999.0 -999.0 -999.0 -999.0 -999.0 -999.0 -999.0 -999.0 -999.0 -999.0 -999.0 -999.0 -999.0 -999.0 -999.0 -999.0 -999.0 -999.0 -999.0 -999.0 -999.0 -999.0 -999.0 -999.0 -999.0 -999.0 -999.0 -999.0 -999.0 -999.0 -999.0 1767.0 1731.5 1700.5 1500.1 1249.5 1364.1 1465.0 1555.6 1459.6 1566.6 1571.0 1619.4 1457.2 1401.6 1348.6 1430.2 1518.2 1493.8 1491.2 1468.8 1440.1 1432.1 1494.1 1495.0 1512.9 1546.7 1609.7 1671.3 1716.4 1703.4 1650.7 1679.0 1646.8 1648.4 1688.5 1645.7 1506.1 1564.3
-999.0 -999.0 -999.0 -999.0 -999.0 -999.0 -999.0 -999.0 -999.0 -999.0 -999.0 -999.0 -999.0 -999.0 -999.0 -999.0 -999.0 1899.9 1785.6 1812.1 1131.0 1085.1 1102.0 1138.7 1049.5 1749.7 1333.6 1842.4 -999.0 -999.0 -999.0 -999.0 -999.0 -999.0 1757.6 1722.1 1665.4 1703.9 1582.9 1435.5 1374.8 1439.2 1507.6 1540.8 1535.7 1482.8 1380.3 1422.6 1482.3 1514.6 1560.0 1509.1 1515.8 1562.6 1593.9 1597.8 1548.4 1574.5 1515.5 1492.1 1451.1 1588.6 1665.0 1629.3 1591.5 1641.1 1578.1 1622.2 1673.0 1595.7 1498.1 1584.7
-999.0 -999.0 -999.0 -999.0 -999.0 -999.0 -999.0 -999.0 -999.0 -999.0 -999.0 -999.0 -999.0 -999.0 -999.0 -999.0 -999.0 1505.5 1456.4 1265.7 1164.8 931.5 860.0 937.2 964.2 1039.2 1352.8 1589.9 1731.9 1658.4 1467.0 1646.2 1729.6 1787.4 1766.8 1746.0 1726.0 1716.7 1704.4 1652.7 1459.5 1449.9 1499.8 1563.1 1342.2 1461.8 1544.8 1503.2 1469.0 1561.2 1594.1 1597.6 1569.7 1569.5 1592.2 1572.6 1651.5 1612.0 1539.4 1523.5 1544.1 1509.6 1511.2 1606.5 1612.7 1667.5 1694.2 1611.9 1683.7 1372.2 1526.8 1572.6
-999.0 -999.0 -999.0 -999.0 -999.0 -999.0 -999.0 -999.0 -999.0 -999.0 -999.0 -999.0 -999.0 -999.0 -999.0 -999.0 1821.1 1720.4 1560.7 1467.7 1312.9 1033.6 900.2 934.0 1015.9 1045.0 1135.3 1338.3 1460.0 1522.5 1478.6 1395.3 1653.9 1712.5 1761.0 1729.8 1615.7 1708.4 1684.4 1545.1 1512.9 1520.5 1503.5 1324.5 1478.3 1370.8 1422.3 1489.4 1582.0 1575.6 1637.0 1585.4 1487.6 1595.0 1556.7 1601.6 1588.8 1606.2 1565.8 1551.4 1459.8 1421.4 1591.8 1630.5 1622.8 1466.5 1611.4 1662.4 1646.4 1639.3 1617.3 1613.8
-999.0 -999.0 -999.0 -999.0 -999.0 -999.0 -999.0 -999.0 -999.0 -999.0 -999.0 -999.0 -999.0 -999.0 -999.0 -999.0 -999.0 1786.5 1742.4 1675.9 1353.6 1271.3 1191.0 979.4 1076.3 1137.2 1367.6 1300.5 1155.9 1322.8 1502.6 1527.6 1425.2 1618.2 1754.9 1740.3 1725.8 1634.1 1592.9 1637.4 1620.3 1568.2 1529.5 1426.2 1527.5 1399.4 1472.7 1481.1 1523.5 1540.4 1601.4 1523.5 1492.0 1531.0 1648.1 1649.8 1633.4 1696.0 1653.0 1640.4 1552.9 1474.4 1497.8 1615.1 1605.4 1549.2 1574.5 1633.1 1697.7 1707.9 1717.7 1690.2
