GDD/GrowingDegreeDays_2006_Actual.txt
ncols         180
nrows         290
xllcorner     -200000
yllcorner     -200000
cellsize      5000
NODATA_value    -999
[rows 160 to 191 of 290, columns 71 to 141 of 180]
-999.0 -999.0 -999.0 -999.0 -999.0 -999.0 -999.0 -999.0 -999.0 -999.0 -999.0 -999.0 -999.0 -999.0 -999.0 -999.0 -999.0 -999.0 -999.0 -999.0 -999.0 -999.0 -999.0 -999.0 -999.0 -999.0 -999.0 -999.0 -999.0 -999.0 -999.0 -999.0 -999.0 -999.0 -999.0 2058.5 2056.0 2034.4 1967.8 1696.4 1582.2 1341.7 1673.3 1530.7 1963.4 1825.1 1821.7 1692.2 1632.9 1715.2 1626.0 1993.9 1993.6 1997.4 2013.8 2062.3 1977.0 2067.1 2093.3 2086.9 2128.6 2154.6 2122.1 2089.9 2063.8 2036.7 1887.2 1942.6 2010.3 2039.4 2064.1
-999.0 -999.0 -999.0 -999.0 -999.0 -999.0 -999.0 -999.0 -999.0 -999.0 -999.0 -999.0 -999.0 -999.0 -999.0 -999.0 -999.0 -999.0 -999.0 -999.0 -999.0 -999.0 -999.0 -999.0 -999.0 -999.0 -999.0 -999.0 -999.0 -999.0 -999.0 -999.0 -999.0 -999.0 -999.0 2091.5 2082.8 2066.0 2054.1 1974.4 1693.0 1943.0 1935.3 2047.0 1884.5 1567.7 1728.3 1599.6 1666.4 1597.7 2010.6 1710.7 1950.6 1849.8 1907.9 1915.3 2022.9 2047.4 2086.2 2113.9 2137.2 2139.2 2103.0 2071.4 2071.9 2071.2 2032.7 1924.8 1978.1 2032.3 2067.3
-999.0 -999.0 -999.0 -999.0 -999.0 -999.0 -999.0 -999.0 -999.0 -999.0 -999.0 -999.0 -999.0 -999.0 -999.0 -999.0 -999.0 -999.0 -999.0 -999.0 -999.0 -999.0 -999.0 -999.0 -999.0 -999.0 -999.0 -999.0 -999.0 -999.0 -999.0 -999.0 -999.0 -999.0 -999.0 2098.7 2108.3 2021.1 2084.7 2031.2 1962.3 1953.6 2027.8 2088.0 1906.7 1770.7 1757.4 1621.2 1470.4 1768.4 1887.3 2094.1 1966.0 2158.0 2089.7 2026.4 1986.8 2049.9 2065.5 2095.4 2143.7 2125.3 2100.2 2075.7 2076.0 2076.7 2059.9 1969.1 1921.0 2048.9 2152.5
-999.0 -999.0 -999.0 -999.0 -999.0 -999.0 -999.0 -999.0 -999.0 -999.0 -999.0 -999.0 -999.0 -999.0 -999.0 -999.0 -999.0 -999.0 -999.0 -999.0 -999.0 -999.0 -999.0 -999.0 -999.0 -999.0 -999.0 -999.0 -999.0 -999.0 -999.0 -999.0 -999.0 -999.0 -999.0 2127.1 2089.0 2041.3 2072.3 2088.9 2062.3 2079.3 1992.8 1856.5 2018.5 1920.8 1796.1 1395.7 1419.9 1442.5 1666.6 1926.9 2034.0 2017.3 2155.0 2207.9 2084.8 2022.7 2103.3 2134.8 2136.7 2145.8 2124.7 2105.4 2104.4 2110.6 2111.8 1997.8 1943.0 2126.4 2229.5
-999.0 -999.0 -999.0 -999.0 -999.0 -999.0 -999.0 -999.0 -999.0 -999.0 -999.0 -999.0 -999.0 -999.0 -999.0 -999.0 -999.0 -999.0 -999.0 -999.0 -999.0 -999.0 -999.0 -999.0 -999.0 -999.0 -999.0 -999.0 -999.0 -999.0 -999.0 -999.0 -999.0 -999.0 -999.0 2126.5 2121.1 2116.1 2148.4 2148.0 2144.2 2042.8 2023.9 1886.3 1804.2 1606.6 1487.8 1409.5 1648.5 1567.4 1794.3 1888.1 2064.2 1928.6 2043.3 2176.7 2221.7 2204.7 2170.4 2173.3 2155.3 2149.6 2149.1 2139.7 2133.1 2147.4 2139.9 2139.7 2081.0 2162.3 2235.6
-999.0 -999.0 -999.0 -999.0 -999.0 -999.0 -999.0 -999.0 -999.0 -999.0 -999.0 -999.0 -999.0 -999.0 -999.0 -999.0 -999.0 -999.0 -999.0 -999.0 -999.0 -999.0 -999.0 -999.0 -999.0 -999.0 -999.0 -999.0 -999.0 -999.0 -999.0 -999.0 -999.0 -999.0 -999.0 -999.0 2083.6 2110.0 2146.0 2156.2 2060.8 1863.1 1839.3 1750.5 1803.5 1819.2 1621.4 1652.7 1557.7 1701.4 1987.5 2220.5 2160.4 2110.6 2065.6 2235.7 2219.8 2131.1 2157.1 2202.7 2160.0 2172.0 2174.7 2174.1 2165.9 2170.9 2169.3 2152.3 2172.8 2174.6 2200.5
-999.0 -999.0 -999.0 -999.0 -999.0 -999.0 -999.0 -999.0 -999.0 -999.0 -999.0 -999.0 -999.0 -999.0 -999.0 -999.0 -999.0 -999.0 -999.0 -999.0 -999.0 -999.0 -999.0 -999.0 -999.0 -999.0 -999.0 -999.0 -999.0 -999.0 -999.0 -999.0 -999.0 -999.0 -999.0 2145.2 2103.9 2130.0 2164.7 2145.2 2070.2 1719.1 1681.9 1814.4 1562.9 1603.9 1704.4 1725.0 1435.6 1670.7 1719.6 2012.3 2295.1 2051.4 2208.0 2305.8 2158.5 2138.1 2201.8 2173.3 2196.8 2200.1 2192.3 2186.5 2183.1 2189.7 2077.7 2145.8 2171.7 2051.1 2099.0
-999.0 -999.0 -999.0 -999.0 -999.0 -999.0 -999.0 -999.0 -999.0 -999.0 -999.0 -999.0 -999.0 -999.0 -999.0 -999.0 -999.0 -999.0 -999.0 -999.0 -999.0 -999.0 -999.0 -999.0 -999.0 -999.0 -999.0 -999.0 -999.0 -999.0 -999.0 -999.0 -999.0 -999.0 -999.0 2170.7 2169.0 2159.0 2173.3 1990.5 2059.5 1977.2 1700.4 1937.6 1907.8 1865.1 1961.7 1922.2 1616.3 1710.8 1760.9 2127.7 2012.7 1903.4 2144.9 2061.7 2110.2 2064.5 2124.1 2169.2 2226.6 2234.9 2221.8 2211.0 2193.3 2212.9 2203.9 2132.0 2190.8 2140.6 2070.1
-999.0 -999.0 -999.0 -999.0 -999.0 -999.0 -999.0 -999.0 -999.0 -999.0 -999.0 -999.0 -999.0 -999.0 -999.0 -999.0 -999.0 -999.0 -999.0 -999.0 -999.0 -999.0 -999.0 -999.0 -999.0 -999.0 -999.0 -999.0 -999.0 -999.0 -999.0 -999.0 -999.0 -999.0 2141.0 2194.8 2173.8 2072.1 2101.8 2080.7 2118.3 2028.3 1998.3 2037.2 2070.3 2087.9 2049.2 1933.5 1645.3 1449.9 1417.6 1823.7 1723.5 1816.7 2087.2 2082.2 2177.1 2137.8 2135.3 2204.6 2251.6 2255.8 2249.5 2232.5 2203.4 2222.2 2208.8 2186.8 2176.4 2161.3 2018.2
-999.0 -999.0 -999.0 -999.0 -999.0 -999.0 -999.0 -999.0 -999.0 -999.0 -999.0 -999.0 -999.0 -999.0 -999.0 -999.0 -999.0 -999.0 -999.0 -999.0 -999.0 -999.0 -999.0 -999.0 -999.0 -999.0 -999.0 -999.0 -999.0 -999.0 -999.0 -999.0 -999.0 -999.0 -999.0 2191.8 2217.5 2168.3 2144.3 1976.0 2171.6 2175.4 2171.4 2145.0 2126.6 2163.1 2133.7 2029.3 1922.8 1539.5 1387.8 1349.2 1673.1 1714.3 1890.9 2046.8 2041.4 2243.2 2241.7 2163.2 2261.8 2286.8 2286.7 2255.6 2220.1 2223.6 2212.1 2176.1 2181.8 2176.4 2145.6
-999.0 -999.0 -999.0 -999.0 -999.0 -999.0 -999.0 -999.0 -999.0 -999.0 -999.0 -999.0 -999.0 -999.0 -999.0 -999.0 -999.0 -999.0 -999.0 -999.0 -999.0 -999.0 -999.0 -999.0 -999.0 -999.0 -999.0 -999.0 -999.0 -999.0 -999.0 -999.0 -999.0 -999.0 -999.0 2234.7 2235.4 2253.6 2242.0 2202.0 2188.7 2195.1 2235.1 2227.6 2269.8 2275.0 2229.6 2128.7 1927.9 1862.4 1423.1 1274.2 1330.6 1590.9 1810.4 1975.5 2124.4 2078.5 2183.9 2117.3 2249.9 2274.3 2298.2 2260.5 2234.6 2221.9 2183.4 2163.1 2168.9 2171.2 2114.0
-999.0 -999.0 -999.0 -999.0 -999.0 -999.0 -999.0 -999.0 -999.0 -999.0 -999.0 -999.0 -999.0 -999.0 -999.0 2091.6 2100.7 2079.5 2041.6 -999.0 -999.0 -999.0 -999.0 -999.0 -999.0 -999.0 -999.0 -999.0 -999.0 -999.0 -999.0 -999.0 -999.0 -999.0 2208.8 2280.3 2237.8 2271.9 2199.4 2197.4 2239.3 2240.1 2236.2 2260.7 2263.5 2277.2 2224.2 2137.5 2006.1 1684.3 1468.6 1462.1 1715.2 1538.4 1730.3 2123.1 2099.0 2216.4 1991.0 2042.6 2208.3 2224.3 2241.1 2238.4 2229.8 2219.2 2191.3 2145.6 2147.1 2178.1 2142.7
-999.0 -999.0 -999.0 -999.0 -999.0 -999.0 -999.0 -999.0 -999.0 -999.0 -999.0 -999.0 -999.0 -999.0 -999.0 2034.3 2004.9 2060.1 2141.9 -999.0 -999.0 -999.0 -999.0 -999.0 -999.0 -999.0 -999.0 -999.0 -999.0 -999.0 -999.0 -999.0 -999.0 2338.0 2153.3 2235.4 2243.1 2171.1 2256.6 2201.1 2260.5 2252.1 2239.3 2252.8 2218.5 2172.9 2168.1 2117.7 2040.3 1923.1 1474.7 1421.0 1734.7 1692.8 1849.8 1968.7 2260.9 2251.4 2090.3 2061.1 2165.5 2252.6 2274.0 2260.7 2218.4 2219.6 2195.6 2164.6 2116.2 2164.1 2134.7
-999.0 -999.0 -999.0 -999.0 -999.0 -999.0 -999.0 -999.0 -999.0 -999.0 -999.0 -999.0 -999.0 1999.7 2156.0 2136.5 2008.2 2064.1 2087.4 2242.5 2272.1 2270.0 -999.0 -999.0 2179.4 2285.7 -999.0 -999.0 -999.0 2351.1 2271.9 2231.0 -999.0 2358.7 2129.1 2212.5 2271.1 2271.2 2270.0 2172.0 2176.9 2155.5 2198.8 2163.8 2216.1 2096.6 2071.0 2050.6 1714.5 2032.5 1907.6 1619.3 1989.8 1903.5 1590.5 2147.2 2020.6 2193.7 2113.2 2101.9 2174.8 2223.6 2262.4 2272.2 2251.0 2252.3 2195.6 2184.3 2110.3 2173.2 2166.1
-999.0 -999.0 -999.0 -999.0 -999.0 -999.0 -999.0 -999.0 -999.0 -999.0 -999.0 -999.0 -999.0 -999.0 2149.8 2147.5 2110.0 2134.2 2180.1 2195.1 2105.6 2328.7 -999.0 2335.8 2207.0 2035.1 2160.4 2047.0 2244.8 2277.5 1926.5 1953.6 2065.9 -999.0 2238.3 2150.7 2191.8 2258.4 2257.9 2149.6 2239.7 2309.2 2296.4 2222.4 2169.6 2114.6 1989.5 1993.7 1693.2 1633.8 1698.8 1690.1 1746.6 1626.6 1699.0 1945.2 2159.6 2210.4 2029.6 2037.9 2179.6 2155.9 2241.9 2221.1 2222.6 2243.6 2194.3 2194.3 2120.5 2176.6 2185.9
-999.0 -999.0 -999.0 -999.0 -999.0 -999.0 -999.0 -999.0 -999.0 -999.0 -999.0 -999.0 -999.0 -999.0 -999.0 2165.3 2129.6 2128.6 2253.7 2311.5 2354.8 2371.3 1883.0 1274.1 2148.1 1797.7 1778.0 1860.5 1986.3 2181.1 2199.8 2013.6 1842.7 2051.9 2249.8 2250.3 2181.2 2218.4 2190.7 2036.7 2149.7 2308.4 2337.9 2249.4 2175.7 2127.3 2024.0 1968.1 1550.1 1441.3 1626.9 1680.6 1846.6 1900.7 1844.2 1927.1 2142.9 2173.2 2058.5 2110.5 2159.6 2119.3 2207.9 2152.2 2225.7 2224.3 2211.0 2174.8 2049.8 2198.2 2207.9
-999.0 -999.0 -999.0 -999.0 -999.0 -999.0 -999.0 -999.0 -999.0 -999.0 -999.0 -999.0 -999.0 -999.0 -999.0 -999.0 2098.1 2236.3 2305.6 2370.3 2265.6 2007.1 1010.5 1543.3 2293.9 1697.9 1996.0 1700.2 1765.3 2061.5 2227.0 1706.2 1933.6 1920.0 2082.6 2219.4 2190.3 2176.5 2221.0 2125.9 2123.5 2220.2 2257.4 2250.0 2170.2 2124.4 2068.2 1849.0 1733.8 1410.3 1612.2 1616.1 1673.7 2011.8 1880.5 1798.6 1989.8 2058.8 2047.6 2118.9 2114.0 2116.5 2184.6 2138.9 2225.0 2239.7 2204.0 2208.4 2187.0 2194.7 2220.6
-999.0 -999.0 -999.0 -999.0 -999.0 -999.0 -999.0 -999.0 -999.0 -999.0 -999.0 -999.0 -999.0 -999.0 -999.0 -999.0 -999.0 2262.6 2302.8 2143.6 1910.8 1107.8 1006.6 1526.5 1831.8 1827.1 1709.8 1595.1 1624.1 1648.7 1970.8 2111.7 1663.3 1935.8 2057.1 2072.7 2177.9 2209.3 2196.6 2186.0 2168.5 2228.7 2265.9 2216.0 2149.5 2105.6 2035.3 1871.1 1686.8 1590.5 1742.9 1764.3 1655.3 1831.7 2116.4 1833.4 2052.1 2029.4 2009.7 2104.1 2124.6 2144.8 2145.0 2137.8 2224.5 2251.3 2229.4 2256.2 2149.8 2199.6 2227.7
-999.0 -999.0 -999.0 -999.0 -999.0 -999.0 -999.0 -999.0 -999.0 -999.0 -999.0 -999.0 -999.0 -999.0 -999.0 -999.0 -999.0 2268.6 2184.9 1796.4 1637.5 1487.6 1237.1 1837.1 2032.3 1770.7 1529.8 1509.0 1489.7 1678.1 1923.5 2140.4 1604.2 1737.0 2022.8 2085.7 2233.2 2235.7 2190.2 2112.9 2164.9 2225.8 2236.2 2214.3 2159.4 2086.5 1891.6 1809.6 1939.9 1569.9 1734.6 1701.6 1618.0 1680.7 1907.8 2030.6 2068.7 2143.7 2022.0 1991.9 2107.8 2140.1 2202.2 2200.1 2255.9 2245.6 2250.4 2264.2 2235.4 2189.2 2220.9
-999.0 -999.0 -999.0 -999.0 -999.0 -999.0 -999.0 -999.0 -999.0 -999.0 -999.0 -999.0 -999.0 -999.0 -999.0 -999.0 -999.0 2268.8 2101.6 1864.8 1903.0 1463.8 1632.3 1936.3 1782.9 1911.2 1740.8 1506.6 1675.9 1474.8 1672.3 1982.2 1649.4 1641.6 1801.1 2148.6 2215.6 2255.0 2156.9 2056.8 2111.1 2215.3 2232.8 2198.3 2128.7 1973.6 1905.5 1948.3 1925.9 1696.3 1740.6 1770.2 1800.4 1907.8 1936.5 1892.5 2166.3 2067.3 2053.3 2109.3 2099.4 2171.1 2133.7 2259.4 2269.4 2254.8 2262.7 2259.0 2115.0 2203.3 2236.4
-999.0 -999.0 -999.0 -999.0 -999.0 -999.0 -999.0 -999.0 -999.0 -999.0 -999.0 -999.0 -999.0 -999.0 -999.0 -999.0 2232.8 1386.0 1959.5 1794.9 1608.5 2007.7 1137.9 1357.9 1455.8 1603.9 1396.0 1653.0 1608.5 1698.8 1818.3 1695.3 1454.5 1678.8 1816.1 2157.0 2249.0 2275.1 2101.9 2083.8 2138.6 2177.0 2209.8 2156.1 2014.2 2022.6 2025.4 1866.3 1758.8 1978.4 1629.7 1708.3 1974.7 1945.8 2028.5 2107.1 2116.5 2152.5 2138.0 2191.4 2122.8 2201.5 2272.2 2173.6 2276.6 2263.5 2243.4 2229.8 2111.6 2204.3 2245.8
-999.0 -999.0 -999.0 -999.0 -999.0 -999.0 -999.0 -999.0 -999.0 -999.0 -999.0 -999.0 -999.0 -999.0 2217.8 2187.9 1811.8 1907.6 2077.3 2023.4 1807.6 2079.6 1842.4 1683.4 1390.0 1423.6 1304.3 1447.4 1407.7 1841.5 1654.9 1726.5 2021.8 2023.0 2125.1 2106.9 2191.8 2221.6 2099.0 2076.4 2087.4 2148.2 2123.8 1984.0 2046.1 1997.2 2061.0 1899.3 1828.8 1870.5 1949.8 2032.6 1923.5 2005.7 2071.0 2093.5 2119.6 2135.1 2214.8 2208.8 2247.6 2315.9 2307.4 2276.6 2268.6 2236.5 2254.0 2228.6 2127.8 2207.6 2259.1
-999.0 -999.0 -999.0 -999.0 -999.0 -999.0 -999.0 -999.0 -999.0 -999.0 -999.0 -999.0 -999.0 2167.1 2136.1 2141.6 2134.6 2181.4 2223.8 2184.6 2212.7 2191.3 1904.0 1726.5 1568.7 1029.4 1560.3 1673.9 1643.8 1915.9 1451.5 1444.5 1598.8 1941.4 2105.4 2094.9 2114.0 2133.9 2086.6 2030.5 2078.8 2090.7 2073.5 1997.3 1950.3 2056.4 2044.3 1901.4 1916.0 1953.9 1979.0 1991.0 2000.6 2133.5 2113.6 2184.8 2282.8 2196.6 2245.4 2317.4 2375.4 2353.1 2268.9 2283.3 2265.1 2238.0 2221.0 2213.4 2089.9 2162.2 2239.7
-999.0 -999.0 -999.0 -999.0 -999.0 -999.0 -999.0 -999.0 -999.0 -999.0 -999.0 -999.0 2137.0 1977.5 2045.9 2105.5 -999.0 -999.0 -999.0 -999.0 2210.7 1594.4 1608.0 1615.2 1465.8 1583.4 1664.6 1354.0 1421.4 1634.6 1024.3 1278.1 1585.0 1652.4 1974.7 2183.4 2120.9 2086.9 2102.6 2080.7 2091.2 2107.9 2056.1 2094.7 1951.2 2025.9 2023.2 1999.8 1984.6 1989.1 2018.9 2121.5 2138.6 2172.7 2207.1 2250.8 2313.5 2332.2 2330.4 2350.7 2341.8 2304.4 2284.8 2275.9 2211.6 2166.8 2160.4 2176.5 2118.7 2158.6 2186.4
-999.0 -999.0 -999.0 -999.0 -999.0 -999.0 -999.0 -999.0 -999.0 -999.0 -999.0 -999.0 2061.6 1811.6 2156.5 2214.5 -999.0 -999.0 -999.0 -999.0 2257.9 1802.6 1479.9 1871.3 1444.9 1459.0 1485.4 1250.6 1189.9 1498.1 1229.0 1825.2 1806.3 1917.2 2065.5 2191.7 2159.6 2096.3 2081.7 2037.4 1993.9 2109.9 2065.1 2091.3 2063.5 1984.2 2063.7 2046.8 2117.7 2059.3 2001.5 2002.4 2032.6 2180.2 2242.9 2272.8 2292.8 2253.8 2302.3 2296.3 2261.6 2243.2 2154.2 2204.7 2049.8 2062.0 2063.7 2157.0 2135.8 2170.6 2199.6
-999.0 -999.0 -999.0 -999.0 -999.0 -999.0 -999.0 -999.0 -999.0 -999.0 -999.0 -999.0 -999.0 -999.0 -999.0 -999.0 -999.0 -999.0 -999.0 -999.0 2249.3 1696.9 1688.4 1878.1 1624.3 1765.3 1221.8 1304.0 1714.2 1483.8 1561.0 1752.9 1775.0 2026.8 2138.0 2213.8 2086.7 2087.6 2060.4 2041.5 2073.1 2127.1 2162.9 2170.6 2123.4 2056.9 2105.0 2130.7 2123.4 2095.9 2135.8 2092.9 2076.5 2233.4 2123.5 2059.1 2178.3 2191.4 2212.3 2286.3 2222.8 2135.6 2027.6 2060.3 2121.6 2105.5 2071.8 2142.2 2128.2 2179.5 2198.9
-999.0 -999.0 -999.0 -999.0 -999.0 -999.0 -999.0 -999.0 -999.0 -999.0 -999.0 -999.0 -999.0 -999.0 -999.0 -999.0 -999.0 -999.0 -999.0 -999.0 -999.0 1690.6 2276.7 2132.4 1755.6 1339.7 1432.9 1326.4 1389.2 1765.4 1728.8 1701.3 2055.1 2116.7 2205.0 2196.9 2154.4 2096.6 2110.3 2109.8 2123.6 2168.4 2203.6 2180.2 2166.4 2090.0 2089.0 2137.5 1982.3 2072.9 2196.7 2210.5 2195.0 2176.0 2183.9 2086.6 2080.6 2158.9 2082.2 2239.3 2257.4 2154.0 2171.2 2135.2 2137.7 2180.4 2113.1 2149.5 2176.5 2228.1 2207.3
-999.0 -999.0 -999.0 -999.0 -999.0 -999.0 -999.0 -999.0 -999.0 -999.0 -999.0 -999.0 -999.0 -999.0 -999.0 -999.0 -999.0 -999.0 -999.0 -999.0 -999.0 2026.6 1522.4 1447.4 1616.4 1652.0 1725.9 1544.2 1745.7 1750.0 1957.1 2135.3 1949.4 2154.1 2197.8 2020.8 2061.8 2084.2 2135.6 2199.2 2194.6 2133.9 2170.5 2077.6 2084.7 2086.6 2089.0 2129.1 1995.1 1981.7 2129.3 2208.5 2230.0 2199.8 2182.9 2163.5 2128.5 2096.0 1955.4 2117.4 2276.7 2237.0 2163.6 2067.4 2012.8 2062.5 2167.4 2156.9 2198.1 2232.6 2271.0
-999.0 -999.0 -999.0 -999.0 -999.0 -999.0 -999.0 -999.0 -999.0 -999.0 -999.0 -999.0 -999.0 -999.0 -999.0 -999.0 -999.0 -999.0 -999.0 -999.0 2071.0 1909.2 2041.6 1323.7 1761.8 1842.9 1608.1 1658.6 1810.1 1599.0 2008.1 2168.3 1920.5 2223.0 1663.0 1926.6 2092.5 2105.2 2018.2 2149.5 2166.2 1923.8 1973.8 2052.8 2157.9 2110.1 2113.8 2143.7 2120.4 2127.6 2178.0 2222.1 2219.4 2219.0 2204.9 2155.8 2184.1 2098.4 2140.2 2228.0 2250.3 2186.3 2103.6 2023.6 1985.2 2041.2 2180.5 2190.5 2217.8 2241.8 2283.5
-999.0 -999.0 -999.0 -999.0 -999.0 -999.0 -999.0 -999.0 -999.0 -999.0 -999.0 -999.0 -999.0 -999.0 -999.0 -999.0 -999.0 -999.0 -999.0 -999.0 2277.4 2040.9 1420.8 1882.8 2219.3 1945.4 1867.5 1694.9 1540.9 1619.3 1981.0 2115.5 2070.2 2166.2 2050.0 2001.7 1932.2 1915.5 2102.3 2085.9 2093.3 2080.4 2041.0 2151.2 2163.2 2111.1 2138.3 2123.5 2140.0 2226.6 2223.4 2223.4 2222.3 2221.2 2229.1 2216.7 2230.3 2168.4 2147.4 2206.0 2216.8 2124.2 2012.8 1941.5 2046.3 2043.9 2087.1 2164.4 2244.9 2173.6 2280.6
-999.0 -999.0 -999.0 -999.0 -999.0 -999.0 -999.0 -999.0 -999.0 -999.0 -999.0 -999.0 -999.0 -999.0 -999.0 -999.0 -999.0 -999.0 -999.0 -999.0 2317.1 1877.4 2284.0 1982.0 1993.4 1832.7 1812.3 1406.5 1619.6 1541.9 1858.6 2007.0 2156.9 2164.2 2059.0 1813.8 1701.3 1588.9 2012.1 1873.5 2001.8 2015.4 2055.3 2202.7 2164.3 2142.9 2164.4 2156.1 2231.3 2263.2 2162.4 2181.7 2228.7 2214.9 2118.5 2250.0 2232.0 2204.0 2209.1 2244.5 2215.7 2115.0 2067.4 2060.8 2095.6 2114.4 2202.8 2230.8 2198.4 2201.4 2304.6
-999.0 -999.0 -999.0 -999.0 -999.0 -999.0 -999.0 -999.0 -999.0 -999.0 -999.0 -999.0 -999.0 -999.0 -999.0 -999.0 -999.0 -999.0 -999.0 -999.0 -999.0 2256.3 1910.1 1616.1 1398.0 1309.8 1560.1 1579.6 1781.5 2067.5 2100.8 2154.5 2063.9 2042.6 2101.3 1962.6 1951.6 1663.0 1861.9 1968.6 2011.1 1921.5 1978.4 2182.1 2090.4 2186.8 2228.9 2074.8 2257.7 2279.9 2281.9 2228.0 2247.6 2231.9 2096.0 2166.4 2244.4 2196.6 2217.7 2231.4 2181.6 2099.1 2135.7 2164.7 2224.1 2172.1 2255.2 2174.6 2189.3 2286.3 2324.7
