GDD/GrowingDegreeDays_1999_Actual.txt
ncols         180
nrows         290
xllcorner     -200000
yllcorner     -200000
cellsize      5000
NODATA_value    -999
[rows 96 to 127 of 290, columns 71 to 141 of 180]
1304.5 1369.8 1566.7 1677.5 1272.9 1579.3 894.1 922.4 1223.0 1514.5 989.5 536.1 524.7 473.6 794.9 924.1 987.8 684.6 775.0 634.5 589.1 921.7 938.2 955.9 1222.4 1076.9 1248.2 965.2 758.7 861.4 780.2 876.8 935.7 847.5 787.2 914.8 992.8 845.5 844.9 1241.2 1372.1 1489.4 1507.4 1264.6 1323.6 -999.0 -999.0 -999.0 -999.0 -999.0 -999.0 -999.0 -999.0 -999.0 -999.0 -999.0 -999.0 -999.0 -999.0 -999.0 -999.0 -999.0 -999.0 -999.0 -999.0 -999.0 -999.0 -999.0 -999.0 -999.0 -999.0
1284.8 1150.8 1596.8 1663.2 1262.3 1480.1 1072.8 1222.0 1503.6 1585.5 1152.0 711.3 1457.6 721.2 946.4 772.2 999.4 753.2 1051.5 867.6 971.4 991.6 541.6 1019.8 991.8 1092.3 1106.0 1146.6 780.4 988.7 1110.5 1016.3 774.7 979.4 880.3 1066.0 1018.6 1077.1 1196.4 1393.6 1383.7 1359.6 1398.8 1509.1 -999.0 -999.0 -999.0 -999.0 -999.0 -999.0 -999.0 -999.0 -999.0 -999.0 -999.0 -999.0 -999.0 -999.0 -999.0 -999.0 -999.0 -999.0 -999.0 -999.0 -999.0 -999.0 -999.0 -999.0 -999.0 -999.0 -999.0
1347.3 1573.4 1026.3 1231.6 1186.3 864.2 600.6 1509.7 1645.7 750.2 1322.6 1413.3 716.3 906.4 675.6 900.9 691.9 1132.9 1240.3 1311.6 1278.4 1288.5 1235.2 953.8 1243.2 1025.6 923.1 1221.3 1051.7 924.3 1145.9 1150.5 1006.5 1017.5 1150.4 1052.7 1162.8 1363.1 1444.8 1490.5 1375.2 1463.9 1517.0 1486.5 -999.0 -999.0 -999.0 -999.0 -999.0 -999.0 -999.0 -999.0 -999.0 -999.0 -999.0 -999.0 -999.0 -999.0 -999.0 -999.0 -999.0 -999.0 -999.0 -999.0 -999.0 -999.0 -999.0 -999.0 -999.0 -999.0 -999.0
1310.0 970.2 1355.2 1172.6 1121.0 1560.4 1569.4 -999.0 1313.6 700.4 951.4 629.5 1107.0 1267.6 995.5 1096.1 1120.5 1094.8 1029.0 953.5 878.1 769.5 479.4 714.5 997.8 973.3 1277.6 1393.8 1502.0 1033.9 949.6 1162.0 1169.3 1145.2 1337.1 1304.4 1372.3 1443.4 1447.0 1436.3 1427.2 1356.6 1344.1 -999.0 -999.0 -999.0 -999.0 -999.0 -999.0 -999.0 -999.0 -999.0 -999.0 -999.0 -999.0 -999.0 -999.0 -999.0 -999.0 -999.0 -999.0 -999.0 -999.0 -999.0 -999.0 -999.0 -999.0 -999.0 -999.0 -999.0 -999.0
1658.1 1382.3 1239.8 1364.1 1018.9 1444.2 -999.0 1584.7 1363.2 1633.1 1172.5 1351.0 951.2 506.4 1015.7 918.4 1056.7 754.1 578.0 703.6 938.8 1315.4 1198.3 1339.7 1067.9 1155.3 1162.9 1021.0 1101.1 1148.1 1076.1 1212.2 1371.0 1370.0 1484.7 1492.1 1408.2 1370.1 1407.1 1422.9 1426.5 1513.6 1461.9 -999.0 -999.0 -999.0 -999.0 -999.0 -999.0 -999.0 -999.0 -999.0 -999.0 -999.0 -999.0 -999.0 -999.0 -999.0 -999.0 -999.0 -999.0 -999.0 -999.0 -999.0 -999.0 -999.0 -999.0 -999.0 -999.0 -999.0 -999.0
1615.7 1453.8 1660.1 1215.0 1510.3 -999.0 1620.5 1603.5 1473.2 514.6 966.9 368.4 888.2 1158.6 1294.7 919.0 826.8 959.3 772.9 1030.2 810.6 681.5 835.7 1352.9 1029.7 842.3 806.3 1062.1 1059.0 1538.3 1298.4 1462.6 1522.4 1544.9 1531.1 1268.0 1275.2 1267.7 1325.7 1335.5 1416.9 1492.8 1548.3 -999.0 -999.0 -999.0 -999.0 -999.0 -999.0 -999.0 -999.0 -999.0 -999.0 -999.0 -999.0 -999.0 -999.0 -999.0 -999.0 -999.0 -999.0 -999.0 -999.0 -999.0 -999.0 -999.0 -999.0 -999.0 -999.0 -999.0 -999.0
1662.4 1602.5 905.6 1680.9 -999.0 1648.6 -999.0 1253.5 1099.0 880.5 1609.1 639.3 947.6 917.4 1108.9 440.7 945.4 432.8 959.8 1029.2 559.3 1145.0 1542.4 933.4 590.1 574.7 1146.5 1154.5 1121.5 1238.1 1423.7 1496.3 1499.4 1489.7 1156.3 1364.0 1396.8 1436.5 1416.3 1439.9 1547.1 1562.0 -999.0 -999.0 -999.0 -999.0 -999.0 -999.0 -999.0 -999.0 -999.0 -999.0 -999.0 -999.0 -999.0 -999.0 -999.0 -999.0 -999.0 -999.0 -999.0 -999.0 -999.0 -999.0 -999.0 -999.0 -999.0 -999.0 -999.0 -999.0 -999.0
726.1 893.7 1239.3 1668.7 -999.0 -999.0 1611.6 1581.9 1602.7 1523.1 1103.8 560.0 1398.5 1133.9 495.5 830.6 837.3 576.0 555.4 775.2 1376.3 799.2 802.1 588.1 776.3 1018.4 753.9 753.2 1120.2 1359.8 1537.0 1521.3 1389.3 1096.3 1361.2 1497.0 1478.6 1604.3 1595.9 1582.8 -999.0 -999.0 -999.0 -999.0 -999.0 -999.0 -999.0 -999.0 -999.0 -999.0 -999.0 -999.0 -999.0 -999.0 -999.0 -999.0 -999.0 -999.0 -999.0 -999.0 -999.0 -999.0 -999.0 -999.0 -999.0 -999.0 -999.0 -999.0 -999.0 -999.0 -999.0
1012.8 1357.8 1555.1 1648.4 -999.0 1656.7 1534.8 1371.8 1147.6 1385.3 1120.7 1494.0 1511.2 1206.7 888.2 1007.2 1214.7 1242.5 1104.6 903.6 637.0 1094.1 875.6 967.5 810.1 731.2 984.9 1067.0 1290.1 1458.2 1536.7 1542.5 1320.4 1398.5 1591.7 1622.5 1655.3 1593.1 1612.8 -999.0 -999.0 -999.0 -999.0 -999.0 -999.0 -999.0 -999.0 -999.0 -999.0 -999.0 -999.0 -999.0 -999.0 -999.0 -999.0 -999.0 -999.0 -999.0 -999.0 -999.0 -999.0 -999.0 -999.0 -999.0 -999.0 -999.0 -999.0 -999.0 -999.0 -999.0 -999.0
1500.2 1177.6 1437.1 -999.0 -999.0 1633.3 1159.6 1287.4 1041.1 1345.7 1542.1 1260.3 840.3 843.5 965.4 1086.1 986.1 701.7 1093.3 875.3 1267.4 1126.1 869.4 1231.2 1504.9 1511.0 1375.6 1476.4 1543.7 1505.1 1512.7 1669.2 1523.9 1585.9 1634.1 1454.7 1552.4 1496.0 1553.8 -999.0 -999.0 -999.0 -999.0 -999.0 -999.0 -999.0 -999.0 -999.0 -999.0 -999.0 -999.0 -999.0 -999.0 -999.0 -999.0 -999.0 -999.0 -999.0 -999.0 -999.0 -999.0 -999.0 -999.0 -999.0 -999.0 -999.0 -999.0 -999.0 -999.0 -999.0 -999.0
-999.0 -999.0 -999.0 -999.0 1610.3 1245.1 1247.3 1116.5 1186.8 1092.4 820.9 886.6 689.6 1193.4 849.5 1414.2 745.2 1334.6 618.1 1172.0 942.6 558.0 1068.0 1323.9 1158.6 1259.0 1512.6 1510.8 1600.5 1664.3 1584.7 1676.3 1673.4 1547.5 1551.7 1556.0 1526.5 1612.9 1554.4 1621.3 -999.0 -999.0 -999.0 -999.0 -999.0 -999.0 -999.0 -999.0 -999.0 -999.0 -999.0 -999.0 -999.0 -999.0 -999.0 -999.0 -999.0 -999.0 -999.0 -999.0 -999.0 -999.0 -999.0 -999.0 -999.0 -999.0 -999.0 -999.0 -999.0 -999.0 -999.0
-999.0 -999.0 -999.0 -999.0 1578.0 1616.2 1220.1 1087.2 1478.4 964.2 1236.2 1495.7 1065.6 816.4 877.3 1558.5 803.1 928.0 874.8 1158.3 798.8 1004.4 940.7 764.9 1084.5 1204.7 1304.5 1407.3 1418.6 1349.5 1318.4 1218.4 1298.0 1499.3 1639.4 1607.4 1401.7 1553.4 1406.7 1487.7 1524.5 -999.0 -999.0 -999.0 -999.0 -999.0 -999.0 -999.0 -999.0 -999.0 -999.0 -999.0 -999.0 -999.0 -999.0 -999.0 -999.0 -999.0 -999.0 -999.0 -999.0 -999.0 -999.0 -999.0 -999.0 -999.0 -999.0 -999.0 -999.0 -999.0 -999.0
-999.0 -999.0 -999.0 1600.0 1587.6 1531.3 1165.0 1375.9 1126.6 1109.2 1290.9 1531.3 987.8 924.5 657.4 1456.8 912.0 1105.0 1069.3 1153.4 995.4 1459.0 1329.9 1249.1 1292.4 1480.2 1295.4 1104.2 894.1 1007.2 1096.5 1256.8 1389.3 1299.3 1628.7 1480.9 1407.4 1400.4 1413.8 1454.4 1507.1 1588.8 -999.0 -999.0 -999.0 -999.0 -999.0 -999.0 -999.0 -999.0 -999.0 -999.0 -999.0 -999.0 -999.0 -999.0 -999.0 -999.0 -999.0 -999.0 -999.0 -999.0 -999.0 -999.0 -999.0 -999.0 -999.0 -999.0 -999.0 -999.0 -999.0
-999.0 -999.0 1602.4 -999.0 1551.9 1384.0 1524.5 1126.8 954.6 1492.8 1608.2 1194.7 764.0 1109.7 1668.1 1388.6 485.2 1356.2 1382.0 1271.5 1205.0 1394.4 1475.7 1586.9 1528.9 1220.3 823.8 889.5 1080.8 1186.6 1364.3 1386.7 1425.4 1329.4 1468.4 1475.0 1583.2 1669.5 1651.0 1643.9 1645.7 -999.0 -999.0 -999.0 -999.0 -999.0 -999.0 -999.0 -999.0 -999.0 -999.0 -999.0 -999.0 -999.0 -999.0 -999.0 -999.0 -999.0 -999.0 -999.0 -999.0 -999.0 -999.0 -999.0 -999.0 -999.0 -999.0 -999.0 -999.0 -999.0 -999.0
-999.0 1644.4 1209.9 -999.0 1642.3 1612.7 1465.6 1390.2 1410.7 1408.8 902.1 1474.2 962.5 939.3 962.4 1296.1 1542.8 797.0 1352.2 1552.6 1625.9 1629.3 1669.4 1711.7 1744.4 1389.6 1561.6 1597.2 1611.3 1447.4 1297.0 1411.9 1427.8 1499.8 1553.8 1527.8 1637.4 -999.0 -999.0 -999.0 -999.0 -999.0 -999.0 -999.0 -999.0 -999.0 -999.0 -999.0 -999.0 -999.0 -999.0 -999.0 -999.0 -999.0 -999.0 -999.0 -999.0 -999.0 -999.0 -999.0 -999.0 -999.0 -999.0 -999.0 -999.0 -999.0 -999.0 -999.0 -999.0 -999.0 -999.0
1643.7 1391.5 1516.1 -999.0 1279.3 1655.9 1357.7 1460.0 1673.6 1043.5 1053.9 914.1 864.8 1630.7 1037.5 1048.6 1661.3 1328.5 1241.4 1476.2 1449.6 1376.5 1325.7 1266.8 1708.9 1730.4 1720.3 1634.9 1533.9 1440.4 1329.3 1418.9 1452.2 1453.4 1570.3 -999.0 -999.0 -999.0 -999.0 -999.0 -999.0 -999.0 -999.0 -999.0 -999.0 -999.0 -999.0 -999.0 -999.0 -999.0 -999.0 -999.0 -999.0 -999.0 -999.0 -999.0 -999.0 -999.0 -999.0 -999.0 -999.0 -999.0 -999.0 -999.0 -999.0 -999.0 -999.0 -999.0 -999.0 -999.0 -999.0
939.8 1420.4 -999.0 1615.3 1611.7 1214.4 1467.9 1654.0 1059.2 1369.2 1031.0 951.3 1227.2 1408.8 1056.4 1070.8 1727.0 1726.1 1671.4 1580.5 1456.3 1383.3 1163.0 1094.9 1421.8 1592.4 1702.0 1734.0 1600.5 1595.1 1536.6 1517.2 1354.1 1355.6 1600.6 -999.0 -999.0 -999.0 -999.0 -999.0 -999.0 -999.0 -999.0 -999.0 -999.0 -999.0 -999.0 -999.0 -999.0 -999.0 -999.0 -999.0 -999.0 -999.0 -999.0 -999.0 -999.0 -999.0 -999.0 -999.0 -999.0 -999.0 -999.0 -999.0 -999.0 -999.0 -999.0 -999.0 -999.0 -999.0 -999.0
1695.3 1688.3 -999.0 1656.8 1016.2 1370.6 -999.0 1536.6 1131.0 1371.3 1129.3 1240.4 1149.0 1655.3 1668.5 1463.5 1575.4 1582.0 1449.0 1615.3 874.5 900.8 1057.5 1085.1 1381.0 1656.0 1651.4 1769.9 1817.0 1737.7 1710.9 1623.5 1680.0 -999.0 -999.0 -999.0 -999.0 -999.0 1563.4 1605.2 1602.9 1699.0 -999.0 -999.0 -999.0 -999.0 -999.0 -999.0 -999.0 -999.0 -999.0 -999.0 -999.0 -999.0 -999.0 -999.0 -999.0 -999.0 -999.0 -999.0 -999.0 -999.0 -999.0 -999.0 -999.0 -999.0 -999.0 -999.0 -999.0 -999.0 -999.0
1419.4 -999.0 -999.0 1229.1 1659.6 1078.7 -999.0 1562.5 1037.6 1446.0 1718.4 931.7 1695.7 1791.7 1787.5 1726.1 1542.6 1381.6 1135.2 1409.3 1394.5 1511.4 1501.0 1538.1 1443.1 1461.7 1468.1 1571.7 1687.3 1604.3 1547.6 1595.4 1687.9 1713.5 1700.9 -999.0 -999.0 1675.9 1626.6 1563.5 1675.2 1685.2 1684.8 1698.8 -999.0 -999.0 -999.0 -999.0 -999.0 -999.0 -999.0 -999.0 -999.0 -999.0 -999.0 -999.0 -999.0 -999.0 -999.0 -999.0 -999.0 -999.0 -999.0 -999.0 -999.0 -999.0 -999.0 -999.0 -999.0 -999.0 -999.0
1738.3 -999.0 -999.0 1680.2 1399.1 1185.1 1696.1 1389.9 1590.0 1463.1 1381.8 1270.1 1733.9 1598.3 1355.0 1390.5 1437.8 1652.1 1631.8 1567.1 1617.7 1567.5 1563.1 1546.4 1459.0 1376.5 1397.0 1489.3 1371.8 1335.7 1543.6 1634.4 1639.2 1654.8 1574.2 1672.8 1634.9 1548.0 1557.8 1638.3 1553.7 1355.7 1399.4 1298.6 1671.0 -999.0 -999.0 -999.0 -999.0 -999.0 -999.0 -999.0 -999.0 -999.0 -999.0 -999.0 -999.0 -999.0 -999.0 -999.0 -999.0 -999.0 -999.0 -999.0 -999.0 -999.0 -999.0 -999.0 -999.0 -999.0 -999.0
-999.0 -999.0 -999.0 1425.9 1090.4 1491.4 1357.7 1697.4 1396.8 1525.0 1774.0 1773.8 -999.0 1369.8 1091.5 1435.7 1573.3 1693.5 1678.7 1714.3 1706.9 1569.2 1580.4 1540.9 1362.7 1349.6 1316.6 1386.7 1440.6 1444.6 1511.6 1504.7 1492.8 1380.6 1515.1 1636.3 1446.5 1502.1 1479.4 1509.4 1358.4 1196.2 1203.2 1161.1 1356.7 1301.0 1241.4 1606.1 -999.0 -999.0 -999.0 -999.0 -999.0 -999.0 -999.0 -999.0 -999.0 -999.0 -999.0 -999.0 -999.0 -999.0 -999.0 -999.0 -999.0 -999.0 -999.0 -999.0 -999.0 -999.0 -999.0
-999.0 -999.0 -999.0 1418.6 1542.5 1669.6 1122.9 1714.6 -999.0 1746.7 1620.6 1777.5 -999.0 1319.7 958.6 1348.0 1441.2 1646.8 1717.9 1694.8 1707.9 1776.7 1727.5 1633.0 1517.4 1311.0 1269.2 1253.4 1357.4 1351.5 1269.2 1225.6 1097.6 1215.9 1473.8 1582.7 1425.9 1394.5 1363.7 994.1 946.5 1153.9 1182.7 1283.5 1326.9 1325.0 1519.9 1519.2 -999.0 -999.0 -999.0 -999.0 -999.0 -999.0 -999.0 -999.0 -999.0 -999.0 -999.0 -999.0 -999.0 -999.0 -999.0 -999.0 -999.0 -999.0 -999.0 -999.0 -999.0 -999.0 -999.0
-999.0 -999.0 -999.0 -999.0 1558.1 1374.1 1512.6 1763.7 -999.0 -999.0 1659.8 1752.6 1641.1 1381.1 1152.6 1542.3 1473.7 1328.1 1472.5 1518.1 1611.4 1447.2 1645.8 1741.7 1606.7 1474.7 1304.8 1224.3 1105.3 1215.4 1059.6 1038.4 1187.5 1270.0 1268.6 1342.9 1288.0 1179.0 1104.4 1146.9 988.5 1139.0 1219.6 1279.3 1575.0 1574.8 1463.9 1415.5 1435.0 -999.0 -999.0 -999.0 -999.0 -999.0 -999.0 -999.0 -999.0 -999.0 -999.0 -999.0 -999.0 -999.0 -999.0 -999.0 -999.0 -999.0 -999.0 -999.0 -999.0 -999.0 -999.0
-999.0 -999.0 -999.0 1747.2 1467.0 1400.9 -999.0 -999.0 -999.0 -999.0 -999.0 1733.1 1754.7 1319.6 1443.0 1665.2 1504.4 1345.2 1250.2 1355.9 1469.6 1444.2 1407.9 1530.4 1659.8 1436.2 1228.9 1277.5 1256.2 1208.8 1068.3 1145.5 1245.5 1203.6 1216.7 1000.6 1059.5 1201.5 1239.2 1346.3 1172.1 1218.5 1315.2 1308.3 1541.3 1607.2 1595.4 1581.3 1562.8 -999.0 -999.0 -999.0 -999.0 -999.0 -999.0 -999.0 -999.0 -999.0 -999.0 -999.0 -999.0 -999.0 -999.0 -999.0 -999.0 -999.0 -999.0 -999.0 -999.0 -999.0 -999.0
-999.0 1682.2 -999.0 1334.4 1476.2 1732.5 1803.0 1450.9 1326.5 -999.0 -999.0 -999.0 1744.2 1510.0 1583.1 1618.5 1586.6 1466.0 1300.1 1235.2 1208.5 1204.7 1315.9 1355.7 1437.7 1654.6 1288.7 1334.8 1325.0 1302.3 1331.1 1303.6 1091.3 1209.5 1005.3 805.5 916.3 1121.0 1150.4 1393.1 1317.0 1352.3 1354.6 1359.7 1554.7 1611.8 1631.2 1594.2 1526.4 1532.0 -999.0 -999.0 -999.0 -999.0 -999.0 -999.0 -999.0 -999.0 -999.0 -999.0 -999.0 -999.0 -999.0 -999.0 -999.0 -999.0 -999.0 -999.0 -999.0 -999.0 -999.0
-999.0 -999.0 1737.1 1291.2 1461.6 1779.3 1383.8 1192.4 1087.8 1720.7 -999.0 -999.0 -999.0 1728.1 1694.7 1735.5 1685.6 1604.8 1518.6 1332.8 1294.6 1306.0 1387.8 1384.4 1370.3 1368.1 1434.4 1394.0 1373.6 1220.3 1268.6 1049.8 1356.4 1250.1 1342.8 1307.2 950.1 979.9 1197.8 1309.1 1442.5 1478.8 1484.0 1489.6 1588.7 1609.1 1656.9 1579.1 1515.1 1562.8 1612.6 -999.0 -999.0 -999.0 -999.0 -999.0 -999.0 -999.0 -999.0 -999.0 -999.0 -999.0 -999.0 -999.0 -999.0 -999.0 -999.0 -999.0 -999.0 -999.0 -999.0
-999.0 -999.0 1567.2 1423.0 1230.0 1773.7 1781.0 1340.2 1254.7 1822.3 -999.0 -999.0 -999.0 -999.0 -999.0 1736.6 1736.6 1727.6 1702.5 1605.4 1530.9 1358.5 1129.3 1151.3 1276.8 1345.1 1419.8 1312.6 1341.9 1319.1 1354.3 1126.4 1403.4 1317.8 1277.3 1363.2 1540.6 1371.8 1469.0 1366.3 1532.0 1453.1 1522.2 1679.3 1696.3 1679.7 1649.8 1662.5 1467.6 1489.8 1577.4 1670.2 -999.0 -999.0 -999.0 -999.0 -999.0 -999.0 -999.0 -999.0 -999.0 -999.0 -999.0 -999.0 -999.0 -999.0 -999.0 -999.0 -999.0 -999.0 -999.0
-999.0 -999.0 1460.0 1261.8 1371.8 -999.0 1778.2 1695.0 1047.1 1645.0 -999.0 -999.0 -999.0 -999.0 -999.0 1736.3 1672.1 1533.8 1612.3 1415.4 1213.6 1235.1 1078.8 1041.5 1113.1 1290.3 1207.7 1278.9 1339.7 1183.4 1108.9 1414.5 714.8 1198.7 983.8 1275.9 1107.2 1172.4 1534.3 1355.2 1482.3 1554.3 1648.5 1620.5 1503.3 1449.4 1542.4 1500.3 1676.8 1528.4 1401.0 1633.0 1613.8 1681.6 -999.0 -999.0 -999.0 -999.0 -999.0 -999.0 -999.0 -999.0 -999.0 -999.0 -999.0 -999.0 -999.0 -999.0 -999.0 -999.0 -999.0
-999.0 -999.0 1491.5 1480.3 1673.3 -999.0 -999.0 1383.6 1136.3 1290.0 -999.0 -999.0 -999.0 -999.0 -999.0 1756.1 1761.9 1587.4 1584.4 1485.6 1306.7 1401.4 1287.1 1264.9 1106.3 1198.4 1176.1 1238.4 1059.7 776.0 953.1 1093.2 619.4 781.4 1153.1 1121.8 1316.7 1521.7 1424.9 1367.2 1479.4 1453.1 1482.4 1609.3 1539.1 1516.5 1369.6 1134.6 1373.9 1509.8 1480.0 1468.3 1641.8 1686.5 -999.0 -999.0 -999.0 -999.0 -999.0 -999.0 -999.0 -999.0 -999.0 -999.0 -999.0 -999.0 -999.0 -999.0 -999.0 -999.0 -999.0
-999.0 -999.0 1661.4 1593.6 -999.0 -999.0 -999.0 1745.4 1561.2 1469.4 -999.0 -999.0 -999.0 -999.0 -999.0 1744.1 1698.3 1619.4 1570.5 1517.9 1426.5 1303.2 1027.5 931.4 1124.8 1061.6 1243.0 1247.4 1211.9 951.7 1247.0 839.3 938.9 1100.9 1021.1 985.0 1406.1 1263.8 1450.0 1367.4 1394.1 1591.7 1477.4 1414.2 1396.0 1451.7 981.2 979.0 1096.4 1500.2 1479.9 1460.3 1573.2 1608.1 -999.0 -999.0 -999.0 -999.0 -999.0 -999.0 -999.0 -999.0 -999.0 -999.0 -999.0 -999.0 -999.0 -999.0 -999.0 -999.0 -999.0
-999.0 1354.5 1486.4 1205.1 1801.8 -999.0 -999.0 -999.0 -999.0 -999.0 -999.0 -999.0 -999.0 -999.0 1550.2 1625.8 1541.3 1544.4 1488.0 1391.0 1416.2 1244.1 1185.9 1018.9 1169.8 1210.8 1036.5 1123.3 959.9 894.9 911.1 714.8 781.8 1158.6 1080.6 1027.4 1152.1 1299.2 1284.0 1492.4 1405.2 1350.1 1520.0 1371.2 1353.4 1102.1 1072.3 877.4 1081.0 1503.5 1545.0 1615.4 1543.2 1578.6 -999.0 -999.0 -999.0 -999.0 -999.0 -999.0 -999.0 -999.0 -999.0 -999.0 -999.0 -999.0 -999.0 -999.0 -999.0 -999.0 -999.0
-999.0 1258.5 1331.9 1471.4 1785.9 -999.0 -999.0 -999.0 -999.0 -999.0 -999.0 -999.0 -999.0 -999.0 1297.4 1660.4 1519.8 1337.8 1209.6 1237.4 1335.7 1330.3 1283.8 1445.1 1308.5 1033.8 1008.0 1105.5 1102.1 1201.3 1314.2 758.3 1151.9 1106.5 1147.8 1135.0 1211.2 1339.1 1516.9 1291.6 1357.5 1378.7 1405.0 1336.1 1153.7 1038.2 1147.4 1067.4 1126.2 1477.5 1643.9 1641.8 1468.1 1658.8 -999.0 -999.0 -999.0 -999.0 -999.0 -999.0 -999.0 -999.0 -999.0 -999.0 -999.0 -999.0 -999.0 -999.0 -999.0 -999.0 -999.0
