GDD/GrowingDegreeDays_1970_Actual.txt
ncols         180
nrows         290
xllcorner     -200000
yllcorner     -200000
cellsize      5000
NODATA_value    -999
[rows 160 to 191 of 290, columns 71 to 141 of 180]
-999.0 -999.0 -999.0 -999.0 -999.0 -999.0 -999.0 -999.0 -999.0 -999.0 -999.0 -999.0 -999.0 -999.0 -999.0 -999.0 -999.0 -999.0 -999.0 -999.0 -999.0 -999.0 -999.0 -999.0 -999.0 -999.0 -999.0 -999.0 -999.0 -999.0 -999.0 -999.0 -999.0 -999.0 -999.0 1718.5 1702.6 1686.8 1651.5 1427.5 1324.3 1113.4 1347.4 1240.5 1583.5 1486.1 1494.4 1384.9 1326.6 1387.8 1329.8 1622.4 1610.7 1604.0 1621.4 1658.6 1591.2 1664.5 1686.6 1687.5 1723.4 1738.5 1704.4 1666.5 1645.3 1630.8 1519.9 1572.7 1638.8 1672.1 1678.2
-999.0 -999.0 -999.0 -999.0 -999.0 -999.0 -999.0 -999.0 -999.0 -999.0 -999.0 -999.0 -999.0 -999.0 -999.0 -999.0 -999.0 -999.0 -999.0 -999.0 -999.0 -999.0 -999.0 -999.0 -999.0 -999.0 -999.0 -999.0 -999.0 -999.0 -999.0 -999.0 -999.0 -999.0 -999.0 1736.6 1713.1 1725.4 1755.0 1684.9 1420.0 1578.5 1546.4 1636.0 1524.5 1298.5 1421.3 1286.8 1332.9 1283.9 1604.5 1387.0 1570.9 1493.3 1543.6 1546.9 1627.8 1648.1 1680.3 1700.8 1709.5 1711.6 1669.8 1631.9 1639.0 1652.1 1635.9 1565.7 1625.6 1681.6 1691.8
-999.0 -999.0 -999.0 -999.0 -999.0 -999.0 -999.0 -999.0 -999.0 -999.0 -999.0 -999.0 -999.0 -999.0 -999.0 -999.0 -999.0 -999.0 -999.0 -999.0 -999.0 -999.0 -999.0 -999.0 -999.0 -999.0 -999.0 -999.0 -999.0 -999.0 -999.0 -999.0 -999.0 -999.0 -999.0 1746.1 1734.0 1684.0 1783.2 1734.0 1634.5 1590.3 1621.0 1673.8 1550.9 1458.0 1449.5 1295.6 1177.2 1399.6 1489.1 1667.9 1582.4 1747.8 1695.8 1644.6 1604.7 1647.3 1661.4 1695.1 1680.6 1687.1 1661.9 1634.2 1641.2 1655.8 1657.9 1598.7 1575.3 1685.4 1765.1
-999.0 -999.0 -999.0 -999.0 -999.0 -999.0 -999.0 -999.0 -999.0 -999.0 -999.0 -999.0 -999.0 -999.0 -999.0 -999.0 -999.0 -999.0 -999.0 -999.0 -999.0 -999.0 -999.0 -999.0 -999.0 -999.0 -999.0 -999.0 -999.0 -999.0 -999.0 -999.0 -999.0 -999.0 -999.0 1762.0 1709.4 1686.7 1739.2 1734.8 1705.4 1704.8 1619.3 1510.9 1643.9 1570.6 1469.1 1139.3 1139.6 1152.2 1326.3 1535.3 1629.3 1618.2 1734.6 1785.8 1686.9 1629.2 1689.5 1703.9 1694.1 1706.0 1688.0 1670.6 1675.6 1690.9 1704.0 1623.4 1598.7 1764.1 1855.0
-999.0 -999.0 -999.0 -999.0 -999.0 -999.0 -999.0 -999.0 -999.0 -999.0 -999.0 -999.0 -999.0 -999.0 -999.0 -999.0 -999.0 -999.0 -999.0 -999.0 -999.0 -999.0 -999.0 -999.0 -999.0 -999.0 -999.0 -999.0 -999.0 -999.0 -999.0 -999.0 -999.0 -999.0 -999.0 1757.8 1749.3 1753.1 1789.8 1778.8 1769.9 1669.1 1640.7 1537.4 1478.8 1316.1 1216.3 1141.3 1311.3 1249.9 1432.4 1511.2 1640.8 1513.6 1623.3 1749.6 1793.0 1781.2 1752.0 1743.6 1722.1 1718.6 1721.3 1712.5 1711.1 1727.2 1723.9 1737.0 1710.8 1803.3 1872.2
-999.0 -999.0 -999.0 -999.0 -999.0 -999.0 -999.0 -999.0 -999.0 -999.0 -999.0 -999.0 -999.0 -999.0 -999.0 -999.0 -999.0 -999.0 -999.0 -999.0 -999.0 -999.0 -999.0 -999.0 -999.0 -999.0 -999.0 -999.0 -999.0 -999.0 -999.0 -999.0 -999.0 -999.0 -999.0 -999.0 1763.8 1765.5 1786.4 1792.9 1697.3 1511.3 1471.7 1420.7 1471.2 1479.3 1312.3 1323.5 1240.4 1355.1 1585.0 1776.3 1713.2 1652.6 1633.4 1783.0 1784.1 1723.6 1741.2 1774.7 1733.3 1745.4 1751.9 1749.0 1740.2 1741.2 1736.2 1728.7 1763.8 1789.2 1823.1
-999.0 -999.0 -999.0 -999.0 -999.0 -999.0 -999.0 -999.0 -999.0 -999.0 -999.0 -999.0 -999.0 -999.0 -999.0 -999.0 -999.0 -999.0 -999.0 -999.0 -999.0 -999.0 -999.0 -999.0 -999.0 -999.0 -999.0 -999.0 -999.0 -999.0 -999.0 -999.0 -999.0 -999.0 -999.0 1801.4 1767.6 1777.4 1795.4 1777.6 1703.0 1398.6 1352.7 1466.6 1282.1 1308.3 1368.8 1376.6 1155.5 1338.4 1383.9 1618.3 1781.5 1611.6 1747.6 1832.6 1739.7 1725.7 1777.5 1750.7 1769.4 1776.1 1771.9 1765.0 1755.0 1749.7 1650.7 1713.8 1741.6 1654.0 1693.1
-999.0 -999.0 -999.0 -999.0 -999.0 -999.0 -999.0 -999.0 -999.0 -999.0 -999.0 -999.0 -999.0 -999.0 -999.0 -999.0 -999.0 -999.0 -999.0 -999.0 -999.0 -999.0 -999.0 -999.0 -999.0 -999.0 -999.0 -999.0 -999.0 -999.0 -999.0 -999.0 -999.0 -999.0 -999.0 1801.7 1797.9 1786.8 1793.9 1650.6 1701.9 1618.6 1392.6 1606.1 1566.8 1517.6 1580.5 1546.0 1308.6 1374.7 1407.2 1681.5 1563.0 1485.7 1699.0 1644.2 1702.3 1668.2 1714.0 1750.2 1803.5 1816.1 1804.8 1789.3 1762.5 1770.3 1755.0 1696.3 1747.5 1702.7 1641.0
-999.0 -999.0 -999.0 -999.0 -999.0 -999.0 -999.0 -999.0 -999.0 -999.0 -999.0 -999.0 -999.0 -999.0 -999.0 -999.0 -999.0 -999.0 -999.0 -999.0 -999.0 -999.0 -999.0 -999.0 -999.0 -999.0 -999.0 -999.0 -999.0 -999.0 -999.0 -999.0 -999.0 -999.0 1772.4 1804.3 1810.3 1717.2 1729.8 1722.3 1756.7 1678.9 1652.7 1698.9 1724.1 1725.6 1678.4 1580.6 1346.8 1184.4 1148.3 1440.5 1350.9 1424.0 1650.7 1663.4 1756.7 1731.2 1729.5 1789.8 1835.3 1853.2 1848.3 1818.1 1778.4 1787.3 1767.7 1746.3 1740.8 1722.6 1577.6
-999.0 -999.0 -999.0 -999.0 -999.0 -999.0 -999.0 -999.0 -999.0 -999.0 -999.0 -999.0 -999.0 -999.0 -999.0 -999.0 -999.0 -999.0 -999.0 -999.0 -999.0 -999.0 -999.0 -999.0 -999.0 -999.0 -999.0 -999.0 -999.0 -999.0 -999.0 -999.0 -999.0 -999.0 -999.0 1783.9 1840.8 1805.7 1780.0 1644.8 1808.7 1810.0 1808.1 1798.1 1790.2 1820.6 1789.9 1689.9 1587.3 1268.7 1131.0 1079.9 1319.1 1349.9 1497.1 1637.6 1646.5 1811.8 1815.0 1760.5 1857.0 1902.6 1906.1 1848.2 1798.6 1791.3 1772.4 1736.1 1733.0 1710.2 1644.8
-999.0 -999.0 -999.0 -999.0 -999.0 -999.0 -999.0 -999.0 -999.0 -999.0 -999.0 -999.0 -999.0 -999.0 -999.0 -999.0 -999.0 -999.0 -999.0 -999.0 -999.0 -999.0 -999.0 -999.0 -999.0 -999.0 -999.0 -999.0 -999.0 -999.0 -999.0 -999.0 -999.0 -999.0 -999.0 1841.9 1858.8 1875.5 1860.4 1831.4 1828.1 1829.5 1864.3 1870.9 1930.0 1947.5 1903.9 1798.9 1606.1 1526.5 1162.6 1025.8 1061.2 1259.2 1442.5 1592.4 1719.6 1673.6 1760.9 1721.3 1846.2 1896.2 1917.8 1849.9 1807.9 1787.3 1748.8 1724.2 1723.9 1711.4 1648.1
-999.0 -999.0 -999.0 -999.0 -999.0 -999.0 -999.0 -999.0 -999.0 -999.0 -999.0 -999.0 -999.0 -999.0 -999.0 1748.5 1728.6 1710.1 1689.0 -999.0 -999.0 -999.0 -999.0 -999.0 -999.0 -999.0 -999.0 -999.0 -999.0 -999.0 -999.0 -999.0 -999.0 -999.0 1867.3 1927.9 1892.1 1904.5 1836.8 1835.2 1863.0 1863.5 1866.5 1901.6 1929.9 1966.0 1919.7 1820.6 1677.2 1389.7 1196.7 1177.4 1358.4 1227.6 1402.6 1748.0 1726.2 1791.6 1605.8 1651.7 1794.7 1817.1 1830.3 1813.7 1791.3 1780.8 1758.4 1719.3 1719.3 1742.7 1723.6
-999.0 -999.0 -999.0 -999.0 -999.0 -999.0 -999.0 -999.0 -999.0 -999.0 -999.0 -999.0 -999.0 -999.0 -999.0 1684.5 1622.9 1659.1 1745.5 -999.0 -999.0 -999.0 -999.0 -999.0 -999.0 -999.0 -999.0 -999.0 -999.0 -999.0 -999.0 -999.0 -999.0 1949.4 1825.9 1903.9 1917.8 1842.5 1896.9 1843.4 1877.4 1869.4 1868.1 1889.9 1889.4 1876.8 1887.5 1820.1 1706.3 1569.3 1193.1 1137.1 1371.5 1351.7 1514.4 1655.9 1894.8 1836.5 1688.3 1660.4 1746.8 1821.1 1838.3 1806.8 1770.3 1776.4 1764.8 1745.3 1709.0 1745.5 1727.9
-999.0 -999.0 -999.0 -999.0 -999.0 -999.0 -999.0 -999.0 -999.0 -999.0 -999.0 -999.0 -999.0 1711.2 1817.3 1768.3 1630.6 1650.9 1674.3 1812.9 1867.9 1893.7 -999.0 -999.0 1816.5 1898.6 -999.0 -999.0 -999.0 1916.7 1810.7 1800.0 -999.0 1945.3 1793.7 1886.5 1948.1 1901.6 1899.4 1810.3 1811.9 1798.7 1835.7 1798.6 1862.9 1800.0 1809.7 1777.2 1441.4 1641.0 1515.2 1287.0 1570.9 1513.0 1302.1 1766.5 1671.2 1787.6 1700.8 1686.6 1744.8 1792.3 1837.5 1785.4 1782.0 1802.1 1771.2 1778.0 1724.7 1764.2 1750.7
-999.0 -999.0 -999.0 -999.0 -999.0 -999.0 -999.0 -999.0 -999.0 -999.0 -999.0 -999.0 -999.0 -999.0 1830.6 1795.4 1728.2 1715.1 1730.8 1737.6 1674.8 1889.6 -999.0 1909.3 1803.7 1640.1 1755.2 1700.0 1929.6 1921.1 1562.3 1579.5 1677.1 -999.0 1897.7 1854.4 1870.4 1899.5 1883.0 1767.0 1855.1 1943.3 1929.8 1841.5 1805.7 1780.1 1710.1 1705.2 1410.7 1323.2 1349.6 1336.4 1376.5 1280.0 1350.9 1566.4 1737.6 1777.6 1622.9 1626.8 1735.3 1724.6 1807.2 1773.0 1771.4 1798.5 1769.8 1793.5 1746.9 1770.1 1764.4
-999.0 -999.0 -999.0 -999.0 -999.0 -999.0 -999.0 -999.0 -999.0 -999.0 -999.0 -999.0 -999.0 -999.0 -999.0 1841.9 1766.9 1713.8 1783.9 1800.7 1823.8 1871.9 1504.2 1042.8 1708.8 1423.5 1432.4 1528.7 1693.7 1847.0 1807.5 1644.3 1509.4 1698.7 1901.9 1926.4 1872.6 1876.7 1804.7 1637.2 1742.0 1936.2 1962.4 1863.0 1795.0 1768.1 1702.0 1646.9 1281.7 1166.1 1293.8 1324.3 1441.6 1468.7 1423.7 1513.6 1696.5 1727.7 1640.4 1676.0 1709.8 1676.4 1761.0 1718.6 1781.2 1784.7 1782.5 1756.2 1659.5 1785.7 1781.2
-999.0 -999.0 -999.0 -999.0 -999.0 -999.0 -999.0 -999.0 -999.0 -999.0 -999.0 -999.0 -999.0 -999.0 -999.0 -999.0 1765.0 1831.1 1836.4 1840.6 1732.1 1545.9 795.3 1216.4 1803.9 1343.2 1603.8 1381.2 1451.8 1694.8 1818.7 1397.0 1592.9 1592.9 1757.2 1923.9 1881.1 1837.5 1824.6 1706.7 1713.1 1824.2 1861.3 1849.1 1778.3 1743.3 1699.7 1514.1 1397.8 1125.6 1275.4 1266.3 1301.4 1550.9 1445.6 1404.7 1546.7 1618.9 1631.0 1694.3 1672.4 1673.2 1735.2 1704.3 1777.6 1792.8 1770.6 1777.7 1763.2 1766.4 1787.9
-999.0 -999.0 -999.0 -999.0 -999.0 -999.0 -999.0 -999.0 -999.0 -999.0 -999.0 -999.0 -999.0 -999.0 -999.0 -999.0 -999.0 1878.7 1854.3 1666.9 1456.8 849.5 779.3 1183.5 1434.8 1452.5 1375.4 1280.0 1295.1 1325.4 1598.8 1727.4 1360.4 1582.1 1715.8 1769.4 1857.3 1856.2 1814.1 1772.1 1748.6 1792.1 1828.2 1799.4 1749.8 1712.0 1646.6 1499.8 1322.6 1224.4 1356.9 1374.7 1289.5 1425.1 1648.4 1444.1 1621.3 1599.3 1605.6 1691.5 1709.3 1707.4 1703.2 1702.1 1777.2 1801.5 1786.0 1808.6 1724.7 1765.4 1790.8
-999.0 -999.0 -999.0 -999.0 -999.0 -999.0 -999.0 -999.0 -999.0 -999.0 -999.0 -999.0 -999.0 -999.0 -999.0 -999.0 -999.0 1898.2 1773.8 1418.4 1277.1 1159.0 940.5 1393.8 1614.4 1433.8 1234.1 1169.8 1134.3 1317.0 1554.8 1752.7 1311.8 1405.3 1647.8 1740.7 1874.9 1863.6 1806.9 1719.4 1730.2 1751.2 1765.3 1777.9 1750.6 1692.0 1524.5 1437.5 1506.5 1201.4 1352.4 1329.6 1263.9 1315.3 1492.9 1596.5 1636.4 1702.4 1618.6 1607.5 1694.7 1703.4 1749.5 1752.4 1802.1 1796.1 1798.6 1799.5 1768.5 1745.7 1784.6
-999.0 -999.0 -999.0 -999.0 -999.0 -999.0 -999.0 -999.0 -999.0 -999.0 -999.0 -999.0 -999.0 -999.0 -999.0 -999.0 -999.0 1898.4 1722.0 1497.1 1513.2 1154.6 1270.0 1513.3 1422.9 1537.4 1384.7 1140.8 1244.6 1149.1 1346.2 1609.4 1339.0 1337.6 1465.5 1783.2 1843.7 1870.9 1776.5 1679.2 1689.2 1734.9 1751.8 1760.6 1728.2 1606.1 1536.2 1536.0 1509.6 1356.2 1380.3 1393.0 1411.8 1494.9 1520.3 1490.1 1713.0 1643.7 1643.1 1696.5 1683.6 1731.9 1695.4 1801.2 1813.2 1802.2 1809.7 1805.7 1704.0 1784.9 1801.9
-999.0 -999.0 -999.0 -999.0 -999.0 -999.0 -999.0 -999.0 -999.0 -999.0 -999.0 -999.0 -999.0 -999.0 -999.0 -999.0 1873.3 1161.3 1600.0 1465.9 1319.8 1618.1 931.6 1104.4 1179.7 1296.5 1118.5 1286.5 1239.9 1346.3 1461.4 1369.9 1182.2 1360.2 1478.4 1776.2 1860.4 1882.9 1733.3 1710.7 1738.1 1735.5 1761.0 1734.8 1637.7 1655.4 1643.0 1479.0 1385.9 1580.5 1296.4 1352.4 1554.0 1527.8 1594.9 1670.4 1683.2 1712.2 1714.9 1786.7 1718.1 1771.4 1814.8 1729.0 1817.7 1808.0 1794.1 1792.2 1714.7 1789.9 1811.0
-999.0 -999.0 -999.0 -999.0 -999.0 -999.0 -999.0 -999.0 -999.0 -999.0 -999.0 -999.0 -999.0 -999.0 1840.0 1796.6 1486.1 1562.9 1711.3 1699.2 1524.3 1728.6 1512.8 1382.7 1149.8 1166.8 1067.3 1174.7 1136.6 1489.0 1348.3 1389.4 1615.5 1616.8 1718.2 1724.5 1806.7 1831.8 1729.9 1709.0 1708.3 1738.8 1709.6 1596.4 1657.3 1626.8 1673.2 1521.4 1454.5 1488.1 1554.6 1622.2 1524.9 1580.1 1635.1 1658.8 1688.7 1704.9 1776.9 1808.5 1848.6 1878.4 1850.5 1813.6 1804.3 1777.6 1799.6 1787.2 1713.8 1777.7 1813.9
-999.0 -999.0 -999.0 -999.0 -999.0 -999.0 -999.0 -999.0 -999.0 -999.0 -999.0 -999.0 -999.0 1785.4 1724.2 1725.7 1741.3 1811.1 1876.6 1854.8 1873.6 1842.2 1577.5 1425.3 1295.5 861.2 1284.6 1390.2 1359.1 1565.6 1186.1 1146.6 1241.1 1525.0 1690.7 1703.8 1734.2 1755.6 1717.9 1670.2 1702.2 1698.5 1672.9 1605.5 1566.5 1653.9 1640.6 1519.0 1526.4 1557.4 1582.8 1590.4 1590.2 1689.0 1680.3 1733.9 1851.0 1761.2 1802.5 1875.4 1942.0 1904.9 1816.5 1815.0 1796.6 1774.8 1764.9 1763.8 1666.1 1723.4 1783.4
-999.0 -999.0 -999.0 -999.0 -999.0 -999.0 -999.0 -999.0 -999.0 -999.0 -999.0 -999.0 1815.9 1618.4 1638.8 1690.3 -999.0 -999.0 -999.0 -999.0 1897.0 1359.2 1348.3 1338.1 1209.7 1307.8 1371.6 1131.6 1187.0 1336.6 822.0 983.2 1197.1 1292.4 1570.5 1768.0 1739.0 1717.7 1732.0 1712.7 1715.4 1715.0 1655.5 1677.8 1557.3 1614.9 1615.2 1595.7 1579.3 1583.8 1611.5 1692.0 1699.0 1723.8 1762.5 1807.3 1865.8 1866.3 1848.6 1863.7 1870.9 1850.8 1822.5 1801.1 1744.1 1709.2 1704.8 1719.6 1674.4 1705.7 1728.0
-999.0 -999.0 -999.0 -999.0 -999.0 -999.0 -999.0 -999.0 -999.0 -999.0 -999.0 -999.0 1781.2 1510.7 1765.0 1832.5 -999.0 -999.0 -999.0 -999.0 1959.3 1527.8 1250.3 1541.4 1193.3 1212.3 1233.7 1043.7 990.8 1222.1 986.0 1426.4 1403.4 1522.0 1651.5 1780.2 1774.8 1727.3 1720.7 1692.5 1652.5 1719.0 1651.0 1659.0 1638.1 1577.0 1650.1 1632.8 1691.3 1639.7 1593.9 1589.5 1609.1 1728.5 1779.0 1805.7 1823.1 1775.9 1792.7 1782.9 1779.7 1779.2 1697.9 1728.6 1601.5 1611.4 1614.3 1690.8 1675.4 1704.0 1726.4
-999.0 -999.0 -999.0 -999.0 -999.0 -999.0 -999.0 -999.0 -999.0 -999.0 -999.0 -999.0 -999.0 -999.0 -999.0 -999.0 -999.0 -999.0 -999.0 -999.0 1963.9 1456.0 1418.5 1548.3 1342.0 1464.6 1030.7 1076.6 1391.6 1205.3 1260.9 1402.1 1418.3 1634.3 1739.1 1812.8 1713.1 1716.6 1707.4 1724.2 1752.5 1733.5 1713.1 1703.0 1676.2 1633.1 1679.1 1701.6 1696.2 1669.3 1699.1 1662.0 1647.4 1780.8 1681.8 1622.0 1711.7 1709.8 1724.5 1780.3 1732.1 1656.7 1553.9 1581.2 1642.9 1639.3 1613.3 1671.2 1664.9 1705.4 1715.8
-999.0 -999.0 -999.0 -999.0 -999.0 -999.0 -999.0 -999.0 -999.0 -999.0 -999.0 -999.0 -999.0 -999.0 -999.0 -999.0 -999.0 -999.0 -999.0 -999.0 -999.0 1459.5 1926.1 1776.8 1458.8 1130.9 1196.9 1090.5 1123.3 1421.3 1400.9 1376.8 1664.0 1717.8 1799.5 1798.4 1763.4 1721.0 1743.6 1761.3 1768.2 1764.9 1751.0 1718.2 1713.5 1656.4 1665.2 1710.8 1579.5 1650.3 1746.1 1753.3 1746.1 1735.8 1742.8 1647.7 1629.2 1680.1 1610.3 1734.6 1746.3 1638.7 1640.5 1617.8 1642.2 1695.1 1642.5 1670.3 1702.4 1748.5 1725.6
-999.0 -999.0 -999.0 -999.0 -999.0 -999.0 -999.0 -999.0 -999.0 -999.0 -999.0 -999.0 -999.0 -999.0 -999.0 -999.0 -999.0 -999.0 -999.0 -999.0 -999.0 1740.7 1307.7 1221.8 1346.3 1367.9 1424.9 1272.2 1422.7 1414.5 1591.6 1743.8 1591.6 1760.1 1793.1 1644.7 1677.6 1699.8 1756.6 1813.8 1806.4 1724.9 1739.6 1647.7 1649.1 1653.4 1666.2 1713.5 1594.0 1575.9 1689.0 1747.3 1770.2 1750.4 1734.0 1703.5 1661.6 1622.6 1501.0 1628.2 1762.6 1710.7 1639.3 1564.3 1539.2 1596.7 1688.3 1681.5 1734.9 1774.9 1805.5
-999.0 -999.0 -999.0 -999.0 -999.0 -999.0 -999.0 -999.0 -999.0 -999.0 -999.0 -999.0 -999.0 -999.0 -999.0 -999.0 -999.0 -999.0 -999.0 -999.0 1793.7 1626.3 1708.4 1123.6 1468.1 1527.0 1338.4 1373.2 1484.8 1303.9 1639.4 1779.9 1574.5 1819.5 1350.7 1557.0 1692.7 1705.9 1643.0 1754.7 1755.4 1522.2 1552.5 1616.2 1711.9 1672.2 1687.2 1726.2 1705.2 1698.7 1729.5 1760.1 1757.4 1758.8 1742.1 1686.5 1691.2 1608.5 1641.2 1723.4 1752.1 1691.3 1613.1 1539.8 1515.3 1570.6 1694.2 1718.2 1777.2 1833.0 1860.0
-999.0 -999.0 -999.0 -999.0 -999.0 -999.0 -999.0 -999.0 -999.0 -999.0 -999.0 -999.0 -999.0 -999.0 -999.0 -999.0 -999.0 -999.0 -999.0 -999.0 1986.0 1743.8 1201.3 1577.2 1864.6 1620.1 1554.3 1403.8 1273.0 1327.5 1619.2 1736.1 1696.1 1766.0 1660.1 1607.9 1540.3 1535.6 1692.9 1676.2 1670.2 1631.9 1592.0 1690.9 1715.6 1683.6 1717.6 1714.6 1731.8 1786.5 1772.6 1765.4 1763.1 1757.1 1758.6 1732.4 1721.8 1657.7 1649.8 1712.3 1721.9 1641.4 1544.7 1479.8 1558.4 1555.8 1602.6 1693.7 1814.5 1807.2 1887.7
-999.0 -999.0 -999.0 -999.0 -999.0 -999.0 -999.0 -999.0 -999.0 -999.0 -999.0 -999.0 -999.0 -999.0 -999.0 -999.0 -999.0 -999.0 -999.0 -999.0 2048.9 1624.8 1897.6 1649.1 1662.7 1523.7 1500.3 1165.2 1321.7 1253.0 1494.8 1621.6 1753.0 1756.8 1664.6 1451.9 1351.6 1264.0 1600.5 1485.2 1581.2 1576.9 1604.6 1735.8 1713.1 1711.0 1747.9 1756.7 1819.9 1831.3 1734.6 1741.8 1777.6 1755.9 1668.9 1769.4 1738.7 1705.5 1709.8 1744.4 1718.6 1630.3 1582.2 1571.3 1591.2 1595.1 1671.7 1724.5 1749.2 1795.1 1867.9
-999.0 -999.0 -999.0 -999.0 -999.0 -999.0 -999.0 -999.0 -999.0 -999.0 -999.0 -999.0 -999.0 -999.0 -999.0 -999.0 -999.0 -999.0 -999.0 -999.0 -999.0 1834.8 1547.2 1355.8 1175.6 1086.3 1278.8 1286.0 1441.9 1660.8 1677.4 1722.9 1664.5 1651.7 1695.8 1570.7 1556.5 1324.5 1478.5 1558.0 1586.0 1505.4 1547.7 1712.1 1639.8 1745.6 1806.6 1696.5 1852.6 1860.2 1853.2 1797.8 1807.7 1781.8 1658.2 1713.9 1768.4 1715.0 1726.0 1733.1 1689.4 1615.0 1635.8 1653.4 1694.1 1641.3 1705.4 1666.6 1712.9 1817.1 1849.4
