GDD/GrowingDegreeDays_1985_Actual.txt
ncols         180
nrows         290
xllcorner     -200000
yllcorner     -200000
cellsize      5000
NODATA_value    -999
[rows 160 to 191 of 290, columns 71 to 141 of 180]
-999.0 -999.0 -999.0 -999.0 -999.0 -999.0 -999.0 -999.0 -999.0 -999.0 -999.0 -999.0 -999.0 -999.0 -999.0 -999.0 -999.0 -999.0 -999.0 -999.0 -999.0 -999.0 -999.0 -999.0 -999.0 -999.0 -999.0 -999.0 -999.0 -999.0 -999.0 -999.0 -999.0 -999.0 -999.0 1549.1 1538.5 1527.5 1492.5 1270.1 1169.9 962.1 1209.9 1101.4 1448.1 1341.6 1344.7 1231.9 1172.4 1238.2 1175.1 1473.8 1469.8 1468.1 1486.5 1525.9 1453.1 1523.2 1543.5 1520.8 1552.6 1605.5 1578.6 1538.6 1516.7 1504.2 1397.1 1453.8 1524.7 1564.2 1579.7
-999.0 -999.0 -999.0 -999.0 -999.0 -999.0 -999.0 -999.0 -999.0 -999.0 -999.0 -999.0 -999.0 -999.0 -999.0 -999.0 -999.0 -999.0 -999.0 -999.0 -999.0 -999.0 -999.0 -999.0 -999.0 -999.0 -999.0 -999.0 -999.0 -999.0 -999.0 -999.0 -999.0 -999.0 -999.0 1552.9 1544.1 1569.0 1602.6 1541.7 1275.2 1441.0 1410.8 1498.3 1380.9 1145.1 1266.2 1134.0 1185.2 1134.1 1468.1 1244.0 1435.9 1353.6 1406.1 1407.9 1489.4 1505.2 1537.8 1556.6 1565.3 1575.6 1536.7 1499.4 1508.9 1524.3 1512.7 1446.6 1512.1 1571.6 1590.1
-999.0 -999.0 -999.0 -999.0 -999.0 -999.0 -999.0 -999.0 -999.0 -999.0 -999.0 -999.0 -999.0 -999.0 -999.0 -999.0 -999.0 -999.0 -999.0 -999.0 -999.0 -999.0 -999.0 -999.0 -999.0 -999.0 -999.0 -999.0 -999.0 -999.0 -999.0 -999.0 -999.0 -999.0 -999.0 1544.3 1562.2 1540.2 1641.8 1602.3 1502.3 1454.8 1488.3 1535.6 1403.1 1300.2 1292.2 1143.3 1028.5 1263.8 1370.0 1551.6 1455.0 1610.2 1549.9 1495.8 1463.2 1508.1 1522.6 1565.6 1545.4 1551.9 1525.7 1498.2 1505.4 1524.4 1531.7 1478.9 1462.5 1579.1 1664.5
-999.0 -999.0 -999.0 -999.0 -999.0 -999.0 -999.0 -999.0 -999.0 -999.0 -999.0 -999.0 -999.0 -999.0 -999.0 -999.0 -999.0 -999.0 -999.0 -999.0 -999.0 -999.0 -999.0 -999.0 -999.0 -999.0 -999.0 -999.0 -999.0 -999.0 -999.0 -999.0 -999.0 -999.0 -999.0 1538.7 1540.9 1546.6 1603.2 1618.0 1579.2 1566.9 1475.5 1359.1 1490.6 1408.6 1306.7 981.3 984.6 1007.7 1203.3 1409.4 1494.6 1482.5 1589.0 1634.0 1542.8 1491.5 1553.2 1568.0 1557.5 1568.3 1549.2 1531.4 1537.0 1555.2 1575.4 1499.9 1485.5 1658.5 1751.6
-999.0 -999.0 -999.0 -999.0 -999.0 -999.0 -999.0 -999.0 -999.0 -999.0 -999.0 -999.0 -999.0 -999.0 -999.0 -999.0 -999.0 -999.0 -999.0 -999.0 -999.0 -999.0 -999.0 -999.0 -999.0 -999.0 -999.0 -999.0 -999.0 -999.0 -999.0 -999.0 -999.0 -999.0 -999.0 1564.1 1584.9 1604.7 1648.5 1646.6 1632.9 1526.7 1485.9 1377.8 1321.8 1157.2 1054.1 978.0 1149.6 1086.3 1269.5 1350.2 1492.9 1378.6 1486.9 1607.5 1651.1 1640.7 1614.7 1606.7 1583.4 1575.0 1578.1 1567.7 1567.8 1589.7 1591.4 1610.4 1593.3 1693.7 1771.1
-999.0 -999.0 -999.0 -999.0 -999.0 -999.0 -999.0 -999.0 -999.0 -999.0 -999.0 -999.0 -999.0 -999.0 -999.0 -999.0 -999.0 -999.0 -999.0 -999.0 -999.0 -999.0 -999.0 -999.0 -999.0 -999.0 -999.0 -999.0 -999.0 -999.0 -999.0 -999.0 -999.0 -999.0 -999.0 -999.0 1613.6 1617.3 1639.4 1643.5 1545.7 1359.5 1311.2 1263.5 1319.9 1321.4 1149.6 1159.1 1067.4 1166.4 1362.6 1545.6 1542.5 1506.6 1490.6 1641.2 1641.4 1584.2 1605.7 1634.1 1588.5 1596.2 1600.0 1596.8 1590.6 1600.0 1599.7 1598.5 1640.5 1673.3 1716.6
-999.0 -999.0 -999.0 -999.0 -999.0 -999.0 -999.0 -999.0 -999.0 -999.0 -999.0 -999.0 -999.0 -999.0 -999.0 -999.0 -999.0 -999.0 -999.0 -999.0 -999.0 -999.0 -999.0 -999.0 -999.0 -999.0 -999.0 -999.0 -999.0 -999.0 -999.0 -999.0 -999.0 -999.0 -999.0 1646.8 1616.0 1628.6 1644.2 1622.9 1545.3 1236.3 1184.8 1296.7 1121.8 1149.3 1206.2 1210.1 976.2 1136.0 1110.3 1296.7 1643.9 1485.3 1608.6 1687.5 1595.5 1586.4 1639.4 1606.4 1615.3 1615.3 1605.9 1601.7 1597.9 1598.8 1506.1 1576.5 1609.5 1528.8 1575.6
-999.0 -999.0 -999.0 -999.0 -999.0 -999.0 -999.0 -999.0 -999.0 -999.0 -999.0 -999.0 -999.0 -999.0 -999.0 -999.0 -999.0 -999.0 -999.0 -999.0 -999.0 -999.0 -999.0 -999.0 -999.0 -999.0 -999.0 -999.0 -999.0 -999.0 -999.0 -999.0 -999.0 -999.0 -999.0 1644.3 1636.9 1631.1 1641.5 1498.8 1542.6 1452.9 1205.4 1394.3 1385.3 1356.2 1424.4 1378.6 1132.7 1183.4 1187.7 1465.7 1427.7 1371.6 1564.5 1497.6 1552.8 1517.3 1563.6 1591.4 1633.6 1634.1 1616.0 1607.2 1591.3 1609.7 1594.8 1539.8 1597.7 1560.9 1515.5
-999.0 -999.0 -999.0 -999.0 -999.0 -999.0 -999.0 -999.0 -999.0 -999.0 -999.0 -999.0 -999.0 -999.0 -999.0 -999.0 -999.0 -999.0 -999.0 -999.0 -999.0 -999.0 -999.0 -999.0 -999.0 -999.0 -999.0 -999.0 -999.0 -999.0 -999.0 -999.0 -999.0 -999.0 1621.0 1646.2 1638.4 1554.3 1574.9 1564.2 1591.5 1508.3 1465.5 1496.1 1543.5 1569.9 1527.2 1416.9 1174.5 1003.5 966.0 1266.4 1192.4 1280.0 1507.1 1510.4 1598.4 1575.9 1570.6 1617.6 1636.6 1632.9 1623.9 1609.1 1590.0 1614.1 1600.6 1583.1 1579.4 1567.2 1459.0
-999.0 -999.0 -999.0 -999.0 -999.0 -999.0 -999.0 -999.0 -999.0 -999.0 -999.0 -999.0 -999.0 -999.0 -999.0 -999.0 -999.0 -999.0 -999.0 -999.0 -999.0 -999.0 -999.0 -999.0 -999.0 -999.0 -999.0 -999.0 -999.0 -999.0 -999.0 -999.0 -999.0 -999.0 -999.0 1631.6 1673.6 1641.7 1623.4 1485.4 1634.8 1632.0 1631.5 1623.1 1629.5 1684.4 1649.2 1530.9 1420.9 1093.9 954.5 907.8 1155.0 1194.2 1348.2 1487.6 1492.1 1652.8 1647.2 1573.2 1629.5 1629.3 1625.4 1606.1 1591.1 1607.9 1605.4 1579.9 1583.1 1582.4 1555.6
-999.0 -999.0 -999.0 -999.0 -999.0 -999.0 -999.0 -999.0 -999.0 -999.0 -999.0 -999.0 -999.0 -999.0 -999.0 -999.0 -999.0 -999.0 -999.0 -999.0 -999.0 -999.0 -999.0 -999.0 -999.0 -999.0 -999.0 -999.0 -999.0 -999.0 -999.0 -999.0 -999.0 -999.0 -999.0 1684.8 1693.0 1715.2 1703.9 1668.2 1659.2 1656.4 1696.7 1706.2 1772.8 1817.7 1767.9 1644.2 1442.1 1359.7 990.4 857.8 899.0 1102.5 1295.1 1447.1 1571.9 1515.5 1590.6 1532.8 1615.3 1607.5 1615.9 1586.0 1584.9 1595.7 1578.0 1567.9 1579.3 1584.3 1534.7
-999.0 -999.0 -999.0 -999.0 -999.0 -999.0 -999.0 -999.0 -999.0 -999.0 -999.0 -999.0 -999.0 -999.0 -999.0 1631.2 1614.7 1599.2 1583.7 -999.0 -999.0 -999.0 -999.0 -999.0 -999.0 -999.0 -999.0 -999.0 -999.0 -999.0 -999.0 -999.0 -999.0 -999.0 1731.3 1772.0 1725.9 1742.0 1679.8 1670.5 1694.6 1693.1 1702.2 1738.8 1765.0 1808.0 1763.1 1661.2 1519.8 1226.2 1030.8 1014.3 1203.3 1074.6 1260.8 1610.0 1578.5 1634.0 1438.6 1469.9 1582.5 1562.1 1543.4 1526.7 1554.3 1581.9 1584.9 1561.4 1571.1 1602.8 1583.6
-999.0 -999.0 -999.0 -999.0 -999.0 -999.0 -999.0 -999.0 -999.0 -999.0 -999.0 -999.0 -999.0 -999.0 -999.0 1560.3 1503.5 1545.5 1639.5 -999.0 -999.0 -999.0 -999.0 -999.0 -999.0 -999.0 -999.0 -999.0 -999.0 -999.0 -999.0 -999.0 -999.0 1795.0 1685.6 1750.6 1757.9 1685.8 1738.3 1678.3 1706.1 1697.3 1700.7 1723.2 1726.0 1718.5 1721.7 1656.7 1552.4 1417.3 1034.4 978.6 1222.5 1206.7 1379.6 1520.9 1750.8 1684.2 1531.1 1490.5 1555.6 1598.5 1568.3 1523.2 1536.8 1580.4 1592.5 1584.7 1556.0 1597.9 1580.3
-999.0 -999.0 -999.0 -999.0 -999.0 -999.0 -999.0 -999.0 -999.0 -999.0 -999.0 -999.0 -999.0 1586.3 1678.6 1628.0 1504.2 1536.0 1567.8 1711.8 1778.2 1816.9 -999.0 -999.0 1742.8 1830.1 -999.0 -999.0 -999.0 1782.0 1677.3 1667.5 -999.0 1798.3 1647.4 1731.7 1790.3 1760.2 1747.1 1647.3 1650.3 1638.0 1668.1 1622.6 1691.4 1650.4 1646.7 1614.7 1281.2 1495.2 1371.4 1137.7 1432.4 1377.9 1161.9 1630.0 1531.4 1644.7 1552.6 1528.3 1571.6 1602.7 1623.0 1557.8 1575.8 1618.4 1600.7 1614.5 1565.5 1609.7 1600.0
-999.0 -999.0 -999.0 -999.0 -999.0 -999.0 -999.0 -999.0 -999.0 -999.0 -999.0 -999.0 -999.0 -999.0 1683.0 1644.1 1592.9 1595.8 1620.8 1636.7 1588.8 1827.6 -999.0 1835.7 1728.3 1578.9 1694.0 1606.8 1802.4 1783.1 1432.1 1448.7 1542.1 -999.0 1731.8 1686.1 1713.1 1749.3 1733.8 1616.7 1700.5 1777.8 1753.9 1648.0 1606.6 1611.9 1534.7 1525.0 1247.9 1179.4 1212.0 1194.3 1239.1 1147.8 1225.5 1442.2 1611.8 1646.1 1485.1 1481.3 1580.5 1562.8 1632.4 1589.2 1591.0 1624.8 1601.6 1623.4 1576.6 1609.0 1612.3
-999.0 -999.0 -999.0 -999.0 -999.0 -999.0 -999.0 -999.0 -999.0 -999.0 -999.0 -999.0 -999.0 -999.0 -999.0 1692.0 1631.7 1593.2 1672.3 1687.7 1709.3 1819.0 1445.1 951.0 1628.6 1345.7 1351.5 1433.1 1580.5 1716.2 1674.3 1512.0 1372.7 1554.0 1736.5 1759.7 1714.1 1721.8 1662.3 1496.9 1595.4 1767.8 1785.6 1685.2 1619.4 1599.1 1520.4 1458.4 1114.3 1028.9 1166.4 1188.0 1311.3 1354.1 1322.2 1406.4 1578.8 1604.7 1510.7 1539.0 1570.9 1534.7 1607.4 1556.4 1615.1 1619.1 1615.6 1577.0 1468.9 1617.3 1628.0
-999.0 -999.0 -999.0 -999.0 -999.0 -999.0 -999.0 -999.0 -999.0 -999.0 -999.0 -999.0 -999.0 -999.0 -999.0 -999.0 1639.5 1711.3 1721.6 1724.3 1617.7 1457.0 695.5 1123.0 1722.5 1257.1 1515.0 1273.5 1337.2 1574.0 1689.1 1264.5 1456.2 1448.4 1604.1 1761.8 1722.3 1682.9 1679.7 1566.9 1568.3 1665.2 1694.0 1681.9 1612.8 1578.9 1532.2 1344.7 1238.4 977.9 1135.4 1126.6 1169.0 1441.8 1350.4 1305.3 1446.1 1507.9 1509.7 1570.0 1537.4 1535.1 1589.2 1552.4 1621.0 1633.2 1609.7 1609.8 1602.8 1614.4 1635.9
-999.0 -999.0 -999.0 -999.0 -999.0 -999.0 -999.0 -999.0 -999.0 -999.0 -999.0 -999.0 -999.0 -999.0 -999.0 -999.0 -999.0 1758.3 1735.9 1552.8 1342.6 725.5 666.5 1092.2 1380.5 1399.0 1287.2 1165.7 1174.0 1199.9 1480.4 1609.3 1207.5 1428.1 1566.7 1620.3 1704.9 1704.7 1669.2 1628.3 1602.1 1638.4 1667.6 1638.5 1588.5 1552.6 1487.0 1339.5 1165.0 1071.9 1210.8 1233.3 1152.6 1301.8 1544.7 1349.2 1527.5 1488.0 1484.8 1579.4 1589.4 1574.4 1561.6 1555.7 1624.4 1645.2 1629.4 1652.3 1578.3 1619.0 1642.2
-999.0 -999.0 -999.0 -999.0 -999.0 -999.0 -999.0 -999.0 -999.0 -999.0 -999.0 -999.0 -999.0 -999.0 -999.0 -999.0 -999.0 1775.3 1653.0 1298.3 1150.6 1031.4 822.4 1315.5 1602.5 1416.3 1142.8 1051.6 1010.5 1192.9 1439.8 1651.7 1180.6 1262.6 1507.7 1596.4 1726.4 1717.5 1660.0 1574.9 1584.0 1602.5 1608.7 1615.7 1589.4 1531.5 1363.5 1279.5 1352.9 1045.1 1203.3 1183.8 1121.2 1179.5 1366.8 1484.6 1525.5 1577.1 1483.2 1474.7 1565.3 1568.8 1609.8 1607.2 1651.8 1643.1 1646.6 1648.8 1619.9 1597.8 1634.8
-999.0 -999.0 -999.0 -999.0 -999.0 -999.0 -999.0 -999.0 -999.0 -999.0 -999.0 -999.0 -999.0 -999.0 -999.0 -999.0 -999.0 1773.2 1595.1 1370.1 1378.0 1009.1 1142.2 1420.8 1366.3 1484.1 1289.0 1021.0 1128.0 1019.2 1218.8 1490.8 1209.5 1207.4 1330.2 1633.1 1691.8 1722.5 1630.3 1532.1 1540.3 1584.9 1593.9 1598.7 1567.2 1435.6 1369.1 1384.4 1358.9 1202.3 1228.6 1243.8 1265.7 1355.0 1381.3 1346.1 1572.2 1498.3 1495.1 1550.9 1543.6 1592.9 1554.0 1656.2 1662.1 1649.2 1660.3 1655.6 1551.8 1634.8 1652.2
-999.0 -999.0 -999.0 -999.0 -999.0 -999.0 -999.0 -999.0 -999.0 -999.0 -999.0 -999.0 -999.0 -999.0 -999.0 -999.0 1753.9 1035.1 1472.6 1331.4 1164.1 1453.0 779.3 969.1 1066.2 1190.0 998.3 1164.8 1112.2 1213.1 1327.6 1236.2 1047.8 1226.2 1341.8 1630.1 1712.4 1734.5 1588.1 1561.9 1586.8 1584.1 1606.6 1576.2 1469.5 1472.5 1464.3 1320.6 1234.0 1431.5 1141.6 1200.7 1409.4 1383.6 1451.7 1510.4 1522.3 1556.3 1552.9 1624.3 1563.2 1626.8 1672.2 1585.8 1670.9 1659.5 1646.8 1643.8 1562.3 1639.2 1661.1
-999.0 -999.0 -999.0 -999.0 -999.0 -999.0 -999.0 -999.0 -999.0 -999.0 -999.0 -999.0 -999.0 -999.0 1746.4 1694.0 1376.8 1442.9 1577.5 1556.6 1375.6 1563.3 1367.1 1240.5 1014.6 1038.8 940.8 1046.4 1001.7 1335.6 1192.0 1249.8 1485.9 1489.4 1587.2 1588.4 1666.2 1688.5 1584.3 1559.7 1556.7 1585.1 1554.8 1437.6 1490.1 1446.5 1497.9 1356.3 1296.6 1334.2 1403.5 1474.3 1376.3 1435.9 1492.7 1515.8 1541.6 1551.1 1612.1 1639.7 1680.5 1724.1 1704.7 1670.3 1662.8 1633.9 1653.4 1639.1 1564.0 1628.2 1664.8
-999.0 -999.0 -999.0 -999.0 -999.0 -999.0 -999.0 -999.0 -999.0 -999.0 -999.0 -999.0 -999.0 1708.1 1644.5 1633.5 1631.4 1688.1 1740.8 1709.0 1718.9 1685.4 1434.6 1282.8 1158.2 727.9 1158.3 1274.0 1233.3 1409.0 1028.0 1002.7 1105.0 1405.6 1574.6 1581.3 1601.9 1615.7 1572.7 1520.3 1549.0 1543.9 1516.4 1447.5 1404.8 1490.4 1476.4 1358.6 1372.2 1407.0 1433.8 1442.2 1444.5 1545.0 1535.7 1586.4 1696.8 1609.3 1642.3 1709.8 1777.2 1752.4 1674.3 1674.5 1655.7 1633.1 1619.4 1613.6 1517.3 1577.0 1637.3
-999.0 -999.0 -999.0 -999.0 -999.0 -999.0 -999.0 -999.0 -999.0 -999.0 -999.0 -999.0 1732.4 1548.1 1568.2 1606.3 -999.0 -999.0 -999.0 -999.0 1747.0 1217.0 1205.5 1197.0 1070.7 1175.3 1247.4 1010.4 1059.1 1196.7 685.8 846.1 1065.5 1179.0 1482.9 1661.4 1613.2 1580.3 1584.8 1558.6 1558.3 1555.2 1496.2 1518.4 1396.9 1453.5 1450.5 1435.5 1428.8 1436.3 1463.9 1544.9 1553.7 1578.8 1612.5 1649.7 1706.1 1711.0 1693.2 1708.3 1721.2 1710.8 1686.5 1664.5 1605.6 1569.9 1562.1 1571.4 1528.4 1560.3 1582.6
-999.0 -999.0 -999.0 -999.0 -999.0 -999.0 -999.0 -999.0 -999.0 -999.0 -999.0 -999.0 1691.8 1434.1 1691.5 1747.7 -999.0 -999.0 -999.0 -999.0 1808.4 1391.8 1105.2 1405.9 1052.2 1073.8 1099.2 914.3 862.3 1089.2 851.8 1296.5 1282.0 1422.5 1570.9 1677.9 1648.1 1588.1 1569.0 1525.8 1484.9 1555.1 1486.5 1494.7 1478.0 1419.4 1490.8 1476.9 1540.7 1494.0 1449.8 1445.4 1466.1 1581.6 1628.6 1657.3 1673.7 1628.1 1643.4 1638.6 1641.7 1646.9 1569.6 1599.4 1466.0 1472.9 1471.7 1547.0 1529.7 1558.9 1580.2
-999.0 -999.0 -999.0 -999.0 -999.0 -999.0 -999.0 -999.0 -999.0 -999.0 -999.0 -999.0 -999.0 -999.0 -999.0 -999.0 -999.0 -999.0 -999.0 -999.0 1810.6 1317.6 1279.3 1411.2 1201.4 1331.7 893.0 943.1 1273.7 1084.0 1131.4 1274.7 1294.2 1523.2 1631.3 1694.8 1582.8 1576.7 1557.1 1543.9 1565.4 1566.3 1540.0 1524.0 1511.7 1478.3 1525.7 1546.8 1546.0 1524.8 1556.5 1520.8 1504.7 1629.5 1530.3 1476.6 1567.9 1566.5 1579.9 1632.9 1597.4 1532.1 1435.6 1457.6 1512.6 1502.0 1468.7 1524.0 1516.7 1558.9 1566.8
-999.0 -999.0 -999.0 -999.0 -999.0 -999.0 -999.0 -999.0 -999.0 -999.0 -999.0 -999.0 -999.0 -999.0 -999.0 -999.0 -999.0 -999.0 -999.0 -999.0 -999.0 1320.0 1768.7 1628.3 1318.3 984.5 1054.4 955.9 998.0 1311.3 1278.6 1247.6 1539.6 1595.6 1674.4 1668.9 1626.4 1580.5 1608.5 1614.0 1602.9 1600.4 1576.2 1540.2 1550.6 1505.3 1517.7 1560.7 1436.3 1509.5 1607.2 1617.2 1606.5 1593.9 1596.1 1501.4 1487.2 1538.0 1469.9 1594.9 1613.3 1525.4 1545.5 1510.0 1517.6 1559.8 1493.0 1515.2 1552.8 1600.0 1575.3
-999.0 -999.0 -999.0 -999.0 -999.0 -999.0 -999.0 -999.0 -999.0 -999.0 -999.0 -999.0 -999.0 -999.0 -999.0 -999.0 -999.0 -999.0 -999.0 -999.0 -999.0 1588.5 1154.6 1066.1 1191.5 1221.0 1285.7 1133.6 1297.2 1291.3 1468.1 1616.9 1468.4 1633.8 1663.9 1516.0 1541.3 1562.9 1633.4 1687.5 1662.4 1565.4 1560.2 1479.1 1496.6 1506.6 1520.0 1558.8 1446.6 1436.5 1557.5 1614.8 1635.6 1614.8 1594.8 1562.7 1520.5 1481.4 1366.3 1501.8 1631.4 1592.7 1541.7 1456.9 1415.3 1460.8 1539.8 1527.1 1583.3 1622.1 1652.5
-999.0 -999.0 -999.0 -999.0 -999.0 -999.0 -999.0 -999.0 -999.0 -999.0 -999.0 -999.0 -999.0 -999.0 -999.0 -999.0 -999.0 -999.0 -999.0 -999.0 1631.5 1468.8 1548.0 959.2 1308.8 1380.0 1193.7 1233.3 1352.3 1164.9 1510.5 1651.6 1450.9 1695.5 1223.2 1429.6 1555.7 1571.6 1515.1 1623.2 1616.9 1373.8 1388.4 1458.5 1566.2 1531.1 1546.4 1580.2 1564.5 1570.4 1612.0 1637.5 1627.3 1622.2 1606.4 1549.6 1553.3 1471.2 1509.8 1592.5 1612.2 1555.3 1494.0 1420.2 1388.5 1438.2 1556.2 1573.8 1623.1 1671.7 1698.4
-999.0 -999.0 -999.0 -999.0 -999.0 -999.0 -999.0 -999.0 -999.0 -999.0 -999.0 -999.0 -999.0 -999.0 -999.0 -999.0 -999.0 -999.0 -999.0 -999.0 1800.8 1569.3 1040.0 1420.2 1697.0 1474.9 1414.7 1262.8 1126.4 1184.3 1487.1 1605.6 1572.8 1653.4 1543.5 1480.6 1408.1 1403.8 1561.6 1544.3 1535.0 1494.0 1448.7 1548.0 1576.5 1544.0 1574.3 1569.2 1596.3 1675.0 1671.7 1650.4 1634.6 1618.3 1621.1 1596.9 1585.9 1523.5 1516.3 1574.4 1570.0 1495.3 1411.2 1349.8 1433.2 1433.1 1476.8 1557.0 1661.9 1639.6 1719.2
-999.0 -999.0 -999.0 -999.0 -999.0 -999.0 -999.0 -999.0 -999.0 -999.0 -999.0 -999.0 -999.0 -999.0 -999.0 -999.0 -999.0 -999.0 -999.0 -999.0 1849.0 1446.3 1724.6 1500.2 1521.9 1391.6 1367.7 1019.0 1173.8 1102.9 1359.2 1490.0 1624.8 1635.3 1541.6 1320.6 1214.5 1125.2 1471.2 1355.6 1453.4 1448.2 1475.6 1604.1 1581.9 1577.8 1603.8 1604.0 1675.0 1708.6 1621.8 1618.5 1649.6 1622.0 1536.1 1631.2 1601.6 1565.4 1572.0 1604.0 1571.9 1488.7 1447.6 1443.0 1470.6 1484.6 1563.7 1602.5 1608.2 1640.3 1709.8
-999.0 -999.0 -999.0 -999.0 -999.0 -999.0 -999.0 -999.0 -999.0 -999.0 -999.0 -999.0 -999.0 -999.0 -999.0 -999.0 -999.0 -999.0 -999.0 -999.0 -999.0 1657.7 1405.8 1219.7 1043.0 966.9 1155.6 1145.1 1294.6 1509.5 1533.5 1583.5 1531.7 1523.9 1565.8 1441.3 1427.3 1188.2 1351.8 1436.6 1466.6 1386.2 1428.1 1593.4 1523.4 1616.8 1664.4 1545.3 1705.5 1727.9 1723.9 1663.0 1670.6 1647.2 1527.5 1574.1 1622.4 1574.0 1584.3 1592.8 1548.9 1475.8 1500.1 1523.0 1572.2 1535.1 1603.8 1547.9 1581.4 1675.1 1704.5
