GDD/GrowingDegreeDays_1976_Actual.txt
ncols         180
nrows         290
xllcorner     -200000
yllcorner     -200000
cellsize      5000
NODATA_value    -999
[rows 96 to 127 of 290, columns 71 to 141 of 180]
1320.4 1356.0 1492.8 1567.3 1217.8 1482.8 889.1 918.3 1174.4 1417.3 1022.9 696.9 702.8 637.9 866.5 947.8 991.8 749.0 815.6 700.2 663.7 914.3 915.7 935.3 1162.3 1066.9 1230.7 1003.6 826.4 878.8 814.2 929.8 974.9 889.7 838.2 935.7 996.9 889.4 886.3 1183.0 1283.6 1374.0 1381.0 1190.6 1275.1 -999.0 -999.0 -999.0 -999.0 -999.0 -999.0 -999.0 -999.0 -999.0 -999.0 -999.0 -999.0 -999.0 -999.0 -999.0 -999.0 -999.0 -999.0 -999.0 -999.0 -999.0 -999.0 -999.0 -999.0 -999.0 -999.0
1298.8 1153.6 1526.8 1565.2 1213.0 1391.6 1043.8 1189.8 1395.4 1424.4 1085.5 768.8 1437.1 803.1 977.8 834.8 1010.3 803.5 1036.1 878.8 965.0 971.1 612.8 986.6 970.2 1077.0 1134.3 1177.2 855.9 975.0 1065.3 1017.1 833.5 991.3 911.7 1057.9 1013.9 1063.2 1160.0 1316.4 1301.0 1273.5 1307.7 1420.1 -999.0 -999.0 -999.0 -999.0 -999.0 -999.0 -999.0 -999.0 -999.0 -999.0 -999.0 -999.0 -999.0 -999.0 -999.0 -999.0 -999.0 -999.0 -999.0 -999.0 -999.0 -999.0 -999.0 -999.0 -999.0 -999.0 -999.0
1365.4 1540.8 1043.5 1207.8 1141.4 875.1 690.7 1456.7 1540.3 763.3 1216.9 1316.1 773.8 930.9 747.0 931.2 763.0 1112.4 1193.4 1248.2 1222.5 1225.4 1177.9 943.3 1173.7 1017.8 974.0 1230.8 1075.3 948.7 1120.8 1123.1 1011.3 1021.9 1122.5 1040.6 1126.5 1296.8 1364.6 1395.9 1292.2 1354.7 1411.4 1405.5 -999.0 -999.0 -999.0 -999.0 -999.0 -999.0 -999.0 -999.0 -999.0 -999.0 -999.0 -999.0 -999.0 -999.0 -999.0 -999.0 -999.0 -999.0 -999.0 -999.0 -999.0 -999.0 -999.0 -999.0 -999.0 -999.0 -999.0
1344.8 1039.8 1336.1 1149.3 1101.2 1507.4 1528.6 -999.0 1308.3 762.8 934.5 689.4 1085.2 1224.8 993.8 1078.1 1105.2 1088.6 1029.7 962.8 893.0 804.0 581.8 763.1 971.4 961.8 1233.9 1348.6 1445.3 1048.4 976.1 1143.0 1141.2 1116.3 1267.0 1229.1 1278.8 1361.6 1361.1 1339.4 1316.1 1246.8 1256.0 -999.0 -999.0 -999.0 -999.0 -999.0 -999.0 -999.0 -999.0 -999.0 -999.0 -999.0 -999.0 -999.0 -999.0 -999.0 -999.0 -999.0 -999.0 -999.0 -999.0 -999.0 -999.0 -999.0 -999.0 -999.0 -999.0 -999.0 -999.0
1613.1 1382.9 1258.0 1351.0 1051.0 1430.5 -999.0 1572.3 1360.1 1548.5 1152.9 1309.4 969.4 600.2 996.5 910.4 1046.6 818.2 673.0 768.2 950.9 1273.4 1205.2 1313.7 1060.9 1129.2 1131.3 1024.5 1095.2 1126.4 1072.5 1180.5 1288.8 1290.7 1386.4 1384.7 1310.1 1279.7 1311.8 1312.5 1299.5 1386.4 1372.0 -999.0 -999.0 -999.0 -999.0 -999.0 -999.0 -999.0 -999.0 -999.0 -999.0 -999.0 -999.0 -999.0 -999.0 -999.0 -999.0 -999.0 -999.0 -999.0 -999.0 -999.0 -999.0 -999.0 -999.0 -999.0 -999.0 -999.0 -999.0
1568.2 1431.0 1605.2 1224.7 1497.5 -999.0 1611.8 1587.3 1436.8 627.7 985.2 498.3 918.0 1119.8 1221.0 916.8 866.9 974.5 828.4 1043.5 872.1 787.5 936.2 1365.8 1069.2 894.6 846.8 1046.6 1046.8 1445.9 1245.9 1376.1 1405.1 1440.9 1428.1 1190.7 1192.8 1191.9 1229.2 1221.4 1298.8 1390.2 1471.4 -999.0 -999.0 -999.0 -999.0 -999.0 -999.0 -999.0 -999.0 -999.0 -999.0 -999.0 -999.0 -999.0 -999.0 -999.0 -999.0 -999.0 -999.0 -999.0 -999.0 -999.0 -999.0 -999.0 -999.0 -999.0 -999.0 -999.0 -999.0
1581.1 1514.3 921.7 1599.3 -999.0 1634.7 -999.0 1238.6 1099.8 922.4 1539.3 724.2 976.6 926.0 1078.0 552.1 963.2 556.7 980.8 1055.8 689.5 1181.6 1557.7 1043.5 736.0 684.2 1116.5 1121.1 1097.4 1193.8 1348.0 1408.0 1411.7 1407.8 1120.8 1261.3 1295.0 1362.0 1331.7 1336.3 1434.5 1489.8 -999.0 -999.0 -999.0 -999.0 -999.0 -999.0 -999.0 -999.0 -999.0 -999.0 -999.0 -999.0 -999.0 -999.0 -999.0 -999.0 -999.0 -999.0 -999.0 -999.0 -999.0 -999.0 -999.0 -999.0 -999.0 -999.0 -999.0 -999.0 -999.0
747.6 864.3 1178.9 1593.9 -999.0 -999.0 1516.0 1488.7 1522.8 1469.3 1121.5 668.8 1339.2 1117.5 604.1 865.1 862.6 669.9 668.5 859.9 1390.2 909.6 916.5 742.1 861.5 1030.3 809.7 803.1 1096.0 1290.8 1443.4 1432.2 1322.2 1084.3 1312.0 1425.0 1428.2 1567.9 1535.3 1502.0 -999.0 -999.0 -999.0 -999.0 -999.0 -999.0 -999.0 -999.0 -999.0 -999.0 -999.0 -999.0 -999.0 -999.0 -999.0 -999.0 -999.0 -999.0 -999.0 -999.0 -999.0 -999.0 -999.0 -999.0 -999.0 -999.0 -999.0 -999.0 -999.0 -999.0 -999.0
983.8 1282.0 1468.2 1592.1 -999.0 1619.1 1467.6 1316.0 1137.5 1353.0 1131.7 1446.7 1452.6 1200.4 931.1 1005.1 1154.1 1210.3 1135.2 984.2 785.3 1148.4 953.1 1015.7 877.6 810.5 1003.5 1061.4 1242.5 1387.4 1453.5 1460.1 1269.7 1351.2 1517.0 1536.7 1587.6 1560.1 1569.4 -999.0 -999.0 -999.0 -999.0 -999.0 -999.0 -999.0 -999.0 -999.0 -999.0 -999.0 -999.0 -999.0 -999.0 -999.0 -999.0 -999.0 -999.0 -999.0 -999.0 -999.0 -999.0 -999.0 -999.0 -999.0 -999.0 -999.0 -999.0 -999.0 -999.0 -999.0 -999.0
1447.2 1182.4 1436.6 -999.0 -999.0 1590.6 1140.3 1256.7 1070.1 1329.1 1497.3 1270.6 914.1 908.1 997.4 1091.6 996.3 788.3 1134.8 968.8 1286.0 1153.9 931.1 1220.6 1444.6 1467.0 1354.1 1417.7 1469.9 1441.6 1453.4 1585.4 1457.6 1515.8 1564.3 1417.5 1493.7 1440.7 1509.0 -999.0 -999.0 -999.0 -999.0 -999.0 -999.0 -999.0 -999.0 -999.0 -999.0 -999.0 -999.0 -999.0 -999.0 -999.0 -999.0 -999.0 -999.0 -999.0 -999.0 -999.0 -999.0 -999.0 -999.0 -999.0 -999.0 -999.0 -999.0 -999.0 -999.0 -999.0 -999.0
-999.0 -999.0 -999.0 -999.0 1623.8 1255.1 1224.2 1129.8 1221.7 1145.4 908.1 963.7 791.8 1217.2 934.3 1434.5 852.4 1346.2 747.1 1199.7 980.6 694.0 1091.4 1284.6 1154.8 1271.8 1471.3 1433.2 1515.4 1578.3 1514.7 1592.2 1584.4 1486.1 1491.1 1479.3 1424.9 1491.0 1485.8 1574.4 -999.0 -999.0 -999.0 -999.0 -999.0 -999.0 -999.0 -999.0 -999.0 -999.0 -999.0 -999.0 -999.0 -999.0 -999.0 -999.0 -999.0 -999.0 -999.0 -999.0 -999.0 -999.0 -999.0 -999.0 -999.0 -999.0 -999.0 -999.0 -999.0 -999.0 -999.0
-999.0 -999.0 -999.0 -999.0 1579.0 1563.5 1215.8 1110.9 1476.8 1040.1 1294.3 1494.5 1117.2 922.4 1009.5 1620.5 932.1 1007.9 954.0 1183.6 881.5 1044.3 981.9 841.1 1100.9 1196.6 1250.8 1311.6 1360.3 1318.9 1286.9 1202.0 1260.0 1428.4 1533.9 1482.0 1300.4 1423.1 1320.6 1397.2 1440.2 -999.0 -999.0 -999.0 -999.0 -999.0 -999.0 -999.0 -999.0 -999.0 -999.0 -999.0 -999.0 -999.0 -999.0 -999.0 -999.0 -999.0 -999.0 -999.0 -999.0 -999.0 -999.0 -999.0 -999.0 -999.0 -999.0 -999.0 -999.0 -999.0 -999.0
-999.0 -999.0 -999.0 1634.8 1582.1 1496.6 1174.0 1363.5 1161.5 1176.1 1333.4 1532.0 1063.3 1020.0 825.3 1538.7 1033.1 1164.3 1115.8 1191.0 1064.9 1467.3 1318.1 1250.1 1281.9 1426.0 1251.1 1081.1 923.4 1020.7 1093.0 1221.8 1329.0 1253.5 1510.8 1374.5 1318.2 1315.4 1335.3 1369.9 1416.7 1497.8 -999.0 -999.0 -999.0 -999.0 -999.0 -999.0 -999.0 -999.0 -999.0 -999.0 -999.0 -999.0 -999.0 -999.0 -999.0 -999.0 -999.0 -999.0 -999.0 -999.0 -999.0 -999.0 -999.0 -999.0 -999.0 -999.0 -999.0 -999.0 -999.0
-999.0 -999.0 1628.4 -999.0 1535.5 1374.5 1476.8 1149.6 1023.3 1508.4 1606.6 1261.3 888.5 1169.1 1662.0 1436.8 654.6 1371.6 1371.5 1281.6 1235.1 1399.2 1449.2 1538.2 1490.2 1227.5 895.0 925.7 1062.9 1145.4 1308.4 1349.7 1362.5 1292.7 1393.4 1397.6 1501.5 1584.0 1592.5 1587.1 1573.4 -999.0 -999.0 -999.0 -999.0 -999.0 -999.0 -999.0 -999.0 -999.0 -999.0 -999.0 -999.0 -999.0 -999.0 -999.0 -999.0 -999.0 -999.0 -999.0 -999.0 -999.0 -999.0 -999.0 -999.0 -999.0 -999.0 -999.0 -999.0 -999.0 -999.0
-999.0 1625.8 1265.7 -999.0 1596.1 1552.3 1423.1 1401.1 1440.3 1435.3 998.3 1507.8 1032.7 1030.1 1050.5 1328.7 1520.5 881.3 1338.0 1510.1 1581.8 1587.6 1611.4 1644.0 1670.5 1361.7 1520.3 1534.6 1522.6 1376.2 1259.5 1352.0 1356.3 1424.0 1488.8 1488.5 1605.7 -999.0 -999.0 -999.0 -999.0 -999.0 -999.0 -999.0 -999.0 -999.0 -999.0 -999.0 -999.0 -999.0 -999.0 -999.0 -999.0 -999.0 -999.0 -999.0 -999.0 -999.0 -999.0 -999.0 -999.0 -999.0 -999.0 -999.0 -999.0 -999.0 -999.0 -999.0 -999.0 -999.0 -999.0
1578.9 1378.4 1493.3 -999.0 1270.1 1577.2 1342.8 1465.7 1669.7 1116.9 1104.5 968.4 939.4 1623.3 1105.3 1099.1 1604.3 1311.8 1252.3 1443.5 1420.0 1359.6 1311.5 1254.9 1591.7 1662.8 1657.9 1586.3 1495.3 1398.9 1288.8 1352.7 1366.4 1377.4 1504.6 -999.0 -999.0 -999.0 -999.0 -999.0 -999.0 -999.0 -999.0 -999.0 -999.0 -999.0 -999.0 -999.0 -999.0 -999.0 -999.0 -999.0 -999.0 -999.0 -999.0 -999.0 -999.0 -999.0 -999.0 -999.0 -999.0 -999.0 -999.0 -999.0 -999.0 -999.0 -999.0 -999.0 -999.0 -999.0 -999.0
957.8 1384.8 -999.0 1573.9 1558.4 1216.0 1475.6 1632.0 1118.6 1379.0 1044.2 985.8 1247.3 1414.6 1075.0 1087.1 1675.7 1673.5 1623.0 1541.2 1433.1 1365.1 1164.7 1109.9 1380.8 1537.6 1646.1 1680.9 1564.7 1549.1 1493.4 1476.7 1315.4 1345.8 1581.4 -999.0 -999.0 -999.0 -999.0 -999.0 -999.0 -999.0 -999.0 -999.0 -999.0 -999.0 -999.0 -999.0 -999.0 -999.0 -999.0 -999.0 -999.0 -999.0 -999.0 -999.0 -999.0 -999.0 -999.0 -999.0 -999.0 -999.0 -999.0 -999.0 -999.0 -999.0 -999.0 -999.0 -999.0 -999.0 -999.0
1600.3 1623.3 -999.0 1633.5 1046.4 1394.5 -999.0 1534.9 1172.1 1348.0 1119.4 1233.2 1182.0 1619.1 1574.6 1401.6 1556.5 1564.7 1430.6 1566.7 934.4 950.3 1068.7 1092.0 1346.8 1585.6 1615.2 1708.8 1736.9 1668.6 1639.6 1574.8 1607.8 -999.0 -999.0 -999.0 -999.0 -999.0 1544.4 1543.2 1532.7 1619.3 -999.0 -999.0 -999.0 -999.0 -999.0 -999.0 -999.0 -999.0 -999.0 -999.0 -999.0 -999.0 -999.0 -999.0 -999.0 -999.0 -999.0 -999.0 -999.0 -999.0 -999.0 -999.0 -999.0 -999.0 -999.0 -999.0 -999.0 -999.0 -999.0
1376.1 -999.0 -999.0 1268.8 1601.6 1147.1 -999.0 1560.9 1082.1 1407.9 1619.9 980.6 1641.4 1747.7 1717.7 1660.9 1516.4 1372.4 1159.5 1407.1 1376.7 1465.9 1451.0 1480.0 1414.4 1426.1 1440.3 1528.0 1620.1 1543.6 1489.0 1534.0 1634.2 1668.9 1685.3 -999.0 -999.0 1644.6 1554.7 1461.9 1548.5 1566.2 1584.3 1625.3 -999.0 -999.0 -999.0 -999.0 -999.0 -999.0 -999.0 -999.0 -999.0 -999.0 -999.0 -999.0 -999.0 -999.0 -999.0 -999.0 -999.0 -999.0 -999.0 -999.0 -999.0 -999.0 -999.0 -999.0 -999.0 -999.0 -999.0
1673.5 -999.0 -999.0 1646.9 1366.4 1205.0 1647.4 1394.5 1570.5 1436.7 1365.8 1290.4 1698.8 1585.9 1370.1 1376.5 1393.9 1577.2 1586.3 1556.6 1589.5 1524.9 1511.4 1491.7 1422.7 1334.0 1344.6 1421.2 1308.1 1275.6 1459.6 1540.8 1567.2 1602.7 1571.4 1641.4 1609.8 1516.8 1475.8 1518.2 1475.0 1309.5 1327.4 1256.0 1564.7 -999.0 -999.0 -999.0 -999.0 -999.0 -999.0 -999.0 -999.0 -999.0 -999.0 -999.0 -999.0 -999.0 -999.0 -999.0 -999.0 -999.0 -999.0 -999.0 -999.0 -999.0 -999.0 -999.0 -999.0 -999.0 -999.0
-999.0 -999.0 -999.0 1443.1 1101.2 1432.0 1331.9 1659.2 1417.7 1521.3 1730.7 1736.4 -999.0 1368.1 1088.6 1376.0 1482.6 1605.0 1609.5 1690.8 1733.2 1542.0 1532.5 1474.7 1313.6 1259.6 1243.5 1313.1 1344.4 1343.7 1413.1 1418.9 1417.0 1352.3 1477.0 1572.3 1434.7 1481.7 1413.4 1432.1 1335.5 1191.9 1155.1 1114.6 1270.7 1230.8 1200.4 1513.5 -999.0 -999.0 -999.0 -999.0 -999.0 -999.0 -999.0 -999.0 -999.0 -999.0 -999.0 -999.0 -999.0 -999.0 -999.0 -999.0 -999.0 -999.0 -999.0 -999.0 -999.0 -999.0 -999.0
-999.0 -999.0 -999.0 1442.4 1488.3 1572.1 1150.2 1690.3 -999.0 1735.4 1641.3 1753.0 -999.0 1306.5 960.9 1277.1 1351.9 1559.3 1692.7 1682.1 1672.5 1742.6 1655.5 1555.6 1451.8 1231.0 1202.2 1197.1 1277.1 1266.9 1210.1 1189.0 1097.6 1223.4 1414.6 1504.9 1390.4 1375.7 1323.5 1019.2 983.7 1134.3 1139.9 1206.8 1235.9 1224.9 1386.6 1416.8 -999.0 -999.0 -999.0 -999.0 -999.0 -999.0 -999.0 -999.0 -999.0 -999.0 -999.0 -999.0 -999.0 -999.0 -999.0 -999.0 -999.0 -999.0 -999.0 -999.0 -999.0 -999.0 -999.0
-999.0 -999.0 -999.0 -999.0 1484.6 1326.0 1477.1 1713.3 -999.0 -999.0 1681.8 1746.7 1603.0 1343.9 1124.7 1444.4 1374.4 1265.2 1428.6 1488.8 1563.9 1406.5 1571.1 1665.3 1544.6 1409.7 1254.5 1180.1 1076.4 1165.5 1047.4 1043.7 1174.4 1276.8 1253.2 1302.7 1255.3 1168.9 1102.0 1128.5 1007.3 1120.7 1178.7 1214.5 1451.2 1437.0 1334.4 1323.3 1383.7 -999.0 -999.0 -999.0 -999.0 -999.0 -999.0 -999.0 -999.0 -999.0 -999.0 -999.0 -999.0 -999.0 -999.0 -999.0 -999.0 -999.0 -999.0 -999.0 -999.0 -999.0 -999.0
-999.0 -999.0 -999.0 1667.7 1401.6 1349.9 -999.0 -999.0 -999.0 -999.0 -999.0 1745.7 1731.3 1311.7 1385.0 1559.6 1411.6 1278.2 1214.0 1312.8 1401.4 1344.8 1339.2 1460.1 1572.0 1382.2 1200.3 1227.7 1194.0 1164.5 1069.0 1153.0 1233.4 1195.0 1201.5 1019.7 1057.8 1163.3 1184.3 1269.1 1157.9 1194.1 1271.1 1270.6 1446.4 1476.2 1460.5 1456.5 1494.2 -999.0 -999.0 -999.0 -999.0 -999.0 -999.0 -999.0 -999.0 -999.0 -999.0 -999.0 -999.0 -999.0 -999.0 -999.0 -999.0 -999.0 -999.0 -999.0 -999.0 -999.0 -999.0
-999.0 1711.8 -999.0 1281.3 1394.4 1613.9 1669.1 1375.2 1284.7 -999.0 -999.0 -999.0 1743.9 1504.1 1524.8 1527.2 1494.0 1396.0 1257.4 1194.0 1156.5 1142.2 1243.1 1287.5 1371.2 1561.7 1251.6 1259.8 1206.9 1229.6 1296.6 1306.0 1118.7 1199.0 1021.9 861.6 942.1 1091.0 1104.3 1299.8 1274.7 1306.8 1320.7 1350.4 1466.4 1480.7 1502.5 1468.1 1436.1 1455.5 -999.0 -999.0 -999.0 -999.0 -999.0 -999.0 -999.0 -999.0 -999.0 -999.0 -999.0 -999.0 -999.0 -999.0 -999.0 -999.0 -999.0 -999.0 -999.0 -999.0 -999.0
-999.0 -999.0 1671.9 1229.6 1372.6 1656.1 1325.5 1127.3 1033.2 1622.5 -999.0 -999.0 -999.0 1713.9 1651.8 1648.2 1588.5 1528.3 1454.7 1271.8 1210.2 1205.4 1286.4 1303.1 1308.3 1319.0 1377.8 1318.2 1266.3 1150.8 1228.8 1076.8 1325.8 1206.7 1270.4 1243.3 970.2 994.3 1161.6 1249.4 1370.8 1408.4 1424.8 1438.0 1486.2 1491.1 1537.3 1470.8 1404.5 1445.9 1490.8 -999.0 -999.0 -999.0 -999.0 -999.0 -999.0 -999.0 -999.0 -999.0 -999.0 -999.0 -999.0 -999.0 -999.0 -999.0 -999.0 -999.0 -999.0 -999.0 -999.0
-999.0 -999.0 1530.6 1346.7 1191.3 1665.8 1663.7 1249.5 1165.6 1695.2 -999.0 -999.0 -999.0 -999.0 -999.0 1671.8 1643.3 1651.8 1614.1 1503.4 1407.9 1255.5 1068.9 1104.5 1222.7 1291.2 1367.0 1272.1 1253.9 1214.7 1282.2 1115.0 1341.6 1250.3 1214.4 1280.4 1443.3 1319.1 1391.0 1318.7 1448.7 1385.0 1458.8 1592.8 1599.9 1572.5 1540.3 1545.3 1363.2 1352.5 1413.9 1494.7 -999.0 -999.0 -999.0 -999.0 -999.0 -999.0 -999.0 -999.0 -999.0 -999.0 -999.0 -999.0 -999.0 -999.0 -999.0 -999.0 -999.0 -999.0 -999.0
-999.0 -999.0 1438.0 1224.6 1340.4 -999.0 1679.3 1555.3 973.7 1518.6 -999.0 -999.0 -999.0 -999.0 -999.0 1675.7 1579.7 1459.5 1531.1 1348.8 1154.8 1165.6 1035.5 1012.5 1078.3 1237.3 1172.7 1237.2 1268.4 1122.6 1088.3 1354.0 783.3 1156.8 980.1 1204.8 1081.2 1143.7 1454.6 1303.9 1405.0 1470.2 1554.5 1550.7 1451.6 1394.8 1452.1 1402.4 1515.6 1361.9 1240.4 1424.7 1435.4 1522.6 -999.0 -999.0 -999.0 -999.0 -999.0 -999.0 -999.0 -999.0 -999.0 -999.0 -999.0 -999.0 -999.0 -999.0 -999.0 -999.0 -999.0
-999.0 -999.0 1462.9 1436.8 1636.8 -999.0 -999.0 1315.4 1047.4 1201.5 -999.0 -999.0 -999.0 -999.0 -999.0 1688.0 1632.2 1487.8 1500.6 1422.5 1267.7 1341.2 1230.6 1207.5 1072.7 1150.2 1135.3 1193.1 1051.3 827.1 973.7 1077.4 707.8 826.7 1105.0 1087.0 1248.4 1428.5 1354.9 1305.2 1398.8 1379.5 1414.5 1529.8 1477.0 1461.3 1324.4 1112.1 1260.0 1315.4 1275.9 1268.8 1425.7 1492.0 -999.0 -999.0 -999.0 -999.0 -999.0 -999.0 -999.0 -999.0 -999.0 -999.0 -999.0 -999.0 -999.0 -999.0 -999.0 -999.0 -999.0
-999.0 -999.0 1589.7 1546.0 -999.0 -999.0 -999.0 1653.1 1451.9 1390.8 -999.0 -999.0 -999.0 -999.0 -999.0 1681.1 1642.3 1525.6 1488.8 1463.3 1396.9 1276.1 1022.1 937.1 1086.1 1031.5 1191.5 1196.3 1195.0 978.5 1205.3 873.1 952.2 1069.4 1001.7 985.9 1327.9 1216.6 1372.8 1301.3 1321.9 1489.9 1405.4 1361.8 1361.2 1400.3 1022.8 998.9 1044.2 1305.5 1278.5 1267.9 1355.2 1407.1 -999.0 -999.0 -999.0 -999.0 -999.0 -999.0 -999.0 -999.0 -999.0 -999.0 -999.0 -999.0 -999.0 -999.0 -999.0 -999.0 -999.0
-999.0 1325.3 1399.4 1181.4 1748.8 -999.0 -999.0 -999.0 -999.0 -999.0 -999.0 -999.0 -999.0 -999.0 1546.9 1568.3 1470.4 1458.7 1421.8 1355.1 1381.2 1219.8 1155.0 1007.8 1123.1 1151.3 1005.0 1077.9 962.4 917.5 933.2 776.2 824.8 1108.3 1049.0 1017.5 1119.3 1239.4 1227.4 1393.9 1323.2 1283.0 1427.5 1312.3 1314.3 1115.6 1083.0 920.1 1042.0 1332.0 1353.0 1403.5 1329.2 1371.7 -999.0 -999.0 -999.0 -999.0 -999.0 -999.0 -999.0 -999.0 -999.0 -999.0 -999.0 -999.0 -999.0 -999.0 -999.0 -999.0 -999.0
-999.0 1219.8 1241.2 1398.3 1724.3 -999.0 -999.0 -999.0 -999.0 -999.0 -999.0 -999.0 -999.0 -999.0 1305.7 1560.1 1426.8 1284.0 1183.0 1212.5 1292.5 1279.7 1232.2 1362.2 1239.0 1007.6 975.4 1051.4 1058.6 1156.1 1259.6 811.1 1113.4 1075.8 1106.7 1097.0 1161.4 1265.4 1411.1 1227.8 1292.1 1296.8 1320.3 1268.9 1135.2 1051.0 1124.4 1049.0 1085.8 1341.2 1462.3 1447.6 1282.9 1434.3 -999.0 -999.0 -999.0 -999.0 -999.0 -999.0 -999.0 -999.0 -999.0 -999.0 -999.0 -999.0 -999.0 -999.0 -999.0 -999.0 -999.0
