GDD/GrowingDegreeDays_2001_Actual.txt
ncols         180
nrows         290
xllcorner     -200000
yllcorner     -200000
cellsize      5000
NODATA_value    -999
[rows 128 to 159 of 290, columns 71 to 141 of 180]
-999.0 1325.2 1685.8 1700.0 -999.0 -999.0 -999.0 -999.0 -999.0 -999.0 -999.0 -999.0 -999.0 1532.6 1427.1 1623.8 1390.8 1188.3 1276.5 1038.9 863.1 977.3 862.1 1023.6 1189.9 1291.2 1255.5 1028.4 1089.0 1145.3 1371.0 1136.7 803.6 1042.9 907.8 1136.5 1164.3 1374.2 1353.8 1231.0 1290.7 1264.6 1145.5 1008.9 910.8 976.8 1136.3 1250.3 1281.5 1400.6 1276.1 1275.8 1425.3 1523.0 -999.0 -999.0 -999.0 -999.0 -999.0 -999.0 -999.0 -999.0 -999.0 -999.0 -999.0 -999.0 -999.0 -999.0 -999.0 -999.0 -999.0
-999.0 -999.0 -999.0 -999.0 -999.0 -999.0 -999.0 -999.0 -999.0 -999.0 -999.0 -999.0 -999.0 1581.3 1676.1 1295.9 1367.8 1150.8 1260.0 983.0 969.5 789.7 872.0 914.5 1051.4 1115.2 1322.1 743.6 820.2 1158.6 1411.7 1120.7 893.8 1099.5 1078.2 965.4 1229.5 1086.1 1024.9 1175.4 1030.1 1017.3 817.6 1163.4 1177.4 1124.4 1114.5 1124.1 1329.5 1500.7 1428.4 1471.2 1531.2 1578.9 1591.2 -999.0 -999.0 -999.0 -999.0 -999.0 -999.0 -999.0 -999.0 -999.0 -999.0 -999.0 -999.0 -999.0 -999.0 -999.0 -999.0
-999.0 -999.0 -999.0 -999.0 -999.0 -999.0 -999.0 -999.0 -999.0 -999.0 -999.0 -999.0 1750.3 1372.1 1242.6 1246.4 1143.7 1126.0 1198.5 1256.5 927.9 948.2 868.9 942.6 976.7 1223.1 1462.6 1181.8 1084.4 1122.4 1357.5 1360.7 1157.7 1127.3 1138.9 1104.8 891.1 1210.7 1253.3 1217.1 1234.8 838.3 1029.7 912.1 1018.8 1249.5 1198.4 1163.9 1154.2 1145.8 1461.5 1559.2 1579.6 1574.1 1613.6 -999.0 -999.0 -999.0 -999.0 -999.0 -999.0 -999.0 -999.0 -999.0 -999.0 -999.0 -999.0 -999.0 -999.0 -999.0 -999.0
-999.0 -999.0 -999.0 -999.0 -999.0 -999.0 -999.0 -999.0 -999.0 -999.0 -999.0 -999.0 1449.4 1351.3 1316.2 947.4 997.6 1153.3 1192.5 931.8 1237.0 1138.7 979.3 1102.7 1094.6 1361.1 1507.2 1330.1 1252.9 1069.8 1422.7 1384.1 1346.3 1252.3 1356.6 1018.8 1359.5 1061.8 1183.6 1359.5 860.7 1248.8 1138.4 1075.3 1164.3 1101.9 1302.7 1302.1 1121.7 1186.0 1386.0 1405.5 1476.0 1557.0 1585.1 -999.0 -999.0 -999.0 -999.0 -999.0 -999.0 -999.0 -999.0 -999.0 -999.0 -999.0 -999.0 -999.0 -999.0 -999.0 -999.0
-999.0 -999.0 -999.0 -999.0 -999.0 -999.0 -999.0 -999.0 -999.0 -999.0 -999.0 1426.9 1461.3 1419.5 1114.6 1180.2 1144.0 672.8 1003.8 1028.2 1254.8 1153.3 1122.8 1224.0 1097.8 1160.1 1350.6 1248.9 1308.4 1480.3 1535.6 1442.4 1261.1 1258.3 1060.5 1245.3 1406.5 1070.3 1310.4 1261.1 894.3 1203.9 1309.8 1376.5 1238.1 1129.7 1191.6 1171.9 1166.8 1311.9 1378.6 1453.1 1546.6 1561.4 1583.0 -999.0 -999.0 -999.0 -999.0 -999.0 -999.0 -999.0 -999.0 -999.0 -999.0 -999.0 -999.0 -999.0 -999.0 -999.0 -999.0
-999.0 -999.0 -999.0 -999.0 -999.0 -999.0 -999.0 -999.0 -999.0 -999.0 1615.5 1427.6 1270.8 1424.7 1288.4 1182.0 1244.7 1045.8 1159.4 754.8 1329.6 1382.9 1264.0 1201.9 1183.4 1177.0 1356.6 1502.3 1591.4 1361.8 1538.2 1546.4 1353.4 1311.6 1329.5 1348.0 1479.4 1296.7 1467.4 1293.1 966.7 1063.9 1069.5 1171.6 1227.3 1309.9 1342.9 1177.4 1255.9 1322.2 1365.6 1440.1 1491.7 1594.0 1614.4 1628.3 -999.0 -999.0 -999.0 -999.0 -999.0 -999.0 -999.0 -999.0 -999.0 -999.0 -999.0 -999.0 -999.0 -999.0 -999.0
-999.0 -999.0 -999.0 -999.0 -999.0 -999.0 -999.0 -999.0 -999.0 -999.0 1333.0 1009.3 1219.2 1258.7 1279.3 1300.3 1404.1 749.9 989.1 1166.2 1208.0 1427.5 1389.4 1276.4 1321.5 1036.1 1451.2 1597.0 1609.3 1604.9 1346.0 1552.8 1348.4 1406.8 1376.8 1445.7 1464.8 1491.9 1314.5 1401.5 1189.1 1132.1 1193.5 1133.4 1275.6 1384.3 1424.0 1305.7 1361.0 1273.1 1365.7 1493.0 1606.6 1569.0 1586.6 1619.2 -999.0 -999.0 -999.0 -999.0 -999.0 -999.0 -999.0 -999.0 -999.0 -999.0 -999.0 -999.0 -999.0 -999.0 -999.0
-999.0 -999.0 -999.0 -999.0 -999.0 -999.0 -999.0 -999.0 1582.9 1505.0 1229.1 1236.4 1254.7 1186.8 1306.7 1297.5 1428.3 1031.3 1124.7 1128.4 1253.2 1298.9 1478.3 1293.2 1270.7 1373.4 1422.1 1481.0 1683.6 1647.2 1503.4 1524.9 1526.9 1497.2 1475.1 1544.8 1572.8 1472.0 1479.2 1453.5 1150.5 1228.0 1249.7 1249.6 1173.2 1329.1 1395.2 1544.2 1448.9 1401.3 1446.3 1510.3 1605.3 1601.7 1594.2 1598.0 -999.0 -999.0 -999.0 -999.0 -999.0 -999.0 -999.0 -999.0 -999.0 -999.0 -999.0 -999.0 -999.0 -999.0 -999.0
-999.0 -999.0 -999.0 -999.0 -999.0 -999.0 -999.0 -999.0 1502.5 1470.8 1543.1 1273.9 1318.2 1219.4 1369.1 1446.2 1456.4 1392.9 1294.1 981.3 1230.3 1324.7 1491.9 1510.5 1464.9 1493.8 1518.5 1482.2 1622.9 1532.8 1625.0 1597.0 1601.1 1583.4 1599.8 1618.4 1647.8 1614.6 1491.7 1469.8 1487.7 1376.8 1329.6 1339.7 1363.6 1415.9 1659.4 1527.7 1304.6 1385.5 1514.0 1526.8 1580.2 1580.3 1656.2 1653.6 1715.3 -999.0 -999.0 -999.0 -999.0 -999.0 -999.0 -999.0 -999.0 -999.0 -999.0 -999.0 -999.0 -999.0 -999.0
-999.0 -999.0 -999.0 -999.0 -999.0 -999.0 -999.0 -999.0 1504.1 1476.2 1642.3 1372.4 1489.5 1394.2 1455.8 1503.0 1457.8 1502.8 1212.7 1231.5 1316.7 1211.4 1460.3 1518.4 1470.1 1556.5 1442.2 1175.5 1514.3 -999.0 -999.0 -999.0 1624.4 1591.8 -999.0 1663.7 1673.9 1635.1 1610.6 1566.1 1427.7 1284.8 1394.7 1414.9 1356.2 1467.4 1386.7 1382.9 1533.2 1618.8 1635.6 1627.0 1576.0 1772.0 1766.8 1733.6 1695.4 -999.0 -999.0 -999.0 -999.0 -999.0 -999.0 -999.0 -999.0 -999.0 -999.0 -999.0 -999.0 -999.0 -999.0
1746.3 -999.0 -999.0 -999.0 -999.0 -999.0 -999.0 -999.0 1664.7 1375.2 1587.6 1592.5 1525.5 1451.8 1453.5 1486.7 1546.9 1550.7 1511.9 1110.5 1325.4 1275.0 1489.5 1519.3 1353.3 1599.6 1547.6 1529.0 1552.7 -999.0 -999.0 -999.0 1628.5 1616.0 1597.6 1633.7 1686.2 1667.9 1651.3 1443.5 1206.0 1130.5 1321.8 1116.0 1362.9 1422.6 1226.4 1436.6 1385.3 1389.6 1443.1 1655.7 1575.3 1478.1 1652.7 1675.7 1708.5 -999.0 -999.0 -999.0 -999.0 -999.0 -999.0 -999.0 -999.0 -999.0 -999.0 -999.0 -999.0 -999.0 -999.0
1565.4 1609.5 -999.0 -999.0 -999.0 -999.0 -999.0 -999.0 -999.0 1527.2 1464.4 1609.6 -999.0 1513.6 1467.3 1502.0 1524.3 1593.6 -999.0 1516.6 1596.0 1465.0 1592.7 1502.5 1466.3 1616.2 1610.1 -999.0 -999.0 -999.0 -999.0 1608.9 1631.3 1632.8 1640.9 1606.8 1600.7 1636.8 1571.5 1471.3 1165.2 857.6 1352.1 1015.3 1275.2 1159.6 1093.4 1310.6 1219.6 1369.0 1515.3 1417.3 1430.5 1543.3 1708.5 1642.8 1589.8 1739.5 -999.0 -999.0 -999.0 -999.0 -999.0 -999.0 -999.0 -999.0 -999.0 -999.0 -999.0 -999.0 -999.0
1455.1 -999.0 -999.0 -999.0 -999.0 -999.0 -999.0 -999.0 -999.0 -999.0 1595.2 -999.0 -999.0 -999.0 1611.0 1499.9 1526.4 1553.3 1576.5 -999.0 -999.0 1544.4 1671.9 1459.1 1397.7 -999.0 -999.0 -999.0 -999.0 -999.0 1627.2 1563.1 1619.9 1613.5 1623.4 1556.5 1592.7 1514.9 1433.5 1523.1 1333.7 1071.1 927.5 1141.5 983.8 947.0 956.1 1171.3 1154.3 1148.3 1257.4 1449.6 1493.7 1490.1 1706.4 1655.2 1556.1 1596.5 -999.0 -999.0 -999.0 -999.0 -999.0 -999.0 -999.0 -999.0 -999.0 -999.0 -999.0 -999.0 -999.0
-999.0 -999.0 -999.0 -999.0 -999.0 -999.0 -999.0 -999.0 -999.0 -999.0 1729.3 1712.7 -999.0 -999.0 -999.0 1621.9 1472.9 1477.6 1521.5 -999.0 -999.0 -999.0 -999.0 1637.1 -999.0 -999.0 -999.0 -999.0 -999.0 -999.0 1667.0 1616.3 1606.3 1498.3 1402.9 1397.2 1491.8 1491.2 1536.4 1508.2 1434.1 1156.3 959.0 1192.5 828.9 908.0 882.2 1126.8 1122.1 1020.0 1232.9 1396.8 1494.9 1640.8 1719.9 1633.3 1543.0 1590.6 -999.0 -999.0 -999.0 -999.0 -999.0 -999.0 -999.0 -999.0 -999.0 -999.0 -999.0 -999.0 -999.0
1813.9 1815.3 1789.2 -999.0 -999.0 -999.0 -999.0 -999.0 -999.0 -999.0 -999.0 1566.0 -999.0 -999.0 -999.0 -999.0 1623.1 1500.2 1564.8 -999.0 -999.0 -999.0 -999.0 -999.0 -999.0 -999.0 -999.0 -999.0 -999.0 1665.4 1607.3 1487.2 1397.8 1364.6 1266.5 1291.2 1381.9 1409.8 1496.3 1448.1 1444.4 1275.6 775.8 735.6 800.8 888.0 1157.4 1282.8 1241.5 1347.2 1507.1 1347.6 1365.6 1626.9 1654.7 1577.7 1538.3 1601.9 1715.9 -999.0 -999.0 -999.0 -999.0 -999.0 -999.0 -999.0 -999.0 -999.0 -999.0 -999.0 -999.0
1562.5 1604.8 1701.7 1761.4 -999.0 -999.0 -999.0 -999.0 -999.0 -999.0 -999.0 1462.1 -999.0 -999.0 -999.0 -999.0 -999.0 -999.0 -999.0 -999.0 -999.0 -999.0 -999.0 -999.0 -999.0 -999.0 -999.0 -999.0 -999.0 1579.0 1531.1 1550.3 1515.0 1574.5 1046.9 1230.6 1341.3 1217.5 1432.9 1349.5 1607.0 1427.7 920.2 655.8 888.2 1060.4 788.2 758.5 910.0 1099.3 1218.9 1559.2 1507.2 1543.2 1480.0 1558.1 1607.6 1609.5 1701.2 1802.6 -999.0 -999.0 -999.0 -999.0 -999.0 -999.0 -999.0 -999.0 -999.0 -999.0 -999.0
1652.0 1667.2 1654.7 1720.4 -999.0 -999.0 -999.0 -999.0 -999.0 -999.0 -999.0 -999.0 -999.0 -999.0 -999.0 -999.0 -999.0 -999.0 -999.0 -999.0 -999.0 -999.0 -999.0 -999.0 -999.0 -999.0 -999.0 -999.0 1717.4 1606.9 1465.4 1577.9 1275.0 1683.9 743.5 813.8 1394.7 1329.0 1405.8 1514.7 1471.9 1548.8 1331.4 715.1 797.2 975.0 1067.8 1163.4 1037.9 1106.3 1216.5 1387.6 1507.3 1549.6 1592.3 1627.1 1601.0 1687.6 1824.8 1857.0 -999.0 -999.0 -999.0 -999.0 -999.0 -999.0 -999.0 -999.0 -999.0 -999.0 -999.0
1730.3 1744.1 1750.2 1708.7 -999.0 -999.0 -999.0 -999.0 -999.0 -999.0 -999.0 -999.0 -999.0 -999.0 -999.0 -999.0 -999.0 -999.0 -999.0 -999.0 -999.0 -999.0 -999.0 -999.0 -999.0 -999.0 -999.0 -999.0 1721.5 1484.0 1557.6 1375.1 838.0 1337.8 1604.7 1185.3 1089.4 1265.8 1311.8 1418.9 1476.9 1543.4 1485.6 1363.7 767.0 939.0 1018.8 1186.1 1224.8 1255.7 1418.3 1458.1 1492.6 1456.3 1614.9 1560.1 1650.3 1691.8 1821.2 1900.4 1884.5 1830.9 1803.7 -999.0 -999.0 -999.0 -999.0 -999.0 -999.0 -999.0 -999.0
1676.9 1798.6 -999.0 1738.2 1771.4 -999.0 -999.0 -999.0 -999.0 -999.0 -999.0 -999.0 -999.0 -999.0 -999.0 -999.0 -999.0 -999.0 -999.0 -999.0 -999.0 -999.0 -999.0 -999.0 -999.0 -999.0 -999.0 -999.0 1686.8 1517.1 1439.5 1129.5 1454.5 1354.0 1247.6 1001.0 1229.1 1345.0 1042.7 1484.2 1326.1 1493.2 1553.5 1587.8 1285.4 1060.3 1077.2 1164.4 1236.4 1424.9 1439.3 1514.0 1591.3 1649.4 1642.8 1663.5 1648.9 1729.2 1801.4 1841.5 1568.1 1685.5 1600.9 1589.6 1676.8 -999.0 -999.0 -999.0 -999.0 -999.0 -999.0
1661.5 1738.8 1815.9 1775.2 -999.0 -999.0 -999.0 -999.0 -999.0 -999.0 -999.0 -999.0 -999.0 -999.0 -999.0 -999.0 -999.0 -999.0 -999.0 -999.0 -999.0 -999.0 -999.0 -999.0 -999.0 -999.0 -999.0 -999.0 1683.8 1502.1 1323.0 901.2 780.1 1037.1 1333.0 1262.0 1172.1 984.2 1362.9 1102.8 1289.2 1385.1 1435.1 1470.2 1543.2 1427.9 1077.2 1132.7 1238.0 1337.0 1432.9 1516.8 1564.1 1623.7 1693.4 1678.7 1694.0 1759.8 1756.6 1738.2 1635.0 1375.0 1424.6 1457.8 1438.6 1524.6 1771.3 -999.0 -999.0 -999.0 -999.0
1738.6 1790.8 1834.0 1790.1 -999.0 -999.0 -999.0 -999.0 -999.0 -999.0 -999.0 -999.0 -999.0 -999.0 -999.0 -999.0 -999.0 -999.0 -999.0 -999.0 -999.0 -999.0 -999.0 -999.0 -999.0 -999.0 -999.0 -999.0 1719.2 1649.4 1317.2 1107.1 1431.9 573.9 773.6 1323.2 1142.1 1314.9 1009.2 987.1 1269.6 1401.9 1363.8 1317.3 1462.0 872.0 975.0 1009.4 998.4 1024.3 1146.0 1471.7 1433.9 1606.4 1676.4 1685.7 1702.2 1730.4 1759.1 1772.4 1688.8 1449.0 1552.9 1602.5 1543.4 1487.6 1746.0 1573.3 -999.0 -999.0 -999.0
1788.8 1797.9 1712.2 1795.0 -999.0 -999.0 -999.0 -999.0 -999.0 -999.0 -999.0 -999.0 -999.0 -999.0 -999.0 -999.0 1880.8 1889.2 1916.3 -999.0 -999.0 -999.0 -999.0 -999.0 -999.0 -999.0 -999.0 -999.0 -999.0 1763.8 1668.3 1547.3 1315.8 1218.5 961.7 1487.4 1715.8 1225.1 1251.8 1296.1 1357.6 1216.2 1204.4 1296.0 1248.4 1037.7 1043.1 815.6 925.3 1130.5 1245.3 1264.0 1446.8 1602.6 1664.0 1695.1 1674.0 1721.0 1744.2 1342.7 1424.6 1153.1 1140.6 1248.9 1331.7 1570.2 1372.3 1482.7 1725.3 -999.0 -999.0
1840.8 1760.3 1785.3 -999.0 -999.0 -999.0 -999.0 -999.0 -999.0 -999.0 -999.0 -999.0 -999.0 -999.0 -999.0 -999.0 1861.5 1882.1 -999.0 -999.0 -999.0 -999.0 -999.0 -999.0 -999.0 -999.0 -999.0 -999.0 -999.0 -999.0 1707.5 1741.5 1331.6 1342.0 747.7 1361.5 1340.3 1427.6 1579.3 1575.3 1491.6 1488.5 832.5 1283.6 1195.4 844.0 1059.8 1334.1 1429.3 1100.1 1456.9 1287.0 1504.5 1644.3 1709.2 1702.1 1686.8 1623.1 1412.8 1318.3 1388.4 1408.6 1470.1 1385.9 1288.7 1327.3 1319.0 1511.5 1487.3 -999.0 -999.0
1721.5 1710.0 -999.0 -999.0 -999.0 -999.0 -999.0 -999.0 -999.0 -999.0 -999.0 -999.0 -999.0 -999.0 -999.0 1771.2 1466.1 1568.9 1822.7 -999.0 -999.0 -999.0 -999.0 -999.0 -999.0 -999.0 -999.0 -999.0 -999.0 -999.0 1705.5 1459.8 1343.5 1313.4 1470.8 1337.8 1522.5 1571.5 1617.6 1639.6 1438.0 1512.7 1554.4 858.0 1163.1 1221.2 993.3 1211.3 1027.6 1279.2 1275.8 1465.0 1567.5 1651.6 1664.5 1713.8 1699.9 1560.0 1449.5 1514.5 1447.6 1383.1 1425.9 1377.8 1396.9 1381.4 1383.0 1613.1 1488.1 1710.5 -999.0
-999.0 -999.0 -999.0 -999.0 -999.0 -999.0 -999.0 -999.0 -999.0 -999.0 -999.0 -999.0 -999.0 -999.0 1801.7 1345.5 1228.8 1075.3 1784.3 -999.0 -999.0 -999.0 -999.0 -999.0 -999.0 -999.0 -999.0 -999.0 -999.0 -999.0 1716.0 1256.0 1407.2 1773.1 1571.9 1627.4 1559.7 1719.9 1733.3 1598.9 1453.8 1647.0 1050.4 1230.3 984.0 1205.1 890.0 1418.5 1308.5 1488.8 1335.5 1518.6 1549.8 1589.1 1708.1 1715.6 1716.5 1654.8 1405.5 1390.1 1453.6 1574.4 1546.7 1551.9 1539.3 1521.6 1394.3 1422.1 1550.3 1567.2 -999.0
-999.0 -999.0 -999.0 -999.0 -999.0 -999.0 -999.0 -999.0 -999.0 -999.0 -999.0 -999.0 -999.0 1791.1 1710.3 1049.4 1366.4 1528.0 -999.0 -999.0 -999.0 -999.0 -999.0 -999.0 -999.0 -999.0 -999.0 -999.0 -999.0 -999.0 -999.0 1730.0 1798.2 1837.5 1573.7 1769.0 1578.7 1749.7 1748.1 1691.7 1542.3 1670.6 1109.5 1063.4 933.8 968.7 917.8 997.5 1016.9 1144.8 1266.8 1313.3 1410.8 1642.7 1706.3 1710.4 1671.0 1649.3 1625.3 1308.8 1458.9 1704.8 1725.4 1674.8 1699.1 1695.4 1692.4 1677.0 1741.2 1728.9 1669.6
-999.0 -999.0 -999.0 -999.0 -999.0 -999.0 -999.0 -999.0 -999.0 -999.0 -999.0 -999.0 -999.0 1537.4 1313.1 1638.3 1676.6 1738.3 -999.0 -999.0 -999.0 -999.0 -999.0 -999.0 -999.0 -999.0 -999.0 -999.0 -999.0 -999.0 -999.0 -999.0 1853.2 1746.3 1788.1 1807.0 1681.9 1757.2 1745.1 1709.6 1544.4 1683.8 1138.6 1175.0 1209.8 1010.2 1091.3 1181.0 902.3 936.3 1257.9 1203.1 1370.3 1463.1 1664.7 1704.1 1673.5 1675.2 1688.7 1672.3 1688.9 1762.2 1736.9 1694.9 1662.2 1685.6 1709.6 1719.1 1731.4 1488.9 1511.7
-999.0 -999.0 -999.0 -999.0 -999.0 -999.0 -999.0 -999.0 -999.0 -999.0 -999.0 -999.0 -999.0 1539.3 1647.1 1609.5 1759.7 -999.0 -999.0 -999.0 -999.0 -999.0 -999.0 -999.0 -999.0 -999.0 -999.0 -999.0 -999.0 -999.0 -999.0 -999.0 1857.4 1750.7 1767.3 -999.0 1771.6 -999.0 1807.0 1779.0 1716.4 1732.6 1651.2 1156.8 1211.6 1205.3 948.3 1461.3 1395.2 978.3 1142.4 1260.6 1354.6 1510.7 1650.3 1716.6 1736.4 1755.0 1740.1 1741.0 1690.4 1603.6 1692.2 1603.8 1647.8 1704.1 1633.1 1542.2 1607.7 1676.1 1691.6
-999.0 -999.0 -999.0 -999.0 -999.0 -999.0 -999.0 -999.0 -999.0 -999.0 -999.0 -999.0 1769.1 1812.3 1825.1 -999.0 -999.0 -999.0 -999.0 -999.0 -999.0 -999.0 -999.0 -999.0 -999.0 -999.0 -999.0 -999.0 -999.0 -999.0 -999.0 -999.0 1844.9 1835.8 1845.0 -999.0 -999.0 -999.0 1833.4 1614.5 1782.6 1656.2 1517.3 1572.3 1544.2 1441.5 1154.5 1141.8 1505.7 1164.6 1072.4 1334.8 1301.1 1440.9 1568.0 1766.1 1769.9 1786.2 1787.2 1777.3 1750.8 1717.0 1705.8 1641.6 1713.4 1647.6 1553.9 1508.5 1518.0 1556.5 1646.2
-999.0 -999.0 -999.0 -999.0 -999.0 -999.0 -999.0 -999.0 -999.0 -999.0 -999.0 -999.0 -999.0 -999.0 -999.0 -999.0 -999.0 -999.0 -999.0 -999.0 -999.0 -999.0 -999.0 -999.0 -999.0 -999.0 -999.0 -999.0 -999.0 -999.0 -999.0 -999.0 -999.0 -999.0 -999.0 -999.0 -999.0 1839.3 1807.3 1655.4 1428.2 1341.0 1329.4 1323.0 1444.0 1449.6 1244.9 1267.6 1381.4 1538.7 1307.7 1240.6 1413.2 1503.4 1599.8 1692.1 1749.9 1749.1 1795.5 1809.6 1808.6 1801.7 1772.0 1767.6 1658.7 1414.5 1556.2 1529.5 1641.2 1658.6 1752.8
-999.0 -999.0 -999.0 -999.0 -999.0 -999.0 -999.0 -999.0 -999.0 -999.0 -999.0 -999.0 -999.0 -999.0 -999.0 -999.0 -999.0 -999.0 -999.0 -999.0 -999.0 -999.0 -999.0 -999.0 -999.0 -999.0 -999.0 -999.0 -999.0 -999.0 -999.0 -999.0 -999.0 -999.0 -999.0 -999.0 -999.0 1783.4 1707.6 1468.9 1215.1 1040.5 1183.5 1465.3 1379.8 1619.6 1538.1 1583.1 1429.5 1356.7 1328.6 1343.5 1407.7 1528.4 1593.9 1645.8 1744.6 1753.0 1810.4 1834.3 1857.8 1843.0 1801.7 1779.7 1709.9 1379.6 1464.8 1646.8 1713.9 1756.2 1777.6
-999.0 -999.0 -999.0 -999.0 -999.0 -999.0 -999.0 -999.0 -999.0 -999.0 -999.0 -999.0 -999.0 -999.0 -999.0 -999.0 -999.0 -999.0 -999.0 -999.0 -999.0 -999.0 -999.0 -999.0 -999.0 -999.0 -999.0 -999.0 -999.0 -999.0 -999.0 -999.0 -999.0 -999.0 -999.0 -999.0 -999.0 1780.1 1757.2 1635.3 1376.5 1281.4 1346.6 1464.1 1501.0 1568.2 1506.2 1593.2 1604.8 1545.7 1705.8 1357.1 1515.5 1451.3 1577.9 1622.8 1761.7 1796.6 1810.2 1853.2 1903.1 1846.8 1827.0 1785.9 1764.9 1591.9 1541.8 1646.8 1733.2 1762.9 1793.6
