GDD/GrowingDegreeDays_1996_Actual.txt
ncols         180
nrows         290
xllcorner     -200000
yllcorner     -200000
cellsize      5000
NODATA_value    -999
[rows 64 to 95 of 290, columns 71 to 141 of 180]
-999.0 -999.0 -999.0 -999.0 -999.0 -999.0 -999.0 -999.0 -999.0 1383.0 1172.2 1207.3 1174.0 870.9 905.1 703.4 897.1 982.1 919.8 966.1 427.2 966.5 598.1 926.7 886.8 1089.4 1141.8 1018.2 820.6 861.9 644.8 1011.2 -999.0 -999.0 -999.0 -999.0 -999.0 -999.0 -999.0 -999.0 -999.0 -999.0 -999.0 -999.0 -999.0 -999.0 -999.0 -999.0 -999.0 -999.0 -999.0 -999.0 -999.0 -999.0 -999.0 -999.0 -999.0 -999.0 -999.0 -999.0 -999.0 -999.0 -999.0 -999.0 -999.0 -999.0 -999.0 -999.0 -999.0 -999.0 -999.0
-999.0 -999.0 -999.0 -999.0 -999.0 -999.0 -999.0 -999.0 -999.0 -999.0 1417.6 1216.9 950.9 882.1 891.0 835.9 838.0 1211.2 1073.8 1053.6 814.0 769.4 745.9 916.9 1040.8 952.5 1012.0 1065.3 987.7 1009.5 1049.2 1302.1 -999.0 -999.0 -999.0 -999.0 -999.0 -999.0 -999.0 -999.0 -999.0 -999.0 -999.0 -999.0 -999.0 -999.0 -999.0 -999.0 -999.0 -999.0 -999.0 -999.0 -999.0 -999.0 -999.0 -999.0 -999.0 -999.0 -999.0 -999.0 -999.0 -999.0 -999.0 -999.0 -999.0 -999.0 -999.0 -999.0 -999.0 -999.0 -999.0
-999.0 -999.0 -999.0 -999.0 -999.0 -999.0 -999.0 -999.0 1391.4 -999.0 1443.9 1261.1 904.3 870.3 782.0 537.0 1056.1 966.1 1214.4 1063.0 1061.1 955.5 861.0 1085.4 1054.0 971.6 907.9 889.6 1013.8 1165.0 1332.6 -999.0 -999.0 -999.0 -999.0 -999.0 -999.0 -999.0 -999.0 -999.0 -999.0 -999.0 -999.0 -999.0 -999.0 -999.0 -999.0 -999.0 -999.0 -999.0 -999.0 -999.0 -999.0 -999.0 -999.0 -999.0 -999.0 -999.0 -999.0 -999.0 -999.0 -999.0 -999.0 -999.0 -999.0 -999.0 -999.0 -999.0 -999.0 -999.0 -999.0
-999.0 -999.0 -999.0 -999.0 -999.0 -999.0 -999.0 -999.0 1398.5 1388.1 1350.7 1356.6 892.3 1257.5 1057.0 1150.3 995.7 1073.2 889.4 1199.8 1149.2 999.0 1046.2 1008.1 1020.0 1139.0 824.6 1022.2 1058.7 -999.0 -999.0 -999.0 -999.0 -999.0 -999.0 -999.0 -999.0 -999.0 -999.0 -999.0 -999.0 -999.0 -999.0 -999.0 -999.0 -999.0 -999.0 -999.0 -999.0 -999.0 -999.0 -999.0 -999.0 -999.0 -999.0 -999.0 -999.0 -999.0 -999.0 -999.0 -999.0 -999.0 -999.0 -999.0 -999.0 -999.0 -999.0 -999.0 -999.0 -999.0 -999.0
-999.0 -999.0 -999.0 -999.0 -999.0 -999.0 -999.0 -999.0 -999.0 1384.1 767.5 1355.1 1115.8 1039.8 1042.5 1229.6 877.6 1037.2 901.5 940.4 1162.4 1069.0 1115.5 1088.3 1042.0 1069.7 989.9 1340.0 -999.0 -999.0 -999.0 -999.0 -999.0 -999.0 -999.0 -999.0 -999.0 -999.0 -999.0 -999.0 -999.0 -999.0 -999.0 -999.0 -999.0 -999.0 -999.0 -999.0 -999.0 -999.0 -999.0 -999.0 -999.0 -999.0 -999.0 -999.0 -999.0 -999.0 -999.0 -999.0 -999.0 -999.0 -999.0 -999.0 -999.0 -999.0 -999.0 -999.0 -999.0 -999.0 -999.0
-999.0 -999.0 -999.0 -999.0 -999.0 -999.0 -999.0 -999.0 -999.0 -999.0 1424.9 1015.6 1376.7 1144.8 734.4 1178.2 1133.9 1139.8 1301.9 1028.9 1182.4 1041.5 994.5 1289.8 1013.8 1168.7 1284.1 -999.0 -999.0 -999.0 -999.0 -999.0 -999.0 -999.0 -999.0 -999.0 -999.0 -999.0 -999.0 -999.0 -999.0 -999.0 -999.0 -999.0 -999.0 -999.0 -999.0 -999.0 -999.0 -999.0 -999.0 -999.0 -999.0 -999.0 -999.0 -999.0 -999.0 -999.0 -999.0 -999.0 -999.0 -999.0 -999.0 -999.0 -999.0 -999.0 -999.0 -999.0 -999.0 -999.0 -999.0
-999.0 -999.0 -999.0 -999.0 -999.0 -999.0 1387.9 -999.0 -999.0 1436.6 1451.5 1196.0 1010.2 937.9 967.5 1204.7 1128.3 903.1 1060.4 1156.3 1295.5 1089.5 1029.0 1104.8 1378.4 1372.7 -999.0 -999.0 -999.0 -999.0 -999.0 -999.0 -999.0 -999.0 -999.0 -999.0 -999.0 -999.0 -999.0 -999.0 -999.0 -999.0 -999.0 -999.0 -999.0 -999.0 -999.0 -999.0 -999.0 -999.0 -999.0 -999.0 -999.0 -999.0 -999.0 -999.0 -999.0 -999.0 -999.0 -999.0 -999.0 -999.0 -999.0 -999.0 -999.0 -999.0 -999.0 -999.0 -999.0 -999.0 -999.0
-999.0 -999.0 -999.0 -999.0 1303.2 1468.7 1325.1 1447.2 1225.6 1447.4 982.5 1396.0 724.0 885.1 941.4 978.6 830.2 884.5 919.4 1306.8 1174.4 1269.8 1018.5 1135.2 1250.6 1377.5 -999.0 -999.0 -999.0 -999.0 -999.0 -999.0 -999.0 -999.0 -999.0 -999.0 -999.0 -999.0 -999.0 -999.0 -999.0 -999.0 -999.0 -999.0 -999.0 -999.0 -999.0 -999.0 -999.0 -999.0 -999.0 -999.0 -999.0 -999.0 -999.0 -999.0 -999.0 -999.0 -999.0 -999.0 -999.0 -999.0 -999.0 -999.0 -999.0 -999.0 -999.0 -999.0 -999.0 -999.0 -999.0
-999.0 -999.0 -999.0 -999.0 953.6 1444.1 1431.2 1226.2 1160.6 978.6 684.9 908.7 1439.6 742.3 677.7 774.8 705.4 1051.6 935.2 619.6 1115.0 1338.4 1382.0 1427.8 1409.5 -999.0 -999.0 1347.9 -999.0 -999.0 -999.0 -999.0 -999.0 -999.0 -999.0 -999.0 -999.0 -999.0 -999.0 -999.0 -999.0 -999.0 -999.0 -999.0 -999.0 -999.0 -999.0 -999.0 -999.0 -999.0 -999.0 -999.0 -999.0 -999.0 -999.0 -999.0 -999.0 -999.0 -999.0 -999.0 -999.0 -999.0 -999.0 -999.0 -999.0 -999.0 -999.0 -999.0 -999.0 -999.0 -999.0
-999.0 -999.0 -999.0 -999.0 1112.2 1260.2 1413.0 1166.1 772.2 1162.9 400.4 1030.0 1022.1 686.8 589.6 693.7 730.8 719.8 611.4 778.6 936.6 833.0 1175.4 1054.4 1368.2 1373.9 1338.9 1353.8 -999.0 -999.0 -999.0 -999.0 -999.0 -999.0 -999.0 -999.0 -999.0 -999.0 -999.0 -999.0 -999.0 -999.0 -999.0 -999.0 -999.0 -999.0 -999.0 -999.0 -999.0 -999.0 -999.0 -999.0 -999.0 -999.0 -999.0 -999.0 -999.0 -999.0 -999.0 -999.0 -999.0 -999.0 -999.0 -999.0 -999.0 -999.0 -999.0 -999.0 -999.0 -999.0 -999.0
-999.0 -999.0 -999.0 -999.0 1393.2 1118.5 1382.1 1064.0 1025.6 648.3 848.8 871.0 1041.9 1028.7 980.0 644.0 803.9 742.5 769.2 1084.1 1120.1 988.4 1189.0 1111.1 1343.5 1368.8 1323.2 -999.0 -999.0 -999.0 -999.0 -999.0 -999.0 -999.0 -999.0 -999.0 -999.0 -999.0 -999.0 -999.0 -999.0 -999.0 -999.0 -999.0 -999.0 -999.0 -999.0 -999.0 -999.0 -999.0 -999.0 -999.0 -999.0 -999.0 -999.0 -999.0 -999.0 -999.0 -999.0 -999.0 -999.0 -999.0 -999.0 -999.0 -999.0 -999.0 -999.0 -999.0 -999.0 -999.0 -999.0
-999.0 -999.0 -999.0 -999.0 1310.1 1395.5 1247.6 1464.4 556.1 761.2 759.5 860.1 645.4 368.8 798.0 958.7 996.1 681.2 788.3 1064.4 996.7 1164.3 1274.4 1432.4 1438.3 1184.3 -999.0 -999.0 -999.0 -999.0 -999.0 -999.0 -999.0 -999.0 -999.0 -999.0 -999.0 -999.0 -999.0 -999.0 -999.0 -999.0 -999.0 -999.0 -999.0 -999.0 -999.0 -999.0 -999.0 -999.0 -999.0 -999.0 -999.0 -999.0 -999.0 -999.0 -999.0 -999.0 -999.0 -999.0 -999.0 -999.0 -999.0 -999.0 -999.0 -999.0 -999.0 -999.0 -999.0 -999.0 -999.0
-999.0 -999.0 -999.0 1436.7 1103.7 1068.0 791.4 1011.5 1414.9 824.8 842.8 804.8 905.5 871.5 968.2 793.1 1011.1 1036.2 501.4 891.9 1071.0 1430.0 1492.2 1491.1 1427.8 -999.0 -999.0 -999.0 -999.0 -999.0 -999.0 1414.6 1395.1 1383.9 1401.6 -999.0 -999.0 1429.1 1286.7 1340.7 1417.0 1417.6 -999.0 -999.0 -999.0 1307.8 -999.0 1314.0 1333.4 -999.0 -999.0 -999.0 -999.0 -999.0 -999.0 -999.0 -999.0 -999.0 -999.0 -999.0 -999.0 -999.0 -999.0 -999.0 -999.0 -999.0 -999.0 -999.0 -999.0 -999.0 -999.0
-999.0 -999.0 -999.0 -999.0 1324.6 1010.4 755.5 912.9 841.1 1364.1 844.6 922.1 759.3 960.2 1068.0 1376.2 1164.6 889.0 945.8 1083.7 1267.1 1295.7 1232.5 1148.1 1391.1 -999.0 -999.0 -999.0 1446.0 1483.2 1476.1 1431.4 1385.5 1423.1 1422.3 1434.8 1426.0 1307.1 1179.2 1191.2 1331.5 1369.6 1416.8 1310.6 1148.6 1098.0 1179.3 1254.5 1292.9 1282.5 -999.0 -999.0 -999.0 -999.0 -999.0 -999.0 -999.0 -999.0 -999.0 -999.0 -999.0 -999.0 -999.0 -999.0 -999.0 -999.0 -999.0 -999.0 -999.0 -999.0 -999.0
-999.0 1271.7 -999.0 1309.3 1567.8 1468.5 1377.5 428.1 1293.0 969.5 1161.7 888.3 1107.6 881.9 931.7 852.1 1210.3 1355.3 1336.9 1228.1 1388.0 1154.7 1246.1 1130.5 1338.7 1431.9 1461.3 1407.6 1447.2 1486.0 1349.2 1173.1 1347.2 1373.2 1266.5 1446.7 1129.1 1002.2 1063.9 1131.7 1289.3 1190.8 1278.5 1321.0 1227.5 1098.3 1162.0 1225.5 1075.3 1264.5 1298.8 -999.0 -999.0 -999.0 -999.0 -999.0 -999.0 -999.0 -999.0 -999.0 -999.0 -999.0 -999.0 -999.0 -999.0 -999.0 -999.0 -999.0 -999.0 -999.0 -999.0
-999.0 -999.0 1422.9 818.5 1109.9 1192.0 644.5 843.3 528.2 1167.6 902.4 879.2 989.8 1018.2 1223.1 752.3 875.2 885.0 1314.0 1436.2 1230.8 1355.8 1465.7 -999.0 1413.7 1368.5 1419.8 1305.6 1305.0 1341.7 1255.8 1263.5 1091.5 1068.9 1142.8 1250.3 1178.0 1183.3 1228.4 1240.2 1120.1 1239.9 1271.6 1251.4 1165.5 1167.1 1163.9 1193.2 1205.4 1196.3 1243.7 1278.1 -999.0 -999.0 -999.0 -999.0 -999.0 -999.0 -999.0 -999.0 -999.0 -999.0 -999.0 -999.0 -999.0 -999.0 -999.0 -999.0 -999.0 -999.0 -999.0
1282.6 -999.0 1421.3 1255.0 973.5 852.7 1156.3 557.4 665.6 1085.3 966.8 770.2 710.6 749.6 1005.6 1002.2 806.4 937.3 1013.0 1445.4 1476.3 1507.7 1545.3 1448.0 1229.9 1186.6 1207.1 1232.8 1306.3 1158.3 1075.8 1083.4 929.7 1019.2 1212.8 1054.8 1026.6 1015.6 1085.6 1324.1 1331.4 1352.6 1253.1 1243.3 1148.9 1166.5 1141.3 1214.6 1237.3 1257.7 1222.6 1251.4 -999.0 -999.0 -999.0 -999.0 -999.0 -999.0 -999.0 -999.0 -999.0 -999.0 -999.0 -999.0 -999.0 -999.0 -999.0 -999.0 -999.0 -999.0 -999.0
798.5 -999.0 -999.0 931.2 538.4 991.3 792.9 1459.9 1097.7 1013.6 1012.6 702.6 876.1 499.2 555.3 665.5 921.7 1118.3 1311.8 1380.4 1032.2 1264.0 1444.8 1199.3 1017.8 878.3 988.1 1097.7 1062.2 1080.6 895.1 877.2 1175.8 1173.7 1194.1 1249.1 1068.8 1068.5 1138.7 1268.5 1325.8 1264.9 1110.9 1238.6 1176.5 1183.4 1096.1 1216.6 1176.6 1197.0 1165.4 1207.2 -999.0 -999.0 -999.0 -999.0 -999.0 -999.0 -999.0 -999.0 -999.0 -999.0 -999.0 -999.0 -999.0 -999.0 -999.0 -999.0 -999.0 -999.0 -999.0
999.6 -999.0 -999.0 1182.9 1268.4 1241.6 1347.8 1104.1 884.7 628.9 1024.5 892.9 950.6 1070.9 1137.8 924.2 926.3 952.8 1005.2 1075.9 781.3 1305.8 1131.3 1161.4 997.4 752.5 847.1 1044.2 1004.3 967.5 803.2 983.3 1297.6 898.2 1070.5 973.4 878.8 1105.8 1041.8 1270.2 1191.0 1013.8 1141.6 1177.8 1250.6 1175.4 1247.9 1238.4 1120.7 1201.6 1207.1 -999.0 -999.0 -999.0 -999.0 -999.0 -999.0 -999.0 -999.0 -999.0 -999.0 -999.0 -999.0 -999.0 -999.0 -999.0 -999.0 -999.0 -999.0 -999.0 -999.0
1399.7 1366.3 -999.0 -999.0 1464.6 1142.0 1331.6 1060.0 703.8 463.6 770.8 449.9 732.5 857.6 928.3 1168.3 1120.3 986.9 1009.5 879.2 1432.9 1146.6 1205.1 761.9 991.0 999.3 689.8 914.9 912.5 921.9 1032.6 1186.3 1081.4 997.6 1043.9 948.0 967.6 844.0 994.2 1194.4 980.5 1124.4 1197.3 1188.5 1046.5 1200.3 1274.9 1318.8 1234.3 1209.3 1213.1 -999.0 -999.0 -999.0 -999.0 -999.0 -999.0 -999.0 -999.0 -999.0 -999.0 -999.0 -999.0 -999.0 -999.0 -999.0 -999.0 -999.0 -999.0 -999.0 -999.0
1227.1 1342.1 -999.0 -999.0 1318.5 1327.3 1412.6 1027.6 1469.3 1072.9 763.2 527.9 394.0 579.0 1050.4 1030.3 938.9 747.1 1015.1 1367.2 1090.7 1055.7 1041.0 835.8 899.7 962.7 718.7 1010.4 1065.0 1072.5 1111.5 740.0 1027.1 1009.0 615.6 821.9 938.4 904.5 1111.9 1130.2 1161.4 1213.0 1267.1 1251.6 1269.0 1182.5 1263.0 1277.9 1226.1 1191.2 -999.0 -999.0 -999.0 -999.0 -999.0 -999.0 -999.0 -999.0 -999.0 -999.0 -999.0 -999.0 -999.0 -999.0 -999.0 -999.0 -999.0 -999.0 -999.0 -999.0 -999.0
1185.8 1338.1 1281.2 1025.5 724.1 953.9 756.3 925.0 1258.0 878.0 404.7 452.6 1080.1 856.2 1025.4 824.8 674.5 729.4 967.4 1221.1 1061.3 660.1 576.2 839.2 812.3 787.5 1076.0 1146.4 1153.9 952.5 792.9 1043.6 1038.4 1029.3 871.2 692.2 822.5 661.5 1116.6 864.6 1025.8 1013.4 772.3 1156.0 1325.9 1200.0 1154.4 1257.4 1201.3 -999.0 -999.0 -999.0 -999.0 -999.0 -999.0 -999.0 -999.0 -999.0 -999.0 -999.0 -999.0 -999.0 -999.0 -999.0 -999.0 -999.0 -999.0 -999.0 -999.0 -999.0 -999.0
1434.3 1103.9 1329.1 763.6 1496.7 1387.0 1118.0 635.2 459.9 887.0 751.9 875.2 556.1 731.0 817.9 854.0 1088.0 1075.8 1105.0 1079.9 815.7 524.1 659.1 922.6 615.3 983.0 866.4 1206.5 1207.0 1113.2 954.5 863.9 866.2 830.0 672.9 706.4 972.2 869.9 1168.1 1160.4 1239.8 1203.8 1192.8 1264.4 1301.8 1316.0 1282.5 1240.7 1319.3 -999.0 -999.0 -999.0 -999.0 -999.0 -999.0 -999.0 -999.0 -999.0 -999.0 -999.0 -999.0 -999.0 -999.0 -999.0 -999.0 -999.0 -999.0 -999.0 -999.0 -999.0 -999.0
-999.0 1282.6 1166.3 -999.0 1483.1 898.4 537.0 434.1 915.7 1055.2 976.0 495.4 509.1 1121.7 1222.5 1016.1 715.0 1213.2 1086.5 812.2 585.4 529.9 571.1 488.7 780.3 687.9 868.2 1180.0 707.3 1028.2 653.8 697.0 671.1 608.5 749.7 926.3 1029.0 898.5 1024.0 960.7 1118.5 1103.8 1205.9 1237.6 1268.3 1300.5 1358.4 1291.8 -999.0 -999.0 -999.0 -999.0 -999.0 -999.0 -999.0 -999.0 -999.0 -999.0 -999.0 -999.0 -999.0 -999.0 -999.0 -999.0 -999.0 -999.0 -999.0 -999.0 -999.0 -999.0 -999.0
1468.2 1084.5 1455.4 -999.0 664.4 1013.1 932.3 1479.8 758.9 998.5 453.5 547.4 859.8 669.2 613.4 997.7 1381.8 820.6 770.5 683.5 472.7 451.0 466.5 441.7 704.3 989.5 1237.5 1170.3 1061.6 767.8 527.8 591.5 857.9 748.0 937.8 810.1 886.3 994.9 1104.5 1029.7 1013.1 1038.5 1155.3 1101.0 1270.1 1184.7 1180.3 1265.2 -999.0 -999.0 -999.0 -999.0 -999.0 -999.0 -999.0 -999.0 -999.0 -999.0 -999.0 -999.0 -999.0 -999.0 -999.0 -999.0 -999.0 -999.0 -999.0 -999.0 -999.0 -999.0 -999.0
1164.5 1418.8 -999.0 1252.3 1121.5 792.4 1112.0 911.3 665.1 1093.4 1088.3 923.0 1090.2 1253.3 1274.5 1264.5 856.5 538.7 508.9 499.2 460.7 361.6 475.0 868.8 1076.3 1090.8 577.7 873.3 306.0 266.2 496.0 541.5 554.3 761.9 853.4 870.8 814.7 1234.2 1254.6 1184.5 1225.6 1188.2 767.7 979.3 1332.1 1319.0 1292.7 1248.9 1317.5 -999.0 -999.0 -999.0 -999.0 -999.0 -999.0 -999.0 -999.0 -999.0 -999.0 -999.0 -999.0 -999.0 -999.0 -999.0 -999.0 -999.0 -999.0 -999.0 -999.0 -999.0 -999.0
-999.0 -999.0 1449.6 938.4 873.0 743.3 1222.6 886.5 520.9 1059.3 966.7 715.7 769.1 756.7 942.3 669.1 607.3 444.3 743.4 782.2 622.9 495.7 676.4 1084.1 959.9 1029.7 687.2 327.5 588.4 328.4 468.9 496.1 587.8 689.3 722.7 929.5 1158.9 1269.1 1205.2 1312.7 1322.9 1169.7 1207.8 1299.9 1376.3 1257.1 1198.4 1230.3 -999.0 -999.0 -999.0 -999.0 -999.0 -999.0 -999.0 -999.0 -999.0 -999.0 -999.0 -999.0 -999.0 -999.0 -999.0 -999.0 -999.0 -999.0 -999.0 -999.0 -999.0 -999.0 -999.0
-999.0 -999.0 1419.8 1426.4 1127.8 716.1 1002.8 685.1 1181.8 1213.4 1145.9 937.8 524.0 433.6 587.5 858.6 923.0 843.4 590.0 799.0 826.8 937.2 924.3 755.3 689.6 573.6 440.0 456.3 430.0 672.3 711.0 772.1 1056.8 1007.4 913.4 886.8 820.1 971.3 1090.6 869.6 1025.6 1324.6 1238.4 1128.9 1102.4 1078.4 1182.6 -999.0 -999.0 -999.0 -999.0 -999.0 -999.0 -999.0 -999.0 -999.0 -999.0 -999.0 -999.0 -999.0 -999.0 -999.0 -999.0 -999.0 -999.0 -999.0 -999.0 -999.0 -999.0 -999.0 -999.0
-999.0 -999.0 1112.9 760.1 1292.5 620.0 561.6 672.0 556.6 740.1 1075.9 969.2 1122.3 1189.0 559.5 672.7 582.5 228.8 1043.0 911.2 903.5 820.7 859.0 627.2 684.7 496.6 662.0 730.1 762.7 669.0 828.2 597.8 597.2 457.5 610.5 825.9 652.8 442.3 657.0 737.4 889.4 904.1 966.2 972.3 1093.5 1126.0 1232.0 -999.0 -999.0 -999.0 -999.0 -999.0 -999.0 -999.0 -999.0 -999.0 -999.0 -999.0 -999.0 -999.0 -999.0 -999.0 -999.0 -999.0 -999.0 -999.0 -999.0 -999.0 -999.0 -999.0 -999.0
-999.0 1403.6 1456.3 1208.2 1478.0 1258.4 1063.2 770.9 1118.7 1066.3 479.9 1010.9 1071.1 1091.4 1102.9 684.4 916.7 1123.2 966.6 504.4 604.4 848.2 390.2 571.4 637.8 509.3 436.9 522.7 571.0 540.9 533.0 548.5 511.6 324.6 867.8 617.3 641.0 1039.5 1067.0 757.2 944.5 894.4 886.1 1183.3 1100.1 1129.8 1184.6 -999.0 -999.0 -999.0 -999.0 -999.0 -999.0 -999.0 -999.0 -999.0 -999.0 -999.0 -999.0 -999.0 -999.0 -999.0 -999.0 -999.0 -999.0 -999.0 -999.0 -999.0 -999.0 -999.0 -999.0
-999.0 -999.0 1396.2 1116.1 534.8 1247.7 1466.9 1282.3 1354.9 1371.5 1299.3 1181.9 936.8 918.2 659.3 1041.0 938.2 944.6 520.5 652.8 928.9 832.9 376.5 688.4 562.7 789.4 489.4 511.5 755.2 337.2 382.4 379.6 294.3 373.6 609.2 465.3 593.2 758.5 995.7 1210.8 1161.6 958.7 1126.0 1296.9 1251.8 1122.7 1295.7 -999.0 -999.0 -999.0 -999.0 -999.0 -999.0 -999.0 -999.0 -999.0 -999.0 -999.0 -999.0 -999.0 -999.0 -999.0 -999.0 -999.0 -999.0 -999.0 -999.0 -999.0 -999.0 -999.0 -999.0
1383.3 1394.4 1401.0 1305.0 910.7 1428.2 635.5 1078.0 838.4 616.3 1285.3 1141.4 142.2 354.2 406.3 632.5 437.6 528.2 481.5 482.6 428.9 684.5 653.2 847.8 866.2 896.5 714.5 735.4 449.0 737.4 651.9 761.0 603.5 443.5 566.6 1060.2 775.9 691.3 997.3 764.4 1144.6 1299.9 1333.1 1310.5 1110.5 1182.9 -999.0 -999.0 -999.0 -999.0 -999.0 -999.0 -999.0 -999.0 -999.0 -999.0 -999.0 -999.0 -999.0 -999.0 -999.0 -999.0 -999.0 -999.0 -999.0 -999.0 -999.0 -999.0 -999.0 -999.0 -999.0
