GDD/GrowingDegreeDays_1985_Actual.txt
ncols         180
nrows         290
xllcorner     -200000
yllcorner     -200000
cellsize      5000
NODATA_value    -999
[rows 64 to 95 of 290, columns 71 to 141 of 180]
-999.0 -999.0 -999.0 -999.0 -999.0 -999.0 -999.0 -999.0 -999.0 1262.7 1053.2 1057.4 1020.2 759.5 787.6 622.5 794.9 865.0 807.4 823.5 377.0 808.9 499.5 764.1 728.7 894.1 942.0 837.0 672.8 698.6 533.5 854.6 -999.0 -999.0 -999.0 -999.0 -999.0 -999.0 -999.0 -999.0 -999.0 -999.0 -999.0 -999.0 -999.0 -999.0 -999.0 -999.0 -999.0 -999.0 -999.0 -999.0 -999.0 -999.0 -999.0 -999.0 -999.0 -999.0 -999.0 -999.0 -999.0 -999.0 -999.0 -999.0 -999.0 -999.0 -999.0 -999.0 -999.0 -999.0 -999.0
-999.0 -999.0 -999.0 -999.0 -999.0 -999.0 -999.0 -999.0 -999.0 -999.0 1271.8 1074.3 834.8 777.5 779.8 739.5 746.5 1074.0 949.2 913.9 699.0 651.4 622.3 754.0 845.3 778.1 826.0 862.3 800.3 825.3 875.1 1117.2 -999.0 -999.0 -999.0 -999.0 -999.0 -999.0 -999.0 -999.0 -999.0 -999.0 -999.0 -999.0 -999.0 -999.0 -999.0 -999.0 -999.0 -999.0 -999.0 -999.0 -999.0 -999.0 -999.0 -999.0 -999.0 -999.0 -999.0 -999.0 -999.0 -999.0 -999.0 -999.0 -999.0 -999.0 -999.0 -999.0 -999.0 -999.0 -999.0
-999.0 -999.0 -999.0 -999.0 -999.0 -999.0 -999.0 -999.0 1303.7 -999.0 1297.1 1121.6 806.5 772.4 686.5 481.1 930.7 849.5 1063.2 914.0 906.4 806.6 720.1 895.8 862.6 795.2 740.6 718.3 824.1 963.1 1133.3 -999.0 -999.0 -999.0 -999.0 -999.0 -999.0 -999.0 -999.0 -999.0 -999.0 -999.0 -999.0 -999.0 -999.0 -999.0 -999.0 -999.0 -999.0 -999.0 -999.0 -999.0 -999.0 -999.0 -999.0 -999.0 -999.0 -999.0 -999.0 -999.0 -999.0 -999.0 -999.0 -999.0 -999.0 -999.0 -999.0 -999.0 -999.0 -999.0 -999.0
-999.0 -999.0 -999.0 -999.0 -999.0 -999.0 -999.0 -999.0 1308.3 1278.6 1222.1 1199.4 795.9 1106.0 923.5 1005.8 870.2 934.0 769.9 1032.2 981.5 848.6 874.0 831.7 836.4 928.5 673.7 840.7 875.4 -999.0 -999.0 -999.0 -999.0 -999.0 -999.0 -999.0 -999.0 -999.0 -999.0 -999.0 -999.0 -999.0 -999.0 -999.0 -999.0 -999.0 -999.0 -999.0 -999.0 -999.0 -999.0 -999.0 -999.0 -999.0 -999.0 -999.0 -999.0 -999.0 -999.0 -999.0 -999.0 -999.0 -999.0 -999.0 -999.0 -999.0 -999.0 -999.0 -999.0 -999.0 -999.0
-999.0 -999.0 -999.0 -999.0 -999.0 -999.0 -999.0 -999.0 -999.0 1281.9 725.3 1212.8 981.0 910.2 909.6 1064.4 757.3 885.1 768.2 808.3 1002.8 908.3 934.2 898.6 854.0 875.1 814.8 1131.4 -999.0 -999.0 -999.0 -999.0 -999.0 -999.0 -999.0 -999.0 -999.0 -999.0 -999.0 -999.0 -999.0 -999.0 -999.0 -999.0 -999.0 -999.0 -999.0 -999.0 -999.0 -999.0 -999.0 -999.0 -999.0 -999.0 -999.0 -999.0 -999.0 -999.0 -999.0 -999.0 -999.0 -999.0 -999.0 -999.0 -999.0 -999.0 -999.0 -999.0 -999.0 -999.0 -999.0
-999.0 -999.0 -999.0 -999.0 -999.0 -999.0 -999.0 -999.0 -999.0 -999.0 1301.0 932.3 1220.9 1006.7 642.1 1008.6 960.3 964.6 1109.1 885.4 1036.7 890.2 830.6 1068.7 831.6 973.7 1091.5 -999.0 -999.0 -999.0 -999.0 -999.0 -999.0 -999.0 -999.0 -999.0 -999.0 -999.0 -999.0 -999.0 -999.0 -999.0 -999.0 -999.0 -999.0 -999.0 -999.0 -999.0 -999.0 -999.0 -999.0 -999.0 -999.0 -999.0 -999.0 -999.0 -999.0 -999.0 -999.0 -999.0 -999.0 -999.0 -999.0 -999.0 -999.0 -999.0 -999.0 -999.0 -999.0 -999.0 -999.0
-999.0 -999.0 -999.0 -999.0 -999.0 -999.0 1293.1 -999.0 -999.0 1329.2 1316.9 1081.3 903.0 822.3 831.3 1022.5 946.6 752.0 884.6 972.6 1106.2 916.8 855.8 900.6 1146.0 1164.8 -999.0 -999.0 -999.0 -999.0 -999.0 -999.0 -999.0 -999.0 -999.0 -999.0 -999.0 -999.0 -999.0 -999.0 -999.0 -999.0 -999.0 -999.0 -999.0 -999.0 -999.0 -999.0 -999.0 -999.0 -999.0 -999.0 -999.0 -999.0 -999.0 -999.0 -999.0 -999.0 -999.0 -999.0 -999.0 -999.0 -999.0 -999.0 -999.0 -999.0 -999.0 -999.0 -999.0 -999.0 -999.0
-999.0 -999.0 -999.0 -999.0 1171.2 1314.2 1204.1 1307.4 1121.9 1311.9 892.5 1239.6 641.8 769.1 799.9 817.3 686.5 723.3 745.8 1081.4 969.2 1051.9 837.7 929.8 1044.9 1180.8 -999.0 -999.0 -999.0 -999.0 -999.0 -999.0 -999.0 -999.0 -999.0 -999.0 -999.0 -999.0 -999.0 -999.0 -999.0 -999.0 -999.0 -999.0 -999.0 -999.0 -999.0 -999.0 -999.0 -999.0 -999.0 -999.0 -999.0 -999.0 -999.0 -999.0 -999.0 -999.0 -999.0 -999.0 -999.0 -999.0 -999.0 -999.0 -999.0 -999.0 -999.0 -999.0 -999.0 -999.0 -999.0
-999.0 -999.0 -999.0 -999.0 880.2 1272.6 1273.9 1117.4 1051.2 869.8 615.3 795.3 1236.9 637.9 571.9 636.8 570.1 847.3 748.7 497.5 898.5 1086.3 1124.5 1170.4 1179.1 -999.0 -999.0 1172.2 -999.0 -999.0 -999.0 -999.0 -999.0 -999.0 -999.0 -999.0 -999.0 -999.0 -999.0 -999.0 -999.0 -999.0 -999.0 -999.0 -999.0 -999.0 -999.0 -999.0 -999.0 -999.0 -999.0 -999.0 -999.0 -999.0 -999.0 -999.0 -999.0 -999.0 -999.0 -999.0 -999.0 -999.0 -999.0 -999.0 -999.0 -999.0 -999.0 -999.0 -999.0 -999.0 -999.0
-999.0 -999.0 -999.0 -999.0 1034.3 1159.0 1289.5 1073.7 705.4 1031.1 364.3 886.0 866.5 575.1 497.2 568.2 584.6 574.1 487.5 616.0 737.3 647.5 917.7 823.1 1119.7 1159.4 1154.3 1174.0 -999.0 -999.0 -999.0 -999.0 -999.0 -999.0 -999.0 -999.0 -999.0 -999.0 -999.0 -999.0 -999.0 -999.0 -999.0 -999.0 -999.0 -999.0 -999.0 -999.0 -999.0 -999.0 -999.0 -999.0 -999.0 -999.0 -999.0 -999.0 -999.0 -999.0 -999.0 -999.0 -999.0 -999.0 -999.0 -999.0 -999.0 -999.0 -999.0 -999.0 -999.0 -999.0 -999.0
-999.0 -999.0 -999.0 -999.0 1276.9 1039.8 1272.9 981.0 943.2 596.8 739.9 739.6 876.4 853.5 806.3 527.6 652.8 593.7 609.6 855.5 876.3 756.3 906.2 847.9 1073.5 1135.0 1129.0 -999.0 -999.0 -999.0 -999.0 -999.0 -999.0 -999.0 -999.0 -999.0 -999.0 -999.0 -999.0 -999.0 -999.0 -999.0 -999.0 -999.0 -999.0 -999.0 -999.0 -999.0 -999.0 -999.0 -999.0 -999.0 -999.0 -999.0 -999.0 -999.0 -999.0 -999.0 -999.0 -999.0 -999.0 -999.0 -999.0 -999.0 -999.0 -999.0 -999.0 -999.0 -999.0 -999.0 -999.0
-999.0 -999.0 -999.0 -999.0 1201.4 1253.7 1135.2 1320.3 542.7 717.4 692.1 743.4 550.2 315.9 643.1 780.1 814.6 548.4 628.9 836.1 764.6 884.1 953.2 1084.7 1150.1 987.7 -999.0 -999.0 -999.0 -999.0 -999.0 -999.0 -999.0 -999.0 -999.0 -999.0 -999.0 -999.0 -999.0 -999.0 -999.0 -999.0 -999.0 -999.0 -999.0 -999.0 -999.0 -999.0 -999.0 -999.0 -999.0 -999.0 -999.0 -999.0 -999.0 -999.0 -999.0 -999.0 -999.0 -999.0 -999.0 -999.0 -999.0 -999.0 -999.0 -999.0 -999.0 -999.0 -999.0 -999.0 -999.0
-999.0 -999.0 -999.0 1340.1 1018.9 956.2 721.4 921.6 1287.1 786.9 790.2 725.9 782.8 729.7 798.7 648.9 827.3 841.1 407.4 697.1 823.2 1112.0 1133.4 1135.8 1162.7 -999.0 -999.0 -999.0 -999.0 -999.0 -999.0 1274.2 1266.3 1247.0 1283.9 -999.0 -999.0 1296.8 1154.4 1191.8 1260.7 1272.4 -999.0 -999.0 -999.0 1181.3 -999.0 1177.6 1182.0 -999.0 -999.0 -999.0 -999.0 -999.0 -999.0 -999.0 -999.0 -999.0 -999.0 -999.0 -999.0 -999.0 -999.0 -999.0 -999.0 -999.0 -999.0 -999.0 -999.0 -999.0 -999.0
-999.0 -999.0 -999.0 -999.0 1172.3 905.3 689.1 831.5 783.3 1257.6 790.5 831.7 662.8 804.8 885.5 1148.6 956.6 717.5 752.2 857.3 1008.1 1035.7 979.3 916.8 1156.1 -999.0 -999.0 -999.0 1289.7 1318.5 1270.2 1267.8 1273.2 1306.8 1286.9 1295.1 1280.2 1157.9 1030.2 1026.8 1147.8 1188.7 1229.1 1151.2 1012.9 966.3 1024.3 1084.2 1113.2 1117.8 -999.0 -999.0 -999.0 -999.0 -999.0 -999.0 -999.0 -999.0 -999.0 -999.0 -999.0 -999.0 -999.0 -999.0 -999.0 -999.0 -999.0 -999.0 -999.0 -999.0 -999.0
-999.0 1215.1 -999.0 1197.2 1359.6 1271.3 1220.8 419.6 1182.5 900.4 1054.6 795.3 957.2 743.0 770.5 694.7 989.0 1101.0 1069.9 989.2 1135.5 946.4 1038.4 917.5 1105.1 1199.8 1220.8 1193.8 1258.8 1296.9 1166.9 1018.8 1200.1 1222.8 1115.8 1270.8 990.0 873.0 909.3 958.1 1092.4 1010.5 1092.2 1136.6 1056.2 943.3 991.3 1036.5 901.3 1074.6 1130.8 -999.0 -999.0 -999.0 -999.0 -999.0 -999.0 -999.0 -999.0 -999.0 -999.0 -999.0 -999.0 -999.0 -999.0 -999.0 -999.0 -999.0 -999.0 -999.0 -999.0
-999.0 -999.0 1320.6 773.5 978.6 1041.0 585.1 773.5 510.3 1055.8 814.8 785.6 854.3 852.5 1012.3 609.6 708.2 709.3 1066.2 1185.1 1022.7 1158.8 1257.3 -999.0 1188.1 1142.3 1171.8 1082.3 1100.9 1151.8 1079.2 1089.9 946.8 930.6 989.5 1080.2 1017.1 1022.4 1054.2 1061.0 956.1 1060.4 1091.6 1077.3 1006.2 1008.4 1001.0 1016.6 1015.0 1005.7 1076.4 1149.7 -999.0 -999.0 -999.0 -999.0 -999.0 -999.0 -999.0 -999.0 -999.0 -999.0 -999.0 -999.0 -999.0 -999.0 -999.0 -999.0 -999.0 -999.0 -999.0
1211.0 -999.0 1331.8 1146.8 877.4 767.8 1019.4 515.1 616.5 980.8 873.5 691.2 613.7 621.3 826.1 815.5 647.6 749.2 815.9 1209.7 1272.3 1304.5 1325.6 1231.3 1023.8 966.5 981.2 1009.8 1091.5 977.1 914.4 924.2 794.3 875.6 1043.4 911.9 889.6 878.5 932.7 1135.0 1142.7 1165.1 1082.8 1075.5 994.7 1018.2 991.9 1046.3 1052.2 1064.1 1060.7 1127.9 -999.0 -999.0 -999.0 -999.0 -999.0 -999.0 -999.0 -999.0 -999.0 -999.0 -999.0 -999.0 -999.0 -999.0 -999.0 -999.0 -999.0 -999.0 -999.0
789.3 -999.0 -999.0 892.8 528.0 904.6 714.6 1292.7 997.9 921.7 911.9 618.4 746.1 426.2 461.5 539.0 740.4 900.2 1074.0 1161.8 917.8 1095.4 1235.7 1012.4 834.6 711.7 795.6 888.8 872.1 901.1 750.0 738.7 989.7 994.6 1026.8 1080.6 924.6 921.1 975.7 1089.0 1143.9 1098.0 965.3 1070.9 1016.6 1036.9 953.1 1058.9 1012.3 1020.6 1017.1 1090.3 -999.0 -999.0 -999.0 -999.0 -999.0 -999.0 -999.0 -999.0 -999.0 -999.0 -999.0 -999.0 -999.0 -999.0 -999.0 -999.0 -999.0 -999.0 -999.0
947.0 -999.0 -999.0 1147.5 1195.0 1146.7 1217.0 1001.2 808.7 579.5 909.5 777.1 811.0 900.2 942.1 753.7 753.0 771.5 819.8 898.3 673.6 1116.6 950.8 957.1 805.2 601.7 675.5 841.8 815.4 792.2 662.6 814.6 1084.6 755.5 911.8 831.3 753.4 950.3 901.4 1104.1 1037.1 883.4 991.6 1019.3 1082.1 1026.7 1093.9 1083.3 968.5 1036.6 1064.5 -999.0 -999.0 -999.0 -999.0 -999.0 -999.0 -999.0 -999.0 -999.0 -999.0 -999.0 -999.0 -999.0 -999.0 -999.0 -999.0 -999.0 -999.0 -999.0 -999.0
1274.0 1298.7 -999.0 -999.0 1390.5 1101.0 1229.7 964.6 640.8 429.5 681.2 400.0 627.8 716.9 762.5 958.8 913.3 798.2 824.6 725.0 1212.1 967.5 1003.5 616.3 780.6 782.4 550.5 738.7 732.8 743.5 839.0 981.9 901.1 832.5 881.1 803.9 819.4 724.1 870.0 1067.8 850.3 976.5 1040.1 1036.1 912.7 1048.3 1112.4 1144.2 1064.3 1059.1 1087.8 -999.0 -999.0 -999.0 -999.0 -999.0 -999.0 -999.0 -999.0 -999.0 -999.0 -999.0 -999.0 -999.0 -999.0 -999.0 -999.0 -999.0 -999.0 -999.0 -999.0
1105.0 1242.6 -999.0 -999.0 1257.2 1243.8 1283.1 933.7 1300.2 943.0 666.0 456.5 336.8 481.6 876.7 859.4 774.9 612.1 825.7 1131.3 908.5 888.4 856.0 669.9 710.8 755.6 575.1 819.7 858.2 864.7 907.7 615.0 857.5 842.3 521.0 698.0 792.0 766.9 956.9 962.7 996.7 1052.0 1105.1 1098.4 1113.2 1039.2 1105.9 1115.6 1069.3 1064.3 -999.0 -999.0 -999.0 -999.0 -999.0 -999.0 -999.0 -999.0 -999.0 -999.0 -999.0 -999.0 -999.0 -999.0 -999.0 -999.0 -999.0 -999.0 -999.0 -999.0 -999.0
1064.4 1222.1 1179.5 974.1 689.7 853.2 692.0 833.5 1113.3 772.0 359.2 388.9 912.8 721.7 867.3 701.3 568.8 600.3 786.9 1005.1 886.6 555.2 473.2 667.1 637.5 625.6 872.7 941.5 948.1 780.1 652.6 871.7 877.4 877.0 741.1 587.6 692.6 560.7 951.1 739.1 883.6 875.8 678.5 1014.7 1158.3 1052.7 1015.8 1111.9 1065.8 -999.0 -999.0 -999.0 -999.0 -999.0 -999.0 -999.0 -999.0 -999.0 -999.0 -999.0 -999.0 -999.0 -999.0 -999.0 -999.0 -999.0 -999.0 -999.0 -999.0 -999.0 -999.0
1299.6 1028.3 1233.2 730.0 1311.0 1208.2 986.3 572.3 418.9 779.3 660.3 750.6 477.1 617.5 690.9 723.4 923.4 907.2 927.5 911.5 688.2 437.7 531.9 731.9 488.7 794.8 713.8 997.9 1000.3 928.4 796.5 722.8 726.3 696.1 557.6 584.5 814.1 739.6 1000.6 998.6 1073.7 1044.5 1045.2 1108.9 1136.5 1150.3 1116.9 1099.0 1191.9 -999.0 -999.0 -999.0 -999.0 -999.0 -999.0 -999.0 -999.0 -999.0 -999.0 -999.0 -999.0 -999.0 -999.0 -999.0 -999.0 -999.0 -999.0 -999.0 -999.0 -999.0 -999.0
-999.0 1179.8 1101.0 -999.0 1319.4 816.2 501.6 404.3 804.6 920.1 844.7 433.1 443.0 961.5 1045.0 860.8 604.1 1026.8 934.5 694.9 491.2 432.7 456.9 392.3 630.3 560.0 716.1 971.3 574.7 864.5 548.8 576.3 543.1 470.6 586.9 753.3 869.6 782.3 887.6 832.2 966.8 959.5 1055.4 1082.8 1112.7 1142.0 1179.9 1148.9 -999.0 -999.0 -999.0 -999.0 -999.0 -999.0 -999.0 -999.0 -999.0 -999.0 -999.0 -999.0 -999.0 -999.0 -999.0 -999.0 -999.0 -999.0 -999.0 -999.0 -999.0 -999.0 -999.0
1363.1 1026.4 1349.4 -999.0 648.0 921.2 838.0 1309.2 693.8 888.3 410.5 484.2 751.3 586.1 536.5 841.8 1141.1 701.2 672.8 577.9 390.0 368.1 375.9 351.8 563.6 800.1 1020.0 975.5 895.9 682.5 448.1 479.1 687.9 576.3 727.0 654.8 746.9 859.3 952.0 890.2 880.7 907.1 1010.9 963.5 1109.2 1041.9 1038.8 1125.4 -999.0 -999.0 -999.0 -999.0 -999.0 -999.0 -999.0 -999.0 -999.0 -999.0 -999.0 -999.0 -999.0 -999.0 -999.0 -999.0 -999.0 -999.0 -999.0 -999.0 -999.0 -999.0 -999.0
1134.8 1344.4 -999.0 1190.3 1070.1 751.3 1005.8 820.8 609.6 981.5 978.2 826.9 970.5 1111.2 1120.4 1094.8 741.3 478.0 442.1 415.9 374.8 291.5 378.2 695.9 879.6 906.0 493.5 751.2 284.1 250.1 415.0 431.8 436.6 602.8 685.1 713.8 677.7 1055.2 1065.7 1013.3 1073.7 1046.6 680.1 859.7 1155.7 1146.8 1135.6 1125.7 1220.2 -999.0 -999.0 -999.0 -999.0 -999.0 -999.0 -999.0 -999.0 -999.0 -999.0 -999.0 -999.0 -999.0 -999.0 -999.0 -999.0 -999.0 -999.0 -999.0 -999.0 -999.0 -999.0
-999.0 -999.0 1404.6 940.6 856.4 726.7 1126.7 813.4 491.7 967.4 888.8 666.3 712.3 690.2 834.7 587.3 531.3 380.0 621.7 649.1 509.2 402.3 549.8 894.7 803.8 871.5 587.4 284.1 507.3 272.6 379.5 398.5 468.7 553.0 596.5 771.7 966.1 1080.0 1008.2 1115.7 1154.4 1031.0 1068.2 1137.0 1187.7 1082.4 1052.6 1112.3 -999.0 -999.0 -999.0 -999.0 -999.0 -999.0 -999.0 -999.0 -999.0 -999.0 -999.0 -999.0 -999.0 -999.0 -999.0 -999.0 -999.0 -999.0 -999.0 -999.0 -999.0 -999.0 -999.0
-999.0 -999.0 1396.3 1381.8 1100.5 716.0 952.1 658.1 1092.7 1122.8 1076.9 888.5 517.7 420.3 535.4 753.2 792.8 709.1 491.0 659.3 681.1 782.5 775.2 636.3 581.6 484.3 370.5 380.7 356.6 546.0 579.0 629.8 876.8 841.6 773.8 740.7 677.9 825.5 927.7 735.4 890.8 1161.0 1075.9 966.4 934.5 919.8 1038.2 -999.0 -999.0 -999.0 -999.0 -999.0 -999.0 -999.0 -999.0 -999.0 -999.0 -999.0 -999.0 -999.0 -999.0 -999.0 -999.0 -999.0 -999.0 -999.0 -999.0 -999.0 -999.0 -999.0 -999.0
-999.0 -999.0 1134.1 811.7 1269.6 641.7 566.2 655.0 545.0 710.2 1034.7 947.1 1092.0 1128.6 527.1 595.9 496.2 192.2 866.2 751.2 754.7 694.4 722.8 526.9 571.7 408.8 540.7 595.8 627.5 550.1 690.1 496.1 494.4 382.0 507.8 681.8 540.1 384.7 559.3 622.5 759.2 770.7 817.9 824.1 919.8 945.2 1058.9 -999.0 -999.0 -999.0 -999.0 -999.0 -999.0 -999.0 -999.0 -999.0 -999.0 -999.0 -999.0 -999.0 -999.0 -999.0 -999.0 -999.0 -999.0 -999.0 -999.0 -999.0 -999.0 -999.0 -999.0
-999.0 1407.7 1440.6 1221.5 1453.1 1221.1 1012.8 741.9 1063.6 1034.6 510.4 1034.9 1098.4 1077.2 1012.0 579.3 761.6 951.5 817.0 426.2 507.3 712.3 326.4 473.5 523.6 413.2 353.1 419.9 464.4 447.1 457.5 483.3 436.8 273.4 722.8 502.8 538.2 908.3 938.8 652.0 816.3 766.7 747.9 998.7 918.5 956.6 1036.7 -999.0 -999.0 -999.0 -999.0 -999.0 -999.0 -999.0 -999.0 -999.0 -999.0 -999.0 -999.0 -999.0 -999.0 -999.0 -999.0 -999.0 -999.0 -999.0 -999.0 -999.0 -999.0 -999.0 -999.0
-999.0 -999.0 1385.6 1134.3 592.5 1193.1 1352.3 1195.2 1271.4 1324.8 1304.6 1270.6 1087.6 1010.5 622.4 849.4 756.4 788.5 441.8 552.9 771.1 693.4 308.3 561.7 454.1 651.1 398.3 415.0 621.8 281.4 342.2 377.4 268.1 318.1 501.6 385.2 502.9 660.4 871.2 1050.5 1004.4 819.4 942.1 1098.1 1063.5 986.9 1169.5 -999.0 -999.0 -999.0 -999.0 -999.0 -999.0 -999.0 -999.0 -999.0 -999.0 -999.0 -999.0 -999.0 -999.0 -999.0 -999.0 -999.0 -999.0 -999.0 -999.0 -999.0 -999.0 -999.0 -999.0
1335.2 1344.3 1350.5 1258.8 901.0 1335.9 624.8 1017.1 807.3 625.6 1289.4 1237.3 207.0 438.7 393.1 535.1 357.4 441.0 403.9 398.4 342.9 556.8 524.5 688.3 712.7 749.5 594.8 610.1 368.3 613.2 559.5 696.0 537.5 376.7 467.1 892.6 653.0 594.0 860.4 639.8 974.8 1111.3 1135.8 1121.0 971.6 1069.1 -999.0 -999.0 -999.0 -999.0 -999.0 -999.0 -999.0 -999.0 -999.0 -999.0 -999.0 -999.0 -999.0 -999.0 -999.0 -999.0 -999.0 -999.0 -999.0 -999.0 -999.0 -999.0 -999.0 -999.0 -999.0
