GDD/GrowingDegreeDays_2011_Actual.txt
ncols         180
nrows         290
xllcorner     -200000
yllcorner     -200000
cellsize      5000
NODATA_value    -999
[rows 128 to 159 of 290, columns 71 to 141 of 180]
-999.0 1423.9 1780.5 1823.9 -999.0 -999.0 -999.0 -999.0 -999.0 -999.0 -999.0 -999.0 -999.0 1663.0 1509.6 1703.8 1469.3 1270.2 1377.3 1106.0 895.3 1014.0 872.7 1046.6 1222.1 1330.4 1276.0 1029.1 1108.0 1182.1 1438.8 1179.9 808.0 1077.1 919.1 1177.4 1216.4 1453.0 1436.4 1303.8 1368.2 1352.7 1247.3 1094.9 984.0 1065.7 1246.0 1375.1 1417.7 1551.2 1405.5 1391.7 1544.9 1678.7 -999.0 -999.0 -999.0 -999.0 -999.0 -999.0 -999.0 -999.0 -999.0 -999.0 -999.0 -999.0 -999.0 -999.0 -999.0 -999.0 -999.0
-999.0 -999.0 -999.0 -999.0 -999.0 -999.0 -999.0 -999.0 -999.0 -999.0 -999.0 -999.0 -999.0 1719.8 1771.5 1360.7 1457.6 1233.6 1367.2 1048.4 1028.6 805.0 888.6 932.7 1086.0 1156.0 1377.8 731.5 828.8 1206.0 1480.9 1161.8 921.0 1151.0 1114.9 997.9 1296.9 1137.1 1071.6 1242.0 1077.7 1078.2 858.9 1260.1 1277.6 1220.1 1222.8 1236.7 1473.4 1668.2 1582.0 1612.1 1664.5 1763.2 1840.4 -999.0 -999.0 -999.0 -999.0 -999.0 -999.0 -999.0 -999.0 -999.0 -999.0 -999.0 -999.0 -999.0 -999.0 -999.0 -999.0
-999.0 -999.0 -999.0 -999.0 -999.0 -999.0 -999.0 -999.0 -999.0 -999.0 -999.0 -999.0 1977.5 1512.4 1316.6 1326.0 1221.3 1208.7 1296.8 1354.6 977.6 992.8 894.6 983.0 1031.9 1309.7 1569.9 1258.6 1151.6 1185.9 1438.5 1438.2 1222.4 1186.6 1192.2 1162.0 923.6 1277.7 1328.9 1286.2 1304.3 851.6 1087.4 970.4 1109.4 1378.8 1339.2 1292.3 1280.8 1268.0 1613.6 1708.6 1737.4 1774.7 1870.3 -999.0 -999.0 -999.0 -999.0 -999.0 -999.0 -999.0 -999.0 -999.0 -999.0 -999.0 -999.0 -999.0 -999.0 -999.0 -999.0
-999.0 -999.0 -999.0 -999.0 -999.0 -999.0 -999.0 -999.0 -999.0 -999.0 -999.0 -999.0 1622.4 1476.1 1416.7 1004.6 1068.4 1252.6 1290.3 976.5 1314.7 1200.7 1032.1 1189.2 1191.6 1493.5 1651.9 1443.3 1355.6 1143.6 1528.7 1483.6 1441.4 1336.8 1445.8 1071.4 1453.8 1116.3 1255.2 1444.1 869.0 1322.0 1196.1 1154.6 1285.9 1242.4 1463.8 1448.2 1248.5 1321.8 1535.0 1559.6 1655.8 1763.6 1839.2 -999.0 -999.0 -999.0 -999.0 -999.0 -999.0 -999.0 -999.0 -999.0 -999.0 -999.0 -999.0 -999.0 -999.0 -999.0 -999.0
-999.0 -999.0 -999.0 -999.0 -999.0 -999.0 -999.0 -999.0 -999.0 -999.0 -999.0 1595.7 1603.0 1541.7 1213.0 1297.0 1253.0 699.2 1077.2 1089.3 1326.5 1215.8 1206.7 1343.9 1209.0 1280.3 1488.2 1366.3 1431.4 1617.8 1672.1 1566.1 1362.7 1355.0 1127.0 1328.4 1500.6 1122.9 1399.9 1345.5 924.6 1272.4 1390.8 1489.9 1360.0 1251.8 1328.0 1301.8 1301.0 1465.7 1532.3 1622.6 1738.7 1760.1 1825.2 -999.0 -999.0 -999.0 -999.0 -999.0 -999.0 -999.0 -999.0 -999.0 -999.0 -999.0 -999.0 -999.0 -999.0 -999.0 -999.0
-999.0 -999.0 -999.0 -999.0 -999.0 -999.0 -999.0 -999.0 -999.0 -999.0 1811.0 1563.1 1368.7 1565.0 1453.4 1337.4 1385.6 1148.6 1276.5 798.8 1433.3 1483.6 1373.2 1323.1 1310.1 1297.9 1491.3 1654.1 1754.4 1503.4 1693.8 1693.3 1474.6 1424.9 1435.7 1446.6 1578.8 1360.3 1564.8 1392.0 1028.0 1135.0 1133.7 1254.5 1333.3 1441.7 1490.7 1307.9 1400.9 1479.0 1520.3 1599.5 1658.8 1777.9 1832.6 1901.3 -999.0 -999.0 -999.0 -999.0 -999.0 -999.0 -999.0 -999.0 -999.0 -999.0 -999.0 -999.0 -999.0 -999.0 -999.0
-999.0 -999.0 -999.0 -999.0 -999.0 -999.0 -999.0 -999.0 -999.0 -999.0 1480.2 1075.2 1312.6 1404.1 1490.4 1501.0 1586.3 823.7 1100.0 1292.3 1339.4 1544.5 1517.8 1413.7 1464.6 1132.6 1592.0 1745.6 1771.0 1776.5 1489.5 1709.0 1472.7 1538.3 1498.1 1568.3 1569.8 1573.8 1384.8 1522.3 1292.6 1216.9 1278.6 1214.6 1387.3 1519.2 1570.6 1443.0 1509.4 1414.1 1512.3 1648.8 1776.9 1738.0 1784.1 1870.4 -999.0 -999.0 -999.0 -999.0 -999.0 -999.0 -999.0 -999.0 -999.0 -999.0 -999.0 -999.0 -999.0 -999.0 -999.0
-999.0 -999.0 -999.0 -999.0 -999.0 -999.0 -999.0 -999.0 1784.9 1674.2 1340.8 1330.4 1348.0 1318.2 1498.6 1486.3 1637.2 1188.3 1273.3 1248.4 1383.0 1417.9 1623.1 1434.1 1405.5 1507.5 1553.8 1609.1 1839.8 1811.7 1660.5 1686.0 1683.3 1652.4 1626.4 1699.3 1717.5 1585.3 1602.9 1604.9 1256.2 1315.7 1337.2 1351.6 1272.6 1452.8 1525.8 1694.0 1582.7 1528.9 1577.4 1657.7 1780.2 1783.9 1786.7 1826.5 -999.0 -999.0 -999.0 -999.0 -999.0 -999.0 -999.0 -999.0 -999.0 -999.0 -999.0 -999.0 -999.0 -999.0 -999.0
-999.0 -999.0 -999.0 -999.0 -999.0 -999.0 -999.0 -999.0 1681.5 1602.4 1647.1 1363.1 1407.7 1325.3 1527.1 1634.4 1691.1 1636.5 1487.3 1089.3 1347.5 1437.6 1634.7 1659.6 1612.1 1633.8 1651.8 1611.3 1770.6 1684.1 1807.9 1787.3 1785.5 1763.3 1784.6 1807.8 1844.9 1802.0 1666.8 1655.3 1658.4 1505.5 1445.3 1457.7 1487.3 1547.2 1818.7 1664.2 1399.2 1486.1 1643.6 1685.5 1766.5 1786.9 1867.2 1854.2 1920.3 -999.0 -999.0 -999.0 -999.0 -999.0 -999.0 -999.0 -999.0 -999.0 -999.0 -999.0 -999.0 -999.0 -999.0
-999.0 -999.0 -999.0 -999.0 -999.0 -999.0 -999.0 -999.0 1670.9 1591.4 1721.3 1448.2 1588.3 1500.8 1591.3 1670.4 1666.7 1749.0 1398.7 1381.4 1437.0 1299.2 1592.2 1670.0 1620.8 1692.4 1554.6 1262.1 1666.6 -999.0 -999.0 -999.0 1832.3 1797.5 -999.0 1877.3 1896.9 1858.4 1839.7 1813.5 1622.0 1419.9 1528.4 1541.6 1474.7 1597.7 1506.8 1494.0 1646.5 1748.6 1803.3 1819.3 1771.6 2011.2 2001.5 1949.1 1919.9 -999.0 -999.0 -999.0 -999.0 -999.0 -999.0 -999.0 -999.0 -999.0 -999.0 -999.0 -999.0 -999.0 -999.0
1886.6 -999.0 -999.0 -999.0 -999.0 -999.0 -999.0 -999.0 1863.2 1509.7 1667.4 1682.0 1641.7 1589.1 1589.2 1620.4 1719.6 1754.9 1714.3 1254.6 1448.4 1344.8 1583.0 1641.3 1464.6 1729.7 1677.4 1688.2 1757.3 -999.0 -999.0 -999.0 1841.2 1818.9 1798.2 1841.1 1909.5 1892.5 1890.7 1678.6 1373.3 1242.8 1435.7 1187.1 1472.6 1533.4 1316.0 1558.4 1494.3 1513.8 1606.5 1861.8 1771.8 1660.6 1852.7 1880.7 1942.4 -999.0 -999.0 -999.0 -999.0 -999.0 -999.0 -999.0 -999.0 -999.0 -999.0 -999.0 -999.0 -999.0 -999.0
1675.2 1753.9 -999.0 -999.0 -999.0 -999.0 -999.0 -999.0 -999.0 1699.3 1568.6 1726.7 -999.0 1695.0 1628.8 1637.9 1652.7 1754.5 -999.0 1715.1 1760.7 1548.3 1628.5 1558.0 1565.3 1764.7 1785.4 -999.0 -999.0 -999.0 -999.0 1833.1 1811.4 1801.4 1816.8 1796.0 1802.6 1847.9 1781.3 1672.0 1303.2 907.5 1449.8 1052.5 1364.1 1233.9 1166.9 1431.4 1324.3 1498.8 1681.7 1583.9 1590.7 1712.0 1896.4 1827.5 1795.1 2004.5 -999.0 -999.0 -999.0 -999.0 -999.0 -999.0 -999.0 -999.0 -999.0 -999.0 -999.0 -999.0 -999.0
1542.9 -999.0 -999.0 -999.0 -999.0 -999.0 -999.0 -999.0 -999.0 -999.0 1708.5 -999.0 -999.0 -999.0 1808.3 1650.5 1633.4 1668.5 1754.7 -999.0 -999.0 1674.3 1737.5 1547.2 1510.8 -999.0 -999.0 -999.0 -999.0 -999.0 1877.8 1741.9 1751.8 1760.4 1781.7 1721.7 1775.1 1694.4 1604.3 1701.9 1475.9 1148.0 941.1 1173.1 1013.6 985.5 1005.3 1265.1 1248.0 1239.9 1372.2 1598.1 1643.2 1638.4 1870.1 1805.3 1723.7 1819.4 -999.0 -999.0 -999.0 -999.0 -999.0 -999.0 -999.0 -999.0 -999.0 -999.0 -999.0 -999.0 -999.0
-999.0 -999.0 -999.0 -999.0 -999.0 -999.0 -999.0 -999.0 -999.0 -999.0 1808.4 1809.8 -999.0 -999.0 -999.0 1799.0 1578.4 1570.6 1667.9 -999.0 -999.0 -999.0 -999.0 1805.3 -999.0 -999.0 -999.0 -999.0 -999.0 -999.0 1877.9 1776.4 1753.3 1635.3 1529.5 1531.0 1643.9 1646.2 1698.3 1668.0 1575.3 1241.8 985.9 1231.4 812.6 931.2 914.4 1215.0 1208.4 1083.1 1330.9 1524.1 1639.7 1810.9 1883.5 1764.2 1678.6 1775.8 -999.0 -999.0 -999.0 -999.0 -999.0 -999.0 -999.0 -999.0 -999.0 -999.0 -999.0 -999.0 -999.0
1964.8 1993.5 1962.6 -999.0 -999.0 -999.0 -999.0 -999.0 -999.0 -999.0 -999.0 1670.5 -999.0 -999.0 -999.0 -999.0 1768.3 1620.2 1717.3 -999.0 -999.0 -999.0 -999.0 -999.0 -999.0 -999.0 -999.0 -999.0 -999.0 1893.6 1779.9 1610.0 1515.5 1491.0 1385.4 1415.7 1511.2 1537.6 1642.1 1581.3 1581.3 1379.3 767.5 697.9 759.1 889.0 1237.6 1398.1 1342.7 1453.3 1636.7 1463.1 1494.3 1792.1 1807.5 1712.2 1660.5 1760.0 1941.7 -999.0 -999.0 -999.0 -999.0 -999.0 -999.0 -999.0 -999.0 -999.0 -999.0 -999.0 -999.0
1688.3 1719.9 1832.0 1907.1 -999.0 -999.0 -999.0 -999.0 -999.0 -999.0 -999.0 1577.1 -999.0 -999.0 -999.0 -999.0 -999.0 -999.0 -999.0 -999.0 -999.0 -999.0 -999.0 -999.0 -999.0 -999.0 -999.0 -999.0 -999.0 1759.7 1683.5 1665.7 1653.2 1750.2 1153.6 1356.0 1456.0 1305.4 1580.4 1450.9 1740.7 1547.3 938.0 613.0 858.9 1074.3 783.1 759.4 937.5 1142.9 1281.1 1696.8 1659.0 1704.0 1623.4 1695.4 1732.1 1745.0 1898.7 2064.0 -999.0 -999.0 -999.0 -999.0 -999.0 -999.0 -999.0 -999.0 -999.0 -999.0 -999.0
1758.5 1824.1 1804.6 1863.1 -999.0 -999.0 -999.0 -999.0 -999.0 -999.0 -999.0 -999.0 -999.0 -999.0 -999.0 -999.0 -999.0 -999.0 -999.0 -999.0 -999.0 -999.0 -999.0 -999.0 -999.0 -999.0 -999.0 -999.0 1908.3 1748.5 1597.0 1697.2 1392.5 1895.6 780.2 842.3 1528.5 1439.5 1537.4 1631.3 1578.2 1669.1 1408.8 678.3 773.8 975.7 1098.3 1222.6 1076.7 1147.0 1273.7 1496.5 1655.9 1713.2 1752.3 1772.6 1723.8 1817.7 2007.2 2083.2 -999.0 -999.0 -999.0 -999.0 -999.0 -999.0 -999.0 -999.0 -999.0 -999.0 -999.0
1830.1 1901.4 1904.6 1856.7 -999.0 -999.0 -999.0 -999.0 -999.0 -999.0 -999.0 -999.0 -999.0 -999.0 -999.0 -999.0 -999.0 -999.0 -999.0 -999.0 -999.0 -999.0 -999.0 -999.0 -999.0 -999.0 -999.0 -999.0 1886.2 1585.8 1649.0 1463.8 875.4 1496.1 1786.8 1291.7 1185.9 1360.1 1399.2 1515.3 1571.7 1649.6 1586.0 1433.5 740.4 947.5 1035.2 1229.6 1280.0 1320.0 1520.1 1576.8 1633.8 1604.2 1780.2 1699.4 1780.0 1817.0 1973.8 2084.5 2093.8 2066.5 2067.8 -999.0 -999.0 -999.0 -999.0 -999.0 -999.0 -999.0 -999.0
1767.0 1936.7 -999.0 1863.0 1916.0 -999.0 -999.0 -999.0 -999.0 -999.0 -999.0 -999.0 -999.0 -999.0 -999.0 -999.0 -999.0 -999.0 -999.0 -999.0 -999.0 -999.0 -999.0 -999.0 -999.0 -999.0 -999.0 -999.0 1827.3 1603.4 1508.3 1182.9 1579.1 1492.2 1372.4 1084.6 1344.3 1439.8 1068.0 1552.2 1364.8 1579.2 1655.4 1669.6 1346.6 1096.0 1111.2 1208.0 1289.3 1504.3 1523.8 1620.1 1729.0 1818.6 1812.8 1822.8 1789.6 1870.2 1951.1 2008.4 1716.5 1859.7 1786.7 1792.2 1907.4 -999.0 -999.0 -999.0 -999.0 -999.0 -999.0
1733.6 1844.1 1873.6 1847.4 -999.0 -999.0 -999.0 -999.0 -999.0 -999.0 -999.0 -999.0 -999.0 -999.0 -999.0 -999.0 -999.0 -999.0 -999.0 -999.0 -999.0 -999.0 -999.0 -999.0 -999.0 -999.0 -999.0 -999.0 1829.0 1587.2 1378.0 920.4 791.3 1111.3 1464.9 1383.9 1272.2 1029.5 1427.5 1080.0 1276.7 1433.7 1513.6 1559.0 1641.6 1517.7 1121.0 1178.3 1290.1 1398.6 1508.9 1624.1 1697.4 1785.2 1867.3 1848.1 1859.2 1926.4 1941.3 1923.6 1791.9 1485.3 1541.7 1581.4 1578.9 1705.2 2003.3 -999.0 -999.0 -999.0 -999.0
1818.8 1859.5 1839.1 1808.8 -999.0 -999.0 -999.0 -999.0 -999.0 -999.0 -999.0 -999.0 -999.0 -999.0 -999.0 -999.0 -999.0 -999.0 -999.0 -999.0 -999.0 -999.0 -999.0 -999.0 -999.0 -999.0 -999.0 -999.0 1886.6 1761.1 1379.9 1153.2 1554.7 573.4 809.6 1450.1 1245.9 1441.9 1038.8 971.8 1282.0 1451.1 1432.9 1394.8 1556.6 868.8 993.2 1024.9 1003.5 1033.4 1179.5 1581.7 1555.1 1765.3 1851.9 1864.9 1884.1 1927.3 1975.7 1985.7 1873.9 1585.3 1689.8 1734.9 1672.7 1628.1 1934.0 1785.1 -999.0 -999.0 -999.0
1873.0 1852.4 1753.8 1868.3 -999.0 -999.0 -999.0 -999.0 -999.0 -999.0 -999.0 -999.0 -999.0 -999.0 -999.0 -999.0 1978.8 1963.4 2011.4 -999.0 -999.0 -999.0 -999.0 -999.0 -999.0 -999.0 -999.0 -999.0 -999.0 1935.3 1786.2 1639.8 1434.2 1367.6 1070.4 1648.1 1910.9 1350.2 1346.1 1367.0 1424.7 1266.1 1262.6 1372.2 1313.0 1069.0 1067.6 788.7 921.0 1162.9 1305.7 1345.2 1572.2 1758.7 1836.6 1877.9 1861.2 1931.6 1965.1 1498.0 1583.6 1244.2 1221.2 1351.8 1458.3 1742.0 1525.0 1664.7 1970.3 -999.0 -999.0
1969.8 1839.3 1877.6 -999.0 -999.0 -999.0 -999.0 -999.0 -999.0 -999.0 -999.0 -999.0 -999.0 -999.0 -999.0 -999.0 1933.9 1925.1 -999.0 -999.0 -999.0 -999.0 -999.0 -999.0 -999.0 -999.0 -999.0 -999.0 -999.0 -999.0 1856.4 1853.7 1435.2 1493.1 783.7 1474.7 1466.2 1558.1 1710.3 1689.0 1595.8 1597.7 829.0 1358.7 1253.8 829.8 1084.5 1401.6 1515.2 1134.7 1553.4 1368.3 1635.6 1805.4 1887.6 1888.3 1876.4 1818.5 1585.4 1473.4 1540.1 1553.2 1620.4 1529.9 1436.7 1513.5 1504.6 1676.9 1672.3 -999.0 -999.0
1888.0 1842.9 -999.0 -999.0 -999.0 -999.0 -999.0 -999.0 -999.0 -999.0 -999.0 -999.0 -999.0 -999.0 -999.0 1918.5 1518.5 1614.9 1938.4 -999.0 -999.0 -999.0 -999.0 -999.0 -999.0 -999.0 -999.0 -999.0 -999.0 -999.0 1876.0 1550.3 1411.1 1389.2 1553.2 1436.3 1646.6 1695.6 1731.1 1747.5 1535.3 1626.2 1667.7 857.9 1224.6 1284.7 1000.8 1254.3 1044.3 1346.7 1344.1 1573.3 1703.9 1811.7 1835.5 1901.3 1889.0 1733.6 1612.1 1686.6 1603.2 1529.5 1582.8 1526.3 1557.0 1573.4 1578.0 1778.9 1649.8 1974.6 -999.0
-999.0 -999.0 -999.0 -999.0 -999.0 -999.0 -999.0 -999.0 -999.0 -999.0 -999.0 -999.0 -999.0 -999.0 2005.9 1460.4 1295.7 1136.3 1969.4 -999.0 -999.0 -999.0 -999.0 -999.0 -999.0 -999.0 -999.0 -999.0 -999.0 -999.0 1900.1 1327.9 1456.6 1841.6 1639.5 1726.7 1665.8 1842.3 1832.4 1690.3 1550.7 1775.3 1089.9 1301.7 1010.2 1269.7 877.5 1489.2 1372.0 1586.0 1417.4 1634.7 1677.0 1735.2 1881.4 1899.5 1896.5 1824.2 1547.9 1540.4 1617.0 1756.7 1724.7 1725.0 1699.9 1684.7 1563.5 1588.3 1734.3 1796.1 -999.0
-999.0 -999.0 -999.0 -999.0 -999.0 -999.0 -999.0 -999.0 -999.0 -999.0 -999.0 -999.0 -999.0 2014.5 1884.8 1115.4 1501.2 1731.2 -999.0 -999.0 -999.0 -999.0 -999.0 -999.0 -999.0 -999.0 -999.0 -999.0 -999.0 -999.0 -999.0 1862.1 1877.7 1892.3 1627.6 1850.9 1661.4 1872.5 1858.3 1793.6 1653.6 1794.8 1159.5 1106.8 939.8 980.8 910.3 1001.4 1024.3 1177.0 1327.5 1388.4 1503.0 1779.0 1866.0 1874.8 1818.7 1800.2 1788.8 1453.0 1642.0 1920.5 1934.9 1869.0 1892.6 1885.7 1895.5 1886.9 1950.4 1955.2 1914.1
-999.0 -999.0 -999.0 -999.0 -999.0 -999.0 -999.0 -999.0 -999.0 -999.0 -999.0 -999.0 -999.0 1700.2 1406.2 1794.8 1912.9 2041.2 -999.0 -999.0 -999.0 -999.0 -999.0 -999.0 -999.0 -999.0 -999.0 -999.0 -999.0 -999.0 -999.0 -999.0 1947.0 1782.9 1838.2 1877.0 1770.5 1892.7 1897.4 1841.9 1648.9 1797.2 1188.5 1242.4 1275.4 1022.3 1112.7 1218.5 887.0 931.3 1312.2 1251.5 1453.1 1567.4 1802.7 1850.5 1816.6 1824.8 1856.6 1871.8 1911.7 1999.9 1959.2 1899.6 1869.6 1895.5 1935.1 1948.8 1947.6 1661.6 1688.3
-999.0 -999.0 -999.0 -999.0 -999.0 -999.0 -999.0 -999.0 -999.0 -999.0 -999.0 -999.0 -999.0 1699.4 1779.6 1775.2 2051.0 -999.0 -999.0 -999.0 -999.0 -999.0 -999.0 -999.0 -999.0 -999.0 -999.0 -999.0 -999.0 -999.0 -999.0 -999.0 1969.6 1801.3 1811.9 -999.0 1918.3 -999.0 2003.1 1938.5 1834.6 1854.1 1773.7 1220.9 1283.8 1254.7 932.5 1532.4 1462.3 984.2 1179.9 1314.3 1434.1 1622.3 1778.6 1858.6 1885.9 1919.6 1919.3 1941.4 1907.2 1819.3 1910.8 1808.1 1860.1 1945.5 1895.3 1778.8 1818.2 1862.5 1858.5
-999.0 -999.0 -999.0 -999.0 -999.0 -999.0 -999.0 -999.0 -999.0 -999.0 -999.0 -999.0 2006.3 2022.6 2014.5 -999.0 -999.0 -999.0 -999.0 -999.0 -999.0 -999.0 -999.0 -999.0 -999.0 -999.0 -999.0 -999.0 -999.0 -999.0 -999.0 -999.0 1993.1 1953.9 1952.7 -999.0 -999.0 -999.0 2040.5 1765.6 1916.9 1778.6 1626.7 1697.1 1666.1 1530.8 1175.7 1156.1 1583.6 1203.8 1107.3 1408.9 1371.1 1543.6 1691.2 1910.8 1923.3 1959.2 1982.5 1982.0 1962.8 1934.8 1927.6 1861.7 1952.5 1905.5 1819.8 1751.5 1724.1 1735.8 1804.5
-999.0 -999.0 -999.0 -999.0 -999.0 -999.0 -999.0 -999.0 -999.0 -999.0 -999.0 -999.0 -999.0 -999.0 -999.0 -999.0 -999.0 -999.0 -999.0 -999.0 -999.0 -999.0 -999.0 -999.0 -999.0 -999.0 -999.0 -999.0 -999.0 -999.0 -999.0 -999.0 -999.0 -999.0 -999.0 -999.0 -999.0 2063.8 2018.6 1818.2 1532.8 1429.3 1415.9 1412.5 1543.3 1531.5 1284.9 1310.9 1450.4 1645.4 1392.0 1314.9 1509.2 1616.8 1732.4 1843.1 1917.7 1934.8 2004.3 2020.8 2026.1 2028.2 2003.1 2006.1 1895.2 1634.3 1805.5 1760.9 1861.1 1856.4 1934.7
-999.0 -999.0 -999.0 -999.0 -999.0 -999.0 -999.0 -999.0 -999.0 -999.0 -999.0 -999.0 -999.0 -999.0 -999.0 -999.0 -999.0 -999.0 -999.0 -999.0 -999.0 -999.0 -999.0 -999.0 -999.0 -999.0 -999.0 -999.0 -999.0 -999.0 -999.0 -999.0 -999.0 -999.0 -999.0 -999.0 -999.0 2004.6 1893.0 1602.5 1289.0 1078.6 1250.5 1577.4 1471.6 1724.3 1608.6 1655.5 1510.9 1451.2 1423.4 1448.4 1522.9 1652.2 1721.1 1787.8 1924.9 1943.9 2015.2 2050.1 2087.9 2081.8 2041.1 2019.8 1949.8 1581.9 1682.8 1879.5 1942.7 1976.4 1980.8
-999.0 -999.0 -999.0 -999.0 -999.0 -999.0 -999.0 -999.0 -999.0 -999.0 -999.0 -999.0 -999.0 -999.0 -999.0 -999.0 -999.0 -999.0 -999.0 -999.0 -999.0 -999.0 -999.0 -999.0 -999.0 -999.0 -999.0 -999.0 -999.0 -999.0 -999.0 -999.0 -999.0 -999.0 -999.0 -999.0 -999.0 1961.8 1925.6 1784.5 1480.4 1365.0 1440.9 1578.5 1617.0 1672.7 1574.8 1662.7 1709.8 1677.1 1872.8 1480.8 1668.7 1585.9 1725.2 1781.3 1951.0 1998.3 2015.7 2055.0 2126.5 2080.8 2071.0 2024.6 2003.3 1815.6 1761.9 1874.5 1963.5 1993.7 2016.1
