GDD/GrowingDegreeDays_1971_Actual.txt
ncols         180
nrows         290
xllcorner     -200000
yllcorner     -200000
cellsize      5000
NODATA_value    -999
[rows 128 to 159 of 290, columns 71 to 141 of 180]
-999.0 1357.0 1668.2 1713.6 -999.0 -999.0 -999.0 -999.0 -999.0 -999.0 -999.0 -999.0 -999.0 1525.7 1382.4 1532.5 1335.9 1179.4 1263.6 1051.0 894.8 981.1 878.6 1008.1 1150.7 1249.9 1221.3 1018.9 1056.9 1095.4 1291.5 1084.6 812.4 1006.7 883.3 1070.3 1095.2 1273.8 1258.7 1152.6 1202.7 1179.4 1088.6 971.3 884.2 936.7 1067.4 1163.6 1196.2 1297.1 1187.1 1173.1 1281.8 1376.0 -999.0 -999.0 -999.0 -999.0 -999.0 -999.0 -999.0 -999.0 -999.0 -999.0 -999.0 -999.0 -999.0 -999.0 -999.0 -999.0 -999.0
-999.0 -999.0 -999.0 -999.0 -999.0 -999.0 -999.0 -999.0 -999.0 -999.0 -999.0 -999.0 -999.0 1575.6 1599.5 1256.5 1328.7 1156.5 1259.2 1010.2 993.5 826.5 885.4 918.3 1037.5 1095.5 1271.1 782.2 844.8 1110.2 1321.5 1069.7 895.3 1068.2 1032.8 937.1 1157.9 1029.2 977.3 1102.1 976.9 973.7 811.9 1089.7 1081.2 1020.5 1026.7 1048.2 1234.0 1388.8 1325.3 1343.2 1374.5 1445.4 1512.3 -999.0 -999.0 -999.0 -999.0 -999.0 -999.0 -999.0 -999.0 -999.0 -999.0 -999.0 -999.0 -999.0 -999.0 -999.0 -999.0
-999.0 -999.0 -999.0 -999.0 -999.0 -999.0 -999.0 -999.0 -999.0 -999.0 -999.0 -999.0 1816.5 1398.0 1225.0 1224.8 1146.0 1138.5 1206.4 1245.0 952.6 961.2 888.3 952.4 990.1 1204.3 1411.0 1164.0 1076.7 1093.7 1285.9 1284.6 1119.2 1090.3 1088.2 1057.8 876.3 1133.8 1170.9 1135.4 1155.2 829.2 985.0 874.5 943.5 1114.2 1098.8 1083.4 1088.1 1083.0 1346.1 1412.4 1422.0 1451.7 1535.1 -999.0 -999.0 -999.0 -999.0 -999.0 -999.0 -999.0 -999.0 -999.0 -999.0 -999.0 -999.0 -999.0 -999.0 -999.0 -999.0
-999.0 -999.0 -999.0 -999.0 -999.0 -999.0 -999.0 -999.0 -999.0 -999.0 -999.0 -999.0 1493.1 1356.4 1294.6 973.9 1023.2 1169.1 1197.0 952.6 1207.2 1118.2 990.2 1109.8 1108.6 1341.0 1468.8 1303.0 1231.2 1062.8 1357.2 1318.8 1286.8 1202.0 1280.8 986.8 1273.9 1009.5 1111.8 1258.2 841.2 1192.8 1072.9 1011.3 1080.9 1028.6 1200.2 1203.7 1065.6 1121.8 1282.5 1291.0 1351.6 1436.5 1507.4 -999.0 -999.0 -999.0 -999.0 -999.0 -999.0 -999.0 -999.0 -999.0 -999.0 -999.0 -999.0 -999.0 -999.0 -999.0 -999.0
-999.0 -999.0 -999.0 -999.0 -999.0 -999.0 -999.0 -999.0 -999.0 -999.0 -999.0 1458.6 1453.9 1392.2 1129.9 1188.8 1156.0 749.9 1026.5 1033.1 1215.0 1128.3 1127.3 1231.8 1120.5 1172.7 1334.8 1238.7 1288.4 1431.7 1471.6 1383.0 1222.8 1211.9 1031.1 1179.5 1305.1 1010.8 1220.4 1176.4 869.9 1129.6 1206.9 1265.6 1151.3 1060.4 1116.4 1103.5 1108.7 1234.4 1283.2 1343.0 1421.9 1436.1 1499.7 -999.0 -999.0 -999.0 -999.0 -999.0 -999.0 -999.0 -999.0 -999.0 -999.0 -999.0 -999.0 -999.0 -999.0 -999.0 -999.0
-999.0 -999.0 -999.0 -999.0 -999.0 -999.0 -999.0 -999.0 -999.0 -999.0 1635.5 1409.5 1247.8 1405.2 1310.0 1211.4 1248.6 1075.3 1182.8 819.3 1312.0 1360.3 1263.3 1219.9 1204.1 1188.4 1336.3 1461.7 1542.6 1343.6 1490.7 1484.1 1309.0 1263.4 1266.0 1268.1 1362.5 1186.8 1340.7 1205.0 930.8 1007.2 1001.2 1084.3 1138.2 1215.7 1253.8 1117.3 1188.0 1246.0 1275.3 1331.2 1371.8 1459.8 1512.2 1570.0 -999.0 -999.0 -999.0 -999.0 -999.0 -999.0 -999.0 -999.0 -999.0 -999.0 -999.0 -999.0 -999.0 -999.0 -999.0
-999.0 -999.0 -999.0 -999.0 -999.0 -999.0 -999.0 -999.0 -999.0 -999.0 1345.2 1012.6 1195.1 1272.6 1337.7 1341.2 1407.4 836.7 1047.3 1198.1 1236.7 1411.7 1383.4 1294.5 1329.3 1064.6 1418.0 1535.1 1556.6 1565.6 1331.2 1495.3 1304.4 1348.8 1312.7 1360.7 1356.0 1348.9 1198.0 1296.3 1114.7 1053.6 1100.7 1053.4 1185.2 1284.6 1324.1 1224.3 1274.4 1201.2 1275.1 1375.5 1468.9 1436.7 1478.8 1549.7 -999.0 -999.0 -999.0 -999.0 -999.0 -999.0 -999.0 -999.0 -999.0 -999.0 -999.0 -999.0 -999.0 -999.0 -999.0
-999.0 -999.0 -999.0 -999.0 -999.0 -999.0 -999.0 -999.0 1610.4 1507.0 1228.3 1210.3 1223.8 1205.1 1351.9 1343.8 1472.6 1122.7 1187.5 1166.8 1273.4 1301.5 1468.7 1315.0 1286.7 1356.9 1389.4 1430.2 1624.7 1598.1 1465.0 1477.5 1468.4 1438.3 1414.2 1468.1 1476.8 1360.6 1363.0 1353.0 1078.1 1118.7 1140.2 1156.1 1110.1 1249.3 1302.1 1418.9 1331.5 1294.9 1339.2 1397.3 1486.8 1486.8 1492.0 1528.5 -999.0 -999.0 -999.0 -999.0 -999.0 -999.0 -999.0 -999.0 -999.0 -999.0 -999.0 -999.0 -999.0 -999.0 -999.0
-999.0 -999.0 -999.0 -999.0 -999.0 -999.0 -999.0 -999.0 1508.8 1438.0 1474.2 1245.9 1273.4 1213.7 1381.7 1479.7 1544.6 1501.2 1359.6 1045.6 1246.6 1316.9 1479.5 1502.2 1451.9 1458.7 1470.0 1434.8 1563.3 1493.2 1590.5 1567.2 1556.9 1530.5 1544.6 1564.3 1594.0 1543.0 1413.6 1384.8 1380.0 1264.8 1224.5 1242.6 1281.5 1340.1 1543.6 1397.0 1190.8 1262.3 1395.9 1428.2 1495.0 1512.1 1574.3 1565.7 1615.5 -999.0 -999.0 -999.0 -999.0 -999.0 -999.0 -999.0 -999.0 -999.0 -999.0 -999.0 -999.0 -999.0 -999.0
-999.0 -999.0 -999.0 -999.0 -999.0 -999.0 -999.0 -999.0 1481.2 1414.2 1539.4 1323.2 1431.1 1355.6 1436.3 1513.3 1525.2 1593.8 1292.6 1276.4 1320.3 1209.1 1443.7 1501.9 1443.1 1504.2 1394.0 1165.2 1483.3 -999.0 -999.0 -999.0 1599.0 1554.4 -999.0 1625.7 1652.2 1603.9 1548.7 1492.5 1346.8 1202.0 1288.5 1305.5 1270.7 1378.2 1303.2 1267.4 1368.5 1452.8 1512.6 1533.0 1498.9 1693.0 1692.7 1637.7 1609.7 -999.0 -999.0 -999.0 -999.0 -999.0 -999.0 -999.0 -999.0 -999.0 -999.0 -999.0 -999.0 -999.0 -999.0
1695.6 -999.0 -999.0 -999.0 -999.0 -999.0 -999.0 -999.0 1620.7 1328.0 1504.8 1538.4 1491.4 1437.8 1437.4 1466.0 1559.2 1592.2 1556.4 1188.7 1335.5 1251.3 1438.2 1469.7 1319.1 1541.7 1500.5 1510.7 1569.9 -999.0 -999.0 -999.0 1611.9 1574.1 1550.6 1596.8 1664.3 1636.1 1594.6 1394.1 1164.2 1072.5 1213.7 1031.3 1253.1 1306.7 1145.9 1312.8 1258.8 1275.0 1358.6 1557.9 1486.2 1401.5 1559.9 1565.4 1625.1 -999.0 -999.0 -999.0 -999.0 -999.0 -999.0 -999.0 -999.0 -999.0 -999.0 -999.0 -999.0 -999.0 -999.0
1500.1 1583.3 -999.0 -999.0 -999.0 -999.0 -999.0 -999.0 -999.0 1471.0 1415.8 1574.8 -999.0 1536.0 1475.5 1479.9 1491.9 1586.3 -999.0 1568.7 1607.0 1430.9 1493.6 1430.0 1425.9 1586.8 1604.5 -999.0 -999.0 -999.0 -999.0 1630.0 1595.1 1568.3 1573.3 1556.3 1565.4 1588.5 1513.8 1409.1 1123.1 829.2 1208.1 914.2 1153.2 1068.3 1024.2 1216.7 1137.2 1263.6 1407.9 1336.0 1336.4 1422.4 1570.4 1512.6 1491.9 1657.0 -999.0 -999.0 -999.0 -999.0 -999.0 -999.0 -999.0 -999.0 -999.0 -999.0 -999.0 -999.0 -999.0
1380.2 -999.0 -999.0 -999.0 -999.0 -999.0 -999.0 -999.0 -999.0 -999.0 1525.7 -999.0 -999.0 -999.0 1634.5 1493.4 1472.1 1509.2 1595.1 -999.0 -999.0 1552.3 1609.2 1449.2 1407.4 -999.0 -999.0 -999.0 -999.0 -999.0 1684.5 1563.6 1556.3 1547.6 1551.1 1495.5 1534.4 1461.7 1381.7 1442.4 1255.5 992.4 821.7 971.7 882.9 876.0 894.7 1084.4 1074.3 1068.0 1166.2 1333.6 1364.7 1361.4 1550.5 1493.9 1422.8 1494.8 -999.0 -999.0 -999.0 -999.0 -999.0 -999.0 -999.0 -999.0 -999.0 -999.0 -999.0 -999.0 -999.0
-999.0 -999.0 -999.0 -999.0 -999.0 -999.0 -999.0 -999.0 -999.0 -999.0 1610.5 1619.7 -999.0 -999.0 -999.0 1620.9 1429.7 1425.3 1517.1 -999.0 -999.0 -999.0 -999.0 1668.8 -999.0 -999.0 -999.0 -999.0 -999.0 -999.0 1690.2 1599.8 1571.5 1451.0 1354.9 1346.6 1427.7 1426.5 1464.7 1427.4 1335.0 1057.1 847.3 1009.3 736.9 827.9 816.6 1027.6 1033.1 948.5 1129.9 1269.3 1356.0 1490.8 1582.1 1460.9 1382.5 1454.3 -999.0 -999.0 -999.0 -999.0 -999.0 -999.0 -999.0 -999.0 -999.0 -999.0 -999.0 -999.0 -999.0
1786.9 1822.2 1787.0 -999.0 -999.0 -999.0 -999.0 -999.0 -999.0 -999.0 -999.0 1501.8 -999.0 -999.0 -999.0 -999.0 1592.4 1472.7 1562.1 -999.0 -999.0 -999.0 -999.0 -999.0 -999.0 -999.0 -999.0 -999.0 -999.0 1724.0 1616.0 1462.1 1370.8 1332.2 1240.4 1256.4 1326.1 1351.9 1443.2 1383.9 1351.6 1158.7 697.6 651.1 706.9 795.4 1035.6 1150.3 1126.2 1213.8 1350.9 1226.1 1252.5 1484.1 1503.1 1415.1 1362.9 1434.4 1577.0 -999.0 -999.0 -999.0 -999.0 -999.0 -999.0 -999.0 -999.0 -999.0 -999.0 -999.0 -999.0
1528.0 1558.1 1655.3 1722.2 -999.0 -999.0 -999.0 -999.0 -999.0 -999.0 -999.0 1433.4 -999.0 -999.0 -999.0 -999.0 -999.0 -999.0 -999.0 -999.0 -999.0 -999.0 -999.0 -999.0 -999.0 -999.0 -999.0 -999.0 -999.0 1624.6 1545.5 1503.4 1469.4 1522.4 1056.4 1200.0 1279.1 1184.3 1426.9 1313.0 1487.9 1287.7 796.9 569.1 791.9 934.3 725.9 712.7 836.0 985.6 1087.8 1395.4 1376.0 1411.5 1350.6 1393.0 1408.1 1412.5 1541.6 1676.2 -999.0 -999.0 -999.0 -999.0 -999.0 -999.0 -999.0 -999.0 -999.0 -999.0 -999.0
1600.4 1623.7 1610.7 1676.4 -999.0 -999.0 -999.0 -999.0 -999.0 -999.0 -999.0 -999.0 -999.0 -999.0 -999.0 -999.0 -999.0 -999.0 -999.0 -999.0 -999.0 -999.0 -999.0 -999.0 -999.0 -999.0 -999.0 -999.0 1752.2 1615.3 1465.6 1522.8 1258.2 1623.7 776.5 809.3 1325.3 1281.9 1384.3 1444.7 1363.2 1393.3 1164.4 651.1 737.0 873.1 951.9 1042.2 941.0 988.7 1078.7 1243.3 1370.7 1414.3 1438.8 1440.3 1395.8 1465.5 1633.8 1704.2 -999.0 -999.0 -999.0 -999.0 -999.0 -999.0 -999.0 -999.0 -999.0 -999.0 -999.0
1665.7 1696.9 1700.9 1672.0 -999.0 -999.0 -999.0 -999.0 -999.0 -999.0 -999.0 -999.0 -999.0 -999.0 -999.0 -999.0 -999.0 -999.0 -999.0 -999.0 -999.0 -999.0 -999.0 -999.0 -999.0 -999.0 -999.0 -999.0 1725.1 1460.2 1491.4 1328.3 866.5 1309.2 1517.0 1134.8 1069.4 1209.8 1246.9 1325.9 1348.5 1391.8 1344.7 1244.4 733.2 862.4 916.4 1053.4 1090.0 1116.2 1256.4 1298.8 1346.2 1327.5 1456.0 1379.1 1426.9 1462.0 1617.6 1734.8 1732.2 1677.9 1650.3 -999.0 -999.0 -999.0 -999.0 -999.0 -999.0 -999.0 -999.0
1601.5 1742.1 -999.0 1674.7 1724.5 -999.0 -999.0 -999.0 -999.0 -999.0 -999.0 -999.0 -999.0 -999.0 -999.0 -999.0 -999.0 -999.0 -999.0 -999.0 -999.0 -999.0 -999.0 -999.0 -999.0 -999.0 -999.0 -999.0 1684.3 1463.6 1365.9 1105.4 1389.0 1309.7 1210.8 994.1 1191.6 1262.1 982.5 1333.7 1182.3 1342.8 1415.3 1443.5 1184.4 979.8 982.1 1045.8 1101.5 1252.3 1262.8 1330.3 1411.0 1483.0 1484.1 1477.6 1433.9 1502.1 1623.1 1701.2 1436.5 1503.3 1415.6 1393.7 1472.3 -999.0 -999.0 -999.0 -999.0 -999.0 -999.0
1551.1 1656.3 1671.7 1652.3 -999.0 -999.0 -999.0 -999.0 -999.0 -999.0 -999.0 -999.0 -999.0 -999.0 -999.0 -999.0 -999.0 -999.0 -999.0 -999.0 -999.0 -999.0 -999.0 -999.0 -999.0 -999.0 -999.0 -999.0 1679.0 1448.4 1262.9 908.6 805.8 1030.3 1289.7 1226.6 1145.9 959.7 1246.1 973.4 1109.7 1231.6 1303.5 1343.3 1400.1 1296.5 997.6 1030.5 1105.8 1177.2 1249.1 1323.6 1380.0 1456.0 1528.8 1507.2 1502.8 1561.4 1615.3 1620.3 1485.6 1221.0 1231.0 1235.3 1220.6 1299.4 1514.6 -999.0 -999.0 -999.0 -999.0
1603.5 1645.9 1625.7 1610.4 -999.0 -999.0 -999.0 -999.0 -999.0 -999.0 -999.0 -999.0 -999.0 -999.0 -999.0 -999.0 -999.0 -999.0 -999.0 -999.0 -999.0 -999.0 -999.0 -999.0 -999.0 -999.0 -999.0 -999.0 1708.3 1577.1 1264.8 1083.2 1376.0 649.5 815.7 1291.4 1139.9 1279.7 964.0 900.3 1122.1 1249.6 1241.1 1213.4 1332.8 823.6 908.0 922.8 903.4 918.6 1014.2 1287.9 1274.1 1443.7 1517.6 1527.9 1538.3 1574.2 1623.9 1632.7 1531.9 1290.1 1342.1 1354.3 1290.4 1241.6 1460.7 1345.9 -999.0 -999.0 -999.0
1627.6 1612.8 1544.5 1655.7 -999.0 -999.0 -999.0 -999.0 -999.0 -999.0 -999.0 -999.0 -999.0 -999.0 -999.0 -999.0 1765.4 1750.1 1792.8 -999.0 -999.0 -999.0 -999.0 -999.0 -999.0 -999.0 -999.0 -999.0 -999.0 1723.4 1578.2 1449.8 1291.9 1239.5 1014.6 1453.6 1660.7 1221.2 1202.6 1204.6 1241.4 1119.0 1115.5 1195.6 1148.8 965.2 962.2 763.2 850.8 1017.0 1111.6 1135.2 1304.4 1452.6 1521.0 1555.2 1535.2 1581.4 1601.7 1249.0 1301.8 1041.6 1006.4 1079.6 1138.9 1324.1 1159.3 1265.5 1512.4 -999.0 -999.0
1695.8 1590.0 1642.5 -999.0 -999.0 -999.0 -999.0 -999.0 -999.0 -999.0 -999.0 -999.0 -999.0 -999.0 -999.0 -999.0 1711.8 1704.7 -999.0 -999.0 -999.0 -999.0 -999.0 -999.0 -999.0 -999.0 -999.0 -999.0 -999.0 -999.0 1632.7 1619.4 1296.6 1338.7 811.6 1317.8 1312.1 1376.9 1480.5 1455.0 1379.6 1374.3 808.5 1186.5 1103.9 796.7 977.7 1207.2 1286.7 1003.5 1301.8 1168.5 1371.1 1514.2 1595.4 1595.7 1569.1 1501.6 1316.6 1227.1 1261.6 1252.8 1287.0 1203.1 1123.1 1158.1 1141.5 1277.6 1295.5 -999.0 -999.0
1610.2 1581.5 -999.0 -999.0 -999.0 -999.0 -999.0 -999.0 -999.0 -999.0 -999.0 -999.0 -999.0 -999.0 -999.0 1693.0 1353.7 1433.3 1712.5 -999.0 -999.0 -999.0 -999.0 -999.0 -999.0 -999.0 -999.0 -999.0 -999.0 -999.0 1654.4 1389.1 1281.9 1264.6 1385.4 1293.2 1448.3 1477.4 1494.5 1499.8 1334.9 1397.6 1424.6 827.1 1083.0 1120.1 922.2 1109.9 953.8 1164.2 1158.8 1325.9 1433.8 1540.1 1598.4 1653.5 1600.6 1444.8 1337.6 1379.8 1304.8 1235.8 1258.7 1201.6 1210.0 1208.4 1202.2 1357.0 1287.1 1568.9 -999.0
-999.0 -999.0 -999.0 -999.0 -999.0 -999.0 -999.0 -999.0 -999.0 -999.0 -999.0 -999.0 -999.0 -999.0 1766.5 1308.3 1171.5 1056.7 1732.2 -999.0 -999.0 -999.0 -999.0 -999.0 -999.0 -999.0 -999.0 -999.0 -999.0 -999.0 1685.9 1234.7 1327.1 1621.5 1460.0 1521.3 1463.8 1590.0 1567.6 1451.6 1348.0 1513.0 998.3 1146.0 928.3 1107.8 832.3 1284.4 1193.5 1342.6 1215.8 1374.8 1417.0 1486.2 1645.5 1663.4 1601.8 1511.0 1289.9 1274.8 1320.7 1412.0 1368.5 1350.7 1321.7 1302.2 1207.3 1229.3 1359.9 1434.5 -999.0
-999.0 -999.0 -999.0 -999.0 -999.0 -999.0 -999.0 -999.0 -999.0 -999.0 -999.0 -999.0 -999.0 1765.0 1647.0 1032.0 1326.6 1520.4 -999.0 -999.0 -999.0 -999.0 -999.0 -999.0 -999.0 -999.0 -999.0 -999.0 -999.0 -999.0 -999.0 1665.4 1672.5 1675.6 1467.0 1624.6 1473.8 1622.2 1590.2 1529.9 1428.5 1531.1 1049.5 1006.5 880.3 904.1 859.6 926.0 939.9 1042.1 1147.3 1191.5 1282.1 1502.1 1588.3 1586.6 1505.6 1476.8 1467.1 1216.4 1354.1 1555.0 1538.0 1461.0 1471.9 1460.0 1462.0 1459.3 1524.2 1541.0 1496.8
-999.0 -999.0 -999.0 -999.0 -999.0 -999.0 -999.0 -999.0 -999.0 -999.0 -999.0 -999.0 -999.0 1485.1 1243.0 1554.6 1670.3 1787.4 -999.0 -999.0 -999.0 -999.0 -999.0 -999.0 -999.0 -999.0 -999.0 -999.0 -999.0 -999.0 -999.0 -999.0 1756.8 1613.9 1646.9 1661.0 1575.9 1656.0 1639.7 1577.7 1428.5 1534.0 1074.3 1108.9 1127.9 942.0 1009.0 1081.9 842.6 867.7 1134.4 1087.8 1236.6 1326.2 1509.9 1544.1 1494.5 1491.2 1521.3 1531.7 1568.2 1625.2 1561.5 1486.9 1449.1 1465.3 1500.1 1512.0 1513.5 1292.4 1300.3
-999.0 -999.0 -999.0 -999.0 -999.0 -999.0 -999.0 -999.0 -999.0 -999.0 -999.0 -999.0 -999.0 1479.0 1531.8 1535.7 1790.3 -999.0 -999.0 -999.0 -999.0 -999.0 -999.0 -999.0 -999.0 -999.0 -999.0 -999.0 -999.0 -999.0 -999.0 -999.0 1802.3 1649.1 1633.0 -999.0 1694.0 -999.0 1742.3 1668.7 1573.7 1579.6 1511.0 1096.8 1140.0 1115.5 886.6 1310.5 1253.6 904.9 1038.0 1126.0 1212.6 1355.3 1482.1 1560.5 1609.7 1604.7 1574.6 1582.4 1550.8 1470.3 1521.5 1420.8 1450.7 1513.6 1480.7 1388.3 1410.1 1434.9 1422.5
-999.0 -999.0 -999.0 -999.0 -999.0 -999.0 -999.0 -999.0 -999.0 -999.0 -999.0 -999.0 1752.8 1750.8 1733.5 -999.0 -999.0 -999.0 -999.0 -999.0 -999.0 -999.0 -999.0 -999.0 -999.0 -999.0 -999.0 -999.0 -999.0 -999.0 -999.0 -999.0 1823.1 1771.8 1737.6 -999.0 -999.0 -999.0 1791.1 1546.9 1642.3 1524.3 1403.9 1448.5 1419.7 1317.2 1059.2 1040.3 1343.0 1060.3 984.3 1188.0 1155.2 1286.1 1405.1 1595.0 1623.6 1628.1 1618.3 1605.3 1584.0 1551.8 1533.5 1469.0 1530.7 1490.4 1428.1 1370.4 1339.5 1339.8 1381.9
-999.0 -999.0 -999.0 -999.0 -999.0 -999.0 -999.0 -999.0 -999.0 -999.0 -999.0 -999.0 -999.0 -999.0 -999.0 -999.0 -999.0 -999.0 -999.0 -999.0 -999.0 -999.0 -999.0 -999.0 -999.0 -999.0 -999.0 -999.0 -999.0 -999.0 -999.0 -999.0 -999.0 -999.0 -999.0 -999.0 -999.0 1828.2 1769.4 1582.9 1353.9 1264.4 1244.0 1234.7 1325.5 1316.9 1140.5 1156.4 1252.0 1383.5 1188.6 1118.1 1250.6 1330.0 1424.8 1516.9 1580.3 1580.7 1621.7 1631.9 1631.6 1624.4 1592.7 1583.7 1490.1 1289.3 1412.3 1372.8 1442.8 1433.4 1485.4
-999.0 -999.0 -999.0 -999.0 -999.0 -999.0 -999.0 -999.0 -999.0 -999.0 -999.0 -999.0 -999.0 -999.0 -999.0 -999.0 -999.0 -999.0 -999.0 -999.0 -999.0 -999.0 -999.0 -999.0 -999.0 -999.0 -999.0 -999.0 -999.0 -999.0 -999.0 -999.0 -999.0 -999.0 -999.0 -999.0 -999.0 1746.1 1646.6 1413.9 1170.4 1006.6 1124.3 1352.2 1274.8 1465.1 1393.8 1435.6 1306.5 1247.1 1215.4 1224.4 1270.4 1356.9 1413.9 1469.0 1568.1 1577.3 1630.2 1658.8 1691.1 1673.3 1623.7 1595.2 1532.1 1252.9 1320.6 1461.9 1508.8 1532.6 1528.9
-999.0 -999.0 -999.0 -999.0 -999.0 -999.0 -999.0 -999.0 -999.0 -999.0 -999.0 -999.0 -999.0 -999.0 -999.0 -999.0 -999.0 -999.0 -999.0 -999.0 -999.0 -999.0 -999.0 -999.0 -999.0 -999.0 -999.0 -999.0 -999.0 -999.0 -999.0 -999.0 -999.0 -999.0 -999.0 -999.0 -999.0 1691.9 1657.0 1539.3 1306.4 1214.3 1262.8 1356.0 1386.2 1434.5 1377.0 1452.6 1461.9 1416.0 1559.5 1262.9 1388.0 1312.6 1411.1 1451.2 1577.0 1608.8 1623.5 1667.0 1740.4 1666.2 1645.2 1598.8 1576.1 1424.1 1379.1 1461.4 1530.7 1554.1 1566.1
