GDD/GrowingDegreeDays_2007_Actual.txt
ncols         180
nrows         290
xllcorner     -200000
yllcorner     -200000
cellsize      5000
NODATA_value    -999
[rows 128 to 159 of 290, columns 71 to 141 of 180]
-999.0 1490.5 1884.8 1930.7 -999.0 -999.0 -999.0 -999.0 -999.0 -999.0 -999.0 -999.0 -999.0 1697.4 1523.5 1733.7 1468.2 1248.2 1364.7 1080.0 874.6 989.1 854.2 1023.8 1212.3 1332.0 1281.0 1016.6 1088.3 1158.4 1432.1 1154.7 804.3 1070.8 908.4 1146.4 1172.8 1414.4 1387.6 1238.5 1298.3 1273.3 1154.7 1005.8 905.6 987.1 1167.6 1300.3 1345.1 1483.3 1326.2 1304.1 1460.7 1600.7 -999.0 -999.0 -999.0 -999.0 -999.0 -999.0 -999.0 -999.0 -999.0 -999.0 -999.0 -999.0 -999.0 -999.0 -999.0 -999.0 -999.0
-999.0 -999.0 -999.0 -999.0 -999.0 -999.0 -999.0 -999.0 -999.0 -999.0 -999.0 -999.0 -999.0 1739.2 1804.4 1348.6 1453.4 1210.8 1352.8 1020.6 1002.2 788.0 866.1 908.8 1063.8 1138.2 1375.5 726.3 810.0 1181.6 1476.2 1137.2 914.8 1162.7 1113.1 969.9 1259.3 1081.0 1009.5 1175.0 1005.3 999.0 792.8 1177.9 1204.7 1150.5 1145.9 1154.5 1397.9 1604.4 1504.6 1531.2 1585.1 1692.8 1775.1 -999.0 -999.0 -999.0 -999.0 -999.0 -999.0 -999.0 -999.0 -999.0 -999.0 -999.0 -999.0 -999.0 -999.0 -999.0 -999.0
-999.0 -999.0 -999.0 -999.0 -999.0 -999.0 -999.0 -999.0 -999.0 -999.0 -999.0 -999.0 1997.7 1491.4 1293.7 1308.6 1199.8 1185.4 1279.3 1341.8 949.7 962.3 869.1 953.6 1003.5 1296.2 1580.5 1236.0 1120.0 1155.5 1425.1 1430.2 1209.2 1181.7 1179.8 1128.2 883.2 1227.9 1274.0 1223.3 1238.2 794.6 1012.0 896.9 1035.8 1314.9 1266.4 1209.6 1193.0 1175.7 1534.6 1631.3 1661.4 1704.5 1808.9 -999.0 -999.0 -999.0 -999.0 -999.0 -999.0 -999.0 -999.0 -999.0 -999.0 -999.0 -999.0 -999.0 -999.0 -999.0 -999.0
-999.0 -999.0 -999.0 -999.0 -999.0 -999.0 -999.0 -999.0 -999.0 -999.0 -999.0 -999.0 1634.2 1465.2 1403.9 975.9 1042.8 1234.1 1274.9 947.8 1297.9 1173.3 998.8 1162.2 1167.5 1493.8 1666.8 1431.7 1332.7 1105.9 1520.5 1471.7 1430.2 1318.5 1432.1 1028.2 1422.2 1059.1 1196.2 1391.6 815.5 1261.9 1124.7 1076.2 1209.1 1162.9 1391.9 1370.5 1156.0 1227.4 1451.3 1469.8 1571.1 1687.4 1772.2 -999.0 -999.0 -999.0 -999.0 -999.0 -999.0 -999.0 -999.0 -999.0 -999.0 -999.0 -999.0 -999.0 -999.0 -999.0 -999.0
-999.0 -999.0 -999.0 -999.0 -999.0 -999.0 -999.0 -999.0 -999.0 -999.0 -999.0 1670.2 1648.6 1557.2 1194.5 1284.5 1239.5 691.8 1048.6 1056.5 1310.1 1186.0 1175.5 1325.3 1182.0 1257.2 1481.9 1344.7 1412.3 1614.1 1673.2 1553.8 1333.0 1324.0 1081.1 1288.5 1470.4 1066.9 1352.2 1288.3 864.8 1206.1 1324.6 1424.5 1284.9 1170.2 1245.8 1214.3 1208.0 1378.3 1448.5 1541.4 1661.9 1684.3 1757.9 -999.0 -999.0 -999.0 -999.0 -999.0 -999.0 -999.0 -999.0 -999.0 -999.0 -999.0 -999.0 -999.0 -999.0 -999.0 -999.0
-999.0 -999.0 -999.0 -999.0 -999.0 -999.0 -999.0 -999.0 -999.0 -999.0 1926.5 1656.8 1403.2 1592.0 1458.1 1329.3 1385.8 1126.9 1260.6 772.3 1423.3 1477.1 1354.6 1297.8 1285.5 1272.9 1481.4 1657.7 1767.4 1485.4 1693.6 1687.8 1447.0 1389.0 1399.4 1409.9 1553.6 1320.5 1533.2 1335.7 960.4 1061.5 1057.7 1177.1 1255.7 1365.2 1415.3 1219.4 1313.2 1392.2 1436.9 1519.1 1580.7 1705.5 1768.0 1838.5 -999.0 -999.0 -999.0 -999.0 -999.0 -999.0 -999.0 -999.0 -999.0 -999.0 -999.0 -999.0 -999.0 -999.0 -999.0
-999.0 -999.0 -999.0 -999.0 -999.0 -999.0 -999.0 -999.0 -999.0 -999.0 1547.0 1096.4 1331.0 1412.1 1497.0 1513.1 1612.0 805.8 1071.1 1274.0 1322.3 1543.9 1510.6 1388.9 1445.7 1090.2 1589.8 1758.9 1788.2 1788.7 1464.3 1702.0 1438.1 1504.7 1460.9 1535.3 1542.5 1553.1 1344.9 1472.5 1224.2 1142.6 1204.9 1134.7 1310.9 1447.2 1500.5 1361.0 1430.6 1327.0 1430.8 1576.0 1710.6 1663.7 1715.7 1807.0 -999.0 -999.0 -999.0 -999.0 -999.0 -999.0 -999.0 -999.0 -999.0 -999.0 -999.0 -999.0 -999.0 -999.0 -999.0
-999.0 -999.0 -999.0 -999.0 -999.0 -999.0 -999.0 -999.0 1881.2 1755.5 1373.4 1353.6 1364.5 1320.0 1513.7 1502.4 1671.2 1173.0 1261.8 1230.5 1371.8 1404.9 1620.1 1400.1 1373.8 1489.5 1544.0 1608.2 1862.4 1825.9 1653.0 1671.2 1664.3 1622.5 1591.7 1672.9 1695.7 1550.5 1563.1 1552.4 1181.9 1243.9 1264.1 1274.4 1191.3 1375.4 1453.2 1632.4 1512.1 1451.1 1502.0 1587.2 1714.4 1714.3 1716.9 1758.7 -999.0 -999.0 -999.0 -999.0 -999.0 -999.0 -999.0 -999.0 -999.0 -999.0 -999.0 -999.0 -999.0 -999.0 -999.0
-999.0 -999.0 -999.0 -999.0 -999.0 -999.0 -999.0 -999.0 1769.9 1672.7 1710.5 1383.7 1427.8 1331.2 1554.0 1672.7 1733.7 1670.8 1505.6 1065.4 1338.5 1427.9 1634.4 1649.8 1599.9 1627.4 1651.9 1608.2 1786.2 1687.4 1815.8 1783.6 1770.3 1734.5 1754.1 1781.4 1823.1 1772.6 1617.5 1596.4 1600.5 1436.9 1374.2 1383.6 1413.0 1474.9 1768.6 1601.1 1319.5 1408.4 1573.3 1613.9 1701.7 1718.5 1803.2 1788.6 1858.0 -999.0 -999.0 -999.0 -999.0 -999.0 -999.0 -999.0 -999.0 -999.0 -999.0 -999.0 -999.0 -999.0 -999.0
-999.0 -999.0 -999.0 -999.0 -999.0 -999.0 -999.0 -999.0 1765.3 1664.3 1787.6 1469.4 1628.8 1530.0 1630.9 1718.1 1712.0 1803.9 1414.0 1387.9 1443.5 1284.5 1592.5 1659.9 1601.7 1692.6 1545.1 1227.7 1671.0 -999.0 -999.0 -999.0 1816.2 1758.9 -999.0 1849.0 1873.1 1827.5 1796.6 1754.4 1549.2 1339.1 1457.4 1470.6 1398.2 1528.8 1431.9 1418.8 1583.2 1688.9 1743.4 1756.1 1702.6 1954.7 1939.9 1884.1 1855.2 -999.0 -999.0 -999.0 -999.0 -999.0 -999.0 -999.0 -999.0 -999.0 -999.0 -999.0 -999.0 -999.0 -999.0
1994.1 -999.0 -999.0 -999.0 -999.0 -999.0 -999.0 -999.0 1993.3 1594.3 1720.7 1709.2 1685.4 1633.3 1634.8 1664.4 1776.6 1814.3 1769.9 1257.6 1465.6 1348.8 1599.6 1638.4 1437.7 1743.6 1688.1 1701.1 1772.2 -999.0 -999.0 -999.0 1824.0 1782.1 1753.2 1808.9 1886.3 1863.6 1850.6 1606.8 1281.5 1154.9 1358.4 1103.8 1396.2 1460.5 1234.8 1487.2 1420.0 1435.1 1531.7 1802.1 1699.0 1575.8 1779.3 1810.6 1877.7 -999.0 -999.0 -999.0 -999.0 -999.0 -999.0 -999.0 -999.0 -999.0 -999.0 -999.0 -999.0 -999.0 -999.0
1761.5 1852.4 -999.0 -999.0 -999.0 -999.0 -999.0 -999.0 -999.0 1814.1 1624.5 1771.1 -999.0 1759.7 1685.9 1690.4 1706.1 1817.7 -999.0 1775.3 1829.3 1597.4 1697.3 1609.5 1592.6 1800.8 1816.8 -999.0 -999.0 -999.0 -999.0 1827.8 1794.7 1771.6 1784.8 1759.8 1768.0 1813.2 1735.3 1608.7 1216.9 834.3 1375.4 975.2 1284.2 1150.6 1083.8 1354.9 1244.9 1421.1 1615.5 1502.1 1504.5 1625.7 1820.7 1747.6 1714.2 1936.9 -999.0 -999.0 -999.0 -999.0 -999.0 -999.0 -999.0 -999.0 -999.0 -999.0 -999.0 -999.0 -999.0
1615.4 -999.0 -999.0 -999.0 -999.0 -999.0 -999.0 -999.0 -999.0 -999.0 1817.4 -999.0 -999.0 -999.0 1892.6 1711.7 1690.1 1728.7 1823.4 -999.0 -999.0 1756.4 1856.4 1646.2 1566.7 -999.0 -999.0 -999.0 -999.0 -999.0 1886.2 1729.7 1732.4 1731.6 1749.6 1680.7 1736.0 1644.6 1541.6 1646.2 1401.2 1065.4 877.1 1099.7 937.2 908.6 929.5 1186.3 1169.5 1158.6 1289.6 1520.3 1557.9 1539.9 1781.7 1713.9 1631.1 1736.8 -999.0 -999.0 -999.0 -999.0 -999.0 -999.0 -999.0 -999.0 -999.0 -999.0 -999.0 -999.0 -999.0
-999.0 -999.0 -999.0 -999.0 -999.0 -999.0 -999.0 -999.0 -999.0 -999.0 1952.2 1954.5 -999.0 -999.0 -999.0 1881.1 1635.8 1626.2 1736.7 -999.0 -999.0 -999.0 -999.0 1918.5 -999.0 -999.0 -999.0 -999.0 -999.0 -999.0 1883.3 1763.9 1727.4 1592.5 1475.1 1471.8 1592.1 1589.6 1643.8 1607.8 1507.0 1158.2 913.4 1150.5 751.6 858.7 844.5 1125.9 1124.5 1006.3 1254.0 1445.2 1553.1 1715.6 1782.9 1663.6 1579.7 1687.5 -999.0 -999.0 -999.0 -999.0 -999.0 -999.0 -999.0 -999.0 -999.0 -999.0 -999.0 -999.0 -999.0
2082.2 2107.1 2061.9 -999.0 -999.0 -999.0 -999.0 -999.0 -999.0 -999.0 -999.0 1788.8 -999.0 -999.0 -999.0 -999.0 1850.3 1685.5 1794.4 -999.0 -999.0 -999.0 -999.0 -999.0 -999.0 -999.0 -999.0 -999.0 -999.0 1902.8 1771.3 1579.5 1466.4 1431.9 1318.0 1347.1 1446.6 1468.9 1577.3 1507.3 1509.6 1293.3 703.8 638.1 703.6 827.6 1150.1 1307.2 1260.3 1386.5 1585.8 1395.6 1409.9 1701.0 1708.0 1609.1 1560.6 1668.4 1864.6 -999.0 -999.0 -999.0 -999.0 -999.0 -999.0 -999.0 -999.0 -999.0 -999.0 -999.0 -999.0
1775.3 1783.7 1893.2 1984.7 -999.0 -999.0 -999.0 -999.0 -999.0 -999.0 -999.0 1672.2 -999.0 -999.0 -999.0 -999.0 -999.0 -999.0 -999.0 -999.0 -999.0 -999.0 -999.0 -999.0 -999.0 -999.0 -999.0 -999.0 -999.0 1751.2 1661.6 1636.4 1609.6 1699.4 1075.3 1283.2 1386.5 1220.8 1497.8 1359.5 1677.8 1466.6 844.2 550.8 793.6 1023.2 744.8 710.9 876.5 1092.0 1246.8 1666.6 1598.0 1622.9 1527.9 1600.2 1638.9 1650.3 1816.9 1989.8 -999.0 -999.0 -999.0 -999.0 -999.0 -999.0 -999.0 -999.0 -999.0 -999.0 -999.0
1840.3 1819.4 1818.4 1921.4 -999.0 -999.0 -999.0 -999.0 -999.0 -999.0 -999.0 -999.0 -999.0 -999.0 -999.0 -999.0 -999.0 -999.0 -999.0 -999.0 -999.0 -999.0 -999.0 -999.0 -999.0 -999.0 -999.0 -999.0 1930.8 1738.0 1567.1 1668.0 1323.5 1830.1 720.4 793.6 1463.7 1360.0 1454.9 1555.8 1500.4 1598.7 1318.1 623.1 723.0 933.2 1047.9 1156.0 1018.7 1119.9 1287.5 1488.7 1610.1 1642.4 1672.7 1687.1 1633.7 1728.1 1928.6 2006.0 -999.0 -999.0 -999.0 -999.0 -999.0 -999.0 -999.0 -999.0 -999.0 -999.0 -999.0
1916.0 1917.4 1930.3 1914.7 -999.0 -999.0 -999.0 -999.0 -999.0 -999.0 -999.0 -999.0 -999.0 -999.0 -999.0 -999.0 -999.0 -999.0 -999.0 -999.0 -999.0 -999.0 -999.0 -999.0 -999.0 -999.0 -999.0 -999.0 1919.3 1572.6 1625.7 1414.3 812.4 1407.2 1714.9 1218.6 1106.4 1279.4 1315.4 1435.3 1495.2 1576.9 1499.7 1323.1 679.6 882.1 971.7 1161.4 1222.4 1289.5 1529.8 1565.1 1583.1 1529.0 1704.7 1612.5 1694.4 1729.2 1890.3 2004.0 2011.1 1975.6 1973.0 -999.0 -999.0 -999.0 -999.0 -999.0 -999.0 -999.0 -999.0
1855.2 2004.0 -999.0 1932.0 2002.6 -999.0 -999.0 -999.0 -999.0 -999.0 -999.0 -999.0 -999.0 -999.0 -999.0 -999.0 -999.0 -999.0 -999.0 -999.0 -999.0 -999.0 -999.0 -999.0 -999.0 -999.0 -999.0 -999.0 1873.9 1606.0 1480.0 1125.2 1527.3 1420.6 1293.2 1006.6 1267.5 1364.6 984.8 1477.5 1275.4 1499.2 1573.9 1567.8 1239.2 1009.7 1034.9 1136.5 1225.6 1455.6 1483.7 1570.2 1666.6 1747.9 1738.2 1743.5 1703.3 1783.8 1863.1 1916.6 1604.6 1750.2 1671.3 1673.2 1796.8 -999.0 -999.0 -999.0 -999.0 -999.0 -999.0
1817.2 1922.1 1951.0 1927.7 -999.0 -999.0 -999.0 -999.0 -999.0 -999.0 -999.0 -999.0 -999.0 -999.0 -999.0 -999.0 -999.0 -999.0 -999.0 -999.0 -999.0 -999.0 -999.0 -999.0 -999.0 -999.0 -999.0 -999.0 1876.2 1590.3 1343.6 874.0 748.2 1040.6 1399.2 1311.1 1195.7 953.0 1349.8 993.9 1183.3 1344.2 1426.5 1468.5 1561.6 1436.3 1041.8 1101.8 1217.8 1328.0 1432.6 1533.0 1606.0 1703.0 1793.1 1768.3 1772.0 1837.0 1841.0 1816.3 1674.9 1360.2 1417.0 1457.2 1455.9 1586.6 1902.3 -999.0 -999.0 -999.0 -999.0
1901.9 1941.2 1920.5 1892.7 -999.0 -999.0 -999.0 -999.0 -999.0 -999.0 -999.0 -999.0 -999.0 -999.0 -999.0 -999.0 -999.0 -999.0 -999.0 -999.0 -999.0 -999.0 -999.0 -999.0 -999.0 -999.0 -999.0 -999.0 1928.6 1777.0 1344.6 1099.7 1514.4 546.9 759.6 1387.9 1173.7 1369.5 963.1 892.9 1192.2 1366.4 1347.3 1304.9 1479.8 804.4 921.7 953.4 934.9 959.1 1091.3 1471.9 1444.8 1674.4 1771.9 1783.5 1796.0 1829.2 1864.2 1867.3 1755.7 1459.1 1570.4 1618.9 1556.3 1507.3 1825.7 1668.1 -999.0 -999.0 -999.0
1950.4 1929.9 1826.8 1954.0 -999.0 -999.0 -999.0 -999.0 -999.0 -999.0 -999.0 -999.0 -999.0 -999.0 -999.0 -999.0 2099.1 2079.9 2122.4 -999.0 -999.0 -999.0 -999.0 -999.0 -999.0 -999.0 -999.0 -999.0 -999.0 1957.9 1786.3 1616.5 1386.3 1312.7 1007.9 1608.3 1886.4 1279.8 1273.9 1289.6 1347.3 1182.3 1178.3 1289.1 1231.2 991.9 996.2 742.1 860.0 1084.8 1215.1 1242.8 1468.8 1669.4 1755.4 1797.3 1772.3 1831.6 1847.9 1355.8 1450.9 1118.6 1099.0 1227.7 1336.0 1628.6 1401.5 1542.3 1869.1 -999.0 -999.0
2045.1 1909.6 1957.3 -999.0 -999.0 -999.0 -999.0 -999.0 -999.0 -999.0 -999.0 -999.0 -999.0 -999.0 -999.0 -999.0 2061.9 2053.8 -999.0 -999.0 -999.0 -999.0 -999.0 -999.0 -999.0 -999.0 -999.0 -999.0 -999.0 -999.0 1864.1 1853.4 1390.6 1450.9 742.5 1434.1 1420.3 1513.7 1673.1 1644.9 1540.6 1536.8 773.1 1281.6 1177.3 777.8 1020.4 1339.3 1454.7 1061.5 1472.4 1274.8 1545.8 1725.6 1815.2 1812.3 1793.8 1717.4 1460.8 1340.2 1411.6 1427.7 1500.0 1408.2 1313.6 1393.9 1386.9 1558.9 1551.5 -999.0 -999.0
1953.9 1913.9 -999.0 -999.0 -999.0 -999.0 -999.0 -999.0 -999.0 -999.0 -999.0 -999.0 -999.0 -999.0 -999.0 2055.1 1623.8 1732.2 2073.6 -999.0 -999.0 -999.0 -999.0 -999.0 -999.0 -999.0 -999.0 -999.0 -999.0 -999.0 1884.7 1523.4 1366.1 1341.7 1522.5 1399.6 1624.9 1672.0 1711.5 1724.2 1484.9 1574.2 1616.1 801.8 1150.6 1215.7 947.8 1204.6 991.8 1273.8 1261.0 1487.8 1623.3 1736.6 1767.0 1834.0 1810.3 1634.2 1497.7 1569.3 1481.2 1404.2 1460.1 1404.0 1435.9 1452.9 1456.9 1664.1 1528.5 1881.4 -999.0
-999.0 -999.0 -999.0 -999.0 -999.0 -999.0 -999.0 -999.0 -999.0 -999.0 -999.0 -999.0 -999.0 -999.0 2147.7 1572.4 1400.1 1227.2 2122.3 -999.0 -999.0 -999.0 -999.0 -999.0 -999.0 -999.0 -999.0 -999.0 -999.0 -999.0 1906.6 1280.4 1413.6 1830.9 1613.6 1712.1 1646.6 1839.9 1835.6 1673.4 1508.4 1740.1 1019.9 1229.4 942.1 1199.5 830.8 1444.2 1313.9 1522.0 1335.7 1553.9 1595.5 1655.8 1817.8 1833.9 1819.2 1735.3 1437.2 1423.0 1498.5 1643.8 1610.0 1610.6 1583.0 1566.7 1439.2 1462.1 1618.7 1687.7 -999.0
-999.0 -999.0 -999.0 -999.0 -999.0 -999.0 -999.0 -999.0 -999.0 -999.0 -999.0 -999.0 -999.0 2141.3 2024.7 1212.8 1654.9 1903.9 -999.0 -999.0 -999.0 -999.0 -999.0 -999.0 -999.0 -999.0 -999.0 -999.0 -999.0 -999.0 -999.0 1850.4 1861.9 1875.7 1593.5 1840.1 1642.2 1871.5 1863.4 1787.2 1620.4 1762.6 1089.0 1035.7 878.5 914.1 855.5 941.5 961.6 1100.7 1243.6 1299.2 1413.1 1701.6 1794.1 1799.1 1737.6 1712.2 1693.3 1335.0 1523.6 1817.6 1833.4 1761.5 1786.3 1776.2 1785.3 1774.3 1845.5 1853.7 1809.6
-999.0 -999.0 -999.0 -999.0 -999.0 -999.0 -999.0 -999.0 -999.0 -999.0 -999.0 -999.0 -999.0 1800.1 1489.4 1955.9 2116.5 2238.5 -999.0 -999.0 -999.0 -999.0 -999.0 -999.0 -999.0 -999.0 -999.0 -999.0 -999.0 -999.0 -999.0 -999.0 1919.0 1747.8 1812.9 1865.0 1760.5 1889.4 1895.8 1830.9 1612.7 1765.8 1119.6 1172.0 1204.7 953.2 1041.3 1144.0 829.5 865.2 1226.6 1161.8 1359.4 1473.2 1721.5 1768.7 1734.1 1738.2 1764.4 1773.1 1812.1 1903.7 1858.5 1793.9 1760.6 1785.0 1824.1 1836.1 1836.4 1532.5 1564.5
-999.0 -999.0 -999.0 -999.0 -999.0 -999.0 -999.0 -999.0 -999.0 -999.0 -999.0 -999.0 -999.0 1785.6 1862.9 1890.6 2231.0 -999.0 -999.0 -999.0 -999.0 -999.0 -999.0 -999.0 -999.0 -999.0 -999.0 -999.0 -999.0 -999.0 -999.0 -999.0 1930.0 1757.7 1781.9 -999.0 1910.1 -999.0 1995.9 1925.7 1811.6 1826.8 1736.4 1149.6 1212.3 1180.2 871.0 1464.1 1385.5 912.0 1093.3 1222.2 1337.7 1527.5 1693.5 1770.8 1792.2 1828.8 1828.0 1848.6 1808.1 1709.9 1807.1 1694.0 1749.3 1833.2 1775.0 1648.9 1693.5 1742.8 1742.9
-999.0 -999.0 -999.0 -999.0 -999.0 -999.0 -999.0 -999.0 -999.0 -999.0 -999.0 -999.0 2114.8 2119.3 2098.3 -999.0 -999.0 -999.0 -999.0 -999.0 -999.0 -999.0 -999.0 -999.0 -999.0 -999.0 -999.0 -999.0 -999.0 -999.0 -999.0 -999.0 1955.3 1921.3 1932.7 -999.0 -999.0 -999.0 2029.1 1738.1 1898.6 1746.8 1580.5 1652.2 1616.0 1466.7 1098.0 1075.5 1514.6 1119.0 1021.6 1315.4 1271.8 1443.0 1595.9 1826.4 1832.9 1871.8 1897.4 1892.5 1868.9 1835.8 1824.5 1750.4 1844.5 1787.7 1691.8 1617.6 1591.0 1606.3 1683.0
-999.0 -999.0 -999.0 -999.0 -999.0 -999.0 -999.0 -999.0 -999.0 -999.0 -999.0 -999.0 -999.0 -999.0 -999.0 -999.0 -999.0 -999.0 -999.0 -999.0 -999.0 -999.0 -999.0 -999.0 -999.0 -999.0 -999.0 -999.0 -999.0 -999.0 -999.0 -999.0 -999.0 -999.0 -999.0 -999.0 -999.0 2054.9 2013.4 1798.0 1487.4 1374.3 1357.0 1349.2 1483.7 1467.3 1205.6 1228.3 1371.5 1572.7 1303.5 1220.5 1410.2 1519.8 1641.6 1755.2 1831.0 1846.4 1924.1 1937.8 1938.2 1935.0 1904.7 1904.5 1782.4 1498.8 1676.7 1627.3 1735.5 1732.1 1818.8
-999.0 -999.0 -999.0 -999.0 -999.0 -999.0 -999.0 -999.0 -999.0 -999.0 -999.0 -999.0 -999.0 -999.0 -999.0 -999.0 -999.0 -999.0 -999.0 -999.0 -999.0 -999.0 -999.0 -999.0 -999.0 -999.0 -999.0 -999.0 -999.0 -999.0 -999.0 -999.0 -999.0 -999.0 -999.0 -999.0 -999.0 2006.1 1890.9 1569.9 1236.3 1022.0 1189.8 1527.5 1410.5 1676.5 1548.2 1595.0 1435.2 1365.4 1332.4 1353.4 1427.0 1558.9 1632.4 1698.3 1839.8 1856.4 1933.2 1966.5 2003.2 1993.9 1945.6 1918.4 1840.6 1445.2 1548.3 1756.4 1823.4 1858.9 1866.5
-999.0 -999.0 -999.0 -999.0 -999.0 -999.0 -999.0 -999.0 -999.0 -999.0 -999.0 -999.0 -999.0 -999.0 -999.0 -999.0 -999.0 -999.0 -999.0 -999.0 -999.0 -999.0 -999.0 -999.0 -999.0 -999.0 -999.0 -999.0 -999.0 -999.0 -999.0 -999.0 -999.0 -999.0 -999.0 -999.0 -999.0 1964.9 1924.5 1767.4 1438.0 1315.6 1392.2 1532.9 1569.5 1622.6 1515.5 1606.1 1648.8 1602.9 1808.5 1384.4 1580.1 1486.5 1632.9 1687.5 1863.1 1907.9 1926.1 1968.9 2047.8 1995.6 1979.6 1925.5 1899.4 1693.6 1633.3 1752.2 1847.8 1878.3 1900.4
