GDD/GrowingDegreeDays_1967_Actual.txt
ncols         180
nrows         290
xllcorner     -200000
yllcorner     -200000
cellsize      5000
NODATA_value    -999
[rows 96 to 127 of 290, columns 71 to 141 of 180]
1100.9 1140.1 1296.6 1383.3 1010.7 1301.3 685.5 719.0 991.2 1262.9 823.3 489.7 496.4 434.4 658.8 741.2 788.3 549.5 619.8 514.0 482.7 728.9 725.8 746.0 978.6 881.2 1052.7 819.3 649.8 711.3 652.5 766.0 806.3 715.9 663.5 762.3 826.0 717.4 718.2 1027.1 1141.9 1250.0 1274.3 1076.5 1154.8 -999.0 -999.0 -999.0 -999.0 -999.0 -999.0 -999.0 -999.0 -999.0 -999.0 -999.0 -999.0 -999.0 -999.0 -999.0 -999.0 -999.0 -999.0 -999.0 -999.0 -999.0 -999.0 -999.0 -999.0 -999.0 -999.0
1069.1 928.6 1328.2 1381.7 1005.7 1203.8 840.5 998.2 1239.3 1287.1 905.7 568.8 1250.4 594.7 771.4 627.0 808.6 605.3 846.7 697.8 794.4 797.8 439.3 798.4 780.6 891.1 949.7 990.5 672.7 811.6 912.9 860.1 666.7 821.6 737.9 888.9 845.1 895.2 997.3 1170.8 1168.3 1156.9 1215.0 1334.8 -999.0 -999.0 -999.0 -999.0 -999.0 -999.0 -999.0 -999.0 -999.0 -999.0 -999.0 -999.0 -999.0 -999.0 -999.0 -999.0 -999.0 -999.0 -999.0 -999.0 -999.0 -999.0 -999.0 -999.0 -999.0 -999.0 -999.0
1121.5 1323.9 819.5 991.1 932.6 666.0 482.6 1278.1 1385.6 573.3 1043.0 1129.5 565.5 722.3 539.9 726.7 561.2 916.5 1005.8 1078.4 1071.2 1069.7 999.9 752.7 987.9 829.7 785.1 1036.7 888.5 777.9 963.0 966.8 847.5 856.4 956.9 873.4 960.5 1139.2 1215.3 1258.4 1162.1 1247.9 1323.4 1320.6 -999.0 -999.0 -999.0 -999.0 -999.0 -999.0 -999.0 -999.0 -999.0 -999.0 -999.0 -999.0 -999.0 -999.0 -999.0 -999.0 -999.0 -999.0 -999.0 -999.0 -999.0 -999.0 -999.0 -999.0 -999.0 -999.0 -999.0
1084.9 793.5 1111.4 935.2 890.9 1317.3 1339.0 -999.0 1111.3 559.0 731.3 484.0 866.6 1011.9 786.0 874.9 904.4 892.4 841.2 785.6 728.2 636.6 404.4 569.7 776.8 768.7 1053.9 1175.5 1285.8 874.4 807.5 986.1 986.4 959.1 1112.3 1073.7 1129.8 1213.7 1212.6 1197.4 1187.9 1130.3 1154.3 -999.0 -999.0 -999.0 -999.0 -999.0 -999.0 -999.0 -999.0 -999.0 -999.0 -999.0 -999.0 -999.0 -999.0 -999.0 -999.0 -999.0 -999.0 -999.0 -999.0 -999.0 -999.0 -999.0 -999.0 -999.0 -999.0 -999.0 -999.0
1370.8 1133.8 1022.6 1133.8 831.8 1226.6 -999.0 1381.1 1158.4 1373.2 938.0 1087.9 746.3 395.5 784.4 703.6 845.7 617.7 482.5 579.5 762.1 1085.1 1000.0 1110.1 858.6 937.0 944.1 839.6 916.4 954.9 905.1 1029.7 1158.7 1150.8 1244.6 1245.1 1174.6 1134.9 1160.1 1165.3 1165.6 1268.3 1257.5 -999.0 -999.0 -999.0 -999.0 -999.0 -999.0 -999.0 -999.0 -999.0 -999.0 -999.0 -999.0 -999.0 -999.0 -999.0 -999.0 -999.0 -999.0 -999.0 -999.0 -999.0 -999.0 -999.0 -999.0 -999.0 -999.0 -999.0 -999.0
1323.5 1186.5 1390.9 997.0 1290.7 -999.0 1421.3 1399.4 1244.0 420.5 764.8 306.3 698.6 901.3 1009.8 709.8 661.3 774.6 627.5 847.0 666.6 572.2 696.9 1136.4 856.0 690.8 651.5 861.6 865.5 1290.5 1083.9 1243.7 1295.5 1315.0 1289.0 1032.2 1036.3 1032.7 1068.0 1060.0 1149.4 1267.0 1352.5 -999.0 -999.0 -999.0 -999.0 -999.0 -999.0 -999.0 -999.0 -999.0 -999.0 -999.0 -999.0 -999.0 -999.0 -999.0 -999.0 -999.0 -999.0 -999.0 -999.0 -999.0 -999.0 -999.0 -999.0 -999.0 -999.0 -999.0 -999.0
1355.9 1293.3 692.4 1398.0 -999.0 1447.7 -999.0 1031.0 888.7 708.6 1349.3 510.8 758.9 711.4 867.0 353.0 761.4 360.9 779.2 854.2 483.8 964.3 1334.6 800.1 520.5 484.5 925.6 934.8 913.9 1016.4 1185.1 1261.6 1273.9 1263.9 956.0 1106.7 1136.9 1202.6 1159.8 1150.5 1259.0 1349.0 -999.0 -999.0 -999.0 -999.0 -999.0 -999.0 -999.0 -999.0 -999.0 -999.0 -999.0 -999.0 -999.0 -999.0 -999.0 -999.0 -999.0 -999.0 -999.0 -999.0 -999.0 -999.0 -999.0 -999.0 -999.0 -999.0 -999.0 -999.0 -999.0
531.6 646.8 958.3 1395.2 -999.0 -999.0 1342.5 1314.7 1347.8 1280.7 909.3 458.6 1136.1 907.7 399.6 657.2 656.8 467.8 466.4 654.6 1197.4 693.3 691.3 522.7 649.1 831.9 611.3 608.4 909.5 1115.2 1280.8 1272.8 1158.6 914.1 1153.0 1277.0 1263.7 1410.1 1359.8 1278.2 -999.0 -999.0 -999.0 -999.0 -999.0 -999.0 -999.0 -999.0 -999.0 -999.0 -999.0 -999.0 -999.0 -999.0 -999.0 -999.0 -999.0 -999.0 -999.0 -999.0 -999.0 -999.0 -999.0 -999.0 -999.0 -999.0 -999.0 -999.0 -999.0 -999.0 -999.0
766.3 1065.6 1265.7 1394.3 -999.0 1439.0 1290.4 1127.0 934.8 1152.4 920.3 1259.0 1265.7 996.2 724.8 801.5 953.1 1014.7 941.0 787.9 581.1 952.5 746.1 811.5 671.9 609.4 808.9 869.7 1056.8 1209.9 1275.8 1282.3 1091.8 1183.3 1368.5 1400.8 1442.3 1403.4 1402.4 -999.0 -999.0 -999.0 -999.0 -999.0 -999.0 -999.0 -999.0 -999.0 -999.0 -999.0 -999.0 -999.0 -999.0 -999.0 -999.0 -999.0 -999.0 -999.0 -999.0 -999.0 -999.0 -999.0 -999.0 -999.0 -999.0 -999.0 -999.0 -999.0 -999.0 -999.0 -999.0
1236.7 955.4 1219.5 -999.0 -999.0 1411.3 942.4 1062.1 866.8 1127.1 1306.9 1064.7 704.8 701.0 795.9 890.7 797.5 585.2 944.3 778.5 1120.0 968.9 730.7 1025.2 1266.2 1292.0 1167.2 1238.8 1298.6 1265.2 1262.5 1407.7 1285.8 1357.2 1415.4 1262.5 1352.2 1294.6 1375.9 -999.0 -999.0 -999.0 -999.0 -999.0 -999.0 -999.0 -999.0 -999.0 -999.0 -999.0 -999.0 -999.0 -999.0 -999.0 -999.0 -999.0 -999.0 -999.0 -999.0 -999.0 -999.0 -999.0 -999.0 -999.0 -999.0 -999.0 -999.0 -999.0 -999.0 -999.0 -999.0
-999.0 -999.0 -999.0 -999.0 1424.7 1042.6 1022.2 926.2 1018.7 934.9 694.1 752.5 581.9 1015.2 732.5 1251.7 650.5 1161.4 546.9 1036.4 814.7 495.4 898.3 1093.5 958.0 1078.7 1293.0 1252.8 1347.5 1425.0 1345.9 1430.9 1427.8 1321.3 1335.5 1343.6 1312.8 1370.9 1330.3 1398.5 -999.0 -999.0 -999.0 -999.0 -999.0 -999.0 -999.0 -999.0 -999.0 -999.0 -999.0 -999.0 -999.0 -999.0 -999.0 -999.0 -999.0 -999.0 -999.0 -999.0 -999.0 -999.0 -999.0 -999.0 -999.0 -999.0 -999.0 -999.0 -999.0 -999.0 -999.0
-999.0 -999.0 -999.0 -999.0 1378.3 1379.0 1009.5 903.0 1284.6 826.4 1078.0 1299.1 910.6 718.1 810.1 1465.7 734.7 814.8 761.7 1013.9 693.3 852.5 781.0 637.2 901.2 998.9 1054.2 1118.3 1175.0 1139.6 1105.2 1015.5 1079.8 1261.3 1384.8 1358.4 1182.9 1300.1 1160.8 1231.7 1281.4 -999.0 -999.0 -999.0 -999.0 -999.0 -999.0 -999.0 -999.0 -999.0 -999.0 -999.0 -999.0 -999.0 -999.0 -999.0 -999.0 -999.0 -999.0 -999.0 -999.0 -999.0 -999.0 -999.0 -999.0 -999.0 -999.0 -999.0 -999.0 -999.0 -999.0
-999.0 -999.0 -999.0 1423.2 1377.5 1298.5 963.6 1157.5 947.9 956.2 1115.1 1333.5 855.8 821.8 624.9 1374.7 843.4 975.0 927.0 1006.7 873.1 1292.0 1118.0 1047.4 1079.2 1234.2 1049.9 880.2 725.1 829.0 902.3 1032.8 1157.3 1083.8 1368.8 1233.0 1176.1 1167.2 1171.7 1204.4 1259.3 1346.9 -999.0 -999.0 -999.0 -999.0 -999.0 -999.0 -999.0 -999.0 -999.0 -999.0 -999.0 -999.0 -999.0 -999.0 -999.0 -999.0 -999.0 -999.0 -999.0 -999.0 -999.0 -999.0 -999.0 -999.0 -999.0 -999.0 -999.0 -999.0 -999.0
-999.0 -999.0 1412.1 -999.0 1323.1 1158.4 1280.9 934.3 806.5 1301.7 1399.3 1031.5 673.5 975.3 1514.6 1265.6 461.3 1196.8 1191.3 1091.4 1041.0 1206.9 1256.1 1347.4 1287.6 1009.4 686.7 725.4 868.8 955.3 1121.8 1161.7 1195.6 1133.3 1243.5 1247.7 1354.5 1442.4 1435.7 1427.0 1422.2 -999.0 -999.0 -999.0 -999.0 -999.0 -999.0 -999.0 -999.0 -999.0 -999.0 -999.0 -999.0 -999.0 -999.0 -999.0 -999.0 -999.0 -999.0 -999.0 -999.0 -999.0 -999.0 -999.0 -999.0 -999.0 -999.0 -999.0 -999.0 -999.0 -999.0
-999.0 1418.9 1030.4 -999.0 1381.8 1344.9 1215.8 1187.6 1230.7 1219.9 761.0 1271.6 826.2 849.9 874.1 1159.7 1373.0 696.7 1156.2 1335.2 1409.1 1409.4 1427.3 1456.6 1471.6 1113.4 1314.8 1351.4 1350.4 1195.9 1077.0 1179.5 1194.5 1283.0 1351.3 1340.2 1454.3 -999.0 -999.0 -999.0 -999.0 -999.0 -999.0 -999.0 -999.0 -999.0 -999.0 -999.0 -999.0 -999.0 -999.0 -999.0 -999.0 -999.0 -999.0 -999.0 -999.0 -999.0 -999.0 -999.0 -999.0 -999.0 -999.0 -999.0 -999.0 -999.0 -999.0 -999.0 -999.0 -999.0 -999.0
1383.1 1162.0 1275.0 -999.0 1031.7 1365.0 1117.0 1251.8 1480.0 896.2 880.9 745.9 731.8 1483.7 936.8 937.3 1475.1 1142.7 1065.9 1260.7 1227.3 1153.7 1091.2 1030.4 1406.3 1469.8 1471.3 1403.6 1313.0 1217.5 1108.7 1183.7 1209.1 1235.2 1388.5 -999.0 -999.0 -999.0 -999.0 -999.0 -999.0 -999.0 -999.0 -999.0 -999.0 -999.0 -999.0 -999.0 -999.0 -999.0 -999.0 -999.0 -999.0 -999.0 -999.0 -999.0 -999.0 -999.0 -999.0 -999.0 -999.0 -999.0 -999.0 -999.0 -999.0 -999.0 -999.0 -999.0 -999.0 -999.0 -999.0
746.3 1171.9 -999.0 1350.5 1333.0 973.8 1241.2 1421.7 895.3 1168.0 835.2 775.8 1042.2 1243.2 928.3 952.8 1554.8 1530.9 1464.1 1364.0 1240.0 1159.8 941.8 864.2 1164.5 1343.3 1469.1 1510.1 1382.3 1372.6 1313.3 1296.9 1142.6 1180.6 1442.6 -999.0 -999.0 -999.0 -999.0 -999.0 -999.0 -999.0 -999.0 -999.0 -999.0 -999.0 -999.0 -999.0 -999.0 -999.0 -999.0 -999.0 -999.0 -999.0 -999.0 -999.0 -999.0 -999.0 -999.0 -999.0 -999.0 -999.0 -999.0 -999.0 -999.0 -999.0 -999.0 -999.0 -999.0 -999.0 -999.0
1421.3 1427.2 -999.0 1409.9 806.3 1139.2 -999.0 1307.0 945.0 1139.0 911.2 1029.6 976.1 1467.2 1487.1 1304.5 1414.5 1401.5 1248.8 1393.4 734.1 746.4 855.6 873.0 1133.1 1398.2 1434.8 1532.9 1564.0 1503.2 1475.5 1401.6 1452.4 -999.0 -999.0 -999.0 -999.0 -999.0 1383.0 1389.5 1378.6 1476.1 -999.0 -999.0 -999.0 -999.0 -999.0 -999.0 -999.0 -999.0 -999.0 -999.0 -999.0 -999.0 -999.0 -999.0 -999.0 -999.0 -999.0 -999.0 -999.0 -999.0 -999.0 -999.0 -999.0 -999.0 -999.0 -999.0 -999.0 -999.0 -999.0
1183.3 -999.0 -999.0 1025.0 1378.9 886.7 -999.0 1327.3 853.4 1195.0 1436.7 767.6 1466.8 1588.6 1585.1 1533.4 1346.6 1179.7 962.8 1212.6 1180.8 1275.2 1251.4 1275.6 1204.5 1220.4 1239.2 1331.9 1437.3 1365.9 1315.6 1363.6 1465.1 1501.3 1525.4 -999.0 -999.0 1491.7 1404.3 1308.3 1399.6 1420.7 1444.6 1478.7 -999.0 -999.0 -999.0 -999.0 -999.0 -999.0 -999.0 -999.0 -999.0 -999.0 -999.0 -999.0 -999.0 -999.0 -999.0 -999.0 -999.0 -999.0 -999.0 -999.0 -999.0 -999.0 -999.0 -999.0 -999.0 -999.0 -999.0
1513.3 -999.0 -999.0 1426.0 1131.7 956.4 1418.0 1153.6 1347.7 1208.7 1129.1 1058.6 1509.3 1398.5 1177.3 1190.9 1203.1 1393.6 1398.2 1358.2 1400.3 1334.9 1321.8 1292.9 1207.7 1110.5 1129.4 1226.3 1117.1 1090.3 1286.5 1372.8 1393.1 1434.4 1426.5 1496.0 1450.4 1344.4 1313.2 1359.5 1283.4 1113.9 1155.1 1077.1 1413.4 -999.0 -999.0 -999.0 -999.0 -999.0 -999.0 -999.0 -999.0 -999.0 -999.0 -999.0 -999.0 -999.0 -999.0 -999.0 -999.0 -999.0 -999.0 -999.0 -999.0 -999.0 -999.0 -999.0 -999.0 -999.0 -999.0
-999.0 -999.0 -999.0 1204.0 856.5 1191.0 1086.6 1433.3 1172.8 1274.0 1476.4 1504.1 -999.0 1157.8 895.7 1186.7 1298.0 1419.0 1414.6 1492.7 1537.1 1337.4 1348.1 1294.8 1074.0 963.8 993.9 1101.2 1156.6 1158.1 1236.8 1249.7 1247.2 1189.3 1336.6 1427.9 1253.4 1288.3 1239.6 1257.0 1125.4 983.8 970.8 934.9 1098.7 1055.2 1017.5 1345.0 -999.0 -999.0 -999.0 -999.0 -999.0 -999.0 -999.0 -999.0 -999.0 -999.0 -999.0 -999.0 -999.0 -999.0 -999.0 -999.0 -999.0 -999.0 -999.0 -999.0 -999.0 -999.0 -999.0
-999.0 -999.0 -999.0 1199.3 1250.1 1341.3 901.4 1462.3 -999.0 1496.5 1369.1 1520.8 -999.0 1093.5 764.0 1082.1 1158.1 1369.5 1478.5 1487.7 1502.3 1557.7 1481.4 1387.0 1207.2 926.9 948.9 985.3 1085.8 1086.1 1028.6 1009.0 918.8 1053.5 1283.1 1357.4 1212.9 1186.9 1143.8 828.7 784.5 941.8 953.8 1028.8 1063.1 1054.6 1227.5 1256.0 -999.0 -999.0 -999.0 -999.0 -999.0 -999.0 -999.0 -999.0 -999.0 -999.0 -999.0 -999.0 -999.0 -999.0 -999.0 -999.0 -999.0 -999.0 -999.0 -999.0 -999.0 -999.0 -999.0
-999.0 -999.0 -999.0 -999.0 1260.4 1088.8 1242.1 1491.5 -999.0 -999.0 1447.6 1539.7 1412.0 1137.1 922.3 1253.1 1183.2 1065.0 1234.0 1295.3 1373.0 1201.9 1379.8 1467.9 1320.0 1170.8 1030.7 977.2 884.4 979.2 857.3 845.8 982.8 1091.9 1082.1 1135.6 1079.5 987.3 919.4 947.3 817.3 931.7 989.7 1032.9 1286.1 1275.9 1174.5 1163.7 1229.6 -999.0 -999.0 -999.0 -999.0 -999.0 -999.0 -999.0 -999.0 -999.0 -999.0 -999.0 -999.0 -999.0 -999.0 -999.0 -999.0 -999.0 -999.0 -999.0 -999.0 -999.0 -999.0
-999.0 -999.0 -999.0 1464.5 1183.7 1123.8 -999.0 -999.0 -999.0 -999.0 -999.0 1532.4 1493.0 1083.8 1179.5 1371.6 1217.0 1079.4 1012.9 1114.0 1208.3 1152.5 1137.8 1256.2 1370.0 1171.4 998.2 1034.9 1006.8 974.8 870.2 926.8 1009.5 1003.1 1019.8 835.0 875.3 985.6 1011.6 1104.6 977.2 1007.4 1082.7 1078.5 1269.8 1312.7 1301.5 1309.5 1355.1 -999.0 -999.0 -999.0 -999.0 -999.0 -999.0 -999.0 -999.0 -999.0 -999.0 -999.0 -999.0 -999.0 -999.0 -999.0 -999.0 -999.0 -999.0 -999.0 -999.0 -999.0 -999.0
-999.0 1504.2 -999.0 1064.9 1184.8 1418.4 1479.4 1165.0 1077.0 -999.0 -999.0 -999.0 1508.6 1272.9 1320.9 1332.2 1295.9 1191.3 1050.9 991.3 958.6 948.0 1046.1 1086.6 1170.2 1379.2 1063.7 1085.0 1040.0 1045.9 1102.7 1108.4 914.2 1002.3 823.0 663.6 750.6 911.2 933.1 1145.3 1101.3 1125.0 1128.9 1146.3 1294.0 1320.5 1343.7 1313.7 1280.7 1298.4 -999.0 -999.0 -999.0 -999.0 -999.0 -999.0 -999.0 -999.0 -999.0 -999.0 -999.0 -999.0 -999.0 -999.0 -999.0 -999.0 -999.0 -999.0 -999.0 -999.0 -999.0
-999.0 -999.0 1480.2 1016.9 1167.0 1470.5 1116.4 932.2 850.8 1468.5 -999.0 -999.0 -999.0 1498.9 1440.3 1444.2 1379.2 1305.9 1241.7 1063.1 1006.1 1005.6 1086.9 1104.3 1109.1 1124.6 1200.8 1145.6 1092.5 967.0 1037.5 881.1 1133.8 1008.8 1060.9 1046.0 776.4 812.6 996.1 1083.9 1201.7 1229.5 1233.8 1243.4 1314.8 1325.2 1374.9 1303.0 1241.4 1289.8 1341.2 -999.0 -999.0 -999.0 -999.0 -999.0 -999.0 -999.0 -999.0 -999.0 -999.0 -999.0 -999.0 -999.0 -999.0 -999.0 -999.0 -999.0 -999.0 -999.0 -999.0
-999.0 -999.0 1326.4 1140.1 973.8 1481.3 1487.9 1062.3 1000.3 1583.0 -999.0 -999.0 -999.0 -999.0 -999.0 1450.9 1413.5 1412.9 1397.1 1294.6 1203.9 1051.2 870.3 907.6 1023.3 1094.2 1177.7 1085.6 1068.1 1028.3 1097.5 929.7 1157.4 1055.7 997.9 1084.7 1271.8 1159.4 1255.8 1162.7 1287.8 1203.0 1253.2 1384.2 1409.1 1400.7 1371.4 1378.1 1193.2 1191.4 1263.3 1361.5 -999.0 -999.0 -999.0 -999.0 -999.0 -999.0 -999.0 -999.0 -999.0 -999.0 -999.0 -999.0 -999.0 -999.0 -999.0 -999.0 -999.0 -999.0 -999.0
-999.0 -999.0 1227.9 1004.2 1120.0 -999.0 1503.5 1393.8 801.3 1370.6 -999.0 -999.0 -999.0 -999.0 -999.0 1447.9 1350.2 1223.7 1309.8 1126.9 938.4 955.9 834.1 815.3 882.8 1038.8 979.2 1046.9 1081.4 939.5 911.6 1195.2 593.7 969.0 778.5 1019.5 900.1 976.1 1307.2 1145.5 1257.2 1311.6 1352.8 1332.3 1240.6 1204.2 1277.0 1230.2 1358.2 1204.9 1082.8 1292.6 1311.8 1408.4 -999.0 -999.0 -999.0 -999.0 -999.0 -999.0 -999.0 -999.0 -999.0 -999.0 -999.0 -999.0 -999.0 -999.0 -999.0 -999.0 -999.0
-999.0 -999.0 1253.6 1214.3 1430.6 -999.0 -999.0 1121.9 868.0 1018.6 -999.0 -999.0 -999.0 -999.0 -999.0 1453.3 1411.4 1257.3 1274.8 1193.8 1037.7 1122.9 1021.4 1006.3 880.7 956.3 936.4 1001.7 868.8 642.8 795.2 914.7 518.6 634.5 919.4 902.3 1077.6 1272.1 1192.4 1144.5 1248.9 1217.4 1224.7 1338.0 1287.2 1282.9 1149.0 933.6 1090.8 1157.1 1125.2 1132.3 1308.4 1381.8 -999.0 -999.0 -999.0 -999.0 -999.0 -999.0 -999.0 -999.0 -999.0 -999.0 -999.0 -999.0 -999.0 -999.0 -999.0 -999.0 -999.0
-999.0 -999.0 1408.7 1309.2 -999.0 -999.0 -999.0 1481.1 1280.8 1220.5 -999.0 -999.0 -999.0 -999.0 -999.0 1440.6 1378.6 1291.5 1260.1 1221.9 1146.5 1048.1 815.6 741.2 898.7 846.5 983.0 1010.0 1011.3 799.2 1027.5 689.6 766.9 884.0 815.1 800.2 1156.7 1046.4 1208.4 1133.6 1155.5 1327.8 1226.2 1176.7 1181.1 1234.2 851.5 823.0 870.7 1149.8 1130.4 1132.8 1239.9 1299.4 -999.0 -999.0 -999.0 -999.0 -999.0 -999.0 -999.0 -999.0 -999.0 -999.0 -999.0 -999.0 -999.0 -999.0 -999.0 -999.0 -999.0
-999.0 1114.8 1183.6 926.0 1555.2 -999.0 -999.0 -999.0 -999.0 -999.0 -999.0 -999.0 -999.0 -999.0 1321.1 1339.1 1234.2 1230.5 1191.1 1109.3 1131.9 992.3 947.0 813.4 940.4 986.2 873.5 929.0 789.5 739.3 751.4 587.5 636.3 927.8 865.0 834.0 940.0 1066.2 1052.8 1225.6 1152.2 1108.4 1256.4 1135.7 1141.0 948.6 917.4 745.8 870.6 1182.1 1212.5 1279.4 1219.5 1276.2 -999.0 -999.0 -999.0 -999.0 -999.0 -999.0 -999.0 -999.0 -999.0 -999.0 -999.0 -999.0 -999.0 -999.0 -999.0 -999.0 -999.0
-999.0 1006.1 1029.9 1181.3 1536.4 -999.0 -999.0 -999.0 -999.0 -999.0 -999.0 -999.0 -999.0 -999.0 1085.6 1358.7 1209.5 1059.3 959.1 983.4 1063.4 1061.5 1025.9 1168.0 1055.7 848.8 851.5 910.5 888.8 976.3 1077.5 622.3 931.9 895.9 927.4 917.2 983.0 1092.0 1242.9 1051.2 1116.8 1123.6 1149.6 1097.4 961.9 882.2 959.0 881.2 918.7 1190.0 1327.1 1323.8 1166.4 1343.6 -999.0 -999.0 -999.0 -999.0 -999.0 -999.0 -999.0 -999.0 -999.0 -999.0 -999.0 -999.0 -999.0 -999.0 -999.0 -999.0 -999.0
