GDD/GrowingDegreeDays_1979_Actual.txt
ncols         180
nrows         290
xllcorner     -200000
yllcorner     -200000
cellsize      5000
NODATA_value    -999
[rows 160 to 191 of 290, columns 71 to 141 of 180]
-999.0 -999.0 -999.0 -999.0 -999.0 -999.0 -999.0 -999.0 -999.0 -999.0 -999.0 -999.0 -999.0 -999.0 -999.0 -999.0 -999.0 -999.0 -999.0 -999.0 -999.0 -999.0 -999.0 -999.0 -999.0 -999.0 -999.0 -999.0 -999.0 -999.0 -999.0 -999.0 -999.0 -999.0 -999.0 1527.8 1512.7 1497.5 1462.7 1252.1 1153.8 948.2 1193.0 1087.5 1425.5 1329.0 1335.4 1226.8 1167.7 1226.9 1154.9 1428.7 1434.6 1438.9 1456.8 1494.0 1430.8 1498.3 1519.7 1508.4 1548.3 1604.7 1574.1 1534.5 1514.7 1505.6 1404.0 1459.0 1524.9 1562.4 1572.6
-999.0 -999.0 -999.0 -999.0 -999.0 -999.0 -999.0 -999.0 -999.0 -999.0 -999.0 -999.0 -999.0 -999.0 -999.0 -999.0 -999.0 -999.0 -999.0 -999.0 -999.0 -999.0 -999.0 -999.0 -999.0 -999.0 -999.0 -999.0 -999.0 -999.0 -999.0 -999.0 -999.0 -999.0 -999.0 1540.9 1520.8 1536.3 1565.0 1503.3 1251.6 1411.0 1385.8 1471.4 1364.8 1139.6 1261.3 1129.1 1175.7 1126.5 1440.6 1222.9 1410.1 1340.8 1390.9 1394.6 1464.7 1475.4 1507.5 1535.9 1550.1 1563.8 1529.3 1494.5 1504.3 1521.0 1511.2 1450.6 1511.6 1570.1 1585.6
-999.0 -999.0 -999.0 -999.0 -999.0 -999.0 -999.0 -999.0 -999.0 -999.0 -999.0 -999.0 -999.0 -999.0 -999.0 -999.0 -999.0 -999.0 -999.0 -999.0 -999.0 -999.0 -999.0 -999.0 -999.0 -999.0 -999.0 -999.0 -999.0 -999.0 -999.0 -999.0 -999.0 -999.0 -999.0 1546.2 1541.7 1511.2 1597.6 1550.5 1457.7 1420.1 1455.8 1504.8 1385.5 1294.1 1287.8 1138.9 1018.8 1251.2 1352.4 1515.3 1428.9 1589.4 1541.2 1491.6 1448.9 1480.7 1496.2 1541.8 1534.9 1540.5 1516.0 1492.0 1500.1 1521.1 1527.8 1479.1 1464.2 1577.1 1659.0
-999.0 -999.0 -999.0 -999.0 -999.0 -999.0 -999.0 -999.0 -999.0 -999.0 -999.0 -999.0 -999.0 -999.0 -999.0 -999.0 -999.0 -999.0 -999.0 -999.0 -999.0 -999.0 -999.0 -999.0 -999.0 -999.0 -999.0 -999.0 -999.0 -999.0 -999.0 -999.0 -999.0 -999.0 -999.0 1562.2 1526.0 1516.7 1554.9 1553.5 1524.6 1523.8 1446.5 1344.5 1468.6 1398.0 1302.1 976.7 979.8 999.4 1190.6 1392.1 1477.3 1475.0 1586.1 1630.2 1534.4 1476.8 1533.3 1551.1 1544.5 1556.7 1538.7 1521.7 1528.7 1548.9 1568.6 1499.7 1486.2 1654.9 1752.5
-999.0 -999.0 -999.0 -999.0 -999.0 -999.0 -999.0 -999.0 -999.0 -999.0 -999.0 -999.0 -999.0 -999.0 -999.0 -999.0 -999.0 -999.0 -999.0 -999.0 -999.0 -999.0 -999.0 -999.0 -999.0 -999.0 -999.0 -999.0 -999.0 -999.0 -999.0 -999.0 -999.0 -999.0 -999.0 1562.4 1556.0 1562.5 1597.9 1591.9 1583.0 1487.2 1460.7 1364.1 1307.9 1150.0 1050.4 978.6 1155.7 1097.9 1287.3 1369.6 1499.6 1391.0 1492.4 1603.4 1643.6 1637.6 1609.6 1593.9 1569.2 1563.7 1565.7 1558.4 1558.4 1579.7 1582.8 1603.3 1589.2 1690.4 1767.8
-999.0 -999.0 -999.0 -999.0 -999.0 -999.0 -999.0 -999.0 -999.0 -999.0 -999.0 -999.0 -999.0 -999.0 -999.0 -999.0 -999.0 -999.0 -999.0 -999.0 -999.0 -999.0 -999.0 -999.0 -999.0 -999.0 -999.0 -999.0 -999.0 -999.0 -999.0 -999.0 -999.0 -999.0 -999.0 -999.0 1552.4 1563.6 1589.5 1598.4 1509.7 1332.1 1292.4 1245.4 1300.7 1309.1 1148.5 1164.9 1083.2 1201.9 1430.2 1620.4 1578.9 1523.6 1502.5 1639.1 1641.8 1603.0 1622.5 1629.5 1577.0 1582.1 1586.2 1584.4 1579.2 1587.4 1588.7 1591.7 1632.1 1666.9 1707.8
-999.0 -999.0 -999.0 -999.0 -999.0 -999.0 -999.0 -999.0 -999.0 -999.0 -999.0 -999.0 -999.0 -999.0 -999.0 -999.0 -999.0 -999.0 -999.0 -999.0 -999.0 -999.0 -999.0 -999.0 -999.0 -999.0 -999.0 -999.0 -999.0 -999.0 -999.0 -999.0 -999.0 -999.0 -999.0 1597.8 1557.3 1572.8 1594.1 1581.2 1510.8 1218.3 1166.9 1276.8 1109.2 1140.5 1207.7 1220.6 996.2 1184.0 1220.9 1447.7 1686.6 1489.2 1606.2 1683.2 1596.9 1598.6 1647.3 1602.7 1602.3 1600.4 1591.9 1588.0 1583.3 1586.2 1502.4 1568.9 1601.6 1528.3 1573.4
-999.0 -999.0 -999.0 -999.0 -999.0 -999.0 -999.0 -999.0 -999.0 -999.0 -999.0 -999.0 -999.0 -999.0 -999.0 -999.0 -999.0 -999.0 -999.0 -999.0 -999.0 -999.0 -999.0 -999.0 -999.0 -999.0 -999.0 -999.0 -999.0 -999.0 -999.0 -999.0 -999.0 -999.0 -999.0 1597.1 1585.9 1581.1 1592.0 1460.6 1507.1 1423.2 1191.0 1370.3 1368.8 1346.3 1419.0 1388.4 1154.1 1221.4 1255.2 1538.7 1450.9 1360.3 1554.1 1499.1 1553.1 1523.4 1562.5 1583.6 1618.6 1617.7 1602.1 1591.9 1574.7 1594.6 1590.5 1542.5 1591.1 1557.9 1518.2
-999.0 -999.0 -999.0 -999.0 -999.0 -999.0 -999.0 -999.0 -999.0 -999.0 -999.0 -999.0 -999.0 -999.0 -999.0 -999.0 -999.0 -999.0 -999.0 -999.0 -999.0 -999.0 -999.0 -999.0 -999.0 -999.0 -999.0 -999.0 -999.0 -999.0 -999.0 -999.0 -999.0 -999.0 1574.3 1598.2 1591.0 1512.4 1531.7 1528.3 1559.7 1482.1 1445.0 1476.7 1521.1 1548.0 1515.6 1424.0 1194.3 1028.8 995.4 1300.0 1216.5 1287.0 1501.8 1511.1 1595.9 1569.8 1559.8 1603.5 1626.8 1623.0 1610.7 1591.2 1569.2 1595.4 1592.7 1582.4 1575.0 1566.1 1466.7
-999.0 -999.0 -999.0 -999.0 -999.0 -999.0 -999.0 -999.0 -999.0 -999.0 -999.0 -999.0 -999.0 -999.0 -999.0 -999.0 -999.0 -999.0 -999.0 -999.0 -999.0 -999.0 -999.0 -999.0 -999.0 -999.0 -999.0 -999.0 -999.0 -999.0 -999.0 -999.0 -999.0 -999.0 -999.0 1586.9 1628.0 1597.9 1581.4 1457.8 1611.3 1608.0 1601.7 1594.4 1603.4 1658.0 1631.8 1529.5 1428.1 1114.8 977.1 931.1 1174.3 1206.3 1349.8 1483.2 1487.8 1636.1 1628.6 1561.2 1621.9 1629.9 1622.5 1583.7 1561.9 1582.7 1587.7 1570.4 1578.1 1582.0 1555.9
-999.0 -999.0 -999.0 -999.0 -999.0 -999.0 -999.0 -999.0 -999.0 -999.0 -999.0 -999.0 -999.0 -999.0 -999.0 -999.0 -999.0 -999.0 -999.0 -999.0 -999.0 -999.0 -999.0 -999.0 -999.0 -999.0 -999.0 -999.0 -999.0 -999.0 -999.0 -999.0 -999.0 -999.0 -999.0 1646.0 1657.5 1673.7 1667.1 1638.3 1631.1 1628.6 1658.9 1669.1 1739.8 1789.1 1742.7 1631.1 1446.5 1368.9 1006.7 876.2 911.1 1109.2 1292.5 1439.2 1555.3 1506.2 1573.6 1516.6 1598.4 1605.7 1618.1 1543.0 1536.3 1559.6 1556.3 1557.7 1575.1 1584.7 1541.8
-999.0 -999.0 -999.0 -999.0 -999.0 -999.0 -999.0 -999.0 -999.0 -999.0 -999.0 -999.0 -999.0 -999.0 -999.0 1532.9 1511.3 1499.4 1485.9 -999.0 -999.0 -999.0 -999.0 -999.0 -999.0 -999.0 -999.0 -999.0 -999.0 -999.0 -999.0 -999.0 -999.0 -999.0 1665.6 1722.9 1693.9 1705.8 1648.8 1643.9 1660.8 1658.9 1660.1 1693.8 1728.5 1775.7 1735.8 1642.0 1510.2 1233.7 1039.9 1021.2 1205.3 1073.4 1252.5 1590.2 1568.1 1617.9 1430.0 1452.2 1550.9 1525.6 1462.7 1409.7 1478.6 1539.1 1559.8 1549.6 1567.0 1601.9 1588.9
-999.0 -999.0 -999.0 -999.0 -999.0 -999.0 -999.0 -999.0 -999.0 -999.0 -999.0 -999.0 -999.0 -999.0 -999.0 1472.5 1405.0 1446.7 1535.5 -999.0 -999.0 -999.0 -999.0 -999.0 -999.0 -999.0 -999.0 -999.0 -999.0 -999.0 -999.0 -999.0 -999.0 1746.0 1625.3 1700.7 1727.8 1657.1 1700.6 1644.9 1668.9 1660.9 1654.6 1672.7 1676.9 1672.9 1689.7 1634.8 1535.5 1410.6 1039.3 982.8 1217.6 1196.2 1358.5 1513.9 1732.5 1661.8 1509.0 1464.9 1515.6 1535.7 1453.0 1386.5 1454.0 1536.6 1566.7 1572.3 1552.7 1597.9 1584.6
-999.0 -999.0 -999.0 -999.0 -999.0 -999.0 -999.0 -999.0 -999.0 -999.0 -999.0 -999.0 -999.0 1521.5 1614.5 1555.2 1415.5 1441.0 1473.1 1606.0 1663.7 1694.4 -999.0 -999.0 1616.9 1682.5 -999.0 -999.0 -999.0 1717.0 1624.6 1605.9 -999.0 1736.6 1589.3 1677.1 1751.0 1717.4 1704.5 1613.3 1609.1 1593.4 1616.3 1569.2 1634.8 1597.6 1610.9 1588.7 1281.3 1486.7 1370.8 1138.7 1410.6 1348.5 1140.8 1597.1 1511.2 1613.7 1523.3 1496.8 1531.7 1546.5 1542.1 1480.5 1516.3 1580.2 1579.6 1605.7 1566.8 1612.6 1604.9
-999.0 -999.0 -999.0 -999.0 -999.0 -999.0 -999.0 -999.0 -999.0 -999.0 -999.0 -999.0 -999.0 -999.0 1639.6 1605.5 1524.0 1508.1 1528.1 1542.7 1493.9 1696.0 -999.0 1708.2 1602.0 1441.3 1540.3 1493.1 1703.0 1704.2 1375.9 1390.2 1480.1 -999.0 1658.2 1616.5 1662.5 1701.5 1682.7 1572.9 1648.4 1720.8 1698.5 1590.7 1553.3 1568.0 1515.2 1515.4 1251.9 1197.0 1233.9 1201.5 1225.1 1115.4 1161.4 1397.3 1565.7 1602.9 1453.3 1449.7 1539.7 1518.5 1577.9 1540.3 1550.1 1598.2 1590.5 1624.2 1588.2 1618.5 1618.9
-999.0 -999.0 -999.0 -999.0 -999.0 -999.0 -999.0 -999.0 -999.0 -999.0 -999.0 -999.0 -999.0 -999.0 -999.0 1647.5 1566.3 1510.9 1579.9 1606.4 1631.2 1683.0 1336.3 884.7 1514.2 1240.5 1245.1 1334.7 1487.4 1626.9 1591.9 1441.8 1315.2 1490.4 1669.8 1701.2 1660.3 1670.1 1605.5 1449.4 1544.5 1713.7 1730.5 1630.5 1568.4 1559.1 1506.7 1456.6 1123.2 1055.1 1199.1 1196.1 1292.2 1315.6 1266.9 1354.0 1529.9 1560.0 1474.2 1500.1 1521.5 1489.2 1562.9 1522.0 1585.7 1600.5 1611.2 1592.7 1501.2 1636.1 1636.7
-999.0 -999.0 -999.0 -999.0 -999.0 -999.0 -999.0 -999.0 -999.0 -999.0 -999.0 -999.0 -999.0 -999.0 -999.0 -999.0 1562.8 1616.4 1625.3 1638.4 1548.3 1373.0 650.6 1054.3 1610.2 1175.5 1413.8 1197.4 1261.4 1487.8 1599.3 1205.9 1384.9 1386.3 1553.8 1719.7 1672.2 1630.5 1619.7 1512.6 1517.7 1615.7 1645.6 1631.5 1567.4 1541.5 1507.4 1339.2 1239.9 991.6 1149.3 1128.6 1155.1 1400.9 1305.7 1263.9 1392.5 1462.4 1472.1 1531.2 1493.5 1492.7 1551.2 1524.1 1595.7 1618.5 1606.6 1624.0 1630.7 1634.8 1646.0
-999.0 -999.0 -999.0 -999.0 -999.0 -999.0 -999.0 -999.0 -999.0 -999.0 -999.0 -999.0 -999.0 -999.0 -999.0 -999.0 -999.0 1655.5 1634.1 1471.5 1273.5 688.5 630.6 1031.0 1298.3 1312.8 1210.2 1100.8 1110.3 1138.1 1395.8 1513.4 1152.3 1362.0 1504.3 1563.8 1646.6 1646.6 1608.0 1571.4 1548.1 1586.8 1618.9 1592.8 1547.0 1516.5 1460.9 1327.9 1161.6 1071.9 1209.3 1225.4 1139.3 1274.4 1492.2 1311.0 1476.5 1445.6 1454.4 1551.6 1559.2 1539.0 1530.9 1530.9 1602.7 1630.9 1625.2 1659.4 1598.2 1634.3 1649.8
-999.0 -999.0 -999.0 -999.0 -999.0 -999.0 -999.0 -999.0 -999.0 -999.0 -999.0 -999.0 -999.0 -999.0 -999.0 -999.0 -999.0 1667.6 1554.6 1226.4 1087.5 978.0 778.4 1243.5 1504.3 1330.6 1075.5 988.8 949.0 1128.4 1354.1 1544.2 1118.6 1206.1 1437.1 1530.7 1658.7 1651.5 1599.6 1521.1 1531.1 1549.8 1563.0 1575.6 1548.9 1497.9 1346.9 1266.3 1339.3 1041.4 1196.4 1174.6 1108.0 1160.3 1335.5 1440.9 1479.0 1540.5 1466.6 1464.6 1543.3 1542.8 1581.5 1583.9 1631.7 1630.3 1638.3 1647.2 1624.3 1607.4 1641.3
-999.0 -999.0 -999.0 -999.0 -999.0 -999.0 -999.0 -999.0 -999.0 -999.0 -999.0 -999.0 -999.0 -999.0 -999.0 -999.0 -999.0 1659.2 1494.2 1286.5 1301.0 961.3 1084.9 1341.5 1286.3 1394.8 1212.6 954.0 1053.7 962.7 1157.3 1405.5 1147.6 1144.7 1266.9 1566.3 1628.2 1657.1 1570.6 1483.9 1493.5 1535.0 1550.8 1558.2 1526.0 1414.8 1354.4 1359.8 1339.1 1194.1 1219.4 1232.5 1249.0 1330.1 1352.5 1320.7 1536.2 1482.5 1488.8 1541.4 1527.1 1570.1 1534.8 1633.4 1644.4 1637.8 1649.5 1652.3 1562.4 1643.7 1657.1
-999.0 -999.0 -999.0 -999.0 -999.0 -999.0 -999.0 -999.0 -999.0 -999.0 -999.0 -999.0 -999.0 -999.0 -999.0 -999.0 1635.4 968.4 1373.2 1241.6 1099.5 1385.1 745.6 919.4 1007.9 1124.5 940.4 1099.8 1051.9 1156.7 1267.3 1180.9 996.1 1167.7 1282.4 1560.6 1643.7 1667.6 1531.8 1512.3 1538.3 1537.0 1558.8 1532.2 1435.4 1447.9 1449.2 1303.5 1217.5 1408.8 1134.0 1189.8 1383.7 1358.1 1418.3 1476.7 1497.6 1546.9 1561.0 1625.2 1560.7 1608.3 1646.3 1567.8 1650.9 1644.6 1635.5 1639.9 1572.6 1649.1 1665.2
-999.0 -999.0 -999.0 -999.0 -999.0 -999.0 -999.0 -999.0 -999.0 -999.0 -999.0 -999.0 -999.0 -999.0 1612.4 1568.5 1282.1 1345.5 1468.9 1445.7 1284.3 1474.8 1283.8 1168.4 958.2 981.6 884.2 989.8 953.4 1292.3 1161.4 1200.5 1412.7 1414.2 1509.5 1517.2 1594.4 1621.9 1529.2 1510.9 1511.0 1540.5 1513.3 1407.3 1454.1 1420.4 1477.3 1345.5 1284.6 1320.0 1381.5 1444.4 1353.6 1405.8 1453.0 1474.6 1511.1 1537.9 1618.6 1644.6 1681.3 1706.2 1679.4 1646.5 1639.0 1617.6 1639.3 1632.9 1567.2 1630.7 1664.9
-999.0 -999.0 -999.0 -999.0 -999.0 -999.0 -999.0 -999.0 -999.0 -999.0 -999.0 -999.0 -999.0 1562.2 1504.2 1503.5 1513.2 1568.8 1622.3 1594.7 1604.7 1574.0 1334.2 1201.3 1093.4 685.3 1093.9 1197.0 1168.9 1362.8 1003.8 964.7 1057.6 1334.1 1492.8 1505.2 1533.2 1554.6 1519.4 1475.7 1507.3 1506.1 1483.6 1420.6 1381.3 1460.9 1455.2 1346.9 1355.0 1385.2 1408.1 1416.0 1415.7 1503.9 1489.2 1536.3 1656.7 1582.8 1627.2 1696.8 1763.8 1729.9 1647.7 1647.4 1631.4 1614.9 1606.8 1609.6 1519.3 1575.8 1634.0
-999.0 -999.0 -999.0 -999.0 -999.0 -999.0 -999.0 -999.0 -999.0 -999.0 -999.0 -999.0 1593.9 1406.7 1422.2 1471.5 -999.0 -999.0 -999.0 -999.0 1632.4 1142.5 1131.3 1125.9 1010.6 1111.9 1176.1 947.9 1001.1 1146.2 657.8 808.2 1016.9 1118.3 1392.0 1575.4 1542.8 1521.9 1534.2 1517.1 1520.5 1523.0 1471.0 1492.7 1379.8 1433.0 1434.5 1419.6 1406.3 1411.9 1436.7 1510.4 1515.9 1536.3 1566.2 1606.7 1665.5 1669.5 1653.8 1671.1 1686.9 1677.1 1652.0 1633.7 1581.9 1552.4 1550.7 1566.5 1524.7 1556.5 1579.6
-999.0 -999.0 -999.0 -999.0 -999.0 -999.0 -999.0 -999.0 -999.0 -999.0 -999.0 -999.0 1568.3 1310.0 1540.4 1604.0 -999.0 -999.0 -999.0 -999.0 1695.9 1307.5 1042.0 1321.3 994.6 1016.9 1039.9 856.8 807.0 1031.6 806.1 1236.3 1220.4 1341.8 1472.4 1591.0 1578.9 1533.1 1524.6 1494.4 1458.6 1527.7 1471.9 1483.0 1460.5 1402.7 1467.0 1455.4 1509.0 1464.5 1422.5 1419.1 1436.9 1543.9 1587.3 1611.0 1626.2 1583.3 1591.3 1582.9 1596.6 1607.6 1536.2 1566.8 1451.0 1461.9 1466.7 1539.6 1525.6 1554.3 1576.8
-999.0 -999.0 -999.0 -999.0 -999.0 -999.0 -999.0 -999.0 -999.0 -999.0 -999.0 -999.0 -999.0 -999.0 -999.0 -999.0 -999.0 -999.0 -999.0 -999.0 1702.9 1243.5 1207.4 1330.9 1138.9 1258.8 840.6 885.1 1190.3 1006.4 1068.6 1215.7 1236.2 1445.6 1547.9 1617.3 1524.9 1529.6 1515.9 1517.9 1541.9 1540.9 1535.9 1533.6 1500.3 1458.6 1497.6 1519.3 1515.4 1492.9 1520.1 1486.6 1473.0 1595.0 1503.3 1447.9 1527.9 1526.1 1533.7 1586.7 1555.4 1493.6 1403.0 1430.8 1488.9 1488.9 1465.7 1521.4 1515.6 1554.1 1563.5
-999.0 -999.0 -999.0 -999.0 -999.0 -999.0 -999.0 -999.0 -999.0 -999.0 -999.0 -999.0 -999.0 -999.0 -999.0 -999.0 -999.0 -999.0 -999.0 -999.0 -999.0 1248.6 1668.5 1537.3 1247.4 932.3 999.7 897.9 925.8 1210.3 1205.5 1194.9 1469.0 1522.6 1599.1 1602.2 1577.1 1547.6 1562.6 1572.8 1569.1 1571.6 1569.5 1546.5 1535.8 1480.1 1484.9 1526.0 1409.9 1477.7 1566.0 1573.7 1566.6 1559.0 1563.5 1476.0 1456.9 1504.5 1442.3 1561.3 1576.1 1481.7 1487.4 1467.1 1490.4 1543.1 1493.7 1521.2 1549.7 1592.8 1570.8
-999.0 -999.0 -999.0 -999.0 -999.0 -999.0 -999.0 -999.0 -999.0 -999.0 -999.0 -999.0 -999.0 -999.0 -999.0 -999.0 -999.0 -999.0 -999.0 -999.0 -999.0 1502.3 1097.4 1011.7 1132.6 1161.2 1220.3 1076.8 1223.8 1219.0 1397.2 1550.7 1409.7 1560.5 1591.8 1460.2 1497.8 1534.7 1581.8 1633.3 1615.5 1534.7 1545.4 1472.3 1475.1 1477.2 1483.4 1520.5 1422.7 1413.0 1517.0 1570.5 1590.5 1573.2 1558.8 1530.0 1490.8 1457.3 1347.2 1474.1 1598.2 1550.9 1486.2 1417.5 1394.5 1452.1 1537.5 1530.5 1576.1 1612.7 1643.1
-999.0 -999.0 -999.0 -999.0 -999.0 -999.0 -999.0 -999.0 -999.0 -999.0 -999.0 -999.0 -999.0 -999.0 -999.0 -999.0 -999.0 -999.0 -999.0 -999.0 1549.5 1397.0 1468.8 911.4 1241.9 1309.6 1140.2 1178.9 1288.3 1122.3 1456.4 1606.1 1402.8 1610.7 1175.0 1375.7 1505.5 1525.8 1470.1 1572.2 1570.2 1353.0 1380.2 1444.2 1531.8 1497.4 1508.1 1540.0 1527.3 1529.7 1559.2 1586.4 1581.6 1583.1 1566.4 1516.4 1519.7 1447.4 1482.5 1563.8 1592.4 1535.2 1462.1 1395.4 1374.2 1430.2 1546.6 1566.8 1613.8 1659.4 1687.6
-999.0 -999.0 -999.0 -999.0 -999.0 -999.0 -999.0 -999.0 -999.0 -999.0 -999.0 -999.0 -999.0 -999.0 -999.0 -999.0 -999.0 -999.0 -999.0 -999.0 1722.2 1507.9 997.4 1349.6 1610.8 1400.1 1346.3 1210.4 1087.7 1148.2 1436.8 1557.3 1503.7 1547.0 1459.7 1419.1 1361.9 1363.6 1511.3 1498.8 1493.9 1460.4 1426.1 1518.2 1539.6 1507.4 1539.3 1540.0 1558.3 1614.9 1602.0 1593.4 1589.7 1583.4 1584.0 1560.6 1550.8 1494.8 1490.1 1552.7 1562.3 1488.0 1396.8 1339.4 1420.3 1423.8 1469.0 1547.7 1647.7 1628.5 1706.2
-999.0 -999.0 -999.0 -999.0 -999.0 -999.0 -999.0 -999.0 -999.0 -999.0 -999.0 -999.0 -999.0 -999.0 -999.0 -999.0 -999.0 -999.0 -999.0 -999.0 1780.8 1412.9 1654.1 1425.9 1441.0 1317.9 1300.0 981.4 1138.7 1075.6 1316.3 1435.1 1545.6 1540.0 1463.0 1273.2 1183.6 1102.4 1428.6 1324.2 1419.4 1420.9 1451.6 1574.7 1550.1 1540.9 1572.2 1582.6 1641.6 1656.1 1567.2 1572.7 1602.8 1584.4 1505.4 1595.0 1569.6 1540.9 1546.2 1580.7 1559.4 1478.0 1435.4 1429.6 1457.5 1473.2 1552.3 1589.5 1594.9 1627.7 1696.1
-999.0 -999.0 -999.0 -999.0 -999.0 -999.0 -999.0 -999.0 -999.0 -999.0 -999.0 -999.0 -999.0 -999.0 -999.0 -999.0 -999.0 -999.0 -999.0 -999.0 -999.0 1610.4 1347.6 1157.5 984.2 901.0 1089.3 1104.6 1260.9 1468.8 1487.4 1528.4 1469.9 1455.5 1498.0 1388.8 1380.2 1164.5 1317.3 1398.8 1431.3 1367.1 1418.6 1583.7 1515.3 1587.0 1629.0 1526.9 1668.9 1681.3 1675.4 1626.0 1631.9 1607.5 1495.6 1548.6 1598.6 1551.9 1561.7 1570.8 1532.0 1463.3 1485.9 1508.5 1554.8 1523.0 1594.3 1542.1 1570.1 1660.8 1691.1
