GDD/GrowingDegreeDays_1961_Actual.txt
ncols         180
nrows         290
xllcorner     -200000
yllcorner     -200000
cellsize      5000
NODATA_value    -999
[rows 64 to 95 of 290, columns 71 to 141 of 180]
-999.0 -999.0 -999.0 -999.0 -999.0 -999.0 -999.0 -999.0 -999.0 1440.7 1211.4 1214.4 1175.9 894.2 928.9 744.7 939.0 1019.3 958.8 977.6 461.8 952.0 592.4 887.1 832.6 1004.8 1046.9 925.7 743.7 782.3 608.2 990.1 -999.0 -999.0 -999.0 -999.0 -999.0 -999.0 -999.0 -999.0 -999.0 -999.0 -999.0 -999.0 -999.0 -999.0 -999.0 -999.0 -999.0 -999.0 -999.0 -999.0 -999.0 -999.0 -999.0 -999.0 -999.0 -999.0 -999.0 -999.0 -999.0 -999.0 -999.0 -999.0 -999.0 -999.0 -999.0 -999.0 -999.0 -999.0 -999.0
-999.0 -999.0 -999.0 -999.0 -999.0 -999.0 -999.0 -999.0 -999.0 -999.0 1425.0 1216.7 968.5 918.0 926.9 884.4 893.1 1259.4 1136.7 1101.0 850.9 792.2 750.3 890.5 981.6 885.3 927.1 965.0 900.8 946.6 1021.3 1299.3 -999.0 -999.0 -999.0 -999.0 -999.0 -999.0 -999.0 -999.0 -999.0 -999.0 -999.0 -999.0 -999.0 -999.0 -999.0 -999.0 -999.0 -999.0 -999.0 -999.0 -999.0 -999.0 -999.0 -999.0 -999.0 -999.0 -999.0 -999.0 -999.0 -999.0 -999.0 -999.0 -999.0 -999.0 -999.0 -999.0 -999.0 -999.0 -999.0
-999.0 -999.0 -999.0 -999.0 -999.0 -999.0 -999.0 -999.0 1480.5 -999.0 1426.5 1261.9 940.1 917.5 828.4 596.9 1113.6 1032.2 1276.3 1121.4 1108.4 986.6 875.3 1064.2 1010.3 919.7 844.4 817.7 950.9 1121.6 1324.2 -999.0 -999.0 -999.0 -999.0 -999.0 -999.0 -999.0 -999.0 -999.0 -999.0 -999.0 -999.0 -999.0 -999.0 -999.0 -999.0 -999.0 -999.0 -999.0 -999.0 -999.0 -999.0 -999.0 -999.0 -999.0 -999.0 -999.0 -999.0 -999.0 -999.0 -999.0 -999.0 -999.0 -999.0 -999.0 -999.0 -999.0 -999.0 -999.0 -999.0
-999.0 -999.0 -999.0 -999.0 -999.0 -999.0 -999.0 -999.0 1481.6 1422.8 1337.3 1340.8 940.1 1291.9 1103.0 1197.1 1057.2 1141.6 965.6 1264.0 1209.7 1052.6 1066.2 1002.0 990.6 1080.5 785.0 983.2 1032.8 -999.0 -999.0 -999.0 -999.0 -999.0 -999.0 -999.0 -999.0 -999.0 -999.0 -999.0 -999.0 -999.0 -999.0 -999.0 -999.0 -999.0 -999.0 -999.0 -999.0 -999.0 -999.0 -999.0 -999.0 -999.0 -999.0 -999.0 -999.0 -999.0 -999.0 -999.0 -999.0 -999.0 -999.0 -999.0 -999.0 -999.0 -999.0 -999.0 -999.0 -999.0 -999.0
-999.0 -999.0 -999.0 -999.0 -999.0 -999.0 -999.0 -999.0 -999.0 1444.0 829.6 1378.8 1155.4 1080.6 1091.6 1263.4 935.1 1096.7 973.6 1031.2 1251.5 1136.2 1147.5 1087.6 1019.2 1032.2 969.2 1319.0 -999.0 -999.0 -999.0 -999.0 -999.0 -999.0 -999.0 -999.0 -999.0 -999.0 -999.0 -999.0 -999.0 -999.0 -999.0 -999.0 -999.0 -999.0 -999.0 -999.0 -999.0 -999.0 -999.0 -999.0 -999.0 -999.0 -999.0 -999.0 -999.0 -999.0 -999.0 -999.0 -999.0 -999.0 -999.0 -999.0 -999.0 -999.0 -999.0 -999.0 -999.0 -999.0 -999.0
-999.0 -999.0 -999.0 -999.0 -999.0 -999.0 -999.0 -999.0 -999.0 -999.0 1482.2 1094.0 1410.1 1190.7 789.1 1206.2 1167.1 1187.8 1358.9 1129.5 1299.2 1126.6 1035.7 1275.8 1001.5 1158.0 1285.9 -999.0 -999.0 -999.0 -999.0 -999.0 -999.0 -999.0 -999.0 -999.0 -999.0 -999.0 -999.0 -999.0 -999.0 -999.0 -999.0 -999.0 -999.0 -999.0 -999.0 -999.0 -999.0 -999.0 -999.0 -999.0 -999.0 -999.0 -999.0 -999.0 -999.0 -999.0 -999.0 -999.0 -999.0 -999.0 -999.0 -999.0 -999.0 -999.0 -999.0 -999.0 -999.0 -999.0 -999.0
-999.0 -999.0 -999.0 -999.0 -999.0 -999.0 1506.2 -999.0 -999.0 1531.4 1511.1 1262.6 1070.1 986.4 996.6 1219.3 1150.3 947.0 1111.0 1224.4 1373.9 1155.4 1066.1 1095.3 1349.1 1373.8 -999.0 -999.0 -999.0 -999.0 -999.0 -999.0 -999.0 -999.0 -999.0 -999.0 -999.0 -999.0 -999.0 -999.0 -999.0 -999.0 -999.0 -999.0 -999.0 -999.0 -999.0 -999.0 -999.0 -999.0 -999.0 -999.0 -999.0 -999.0 -999.0 -999.0 -999.0 -999.0 -999.0 -999.0 -999.0 -999.0 -999.0 -999.0 -999.0 -999.0 -999.0 -999.0 -999.0 -999.0 -999.0
-999.0 -999.0 -999.0 -999.0 1364.2 1514.6 1402.4 1507.7 1313.4 1509.2 1055.2 1429.7 777.5 924.5 963.4 991.4 853.3 901.1 939.2 1324.6 1207.7 1288.1 1038.2 1130.5 1252.8 1401.9 -999.0 -999.0 -999.0 -999.0 -999.0 -999.0 -999.0 -999.0 -999.0 -999.0 -999.0 -999.0 -999.0 -999.0 -999.0 -999.0 -999.0 -999.0 -999.0 -999.0 -999.0 -999.0 -999.0 -999.0 -999.0 -999.0 -999.0 -999.0 -999.0 -999.0 -999.0 -999.0 -999.0 -999.0 -999.0 -999.0 -999.0 -999.0 -999.0 -999.0 -999.0 -999.0 -999.0 -999.0 -999.0
-999.0 -999.0 -999.0 -999.0 1039.7 1453.2 1459.9 1297.1 1225.5 1025.0 745.0 946.2 1424.5 772.5 699.6 781.0 707.7 1030.6 925.9 637.4 1110.6 1307.7 1339.6 1381.5 1390.4 -999.0 -999.0 1396.9 -999.0 -999.0 -999.0 -999.0 -999.0 -999.0 -999.0 -999.0 -999.0 -999.0 -999.0 -999.0 -999.0 -999.0 -999.0 -999.0 -999.0 -999.0 -999.0 -999.0 -999.0 -999.0 -999.0 -999.0 -999.0 -999.0 -999.0 -999.0 -999.0 -999.0 -999.0 -999.0 -999.0 -999.0 -999.0 -999.0 -999.0 -999.0 -999.0 -999.0 -999.0 -999.0 -999.0
-999.0 -999.0 -999.0 -999.0 1204.2 1327.6 1466.8 1240.8 837.1 1201.5 453.5 1044.7 1024.9 696.5 607.4 696.4 717.6 707.5 608.6 761.6 907.7 800.6 1109.5 999.8 1317.2 1366.7 1370.2 1395.1 -999.0 -999.0 -999.0 -999.0 -999.0 -999.0 -999.0 -999.0 -999.0 -999.0 -999.0 -999.0 -999.0 -999.0 -999.0 -999.0 -999.0 -999.0 -999.0 -999.0 -999.0 -999.0 -999.0 -999.0 -999.0 -999.0 -999.0 -999.0 -999.0 -999.0 -999.0 -999.0 -999.0 -999.0 -999.0 -999.0 -999.0 -999.0 -999.0 -999.0 -999.0 -999.0 -999.0
-999.0 -999.0 -999.0 -999.0 1461.9 1199.0 1451.7 1139.1 1101.2 719.8 883.4 882.4 1035.2 1008.3 959.8 640.0 787.4 725.1 746.4 1033.1 1058.4 920.7 1093.4 1028.7 1272.8 1343.0 1340.4 -999.0 -999.0 -999.0 -999.0 -999.0 -999.0 -999.0 -999.0 -999.0 -999.0 -999.0 -999.0 -999.0 -999.0 -999.0 -999.0 -999.0 -999.0 -999.0 -999.0 -999.0 -999.0 -999.0 -999.0 -999.0 -999.0 -999.0 -999.0 -999.0 -999.0 -999.0 -999.0 -999.0 -999.0 -999.0 -999.0 -999.0 -999.0 -999.0 -999.0 -999.0 -999.0 -999.0 -999.0
-999.0 -999.0 -999.0 -999.0 1385.8 1432.7 1307.8 1502.5 656.8 857.2 828.9 886.4 665.3 393.3 771.7 928.1 969.1 668.9 764.9 1006.5 930.2 1073.2 1155.5 1292.7 1366.3 1198.8 -999.0 -999.0 -999.0 -999.0 -999.0 -999.0 -999.0 -999.0 -999.0 -999.0 -999.0 -999.0 -999.0 -999.0 -999.0 -999.0 -999.0 -999.0 -999.0 -999.0 -999.0 -999.0 -999.0 -999.0 -999.0 -999.0 -999.0 -999.0 -999.0 -999.0 -999.0 -999.0 -999.0 -999.0 -999.0 -999.0 -999.0 -999.0 -999.0 -999.0 -999.0 -999.0 -999.0 -999.0 -999.0
-999.0 -999.0 -999.0 1549.3 1196.5 1117.4 856.3 1080.4 1465.7 933.3 937.4 867.8 930.7 868.4 946.2 777.9 981.4 1002.2 503.7 851.2 1001.9 1321.7 1352.5 1363.8 1401.7 -999.0 -999.0 -999.0 -999.0 -999.0 -999.0 1449.3 1415.5 1382.1 1446.7 -999.0 -999.0 1460.1 1319.8 1362.2 1434.1 1444.6 -999.0 -999.0 -999.0 1354.5 -999.0 1320.8 1322.9 -999.0 -999.0 -999.0 -999.0 -999.0 -999.0 -999.0 -999.0 -999.0 -999.0 -999.0 -999.0 -999.0 -999.0 -999.0 -999.0 -999.0 -999.0 -999.0 -999.0 -999.0 -999.0
-999.0 -999.0 -999.0 -999.0 1358.2 1064.7 825.6 984.3 929.3 1431.5 938.4 985.5 795.5 953.2 1042.1 1324.2 1125.8 860.5 906.4 1039.8 1210.2 1241.1 1195.5 1149.0 1413.4 -999.0 -999.0 -999.0 1490.5 1504.4 1449.6 1429.4 1440.9 1528.6 1463.9 1408.8 1389.7 1284.3 1158.3 1161.7 1299.6 1339.9 1375.5 1297.0 1152.5 1102.4 1156.7 1206.3 1225.8 1219.8 -999.0 -999.0 -999.0 -999.0 -999.0 -999.0 -999.0 -999.0 -999.0 -999.0 -999.0 -999.0 -999.0 -999.0 -999.0 -999.0 -999.0 -999.0 -999.0 -999.0 -999.0
-999.0 1404.4 -999.0 1386.1 1556.2 1464.0 1410.5 520.3 1357.9 1057.0 1221.2 945.7 1119.5 880.8 910.8 827.0 1156.8 1277.1 1253.8 1181.5 1344.2 1143.7 1265.0 1163.8 1376.1 1451.6 1466.2 1409.9 1439.5 1451.8 1315.7 1159.7 1360.6 1413.2 1265.1 1366.2 1064.6 954.6 1009.1 1074.9 1226.5 1136.6 1222.3 1273.9 1188.7 1064.4 1110.3 1144.9 980.0 1155.2 1220.2 -999.0 -999.0 -999.0 -999.0 -999.0 -999.0 -999.0 -999.0 -999.0 -999.0 -999.0 -999.0 -999.0 -999.0 -999.0 -999.0 -999.0 -999.0 -999.0 -999.0
-999.0 -999.0 1510.4 914.4 1141.1 1216.9 713.0 922.7 622.8 1227.9 968.6 933.2 1006.8 1000.0 1172.5 725.6 838.3 842.0 1240.9 1377.2 1208.3 1358.6 1476.1 -999.0 1449.8 1377.3 1393.3 1274.5 1265.1 1302.6 1224.1 1235.3 1084.4 1071.8 1125.2 1198.8 1114.1 1123.4 1176.9 1197.3 1086.7 1199.8 1231.7 1218.8 1141.2 1141.8 1124.9 1129.2 1108.7 1080.1 1162.2 1255.8 -999.0 -999.0 -999.0 -999.0 -999.0 -999.0 -999.0 -999.0 -999.0 -999.0 -999.0 -999.0 -999.0 -999.0 -999.0 -999.0 -999.0 -999.0 -999.0
1382.1 -999.0 1525.9 1326.0 1032.5 919.1 1198.5 635.4 749.0 1151.0 1036.1 827.8 734.5 734.0 963.0 952.1 763.7 884.4 965.3 1386.1 1442.2 1498.7 1534.6 1445.3 1234.0 1159.5 1165.5 1182.5 1253.8 1123.3 1046.7 1051.4 905.9 998.4 1184.0 1029.6 996.4 985.3 1064.2 1300.6 1306.4 1325.1 1236.2 1233.5 1148.2 1168.6 1127.9 1173.5 1162.2 1156.8 1161.8 1249.3 -999.0 -999.0 -999.0 -999.0 -999.0 -999.0 -999.0 -999.0 -999.0 -999.0 -999.0 -999.0 -999.0 -999.0 -999.0 -999.0 -999.0 -999.0 -999.0
921.8 -999.0 -999.0 1067.9 663.3 1089.4 874.8 1490.9 1170.9 1086.9 1073.7 741.7 878.4 504.1 542.5 632.3 863.6 1050.0 1242.1 1332.7 1046.5 1266.9 1435.1 1199.2 1000.6 858.0 947.6 1043.3 1016.6 1040.7 861.8 836.2 1105.0 1109.1 1150.7 1212.4 1043.1 1049.4 1131.8 1273.9 1323.5 1260.0 1115.1 1244.2 1191.0 1203.6 1094.3 1195.8 1131.8 1129.8 1136.6 1233.9 -999.0 -999.0 -999.0 -999.0 -999.0 -999.0 -999.0 -999.0 -999.0 -999.0 -999.0 -999.0 -999.0 -999.0 -999.0 -999.0 -999.0 -999.0 -999.0
1093.4 -999.0 -999.0 1363.2 1424.0 1372.7 1431.2 1179.8 964.6 700.8 1063.9 912.7 943.1 1031.4 1071.5 866.7 871.5 900.5 963.9 1051.7 788.5 1282.8 1115.6 1126.3 959.1 722.1 804.8 989.9 958.1 927.2 758.7 904.0 1167.6 809.8 1003.6 930.5 851.8 1085.2 1046.3 1282.6 1202.0 1024.7 1146.2 1189.4 1268.8 1192.9 1249.7 1225.5 1092.0 1168.4 1209.3 -999.0 -999.0 -999.0 -999.0 -999.0 -999.0 -999.0 -999.0 -999.0 -999.0 -999.0 -999.0 -999.0 -999.0 -999.0 -999.0 -999.0 -999.0 -999.0 -999.0
1435.5 1486.7 -999.0 -999.0 1647.5 1337.7 1444.9 1135.5 770.2 520.9 802.8 477.0 727.8 817.5 864.0 1080.4 1043.6 926.3 962.2 851.7 1381.4 1126.4 1170.4 737.7 930.7 932.1 656.3 875.1 876.2 897.3 978.9 1069.0 909.2 847.1 949.4 891.7 924.4 825.5 995.8 1214.9 979.8 1122.0 1194.8 1196.7 1061.9 1202.8 1262.5 1292.3 1207.0 1209.2 1255.8 -999.0 -999.0 -999.0 -999.0 -999.0 -999.0 -999.0 -999.0 -999.0 -999.0 -999.0 -999.0 -999.0 -999.0 -999.0 -999.0 -999.0 -999.0 -999.0 -999.0
1247.9 1412.0 -999.0 -999.0 1465.8 1447.2 1470.0 1087.5 1471.4 1087.4 778.9 537.2 394.5 549.2 984.5 968.2 889.1 713.9 960.9 1292.7 1059.4 1040.0 1007.4 798.3 849.7 903.1 683.0 967.8 1028.0 1064.2 1077.6 664.7 863.6 857.2 549.6 769.5 891.9 872.5 1085.5 1092.2 1134.6 1198.6 1259.4 1252.9 1266.5 1180.6 1250.9 1263.7 1220.5 1227.6 -999.0 -999.0 -999.0 -999.0 -999.0 -999.0 -999.0 -999.0 -999.0 -999.0 -999.0 -999.0 -999.0 -999.0 -999.0 -999.0 -999.0 -999.0 -999.0 -999.0 -999.0
1201.0 1374.9 1330.2 1111.8 777.7 950.1 791.4 958.6 1259.9 894.4 426.7 456.4 1038.9 822.3 978.9 800.8 663.6 707.8 922.0 1161.6 1033.5 655.5 563.8 787.5 755.8 738.7 1020.0 1097.1 1110.5 933.0 764.9 975.8 944.7 939.5 807.5 651.0 782.0 635.6 1079.0 843.9 1009.3 1002.5 779.1 1153.0 1305.5 1185.1 1147.0 1262.1 1225.3 -999.0 -999.0 -999.0 -999.0 -999.0 -999.0 -999.0 -999.0 -999.0 -999.0 -999.0 -999.0 -999.0 -999.0 -999.0 -999.0 -999.0 -999.0 -999.0 -999.0 -999.0 -999.0
1454.1 1160.0 1371.9 820.5 1407.9 1297.1 1087.3 649.1 485.9 895.5 763.5 866.4 557.2 714.9 802.9 851.4 1091.7 1076.9 1089.5 1064.6 808.9 521.1 625.0 856.0 575.0 927.4 833.2 1156.5 1150.9 1068.4 913.4 815.0 807.2 769.1 618.6 656.6 926.8 847.0 1136.3 1134.5 1217.1 1187.1 1186.6 1252.6 1278.0 1284.4 1243.5 1244.3 1369.9 -999.0 -999.0 -999.0 -999.0 -999.0 -999.0 -999.0 -999.0 -999.0 -999.0 -999.0 -999.0 -999.0 -999.0 -999.0 -999.0 -999.0 -999.0 -999.0 -999.0 -999.0 -999.0
-999.0 1326.9 1235.2 -999.0 1432.4 896.1 554.1 459.7 915.7 1045.5 968.7 511.2 524.8 1107.7 1212.2 1037.5 754.0 1230.2 1107.4 824.2 582.0 512.8 535.7 460.0 729.5 649.4 835.1 1126.2 662.5 973.7 620.4 649.2 610.4 529.8 662.3 859.8 994.8 901.5 1016.8 953.5 1101.9 1092.9 1197.1 1224.1 1251.8 1277.0 1279.7 1310.2 -999.0 -999.0 -999.0 -999.0 -999.0 -999.0 -999.0 -999.0 -999.0 -999.0 -999.0 -999.0 -999.0 -999.0 -999.0 -999.0 -999.0 -999.0 -999.0 -999.0 -999.0 -999.0 -999.0
1539.4 1174.2 1502.4 -999.0 735.5 1019.4 935.8 1442.0 790.3 1010.5 481.2 567.5 877.0 696.8 650.4 1024.3 1371.8 865.3 812.7 687.1 463.3 432.1 438.1 410.0 645.1 915.6 1166.2 1098.5 946.7 736.5 500.7 541.4 782.0 656.5 834.8 755.3 866.4 994.6 1090.5 1019.0 1007.5 1033.4 1147.4 1092.1 1249.6 1178.2 1195.1 1334.6 -999.0 -999.0 -999.0 -999.0 -999.0 -999.0 -999.0 -999.0 -999.0 -999.0 -999.0 -999.0 -999.0 -999.0 -999.0 -999.0 -999.0 -999.0 -999.0 -999.0 -999.0 -999.0 -999.0
1307.0 1514.7 -999.0 1330.1 1194.5 845.6 1116.2 926.3 695.7 1108.6 1114.4 956.0 1119.2 1279.3 1299.7 1288.2 905.3 592.6 538.7 497.5 440.5 340.8 438.0 798.2 1001.7 1027.4 554.2 836.7 312.9 285.8 458.6 488.3 501.1 699.3 798.9 831.1 790.7 1206.7 1214.6 1153.5 1216.6 1187.6 780.1 979.6 1300.7 1295.6 1306.7 1345.6 1437.2 -999.0 -999.0 -999.0 -999.0 -999.0 -999.0 -999.0 -999.0 -999.0 -999.0 -999.0 -999.0 -999.0 -999.0 -999.0 -999.0 -999.0 -999.0 -999.0 -999.0 -999.0 -999.0
-999.0 -999.0 1561.3 1052.8 945.9 811.4 1241.0 915.8 561.8 1094.1 1016.0 776.8 834.5 813.4 982.5 708.0 645.2 467.1 735.1 755.8 587.5 461.5 627.1 1018.6 916.5 988.6 661.1 325.0 555.9 305.7 425.3 457.0 546.3 657.2 713.2 903.2 1108.5 1228.6 1149.7 1262.0 1302.4 1169.5 1210.3 1284.1 1334.6 1221.7 1202.5 1292.7 -999.0 -999.0 -999.0 -999.0 -999.0 -999.0 -999.0 -999.0 -999.0 -999.0 -999.0 -999.0 -999.0 -999.0 -999.0 -999.0 -999.0 -999.0 -999.0 -999.0 -999.0 -999.0 -999.0
-999.0 -999.0 1545.7 1503.4 1188.7 785.1 1048.1 742.3 1219.6 1258.5 1217.2 1023.8 611.7 504.2 638.7 889.2 933.6 835.4 578.6 759.5 771.1 876.7 871.0 719.4 660.8 551.7 422.1 430.0 400.0 611.5 659.7 733.1 1015.8 992.5 923.9 871.0 789.4 950.5 1061.0 848.6 1013.4 1306.8 1218.2 1101.7 1063.1 1045.8 1179.9 -999.0 -999.0 -999.0 -999.0 -999.0 -999.0 -999.0 -999.0 -999.0 -999.0 -999.0 -999.0 -999.0 -999.0 -999.0 -999.0 -999.0 -999.0 -999.0 -999.0 -999.0 -999.0 -999.0 -999.0
-999.0 -999.0 1252.2 874.7 1346.2 689.0 620.8 732.0 618.7 816.8 1173.1 1088.2 1246.0 1289.1 627.4 706.7 592.3 240.5 998.8 856.7 843.2 758.0 796.2 591.0 649.9 467.8 615.6 674.8 711.2 625.2 791.3 576.2 577.8 453.6 599.4 797.2 626.8 447.5 645.5 720.7 875.8 890.7 943.8 950.7 1053.7 1087.7 1221.8 -999.0 -999.0 -999.0 -999.0 -999.0 -999.0 -999.0 -999.0 -999.0 -999.0 -999.0 -999.0 -999.0 -999.0 -999.0 -999.0 -999.0 -999.0 -999.0 -999.0 -999.0 -999.0 -999.0 -999.0
-999.0 1568.6 1563.8 1294.3 1520.5 1292.7 1095.1 828.0 1186.0 1167.4 604.4 1188.7 1256.7 1235.0 1169.1 688.6 894.9 1098.3 940.3 489.0 563.8 778.5 358.4 532.3 595.9 475.0 406.2 481.9 532.8 513.6 524.2 552.5 503.0 324.8 838.8 583.7 621.3 1032.9 1064.8 754.7 943.3 898.3 883.8 1156.7 1062.3 1112.2 1213.3 -999.0 -999.0 -999.0 -999.0 -999.0 -999.0 -999.0 -999.0 -999.0 -999.0 -999.0 -999.0 -999.0 -999.0 -999.0 -999.0 -999.0 -999.0 -999.0 -999.0 -999.0 -999.0 -999.0 -999.0
-999.0 -999.0 1502.7 1206.0 615.9 1268.2 1450.5 1306.2 1403.0 1476.0 1470.9 1450.6 1246.5 1159.8 734.3 992.6 885.6 918.8 519.0 636.5 871.2 776.6 348.7 637.9 522.9 748.9 464.5 484.2 717.6 330.3 392.6 428.4 309.8 368.7 578.5 446.1 576.7 753.9 990.3 1194.1 1154.2 965.0 1113.9 1275.0 1230.7 1158.6 1373.5 -999.0 -999.0 -999.0 -999.0 -999.0 -999.0 -999.0 -999.0 -999.0 -999.0 -999.0 -999.0 -999.0 -999.0 -999.0 -999.0 -999.0 -999.0 -999.0 -999.0 -999.0 -999.0 -999.0 -999.0
1479.6 1473.3 1463.9 1347.4 963.1 1427.6 688.4 1117.5 904.3 718.3 1450.3 1413.0 259.5 515.2 467.2 634.5 430.1 523.0 475.1 465.1 397.9 638.2 600.3 790.1 819.9 865.3 694.4 714.6 437.2 716.6 651.6 800.9 618.1 432.9 538.3 1019.5 752.2 682.8 984.4 745.9 1124.9 1285.8 1321.2 1304.6 1146.3 1267.5 -999.0 -999.0 -999.0 -999.0 -999.0 -999.0 -999.0 -999.0 -999.0 -999.0 -999.0 -999.0 -999.0 -999.0 -999.0 -999.0 -999.0 -999.0 -999.0 -999.0 -999.0 -999.0 -999.0 -999.0 -999.0
