GDD/GrowingDegreeDays_2004_Actual.txt
ncols         180
nrows         290
xllcorner     -200000
yllcorner     -200000
cellsize      5000
NODATA_value    -999
[rows 64 to 95 of 290, columns 71 to 141 of 180]
-999.0 -999.0 -999.0 -999.0 -999.0 -999.0 -999.0 -999.0 -999.0 1596.6 1334.6 1365.8 1320.3 953.2 995.6 756.7 991.4 1093.3 1015.9 1074.3 456.8 1072.0 639.4 1017.6 978.5 1228.3 1300.3 1149.3 902.9 940.8 684.2 1105.0 -999.0 -999.0 -999.0 -999.0 -999.0 -999.0 -999.0 -999.0 -999.0 -999.0 -999.0 -999.0 -999.0 -999.0 -999.0 -999.0 -999.0 -999.0 -999.0 -999.0 -999.0 -999.0 -999.0 -999.0 -999.0 -999.0 -999.0 -999.0 -999.0 -999.0 -999.0 -999.0 -999.0 -999.0 -999.0 -999.0 -999.0 -999.0 -999.0
-999.0 -999.0 -999.0 -999.0 -999.0 -999.0 -999.0 -999.0 -999.0 -999.0 1613.8 1367.8 1050.5 966.4 977.4 913.5 922.2 1373.4 1201.2 1175.3 890.5 837.4 805.4 1007.0 1157.3 1062.8 1139.1 1197.5 1099.9 1117.0 1160.5 1458.4 -999.0 -999.0 -999.0 -999.0 -999.0 -999.0 -999.0 -999.0 -999.0 -999.0 -999.0 -999.0 -999.0 -999.0 -999.0 -999.0 -999.0 -999.0 -999.0 -999.0 -999.0 -999.0 -999.0 -999.0 -999.0 -999.0 -999.0 -999.0 -999.0 -999.0 -999.0 -999.0 -999.0 -999.0 -999.0 -999.0 -999.0 -999.0 -999.0
-999.0 -999.0 -999.0 -999.0 -999.0 -999.0 -999.0 -999.0 1616.1 -999.0 1634.6 1414.7 991.0 950.3 847.9 571.4 1179.6 1072.0 1369.1 1187.0 1185.4 1058.0 942.5 1205.2 1168.5 1074.7 1003.6 981.7 1127.0 1299.0 1499.0 -999.0 -999.0 -999.0 -999.0 -999.0 -999.0 -999.0 -999.0 -999.0 -999.0 -999.0 -999.0 -999.0 -999.0 -999.0 -999.0 -999.0 -999.0 -999.0 -999.0 -999.0 -999.0 -999.0 -999.0 -999.0 -999.0 -999.0 -999.0 -999.0 -999.0 -999.0 -999.0 -999.0 -999.0 -999.0 -999.0 -999.0 -999.0 -999.0 -999.0
-999.0 -999.0 -999.0 -999.0 -999.0 -999.0 -999.0 -999.0 1628.8 1595.6 1525.1 1528.8 973.1 1404.9 1168.2 1279.9 1100.0 1194.4 978.2 1354.5 1298.1 1114.9 1162.4 1111.9 1124.7 1264.1 895.0 1131.4 1176.9 -999.0 -999.0 -999.0 -999.0 -999.0 -999.0 -999.0 -999.0 -999.0 -999.0 -999.0 -999.0 -999.0 -999.0 -999.0 -999.0 -999.0 -999.0 -999.0 -999.0 -999.0 -999.0 -999.0 -999.0 -999.0 -999.0 -999.0 -999.0 -999.0 -999.0 -999.0 -999.0 -999.0 -999.0 -999.0 -999.0 -999.0 -999.0 -999.0 -999.0 -999.0 -999.0
-999.0 -999.0 -999.0 -999.0 -999.0 -999.0 -999.0 -999.0 -999.0 1603.3 835.0 1533.5 1238.3 1143.6 1149.5 1371.3 955.5 1148.1 992.8 1049.5 1324.0 1202.1 1245.4 1203.9 1145.5 1180.3 1087.9 1509.9 -999.0 -999.0 -999.0 -999.0 -999.0 -999.0 -999.0 -999.0 -999.0 -999.0 -999.0 -999.0 -999.0 -999.0 -999.0 -999.0 -999.0 -999.0 -999.0 -999.0 -999.0 -999.0 -999.0 -999.0 -999.0 -999.0 -999.0 -999.0 -999.0 -999.0 -999.0 -999.0 -999.0 -999.0 -999.0 -999.0 -999.0 -999.0 -999.0 -999.0 -999.0 -999.0 -999.0
-999.0 -999.0 -999.0 -999.0 -999.0 -999.0 -999.0 -999.0 -999.0 -999.0 1630.2 1130.0 1552.0 1271.8 786.7 1308.5 1258.4 1267.9 1462.3 1151.0 1340.6 1167.0 1099.1 1437.0 1110.0 1298.6 1443.9 -999.0 -999.0 -999.0 -999.0 -999.0 -999.0 -999.0 -999.0 -999.0 -999.0 -999.0 -999.0 -999.0 -999.0 -999.0 -999.0 -999.0 -999.0 -999.0 -999.0 -999.0 -999.0 -999.0 -999.0 -999.0 -999.0 -999.0 -999.0 -999.0 -999.0 -999.0 -999.0 -999.0 -999.0 -999.0 -999.0 -999.0 -999.0 -999.0 -999.0 -999.0 -999.0 -999.0 -999.0
-999.0 -999.0 -999.0 -999.0 -999.0 -999.0 1615.2 -999.0 -999.0 1652.5 1656.8 1347.5 1119.4 1028.3 1062.4 1337.9 1249.7 984.9 1173.8 1292.3 1456.9 1212.8 1132.8 1215.7 1541.8 1543.2 -999.0 -999.0 -999.0 -999.0 -999.0 -999.0 -999.0 -999.0 -999.0 -999.0 -999.0 -999.0 -999.0 -999.0 -999.0 -999.0 -999.0 -999.0 -999.0 -999.0 -999.0 -999.0 -999.0 -999.0 -999.0 -999.0 -999.0 -999.0 -999.0 -999.0 -999.0 -999.0 -999.0 -999.0 -999.0 -999.0 -999.0 -999.0 -999.0 -999.0 -999.0 -999.0 -999.0 -999.0 -999.0
-999.0 -999.0 -999.0 -999.0 1525.2 1698.4 1528.9 1671.5 1411.3 1659.6 1100.2 1582.5 779.9 965.2 1029.7 1070.8 895.9 961.2 1003.6 1460.7 1305.9 1410.3 1112.3 1245.7 1383.9 1542.3 -999.0 -999.0 -999.0 -999.0 -999.0 -999.0 -999.0 -999.0 -999.0 -999.0 -999.0 -999.0 -999.0 -999.0 -999.0 -999.0 -999.0 -999.0 -999.0 -999.0 -999.0 -999.0 -999.0 -999.0 -999.0 -999.0 -999.0 -999.0 -999.0 -999.0 -999.0 -999.0 -999.0 -999.0 -999.0 -999.0 -999.0 -999.0 -999.0 -999.0 -999.0 -999.0 -999.0 -999.0 -999.0
-999.0 -999.0 -999.0 -999.0 1112.5 1673.0 1654.0 1415.8 1331.2 1103.0 745.4 1002.1 1620.9 795.9 719.8 829.7 751.1 1155.5 1022.1 656.4 1226.0 1483.2 1525.5 1579.4 1562.0 -999.0 -999.0 1517.9 -999.0 -999.0 -999.0 -999.0 -999.0 -999.0 -999.0 -999.0 -999.0 -999.0 -999.0 -999.0 -999.0 -999.0 -999.0 -999.0 -999.0 -999.0 -999.0 -999.0 -999.0 -999.0 -999.0 -999.0 -999.0 -999.0 -999.0 -999.0 -999.0 -999.0 -999.0 -999.0 -999.0 -999.0 -999.0 -999.0 -999.0 -999.0 -999.0 -999.0 -999.0 -999.0 -999.0
-999.0 -999.0 -999.0 -999.0 1310.1 1476.9 1650.9 1346.9 862.6 1321.8 433.5 1148.1 1129.0 727.7 616.8 731.8 778.8 769.9 648.5 834.0 1012.0 881.6 1273.2 1133.3 1508.2 1524.2 1491.1 1520.6 -999.0 -999.0 -999.0 -999.0 -999.0 -999.0 -999.0 -999.0 -999.0 -999.0 -999.0 -999.0 -999.0 -999.0 -999.0 -999.0 -999.0 -999.0 -999.0 -999.0 -999.0 -999.0 -999.0 -999.0 -999.0 -999.0 -999.0 -999.0 -999.0 -999.0 -999.0 -999.0 -999.0 -999.0 -999.0 -999.0 -999.0 -999.0 -999.0 -999.0 -999.0 -999.0 -999.0
-999.0 -999.0 -999.0 -999.0 1638.0 1307.3 1608.7 1224.8 1172.7 717.7 944.1 959.2 1149.6 1119.3 1053.7 672.1 863.2 796.4 828.5 1192.9 1225.5 1053.4 1271.6 1178.5 1465.6 1513.6 1471.4 -999.0 -999.0 -999.0 -999.0 -999.0 -999.0 -999.0 -999.0 -999.0 -999.0 -999.0 -999.0 -999.0 -999.0 -999.0 -999.0 -999.0 -999.0 -999.0 -999.0 -999.0 -999.0 -999.0 -999.0 -999.0 -999.0 -999.0 -999.0 -999.0 -999.0 -999.0 -999.0 -999.0 -999.0 -999.0 -999.0 -999.0 -999.0 -999.0 -999.0 -999.0 -999.0 -999.0 -999.0
-999.0 -999.0 -999.0 -999.0 1527.6 1616.1 1441.4 1685.4 624.5 861.4 851.6 953.2 689.8 384.1 840.7 1035.5 1090.9 731.2 857.8 1182.4 1089.2 1253.8 1336.7 1501.5 1552.6 1286.9 -999.0 -999.0 -999.0 -999.0 -999.0 -999.0 -999.0 -999.0 -999.0 -999.0 -999.0 -999.0 -999.0 -999.0 -999.0 -999.0 -999.0 -999.0 -999.0 -999.0 -999.0 -999.0 -999.0 -999.0 -999.0 -999.0 -999.0 -999.0 -999.0 -999.0 -999.0 -999.0 -999.0 -999.0 -999.0 -999.0 -999.0 -999.0 -999.0 -999.0 -999.0 -999.0 -999.0 -999.0 -999.0
-999.0 -999.0 -999.0 1655.4 1261.5 1214.2 888.3 1155.8 1644.8 955.6 964.3 896.2 997.2 944.8 1052.1 850.5 1115.9 1153.7 553.8 1002.3 1198.9 1576.4 1573.6 1544.2 1538.8 -999.0 -999.0 -999.0 -999.0 -999.0 -999.0 1622.9 1609.6 1580.5 1611.2 -999.0 -999.0 1653.8 1481.7 1548.4 1641.7 1644.6 -999.0 -999.0 -999.0 1521.4 -999.0 1527.9 1563.3 -999.0 -999.0 -999.0 -999.0 -999.0 -999.0 -999.0 -999.0 -999.0 -999.0 -999.0 -999.0 -999.0 -999.0 -999.0 -999.0 -999.0 -999.0 -999.0 -999.0 -999.0 -999.0
-999.0 -999.0 -999.0 -999.0 1508.2 1130.4 835.4 1033.8 973.6 1611.2 974.5 1041.1 834.2 1058.7 1180.7 1541.5 1299.5 987.8 1077.1 1269.6 1469.3 1449.5 1328.7 1209.5 1523.0 -999.0 -999.0 -999.0 1631.3 1663.7 1622.2 1646.9 1656.9 1657.2 1641.2 1655.2 1643.3 1501.3 1348.5 1364.8 1535.1 1580.0 1632.9 1510.9 1324.5 1267.3 1361.1 1448.3 1497.7 1489.9 -999.0 -999.0 -999.0 -999.0 -999.0 -999.0 -999.0 -999.0 -999.0 -999.0 -999.0 -999.0 -999.0 -999.0 -999.0 -999.0 -999.0 -999.0 -999.0 -999.0 -999.0
-999.0 1453.9 -999.0 1478.1 1767.7 1646.7 1547.5 471.1 1495.8 1123.3 1343.0 998.0 1247.1 971.1 1026.6 934.6 1358.4 1534.8 1535.8 1448.3 1619.5 1294.9 1376.9 1231.4 1483.5 1584.9 1587.6 1548.6 1626.5 1679.3 1537.5 1334.3 1571.8 1594.1 1452.6 1663.7 1281.9 1132.3 1208.4 1290.0 1479.7 1365.2 1468.5 1522.4 1415.4 1264.7 1335.1 1404.3 1224.1 1448.8 1506.3 -999.0 -999.0 -999.0 -999.0 -999.0 -999.0 -999.0 -999.0 -999.0 -999.0 -999.0 -999.0 -999.0 -999.0 -999.0 -999.0 -999.0 -999.0 -999.0 -999.0
-999.0 -999.0 1585.9 869.6 1194.8 1293.4 685.4 926.9 586.2 1336.6 1020.2 984.8 1109.4 1137.3 1373.2 823.0 969.3 985.1 1498.9 1652.2 1399.4 1520.4 1628.2 -999.0 1579.7 1547.0 1592.2 1442.9 1455.6 1506.2 1412.1 1432.6 1235.9 1209.5 1294.8 1423.4 1336.8 1344.1 1399.6 1414.5 1274.7 1422.0 1463.6 1443.6 1344.7 1344.9 1335.5 1361.6 1357.8 1346.0 1431.4 1494.4 -999.0 -999.0 -999.0 -999.0 -999.0 -999.0 -999.0 -999.0 -999.0 -999.0 -999.0 -999.0 -999.0 -999.0 -999.0 -999.0 -999.0 -999.0 -999.0
1467.0 -999.0 1561.4 1321.2 961.2 853.9 1247.2 598.4 731.1 1229.9 1090.5 857.4 784.4 826.7 1124.4 1119.4 891.4 1048.4 1141.2 1653.9 1689.3 1682.5 1680.7 1598.9 1363.1 1340.5 1363.5 1376.0 1461.8 1289.4 1195.4 1209.9 1028.8 1139.8 1373.5 1185.5 1151.8 1141.8 1227.1 1510.3 1522.8 1554.8 1446.2 1445.0 1335.8 1346.3 1309.3 1387.7 1396.0 1416.7 1417.3 1465.8 -999.0 -999.0 -999.0 -999.0 -999.0 -999.0 -999.0 -999.0 -999.0 -999.0 -999.0 -999.0 -999.0 -999.0 -999.0 -999.0 -999.0 -999.0 -999.0
903.2 -999.0 -999.0 955.4 466.8 992.6 839.7 1629.8 1236.6 1145.4 1147.2 781.1 979.6 551.5 610.4 730.8 1029.4 1265.4 1501.5 1582.8 1169.4 1413.8 1588.2 1315.9 1113.5 962.2 1094.0 1218.8 1175.9 1197.3 979.0 962.3 1320.9 1322.3 1347.3 1414.5 1199.9 1201.6 1284.1 1438.9 1513.6 1451.3 1284.0 1457.8 1393.4 1370.3 1246.5 1396.8 1347.1 1374.6 1352.3 1414.2 -999.0 -999.0 -999.0 -999.0 -999.0 -999.0 -999.0 -999.0 -999.0 -999.0 -999.0 -999.0 -999.0 -999.0 -999.0 -999.0 -999.0 -999.0 -999.0
1153.5 -999.0 -999.0 1315.4 1394.6 1386.0 1513.3 1249.4 1000.7 704.9 1171.1 1008.2 1071.2 1211.3 1286.3 1031.9 1036.9 1071.2 1139.4 1221.2 864.7 1468.6 1246.6 1275.6 1083.2 804.1 917.3 1151.1 1102.6 1058.5 871.3 1085.5 1467.4 992.2 1197.4 1083.5 973.7 1245.8 1167.3 1441.5 1351.6 1147.9 1319.9 1389.2 1492.0 1369.3 1435.1 1430.4 1298.2 1399.3 1411.0 -999.0 -999.0 -999.0 -999.0 -999.0 -999.0 -999.0 -999.0 -999.0 -999.0 -999.0 -999.0 -999.0 -999.0 -999.0 -999.0 -999.0 -999.0 -999.0 -999.0
1628.0 1598.7 -999.0 -999.0 1698.0 1334.2 1537.6 1232.1 814.0 538.7 882.7 510.8 821.4 962.2 1040.3 1320.9 1263.4 1108.0 1138.2 986.8 1630.7 1279.3 1337.1 806.0 1063.5 1079.1 728.4 994.1 991.4 1000.1 1137.9 1332.2 1212.6 1111.6 1166.7 1054.1 1079.6 935.2 1117.2 1359.4 1102.3 1282.5 1380.8 1384.5 1219.0 1396.2 1480.1 1538.5 1451.6 1428.7 1433.9 -999.0 -999.0 -999.0 -999.0 -999.0 -999.0 -999.0 -999.0 -999.0 -999.0 -999.0 -999.0 -999.0 -999.0 -999.0 -999.0 -999.0 -999.0 -999.0 -999.0
1446.0 1591.7 -999.0 -999.0 1551.6 1543.4 1652.2 1236.8 1769.3 1292.4 893.7 604.5 446.6 640.3 1184.2 1156.3 1048.6 828.7 1147.1 1559.9 1222.6 1169.2 1138.7 879.1 940.5 1026.9 756.1 1103.7 1172.2 1178.8 1233.9 801.3 1148.7 1127.0 662.4 904.8 1047.1 1010.0 1261.0 1284.8 1323.0 1388.7 1459.8 1446.5 1470.1 1368.3 1466.3 1498.4 1458.3 1423.5 -999.0 -999.0 -999.0 -999.0 -999.0 -999.0 -999.0 -999.0 -999.0 -999.0 -999.0 -999.0 -999.0 -999.0 -999.0 -999.0 -999.0 -999.0 -999.0 -999.0 -999.0
1408.3 1589.1 1534.1 1214.7 816.2 1087.7 905.6 1181.4 1617.8 1107.8 497.3 531.4 1246.0 961.6 1151.2 908.3 734.5 801.3 1082.8 1382.8 1184.4 708.5 603.2 882.4 838.9 822.3 1170.4 1262.8 1281.9 1042.4 859.5 1163.4 1159.9 1150.2 960.7 751.7 910.9 723.6 1267.5 966.2 1159.5 1145.4 862.5 1326.7 1529.2 1384.1 1335.6 1471.0 1427.4 -999.0 -999.0 -999.0 -999.0 -999.0 -999.0 -999.0 -999.0 -999.0 -999.0 -999.0 -999.0 -999.0 -999.0 -999.0 -999.0 -999.0 -999.0 -999.0 -999.0 -999.0 -999.0
1692.3 1314.2 1568.4 875.4 1699.2 1593.0 1375.8 895.2 692.7 1173.1 928.2 1030.4 628.7 812.7 900.5 933.0 1203.6 1194.1 1235.9 1205.8 892.5 557.3 697.6 991.6 634.2 1054.8 908.0 1316.5 1351.8 1254.8 1062.4 952.8 952.5 904.0 717.5 765.8 1098.3 981.4 1331.1 1318.0 1415.0 1374.0 1363.8 1451.8 1497.1 1516.6 1481.1 1446.2 1560.8 -999.0 -999.0 -999.0 -999.0 -999.0 -999.0 -999.0 -999.0 -999.0 -999.0 -999.0 -999.0 -999.0 -999.0 -999.0 -999.0 -999.0 -999.0 -999.0 -999.0 -999.0 -999.0
-999.0 1524.6 1381.2 -999.0 1714.0 1059.4 682.2 636.0 1295.3 1393.5 1208.8 582.4 576.7 1280.0 1378.2 1108.9 744.3 1335.9 1203.9 883.1 625.2 564.2 606.5 515.5 834.3 722.9 906.6 1287.3 789.7 1188.7 728.0 762.4 718.5 626.4 784.3 1020.9 1175.9 1034.8 1160.6 1078.0 1266.3 1255.0 1381.1 1423.0 1462.3 1499.0 1567.3 1509.1 -999.0 -999.0 -999.0 -999.0 -999.0 -999.0 -999.0 -999.0 -999.0 -999.0 -999.0 -999.0 -999.0 -999.0 -999.0 -999.0 -999.0 -999.0 -999.0 -999.0 -999.0 -999.0 -999.0
1753.2 1305.1 1728.6 -999.0 785.0 1223.7 1166.1 1878.2 1008.2 1273.8 556.9 639.7 988.8 740.3 658.2 1083.2 1507.5 868.6 827.1 733.5 504.1 482.2 498.0 471.4 753.8 1087.1 1386.2 1338.9 1253.3 946.4 609.5 646.5 935.9 776.5 989.4 873.1 992.0 1131.5 1240.7 1149.8 1137.7 1178.5 1324.1 1264.9 1469.1 1370.4 1372.6 1520.6 -999.0 -999.0 -999.0 -999.0 -999.0 -999.0 -999.0 -999.0 -999.0 -999.0 -999.0 -999.0 -999.0 -999.0 -999.0 -999.0 -999.0 -999.0 -999.0 -999.0 -999.0 -999.0 -999.0
1416.0 1704.5 -999.0 1509.0 1357.7 962.0 1369.9 1140.9 832.7 1352.5 1319.9 1087.5 1273.3 1448.7 1449.5 1414.3 918.8 558.7 534.9 528.0 491.4 382.4 507.9 952.3 1201.5 1223.4 631.9 1010.7 410.2 380.2 575.9 588.2 584.1 809.9 913.3 940.0 881.7 1378.4 1387.0 1312.2 1385.3 1364.7 875.2 1123.5 1546.5 1543.1 1546.7 1533.6 1598.9 -999.0 -999.0 -999.0 -999.0 -999.0 -999.0 -999.0 -999.0 -999.0 -999.0 -999.0 -999.0 -999.0 -999.0 -999.0 -999.0 -999.0 -999.0 -999.0 -999.0 -999.0 -999.0
-999.0 -999.0 1748.6 1147.7 1065.6 905.0 1490.8 1084.6 634.9 1285.2 1156.8 832.5 884.5 857.5 1065.4 726.6 647.8 471.3 806.9 850.6 662.8 524.7 726.2 1215.7 1066.3 1154.0 756.6 369.7 689.7 386.0 520.7 527.0 617.1 731.0 769.4 1004.4 1269.5 1404.7 1316.5 1450.7 1500.6 1357.6 1430.0 1507.0 1592.6 1468.3 1424.6 1484.6 -999.0 -999.0 -999.0 -999.0 -999.0 -999.0 -999.0 -999.0 -999.0 -999.0 -999.0 -999.0 -999.0 -999.0 -999.0 -999.0 -999.0 -999.0 -999.0 -999.0 -999.0 -999.0 -999.0
-999.0 -999.0 1729.0 1734.3 1388.8 880.4 1222.3 824.7 1430.5 1464.7 1377.4 1112.2 600.9 487.6 651.7 966.0 1036.9 936.3 633.6 872.3 898.1 1031.6 1023.3 821.9 745.5 618.1 480.9 505.5 481.4 745.1 774.1 826.7 1166.1 1115.8 1002.7 953.5 867.5 1051.0 1195.7 945.1 1154.3 1533.8 1447.5 1290.8 1254.5 1256.8 1404.5 -999.0 -999.0 -999.0 -999.0 -999.0 -999.0 -999.0 -999.0 -999.0 -999.0 -999.0 -999.0 -999.0 -999.0 -999.0 -999.0 -999.0 -999.0 -999.0 -999.0 -999.0 -999.0 -999.0 -999.0
-999.0 -999.0 1384.3 960.8 1595.3 777.2 688.4 808.5 662.0 880.5 1303.9 1170.6 1358.1 1421.4 625.8 746.8 634.5 230.1 1179.9 1011.2 998.8 902.6 948.3 672.1 740.4 533.7 720.1 802.9 843.3 730.6 914.1 633.7 629.4 479.8 640.5 883.5 674.5 446.4 678.3 786.3 985.3 1020.2 1103.4 1111.5 1264.1 1326.4 1473.0 -999.0 -999.0 -999.0 -999.0 -999.0 -999.0 -999.0 -999.0 -999.0 -999.0 -999.0 -999.0 -999.0 -999.0 -999.0 -999.0 -999.0 -999.0 -999.0 -999.0 -999.0 -999.0 -999.0 -999.0
-999.0 1712.9 1782.6 1511.0 1820.3 1549.8 1299.4 926.5 1348.4 1287.6 577.8 1263.3 1358.9 1345.1 1297.6 753.3 1027.5 1281.7 1090.8 538.6 648.0 939.1 416.5 610.7 685.1 545.8 471.5 565.2 619.8 589.6 589.5 617.5 563.8 342.7 943.9 641.3 655.1 1090.3 1125.0 797.5 1045.3 1004.7 1006.3 1373.5 1289.8 1347.0 1423.8 -999.0 -999.0 -999.0 -999.0 -999.0 -999.0 -999.0 -999.0 -999.0 -999.0 -999.0 -999.0 -999.0 -999.0 -999.0 -999.0 -999.0 -999.0 -999.0 -999.0 -999.0 -999.0 -999.0 -999.0
-999.0 -999.0 1705.3 1393.3 690.9 1530.8 1761.3 1544.2 1624.4 1652.9 1600.4 1539.3 1337.7 1201.1 765.1 1175.0 1048.5 1069.2 563.0 710.9 1042.3 921.4 401.7 744.5 601.5 860.0 521.7 546.8 825.1 366.1 436.8 471.3 345.1 407.8 645.0 480.2 601.3 764.5 1040.4 1329.3 1303.1 1083.7 1296.5 1511.3 1488.6 1372.1 1591.4 -999.0 -999.0 -999.0 -999.0 -999.0 -999.0 -999.0 -999.0 -999.0 -999.0 -999.0 -999.0 -999.0 -999.0 -999.0 -999.0 -999.0 -999.0 -999.0 -999.0 -999.0 -999.0 -999.0 -999.0
1669.1 1682.4 1693.0 1589.8 1118.5 1715.8 761.1 1291.9 995.5 720.7 1576.4 1479.5 179.7 448.1 472.4 707.5 476.4 574.7 522.5 523.5 464.4 744.5 704.3 933.4 952.3 984.7 760.0 786.6 476.1 808.2 725.5 875.9 676.3 480.5 596.0 1160.0 807.1 704.7 1065.6 807.3 1278.8 1484.4 1540.1 1529.7 1330.6 1477.7 -999.0 -999.0 -999.0 -999.0 -999.0 -999.0 -999.0 -999.0 -999.0 -999.0 -999.0 -999.0 -999.0 -999.0 -999.0 -999.0 -999.0 -999.0 -999.0 -999.0 -999.0 -999.0 -999.0 -999.0 -999.0
