GDD/GrowingDegreeDays_1985_Actual.txt
ncols         180
nrows         290
xllcorner     -200000
yllcorner     -200000
cellsize      5000
NODATA_value    -999
[rows 192 to 223 of 290, columns 71 to 141 of 180]
-999.0 -999.0 -999.0 -999.0 -999.0 -999.0 -999.0 -999.0 -999.0 -999.0 -999.0 -999.0 -999.0 -999.0 -999.0 -999.0 -999.0 -999.0 -999.0 -999.0 -999.0 1588.4 1341.0 1171.3 1037.6 878.9 977.0 1172.9 1352.9 1474.7 1374.4 1218.8 1123.6 1066.4 1303.3 1467.6 1437.2 1348.7 1361.6 1501.2 1294.1 1383.6 1397.7 1508.8 1477.1 1600.2 1661.3 1642.3 1592.8 1658.3 1701.7 1682.7 1664.2 1660.0 1590.0 1627.2 1645.6 1611.6 1549.7 1517.5 1499.7 1461.5 1514.2 1543.7 1470.6 1501.5 1524.9 1562.4 1577.5 1659.3 1656.9
-999.0 -999.0 -999.0 -999.0 -999.0 -999.0 -999.0 -999.0 -999.0 -999.0 -999.0 -999.0 -999.0 -999.0 -999.0 -999.0 -999.0 -999.0 -999.0 -999.0 1704.6 1648.3 1404.8 1165.2 1061.8 1107.8 1125.2 1217.0 1118.0 837.8 1070.8 1092.8 1131.3 1335.5 1437.9 1383.2 1366.5 1476.3 1485.5 1439.7 1331.1 1354.9 1394.4 1522.8 1483.1 1642.1 1652.8 1575.3 1673.3 1604.3 1604.2 1626.2 1603.0 1644.4 1612.3 1681.4 1689.2 1619.7 1588.6 1591.7 1517.5 1530.3 1453.1 1507.3 1472.5 1550.4 1556.8 1581.9 1653.4 1681.7 1634.0
-999.0 -999.0 -999.0 -999.0 -999.0 -999.0 -999.0 -999.0 -999.0 -999.0 -999.0 -999.0 -999.0 -999.0 -999.0 -999.0 -999.0 -999.0 -999.0 -999.0 1473.5 1452.6 1426.5 1369.6 1203.5 921.9 939.2 978.1 1054.3 1026.3 988.8 970.8 996.4 1310.3 1219.3 1160.7 1472.9 1307.8 1566.2 1499.0 1373.8 1250.4 1491.2 1490.3 1626.3 1678.9 1657.2 1630.0 1428.2 1529.9 1545.6 1562.9 1574.6 1601.8 1607.9 1668.2 1656.4 1649.7 1598.4 1636.7 1615.7 1501.9 1457.6 1474.1 1450.4 1543.0 1613.3 1655.6 1704.3 1681.1 1641.6
-999.0 -999.0 -999.0 -999.0 -999.0 -999.0 -999.0 -999.0 -999.0 -999.0 -999.0 -999.0 -999.0 -999.0 -999.0 -999.0 -999.0 -999.0 -999.0 -999.0 1519.6 1470.7 1633.8 1440.2 1214.5 913.5 1011.8 936.4 1065.1 976.5 1071.2 1214.0 1167.1 1159.2 1238.2 1373.1 1505.5 1491.9 1289.6 1546.9 1528.9 1503.3 1519.0 1456.1 1598.4 1710.4 1689.2 1611.4 1574.9 1600.1 1539.6 1552.7 1563.7 1569.0 1645.3 1646.8 1592.7 1636.9 1605.8 1647.0 1587.6 1479.1 1461.0 1530.6 1544.8 1527.0 1625.0 1643.0 1747.8 1680.4 1665.7
-999.0 -999.0 -999.0 -999.0 -999.0 -999.0 -999.0 -999.0 -999.0 -999.0 -999.0 -999.0 -999.0 -999.0 -999.0 -999.0 -999.0 -999.0 -999.0 1596.9 1417.3 1185.3 1299.5 1392.2 1138.9 1061.7 928.0 904.2 1248.9 1247.6 1316.5 1226.0 1138.0 1299.8 1306.0 1215.5 1402.7 1495.0 1530.1 1593.7 1617.6 1594.8 1548.6 1602.7 1658.3 1699.0 1721.9 1702.8 1647.3 1610.3 1647.2 1598.6 1603.7 1570.7 1628.2 1618.7 1621.7 1657.0 1665.2 1642.6 1532.2 1523.0 1509.6 1573.8 1527.1 1564.4 1616.6 1700.8 1675.6 1673.6 1671.2
-999.0 -999.0 -999.0 -999.0 -999.0 -999.0 -999.0 -999.0 -999.0 -999.0 -999.0 -999.0 -999.0 -999.0 -999.0 -999.0 -999.0 -999.0 1477.8 1416.0 1300.1 1371.6 1416.1 1166.9 963.7 931.7 1080.8 1011.4 1290.1 1206.1 1316.8 1368.2 951.1 1272.0 1231.9 1468.1 1481.0 1580.0 1588.6 1566.5 1480.1 1574.2 1459.4 1633.1 1641.8 1775.1 1779.4 1734.6 1706.3 1676.5 1681.4 1639.1 1595.2 1595.8 1691.7 1639.3 1632.4 1610.2 1604.8 1583.8 1518.2 1551.5 1493.5 1555.4 1547.1 1654.5 1688.3 1625.0 1613.7 1655.6 1654.0
-999.0 -999.0 -999.0 -999.0 -999.0 -999.0 -999.0 -999.0 -999.0 -999.0 -999.0 -999.0 -999.0 -999.0 -999.0 -999.0 1429.3 1443.1 1467.4 1567.8 1539.5 1432.4 1363.2 1093.2 990.4 895.6 860.4 1030.8 1186.8 1440.1 1275.3 1347.2 1075.4 1302.9 1431.2 1504.6 1596.1 1585.7 1643.7 1568.2 1440.5 1506.3 1530.9 1737.7 1758.0 1781.5 1777.2 1706.7 1701.2 1679.7 1715.9 1640.9 1597.1 1669.6 1704.3 1661.0 1568.3 1568.5 1517.1 1474.2 1498.4 1519.9 1560.7 1595.2 1578.0 1583.1 1627.7 1613.4 1688.4 1658.6 1662.3
-999.0 -999.0 -999.0 -999.0 -999.0 -999.0 -999.0 -999.0 -999.0 -999.0 -999.0 -999.0 1671.4 1648.7 1645.0 1318.6 1230.8 1172.3 1173.3 1397.0 1430.0 1455.3 1073.8 1133.8 983.4 977.1 1023.1 1257.5 1366.4 1502.2 1388.3 1438.9 1021.9 1167.2 1357.9 1564.6 1560.1 1599.8 1451.8 1633.9 1492.9 1497.2 1587.1 1723.8 1834.8 1840.4 1729.3 1747.9 1740.3 1650.4 1704.7 1661.7 1670.8 1666.0 1635.8 1574.1 1619.7 1551.2 1572.3 1531.9 1461.0 1465.7 1486.7 1537.3 1543.8 1577.9 1628.7 1669.3 1636.1 1716.3 1711.6
-999.0 -999.0 -999.0 -999.0 -999.0 -999.0 -999.0 -999.0 -999.0 -999.0 -999.0 1518.6 1584.4 1446.5 1450.1 1447.0 1251.3 1303.2 1269.4 1452.4 1565.2 1287.7 1171.1 1057.0 1319.1 929.3 1123.0 1306.8 1036.9 1287.0 1543.0 1098.4 1276.0 1362.2 1663.7 1683.3 1648.4 1419.2 1642.2 1644.1 1615.1 1609.8 1575.0 1718.9 1776.1 1893.5 1798.0 1784.4 1751.5 1688.7 1690.3 1686.1 1691.3 1693.0 1609.7 1602.1 1466.2 1595.2 1607.8 1562.0 1497.2 1537.5 1546.7 1600.2 1626.4 1606.6 1646.3 1629.5 1695.9 1715.0 1693.7
-999.0 -999.0 -999.0 -999.0 -999.0 -999.0 -999.0 -999.0 -999.0 -999.0 1490.2 1481.7 1619.1 1575.3 1543.0 1445.5 1483.5 1410.9 1471.4 1453.0 1140.0 1333.5 1404.9 1063.6 1462.2 1172.4 1106.9 918.0 1057.6 1091.5 1304.5 1369.1 1477.9 1690.9 1355.7 1399.7 1674.4 1656.1 1706.9 1733.2 1651.7 1678.8 1726.9 1705.8 1734.3 1894.2 1841.1 1819.3 1766.4 1758.2 1744.6 1727.3 1608.7 1746.2 1676.7 1597.8 1534.3 1565.8 1597.9 1556.5 1503.9 1516.2 1498.9 1565.0 1643.5 1663.3 1695.7 1646.7 1678.6 1719.8 1654.1
-999.0 -999.0 -999.0 -999.0 -999.0 -999.0 1684.3 1454.9 1561.4 1412.8 1562.3 1547.2 1490.9 1544.3 1543.9 1367.1 1439.2 1406.2 1437.1 1258.4 1274.0 1402.8 1327.6 1302.5 1365.6 1300.1 1026.5 1007.8 1180.2 1269.5 1199.5 1419.8 1679.5 1330.1 1246.8 1444.8 1447.9 1670.6 1672.7 1750.9 1719.8 1532.2 1721.9 1616.4 1798.1 1858.0 1833.3 1800.3 1627.6 1736.4 1697.9 1442.3 1700.0 1716.6 1667.9 1585.3 1508.0 1591.4 1581.9 1566.7 1581.5 1547.6 1553.3 1603.9 1658.3 1639.8 1679.4 1681.5 1670.9 1667.3 1693.8
-999.0 -999.0 -999.0 -999.0 -999.0 1634.2 1495.1 1506.2 1477.1 1285.4 1067.8 1180.2 1234.4 1443.9 1344.9 1217.7 1306.4 1344.0 1208.9 1374.0 1424.2 1245.8 1440.4 1547.3 1413.5 1328.1 1112.7 1133.3 1201.2 1298.0 1358.0 1476.1 1419.9 860.2 1133.8 1401.0 1593.7 1578.7 1673.6 1561.1 1700.8 1651.2 1741.6 1769.1 1797.8 1801.0 1819.5 1817.9 1731.6 1692.3 1443.3 1438.9 1524.6 1626.4 1653.1 1437.9 1539.2 1591.6 1577.1 1613.5 1560.5 1560.8 1571.0 1635.2 1587.1 1619.0 1674.6 1580.1 1615.4 1698.3 1708.8
-999.0 -999.0 -999.0 1703.9 1592.7 1560.1 1467.6 1515.7 1459.0 1356.4 1346.8 1421.7 1514.4 1342.7 1434.7 1296.0 1534.4 1453.5 1275.6 1356.2 1500.2 1412.0 1616.4 1582.0 1272.3 1152.5 1201.5 1318.9 1211.5 1463.9 1539.7 1550.2 1243.2 1088.2 1084.9 1574.4 1525.0 1552.1 1560.9 1632.5 1751.3 1647.6 1710.3 1740.8 1803.1 1787.8 1845.0 1831.4 1710.7 1656.8 1438.0 1477.5 1549.1 1643.1 1582.1 1457.1 1499.7 1536.2 1588.1 1584.8 1587.3 1588.7 1588.0 1598.2 1593.8 1595.7 1630.5 1645.5 1662.8 1705.3 1652.0
-999.0 -999.0 -999.0 1728.1 -999.0 1689.1 1635.3 1492.5 1552.1 1484.9 1504.9 1461.0 1515.0 1485.7 1390.0 1523.3 1461.1 1598.2 1638.3 1640.1 1637.5 1635.2 1414.0 1464.6 1156.1 711.1 1202.8 1179.8 1205.7 977.4 1020.6 1601.1 1668.1 994.1 1316.6 1489.2 1452.7 1396.5 1585.2 1734.0 1786.3 1619.7 1620.3 1739.7 1821.5 1844.3 1801.5 1811.5 1691.6 1474.9 1417.8 1541.7 1618.2 1649.9 1654.2 1627.5 1548.8 1609.7 1640.6 1663.5 1663.2 1625.0 1568.1 1525.6 1599.2 1654.0 1646.2 1689.8 1688.6 1645.4 1666.9
-999.0 -999.0 -999.0 -999.0 -999.0 -999.0 1532.0 1599.0 1605.5 1528.0 1594.6 1557.9 1565.9 1531.3 1611.9 1631.1 1562.8 1589.5 1512.9 1624.4 1413.3 1612.1 1367.4 1211.1 1153.2 991.7 903.1 1064.3 957.3 881.9 1281.8 1198.7 1379.8 1788.1 1371.7 1409.5 1688.0 1651.7 1777.2 1604.8 1641.6 1446.4 1543.8 1753.7 1797.5 1844.5 1891.7 1723.2 1471.9 1553.6 1410.5 1558.1 1620.9 1583.3 1663.5 1544.8 1659.6 1660.9 1717.2 1745.0 1721.0 1651.4 1600.4 1621.1 1685.0 1707.4 1721.7 1679.2 1610.9 1576.6 1643.9
-999.0 -999.0 -999.0 -999.0 -999.0 1678.2 1613.1 1567.8 1585.8 1620.6 1494.3 1434.3 1375.3 1491.8 1591.2 1620.3 1680.4 1630.6 1395.8 1641.7 1519.3 1736.5 1588.9 1513.6 1504.3 1516.0 1255.7 1292.8 1101.4 1085.6 976.3 1159.9 1202.3 1372.0 1087.2 1556.4 1671.7 1714.5 1609.3 1642.1 1471.4 1549.4 1552.6 1784.9 1805.6 1799.4 1534.7 1460.2 1462.1 1418.2 1566.0 1549.9 1568.7 1607.6 1650.7 1650.8 1667.3 1732.2 1791.0 1813.1 1787.1 1675.3 1640.9 1624.5 1681.1 1729.7 1720.3 1648.5 1513.8 1654.2 1625.2
-999.0 -999.0 -999.0 -999.0 1775.3 1736.3 1665.2 1629.3 1637.3 1641.4 1627.9 1564.2 1648.8 1674.4 1741.8 1727.9 1685.7 1658.8 1638.7 1437.0 1705.0 1385.9 1475.4 1444.5 1301.1 1363.7 1484.6 1456.6 1291.8 1349.0 1208.4 1261.0 1441.8 1177.6 1219.8 1657.5 1545.1 1760.3 1726.9 1586.5 1537.9 1642.3 1676.6 1749.9 1794.6 1621.3 1665.9 1508.8 1505.6 1556.2 1542.6 1583.1 1635.0 1634.4 1684.4 1716.3 1731.9 1779.7 1721.7 1847.8 1757.9 1752.6 1718.6 1726.2 1730.2 1719.2 1654.7 1549.7 1584.2 1618.1 1640.8
-999.0 -999.0 -999.0 -999.0 -999.0 -999.0 1777.5 1703.5 1674.0 1635.0 1603.8 1558.8 -999.0 -999.0 -999.0 -999.0 1747.7 1670.5 1547.4 1731.1 1814.6 1696.4 1668.6 1636.4 1582.4 1763.1 1045.1 1023.1 1388.3 1479.2 1475.9 1355.9 1320.8 1251.9 1514.2 1614.6 1643.3 1781.6 1504.2 1654.0 1573.3 1778.0 1759.0 1759.5 1777.1 1548.9 1681.1 1548.5 1554.1 1621.8 1625.1 1650.0 1674.0 1713.7 1732.8 1747.1 1740.3 1765.7 1710.4 1817.7 1767.5 1721.9 1730.8 1709.6 1709.8 1626.6 1642.7 1599.0 1593.8 1636.2 1744.1
-999.0 -999.0 -999.0 -999.0 -999.0 -999.0 1793.7 1666.5 1588.4 1721.6 1585.1 1676.4 -999.0 -999.0 -999.0 -999.0 -999.0 -999.0 -999.0 1832.8 1845.3 1788.8 1901.1 1812.1 1615.7 1306.4 1138.8 1005.7 1094.0 1276.3 1442.4 1438.7 1560.7 1408.4 1414.0 1689.4 1767.9 1515.5 1552.1 1562.3 1829.3 1833.9 1784.2 1794.1 1650.2 1577.2 1588.3 1582.7 1633.9 1657.7 1681.2 1698.6 1704.3 1709.2 1722.8 1669.1 1722.7 1756.5 1789.5 1812.5 1769.4 1741.7 1704.8 1597.8 1626.2 1718.5 1616.8 1616.9 1663.0 1710.2 1763.8
-999.0 -999.0 -999.0 -999.0 -999.0 -999.0 -999.0 -999.0 1751.3 -999.0 -999.0 -999.0 -999.0 -999.0 -999.0 -999.0 -999.0 1679.4 1693.2 1748.6 1698.1 1777.0 1891.9 1940.6 1769.1 1531.2 1243.4 1165.6 1249.4 1589.2 1644.4 1351.4 1487.1 1551.8 1710.3 1806.4 1879.7 1692.4 1738.0 1762.5 1856.3 1844.8 1769.5 1779.9 1524.6 1487.7 1584.0 1598.2 1666.2 1680.1 1692.5 1720.9 1677.6 1704.1 1677.1 1730.9 1743.8 1769.8 1780.4 1779.2 1707.6 1773.3 1619.1 1525.1 1647.3 1635.3 1775.5 1688.7 1722.3 1780.9 1761.8
-999.0 -999.0 -999.0 -999.0 -999.0 -999.0 -999.0 -999.0 -999.0 -999.0 -999.0 -999.0 -999.0 -999.0 -999.0 -999.0 -999.0 1696.9 1706.9 1883.6 1794.8 1756.9 -999.0 -999.0 1982.2 1535.2 1679.4 1524.0 1576.3 1583.1 1548.9 1471.7 1741.0 1779.5 1766.8 1835.3 1874.3 1881.1 1890.1 1888.2 1866.2 1748.7 1754.4 1696.2 1512.0 1592.4 1629.6 1665.3 1681.1 1648.6 1669.7 1697.8 1686.0 1718.5 1692.6 1657.1 1637.1 1689.7 1654.1 1732.8 1725.0 1639.7 1495.4 1659.2 1666.5 1733.3 1854.2 1751.1 1781.1 1840.9 1893.9
-999.0 -999.0 -999.0 -999.0 -999.0 -999.0 -999.0 -999.0 -999.0 -999.0 -999.0 -999.0 -999.0 -999.0 -999.0 -999.0 -999.0 -999.0 -999.0 -999.0 -999.0 -999.0 -999.0 -999.0 1971.1 1860.9 1633.3 1611.4 1736.5 1757.8 1753.3 1718.4 1812.4 1871.5 1855.1 1858.8 1895.0 1916.2 -999.0 1938.5 1879.3 1788.3 1779.1 1692.4 1543.4 1607.5 1618.5 1676.2 1741.4 1728.2 1656.3 1703.0 1684.7 1590.6 1542.9 1565.7 1529.6 1487.0 1580.3 1612.8 1645.1 1662.8 1614.2 1723.3 1728.6 1741.6 1804.1 1828.6 1858.7 1861.9 1901.8
-999.0 -999.0 -999.0 -999.0 -999.0 -999.0 -999.0 -999.0 -999.0 -999.0 -999.0 -999.0 -999.0 -999.0 -999.0 -999.0 -999.0 -999.0 -999.0 -999.0 -999.0 -999.0 -999.0 -999.0 -999.0 1898.4 1801.4 1727.5 1676.7 1663.6 1786.9 1830.3 1861.8 1926.6 -999.0 -999.0 -999.0 -999.0 1924.8 1941.6 1825.8 1802.7 1792.8 1708.1 1556.9 1621.9 1595.2 1646.2 1753.2 1656.1 1663.8 1559.7 1616.9 1466.7 1537.8 1522.7 1572.3 1546.1 1554.0 1623.4 1597.8 1787.6 1784.8 1769.5 1852.5 1821.7 1857.6 1873.6 1886.5 1962.5 2025.3
-999.0 -999.0 -999.0 -999.0 -999.0 -999.0 -999.0 -999.0 -999.0 -999.0 -999.0 -999.0 -999.0 -999.0 -999.0 -999.0 -999.0 -999.0 -999.0 -999.0 -999.0 -999.0 -999.0 -999.0 -999.0 -999.0 1875.9 1679.5 1694.1 1726.7 1681.4 1781.4 1871.6 -999.0 -999.0 -999.0 -999.0 1821.4 1742.7 1689.4 1841.2 1839.1 1833.2 1648.0 1570.1 1581.7 1586.6 1656.5 1669.1 1691.6 1561.9 1439.0 1505.8 1502.7 1566.9 1556.9 1579.9 1665.3 1632.9 1652.2 1719.0 1766.2 1809.0 1913.1 1842.7 1823.7 1853.9 1817.1 1804.2 1938.2 1996.4
-999.0 -999.0 -999.0 -999.0 -999.0 -999.0 -999.0 -999.0 -999.0 -999.0 -999.0 -999.0 -999.0 -999.0 -999.0 -999.0 -999.0 -999.0 -999.0 -999.0 -999.0 -999.0 -999.0 -999.0 -999.0 -999.0 -999.0 1862.2 1790.7 1804.6 1701.8 1830.9 1858.4 -999.0 -999.0 -999.0 1848.7 1839.5 1790.5 1673.2 1707.3 1750.3 1856.8 1729.3 1787.8 1631.3 1612.1 1697.4 1596.3 1527.5 1530.1 1545.6 1482.6 1545.3 1595.3 1624.6 1678.8 1691.3 1690.8 1686.6 1680.9 1747.7 1817.9 1814.7 1737.3 1747.6 1834.1 1804.2 1805.6 1863.2 1936.3
-999.0 -999.0 -999.0 -999.0 -999.0 -999.0 -999.0 -999.0 -999.0 -999.0 -999.0 -999.0 -999.0 -999.0 -999.0 -999.0 -999.0 -999.0 -999.0 -999.0 -999.0 -999.0 -999.0 -999.0 -999.0 -999.0 -999.0 -999.0 -999.0 -999.0 -999.0 -999.0 -999.0 -999.0 -999.0 1819.2 1822.7 1839.7 1818.5 1654.6 1792.2 1753.8 1703.0 1712.6 1731.2 1694.3 1772.6 1742.8 1697.0 1609.6 1619.5 1598.8 1578.9 1551.8 1575.0 1600.7 1503.3 1624.3 1600.4 1651.8 1646.5 1685.8 1764.1 1747.9 1706.7 1720.6 1713.1 1787.2 1813.6 1832.1 1860.1
-999.0 -999.0 -999.0 -999.0 -999.0 -999.0 -999.0 -999.0 -999.0 -999.0 -999.0 -999.0 -999.0 -999.0 -999.0 -999.0 -999.0 -999.0 -999.0 -999.0 -999.0 -999.0 -999.0 -999.0 -999.0 -999.0 -999.0 -999.0 -999.0 -999.0 -999.0 -999.0 -999.0 -999.0 -999.0 1929.6 1746.3 1766.9 1374.9 1493.7 1757.3 1723.4 1689.3 1680.3 1657.6 1752.1 1785.4 1753.3 1709.8 1608.6 1651.0 1695.0 1562.9 1542.2 1449.6 1559.8 1541.5 1446.4 1562.8 1611.1 1661.2 1724.1 1748.3 1754.6 1747.2 1744.7 1774.4 1745.2 1763.6 1815.9 1820.2
-999.0 -999.0 -999.0 -999.0 -999.0 -999.0 -999.0 -999.0 -999.0 -999.0 -999.0 -999.0 -999.0 -999.0 -999.0 -999.0 -999.0 -999.0 -999.0 -999.0 -999.0 -999.0 -999.0 -999.0 -999.0 -999.0 -999.0 -999.0 -999.0 -999.0 -999.0 -999.0 -999.0 -999.0 -999.0 1900.8 1866.7 1838.5 1653.3 1402.6 1512.6 1603.4 1688.0 1604.8 1711.2 1718.8 1760.5 1599.5 1541.5 1487.3 1563.6 1644.6 1619.3 1619.0 1599.2 1569.8 1560.8 1615.1 1613.3 1624.2 1650.7 1703.1 1751.7 1779.6 1773.2 1725.5 1750.2 1740.2 1752.3 1776.0 1736.4
-999.0 -999.0 -999.0 -999.0 -999.0 -999.0 -999.0 -999.0 -999.0 -999.0 -999.0 -999.0 -999.0 -999.0 -999.0 -999.0 -999.0 -999.0 2010.6 1891.4 1926.0 1280.0 1235.8 1253.9 1294.2 1208.9 1889.0 1497.1 1981.8 -999.0 -999.0 -999.0 -999.0 -999.0 -999.0 1889.1 1857.1 1805.8 1843.6 1726.6 1581.2 1516.1 1577.9 1646.9 1679.7 1676.4 1623.5 1522.2 1561.5 1615.4 1645.3 1686.9 1637.5 1644.7 1689.6 1717.5 1719.7 1671.1 1690.4 1630.7 1602.6 1554.6 1674.9 1734.2 1706.8 1668.8 1722.5 1671.7 1715.6 1763.3 1692.9
-999.0 -999.0 -999.0 -999.0 -999.0 -999.0 -999.0 -999.0 -999.0 -999.0 -999.0 -999.0 -999.0 -999.0 -999.0 -999.0 -999.0 -999.0 1651.6 1598.9 1416.9 1315.0 1079.4 1007.2 1088.0 1121.7 1204.6 1517.4 1746.2 1877.6 1806.5 1622.7 1782.7 1860.6 1915.7 1897.9 1878.2 1859.4 1849.7 1835.9 1784.6 1599.9 1591.3 1639.5 1698.4 1486.1 1599.4 1673.3 1634.3 1603.0 1690.9 1724.3 1727.8 1699.2 1699.8 1719.6 1703.5 1772.2 1729.2 1655.1 1634.9 1646.0 1606.0 1601.1 1681.7 1680.5 1749.4 1779.3 1705.2 1772.7 1481.0
-999.0 -999.0 -999.0 -999.0 -999.0 -999.0 -999.0 -999.0 -999.0 -999.0 -999.0 -999.0 -999.0 -999.0 -999.0 -999.0 -999.0 1963.0 1870.6 1720.0 1622.8 1463.1 1186.3 1051.0 1089.6 1183.1 1221.5 1295.3 1493.2 1623.9 1684.5 1635.8 1550.2 1791.6 1846.2 1890.3 1860.7 1752.4 1837.1 1812.8 1678.8 1645.7 1654.4 1639.9 1465.9 1614.4 1511.0 1556.3 1616.8 1704.6 1704.0 1764.2 1716.5 1620.1 1724.8 1688.0 1745.4 1722.9 1727.9 1686.4 1663.8 1569.6 1524.9 1681.5 1714.9 1711.4 1567.7 1704.7 1752.3 1736.3 1730.0
-999.0 -999.0 -999.0 -999.0 -999.0 -999.0 -999.0 -999.0 -999.0 -999.0 -999.0 -999.0 -999.0 -999.0 -999.0 -999.0 -999.0 -999.0 1935.2 1890.9 1819.4 1510.4 1428.3 1347.7 1139.8 1253.1 1329.8 1528.4 1444.5 1315.0 1482.9 1656.7 1675.5 1575.2 1756.2 1881.6 1867.7 1852.5 1763.8 1722.1 1762.3 1743.3 1695.7 1664.3 1564.9 1659.5 1538.2 1604.1 1609.0 1649.2 1669.0 1727.6 1654.3 1623.3 1662.1 1771.4 1777.1 1741.7 1810.5 1770.9 1749.2 1655.9 1574.6 1594.3 1711.9 1720.6 1656.9 1673.1 1725.0 1783.3 1793.3
