GDD/GrowingDegreeDays_1969_Actual.txt
ncols         180
nrows         290
xllcorner     -200000
yllcorner     -200000
cellsize      5000
NODATA_value    -999
[rows 192 to 223 of 290, columns 71 to 141 of 180]
-999.0 -999.0 -999.0 -999.0 -999.0 -999.0 -999.0 -999.0 -999.0 -999.0 -999.0 -999.0 -999.0 -999.0 -999.0 -999.0 -999.0 -999.0 -999.0 -999.0 -999.0 1652.1 1405.1 1250.5 1118.6 948.2 1045.4 1259.6 1449.6 1572.5 1471.6 1323.6 1229.6 1172.5 1387.9 1537.0 1506.4 1423.5 1431.0 1553.4 1358.8 1439.9 1459.3 1571.1 1543.0 1662.8 1738.5 1742.4 1687.1 1724.4 1764.3 1757.7 1739.7 1719.3 1649.6 1694.4 1716.4 1681.5 1625.8 1601.1 1585.9 1552.9 1602.9 1635.7 1571.6 1604.4 1631.5 1663.1 1672.6 1752.8 1752.6
-999.0 -999.0 -999.0 -999.0 -999.0 -999.0 -999.0 -999.0 -999.0 -999.0 -999.0 -999.0 -999.0 -999.0 -999.0 -999.0 -999.0 -999.0 -999.0 -999.0 1765.6 1708.8 1460.8 1242.2 1141.4 1179.1 1205.4 1323.3 1263.6 1000.9 1206.4 1214.9 1244.3 1424.1 1514.8 1459.6 1442.0 1538.7 1540.5 1482.5 1365.5 1388.2 1447.0 1581.0 1550.3 1707.1 1736.1 1696.2 1779.3 1655.0 1653.0 1705.0 1683.0 1704.9 1669.8 1743.6 1757.6 1690.7 1667.7 1677.8 1610.2 1622.4 1552.0 1606.0 1576.5 1650.7 1655.7 1675.0 1740.6 1768.5 1725.9
-999.0 -999.0 -999.0 -999.0 -999.0 -999.0 -999.0 -999.0 -999.0 -999.0 -999.0 -999.0 -999.0 -999.0 -999.0 -999.0 -999.0 -999.0 -999.0 -999.0 1541.9 1513.8 1477.1 1419.4 1257.0 1015.0 1057.0 1135.5 1260.9 1220.8 1147.8 1108.5 1119.7 1403.4 1316.5 1259.5 1541.3 1386.2 1614.1 1531.6 1384.8 1279.1 1530.1 1549.5 1689.9 1751.7 1736.0 1717.8 1524.9 1603.2 1613.5 1641.3 1648.9 1664.6 1665.3 1730.2 1728.7 1720.1 1686.0 1736.8 1706.4 1599.9 1562.5 1582.8 1562.7 1649.5 1713.4 1743.9 1782.4 1762.6 1730.5
-999.0 -999.0 -999.0 -999.0 -999.0 -999.0 -999.0 -999.0 -999.0 -999.0 -999.0 -999.0 -999.0 -999.0 -999.0 -999.0 -999.0 -999.0 -999.0 -999.0 1589.8 1531.7 1676.6 1495.4 1267.4 1009.9 1135.0 1113.2 1294.2 1188.4 1231.8 1336.3 1279.5 1264.6 1332.1 1454.5 1575.1 1558.4 1364.6 1586.9 1553.5 1530.9 1566.3 1522.4 1669.2 1784.9 1762.8 1692.5 1658.9 1676.8 1616.9 1630.3 1641.0 1641.3 1712.5 1717.0 1668.9 1706.9 1686.5 1748.3 1682.2 1582.9 1573.6 1651.6 1670.2 1645.1 1728.5 1731.6 1818.3 1757.7 1751.6
-999.0 -999.0 -999.0 -999.0 -999.0 -999.0 -999.0 -999.0 -999.0 -999.0 -999.0 -999.0 -999.0 -999.0 -999.0 -999.0 -999.0 -999.0 -999.0 1675.2 1499.1 1289.5 1436.1 1513.3 1236.1 1166.0 1059.4 1066.5 1429.0 1413.7 1447.0 1339.1 1248.9 1390.8 1396.6 1314.2 1484.2 1565.6 1592.7 1646.3 1667.2 1646.9 1610.4 1665.9 1724.9 1770.4 1794.9 1780.6 1731.1 1701.2 1734.3 1683.3 1687.5 1654.1 1712.5 1705.6 1701.7 1734.9 1743.6 1731.0 1631.3 1626.8 1628.3 1717.2 1691.6 1699.5 1727.0 1795.9 1761.5 1757.4 1759.1
-999.0 -999.0 -999.0 -999.0 -999.0 -999.0 -999.0 -999.0 -999.0 -999.0 -999.0 -999.0 -999.0 -999.0 -999.0 -999.0 -999.0 -999.0 1564.3 1501.9 1394.7 1476.5 1550.8 1304.1 1088.8 1054.7 1202.7 1148.3 1421.1 1331.4 1422.3 1462.2 1070.7 1364.6 1329.2 1553.2 1563.7 1651.0 1655.7 1636.1 1560.9 1649.1 1537.0 1699.7 1712.0 1842.2 1853.1 1811.8 1788.8 1776.1 1777.7 1733.8 1694.7 1687.4 1777.1 1735.6 1723.8 1698.3 1690.9 1676.0 1619.2 1654.0 1613.1 1709.3 1725.5 1792.2 1794.5 1723.2 1707.0 1746.2 1746.1
-999.0 -999.0 -999.0 -999.0 -999.0 -999.0 -999.0 -999.0 -999.0 -999.0 -999.0 -999.0 -999.0 -999.0 -999.0 -999.0 1527.6 1534.3 1555.8 1654.3 1631.0 1531.8 1473.1 1216.9 1114.1 1023.9 993.2 1157.6 1305.1 1536.5 1370.5 1433.6 1182.0 1390.0 1516.6 1594.6 1677.1 1656.2 1709.3 1642.3 1537.5 1600.4 1609.3 1801.1 1822.3 1856.1 1858.6 1788.7 1787.6 1775.5 1813.9 1753.3 1718.8 1761.4 1761.1 1777.0 1672.1 1663.0 1611.7 1572.1 1598.3 1621.2 1666.9 1722.8 1714.7 1704.1 1731.8 1710.5 1778.1 1749.7 1753.0
-999.0 -999.0 -999.0 -999.0 -999.0 -999.0 -999.0 -999.0 -999.0 -999.0 -999.0 -999.0 1791.3 1786.8 1779.1 1435.6 1339.5 1279.0 1277.9 1488.7 1524.8 1551.2 1193.0 1248.7 1104.2 1099.8 1145.4 1366.2 1466.7 1589.7 1472.9 1513.5 1124.1 1260.5 1439.5 1642.5 1633.6 1663.6 1522.7 1694.8 1568.2 1579.1 1659.7 1787.0 1896.2 1913.4 1816.7 1834.3 1835.5 1749.7 1806.3 1784.8 1825.6 1770.1 1730.7 1694.6 1722.8 1647.9 1663.7 1626.5 1562.1 1568.8 1594.1 1647.0 1656.2 1684.0 1728.1 1764.4 1729.4 1808.0 1800.0
-999.0 -999.0 -999.0 -999.0 -999.0 -999.0 -999.0 -999.0 -999.0 -999.0 -999.0 1613.3 1692.6 1569.8 1572.2 1555.5 1360.2 1403.7 1369.2 1544.7 1659.1 1393.8 1283.5 1175.9 1418.1 1056.5 1244.8 1412.3 1156.3 1381.5 1612.3 1188.8 1345.4 1426.4 1716.4 1738.7 1702.3 1484.1 1694.4 1695.9 1663.2 1671.6 1643.8 1779.4 1836.7 1953.4 1875.1 1891.2 1871.8 1793.2 1788.6 1790.8 1795.4 1776.5 1698.6 1696.5 1568.8 1686.2 1697.0 1654.9 1597.0 1635.7 1648.0 1700.2 1725.4 1705.9 1743.1 1724.2 1785.7 1804.3 1772.6
-999.0 -999.0 -999.0 -999.0 -999.0 -999.0 -999.0 -999.0 -999.0 -999.0 1575.7 1562.0 1702.0 1669.4 1643.2 1545.8 1581.0 1507.2 1563.6 1545.6 1254.0 1435.7 1502.4 1184.4 1561.4 1295.1 1240.2 1055.2 1179.3 1199.3 1380.0 1421.7 1509.3 1716.8 1412.6 1458.0 1710.7 1686.7 1751.6 1788.8 1705.2 1736.0 1785.9 1767.8 1792.8 1952.0 1917.7 1929.4 1892.5 1857.5 1832.9 1806.3 1665.0 1770.5 1740.8 1681.1 1626.6 1661.5 1691.4 1650.0 1602.9 1615.5 1601.7 1663.7 1740.8 1766.7 1795.4 1744.1 1775.3 1811.3 1737.4
-999.0 -999.0 -999.0 -999.0 -999.0 -999.0 1785.8 1555.9 1659.4 1505.2 1646.2 1617.1 1556.3 1622.0 1634.4 1465.7 1535.4 1502.7 1530.4 1359.3 1374.8 1499.9 1431.2 1408.5 1477.3 1429.0 1182.0 1156.0 1300.1 1364.6 1281.3 1458.6 1676.1 1359.4 1305.0 1493.2 1483.0 1683.4 1708.1 1803.5 1774.6 1599.6 1783.3 1685.3 1858.1 1922.2 1909.0 1891.5 1725.6 1817.4 1772.7 1525.7 1745.3 1748.6 1728.3 1664.7 1597.8 1683.1 1677.1 1661.2 1678.0 1646.6 1653.3 1701.3 1755.0 1746.4 1788.9 1782.0 1773.9 1766.3 1794.4
-999.0 -999.0 -999.0 -999.0 -999.0 1741.5 1600.4 1610.7 1579.4 1388.4 1171.6 1267.0 1315.5 1524.6 1437.3 1321.6 1406.9 1442.9 1315.1 1468.5 1517.3 1350.5 1538.7 1650.2 1533.9 1471.8 1282.8 1290.2 1327.7 1396.2 1430.9 1521.1 1449.2 939.7 1202.6 1449.6 1626.5 1605.2 1707.3 1616.3 1755.8 1712.6 1801.0 1831.1 1861.8 1870.1 1896.9 1900.2 1810.9 1756.5 1519.1 1520.3 1596.5 1691.1 1722.6 1526.7 1627.4 1678.9 1669.4 1706.4 1659.2 1661.9 1674.4 1735.4 1686.1 1720.8 1775.8 1683.7 1716.1 1795.1 1809.7
-999.0 -999.0 -999.0 1815.8 1705.9 1671.3 1575.9 1621.3 1563.0 1459.9 1444.7 1508.8 1597.4 1433.1 1524.1 1395.8 1629.5 1552.5 1378.7 1452.9 1592.8 1506.6 1708.6 1682.5 1394.7 1303.0 1361.4 1462.5 1337.1 1555.6 1608.9 1601.8 1304.2 1157.4 1155.7 1612.8 1569.0 1594.1 1608.7 1686.7 1808.4 1712.3 1773.4 1805.3 1869.9 1862.1 1925.0 1922.4 1801.1 1730.8 1519.1 1558.5 1625.2 1715.3 1660.6 1547.0 1590.8 1629.3 1681.0 1680.9 1687.5 1692.9 1696.0 1704.0 1694.5 1692.3 1726.4 1743.0 1758.4 1807.7 1763.5
-999.0 -999.0 -999.0 1843.3 -999.0 1804.5 1745.7 1602.1 1658.8 1590.2 1606.3 1557.4 1604.5 1571.2 1477.7 1612.1 1562.5 1702.0 1734.7 1730.2 1725.6 1723.0 1508.1 1559.5 1277.4 866.6 1338.1 1312.4 1324.3 1099.9 1127.3 1658.9 1705.8 1059.3 1355.8 1529.0 1501.2 1450.1 1633.7 1784.9 1844.3 1687.0 1689.3 1807.1 1892.7 1926.0 1898.3 1926.9 1805.9 1571.9 1508.3 1622.3 1691.2 1722.2 1730.4 1709.6 1638.6 1697.9 1730.5 1756.0 1763.0 1736.0 1681.1 1640.4 1702.5 1747.3 1739.2 1783.4 1785.6 1756.5 1791.3
-999.0 -999.0 -999.0 -999.0 -999.0 -999.0 1645.9 1715.5 1724.0 1640.1 1703.8 1659.5 1654.5 1608.5 1681.0 1712.2 1664.7 1697.1 1611.3 1711.8 1502.7 1696.3 1456.9 1313.6 1265.9 1121.1 1041.0 1192.4 1087.5 1012.5 1378.8 1293.5 1439.9 1796.4 1403.7 1455.6 1723.9 1690.7 1815.9 1659.6 1702.7 1523.6 1616.9 1821.3 1873.8 1935.9 1991.8 1830.9 1586.3 1647.7 1504.3 1639.0 1694.3 1655.5 1740.5 1635.7 1744.0 1748.9 1807.8 1835.7 1816.6 1756.0 1711.7 1728.3 1782.4 1799.0 1806.2 1768.2 1709.2 1683.2 1754.4
-999.0 -999.0 -999.0 -999.0 -999.0 1804.6 1730.7 1683.0 1706.7 1741.0 1612.8 1547.2 1472.2 1555.5 1636.8 1687.1 1771.0 1724.7 1487.4 1722.5 1601.7 1810.7 1666.0 1592.5 1589.4 1603.8 1358.5 1394.8 1222.3 1209.5 1108.8 1284.4 1304.7 1431.3 1162.4 1602.3 1713.4 1751.6 1652.2 1692.2 1540.0 1618.0 1623.6 1850.5 1881.1 1883.1 1631.4 1561.0 1560.4 1515.0 1649.7 1632.9 1648.9 1689.8 1740.4 1744.4 1757.8 1820.7 1887.1 1910.3 1875.0 1768.8 1737.3 1721.6 1774.8 1815.1 1803.3 1737.3 1616.7 1752.9 1730.1
-999.0 -999.0 -999.0 -999.0 1906.8 1877.3 1783.7 1744.0 1755.2 1764.5 1763.1 1702.7 1760.7 1729.9 1766.2 1780.3 1761.7 1740.6 1715.6 1515.6 1774.0 1466.6 1550.7 1523.3 1391.5 1452.2 1567.1 1543.1 1394.2 1456.9 1338.6 1396.7 1547.1 1272.6 1300.4 1707.9 1603.6 1793.4 1749.1 1627.0 1596.9 1704.8 1737.9 1812.2 1863.0 1700.7 1743.9 1595.2 1593.8 1639.7 1626.2 1665.3 1716.4 1723.9 1791.8 1818.8 1823.5 1869.5 1828.8 1964.9 1849.9 1833.5 1801.6 1809.9 1811.3 1799.7 1738.4 1643.1 1682.4 1724.2 1749.8
-999.0 -999.0 -999.0 -999.0 -999.0 -999.0 1896.1 1815.9 1786.0 1760.5 1760.3 1741.3 -999.0 -999.0 -999.0 -999.0 1818.6 1749.1 1628.3 1799.1 1878.9 1763.9 1737.3 1705.1 1652.0 1826.8 1148.3 1131.4 1475.3 1569.8 1573.1 1458.5 1418.7 1342.6 1582.1 1681.9 1720.6 1812.0 1507.8 1680.0 1626.1 1834.4 1818.8 1819.5 1842.2 1626.4 1752.3 1626.5 1634.8 1702.5 1703.7 1729.7 1756.1 1798.8 1829.0 1840.3 1829.0 1851.5 1802.8 1913.2 1847.1 1793.9 1814.8 1798.1 1790.9 1707.9 1725.8 1690.2 1691.6 1737.4 1853.1
-999.0 -999.0 -999.0 -999.0 -999.0 -999.0 1909.3 1772.4 1695.8 1844.6 1741.4 1864.8 -999.0 -999.0 -999.0 -999.0 -999.0 -999.0 -999.0 1892.3 1907.1 1872.5 1978.3 1873.0 1680.5 1382.1 1226.3 1104.9 1191.9 1357.6 1498.1 1499.1 1628.5 1483.5 1495.0 1755.6 1829.0 1568.5 1583.1 1606.8 1876.3 1889.8 1842.9 1857.1 1714.0 1639.1 1651.3 1651.6 1705.2 1735.7 1758.1 1778.0 1785.1 1790.7 1807.8 1755.3 1804.7 1835.6 1867.0 1882.1 1822.2 1789.7 1810.1 1707.1 1706.3 1789.2 1700.6 1706.4 1757.3 1807.7 1868.0
-999.0 -999.0 -999.0 -999.0 -999.0 -999.0 -999.0 -999.0 1861.9 -999.0 -999.0 -999.0 -999.0 -999.0 -999.0 -999.0 -999.0 1775.3 1765.5 1784.1 1747.7 1894.9 1985.4 2003.6 1836.2 1597.4 1319.7 1247.4 1326.5 1638.1 1670.5 1401.8 1549.7 1618.7 1780.5 1873.4 1936.8 1748.7 1787.3 1815.8 1915.3 1906.4 1830.8 1838.5 1586.8 1540.6 1633.5 1661.1 1735.1 1754.4 1767.2 1797.1 1757.1 1783.8 1757.9 1810.6 1822.5 1845.4 1853.6 1843.5 1756.6 1736.6 1680.5 1610.2 1706.1 1694.5 1843.4 1772.0 1809.7 1869.2 1856.3
-999.0 -999.0 -999.0 -999.0 -999.0 -999.0 -999.0 -999.0 -999.0 -999.0 -999.0 -999.0 -999.0 -999.0 -999.0 -999.0 -999.0 1764.7 1750.4 1905.2 1816.4 1715.8 -999.0 -999.0 2061.6 1603.2 1729.2 1579.0 1629.4 1634.4 1597.5 1527.7 1793.9 1839.4 1845.3 1917.1 1944.3 1943.2 1953.6 1953.3 1933.9 1818.7 1819.8 1759.6 1574.5 1638.9 1676.3 1726.3 1752.0 1724.3 1747.2 1782.9 1773.2 1796.8 1768.3 1735.8 1717.9 1765.9 1729.1 1801.5 1794.3 1730.2 1560.3 1705.6 1672.6 1731.4 1899.0 1823.7 1861.7 1922.2 1977.2
-999.0 -999.0 -999.0 -999.0 -999.0 -999.0 -999.0 -999.0 -999.0 -999.0 -999.0 -999.0 -999.0 -999.0 -999.0 -999.0 -999.0 -999.0 -999.0 -999.0 -999.0 -999.0 -999.0 -999.0 2021.0 1893.3 1671.6 1660.9 1781.8 1805.1 1801.3 1775.6 1877.7 1938.3 1931.4 1936.2 1968.6 1984.3 -999.0 2016.4 1964.3 1873.3 1851.6 1760.5 1607.9 1665.1 1677.8 1743.8 1820.0 1812.9 1738.9 1785.1 1766.0 1669.7 1623.0 1647.8 1612.5 1571.4 1660.1 1692.4 1717.1 1733.1 1680.9 1769.9 1711.7 1709.2 1849.1 1902.5 1941.6 1946.7 1988.2
-999.0 -999.0 -999.0 -999.0 -999.0 -999.0 -999.0 -999.0 -999.0 -999.0 -999.0 -999.0 -999.0 -999.0 -999.0 -999.0 -999.0 -999.0 -999.0 -999.0 -999.0 -999.0 -999.0 -999.0 -999.0 1886.6 1817.6 1766.4 1723.6 1716.1 1835.8 1884.8 1925.4 2001.9 -999.0 -999.0 -999.0 -999.0 2005.1 2029.8 1922.6 1899.8 1870.8 1776.4 1624.1 1681.3 1655.6 1711.1 1838.1 1750.2 1743.4 1635.1 1686.0 1545.1 1615.8 1605.9 1654.8 1630.4 1638.7 1708.9 1679.6 1861.9 1860.2 1840.5 1904.2 1863.9 1918.5 1951.3 1972.1 2048.1 2124.4
-999.0 -999.0 -999.0 -999.0 -999.0 -999.0 -999.0 -999.0 -999.0 -999.0 -999.0 -999.0 -999.0 -999.0 -999.0 -999.0 -999.0 -999.0 -999.0 -999.0 -999.0 -999.0 -999.0 -999.0 -999.0 -999.0 1894.5 1717.2 1742.0 1780.2 1738.6 1841.6 1936.4 -999.0 -999.0 -999.0 -999.0 1899.5 1826.4 1781.7 1954.3 1939.0 1912.3 1715.5 1636.9 1644.4 1639.3 1695.3 1733.1 1769.0 1638.8 1513.7 1565.6 1568.8 1639.5 1637.9 1663.4 1747.3 1719.5 1738.6 1802.3 1850.8 1900.6 2005.3 1929.4 1894.9 1930.2 1897.6 1889.2 2026.6 2091.3
-999.0 -999.0 -999.0 -999.0 -999.0 -999.0 -999.0 -999.0 -999.0 -999.0 -999.0 -999.0 -999.0 -999.0 -999.0 -999.0 -999.0 -999.0 -999.0 -999.0 -999.0 -999.0 -999.0 -999.0 -999.0 -999.0 -999.0 1902.7 1838.9 1863.7 1772.0 1897.6 1921.4 -999.0 -999.0 -999.0 1925.1 1917.4 1870.7 1761.3 1802.3 1838.0 1929.0 1791.9 1847.2 1691.6 1663.8 1736.4 1654.3 1603.7 1606.1 1611.1 1537.2 1605.8 1667.2 1704.6 1761.8 1778.1 1783.3 1779.6 1771.4 1837.6 1912.8 1925.0 1832.7 1812.5 1903.8 1890.3 1895.7 1956.0 2035.5
-999.0 -999.0 -999.0 -999.0 -999.0 -999.0 -999.0 -999.0 -999.0 -999.0 -999.0 -999.0 -999.0 -999.0 -999.0 -999.0 -999.0 -999.0 -999.0 -999.0 -999.0 -999.0 -999.0 -999.0 -999.0 -999.0 -999.0 -999.0 -999.0 -999.0 -999.0 -999.0 -999.0 -999.0 -999.0 1906.7 1901.5 1916.3 1896.6 1736.3 1871.7 1831.1 1774.5 1775.1 1791.0 1755.7 1833.0 1802.1 1763.0 1685.0 1696.5 1675.7 1651.0 1625.8 1654.2 1685.3 1596.9 1715.2 1697.1 1748.2 1743.0 1783.5 1859.5 1845.1 1804.2 1805.6 1800.5 1880.3 1909.0 1930.8 1960.7
-999.0 -999.0 -999.0 -999.0 -999.0 -999.0 -999.0 -999.0 -999.0 -999.0 -999.0 -999.0 -999.0 -999.0 -999.0 -999.0 -999.0 -999.0 -999.0 -999.0 -999.0 -999.0 -999.0 -999.0 -999.0 -999.0 -999.0 -999.0 -999.0 -999.0 -999.0 -999.0 -999.0 -999.0 -999.0 2014.0 1826.4 1845.2 1467.6 1582.0 1841.3 1809.5 1775.7 1753.3 1724.7 1818.2 1851.0 1821.5 1781.7 1689.5 1733.7 1783.1 1658.4 1629.5 1543.2 1650.4 1636.6 1547.6 1660.2 1708.4 1758.6 1824.7 1847.7 1857.1 1853.4 1862.4 1897.3 1848.8 1860.3 1916.2 1923.4
-999.0 -999.0 -999.0 -999.0 -999.0 -999.0 -999.0 -999.0 -999.0 -999.0 -999.0 -999.0 -999.0 -999.0 -999.0 -999.0 -999.0 -999.0 -999.0 -999.0 -999.0 -999.0 -999.0 -999.0 -999.0 -999.0 -999.0 -999.0 -999.0 -999.0 -999.0 -999.0 -999.0 -999.0 -999.0 1975.9 1943.4 1921.5 1740.3 1502.0 1607.5 1705.2 1791.2 1691.4 1788.8 1794.5 1834.9 1678.1 1622.9 1574.9 1652.3 1733.9 1706.7 1708.1 1690.0 1665.1 1658.2 1711.9 1710.9 1724.0 1753.8 1810.4 1856.4 1884.8 1883.6 1857.2 1888.0 1846.1 1847.7 1875.5 1829.5
-999.0 -999.0 -999.0 -999.0 -999.0 -999.0 -999.0 -999.0 -999.0 -999.0 -999.0 -999.0 -999.0 -999.0 -999.0 -999.0 -999.0 -999.0 2122.9 2019.1 2032.5 1373.1 1317.4 1330.9 1368.3 1286.1 1952.1 1565.8 2050.3 -999.0 -999.0 -999.0 -999.0 -999.0 -999.0 1960.3 1933.7 1889.7 1938.6 1821.5 1678.5 1619.7 1680.3 1739.3 1764.4 1758.8 1707.4 1607.2 1644.7 1701.3 1735.4 1776.2 1719.1 1735.4 1782.5 1815.2 1819.8 1770.7 1789.8 1732.7 1708.0 1666.0 1774.1 1813.7 1797.9 1806.7 1850.6 1782.8 1821.0 1861.6 1783.6
-999.0 -999.0 -999.0 -999.0 -999.0 -999.0 -999.0 -999.0 -999.0 -999.0 -999.0 -999.0 -999.0 -999.0 -999.0 -999.0 -999.0 -999.0 1747.4 1707.1 1517.7 1403.3 1170.8 1102.0 1178.6 1210.9 1289.4 1592.6 1824.6 1966.9 1899.1 1700.2 1843.6 1901.5 1961.1 1963.7 1955.0 1943.8 1941.8 1930.1 1879.6 1698.0 1686.8 1731.5 1784.4 1577.2 1686.9 1759.3 1721.2 1693.3 1782.2 1818.1 1824.2 1794.2 1800.3 1823.3 1808.4 1874.1 1832.0 1759.0 1739.1 1750.6 1710.9 1700.4 1825.5 1859.1 1879.0 1892.3 1810.9 1871.1 1581.9
-999.0 -999.0 -999.0 -999.0 -999.0 -999.0 -999.0 -999.0 -999.0 -999.0 -999.0 -999.0 -999.0 -999.0 -999.0 -999.0 -999.0 2028.7 1943.2 1799.7 1703.5 1543.3 1272.6 1145.5 1182.1 1272.7 1310.8 1386.0 1587.0 1731.8 1794.4 1720.3 1615.0 1829.4 1891.4 1957.9 1939.6 1838.4 1929.6 1908.6 1776.9 1743.7 1750.2 1732.7 1560.3 1700.0 1599.5 1643.7 1705.7 1795.1 1795.6 1857.7 1811.6 1719.2 1828.9 1793.2 1849.0 1827.9 1832.4 1784.5 1767.4 1681.6 1641.5 1796.3 1846.6 1847.2 1691.9 1815.9 1857.4 1837.8 1826.6
-999.0 -999.0 -999.0 -999.0 -999.0 -999.0 -999.0 -999.0 -999.0 -999.0 -999.0 -999.0 -999.0 -999.0 -999.0 -999.0 -999.0 -999.0 2000.9 1960.4 1892.3 1584.4 1504.5 1428.5 1230.9 1342.2 1418.8 1612.1 1543.2 1426.8 1590.6 1741.5 1744.8 1640.1 1819.4 1956.8 1950.5 1943.5 1862.7 1824.0 1865.7 1845.7 1797.0 1763.2 1658.5 1742.9 1620.5 1687.5 1697.5 1740.7 1764.3 1827.4 1756.4 1727.9 1768.4 1878.4 1882.1 1857.0 1936.2 1866.5 1856.0 1769.3 1692.0 1712.9 1828.8 1824.2 1768.8 1783.6 1829.4 1883.0 1888.4
