GDD/GrowingDegreeDays_2000_Actual.txt
ncols         180
nrows         290
xllcorner     -200000
yllcorner     -200000
cellsize      5000
NODATA_value    -999
[rows 96 to 127 of 290, columns 71 to 141 of 180]
1224.8 1301.4 1509.8 1625.5 1195.1 1523.2 814.5 845.1 1157.1 1457.9 910.3 490.7 492.8 440.8 734.8 854.9 918.8 622.5 712.3 583.7 539.4 852.2 862.5 877.4 1144.1 999.2 1175.6 891.0 691.9 792.0 715.8 800.2 846.4 749.8 684.7 800.8 873.1 724.3 721.8 1112.3 1245.4 1365.9 1383.0 1130.0 1198.7 -999.0 -999.0 -999.0 -999.0 -999.0 -999.0 -999.0 -999.0 -999.0 -999.0 -999.0 -999.0 -999.0 -999.0 -999.0 -999.0 -999.0 -999.0 -999.0 -999.0 -999.0 -999.0 -999.0 -999.0 -999.0 -999.0
1211.2 1076.0 1546.9 1619.5 1192.7 1424.6 1001.4 1159.5 1451.2 1522.5 1060.3 629.6 1409.0 661.8 886.1 711.3 940.6 695.5 1002.9 830.5 924.6 928.3 488.2 945.7 915.9 1018.7 1040.5 1083.7 718.5 923.0 1039.7 931.8 688.2 878.8 775.2 952.4 900.6 954.6 1069.7 1269.4 1258.3 1229.8 1267.9 1388.3 -999.0 -999.0 -999.0 -999.0 -999.0 -999.0 -999.0 -999.0 -999.0 -999.0 -999.0 -999.0 -999.0 -999.0 -999.0 -999.0 -999.0 -999.0 -999.0 -999.0 -999.0 -999.0 -999.0 -999.0 -999.0 -999.0 -999.0
1284.3 1528.6 955.1 1167.1 1119.8 791.7 542.8 1466.9 1606.1 660.3 1237.5 1338.2 647.4 840.8 620.8 842.3 638.6 1082.3 1205.4 1314.2 1225.8 1226.0 1170.7 882.4 1172.1 954.4 857.0 1162.0 984.0 854.2 1068.0 1062.3 912.9 917.0 1043.1 936.6 1034.6 1236.7 1321.2 1369.7 1247.5 1342.2 1400.1 1371.5 -999.0 -999.0 -999.0 -999.0 -999.0 -999.0 -999.0 -999.0 -999.0 -999.0 -999.0 -999.0 -999.0 -999.0 -999.0 -999.0 -999.0 -999.0 -999.0 -999.0 -999.0 -999.0 -999.0 -999.0 -999.0 -999.0 -999.0
1251.4 903.0 1298.4 1109.0 1058.9 1523.5 1535.3 -999.0 1260.3 625.4 863.2 563.5 1041.6 1218.4 940.0 1044.1 1070.2 1045.9 982.7 911.3 821.4 707.1 433.5 651.1 928.5 903.8 1214.9 1330.5 1439.7 957.7 868.9 1075.3 1079.1 1045.0 1231.6 1185.0 1239.2 1315.5 1323.1 1309.4 1297.4 1221.5 1216.1 -999.0 -999.0 -999.0 -999.0 -999.0 -999.0 -999.0 -999.0 -999.0 -999.0 -999.0 -999.0 -999.0 -999.0 -999.0 -999.0 -999.0 -999.0 -999.0 -999.0 -999.0 -999.0 -999.0 -999.0 -999.0 -999.0 -999.0 -999.0
1623.5 1328.4 1181.3 1311.1 962.6 1405.4 -999.0 1551.6 1313.3 1595.3 1106.7 1298.3 890.6 466.1 964.8 865.5 1008.2 702.3 535.6 651.2 880.2 1263.6 1148.3 1291.4 1007.8 1093.2 1100.9 950.1 1028.1 1071.6 995.3 1126.9 1282.0 1271.0 1385.7 1383.0 1288.6 1246.1 1283.1 1294.8 1295.8 1390.5 1340.8 -999.0 -999.0 -999.0 -999.0 -999.0 -999.0 -999.0 -999.0 -999.0 -999.0 -999.0 -999.0 -999.0 -999.0 -999.0 -999.0 -999.0 -999.0 -999.0 -999.0 -999.0 -999.0 -999.0 -999.0 -999.0 -999.0 -999.0 -999.0
1578.3 1405.6 1630.7 1164.0 1481.2 -999.0 1583.6 1556.8 1423.3 467.5 904.0 335.0 834.3 1114.3 1256.2 869.3 780.1 909.5 716.1 970.8 747.3 625.1 793.2 1327.5 977.2 777.7 739.9 990.9 986.0 1473.6 1222.8 1388.1 1442.0 1456.5 1434.9 1151.5 1153.0 1144.7 1201.3 1206.0 1289.7 1374.7 1440.3 -999.0 -999.0 -999.0 -999.0 -999.0 -999.0 -999.0 -999.0 -999.0 -999.0 -999.0 -999.0 -999.0 -999.0 -999.0 -999.0 -999.0 -999.0 -999.0 -999.0 -999.0 -999.0 -999.0 -999.0 -999.0 -999.0 -999.0 -999.0
1627.0 1564.2 847.0 1661.6 -999.0 1628.6 -999.0 1140.9 1023.0 816.9 1584.2 597.8 903.2 871.6 1068.3 411.7 913.3 400.1 902.6 960.2 501.3 1086.2 1521.6 901.7 543.5 521.5 1079.8 1084.3 1049.8 1166.1 1357.5 1431.2 1430.8 1408.3 1052.6 1243.6 1273.3 1320.0 1299.6 1321.4 1434.8 1458.5 -999.0 -999.0 -999.0 -999.0 -999.0 -999.0 -999.0 -999.0 -999.0 -999.0 -999.0 -999.0 -999.0 -999.0 -999.0 -999.0 -999.0 -999.0 -999.0 -999.0 -999.0 -999.0 -999.0 -999.0 -999.0 -999.0 -999.0 -999.0 -999.0
659.6 824.8 1187.5 1649.1 -999.0 -999.0 1609.8 1492.9 1554.2 1486.7 1061.5 527.0 1372.7 1103.2 472.5 820.9 835.1 548.0 509.2 689.4 1280.8 722.0 737.2 535.9 715.4 953.6 688.0 684.7 1049.7 1292.2 1481.9 1472.8 1335.1 1015.4 1260.9 1380.1 1361.0 1503.6 1496.7 1482.9 -999.0 -999.0 -999.0 -999.0 -999.0 -999.0 -999.0 -999.0 -999.0 -999.0 -999.0 -999.0 -999.0 -999.0 -999.0 -999.0 -999.0 -999.0 -999.0 -999.0 -999.0 -999.0 -999.0 -999.0 -999.0 -999.0 -999.0 -999.0 -999.0 -999.0 -999.0
943.4 1305.4 1520.7 1629.5 -999.0 1639.0 1496.2 1319.7 1099.1 1351.5 1082.8 1477.0 1493.3 1183.6 870.4 1022.4 1248.3 1231.0 1053.7 805.4 519.0 1007.3 807.5 905.2 746.6 667.5 918.2 998.7 1222.0 1395.8 1485.4 1509.3 1281.8 1328.6 1505.3 1514.5 1551.6 1499.5 1525.4 -999.0 -999.0 -999.0 -999.0 -999.0 -999.0 -999.0 -999.0 -999.0 -999.0 -999.0 -999.0 -999.0 -999.0 -999.0 -999.0 -999.0 -999.0 -999.0 -999.0 -999.0 -999.0 -999.0 -999.0 -999.0 -999.0 -999.0 -999.0 -999.0 -999.0 -999.0 -999.0
1459.7 1125.3 1403.1 -999.0 -999.0 1615.4 1111.2 1254.8 1015.9 1329.5 1529.0 1236.5 807.3 818.3 956.3 1092.8 984.9 675.5 1049.5 801.5 1187.1 1054.3 802.1 1171.3 1452.2 1460.3 1317.0 1417.3 1485.8 1443.5 1451.9 1619.3 1467.8 1517.8 1555.4 1354.8 1455.8 1403.4 1474.3 -999.0 -999.0 -999.0 -999.0 -999.0 -999.0 -999.0 -999.0 -999.0 -999.0 -999.0 -999.0 -999.0 -999.0 -999.0 -999.0 -999.0 -999.0 -999.0 -999.0 -999.0 -999.0 -999.0 -999.0 -999.0 -999.0 -999.0 -999.0 -999.0 -999.0 -999.0 -999.0
-999.0 -999.0 -999.0 -999.0 1598.4 1206.4 1210.1 1089.8 1187.0 1082.6 789.4 854.9 664.8 1195.8 864.0 1477.5 749.3 1332.0 581.0 1125.9 890.7 510.6 1010.8 1266.1 1097.2 1204.3 1461.8 1457.1 1546.5 1610.1 1524.8 1618.0 1609.7 1469.7 1467.6 1460.7 1421.6 1517.6 1464.1 1534.5 -999.0 -999.0 -999.0 -999.0 -999.0 -999.0 -999.0 -999.0 -999.0 -999.0 -999.0 -999.0 -999.0 -999.0 -999.0 -999.0 -999.0 -999.0 -999.0 -999.0 -999.0 -999.0 -999.0 -999.0 -999.0 -999.0 -999.0 -999.0 -999.0 -999.0 -999.0
-999.0 -999.0 -999.0 -999.0 1562.5 1599.7 1185.4 1056.4 1482.6 944.2 1220.7 1491.9 1052.5 821.7 952.8 1778.4 849.2 914.2 832.9 1121.1 762.0 966.5 885.6 703.6 1022.1 1141.1 1239.7 1346.3 1354.3 1279.4 1244.7 1137.3 1211.3 1415.7 1557.7 1508.4 1286.9 1442.6 1296.0 1382.6 1433.0 -999.0 -999.0 -999.0 -999.0 -999.0 -999.0 -999.0 -999.0 -999.0 -999.0 -999.0 -999.0 -999.0 -999.0 -999.0 -999.0 -999.0 -999.0 -999.0 -999.0 -999.0 -999.0 -999.0 -999.0 -999.0 -999.0 -999.0 -999.0 -999.0 -999.0
-999.0 -999.0 -999.0 1591.6 1573.2 1508.0 1124.5 1349.9 1098.1 1082.5 1272.3 1527.0 968.5 932.1 721.2 1675.7 964.8 1087.4 1010.6 1093.5 995.5 1489.7 1291.7 1192.2 1228.5 1419.8 1225.8 1030.5 816.8 926.5 1012.0 1166.0 1297.5 1202.8 1538.4 1375.1 1294.7 1287.4 1306.0 1349.2 1411.8 1521.8 -999.0 -999.0 -999.0 -999.0 -999.0 -999.0 -999.0 -999.0 -999.0 -999.0 -999.0 -999.0 -999.0 -999.0 -999.0 -999.0 -999.0 -999.0 -999.0 -999.0 -999.0 -999.0 -999.0 -999.0 -999.0 -999.0 -999.0 -999.0 -999.0
-999.0 -999.0 1591.9 -999.0 1531.0 1349.5 1499.5 1086.9 913.4 1475.8 1597.4 1167.7 732.6 1102.2 1730.4 1443.3 481.7 1320.2 1288.1 1114.5 1149.1 1381.4 1437.7 1538.4 1469.7 1146.6 750.6 812.3 999.9 1100.6 1275.5 1295.2 1330.4 1228.2 1367.6 1371.6 1483.1 1577.1 1566.1 1557.8 1558.5 -999.0 -999.0 -999.0 -999.0 -999.0 -999.0 -999.0 -999.0 -999.0 -999.0 -999.0 -999.0 -999.0 -999.0 -999.0 -999.0 -999.0 -999.0 -999.0 -999.0 -999.0 -999.0 -999.0 -999.0 -999.0 -999.0 -999.0 -999.0 -999.0 -999.0
-999.0 1629.7 1169.3 -999.0 1626.0 1591.8 1434.2 1358.7 1383.2 1377.9 853.4 1446.3 915.8 899.5 930.7 1277.7 1524.7 735.0 1252.9 1401.3 1536.4 1583.3 1625.8 1663.6 1694.8 1311.5 1497.1 1531.1 1540.1 1363.1 1204.7 1316.5 1328.4 1400.1 1458.1 1431.0 1548.6 -999.0 -999.0 -999.0 -999.0 -999.0 -999.0 -999.0 -999.0 -999.0 -999.0 -999.0 -999.0 -999.0 -999.0 -999.0 -999.0 -999.0 -999.0 -999.0 -999.0 -999.0 -999.0 -999.0 -999.0 -999.0 -999.0 -999.0 -999.0 -999.0 -999.0 -999.0 -999.0 -999.0 -999.0
1619.1 1353.8 1490.8 -999.0 1234.4 1639.2 1319.5 1428.3 1655.0 990.6 996.2 847.6 801.4 1605.5 987.3 996.2 1636.1 1273.4 1164.7 1390.6 1370.5 1308.3 1258.2 1196.4 1647.5 1680.0 1666.0 1571.0 1460.2 1356.8 1236.3 1322.2 1348.9 1347.9 1474.3 -999.0 -999.0 -999.0 -999.0 -999.0 -999.0 -999.0 -999.0 -999.0 -999.0 -999.0 -999.0 -999.0 -999.0 -999.0 -999.0 -999.0 -999.0 -999.0 -999.0 -999.0 -999.0 -999.0 -999.0 -999.0 -999.0 -999.0 -999.0 -999.0 -999.0 -999.0 -999.0 -999.0 -999.0 -999.0 -999.0
879.9 1380.5 -999.0 1594.4 1589.6 1168.7 1441.6 1636.3 1005.0 1320.7 961.0 872.3 1168.8 1359.8 990.5 1006.5 1704.2 1699.7 1624.6 1517.6 1387.0 1314.6 1092.0 1024.6 1357.5 1534.4 1646.3 1675.6 1529.1 1518.4 1450.7 1421.3 1249.5 1251.4 1508.7 -999.0 -999.0 -999.0 -999.0 -999.0 -999.0 -999.0 -999.0 -999.0 -999.0 -999.0 -999.0 -999.0 -999.0 -999.0 -999.0 -999.0 -999.0 -999.0 -999.0 -999.0 -999.0 -999.0 -999.0 -999.0 -999.0 -999.0 -999.0 -999.0 -999.0 -999.0 -999.0 -999.0 -999.0 -999.0 -999.0
1670.1 1666.0 -999.0 1636.3 961.4 1332.2 -999.0 1506.6 1075.3 1317.4 1059.0 1174.2 1082.9 1613.7 1616.0 1400.7 1533.2 1538.7 1387.5 1550.1 797.7 827.1 987.8 1022.6 1328.3 1605.5 1594.2 1710.1 1755.3 1668.5 1632.2 1533.2 1587.7 -999.0 -999.0 -999.0 -999.0 -999.0 1437.3 1464.5 1463.7 1573.5 -999.0 -999.0 -999.0 -999.0 -999.0 -999.0 -999.0 -999.0 -999.0 -999.0 -999.0 -999.0 -999.0 -999.0 -999.0 -999.0 -999.0 -999.0 -999.0 -999.0 -999.0 -999.0 -999.0 -999.0 -999.0 -999.0 -999.0 -999.0 -999.0
1375.1 -999.0 -999.0 1180.1 1633.7 1026.8 -999.0 1530.9 978.2 1390.8 1678.9 859.8 1656.6 1757.4 1749.3 1682.2 1490.2 1318.5 1063.4 1329.4 1313.3 1444.1 1440.6 1491.5 1423.8 1420.2 1400.6 1498.7 1615.7 1525.3 1460.6 1503.2 1595.3 1615.1 1605.2 -999.0 -999.0 1560.9 1478.4 1376.5 1511.7 1549.8 1562.1 1574.7 -999.0 -999.0 -999.0 -999.0 -999.0 -999.0 -999.0 -999.0 -999.0 -999.0 -999.0 -999.0 -999.0 -999.0 -999.0 -999.0 -999.0 -999.0 -999.0 -999.0 -999.0 -999.0 -999.0 -999.0 -999.0 -999.0 -999.0
1710.9 -999.0 -999.0 1651.4 1347.2 1129.3 1668.2 1340.0 1552.3 1407.7 1320.6 1206.7 1698.8 1552.4 1291.2 1326.7 1372.7 1596.4 1577.6 1501.7 1550.2 1500.5 1502.8 1497.2 1425.6 1330.5 1330.7 1413.3 1286.5 1245.0 1455.0 1543.3 1544.5 1551.8 1469.3 1571.9 1527.9 1419.4 1400.0 1437.5 1400.3 1212.2 1259.2 1158.5 1537.5 -999.0 -999.0 -999.0 -999.0 -999.0 -999.0 -999.0 -999.0 -999.0 -999.0 -999.0 -999.0 -999.0 -999.0 -999.0 -999.0 -999.0 -999.0 -999.0 -999.0 -999.0 -999.0 -999.0 -999.0 -999.0 -999.0
-999.0 -999.0 -999.0 1377.6 1026.0 1436.5 1298.0 1664.3 1343.7 1474.4 1730.5 1735.3 -999.0 1311.1 1022.0 1371.9 1514.2 1644.3 1642.2 1658.2 1639.6 1496.2 1515.5 1483.0 1310.6 1305.8 1254.3 1308.7 1354.5 1356.6 1422.9 1409.7 1390.7 1270.5 1407.4 1529.9 1329.1 1374.5 1334.8 1356.1 1219.1 1057.4 1058.6 1014.4 1206.9 1149.9 1094.5 1467.5 -999.0 -999.0 -999.0 -999.0 -999.0 -999.0 -999.0 -999.0 -999.0 -999.0 -999.0 -999.0 -999.0 -999.0 -999.0 -999.0 -999.0 -999.0 -999.0 -999.0 -999.0 -999.0 -999.0
-999.0 -999.0 -999.0 1366.8 1488.8 1621.4 1057.8 1682.2 -999.0 1713.1 1574.4 1744.0 -999.0 1265.6 893.1 1280.6 1375.0 1599.7 1706.5 1596.6 1595.1 1706.3 1662.6 1571.5 1461.7 1265.9 1203.9 1172.3 1269.6 1260.0 1174.3 1130.4 998.8 1111.6 1369.1 1475.5 1307.9 1268.8 1230.3 857.2 812.3 1012.5 1037.9 1133.4 1172.0 1168.8 1367.3 1369.5 -999.0 -999.0 -999.0 -999.0 -999.0 -999.0 -999.0 -999.0 -999.0 -999.0 -999.0 -999.0 -999.0 -999.0 -999.0 -999.0 -999.0 -999.0 -999.0 -999.0 -999.0 -999.0 -999.0
-999.0 -999.0 -999.0 -999.0 1500.8 1306.5 1457.4 1727.6 -999.0 -999.0 1629.5 1739.1 1632.9 1337.4 1093.3 1486.7 1408.9 1256.9 1405.7 1425.5 1511.4 1357.2 1573.6 1684.0 1543.3 1408.8 1228.2 1138.6 1011.9 1122.2 964.3 942.4 1088.4 1171.9 1165.1 1231.9 1171.0 1056.3 975.3 1011.1 853.6 997.5 1074.2 1127.9 1419.8 1416.3 1304.1 1259.8 1288.8 -999.0 -999.0 -999.0 -999.0 -999.0 -999.0 -999.0 -999.0 -999.0 -999.0 -999.0 -999.0 -999.0 -999.0 -999.0 -999.0 -999.0 -999.0 -999.0 -999.0 -999.0 -999.0
-999.0 -999.0 -999.0 1700.3 1402.1 1333.0 -999.0 -999.0 -999.0 -999.0 -999.0 1723.3 1730.5 1273.8 1404.1 1628.6 1441.3 1270.3 1171.0 1271.6 1381.7 1353.9 1323.1 1459.0 1590.5 1358.2 1143.2 1185.1 1157.7 1112.9 975.1 1058.2 1155.3 1105.4 1114.1 892.3 944.4 1080.1 1108.6 1205.2 1025.7 1071.9 1167.3 1154.0 1381.9 1446.4 1437.2 1429.3 1426.2 -999.0 -999.0 -999.0 -999.0 -999.0 -999.0 -999.0 -999.0 -999.0 -999.0 -999.0 -999.0 -999.0 -999.0 -999.0 -999.0 -999.0 -999.0 -999.0 -999.0 -999.0 -999.0
-999.0 1637.0 -999.0 1257.0 1406.2 1677.8 1754.2 1385.1 1261.1 -999.0 -999.0 -999.0 1718.5 1472.8 1551.3 1576.1 1525.4 1391.4 1219.9 1150.4 1121.9 1116.4 1230.9 1271.8 1355.5 1575.9 1196.7 1235.1 1213.6 1201.9 1247.0 1246.3 1017.5 1117.2 903.9 704.7 807.6 1000.1 1021.6 1252.7 1166.1 1202.6 1206.4 1201.5 1387.8 1449.5 1472.9 1442.6 1386.9 1402.1 -999.0 -999.0 -999.0 -999.0 -999.0 -999.0 -999.0 -999.0 -999.0 -999.0 -999.0 -999.0 -999.0 -999.0 -999.0 -999.0 -999.0 -999.0 -999.0 -999.0 -999.0
-999.0 -999.0 1679.3 1210.5 1384.7 1722.4 1310.4 1112.8 1006.5 1660.0 -999.0 -999.0 -999.0 1698.7 1657.8 1688.3 1622.9 1530.4 1439.3 1245.5 1204.8 1219.6 1300.6 1296.9 1282.2 1276.9 1341.6 1295.4 1269.6 1117.9 1177.1 972.4 1277.3 1154.7 1243.9 1202.4 839.5 863.4 1073.8 1175.7 1302.1 1333.3 1334.0 1332.5 1427.9 1450.1 1501.2 1424.5 1366.7 1423.0 1465.4 -999.0 -999.0 -999.0 -999.0 -999.0 -999.0 -999.0 -999.0 -999.0 -999.0 -999.0 -999.0 -999.0 -999.0 -999.0 -999.0 -999.0 -999.0 -999.0 -999.0
-999.0 -999.0 1495.9 1342.3 1149.6 1714.8 1724.3 1258.6 1168.7 1751.4 -999.0 -999.0 -999.0 -999.0 -999.0 1681.9 1669.5 1656.1 1624.9 1517.6 1429.8 1268.2 1034.7 1058.4 1184.2 1250.9 1325.0 1214.6 1238.7 1210.0 1254.1 1030.8 1309.8 1217.6 1178.4 1256.4 1427.1 1251.6 1353.0 1239.6 1397.6 1308.8 1367.6 1524.0 1544.4 1526.3 1494.4 1506.3 1306.9 1322.1 1406.8 1500.6 -999.0 -999.0 -999.0 -999.0 -999.0 -999.0 -999.0 -999.0 -999.0 -999.0 -999.0 -999.0 -999.0 -999.0 -999.0 -999.0 -999.0 -999.0 -999.0
-999.0 -999.0 1376.4 1176.0 1291.6 -999.0 1716.7 1624.0 957.6 1567.1 -999.0 -999.0 -999.0 -999.0 -999.0 1675.4 1596.8 1449.6 1527.3 1319.6 1109.8 1132.3 979.9 944.3 1015.3 1194.5 1108.7 1178.7 1235.9 1074.9 1002.8 1314.7 620.3 1094.7 877.1 1161.5 987.3 1046.8 1412.1 1225.8 1349.4 1420.5 1489.8 1463.8 1349.5 1295.5 1384.2 1339.8 1506.4 1341.5 1205.7 1448.2 1437.8 1512.0 -999.0 -999.0 -999.0 -999.0 -999.0 -999.0 -999.0 -999.0 -999.0 -999.0 -999.0 -999.0 -999.0 -999.0 -999.0 -999.0 -999.0
-999.0 -999.0 1401.6 1391.2 1602.7 -999.0 -999.0 1298.1 1044.7 1201.2 -999.0 -999.0 -999.0 -999.0 -999.0 1691.3 1690.3 1503.8 1495.3 1384.8 1200.2 1300.9 1189.2 1168.7 1009.9 1102.5 1076.8 1134.4 946.7 671.9 845.2 986.5 529.3 678.8 1040.3 1003.5 1190.1 1388.5 1292.5 1234.3 1346.3 1315.2 1334.6 1456.4 1386.7 1361.3 1213.2 978.0 1199.5 1307.0 1271.0 1271.8 1458.1 1510.8 -999.0 -999.0 -999.0 -999.0 -999.0 -999.0 -999.0 -999.0 -999.0 -999.0 -999.0 -999.0 -999.0 -999.0 -999.0 -999.0 -999.0
-999.0 -999.0 1567.0 1503.3 -999.0 -999.0 -999.0 1678.0 1479.8 1386.2 -999.0 -999.0 -999.0 -999.0 -999.0 1677.8 1624.5 1535.6 1476.1 1400.7 1296.9 1191.3 922.3 832.3 1028.4 966.4 1151.3 1141.8 1085.0 836.4 1138.1 733.1 831.1 989.2 907.7 870.0 1281.4 1133.9 1319.3 1234.0 1258.4 1453.2 1334.2 1267.8 1245.8 1293.2 832.3 829.4 930.0 1305.8 1279.7 1268.4 1388.4 1429.7 -999.0 -999.0 -999.0 -999.0 -999.0 -999.0 -999.0 -999.0 -999.0 -999.0 -999.0 -999.0 -999.0 -999.0 -999.0 -999.0 -999.0
-999.0 1252.3 1384.2 1103.6 1724.1 -999.0 -999.0 -999.0 -999.0 -999.0 -999.0 -999.0 -999.0 -999.0 1502.7 1557.0 1459.4 1456.6 1388.7 1270.4 1284.3 1129.3 1082.5 917.1 1074.7 1125.2 962.7 1033.5 850.3 784.1 802.9 617.2 678.9 1046.4 965.9 911.1 1029.9 1171.7 1155.4 1359.4 1270.1 1214.8 1381.3 1228.5 1205.2 951.6 922.5 734.8 923.0 1324.2 1360.2 1430.9 1362.2 1404.0 -999.0 -999.0 -999.0 -999.0 -999.0 -999.0 -999.0 -999.0 -999.0 -999.0 -999.0 -999.0 -999.0 -999.0 -999.0 -999.0 -999.0
-999.0 1149.2 1221.4 1366.7 1704.5 -999.0 -999.0 -999.0 -999.0 -999.0 -999.0 -999.0 -999.0 -999.0 1262.3 1598.4 1437.0 1245.1 1111.2 1130.3 1224.0 1223.0 1181.8 1349.5 1215.6 947.4 936.1 1020.9 999.7 1093.4 1205.0 657.4 1043.9 998.6 1036.0 1018.1 1089.1 1212.3 1386.4 1158.5 1225.2 1248.9 1278.1 1201.5 1012.8 895.1 998.1 917.9 971.1 1308.6 1467.9 1461.8 1289.3 1486.1 -999.0 -999.0 -999.0 -999.0 -999.0 -999.0 -999.0 -999.0 -999.0 -999.0 -999.0 -999.0 -999.0 -999.0 -999.0 -999.0 -999.0
