GDD/GrowingDegreeDays_2009_Actual.txt
ncols         180
nrows         290
xllcorner     -200000
yllcorner     -200000
cellsize      5000
NODATA_value    -999
[rows 128 to 159 of 290, columns 71 to 141 of 180]
-999.0 1430.5 1795.8 1835.8 -999.0 -999.0 -999.0 -999.0 -999.0 -999.0 -999.0 -999.0 -999.0 1650.1 1506.1 1714.4 1475.4 1270.8 1381.5 1105.4 905.1 1014.0 882.3 1043.2 1220.6 1334.2 1279.4 1029.5 1105.2 1181.9 1451.1 1188.9 848.7 1114.1 952.5 1189.3 1213.8 1451.8 1429.1 1284.7 1344.8 1322.5 1202.6 1057.4 954.4 1035.8 1214.9 1344.5 1386.6 1522.0 1371.6 1357.6 1517.7 1652.5 -999.0 -999.0 -999.0 -999.0 -999.0 -999.0 -999.0 -999.0 -999.0 -999.0 -999.0 -999.0 -999.0 -999.0 -999.0 -999.0 -999.0
-999.0 -999.0 -999.0 -999.0 -999.0 -999.0 -999.0 -999.0 -999.0 -999.0 -999.0 -999.0 -999.0 1698.0 1767.4 1354.8 1456.7 1228.3 1364.3 1044.3 1025.7 818.4 892.5 932.2 1079.3 1149.8 1379.4 758.1 840.4 1205.2 1493.7 1172.2 955.5 1200.2 1154.4 1012.8 1296.7 1122.6 1051.0 1217.4 1046.7 1042.3 836.8 1228.6 1251.1 1193.9 1191.6 1201.2 1440.8 1639.8 1547.9 1578.4 1632.5 1730.4 1804.8 -999.0 -999.0 -999.0 -999.0 -999.0 -999.0 -999.0 -999.0 -999.0 -999.0 -999.0 -999.0 -999.0 -999.0 -999.0 -999.0
-999.0 -999.0 -999.0 -999.0 -999.0 -999.0 -999.0 -999.0 -999.0 -999.0 -999.0 -999.0 1937.8 1479.0 1297.5 1313.8 1211.3 1199.1 1289.4 1349.5 973.5 986.7 895.3 976.2 1022.6 1303.4 1573.6 1251.9 1143.9 1180.7 1444.7 1452.7 1242.6 1219.6 1217.6 1168.3 922.8 1262.6 1310.7 1262.0 1278.4 836.6 1054.8 941.3 1079.0 1355.7 1311.8 1255.9 1239.2 1222.9 1576.5 1672.7 1700.3 1735.5 1830.8 -999.0 -999.0 -999.0 -999.0 -999.0 -999.0 -999.0 -999.0 -999.0 -999.0 -999.0 -999.0 -999.0 -999.0 -999.0 -999.0
-999.0 -999.0 -999.0 -999.0 -999.0 -999.0 -999.0 -999.0 -999.0 -999.0 -999.0 -999.0 1588.1 1447.3 1397.4 994.0 1056.5 1241.5 1278.7 968.6 1304.1 1188.1 1019.9 1174.9 1178.2 1488.8 1650.9 1440.0 1349.2 1133.3 1532.9 1490.4 1453.4 1347.7 1457.7 1065.1 1447.5 1094.1 1229.8 1424.3 855.1 1298.6 1165.2 1119.0 1252.0 1208.7 1433.5 1411.5 1200.7 1271.5 1491.8 1515.8 1609.6 1717.0 1792.8 -999.0 -999.0 -999.0 -999.0 -999.0 -999.0 -999.0 -999.0 -999.0 -999.0 -999.0 -999.0 -999.0 -999.0 -999.0 -999.0
-999.0 -999.0 -999.0 -999.0 -999.0 -999.0 -999.0 -999.0 -999.0 -999.0 -999.0 1572.6 1581.2 1521.9 1193.9 1283.0 1240.4 714.5 1061.4 1071.4 1311.4 1197.8 1188.0 1330.6 1192.8 1266.0 1481.6 1356.5 1425.3 1616.0 1673.1 1566.8 1358.2 1349.5 1115.3 1314.6 1488.7 1096.9 1376.7 1317.8 901.4 1242.3 1362.0 1461.5 1325.2 1211.9 1288.4 1256.9 1248.9 1413.1 1483.7 1578.3 1693.6 1714.7 1779.2 -999.0 -999.0 -999.0 -999.0 -999.0 -999.0 -999.0 -999.0 -999.0 -999.0 -999.0 -999.0 -999.0 -999.0 -999.0 -999.0
-999.0 -999.0 -999.0 -999.0 -999.0 -999.0 -999.0 -999.0 -999.0 -999.0 1793.5 1542.4 1346.1 1549.3 1439.0 1323.6 1374.1 1131.5 1259.3 796.2 1410.7 1462.5 1354.7 1305.3 1293.7 1282.5 1481.7 1647.6 1751.3 1496.7 1690.5 1688.8 1464.9 1410.6 1420.3 1429.2 1561.1 1335.8 1542.6 1361.4 994.1 1096.1 1094.0 1213.4 1294.2 1404.2 1452.7 1260.9 1349.6 1423.3 1469.9 1556.4 1616.4 1736.2 1788.8 1855.2 -999.0 -999.0 -999.0 -999.0 -999.0 -999.0 -999.0 -999.0 -999.0 -999.0 -999.0 -999.0 -999.0 -999.0 -999.0
-999.0 -999.0 -999.0 -999.0 -999.0 -999.0 -999.0 -999.0 -999.0 -999.0 1455.5 1045.0 1287.7 1385.3 1476.9 1491.0 1576.7 820.1 1078.3 1270.8 1313.7 1521.7 1501.2 1397.9 1450.4 1110.1 1581.1 1740.5 1769.6 1774.1 1479.4 1699.4 1457.2 1521.5 1477.3 1545.1 1545.9 1548.2 1354.9 1490.8 1251.9 1174.1 1235.9 1169.3 1346.5 1481.9 1531.8 1400.5 1466.0 1367.3 1471.2 1611.5 1739.1 1697.7 1742.8 1824.2 -999.0 -999.0 -999.0 -999.0 -999.0 -999.0 -999.0 -999.0 -999.0 -999.0 -999.0 -999.0 -999.0 -999.0 -999.0
-999.0 -999.0 -999.0 -999.0 -999.0 -999.0 -999.0 -999.0 1761.6 1650.1 1310.5 1301.6 1322.6 1293.7 1480.5 1470.9 1624.1 1165.3 1251.3 1225.6 1360.5 1396.4 1607.3 1419.6 1388.8 1491.6 1540.1 1600.9 1835.4 1806.8 1649.5 1671.0 1666.7 1631.7 1601.9 1670.3 1684.2 1549.7 1564.9 1564.2 1209.7 1271.4 1292.6 1306.1 1225.7 1410.2 1486.1 1656.3 1546.3 1496.4 1551.0 1627.5 1743.6 1744.4 1744.6 1781.0 -999.0 -999.0 -999.0 -999.0 -999.0 -999.0 -999.0 -999.0 -999.0 -999.0 -999.0 -999.0 -999.0 -999.0 -999.0
-999.0 -999.0 -999.0 -999.0 -999.0 -999.0 -999.0 -999.0 1656.4 1578.3 1625.2 1335.2 1381.9 1299.5 1507.5 1618.5 1676.1 1621.1 1470.7 1065.5 1328.2 1421.0 1620.5 1644.5 1595.5 1618.6 1638.1 1599.0 1762.2 1673.7 1793.3 1769.7 1766.9 1745.2 1761.9 1771.2 1797.3 1753.9 1616.2 1602.7 1610.0 1459.9 1400.7 1413.1 1443.5 1505.4 1781.7 1627.1 1360.1 1454.8 1618.8 1653.8 1730.6 1745.1 1821.7 1809.1 1872.5 -999.0 -999.0 -999.0 -999.0 -999.0 -999.0 -999.0 -999.0 -999.0 -999.0 -999.0 -999.0 -999.0 -999.0
-999.0 -999.0 -999.0 -999.0 -999.0 -999.0 -999.0 -999.0 1648.2 1569.2 1697.7 1417.2 1560.3 1475.1 1570.8 1653.5 1648.9 1734.2 1382.0 1363.7 1423.1 1282.0 1577.9 1651.0 1598.7 1675.4 1537.1 1239.2 1649.8 -999.0 -999.0 -999.0 1810.3 1781.1 -999.0 1832.1 1828.5 1794.2 1779.8 1746.4 1560.4 1365.3 1481.2 1495.8 1427.8 1554.9 1463.4 1452.9 1609.9 1715.0 1768.6 1780.6 1728.1 1963.1 1952.3 1898.3 1868.8 -999.0 -999.0 -999.0 -999.0 -999.0 -999.0 -999.0 -999.0 -999.0 -999.0 -999.0 -999.0 -999.0 -999.0
1833.6 -999.0 -999.0 -999.0 -999.0 -999.0 -999.0 -999.0 1843.8 1489.0 1635.8 1644.1 1607.9 1559.5 1566.2 1599.7 1703.0 1737.0 1698.8 1235.4 1436.5 1335.9 1577.9 1626.0 1444.1 1714.5 1659.7 1667.6 1729.8 -999.0 -999.0 -999.0 1814.0 1799.6 1778.4 1795.2 1841.4 1828.0 1830.0 1608.6 1305.8 1184.2 1386.0 1136.6 1426.5 1489.4 1268.0 1515.1 1452.9 1470.8 1562.0 1815.5 1723.1 1612.0 1803.3 1831.0 1887.0 -999.0 -999.0 -999.0 -999.0 -999.0 -999.0 -999.0 -999.0 -999.0 -999.0 -999.0 -999.0 -999.0 -999.0
1618.9 1701.4 -999.0 -999.0 -999.0 -999.0 -999.0 -999.0 -999.0 1678.2 1534.0 1685.4 -999.0 1662.4 1599.0 1615.0 1632.4 1735.6 -999.0 1699.3 1754.9 1552.7 1649.0 1572.6 1562.9 1751.6 1763.0 -999.0 -999.0 -999.0 -999.0 1795.9 1779.4 1771.9 1783.1 1748.3 1744.7 1787.3 1722.1 1610.1 1241.5 868.9 1403.1 1008.4 1315.4 1183.7 1116.9 1382.1 1275.2 1452.5 1635.0 1531.1 1538.2 1657.3 1840.9 1771.7 1737.5 1944.4 -999.0 -999.0 -999.0 -999.0 -999.0 -999.0 -999.0 -999.0 -999.0 -999.0 -999.0 -999.0 -999.0
1486.7 -999.0 -999.0 -999.0 -999.0 -999.0 -999.0 -999.0 -999.0 -999.0 1686.6 -999.0 -999.0 -999.0 1778.2 1623.1 1611.1 1649.6 1736.1 -999.0 -999.0 1682.9 1772.1 1583.1 1519.8 -999.0 -999.0 -999.0 -999.0 -999.0 1834.3 1703.7 1718.2 1721.5 1736.2 1669.3 1718.1 1632.8 1543.0 1642.4 1419.0 1095.8 908.0 1129.5 970.5 942.4 961.5 1214.0 1198.9 1192.2 1323.5 1549.6 1590.5 1579.4 1808.5 1746.4 1665.5 1759.7 -999.0 -999.0 -999.0 -999.0 -999.0 -999.0 -999.0 -999.0 -999.0 -999.0 -999.0 -999.0 -999.0
-999.0 -999.0 -999.0 -999.0 -999.0 -999.0 -999.0 -999.0 -999.0 -999.0 1796.3 1797.9 -999.0 -999.0 -999.0 1766.4 1551.7 1548.1 1645.9 -999.0 -999.0 -999.0 -999.0 1822.5 -999.0 -999.0 -999.0 -999.0 -999.0 -999.0 1836.3 1736.3 1709.2 1584.5 1472.6 1469.0 1579.4 1579.6 1630.8 1602.9 1515.7 1185.3 943.2 1181.5 787.0 890.6 877.2 1161.7 1157.6 1039.2 1286.5 1477.6 1584.8 1745.4 1814.2 1700.7 1619.0 1717.3 -999.0 -999.0 -999.0 -999.0 -999.0 -999.0 -999.0 -999.0 -999.0 -999.0 -999.0 -999.0 -999.0
1907.8 1931.8 1901.3 -999.0 -999.0 -999.0 -999.0 -999.0 -999.0 -999.0 -999.0 1648.0 -999.0 -999.0 -999.0 -999.0 1735.0 1591.6 1691.3 -999.0 -999.0 -999.0 -999.0 -999.0 -999.0 -999.0 -999.0 -999.0 -999.0 1855.8 1746.8 1572.5 1463.3 1427.5 1313.7 1342.1 1437.9 1462.1 1564.2 1506.2 1513.9 1316.5 739.3 678.2 737.0 852.9 1183.3 1344.9 1294.8 1416.7 1604.6 1427.5 1445.9 1729.7 1740.2 1647.9 1602.4 1702.4 1881.6 -999.0 -999.0 -999.0 -999.0 -999.0 -999.0 -999.0 -999.0 -999.0 -999.0 -999.0 -999.0
1636.7 1665.7 1771.5 1846.3 -999.0 -999.0 -999.0 -999.0 -999.0 -999.0 -999.0 1542.7 -999.0 -999.0 -999.0 -999.0 -999.0 -999.0 -999.0 -999.0 -999.0 -999.0 -999.0 -999.0 -999.0 -999.0 -999.0 -999.0 -999.0 1734.6 1663.5 1630.5 1591.6 1666.5 1072.3 1267.7 1372.1 1225.5 1490.1 1364.9 1666.2 1479.1 882.0 595.2 818.0 1023.7 767.5 749.7 906.8 1119.7 1269.2 1676.5 1619.7 1650.4 1564.5 1636.0 1674.6 1687.5 1839.3 2002.6 -999.0 -999.0 -999.0 -999.0 -999.0 -999.0 -999.0 -999.0 -999.0 -999.0 -999.0
1704.3 1760.2 1740.5 1800.4 -999.0 -999.0 -999.0 -999.0 -999.0 -999.0 -999.0 -999.0 -999.0 -999.0 -999.0 -999.0 -999.0 -999.0 -999.0 -999.0 -999.0 -999.0 -999.0 -999.0 -999.0 -999.0 -999.0 -999.0 1867.3 1728.5 1580.6 1659.4 1319.3 1784.5 729.2 782.9 1436.6 1354.0 1447.8 1545.5 1503.1 1600.2 1341.5 661.1 746.0 929.6 1049.6 1178.5 1045.5 1140.6 1290.6 1497.6 1628.7 1667.3 1698.6 1716.0 1668.7 1761.4 1946.8 2020.9 -999.0 -999.0 -999.0 -999.0 -999.0 -999.0 -999.0 -999.0 -999.0 -999.0 -999.0
1767.0 1832.4 1836.5 1789.7 -999.0 -999.0 -999.0 -999.0 -999.0 -999.0 -999.0 -999.0 -999.0 -999.0 -999.0 -999.0 -999.0 -999.0 -999.0 -999.0 -999.0 -999.0 -999.0 -999.0 -999.0 -999.0 -999.0 -999.0 1838.5 1549.1 1613.0 1411.5 829.4 1390.8 1671.6 1192.7 1101.2 1278.6 1321.8 1441.7 1501.6 1580.6 1512.4 1354.1 712.5 897.5 984.7 1183.0 1246.6 1309.2 1528.6 1572.4 1604.0 1559.3 1726.2 1642.6 1723.2 1759.4 1912.6 2021.5 2030.2 2009.5 2022.5 -999.0 -999.0 -999.0 -999.0 -999.0 -999.0 -999.0 -999.0
1699.6 1865.0 -999.0 1793.0 1846.3 -999.0 -999.0 -999.0 -999.0 -999.0 -999.0 -999.0 -999.0 -999.0 -999.0 -999.0 -999.0 -999.0 -999.0 -999.0 -999.0 -999.0 -999.0 -999.0 -999.0 -999.0 -999.0 -999.0 1781.8 1557.3 1461.2 1129.1 1502.7 1402.1 1278.6 1006.3 1261.8 1363.6 1007.4 1491.5 1304.6 1512.6 1579.3 1586.9 1266.9 1030.6 1053.6 1158.3 1249.1 1476.4 1503.1 1591.5 1687.6 1765.9 1756.0 1764.1 1729.5 1808.8 1888.6 1942.9 1654.8 1802.7 1742.8 1755.6 1864.4 -999.0 -999.0 -999.0 -999.0 -999.0 -999.0
1659.9 1768.1 1798.8 1772.8 -999.0 -999.0 -999.0 -999.0 -999.0 -999.0 -999.0 -999.0 -999.0 -999.0 -999.0 -999.0 -999.0 -999.0 -999.0 -999.0 -999.0 -999.0 -999.0 -999.0 -999.0 -999.0 -999.0 -999.0 1780.3 1540.6 1328.4 884.8 763.2 1041.7 1381.4 1304.7 1200.2 971.1 1365.0 1033.9 1226.9 1370.8 1440.9 1480.7 1567.6 1448.8 1061.6 1123.1 1240.5 1353.3 1464.6 1570.8 1637.2 1722.0 1803.3 1783.2 1791.7 1859.0 1869.8 1851.8 1724.1 1427.1 1490.2 1534.2 1522.8 1631.8 1914.0 -999.0 -999.0 -999.0 -999.0
1735.3 1777.5 1759.0 1730.6 -999.0 -999.0 -999.0 -999.0 -999.0 -999.0 -999.0 -999.0 -999.0 -999.0 -999.0 -999.0 -999.0 -999.0 -999.0 -999.0 -999.0 -999.0 -999.0 -999.0 -999.0 -999.0 -999.0 -999.0 1827.2 1707.1 1326.2 1100.3 1487.2 569.1 773.7 1378.8 1182.0 1375.7 987.5 928.9 1227.1 1389.0 1364.6 1321.7 1486.9 826.8 941.7 973.0 957.2 984.3 1120.5 1509.7 1479.6 1690.9 1779.8 1793.9 1811.4 1851.7 1895.3 1905.1 1798.9 1520.1 1629.0 1676.4 1608.3 1551.8 1847.0 1697.0 -999.0 -999.0 -999.0
1775.5 1760.4 1667.4 1781.9 -999.0 -999.0 -999.0 -999.0 -999.0 -999.0 -999.0 -999.0 -999.0 -999.0 -999.0 -999.0 1887.7 1873.3 1921.0 -999.0 -999.0 -999.0 -999.0 -999.0 -999.0 -999.0 -999.0 -999.0 -999.0 1867.5 1725.5 1580.7 1369.7 1297.8 1008.5 1580.5 1841.7 1289.1 1287.3 1308.5 1364.4 1205.1 1198.3 1304.2 1246.1 1008.7 1011.7 759.6 877.5 1103.9 1238.5 1269.8 1491.6 1678.3 1757.8 1801.3 1785.0 1851.4 1881.0 1419.6 1508.4 1177.4 1157.5 1286.1 1388.0 1663.9 1444.9 1582.6 1892.5 -999.0 -999.0
1850.6 1736.0 1780.4 -999.0 -999.0 -999.0 -999.0 -999.0 -999.0 -999.0 -999.0 -999.0 -999.0 -999.0 -999.0 -999.0 1832.2 1827.5 -999.0 -999.0 -999.0 -999.0 -999.0 -999.0 -999.0 -999.0 -999.0 -999.0 -999.0 -999.0 1792.1 1795.4 1375.5 1427.7 759.4 1415.6 1408.6 1500.9 1653.6 1633.2 1537.7 1535.6 798.9 1294.5 1189.4 794.8 1028.7 1341.2 1454.6 1074.2 1484.0 1293.3 1554.8 1722.4 1806.8 1808.8 1798.4 1737.4 1505.7 1394.3 1463.7 1478.2 1547.7 1457.0 1361.3 1432.6 1419.9 1597.5 1602.1 -999.0 -999.0
1754.1 1724.2 -999.0 -999.0 -999.0 -999.0 -999.0 -999.0 -999.0 -999.0 -999.0 -999.0 -999.0 -999.0 -999.0 1803.3 1407.6 1506.3 1823.3 -999.0 -999.0 -999.0 -999.0 -999.0 -999.0 -999.0 -999.0 -999.0 -999.0 -999.0 1809.8 1494.6 1358.1 1334.5 1498.4 1382.8 1593.0 1643.6 1682.0 1698.7 1481.4 1565.7 1603.9 822.3 1161.4 1221.6 950.6 1196.9 991.3 1278.7 1271.1 1494.4 1621.5 1727.8 1758.1 1823.5 1808.5 1652.5 1530.5 1603.9 1522.3 1450.4 1505.2 1450.3 1479.9 1491.8 1494.3 1704.5 1591.8 1927.1 -999.0
-999.0 -999.0 -999.0 -999.0 -999.0 -999.0 -999.0 -999.0 -999.0 -999.0 -999.0 -999.0 -999.0 -999.0 1883.8 1338.2 1166.1 1011.8 1830.9 -999.0 -999.0 -999.0 -999.0 -999.0 -999.0 -999.0 -999.0 -999.0 -999.0 -999.0 1832.5 1277.1 1408.9 1790.9 1588.9 1676.3 1616.0 1794.6 1790.6 1647.2 1499.2 1715.1 1036.5 1238.5 954.8 1205.3 837.8 1430.4 1308.1 1514.2 1342.3 1553.1 1592.7 1650.2 1804.4 1822.8 1813.2 1740.7 1464.6 1456.1 1531.6 1671.2 1642.5 1646.2 1623.3 1608.2 1485.0 1517.0 1680.8 1751.4 -999.0
-999.0 -999.0 -999.0 -999.0 -999.0 -999.0 -999.0 -999.0 -999.0 -999.0 -999.0 -999.0 -999.0 1903.8 1765.2 987.0 1346.1 1571.5 -999.0 -999.0 -999.0 -999.0 -999.0 -999.0 -999.0 -999.0 -999.0 -999.0 -999.0 -999.0 -999.0 1807.4 1831.3 1847.7 1582.2 1801.4 1615.2 1823.6 1814.9 1749.3 1599.2 1732.9 1101.3 1049.0 892.9 926.1 865.5 948.2 967.6 1107.9 1249.3 1306.0 1417.3 1691.6 1779.3 1788.1 1733.2 1713.9 1701.0 1364.5 1550.5 1828.1 1846.2 1784.4 1811.2 1805.5 1814.6 1810.9 1887.0 1899.4 1851.0
-999.0 -999.0 -999.0 -999.0 -999.0 -999.0 -999.0 -999.0 -999.0 -999.0 -999.0 -999.0 -999.0 1610.8 1310.4 1648.5 1727.2 1856.0 -999.0 -999.0 -999.0 -999.0 -999.0 -999.0 -999.0 -999.0 -999.0 -999.0 -999.0 -999.0 -999.0 -999.0 1908.1 1749.3 1795.1 1828.4 1722.5 1840.3 1844.8 1788.4 1591.9 1733.1 1130.8 1181.2 1210.3 964.7 1049.4 1151.2 840.5 875.9 1232.8 1169.9 1363.7 1476.4 1710.1 1756.8 1726.3 1734.3 1762.5 1775.4 1815.2 1903.7 1865.9 1811.7 1784.0 1810.1 1848.5 1864.8 1868.6 1584.6 1610.4
-999.0 -999.0 -999.0 -999.0 -999.0 -999.0 -999.0 -999.0 -999.0 -999.0 -999.0 -999.0 -999.0 1624.8 1711.2 1669.3 1879.2 -999.0 -999.0 -999.0 -999.0 -999.0 -999.0 -999.0 -999.0 -999.0 -999.0 -999.0 -999.0 -999.0 -999.0 -999.0 1936.3 1770.4 1768.9 -999.0 1858.4 -999.0 1941.5 1876.8 1773.5 1788.3 1705.4 1159.3 1217.2 1183.5 875.3 1451.1 1385.1 923.5 1101.3 1225.9 1338.6 1524.5 1679.0 1754.8 1774.6 1813.3 1818.2 1842.4 1807.3 1721.0 1814.5 1715.0 1769.5 1852.7 1799.8 1684.7 1727.9 1774.7 1770.4
-999.0 -999.0 -999.0 -999.0 -999.0 -999.0 -999.0 -999.0 -999.0 -999.0 -999.0 -999.0 1917.2 1945.1 1947.3 -999.0 -999.0 -999.0 -999.0 -999.0 -999.0 -999.0 -999.0 -999.0 -999.0 -999.0 -999.0 -999.0 -999.0 -999.0 -999.0 -999.0 1950.3 1909.9 1896.0 -999.0 -999.0 -999.0 1976.2 1707.1 1854.1 1713.8 1561.0 1628.5 1592.1 1450.1 1088.3 1072.8 1501.4 1129.5 1029.6 1311.3 1268.0 1440.6 1587.0 1803.7 1812.3 1852.3 1880.1 1880.5 1862.3 1835.8 1828.8 1765.5 1856.9 1809.0 1720.0 1651.7 1627.0 1641.5 1709.0
-999.0 -999.0 -999.0 -999.0 -999.0 -999.0 -999.0 -999.0 -999.0 -999.0 -999.0 -999.0 -999.0 -999.0 -999.0 -999.0 -999.0 -999.0 -999.0 -999.0 -999.0 -999.0 -999.0 -999.0 -999.0 -999.0 -999.0 -999.0 -999.0 -999.0 -999.0 -999.0 -999.0 -999.0 -999.0 -999.0 -999.0 1993.8 1951.2 1756.5 1476.0 1369.4 1353.3 1346.7 1470.7 1453.1 1202.6 1229.6 1371.7 1561.8 1304.9 1215.9 1402.1 1512.0 1626.4 1734.5 1810.3 1829.3 1901.6 1919.2 1923.2 1926.0 1901.1 1906.3 1796.4 1533.5 1703.7 1658.7 1761.6 1758.2 1836.7
-999.0 -999.0 -999.0 -999.0 -999.0 -999.0 -999.0 -999.0 -999.0 -999.0 -999.0 -999.0 -999.0 -999.0 -999.0 -999.0 -999.0 -999.0 -999.0 -999.0 -999.0 -999.0 -999.0 -999.0 -999.0 -999.0 -999.0 -999.0 -999.0 -999.0 -999.0 -999.0 -999.0 -999.0 -999.0 -999.0 -999.0 1929.2 1827.8 1544.4 1237.3 1035.3 1195.9 1512.0 1403.9 1649.2 1537.4 1586.7 1437.2 1372.2 1338.8 1354.6 1425.9 1551.4 1620.1 1684.0 1819.3 1838.6 1910.8 1944.6 1983.3 1978.3 1937.6 1916.8 1847.9 1480.1 1580.4 1777.0 1841.8 1876.6 1880.4
-999.0 -999.0 -999.0 -999.0 -999.0 -999.0 -999.0 -999.0 -999.0 -999.0 -999.0 -999.0 -999.0 -999.0 -999.0 -999.0 -999.0 -999.0 -999.0 -999.0 -999.0 -999.0 -999.0 -999.0 -999.0 -999.0 -999.0 -999.0 -999.0 -999.0 -999.0 -999.0 -999.0 -999.0 -999.0 -999.0 -999.0 1882.3 1852.5 1716.0 1419.9 1310.3 1385.3 1518.6 1550.9 1602.0 1511.0 1600.6 1634.0 1594.3 1782.7 1392.5 1574.0 1489.9 1624.4 1678.7 1845.5 1891.5 1908.2 1947.2 2020.6 1976.1 1964.0 1918.1 1898.5 1711.0 1658.0 1770.2 1861.4 1891.7 1914.1
