GDD/GrowingDegreeDays_2006_Actual.txt
ncols         180
nrows         290
xllcorner     -200000
yllcorner     -200000
cellsize      5000
NODATA_value    -999
[rows 192 to 223 of 290, columns 71 to 141 of 180]
-999.0 -999.0 -999.0 -999.0 -999.0 -999.0 -999.0 -999.0 -999.0 -999.0 -999.0 -999.0 -999.0 -999.0 -999.0 -999.0 -999.0 -999.0 -999.0 -999.0 -999.0 2074.2 1716.6 1514.7 1387.3 1187.9 1330.3 1623.8 1869.2 2032.7 1911.7 1719.0 1581.1 1499.2 1795.2 2006.1 1967.9 1853.1 1867.1 2034.9 1785.0 1900.4 1933.3 2086.0 2036.3 2167.4 2238.9 2213.1 2133.2 2187.2 2241.8 2248.3 2238.4 2232.7 2156.4 2208.0 2248.8 2228.6 2171.3 2142.8 2123.7 2084.4 2151.1 2191.6 2101.3 2130.1 2157.4 2197.4 2193.6 2282.7 2278.1
-999.0 -999.0 -999.0 -999.0 -999.0 -999.0 -999.0 -999.0 -999.0 -999.0 -999.0 -999.0 -999.0 -999.0 -999.0 -999.0 -999.0 -999.0 -999.0 -999.0 2160.9 2140.6 1796.1 1507.9 1428.3 1505.3 1546.1 1708.6 1613.5 1257.3 1543.4 1565.8 1599.5 1835.6 1959.6 1899.5 1877.5 2006.5 2013.1 1952.0 1808.0 1850.5 1918.7 2090.6 2036.3 2217.0 2232.9 2133.5 2238.9 2118.6 2118.2 2188.3 2176.3 2219.9 2176.1 2249.5 2291.2 2244.8 2234.4 2238.7 2147.8 2167.6 2076.4 2148.7 2107.9 2197.9 2195.2 2208.1 2284.3 2310.2 2247.2
-999.0 -999.0 -999.0 -999.0 -999.0 -999.0 -999.0 -999.0 -999.0 -999.0 -999.0 -999.0 -999.0 -999.0 -999.0 -999.0 -999.0 -999.0 -999.0 -999.0 1882.6 1876.2 1835.3 1790.7 1633.0 1291.4 1343.2 1455.5 1595.1 1552.7 1464.0 1419.2 1437.0 1814.2 1700.1 1629.9 2005.8 1802.7 2110.4 2031.5 1848.3 1710.6 2032.9 2036.7 2201.8 2269.1 2238.4 2197.6 1952.8 2067.6 2083.6 2126.8 2149.5 2178.2 2174.4 2249.9 2272.3 2300.6 2292.5 2303.8 2265.8 2134.1 2088.4 2117.0 2091.1 2195.3 2266.2 2292.0 2335.4 2306.4 2258.9
-999.0 -999.0 -999.0 -999.0 -999.0 -999.0 -999.0 -999.0 -999.0 -999.0 -999.0 -999.0 -999.0 -999.0 -999.0 -999.0 -999.0 -999.0 -999.0 -999.0 1948.5 1890.6 2066.7 1880.7 1649.2 1279.5 1445.9 1424.9 1657.6 1514.9 1575.6 1727.2 1656.0 1637.8 1739.4 1901.9 2043.1 2018.1 1774.1 2094.3 2060.0 2026.4 2059.3 1989.4 2163.9 2311.9 2274.3 2184.4 2141.9 2163.6 2092.3 2121.4 2148.6 2154.8 2241.8 2265.6 2222.1 2289.0 2272.3 2317.2 2231.3 2111.9 2107.7 2210.5 2230.1 2181.6 2281.0 2275.2 2381.7 2303.4 2291.0
-999.0 -999.0 -999.0 -999.0 -999.0 -999.0 -999.0 -999.0 -999.0 -999.0 -999.0 -999.0 -999.0 -999.0 -999.0 -999.0 -999.0 -999.0 -999.0 2050.4 1844.7 1565.7 1698.6 1826.0 1536.4 1465.8 1338.0 1354.8 1827.5 1805.6 1849.3 1724.7 1614.6 1811.2 1863.2 1731.8 1906.1 2007.8 2053.9 2143.9 2182.2 2154.8 2097.7 2163.7 2233.7 2286.9 2314.1 2294.4 2227.6 2192.0 2245.7 2188.8 2209.0 2170.0 2246.3 2245.1 2252.0 2310.8 2324.5 2296.4 2168.1 2176.6 2187.3 2295.5 2257.6 2251.2 2276.8 2360.1 2316.4 2317.3 2312.2
-999.0 -999.0 -999.0 -999.0 -999.0 -999.0 -999.0 -999.0 -999.0 -999.0 -999.0 -999.0 -999.0 -999.0 -999.0 -999.0 -999.0 -999.0 1933.9 1862.1 1726.0 1820.8 1880.2 1551.9 1317.4 1308.0 1527.7 1456.4 1795.6 1684.1 1812.1 1874.3 1374.2 1791.4 1772.3 2003.3 1971.4 2086.7 2118.9 2109.3 2023.8 2144.7 1999.7 2204.6 2216.5 2378.6 2383.3 2324.2 2295.8 2286.9 2296.3 2248.8 2212.9 2213.2 2334.8 2276.4 2264.6 2243.4 2240.2 2221.4 2157.6 2223.9 2184.9 2290.6 2298.3 2366.4 2361.3 2264.7 2249.2 2314.4 2311.1
-999.0 -999.0 -999.0 -999.0 -999.0 -999.0 -999.0 -999.0 -999.0 -999.0 -999.0 -999.0 -999.0 -999.0 -999.0 -999.0 1912.2 1952.2 1981.2 2091.7 2040.5 1902.8 1816.5 1484.6 1376.1 1286.1 1256.8 1473.2 1641.0 1929.3 1739.7 1833.0 1519.8 1806.0 1952.4 2006.1 2106.2 2099.2 2183.6 2111.1 1993.8 2082.7 2086.3 2326.8 2343.5 2389.6 2377.1 2278.5 2284.8 2277.5 2331.3 2269.1 2238.4 2315.4 2342.9 2317.4 2186.7 2184.2 2122.7 2078.4 2128.5 2182.3 2255.2 2316.4 2277.6 2249.0 2280.6 2251.6 2343.9 2315.4 2318.4
-999.0 -999.0 -999.0 -999.0 -999.0 -999.0 -999.0 -999.0 -999.0 -999.0 -999.0 -999.0 2148.9 2136.3 2148.5 1776.7 1718.0 1669.8 1661.3 1887.6 1894.2 1914.1 1465.5 1572.6 1410.9 1420.6 1483.8 1768.5 1868.5 2009.8 1869.8 1935.8 1437.7 1626.5 1851.3 2080.3 2063.1 2116.0 1953.9 2198.2 2043.9 2048.0 2139.7 2279.0 2398.0 2429.6 2300.7 2315.8 2320.1 2223.3 2314.6 2289.0 2316.7 2309.5 2274.6 2207.8 2242.1 2147.6 2176.9 2139.9 2070.1 2098.4 2142.0 2204.3 2198.0 2219.7 2271.1 2314.4 2270.3 2382.2 2385.1
-999.0 -999.0 -999.0 -999.0 -999.0 -999.0 -999.0 -999.0 -999.0 -999.0 -999.0 1978.2 2085.3 1930.9 1948.1 1969.7 1762.1 1835.4 1765.2 1939.1 2033.7 1685.1 1596.4 1521.6 1874.7 1392.0 1647.1 1867.1 1491.6 1771.3 2073.2 1524.9 1735.9 1849.8 2218.9 2224.6 2168.0 1892.8 2169.9 2210.2 2186.7 2177.0 2106.3 2246.8 2303.0 2447.4 2363.7 2351.9 2330.3 2258.8 2284.5 2302.8 2316.9 2312.5 2215.7 2202.3 2026.9 2173.6 2198.3 2161.6 2098.7 2166.3 2189.6 2254.2 2273.9 2236.7 2274.3 2244.5 2323.1 2373.9 2364.5
-999.0 -999.0 -999.0 -999.0 -999.0 -999.0 -999.0 -999.0 -999.0 -999.0 1950.2 1964.8 2162.2 2124.9 2083.2 1969.8 2015.2 1918.5 1962.5 1914.5 1515.5 1752.8 1892.3 1544.1 2074.8 1720.2 1656.7 1405.2 1539.0 1552.5 1793.5 1846.0 1959.7 2228.1 1826.2 1877.9 2200.9 2152.9 2225.8 2293.9 2214.3 2247.0 2283.8 2228.9 2238.8 2446.9 2410.6 2386.5 2321.9 2337.4 2344.1 2330.6 2177.9 2343.0 2268.1 2164.0 2063.2 2100.0 2161.5 2132.1 2094.0 2125.1 2114.1 2194.2 2282.2 2299.2 2318.3 2239.9 2275.1 2345.5 2280.7
-999.0 -999.0 -999.0 -999.0 -999.0 -999.0 2155.1 1898.6 2044.1 1870.6 2070.1 2078.3 2016.3 2068.6 2074.0 1859.8 1944.9 1895.5 1896.7 1666.7 1693.5 1866.3 1806.0 1813.6 1928.3 1863.1 1539.4 1511.5 1702.8 1783.2 1662.3 1891.8 2186.6 1765.6 1685.7 1946.2 1936.3 2169.7 2185.1 2310.4 2286.6 2063.6 2284.8 2143.0 2346.9 2426.5 2409.4 2374.4 2169.7 2318.7 2285.6 1979.4 2284.0 2304.7 2240.4 2114.0 1969.9 2065.3 2105.4 2127.4 2178.4 2157.3 2176.5 2236.0 2292.8 2262.8 2295.7 2262.0 2235.7 2255.2 2287.4
-999.0 -999.0 -999.0 -999.0 -999.0 2109.1 1969.1 2000.5 1975.5 1734.1 1471.2 1623.8 1694.2 1940.3 1811.6 1658.7 1766.1 1804.2 1616.6 1808.3 1884.0 1683.7 1942.3 2100.9 1963.4 1879.3 1615.3 1663.9 1743.9 1836.1 1865.9 1963.2 1870.8 1194.6 1563.9 1913.9 2130.6 2085.4 2201.5 2087.2 2270.3 2213.5 2314.4 2342.2 2367.9 2372.2 2400.1 2403.9 2310.3 2273.8 1979.6 1978.0 2080.6 2199.4 2213.5 1922.7 1978.1 2022.4 2081.1 2181.1 2151.9 2180.2 2210.3 2285.3 2207.0 2232.7 2284.5 2146.3 2176.7 2287.8 2304.6
-999.0 -999.0 -999.0 2156.1 2042.7 2031.0 1945.7 2029.7 1960.8 1829.8 1811.5 1904.3 2019.8 1803.8 1910.2 1737.3 2028.0 1926.8 1700.6 1798.0 1983.5 1879.6 2144.5 2123.0 1765.0 1652.8 1735.0 1911.9 1786.6 2055.1 2111.1 2082.2 1680.2 1488.0 1503.3 2122.2 2051.2 2067.1 2079.9 2185.0 2351.0 2226.4 2284.7 2313.5 2383.0 2359.6 2430.4 2427.0 2291.3 2246.1 1988.0 2029.4 2099.8 2201.1 2119.6 1956.8 1980.1 2022.5 2122.4 2157.2 2196.4 2240.3 2271.7 2265.9 2225.8 2203.4 2231.1 2239.5 2247.6 2291.4 2225.2
-999.0 -999.0 -999.0 2178.4 -999.0 2183.1 2136.4 1994.9 2076.7 1989.7 2006.8 1948.3 2008.0 1966.2 1840.7 2000.4 1931.5 2109.6 2148.4 2144.5 2138.8 2135.4 1872.3 1945.6 1601.6 1078.9 1726.3 1721.6 1758.1 1447.5 1487.2 2184.9 2220.8 1359.5 1761.2 1987.6 1949.7 1875.0 2111.5 2312.3 2403.8 2202.1 2180.6 2316.6 2403.7 2430.5 2396.2 2421.4 2282.4 2015.6 1959.2 2095.9 2157.2 2184.4 2198.1 2173.4 2077.0 2154.2 2205.8 2258.3 2297.8 2317.9 2309.8 2208.1 2237.9 2273.9 2252.3 2299.4 2286.1 2223.9 2252.6
-999.0 -999.0 -999.0 -999.0 -999.0 -999.0 2020.0 2125.5 2137.4 2043.0 2119.6 2070.3 2070.6 2013.4 2088.4 2119.0 2034.4 2104.4 1987.6 2121.0 1863.2 2107.6 1807.2 1622.8 1580.4 1415.8 1324.9 1541.3 1404.6 1304.9 1808.5 1696.7 1885.5 2338.8 1826.6 1879.4 2214.6 2175.1 2341.1 2146.8 2203.6 1976.6 2086.9 2334.5 2378.2 2428.6 2474.4 2303.7 2013.1 2114.6 1948.1 2102.3 2149.6 2097.2 2206.9 2085.4 2226.6 2233.2 2308.9 2350.8 2352.8 2321.1 2306.9 2297.5 2332.9 2338.4 2338.1 2282.7 2192.9 2146.1 2230.0
-999.0 -999.0 -999.0 -999.0 -999.0 2155.6 2114.4 2102.7 2133.9 2164.7 2007.3 1922.4 1826.4 1938.1 2036.8 2083.9 2142.7 2088.1 1836.1 2149.7 1997.9 2264.7 2081.6 1994.7 2006.4 2045.4 1736.6 1789.4 1561.5 1551.8 1427.8 1675.5 1692.4 1863.5 1501.3 2067.5 2201.5 2251.2 2132.6 2183.8 1989.5 2092.4 2093.1 2371.6 2375.9 2366.6 2048.5 1983.1 2004.7 1964.6 2135.1 2097.5 2097.6 2138.8 2213.3 2223.4 2244.3 2320.3 2392.9 2420.1 2399.4 2302.9 2281.7 2255.2 2309.1 2358.2 2338.2 2243.7 2081.0 2251.6 2227.4
-999.0 -999.0 -999.0 -999.0 2256.9 2221.4 2153.1 2140.0 2179.3 2198.6 2192.3 2101.0 2154.5 2111.5 2149.2 2156.4 2130.1 2129.7 2132.5 1898.3 2229.9 1844.4 1947.0 1920.3 1765.8 1855.7 2011.5 1980.3 1780.5 1867.1 1711.2 1791.2 1979.8 1629.9 1669.6 2203.4 2069.3 2310.8 2280.6 2114.4 2067.6 2197.4 2247.7 2346.0 2364.8 2139.4 2205.9 2047.2 2069.9 2136.0 2108.5 2143.3 2193.6 2196.1 2273.6 2308.5 2323.5 2378.6 2307.1 2468.5 2354.7 2368.4 2345.0 2352.4 2346.9 2336.3 2251.3 2124.2 2163.5 2207.9 2238.3
-999.0 -999.0 -999.0 -999.0 -999.0 -999.0 2269.4 2230.7 2230.2 2187.2 2167.0 2128.2 -999.0 -999.0 -999.0 -999.0 2184.8 2154.5 2047.3 2272.2 2373.3 2222.1 2180.4 2147.2 2096.8 2336.1 1475.7 1447.7 1889.8 2004.1 2001.3 1849.6 1800.7 1710.7 2022.4 2153.1 2183.8 2332.5 2011.2 2192.8 2089.8 2355.3 2340.3 2343.1 2352.4 2068.7 2236.6 2101.0 2128.9 2215.7 2203.9 2222.7 2247.0 2292.2 2321.5 2336.6 2332.2 2369.3 2311.1 2428.9 2362.5 2317.7 2347.6 2324.2 2306.3 2191.1 2217.2 2182.3 2174.5 2211.4 2350.4
-999.0 -999.0 -999.0 -999.0 -999.0 -999.0 2271.6 2168.9 2092.0 2262.3 2119.6 2241.1 -999.0 -999.0 -999.0 -999.0 -999.0 -999.0 -999.0 2406.0 2413.3 2342.7 2453.4 2332.6 2119.7 1784.4 1595.1 1425.0 1528.0 1727.2 1891.9 1889.7 2058.7 1883.4 1898.5 2234.0 2321.5 2000.4 2053.4 2062.5 2388.9 2405.4 2347.0 2364.1 2206.4 2120.5 2148.7 2150.0 2212.3 2248.5 2265.6 2279.4 2282.8 2284.8 2302.8 2244.3 2312.7 2353.2 2395.7 2410.7 2350.7 2319.0 2320.5 2197.5 2195.3 2302.1 2180.0 2195.6 2257.9 2309.6 2377.8
-999.0 -999.0 -999.0 -999.0 -999.0 -999.0 -999.0 -999.0 2248.2 -999.0 -999.0 -999.0 -999.0 -999.0 -999.0 -999.0 -999.0 2196.8 2232.9 2272.5 2217.1 2343.9 2448.2 2467.8 2294.9 2043.0 1724.8 1622.1 1705.7 2082.9 2101.1 1751.9 1952.4 2046.5 2242.7 2353.8 2410.1 2169.3 2239.5 2284.2 2410.3 2405.7 2325.3 2361.4 2064.4 2034.9 2161.6 2173.4 2242.6 2258.9 2267.8 2295.7 2242.6 2275.7 2248.8 2312.8 2335.4 2364.9 2378.1 2375.3 2281.5 2245.6 2187.1 2092.5 2226.9 2203.3 2379.3 2277.4 2322.4 2392.7 2377.2
-999.0 -999.0 -999.0 -999.0 -999.0 -999.0 -999.0 -999.0 -999.0 -999.0 -999.0 -999.0 -999.0 -999.0 -999.0 -999.0 -999.0 2191.3 2197.4 2387.0 2310.1 2308.4 -999.0 -999.0 2532.5 2023.6 2235.1 2043.4 2094.3 2082.8 2016.8 1916.7 2246.7 2314.1 2302.1 2369.7 2373.6 2362.6 2388.0 2411.7 2411.1 2292.7 2320.9 2261.9 2056.6 2165.7 2215.4 2247.9 2253.6 2210.6 2234.1 2276.6 2259.0 2285.5 2249.3 2199.2 2195.3 2268.2 2236.4 2337.5 2335.8 2255.3 2047.8 2242.3 2256.0 2329.3 2469.7 2341.0 2381.8 2445.7 2497.8
-999.0 -999.0 -999.0 -999.0 -999.0 -999.0 -999.0 -999.0 -999.0 -999.0 -999.0 -999.0 -999.0 -999.0 -999.0 -999.0 -999.0 -999.0 -999.0 -999.0 -999.0 -999.0 -999.0 -999.0 2497.7 2399.4 2166.0 2162.2 2299.0 2310.1 2283.6 2224.1 2313.1 2376.6 2361.9 2354.2 2367.3 2385.8 -999.0 2462.1 2439.8 2360.8 2346.1 2255.6 2086.4 2176.1 2190.1 2248.8 2322.2 2311.3 2220.4 2280.1 2248.6 2120.0 2057.5 2065.4 2034.3 2021.6 2160.2 2209.2 2240.4 2256.1 2182.4 2313.8 2327.8 2340.6 2411.7 2436.5 2465.8 2459.0 2483.8
-999.0 -999.0 -999.0 -999.0 -999.0 -999.0 -999.0 -999.0 -999.0 -999.0 -999.0 -999.0 -999.0 -999.0 -999.0 -999.0 -999.0 -999.0 -999.0 -999.0 -999.0 -999.0 -999.0 -999.0 -999.0 2417.6 2345.9 2293.5 2241.9 2217.8 2348.9 2364.4 2362.7 2405.3 -999.0 -999.0 -999.0 -999.0 2418.5 2474.3 2396.0 2385.1 2358.4 2261.8 2091.9 2177.3 2150.8 2211.1 2338.0 2231.8 2228.2 2100.6 2154.9 1972.4 2058.1 2036.0 2094.7 2093.5 2127.7 2222.8 2183.3 2396.2 2386.1 2373.5 2477.4 2430.6 2465.8 2485.1 2498.1 2571.6 2647.2
-999.0 -999.0 -999.0 -999.0 -999.0 -999.0 -999.0 -999.0 -999.0 -999.0 -999.0 -999.0 -999.0 -999.0 -999.0 -999.0 -999.0 -999.0 -999.0 -999.0 -999.0 -999.0 -999.0 -999.0 -999.0 -999.0 2399.8 2190.9 2229.6 2295.8 2244.1 2310.1 2358.1 -999.0 -999.0 -999.0 -999.0 2320.5 2245.9 2194.0 2424.0 2422.9 2396.8 2169.4 2089.7 2121.1 2141.1 2215.0 2233.4 2257.9 2104.7 1963.8 2036.4 2029.4 2102.5 2092.6 2125.1 2237.9 2212.6 2241.6 2316.3 2367.6 2426.1 2559.0 2486.4 2429.7 2431.1 2399.0 2391.2 2544.9 2598.1
-999.0 -999.0 -999.0 -999.0 -999.0 -999.0 -999.0 -999.0 -999.0 -999.0 -999.0 -999.0 -999.0 -999.0 -999.0 -999.0 -999.0 -999.0 -999.0 -999.0 -999.0 -999.0 -999.0 -999.0 -999.0 -999.0 -999.0 2363.8 2295.8 2346.0 2259.6 2360.4 2336.7 -999.0 -999.0 -999.0 2396.2 2407.2 2348.7 2187.0 2240.1 2301.0 2413.1 2260.5 2332.2 2164.3 2160.0 2259.6 2143.7 2063.1 2067.9 2091.6 2007.9 2088.1 2146.6 2185.1 2250.6 2270.7 2281.4 2279.2 2268.5 2344.7 2433.6 2440.2 2372.8 2337.9 2384.3 2387.6 2394.9 2455.2 2525.2
-999.0 -999.0 -999.0 -999.0 -999.0 -999.0 -999.0 -999.0 -999.0 -999.0 -999.0 -999.0 -999.0 -999.0 -999.0 -999.0 -999.0 -999.0 -999.0 -999.0 -999.0 -999.0 -999.0 -999.0 -999.0 -999.0 -999.0 -999.0 -999.0 -999.0 -999.0 -999.0 -999.0 -999.0 -999.0 2320.1 2413.4 2439.5 2399.2 2189.0 2346.5 2296.6 2229.2 2244.1 2266.1 2240.8 2338.2 2309.5 2259.8 2159.4 2169.3 2145.1 2124.7 2093.1 2120.3 2155.6 2044.0 2194.4 2177.5 2239.7 2229.6 2271.0 2362.5 2349.1 2325.3 2306.2 2285.1 2373.7 2415.5 2434.6 2456.0
-999.0 -999.0 -999.0 -999.0 -999.0 -999.0 -999.0 -999.0 -999.0 -999.0 -999.0 -999.0 -999.0 -999.0 -999.0 -999.0 -999.0 -999.0 -999.0 -999.0 -999.0 -999.0 -999.0 -999.0 -999.0 -999.0 -999.0 -999.0 -999.0 -999.0 -999.0 -999.0 -999.0 -999.0 -999.0 2468.6 2311.4 2341.1 1870.3 2007.7 2313.4 2259.7 2214.3 2204.3 2184.4 2315.7 2346.5 2316.4 2285.9 2172.6 2203.0 2245.6 2092.1 2067.3 1965.3 2102.8 2087.1 1982.7 2128.0 2189.6 2241.0 2311.9 2333.8 2342.3 2339.5 2339.4 2374.8 2327.9 2352.3 2421.4 2421.6
-999.0 -999.0 -999.0 -999.0 -999.0 -999.0 -999.0 -999.0 -999.0 -999.0 -999.0 -999.0 -999.0 -999.0 -999.0 -999.0 -999.0 -999.0 -999.0 -999.0 -999.0 -999.0 -999.0 -999.0 -999.0 -999.0 -999.0 -999.0 -999.0 -999.0 -999.0 -999.0 -999.0 -999.0 -999.0 2445.3 2445.7 2421.6 2196.1 1891.3 2011.5 2108.0 2207.7 2115.1 2253.4 2266.3 2315.0 2135.6 2089.4 2032.1 2097.2 2182.6 2156.1 2156.1 2136.4 2105.1 2100.5 2171.9 2175.1 2191.5 2219.3 2280.7 2321.1 2337.8 2334.4 2313.2 2355.8 2315.3 2330.4 2368.0 2315.9
-999.0 -999.0 -999.0 -999.0 -999.0 -999.0 -999.0 -999.0 -999.0 -999.0 -999.0 -999.0 -999.0 -999.0 -999.0 -999.0 -999.0 -999.0 2505.3 2366.3 2436.8 1735.1 1701.4 1722.3 1772.7 1670.4 2491.6 2011.8 2491.5 -999.0 -999.0 -999.0 -999.0 -999.0 -999.0 2439.7 2428.1 2371.8 2407.6 2265.0 2083.2 1992.7 2070.7 2167.6 2219.7 2215.0 2153.0 2040.7 2100.5 2169.4 2181.6 2214.1 2162.1 2180.8 2235.0 2274.6 2283.9 2227.7 2257.5 2187.4 2150.7 2090.2 2212.6 2280.2 2223.4 2199.2 2290.4 2230.6 2293.0 2349.2 2265.2
-999.0 -999.0 -999.0 -999.0 -999.0 -999.0 -999.0 -999.0 -999.0 -999.0 -999.0 -999.0 -999.0 -999.0 -999.0 -999.0 -999.0 -999.0 2185.6 2089.9 1904.2 1843.1 1567.2 1458.3 1567.5 1624.8 1730.0 2099.5 2291.7 2408.6 2312.6 2094.8 2295.4 2391.5 2464.0 2454.6 2443.9 2426.3 2409.9 2390.8 2323.4 2100.8 2092.7 2160.9 2238.5 1988.5 2124.6 2215.7 2171.5 2136.8 2225.7 2248.9 2252.8 2238.9 2236.2 2266.0 2260.2 2343.3 2297.0 2214.3 2186.3 2192.1 2135.2 2111.5 2175.7 2179.2 2298.8 2352.7 2271.3 2354.8 2013.6
-999.0 -999.0 -999.0 -999.0 -999.0 -999.0 -999.0 -999.0 -999.0 -999.0 -999.0 -999.0 -999.0 -999.0 -999.0 -999.0 -999.0 2582.9 2457.9 2240.7 2160.7 2016.2 1692.3 1508.4 1572.0 1722.2 1779.9 1853.9 2041.7 2139.3 2209.1 2154.3 2063.4 2352.9 2412.4 2458.0 2418.0 2293.1 2395.3 2367.6 2208.2 2168.7 2177.6 2161.2 1960.2 2137.5 2021.8 2081.2 2159.5 2261.8 2243.9 2301.6 2245.9 2169.9 2264.3 2224.4 2313.4 2280.5 2290.7 2251.2 2226.9 2107.5 2049.0 2225.4 2251.1 2250.9 2103.2 2272.4 2333.3 2315.9 2310.9
-999.0 -999.0 -999.0 -999.0 -999.0 -999.0 -999.0 -999.0 -999.0 -999.0 -999.0 -999.0 -999.0 -999.0 -999.0 -999.0 -999.0 -999.0 2432.9 2408.2 2371.0 2031.0 1943.8 1852.0 1615.3 1787.9 1926.6 2133.1 1990.1 1781.1 1966.4 2196.9 2224.1 2093.3 2302.3 2451.0 2424.9 2407.1 2309.4 2269.9 2313.6 2274.9 2220.7 2184.8 2071.7 2185.8 2046.6 2140.1 2155.6 2200.3 2208.2 2273.2 2195.0 2167.6 2201.8 2334.1 2342.4 2284.1 2392.1 2354.7 2330.2 2214.2 2113.8 2135.6 2294.0 2307.6 2238.9 2246.4 2306.9 2375.5 2381.7
