GDD/GrowingDegreeDays_1972_Actual.txt
ncols         180
nrows         290
xllcorner     -200000
yllcorner     -200000
cellsize      5000
NODATA_value    -999
[rows 128 to 159 of 290, columns 72 to 143 of 180]
1090.4 1391.5 1437.0 -999.0 -999.0 -999.0 -999.0 -999.0 -999.0 -999.0 -999.0 -999.0 1278.5 1144.3 1300.7 1107.2 946.3 1033.0 822.5 669.5 756.4 653.9 784.3 929.2 1030.0 1000.6 799.2 848.2 913.8 1127.4 895.6 612.9 813.2 686.2 869.8 891.0 1076.1 1062.7 962.1 1025.7 997.1 889.6 768.3 679.9 734.4 869.8 967.3 998.0 1099.6 986.6 973.2 1084.3 1183.3 -999.0 -999.0 -999.0 -999.0 -999.0 -999.0 -999.0 -999.0 -999.0 -999.0 -999.0 -999.0 -999.0 -999.0 -999.0 -999.0 -999.0 -999.0 -999.0
-999.0 -999.0 -999.0 -999.0 -999.0 -999.0 -999.0 -999.0 -999.0 -999.0 -999.0 -999.0 1312.1 1357.4 1022.8 1098.4 923.3 1028.0 783.6 768.4 604.5 662.8 694.9 813.4 873.2 1053.9 566.8 635.1 929.8 1159.3 879.4 697.2 884.3 842.4 735.3 955.0 822.8 770.0 900.4 775.3 767.7 600.2 887.5 885.3 829.0 835.4 852.4 1037.9 1194.7 1124.8 1146.0 1180.5 1251.3 1315.8 -999.0 -999.0 -999.0 -999.0 -999.0 -999.0 -999.0 -999.0 -999.0 -999.0 -999.0 -999.0 -999.0 -999.0 -999.0 -999.0 -999.0 -999.0
-999.0 -999.0 -999.0 -999.0 -999.0 -999.0 -999.0 -999.0 -999.0 -999.0 -999.0 1520.1 1130.9 981.5 993.0 914.7 908.9 978.0 1022.8 733.5 742.5 669.7 729.8 764.8 980.6 1195.8 945.0 863.4 892.9 1094.7 1090.3 920.8 897.4 893.3 855.0 667.1 927.3 964.8 926.1 936.4 599.2 762.4 663.7 746.4 938.0 918.2 891.8 888.1 879.4 1148.3 1218.9 1230.0 1256.6 1339.2 -999.0 -999.0 -999.0 -999.0 -999.0 -999.0 -999.0 -999.0 -999.0 -999.0 -999.0 -999.0 -999.0 -999.0 -999.0 -999.0 -999.0 -999.0
-999.0 -999.0 -999.0 -999.0 -999.0 -999.0 -999.0 -999.0 -999.0 -999.0 -999.0 1225.3 1103.1 1059.4 747.5 800.6 943.7 972.7 734.1 994.5 906.2 771.7 887.3 882.4 1118.9 1248.5 1080.5 1009.4 843.8 1151.0 1114.8 1083.8 998.6 1081.0 777.2 1069.6 796.7 900.2 1044.0 611.2 947.8 843.9 800.0 887.5 845.6 1019.0 1012.6 862.4 917.7 1081.0 1089.9 1153.5 1240.9 1310.6 -999.0 -999.0 -999.0 -999.0 -999.0 -999.0 -999.0 -999.0 -999.0 -999.0 -999.0 -999.0 -999.0 -999.0 -999.0 -999.0 -999.0 -999.0
-999.0 -999.0 -999.0 -999.0 -999.0 -999.0 -999.0 -999.0 -999.0 -999.0 1209.2 1208.2 1156.8 903.3 974.8 945.1 540.5 809.3 816.1 1007.7 920.3 909.9 1009.9 893.7 941.4 1104.8 1003.8 1055.7 1209.1 1256.3 1172.5 1008.3 999.8 817.9 968.4 1099.2 796.8 1009.2 962.3 645.5 902.0 986.9 1058.8 951.1 863.6 921.3 903.2 903.8 1030.9 1079.4 1141.8 1225.0 1241.7 1304.4 -999.0 -999.0 -999.0 -999.0 -999.0 -999.0 -999.0 -999.0 -999.0 -999.0 -999.0 -999.0 -999.0 -999.0 -999.0 -999.0 -999.0 -999.0
-999.0 -999.0 -999.0 -999.0 -999.0 -999.0 -999.0 -999.0 -999.0 1384.2 1165.6 1008.5 1175.6 1094.9 1015.7 1060.2 867.2 966.4 611.8 1098.2 1145.3 1045.5 994.4 973.3 952.6 1098.0 1219.8 1300.8 1103.4 1264.0 1266.2 1090.8 1046.8 1050.8 1054.4 1154.0 975.6 1134.0 993.9 714.4 791.6 786.4 873.6 931.6 1013.7 1052.3 910.6 982.0 1041.7 1071.1 1130.8 1174.5 1268.4 1319.7 1375.2 -999.0 -999.0 -999.0 -999.0 -999.0 -999.0 -999.0 -999.0 -999.0 -999.0 -999.0 -999.0 -999.0 -999.0 -999.0 -999.0 -999.0
-999.0 -999.0 -999.0 -999.0 -999.0 -999.0 -999.0 -999.0 -999.0 1093.9 766.8 953.5 1042.3 1125.1 1152.3 1228.5 632.3 831.9 987.0 1023.3 1194.3 1160.5 1064.6 1096.0 825.9 1175.6 1280.4 1297.8 1321.7 1091.9 1272.1 1081.0 1131.4 1096.0 1146.6 1143.1 1139.3 986.8 1091.1 909.9 847.1 890.7 840.6 973.7 1075.4 1118.0 1018.3 1070.8 995.2 1071.6 1178.6 1277.5 1245.7 1286.8 1352.9 -999.0 -999.0 -999.0 -999.0 -999.0 -999.0 -999.0 -999.0 -999.0 -999.0 -999.0 -999.0 -999.0 -999.0 -999.0 -999.0 -999.0
-999.0 -999.0 -999.0 -999.0 -999.0 -999.0 -999.0 1356.8 1255.4 970.6 948.7 972.7 968.2 1129.1 1130.6 1258.1 899.1 968.6 949.9 1054.6 1079.9 1236.3 1072.7 1045.5 1121.0 1146.3 1169.6 1369.0 1353.6 1227.1 1249.4 1246.4 1219.4 1195.0 1251.5 1261.2 1145.4 1152.1 1149.0 878.9 921.3 932.5 943.1 888.2 1029.0 1087.9 1218.7 1133.2 1095.8 1139.5 1200.3 1293.6 1293.5 1296.4 1329.3 -999.0 -999.0 -999.0 -999.0 -999.0 -999.0 -999.0 -999.0 -999.0 -999.0 -999.0 -999.0 -999.0 -999.0 -999.0 -999.0 -999.0
-999.0 -999.0 -999.0 -999.0 -999.0 -999.0 -999.0 1260.2 1189.3 1217.4 980.5 1019.6 973.5 1151.6 1250.4 1298.1 1261.1 1152.4 828.9 1024.7 1088.7 1233.2 1227.0 1204.2 1228.3 1235.8 1190.1 1319.2 1250.3 1357.8 1339.1 1333.7 1310.3 1326.0 1345.0 1375.0 1326.3 1198.4 1177.2 1181.9 1063.9 1014.9 1026.0 1056.3 1110.0 1328.5 1197.4 990.7 1065.0 1200.3 1230.2 1296.9 1311.6 1374.9 1365.4 1411.5 -999.0 -999.0 -999.0 -999.0 -999.0 -999.0 -999.0 -999.0 -999.0 -999.0 -999.0 -999.0 -999.0 -999.0 -999.0 -999.0
-999.0 -999.0 -999.0 -999.0 -999.0 -999.0 -999.0 1237.1 1170.8 1290.8 1069.9 1184.3 1118.8 1204.4 1281.6 1282.8 1370.6 1092.1 1060.9 1097.8 980.6 1201.4 1246.2 1234.5 1286.3 1165.7 922.3 1245.1 -999.0 -999.0 -999.0 1373.1 1331.9 -999.0 1403.7 1428.9 1380.9 1332.6 1283.1 1137.3 989.8 1075.4 1087.8 1042.8 1147.3 1075.8 1058.7 1177.7 1266.5 1319.1 1336.7 1300.4 1496.8 1495.4 1439.5 1408.8 -999.0 -999.0 -999.0 -999.0 -999.0 -999.0 -999.0 -999.0 -999.0 -999.0 -999.0 -999.0 -999.0 -999.0 -999.0 -999.0
-999.0 -999.0 -999.0 -999.0 -999.0 -999.0 -999.0 1376.8 1088.4 1263.9 1295.4 1250.1 1201.3 1205.0 1237.2 1332.1 1373.1 1343.1 967.8 1112.9 1028.9 1217.4 1267.1 1121.0 1330.3 1278.7 1281.3 1334.6 -999.0 -999.0 -999.0 1379.7 1347.8 1326.3 1373.3 1439.5 1413.4 1378.2 1176.9 944.0 852.6 996.4 807.5 1030.3 1084.0 918.9 1103.0 1053.0 1070.7 1152.3 1361.5 1288.9 1201.5 1365.8 1372.5 1427.9 -999.0 -999.0 -999.0 -999.0 -999.0 -999.0 -999.0 -999.0 -999.0 -999.0 -999.0 -999.0 -999.0 -999.0 -999.0 -999.0
1340.3 -999.0 -999.0 -999.0 -999.0 -999.0 -999.0 -999.0 1232.5 1177.1 1335.5 -999.0 1299.1 1243.4 1253.6 1269.8 1367.5 -999.0 1348.7 1387.7 1214.5 1287.1 1222.2 1215.3 1371.6 1381.3 -999.0 -999.0 -999.0 -999.0 1386.2 1351.0 1332.7 1345.7 1330.6 1338.9 1367.6 1295.4 1191.0 899.7 608.5 990.9 692.4 932.4 842.9 797.8 997.7 919.3 1052.7 1203.9 1128.4 1134.3 1228.2 1380.8 1322.5 1299.2 1468.6 -999.0 -999.0 -999.0 -999.0 -999.0 -999.0 -999.0 -999.0 -999.0 -999.0 -999.0 -999.0 -999.0 -999.0 -999.0
-999.0 -999.0 -999.0 -999.0 -999.0 -999.0 -999.0 -999.0 -999.0 1285.8 -999.0 -999.0 -999.0 1400.8 1266.4 1250.9 1290.9 1375.2 -999.0 -999.0 1339.0 1408.4 1241.2 1191.3 -999.0 -999.0 -999.0 -999.0 -999.0 1443.2 1309.8 1301.1 1303.5 1318.3 1266.5 1308.0 1238.3 1158.0 1227.3 1036.4 772.6 606.5 753.7 662.0 653.6 670.6 860.2 852.2 848.8 953.1 1130.5 1168.8 1168.1 1357.6 1301.8 1233.5 1310.6 -999.0 -999.0 -999.0 -999.0 -999.0 -999.0 -999.0 -999.0 -999.0 -999.0 -999.0 -999.0 -999.0 -999.0 -999.0
-999.0 -999.0 -999.0 -999.0 -999.0 -999.0 -999.0 -999.0 -999.0 1366.6 1375.7 -999.0 -999.0 -999.0 1393.7 1207.6 1206.2 1297.4 -999.0 -999.0 -999.0 -999.0 1458.1 -999.0 -999.0 -999.0 -999.0 -999.0 -999.0 1450.7 1350.0 1316.6 1202.2 1113.3 1110.0 1198.4 1200.9 1243.7 1210.7 1120.3 840.9 637.2 797.2 521.6 607.5 593.2 804.1 809.5 725.6 915.3 1065.3 1160.9 1306.5 1366.1 1265.7 1194.4 1277.4 -999.0 -999.0 -999.0 -999.0 -999.0 -999.0 -999.0 -999.0 -999.0 -999.0 -999.0 -999.0 -999.0 -999.0 -999.0
1556.7 1525.1 -999.0 -999.0 -999.0 -999.0 -999.0 -999.0 -999.0 -999.0 1255.3 -999.0 -999.0 -999.0 -999.0 1369.2 1252.1 1341.5 -999.0 -999.0 -999.0 -999.0 -999.0 -999.0 -999.0 -999.0 -999.0 -999.0 1495.3 1383.1 1219.7 1123.2 1085.3 992.4 1014.5 1092.0 1123.1 1218.5 1162.0 1138.7 951.6 502.5 450.8 489.7 574.7 813.7 933.4 907.9 1002.4 1147.9 1019.6 1048.4 1283.0 1298.0 1218.1 1177.0 1264.8 1429.2 -999.0 -999.0 -999.0 -999.0 -999.0 -999.0 -999.0 -999.0 -999.0 -999.0 -999.0 -999.0 -999.0 -999.0
1308.3 1401.0 1467.1 -999.0 -999.0 -999.0 -999.0 -999.0 -999.0 -999.0 1182.2 -999.0 -999.0 -999.0 -999.0 -999.0 -999.0 -999.0 -999.0 -999.0 -999.0 -999.0 -999.0 -999.0 -999.0 -999.0 -999.0 -999.0 1400.1 1317.8 1273.1 1233.3 1286.9 804.7 953.6 1042.0 949.1 1197.0 1084.4 1278.1 1088.7 611.4 398.9 561.9 711.7 504.1 490.6 613.5 765.3 871.1 1196.5 1172.5 1210.0 1147.3 1198.9 1225.3 1245.4 1403.3 1550.6 -999.0 -999.0 -999.0 -999.0 -999.0 -999.0 -999.0 -999.0 -999.0 -999.0 -999.0 -999.0 -999.0
1373.6 1361.9 1423.5 -999.0 -999.0 -999.0 -999.0 -999.0 -999.0 -999.0 -999.0 -999.0 -999.0 -999.0 -999.0 -999.0 -999.0 -999.0 -999.0 -999.0 -999.0 -999.0 -999.0 -999.0 -999.0 -999.0 -999.0 1534.0 1397.2 1242.9 1299.8 1015.7 1394.7 535.0 567.5 1090.1 1047.2 1154.0 1220.6 1148.3 1193.9 972.0 454.8 518.9 651.9 728.3 820.9 716.4 767.5 861.8 1035.4 1166.9 1212.2 1242.0 1248.1 1205.4 1288.0 1476.2 1553.2 -999.0 -999.0 -999.0 -999.0 -999.0 -999.0 -999.0 -999.0 -999.0 -999.0 -999.0 -999.0 -999.0
1445.0 1449.6 1418.9 -999.0 -999.0 -999.0 -999.0 -999.0 -999.0 -999.0 -999.0 -999.0 -999.0 -999.0 -999.0 -999.0 -999.0 -999.0 -999.0 -999.0 -999.0 -999.0 -999.0 -999.0 -999.0 -999.0 -999.0 1511.6 1239.2 1272.6 1097.6 624.2 1069.4 1287.1 887.7 826.0 973.0 1014.2 1100.7 1132.5 1186.0 1140.2 1034.6 514.1 640.8 692.5 832.3 870.2 897.9 1048.0 1091.2 1140.0 1120.2 1256.8 1179.0 1231.3 1270.5 1424.7 1536.1 1535.8 1488.7 1467.8 -999.0 -999.0 -999.0 -999.0 -999.0 -999.0 -999.0 -999.0 -999.0 -999.0
1487.8 -999.0 1422.6 1469.8 -999.0 -999.0 -999.0 -999.0 -999.0 -999.0 -999.0 -999.0 -999.0 -999.0 -999.0 -999.0 -999.0 -999.0 -999.0 -999.0 -999.0 -999.0 -999.0 -999.0 -999.0 -999.0 -999.0 1474.6 1247.7 1145.5 868.0 1161.6 1072.9 966.4 750.4 950.9 1028.5 747.8 1112.4 957.4 1130.2 1205.5 1234.7 964.3 755.2 756.8 822.7 879.9 1040.6 1050.7 1120.6 1207.0 1282.8 1284.6 1278.6 1236.1 1309.6 1398.9 1456.1 1208.4 1302.8 1225.4 1212.3 1296.8 -999.0 -999.0 -999.0 -999.0 -999.0 -999.0 -999.0 -999.0
1404.9 1422.0 1401.4 -999.0 -999.0 -999.0 -999.0 -999.0 -999.0 -999.0 -999.0 -999.0 -999.0 -999.0 -999.0 -999.0 -999.0 -999.0 -999.0 -999.0 -999.0 -999.0 -999.0 -999.0 -999.0 -999.0 -999.0 1475.4 1235.8 1039.1 677.5 571.7 786.6 1052.8 986.4 905.1 723.0 1015.4 740.4 881.6 1010.5 1085.4 1127.6 1190.3 1081.7 770.2 804.3 881.7 958.6 1034.1 1112.9 1172.0 1251.9 1328.4 1305.8 1300.1 1355.5 1379.9 1370.1 1256.4 1007.2 1032.3 1048.6 1038.5 1124.6 1348.1 -999.0 -999.0 -999.0 -999.0 -999.0 -999.0
1401.8 1383.3 1363.3 -999.0 -999.0 -999.0 -999.0 -999.0 -999.0 -999.0 -999.0 -999.0 -999.0 -999.0 -999.0 -999.0 -999.0 -999.0 -999.0 -999.0 -999.0 -999.0 -999.0 -999.0 -999.0 -999.0 -999.0 1510.8 1377.5 1044.0 849.2 1153.2 427.1 574.6 1053.5 899.8 1044.5 728.7 667.8 892.8 1026.4 1016.3 989.8 1115.7 596.5 678.4 694.2 674.2 688.3 783.3 1073.7 1059.0 1236.4 1314.8 1324.1 1331.0 1362.2 1400.1 1407.8 1314.5 1080.4 1149.9 1174.0 1113.6 1067.3 1295.9 1177.6 -999.0 -999.0 -999.0 -999.0 -999.0
1377.0 1305.5 1410.4 -999.0 -999.0 -999.0 -999.0 -999.0 -999.0 -999.0 -999.0 -999.0 -999.0 -999.0 -999.0 1528.8 1510.5 1551.5 -999.0 -999.0 -999.0 -999.0 -999.0 -999.0 -999.0 -999.0 -999.0 -999.0 1531.1 1377.4 1237.8 1060.4 998.0 768.3 1225.2 1442.3 981.7 967.6 973.5 1013.5 889.9 886.5 969.2 921.3 735.5 732.0 532.4 619.7 786.7 885.4 909.4 1087.4 1245.2 1316.1 1349.9 1328.1 1372.8 1389.0 1020.2 1085.3 820.8 794.2 881.3 952.8 1155.8 986.3 1100.5 1352.9 -999.0 -999.0 -999.0 -999.0
1356.7 1406.3 -999.0 -999.0 -999.0 -999.0 -999.0 -999.0 -999.0 -999.0 -999.0 -999.0 -999.0 -999.0 -999.0 1484.1 1475.4 -999.0 -999.0 -999.0 -999.0 -999.0 -999.0 -999.0 -999.0 -999.0 -999.0 -999.0 -999.0 1432.3 1415.2 1066.7 1107.3 573.0 1088.5 1080.5 1148.6 1262.7 1238.5 1158.0 1153.9 576.8 960.1 874.8 567.0 745.9 983.9 1067.8 772.1 1085.9 943.6 1156.4 1304.2 1386.4 1387.6 1362.6 1293.4 1098.5 1004.8 1050.2 1051.2 1094.7 1015.4 935.8 980.2 969.1 1119.7 1136.5 -999.0 -999.0 -999.0 -999.0
1359.3 -999.0 -999.0 -999.0 -999.0 -999.0 -999.0 -999.0 -999.0 -999.0 -999.0 -999.0 -999.0 -999.0 1473.0 1135.8 1213.5 1489.7 -999.0 -999.0 -999.0 -999.0 -999.0 -999.0 -999.0 -999.0 -999.0 -999.0 -999.0 1449.1 1168.8 1051.9 1030.8 1158.6 1065.8 1225.4 1258.1 1279.9 1288.2 1112.8 1179.9 1208.0 595.2 851.3 891.7 689.0 879.8 719.6 938.8 932.4 1108.4 1220.2 1325.6 1378.9 1436.5 1392.1 1236.0 1126.0 1172.9 1100.2 1034.4 1067.8 1015.3 1031.5 1033.4 1032.3 1200.8 1128.9 1398.4 -999.0 -999.0 -999.0
-999.0 -999.0 -999.0 -999.0 -999.0 -999.0 -999.0 -999.0 -999.0 -999.0 -999.0 -999.0 -999.0 1546.5 1090.8 951.6 829.9 1514.6 -999.0 -999.0 -999.0 -999.0 -999.0 -999.0 -999.0 -999.0 -999.0 -999.0 -999.0 1477.1 1001.2 1101.0 1412.1 1240.2 1303.5 1242.4 1380.5 1359.6 1239.3 1126.7 1302.2 764.7 916.5 694.3 877.9 599.7 1064.1 968.3 1126.2 991.9 1159.8 1200.7 1267.5 1424.4 1442.9 1393.5 1308.4 1080.3 1065.7 1115.3 1215.7 1182.1 1174.1 1152.8 1135.4 1033.8 1056.5 1193.1 1259.9 -999.0 -999.0 -999.0
-999.0 -999.0 -999.0 -999.0 -999.0 -999.0 -999.0 -999.0 -999.0 -999.0 -999.0 -999.0 1546.2 1433.0 809.7 1115.6 1309.6 -999.0 -999.0 -999.0 -999.0 -999.0 -999.0 -999.0 -999.0 -999.0 -999.0 -999.0 -999.0 -999.0 1456.3 1466.4 1470.4 1247.1 1417.5 1254.3 1416.1 1386.3 1322.8 1211.0 1320.9 815.3 772.3 647.0 670.2 625.7 692.9 705.8 810.2 919.1 965.7 1059.7 1288.1 1374.0 1375.8 1300.7 1276.6 1267.5 1001.8 1139.4 1351.9 1351.0 1289.1 1308.8 1299.8 1299.5 1294.5 1359.9 1374.7 1333.4 1328.7 -999.0
-999.0 -999.0 -999.0 -999.0 -999.0 -999.0 -999.0 -999.0 -999.0 -999.0 -999.0 -999.0 1271.0 1027.9 1347.6 1459.3 1577.2 -999.0 -999.0 -999.0 -999.0 -999.0 -999.0 -999.0 -999.0 -999.0 -999.0 -999.0 -999.0 -999.0 -999.0 1553.0 1404.4 1438.4 1455.1 1362.6 1450.5 1437.2 1373.6 1211.7 1324.4 839.8 877.0 897.9 707.4 776.9 855.6 607.9 633.6 905.4 855.3 1011.4 1105.6 1297.5 1336.1 1291.5 1293.1 1323.1 1329.7 1355.5 1417.2 1372.2 1312.1 1280.6 1299.4 1331.7 1344.5 1349.1 1123.8 1138.2 1242.9 -999.0
-999.0 -999.0 -999.0 -999.0 -999.0 -999.0 -999.0 -999.0 -999.0 -999.0 -999.0 -999.0 1268.2 1328.3 1329.9 1579.0 -999.0 -999.0 -999.0 -999.0 -999.0 -999.0 -999.0 -999.0 -999.0 -999.0 -999.0 -999.0 -999.0 -999.0 -999.0 1600.9 1441.9 1424.7 -999.0 1492.3 -999.0 1548.8 1468.4 1367.7 1371.6 1298.5 862.0 908.9 888.1 651.0 1103.0 1037.4 669.9 802.0 895.3 984.8 1134.4 1268.0 1351.3 1405.4 1405.3 1377.8 1385.9 1350.6 1272.4 1335.1 1240.5 1275.9 1339.7 1301.8 1209.7 1240.3 1273.5 1264.9 1204.7 1216.6
-999.0 -999.0 -999.0 -999.0 -999.0 -999.0 -999.0 -999.0 -999.0 -999.0 -999.0 1539.4 1548.3 1537.0 -999.0 -999.0 -999.0 -999.0 -999.0 -999.0 -999.0 -999.0 -999.0 -999.0 -999.0 -999.0 -999.0 -999.0 -999.0 -999.0 -999.0 1618.3 1569.5 1537.2 -999.0 -999.0 -999.0 1606.3 1339.7 1438.7 1310.9 1180.2 1228.6 1200.9 1102.3 833.3 814.8 1133.2 828.5 747.2 958.0 922.2 1057.8 1179.8 1378.2 1415.3 1428.9 1423.4 1415.7 1395.7 1367.4 1352.7 1289.8 1354.7 1311.3 1240.6 1186.0 1165.0 1172.8 1221.2 1282.6 1359.2
-999.0 -999.0 -999.0 -999.0 -999.0 -999.0 -999.0 -999.0 -999.0 -999.0 -999.0 -999.0 -999.0 -999.0 -999.0 -999.0 -999.0 -999.0 -999.0 -999.0 -999.0 -999.0 -999.0 -999.0 -999.0 -999.0 -999.0 -999.0 -999.0 -999.0 -999.0 -999.0 -999.0 -999.0 -999.0 -999.0 1647.8 1580.9 1378.3 1131.0 1033.0 1011.3 1001.3 1100.4 1096.7 916.9 935.5 1031.4 1165.8 956.0 880.3 1019.0 1098.4 1186.9 1283.2 1364.0 1378.1 1427.7 1445.1 1450.0 1447.9 1417.7 1409.9 1311.9 1101.1 1228.7 1191.3 1270.8 1267.4 1326.6 1346.6 1399.7
-999.0 -999.0 -999.0 -999.0 -999.0 -999.0 -999.0 -999.0 -999.0 -999.0 -999.0 -999.0 -999.0 -999.0 -999.0 -999.0 -999.0 -999.0 -999.0 -999.0 -999.0 -999.0 -999.0 -999.0 -999.0 -999.0 -999.0 -999.0 -999.0 -999.0 -999.0 -999.0 -999.0 -999.0 -999.0 -999.0 1551.7 1441.8 1196.5 939.1 769.3 884.3 1122.2 1042.6 1249.2 1175.9 1221.3 1083.3 1016.9 979.5 986.4 1035.4 1122.4 1166.6 1222.6 1346.8 1373.1 1437.6 1473.5 1513.1 1504.1 1455.4 1425.8 1359.5 1064.5 1136.6 1287.5 1339.7 1368.7 1368.5 1370.2 1397.7
-999.0 -999.0 -999.0 -999.0 -999.0 -999.0 -999.0 -999.0 -999.0 -999.0 -999.0 -999.0 -999.0 -999.0 -999.0 -999.0 -999.0 -999.0 -999.0 -999.0 -999.0 -999.0 -999.0 -999.0 -999.0 -999.0 -999.0 -999.0 -999.0 -999.0 -999.0 -999.0 -999.0 -999.0 -999.0 -999.0 1492.8 1454.3 1328.5 1078.8 978.8 1025.7 1124.0 1156.8 1208.9 1151.7 1231.5 1240.7 1188.8 1335.0 1017.7 1153.8 1077.2 1175.3 1219.4 1360.3 1403.6 1428.1 1480.3 1563.2 1505.4 1481.0 1430.2 1405.1 1247.4 1201.0 1287.4 1362.3 1388.0 1404.1 1384.2 1399.6
