GDD/GrowingDegreeDays_2005_Actual.txt
ncols         180
nrows         290
xllcorner     -200000
yllcorner     -200000
cellsize      5000
NODATA_value    -999
[rows 160 to 191 of 290, columns 71 to 141 of 180]
-999.0 -999.0 -999.0 -999.0 -999.0 -999.0 -999.0 -999.0 -999.0 -999.0 -999.0 -999.0 -999.0 -999.0 -999.0 -999.0 -999.0 -999.0 -999.0 -999.0 -999.0 -999.0 -999.0 -999.0 -999.0 -999.0 -999.0 -999.0 -999.0 -999.0 -999.0 -999.0 -999.0 -999.0 -999.0 1964.0 1967.5 1950.0 1882.1 1592.0 1458.6 1192.9 1535.2 1383.1 1845.5 1706.8 1716.7 1581.6 1506.9 1582.3 1480.1 1866.7 1866.7 1872.2 1892.7 1948.2 1862.5 1960.5 1987.2 1988.3 2031.8 2043.6 2005.2 1972.9 1945.4 1918.7 1760.3 1824.6 1904.8 1939.6 1962.9
-999.0 -999.0 -999.0 -999.0 -999.0 -999.0 -999.0 -999.0 -999.0 -999.0 -999.0 -999.0 -999.0 -999.0 -999.0 -999.0 -999.0 -999.0 -999.0 -999.0 -999.0 -999.0 -999.0 -999.0 -999.0 -999.0 -999.0 -999.0 -999.0 -999.0 -999.0 -999.0 -999.0 -999.0 -999.0 2004.3 2006.1 2000.9 2006.3 1918.7 1592.2 1825.7 1796.5 1915.6 1753.8 1421.2 1601.5 1467.3 1534.1 1457.4 1891.1 1561.1 1812.8 1707.0 1771.8 1783.4 1905.0 1938.3 1977.9 1998.8 2019.0 2019.1 1983.7 1951.2 1953.3 1952.6 1915.7 1804.4 1869.9 1935.9 1963.8
-999.0 -999.0 -999.0 -999.0 -999.0 -999.0 -999.0 -999.0 -999.0 -999.0 -999.0 -999.0 -999.0 -999.0 -999.0 -999.0 -999.0 -999.0 -999.0 -999.0 -999.0 -999.0 -999.0 -999.0 -999.0 -999.0 -999.0 -999.0 -999.0 -999.0 -999.0 -999.0 -999.0 -999.0 -999.0 2009.6 2028.1 1953.1 2044.2 1991.5 1887.3 1837.6 1882.9 1950.9 1770.6 1634.7 1624.3 1482.6 1324.3 1636.5 1765.3 1964.4 1819.4 2027.3 1961.4 1899.6 1859.5 1931.8 1947.8 1972.8 2018.9 2000.6 1976.8 1953.3 1954.5 1954.4 1940.6 1847.1 1798.7 1938.0 2041.1
-999.0 -999.0 -999.0 -999.0 -999.0 -999.0 -999.0 -999.0 -999.0 -999.0 -999.0 -999.0 -999.0 -999.0 -999.0 -999.0 -999.0 -999.0 -999.0 -999.0 -999.0 -999.0 -999.0 -999.0 -999.0 -999.0 -999.0 -999.0 -999.0 -999.0 -999.0 -999.0 -999.0 -999.0 -999.0 2041.0 2001.3 1968.0 2025.2 2062.6 1994.4 1976.1 1865.2 1716.5 1892.7 1793.3 1663.1 1239.5 1269.5 1293.8 1527.3 1788.7 1892.5 1875.5 2028.3 2089.9 1960.3 1895.1 1980.8 2011.6 2012.4 2022.1 2001.0 1980.6 1979.4 1986.2 1989.6 1869.6 1809.1 2001.4 2108.1
-999.0 -999.0 -999.0 -999.0 -999.0 -999.0 -999.0 -999.0 -999.0 -999.0 -999.0 -999.0 -999.0 -999.0 -999.0 -999.0 -999.0 -999.0 -999.0 -999.0 -999.0 -999.0 -999.0 -999.0 -999.0 -999.0 -999.0 -999.0 -999.0 -999.0 -999.0 -999.0 -999.0 -999.0 -999.0 2039.7 2037.7 2041.1 2084.7 2086.1 2061.6 1924.5 1897.0 1750.6 1667.1 1457.3 1335.9 1255.0 1505.4 1419.0 1654.2 1746.8 1927.8 1785.9 1908.7 2053.4 2105.6 2088.6 2049.5 2049.8 2031.1 2023.9 2022.4 2012.9 2006.8 2020.7 2014.5 2015.0 1949.8 2033.8 2110.2
-999.0 -999.0 -999.0 -999.0 -999.0 -999.0 -999.0 -999.0 -999.0 -999.0 -999.0 -999.0 -999.0 -999.0 -999.0 -999.0 -999.0 -999.0 -999.0 -999.0 -999.0 -999.0 -999.0 -999.0 -999.0 -999.0 -999.0 -999.0 -999.0 -999.0 -999.0 -999.0 -999.0 -999.0 -999.0 -999.0 1996.6 2026.1 2064.8 2071.0 1953.3 1715.9 1680.5 1598.2 1665.4 1685.5 1474.9 1507.0 1408.0 1556.8 1857.0 2094.9 2025.6 1975.4 1929.9 2118.2 2106.9 2010.5 2033.2 2079.5 2033.7 2044.6 2045.7 2045.9 2035.8 2044.1 2043.6 2024.5 2046.1 2045.8 2070.9
-999.0 -999.0 -999.0 -999.0 -999.0 -999.0 -999.0 -999.0 -999.0 -999.0 -999.0 -999.0 -999.0 -999.0 -999.0 -999.0 -999.0 -999.0 -999.0 -999.0 -999.0 -999.0 -999.0 -999.0 -999.0 -999.0 -999.0 -999.0 -999.0 -999.0 -999.0 -999.0 -999.0 -999.0 -999.0 2059.6 2019.0 2040.8 2076.2 2048.8 1958.9 1570.6 1521.9 1679.8 1418.0 1455.7 1557.3 1580.3 1276.0 1518.9 1568.8 1873.4 2156.1 1889.3 2071.1 2197.7 2050.5 2028.3 2085.3 2047.9 2070.2 2070.1 2061.7 2054.8 2052.4 2062.5 1945.6 2016.1 2043.7 1915.7 1968.1
-999.0 -999.0 -999.0 -999.0 -999.0 -999.0 -999.0 -999.0 -999.0 -999.0 -999.0 -999.0 -999.0 -999.0 -999.0 -999.0 -999.0 -999.0 -999.0 -999.0 -999.0 -999.0 -999.0 -999.0 -999.0 -999.0 -999.0 -999.0 -999.0 -999.0 -999.0 -999.0 -999.0 -999.0 -999.0 2087.8 2081.2 2065.9 2082.4 1879.5 1951.4 1861.4 1579.1 1850.0 1815.4 1737.4 1814.4 1780.0 1458.3 1558.0 1609.3 1988.1 1851.0 1722.2 1992.2 1929.5 1998.3 1950.7 2001.8 2042.4 2098.5 2104.2 2089.8 2077.1 2060.0 2084.1 2081.2 2002.4 2064.9 2014.0 1940.3
-999.0 -999.0 -999.0 -999.0 -999.0 -999.0 -999.0 -999.0 -999.0 -999.0 -999.0 -999.0 -999.0 -999.0 -999.0 -999.0 -999.0 -999.0 -999.0 -999.0 -999.0 -999.0 -999.0 -999.0 -999.0 -999.0 -999.0 -999.0 -999.0 -999.0 -999.0 -999.0 -999.0 -999.0 2061.8 2116.7 2081.8 1971.3 2005.9 1980.5 2020.4 1930.0 1919.4 2008.8 2020.7 1980.2 1915.9 1792.2 1488.1 1282.6 1247.6 1669.9 1557.3 1647.3 1941.2 1951.2 2060.6 2017.2 2009.7 2076.7 2125.3 2124.6 2114.5 2094.4 2064.1 2085.9 2077.2 2056.5 2046.0 2032.6 1881.5
-999.0 -999.0 -999.0 -999.0 -999.0 -999.0 -999.0 -999.0 -999.0 -999.0 -999.0 -999.0 -999.0 -999.0 -999.0 -999.0 -999.0 -999.0 -999.0 -999.0 -999.0 -999.0 -999.0 -999.0 -999.0 -999.0 -999.0 -999.0 -999.0 -999.0 -999.0 -999.0 -999.0 -999.0 -999.0 2125.8 2135.6 2076.8 2048.0 1868.5 2081.1 2091.1 2100.5 2091.3 2054.7 2057.3 2012.5 1896.4 1781.2 1372.7 1215.5 1176.4 1513.6 1555.3 1740.4 1911.4 1911.7 2131.3 2127.0 2035.0 2136.0 2155.3 2149.2 2110.8 2072.5 2079.3 2072.1 2037.3 2047.3 2046.2 2020.1
-999.0 -999.0 -999.0 -999.0 -999.0 -999.0 -999.0 -999.0 -999.0 -999.0 -999.0 -999.0 -999.0 -999.0 -999.0 -999.0 -999.0 -999.0 -999.0 -999.0 -999.0 -999.0 -999.0 -999.0 -999.0 -999.0 -999.0 -999.0 -999.0 -999.0 -999.0 -999.0 -999.0 -999.0 -999.0 2174.8 2173.1 2175.7 2155.9 2110.5 2097.2 2109.7 2152.5 2147.1 2181.5 2167.7 2114.5 2003.7 1789.4 1717.5 1253.8 1096.1 1158.3 1431.8 1662.0 1837.4 2005.5 1972.8 2077.2 1985.1 2116.6 2136.7 2152.6 2106.0 2078.4 2069.2 2034.0 2018.9 2027.5 2036.0 1984.3
-999.0 -999.0 -999.0 -999.0 -999.0 -999.0 -999.0 -999.0 -999.0 -999.0 -999.0 -999.0 -999.0 -999.0 -999.0 2006.9 2017.1 1991.2 1946.8 -999.0 -999.0 -999.0 -999.0 -999.0 -999.0 -999.0 -999.0 -999.0 -999.0 -999.0 -999.0 -999.0 -999.0 -999.0 2130.9 2238.9 2197.1 2204.5 2110.2 2103.8 2152.9 2151.8 2144.4 2168.0 2164.9 2169.8 2108.2 2013.3 1870.8 1531.5 1305.0 1296.3 1564.9 1378.8 1574.9 1987.4 1974.8 2125.7 1870.6 1901.2 2065.8 2075.7 2083.8 2070.6 2063.6 2062.0 2037.5 1993.7 2000.7 2037.6 2008.1
-999.0 -999.0 -999.0 -999.0 -999.0 -999.0 -999.0 -999.0 -999.0 -999.0 -999.0 -999.0 -999.0 -999.0 -999.0 1946.6 1915.5 1969.9 2054.5 -999.0 -999.0 -999.0 -999.0 -999.0 -999.0 -999.0 -999.0 -999.0 -999.0 -999.0 -999.0 -999.0 -999.0 2252.6 2069.6 2178.7 2189.2 2092.1 2170.2 2104.7 2175.2 2161.0 2141.3 2152.9 2112.1 2056.3 2047.2 1990.3 1905.8 1783.4 1314.9 1255.7 1586.0 1536.4 1695.9 1817.6 2132.4 2133.9 1955.4 1911.9 2012.4 2096.8 2110.4 2094.2 2052.6 2059.6 2040.4 2010.5 1961.1 2016.1 1993.4
-999.0 -999.0 -999.0 -999.0 -999.0 -999.0 -999.0 -999.0 -999.0 -999.0 -999.0 -999.0 -999.0 1911.2 2077.3 2054.3 1918.0 1973.4 1994.6 2156.7 2185.2 2177.7 -999.0 -999.0 2063.1 2167.9 -999.0 -999.0 -999.0 2184.1 2099.3 2079.0 -999.0 2272.4 2038.4 2130.6 2193.0 2189.0 2181.2 2074.3 2075.3 2043.4 2087.8 2053.9 2107.4 1971.8 1937.5 1913.5 1565.0 1903.4 1774.0 1465.5 1851.7 1754.8 1419.5 2006.0 1870.6 2052.5 1963.9 1943.7 2011.6 2055.1 2088.0 2117.7 2093.9 2096.3 2037.8 2027.1 1948.8 2019.1 2016.6
-999.0 -999.0 -999.0 -999.0 -999.0 -999.0 -999.0 -999.0 -999.0 -999.0 -999.0 -999.0 -999.0 -999.0 2068.1 2063.7 2022.5 2048.2 2093.0 2105.1 2007.0 2241.3 -999.0 2240.6 2093.2 1903.1 2027.8 1880.1 2033.2 2078.4 1747.2 1796.5 1938.9 -999.0 2159.5 2060.8 2100.8 2170.1 2164.4 2050.0 2134.0 2195.3 2181.0 2111.4 2056.3 1991.0 1854.6 1857.0 1543.2 1491.5 1566.6 1545.2 1596.8 1464.1 1533.2 1784.7 2011.7 2061.1 1862.7 1861.2 2001.8 1973.2 2066.1 2054.1 2059.4 2086.4 2036.8 2037.7 1958.6 2018.8 2031.3
-999.0 -999.0 -999.0 -999.0 -999.0 -999.0 -999.0 -999.0 -999.0 -999.0 -999.0 -999.0 -999.0 -999.0 -999.0 2080.5 2043.3 2040.1 2171.4 2229.1 2273.9 2289.5 1763.2 1126.9 2038.9 1663.3 1629.8 1686.1 1757.9 1969.4 2042.2 1869.5 1702.2 1938.3 2167.5 2162.4 2082.5 2121.3 2095.4 1931.3 2038.6 2184.9 2215.9 2128.9 2055.3 1999.5 1888.1 1828.9 1390.6 1290.4 1495.4 1536.7 1699.5 1750.9 1686.4 1764.7 1991.3 2016.5 1883.6 1922.0 1957.0 1918.4 2026.1 1976.9 2060.1 2062.4 2052.2 2019.7 1890.9 2034.7 2048.1
-999.0 -999.0 -999.0 -999.0 -999.0 -999.0 -999.0 -999.0 -999.0 -999.0 -999.0 -999.0 -999.0 -999.0 -999.0 -999.0 2008.3 2154.3 2225.8 2290.9 2179.1 1905.1 853.8 1418.6 2212.5 1578.9 1868.5 1540.7 1591.0 1899.1 2098.3 1560.1 1797.2 1796.6 1984.3 2124.4 2093.4 2075.9 2122.8 2017.5 2000.5 2085.9 2122.8 2120.9 2041.5 1992.5 1929.3 1698.5 1579.6 1241.9 1460.7 1459.4 1513.1 1861.7 1717.6 1623.1 1830.0 1892.8 1865.0 1921.2 1905.5 1913.8 2001.9 1960.6 2057.6 2076.6 2038.7 2047.5 2016.9 2022.8 2055.4
-999.0 -999.0 -999.0 -999.0 -999.0 -999.0 -999.0 -999.0 -999.0 -999.0 -999.0 -999.0 -999.0 -999.0 -999.0 -999.0 -999.0 2181.6 2222.9 2052.8 1811.3 963.3 851.2 1411.9 1753.0 1743.2 1589.8 1448.6 1471.4 1499.5 1854.9 2021.4 1527.9 1819.7 1955.8 1968.3 2078.8 2105.6 2085.4 2064.5 2026.2 2071.8 2111.9 2073.1 2014.7 1971.5 1896.2 1719.1 1523.0 1419.0 1584.1 1605.8 1486.1 1666.6 1961.3 1653.5 1880.8 1855.6 1823.9 1908.9 1922.1 1951.3 1961.2 1959.0 2055.5 2086.0 2063.1 2092.2 1974.1 2027.3 2060.8
-999.0 -999.0 -999.0 -999.0 -999.0 -999.0 -999.0 -999.0 -999.0 -999.0 -999.0 -999.0 -999.0 -999.0 -999.0 -999.0 -999.0 2188.8 2097.8 1687.5 1523.9 1362.3 1098.2 1732.1 1988.1 1710.8 1408.0 1359.7 1334.2 1537.8 1813.9 2073.4 1477.4 1612.8 1917.5 1978.2 2131.2 2126.8 2071.6 1975.8 2002.9 2030.6 2045.3 2063.4 2027.6 1955.1 1747.2 1654.7 1789.0 1395.0 1564.0 1529.7 1440.5 1503.5 1741.7 1863.7 1898.3 1974.8 1841.9 1801.7 1919.1 1954.7 2026.7 2025.4 2087.3 2076.3 2083.4 2101.1 2072.4 2019.4 2051.8
-999.0 -999.0 -999.0 -999.0 -999.0 -999.0 -999.0 -999.0 -999.0 -999.0 -999.0 -999.0 -999.0 -999.0 -999.0 -999.0 -999.0 2188.0 2007.4 1759.7 1797.8 1335.2 1515.0 1838.3 1705.8 1837.5 1627.2 1348.7 1513.4 1322.6 1543.0 1881.0 1520.7 1507.3 1677.9 2040.0 2106.3 2142.6 2032.6 1914.5 1944.1 2012.0 2035.6 2051.9 2004.7 1848.0 1771.1 1802.0 1770.5 1516.7 1561.7 1591.0 1625.0 1737.6 1767.6 1720.3 2004.2 1895.8 1877.8 1930.3 1916.2 1990.8 1953.7 2088.1 2101.5 2084.4 2092.8 2090.5 1934.3 2025.6 2063.8
-999.0 -999.0 -999.0 -999.0 -999.0 -999.0 -999.0 -999.0 -999.0 -999.0 -999.0 -999.0 -999.0 -999.0 -999.0 -999.0 2154.0 1258.3 1863.8 1692.3 1490.3 1907.0 997.3 1232.3 1339.5 1494.6 1264.3 1521.3 1466.2 1567.3 1700.0 1568.8 1310.5 1547.5 1691.4 2045.8 2138.4 2164.0 1976.5 1946.8 1987.2 2010.7 2053.9 2026.5 1903.1 1919.1 1909.4 1721.2 1590.4 1809.0 1431.8 1510.1 1797.8 1774.9 1860.6 1943.3 1954.3 1988.3 1967.0 2018.0 1941.7 2020.0 2097.1 1993.5 2105.1 2090.0 2068.9 2055.0 1925.8 2023.4 2071.0
-999.0 -999.0 -999.0 -999.0 -999.0 -999.0 -999.0 -999.0 -999.0 -999.0 -999.0 -999.0 -999.0 -999.0 2150.7 2111.5 1709.1 1809.4 1992.1 1933.4 1704.2 1985.1 1738.7 1570.7 1261.5 1299.8 1177.6 1326.2 1279.7 1733.3 1531.9 1604.5 1914.2 1912.2 2017.1 1992.5 2079.4 2107.6 1977.0 1946.3 1950.2 2009.1 1989.4 1855.6 1937.9 1887.0 1944.7 1754.7 1659.8 1678.6 1722.6 1817.3 1732.9 1830.7 1902.3 1929.2 1959.3 1967.1 2046.2 2032.6 2067.6 2136.6 2130.0 2100.4 2093.4 2058.3 2076.5 2049.6 1942.9 2026.7 2083.0
-999.0 -999.0 -999.0 -999.0 -999.0 -999.0 -999.0 -999.0 -999.0 -999.0 -999.0 -999.0 -999.0 2105.7 2066.5 2065.2 2053.8 2100.2 2147.4 2110.6 2138.1 2106.1 1801.8 1616.8 1450.5 882.9 1457.9 1593.1 1547.4 1821.5 1320.7 1309.1 1474.1 1827.6 1994.9 1979.2 1998.7 2018.7 1967.9 1905.1 1951.2 1960.6 1944.3 1868.3 1827.1 1939.2 1917.9 1754.1 1749.7 1762.5 1753.5 1772.5 1811.0 1962.9 1947.3 2032.7 2123.5 2022.4 2063.1 2134.1 2190.3 2169.6 2084.4 2103.9 2087.7 2057.0 2039.6 2032.6 1902.1 1978.9 2060.9
-999.0 -999.0 -999.0 -999.0 -999.0 -999.0 -999.0 -999.0 -999.0 -999.0 -999.0 -999.0 2079.1 1904.9 1971.6 2027.0 -999.0 -999.0 -999.0 -999.0 2127.6 1476.3 1492.8 1501.9 1346.3 1473.1 1568.9 1244.1 1305.3 1522.9 866.2 1137.4 1464.4 1519.5 1852.1 2072.1 2006.2 1972.5 1991.1 1966.7 1974.4 1986.9 1925.9 1965.8 1817.8 1896.5 1889.1 1854.7 1823.6 1810.9 1827.8 1936.2 1963.3 2007.1 2045.4 2089.6 2144.8 2147.0 2123.9 2137.6 2139.1 2109.7 2097.5 2093.9 2029.3 1978.4 1972.9 1990.4 1929.4 1972.7 2002.7
-999.0 -999.0 -999.0 -999.0 -999.0 -999.0 -999.0 -999.0 -999.0 -999.0 -999.0 -999.0 1998.3 1727.9 2091.4 2144.1 -999.0 -999.0 -999.0 -999.0 2170.9 1694.6 1358.6 1773.1 1327.1 1338.7 1369.1 1121.9 1053.0 1377.2 1087.9 1716.5 1690.3 1793.5 1946.3 2079.8 2049.9 1986.6 1976.7 1930.5 1881.8 1992.7 1933.1 1954.2 1926.9 1844.2 1925.5 1901.6 1966.8 1894.2 1827.7 1827.6 1862.0 2023.4 2091.1 2111.7 2118.2 2056.0 2064.6 2039.3 2044.2 2042.5 1960.8 2019.8 1856.5 1867.0 1866.9 1965.4 1944.3 1982.8 2014.0
-999.0 -999.0 -999.0 -999.0 -999.0 -999.0 -999.0 -999.0 -999.0 -999.0 -999.0 -999.0 -999.0 -999.0 -999.0 -999.0 -999.0 -999.0 -999.0 -999.0 2160.9 1585.2 1579.7 1780.5 1514.4 1659.6 1084.7 1176.4 1615.0 1365.0 1439.5 1633.8 1648.5 1908.7 2023.3 2104.0 1980.4 1987.7 1957.1 1940.7 1972.8 2010.8 2029.8 2031.5 1983.5 1914.9 1964.5 1989.9 1974.1 1938.5 1977.7 1931.1 1916.3 2088.6 1970.5 1888.9 1998.8 2001.5 2027.6 2077.8 2017.0 1938.6 1835.8 1872.7 1935.1 1909.9 1869.8 1941.9 1931.0 1988.3 2011.7
-999.0 -999.0 -999.0 -999.0 -999.0 -999.0 -999.0 -999.0 -999.0 -999.0 -999.0 -999.0 -999.0 -999.0 -999.0 -999.0 -999.0 -999.0 -999.0 -999.0 -999.0 1579.6 2195.4 2042.6 1648.5 1208.8 1307.1 1199.2 1273.3 1677.3 1616.5 1568.7 1940.0 2002.6 2097.3 2091.8 2058.9 2014.2 2015.9 2003.4 2016.2 2051.3 2071.2 2040.9 2027.6 1948.0 1944.0 1992.7 1825.3 1916.2 2045.0 2058.3 2047.8 2035.4 2038.8 1920.9 1899.8 1976.3 1898.1 2055.7 2075.4 1974.9 1998.1 1959.1 1953.3 1985.5 1906.0 1941.9 1976.1 2037.3 2018.4
-999.0 -999.0 -999.0 -999.0 -999.0 -999.0 -999.0 -999.0 -999.0 -999.0 -999.0 -999.0 -999.0 -999.0 -999.0 -999.0 -999.0 -999.0 -999.0 -999.0 -999.0 1930.7 1402.1 1323.2 1498.8 1536.1 1616.1 1424.7 1644.0 1645.6 1842.1 2005.2 1806.5 2033.9 2087.5 1900.6 1939.8 1997.6 2040.7 2092.2 2083.4 2013.3 2044.9 1937.6 1941.1 1945.1 1945.2 1982.3 1838.7 1821.4 1975.4 2059.0 2084.5 2057.0 2033.8 1999.1 1951.6 1913.7 1766.0 1937.2 2112.5 2077.4 1998.2 1889.1 1819.6 1860.5 1962.5 1947.4 1996.8 2039.1 2082.6
-999.0 -999.0 -999.0 -999.0 -999.0 -999.0 -999.0 -999.0 -999.0 -999.0 -999.0 -999.0 -999.0 -999.0 -999.0 -999.0 -999.0 -999.0 -999.0 -999.0 1968.6 1802.1 1941.9 1185.9 1642.0 1733.0 1487.7 1539.5 1699.9 1464.4 1868.6 1997.6 1750.0 2100.6 1520.9 1799.8 1955.4 1970.1 1899.1 2035.2 2052.5 1794.8 1846.8 1921.6 2025.7 1970.0 1969.0 1993.1 1968.3 1975.0 2026.6 2071.1 2067.7 2066.3 2044.6 1983.4 2004.2 1913.3 1963.7 2067.1 2114.2 2046.8 1941.4 1845.4 1793.4 1842.8 1981.7 1990.1 2021.0 2046.9 2091.3
-999.0 -999.0 -999.0 -999.0 -999.0 -999.0 -999.0 -999.0 -999.0 -999.0 -999.0 -999.0 -999.0 -999.0 -999.0 -999.0 -999.0 -999.0 -999.0 -999.0 2181.0 1932.8 1289.0 1762.3 2111.1 1837.0 1758.0 1576.9 1408.4 1479.1 1838.9 1954.2 1915.1 2044.0 1933.5 1891.0 1817.6 1786.9 1987.1 1968.6 1976.2 1963.3 1918.8 2028.2 2031.3 1969.6 1994.5 1972.3 1986.3 2077.2 2073.2 2069.1 2067.0 2063.8 2066.5 2043.8 2047.5 1978.0 1968.5 2050.5 2098.6 1996.1 1851.1 1758.9 1858.3 1847.4 1890.2 1967.0 2049.3 1975.3 2086.5
-999.0 -999.0 -999.0 -999.0 -999.0 -999.0 -999.0 -999.0 -999.0 -999.0 -999.0 -999.0 -999.0 -999.0 -999.0 -999.0 -999.0 -999.0 -999.0 -999.0 2217.6 1758.5 2191.5 1873.7 1885.4 1724.8 1705.9 1275.8 1495.7 1405.3 1728.4 1875.0 2036.3 2051.3 1948.6 1696.5 1580.3 1450.9 1894.5 1744.9 1879.1 1891.5 1930.1 2078.1 2030.9 2001.1 2019.4 2007.4 2084.0 2114.9 2007.0 2024.3 2068.0 2052.6 1945.0 2078.6 2053.2 2023.3 2034.9 2085.5 2072.0 1964.4 1900.8 1881.4 1910.3 1924.1 2013.0 2039.4 2003.0 2003.9 2113.9
-999.0 -999.0 -999.0 -999.0 -999.0 -999.0 -999.0 -999.0 -999.0 -999.0 -999.0 -999.0 -999.0 -999.0 -999.0 -999.0 -999.0 -999.0 -999.0 -999.0 -999.0 2175.2 1810.2 1495.7 1275.1 1189.0 1451.4 1466.3 1674.6 1971.3 2000.1 2052.4 1955.7 1935.0 1998.4 1851.3 1838.4 1527.6 1735.9 1845.7 1885.1 1785.9 1841.8 2051.9 1950.3 2045.4 2085.0 1918.1 2108.7 2130.3 2131.8 2070.2 2085.6 2063.3 1917.6 1991.7 2072.3 2018.0 2042.0 2060.0 2013.4 1927.1 1960.2 1983.3 2039.0 1980.7 2067.1 1980.6 1992.4 2092.8 2132.4
