GDD/GrowingDegreeDays_1981_Actual.txt
ncols         180
nrows         290
xllcorner     -200000
yllcorner     -200000
cellsize      5000
NODATA_value    -999
[rows 128 to 159 of 290, columns 71 to 141 of 180]
-999.0 1147.4 1459.5 1494.3 -999.0 -999.0 -999.0 -999.0 -999.0 -999.0 -999.0 -999.0 -999.0 1365.1 1249.0 1419.8 1223.5 1062.0 1151.3 939.3 783.0 871.3 764.1 888.4 1020.8 1103.9 1063.4 875.2 941.6 1023.9 1251.1 1008.3 721.8 919.3 797.2 987.4 1011.7 1193.8 1176.8 1068.6 1114.5 1094.0 999.1 886.0 801.0 855.1 985.4 1085.6 1121.9 1229.1 1121.0 1115.6 1233.3 1329.7 -999.0 -999.0 -999.0 -999.0 -999.0 -999.0 -999.0 -999.0 -999.0 -999.0 -999.0 -999.0 -999.0 -999.0 -999.0 -999.0 -999.0
-999.0 -999.0 -999.0 -999.0 -999.0 -999.0 -999.0 -999.0 -999.0 -999.0 -999.0 -999.0 -999.0 1421.2 1472.7 1134.3 1209.5 1032.1 1141.2 893.6 881.1 716.8 774.2 802.1 910.2 957.6 1133.2 656.3 735.3 1046.4 1289.4 994.3 803.6 981.1 948.6 850.5 1073.4 943.9 892.3 1017.4 891.2 886.3 722.3 1006.8 1001.6 945.4 952.6 975.3 1160.8 1321.5 1257.0 1282.4 1322.4 1386.6 1436.1 -999.0 -999.0 -999.0 -999.0 -999.0 -999.0 -999.0 -999.0 -999.0 -999.0 -999.0 -999.0 -999.0 -999.0 -999.0 -999.0
-999.0 -999.0 -999.0 -999.0 -999.0 -999.0 -999.0 -999.0 -999.0 -999.0 -999.0 -999.0 1650.3 1252.6 1095.0 1100.5 1016.9 1010.8 1085.7 1138.3 847.1 858.8 782.0 840.5 868.6 1073.1 1283.0 1044.0 970.7 1008.5 1219.2 1211.2 1031.2 1004.5 1003.6 970.8 787.8 1049.8 1086.6 1050.9 1065.9 734.9 896.7 794.6 868.1 1038.7 1024.2 1011.3 1015.2 1013.7 1280.0 1353.2 1367.3 1382.8 1453.3 -999.0 -999.0 -999.0 -999.0 -999.0 -999.0 -999.0 -999.0 -999.0 -999.0 -999.0 -999.0 -999.0 -999.0 -999.0 -999.0
-999.0 -999.0 -999.0 -999.0 -999.0 -999.0 -999.0 -999.0 -999.0 -999.0 -999.0 -999.0 1336.7 1219.2 1168.8 844.4 893.9 1042.3 1079.5 846.4 1126.8 1034.4 890.6 1003.5 994.3 1228.6 1359.5 1196.6 1129.8 963.1 1277.9 1237.9 1200.8 1113.5 1197.6 897.2 1190.5 922.8 1025.8 1172.6 748.0 1088.7 982.9 930.4 1000.9 952.8 1121.7 1129.4 993.2 1054.5 1217.5 1227.3 1287.3 1363.9 1422.8 -999.0 -999.0 -999.0 -999.0 -999.0 -999.0 -999.0 -999.0 -999.0 -999.0 -999.0 -999.0 -999.0 -999.0 -999.0 -999.0
-999.0 -999.0 -999.0 -999.0 -999.0 -999.0 -999.0 -999.0 -999.0 -999.0 -999.0 1289.3 1310.2 1264.5 997.9 1060.8 1029.9 623.6 907.3 929.4 1151.3 1057.8 1031.7 1130.0 1012.4 1063.6 1233.2 1136.0 1192.7 1347.3 1390.9 1300.0 1129.1 1119.7 936.1 1088.9 1220.9 924.2 1136.2 1091.9 782.4 1041.5 1123.3 1184.9 1070.4 980.9 1039.2 1030.1 1037.7 1168.3 1219.7 1281.7 1358.2 1368.5 1417.7 -999.0 -999.0 -999.0 -999.0 -999.0 -999.0 -999.0 -999.0 -999.0 -999.0 -999.0 -999.0 -999.0 -999.0 -999.0 -999.0
-999.0 -999.0 -999.0 -999.0 -999.0 -999.0 -999.0 -999.0 -999.0 -999.0 1455.9 1254.2 1109.7 1276.1 1181.1 1083.3 1122.9 947.5 1059.0 700.3 1209.0 1264.5 1165.2 1115.8 1098.9 1084.1 1241.9 1377.6 1461.7 1251.0 1407.7 1400.9 1214.6 1168.4 1172.9 1177.1 1277.3 1102.1 1261.3 1123.4 849.6 927.0 923.0 1005.8 1059.2 1137.2 1176.5 1044.5 1118.9 1182.7 1215.4 1273.3 1313.4 1403.4 1437.8 1484.1 -999.0 -999.0 -999.0 -999.0 -999.0 -999.0 -999.0 -999.0 -999.0 -999.0 -999.0 -999.0 -999.0 -999.0 -999.0
-999.0 -999.0 -999.0 -999.0 -999.0 -999.0 -999.0 -999.0 -999.0 -999.0 1171.0 856.4 1057.1 1137.2 1205.9 1210.5 1278.0 701.5 913.5 1066.1 1107.1 1307.6 1282.8 1192.5 1229.4 958.8 1331.7 1460.0 1476.4 1480.9 1238.0 1411.2 1208.9 1254.9 1216.5 1267.4 1265.1 1264.2 1113.2 1218.8 1039.4 980.4 1025.4 976.5 1106.2 1208.1 1249.9 1154.1 1208.7 1139.8 1218.2 1325.5 1426.5 1390.0 1415.7 1473.5 -999.0 -999.0 -999.0 -999.0 -999.0 -999.0 -999.0 -999.0 -999.0 -999.0 -999.0 -999.0 -999.0 -999.0 -999.0
-999.0 -999.0 -999.0 -999.0 -999.0 -999.0 -999.0 -999.0 1412.7 1326.3 1056.5 1055.8 1083.1 1062.8 1209.9 1196.7 1313.4 961.6 1042.1 1033.7 1149.7 1190.8 1367.7 1213.3 1186.4 1264.6 1301.8 1349.1 1540.3 1509.7 1371.5 1382.7 1372.0 1336.8 1310.9 1367.7 1377.1 1267.0 1277.1 1276.5 1005.5 1050.7 1066.9 1079.3 1024.7 1165.7 1225.2 1358.7 1274.9 1240.1 1286.6 1348.2 1440.2 1439.2 1432.6 1448.7 -999.0 -999.0 -999.0 -999.0 -999.0 -999.0 -999.0 -999.0 -999.0 -999.0 -999.0 -999.0 -999.0 -999.0 -999.0
-999.0 -999.0 -999.0 -999.0 -999.0 -999.0 -999.0 -999.0 1320.7 1268.7 1320.6 1088.6 1132.9 1068.0 1232.9 1309.8 1325.8 1290.8 1216.8 910.4 1122.4 1206.5 1382.2 1412.4 1361.3 1372.3 1385.3 1347.8 1474.4 1388.0 1477.2 1451.5 1441.9 1414.2 1428.9 1444.2 1473.5 1435.6 1318.9 1304.0 1311.7 1194.4 1149.1 1161.5 1193.4 1246.5 1465.9 1337.7 1135.2 1212.6 1348.6 1378.4 1433.9 1442.8 1502.8 1477.1 1516.9 -999.0 -999.0 -999.0 -999.0 -999.0 -999.0 -999.0 -999.0 -999.0 -999.0 -999.0 -999.0 -999.0 -999.0
-999.0 -999.0 -999.0 -999.0 -999.0 -999.0 -999.0 -999.0 1302.4 1253.6 1392.8 1169.2 1287.4 1212.3 1284.9 1340.4 1313.2 1402.1 1146.0 1135.2 1196.8 1095.4 1347.2 1416.8 1357.8 1419.6 1300.3 1051.2 1370.3 -999.0 -999.0 -999.0 1466.6 1427.7 -999.0 1496.2 1508.2 1478.3 1448.7 1409.2 1268.6 1123.9 1210.7 1225.6 1181.3 1285.0 1215.2 1201.1 1322.8 1416.5 1472.5 1487.3 1438.0 1626.5 1619.6 1565.3 1521.8 -999.0 -999.0 -999.0 -999.0 -999.0 -999.0 -999.0 -999.0 -999.0 -999.0 -999.0 -999.0 -999.0 -999.0
1541.7 -999.0 -999.0 -999.0 -999.0 -999.0 -999.0 -999.0 1442.9 1162.0 1350.5 1379.7 1331.8 1279.9 1280.9 1307.3 1384.3 1416.5 1393.1 1028.0 1201.3 1135.0 1340.6 1385.0 1228.0 1445.5 1392.0 1386.3 1425.3 -999.0 -999.0 -999.0 1469.3 1445.6 1430.1 1467.7 1516.8 1502.6 1493.5 1303.1 1076.1 990.7 1136.6 953.0 1172.9 1226.1 1064.0 1249.4 1203.5 1225.1 1308.1 1517.9 1439.7 1347.4 1499.2 1512.5 1549.1 -999.0 -999.0 -999.0 -999.0 -999.0 -999.0 -999.0 -999.0 -999.0 -999.0 -999.0 -999.0 -999.0 -999.0
1362.3 1417.7 -999.0 -999.0 -999.0 -999.0 -999.0 -999.0 -999.0 1302.1 1250.9 1408.1 -999.0 1357.9 1305.3 1323.5 1340.3 1427.4 -999.0 1404.0 1457.9 1300.9 1388.0 1325.9 1314.1 1465.3 1466.6 -999.0 -999.0 -999.0 -999.0 1462.7 1449.5 1444.3 1458.3 1439.7 1439.2 1473.0 1416.9 1322.5 1035.5 749.1 1138.6 844.7 1082.2 994.2 950.4 1149.8 1075.0 1211.3 1359.3 1285.1 1291.3 1385.3 1531.8 1469.6 1430.8 1588.3 -999.0 -999.0 -999.0 -999.0 -999.0 -999.0 -999.0 -999.0 -999.0 -999.0 -999.0 -999.0 -999.0
1247.8 -999.0 -999.0 -999.0 -999.0 -999.0 -999.0 -999.0 -999.0 -999.0 1347.5 -999.0 -999.0 -999.0 1452.1 1330.4 1331.1 1366.8 1433.9 -999.0 -999.0 1395.7 1471.5 1310.9 1261.6 -999.0 -999.0 -999.0 -999.0 -999.0 1505.2 1394.5 1406.7 1417.0 1435.1 1385.5 1428.3 1363.0 1289.3 1363.8 1178.2 921.7 757.0 914.2 821.2 810.8 828.8 1020.1 1014.3 1014.5 1115.8 1293.1 1331.5 1328.7 1512.4 1458.1 1382.5 1443.2 -999.0 -999.0 -999.0 -999.0 -999.0 -999.0 -999.0 -999.0 -999.0 -999.0 -999.0 -999.0 -999.0
-999.0 -999.0 -999.0 -999.0 -999.0 -999.0 -999.0 -999.0 -999.0 -999.0 1422.2 1428.6 -999.0 -999.0 -999.0 1451.1 1287.3 1292.8 1367.8 -999.0 -999.0 -999.0 -999.0 1504.7 -999.0 -999.0 -999.0 -999.0 -999.0 -999.0 1519.3 1437.1 1419.1 1316.4 1232.6 1234.4 1327.6 1335.1 1382.5 1353.6 1268.9 999.1 799.1 967.8 683.9 771.1 753.0 964.2 974.8 896.2 1086.7 1235.5 1327.2 1464.1 1519.2 1423.2 1351.7 1416.7 -999.0 -999.0 -999.0 -999.0 -999.0 -999.0 -999.0 -999.0 -999.0 -999.0 -999.0 -999.0 -999.0
1677.7 1650.6 1610.1 -999.0 -999.0 -999.0 -999.0 -999.0 -999.0 -999.0 -999.0 1303.2 -999.0 -999.0 -999.0 -999.0 1440.9 1335.5 1413.1 -999.0 -999.0 -999.0 -999.0 -999.0 -999.0 -999.0 -999.0 -999.0 -999.0 1552.5 1462.0 1319.2 1230.7 1200.3 1113.6 1141.2 1226.7 1264.4 1363.2 1310.4 1291.1 1115.3 666.9 612.7 655.3 743.0 976.1 1087.8 1069.1 1169.8 1319.8 1192.5 1216.9 1448.9 1456.2 1382.2 1342.2 1416.6 1555.8 -999.0 -999.0 -999.0 -999.0 -999.0 -999.0 -999.0 -999.0 -999.0 -999.0 -999.0 -999.0
1387.8 1405.4 1495.0 1553.8 -999.0 -999.0 -999.0 -999.0 -999.0 -999.0 -999.0 1223.5 -999.0 -999.0 -999.0 -999.0 -999.0 -999.0 -999.0 -999.0 -999.0 -999.0 -999.0 -999.0 -999.0 -999.0 -999.0 -999.0 -999.0 1466.8 1410.5 1380.4 1345.5 1404.4 928.0 1085.0 1181.0 1094.0 1345.4 1231.5 1432.6 1256.4 794.7 559.4 730.7 882.3 667.4 648.8 784.0 943.8 1054.2 1380.9 1354.3 1382.9 1314.0 1369.6 1402.9 1417.6 1530.5 1649.0 -999.0 -999.0 -999.0 -999.0 -999.0 -999.0 -999.0 -999.0 -999.0 -999.0 -999.0
1444.7 1483.3 1467.0 1515.0 -999.0 -999.0 -999.0 -999.0 -999.0 -999.0 -999.0 -999.0 -999.0 -999.0 -999.0 -999.0 -999.0 -999.0 -999.0 -999.0 -999.0 -999.0 -999.0 -999.0 -999.0 -999.0 -999.0 -999.0 1583.3 1473.3 1350.8 1412.1 1132.6 1514.1 645.9 686.3 1230.5 1193.9 1301.5 1369.1 1302.0 1360.0 1152.4 618.1 685.1 822.0 897.8 990.2 889.2 951.0 1050.3 1224.3 1355.6 1392.7 1417.7 1433.1 1396.0 1472.9 1623.0 1673.6 -999.0 -999.0 -999.0 -999.0 -999.0 -999.0 -999.0 -999.0 -999.0 -999.0 -999.0
1520.5 1553.0 1553.0 1504.5 -999.0 -999.0 -999.0 -999.0 -999.0 -999.0 -999.0 -999.0 -999.0 -999.0 -999.0 -999.0 -999.0 -999.0 -999.0 -999.0 -999.0 -999.0 -999.0 -999.0 -999.0 -999.0 -999.0 -999.0 1573.9 1329.7 1383.6 1216.2 737.6 1193.7 1417.1 1024.2 963.1 1119.0 1163.0 1252.0 1287.8 1346.8 1304.1 1198.3 672.5 807.3 861.0 1002.1 1042.5 1077.6 1230.5 1279.4 1327.9 1303.7 1439.2 1375.4 1439.5 1462.8 1587.2 1673.3 1667.1 1632.3 1619.3 -999.0 -999.0 -999.0 -999.0 -999.0 -999.0 -999.0 -999.0
1463.6 1591.6 -999.0 1502.9 1542.0 -999.0 -999.0 -999.0 -999.0 -999.0 -999.0 -999.0 -999.0 -999.0 -999.0 -999.0 -999.0 -999.0 -999.0 -999.0 -999.0 -999.0 -999.0 -999.0 -999.0 -999.0 -999.0 -999.0 1538.4 1340.5 1259.1 988.9 1287.2 1203.0 1101.6 885.4 1092.8 1176.0 894.8 1263.2 1111.9 1286.3 1362.9 1392.1 1123.4 918.4 922.3 992.4 1052.2 1213.4 1225.7 1299.2 1389.6 1467.8 1460.0 1471.1 1448.4 1504.3 1563.8 1611.8 1376.2 1478.3 1406.7 1398.1 1490.6 -999.0 -999.0 -999.0 -999.0 -999.0 -999.0
1428.1 1504.3 1510.8 1471.6 -999.0 -999.0 -999.0 -999.0 -999.0 -999.0 -999.0 -999.0 -999.0 -999.0 -999.0 -999.0 -999.0 -999.0 -999.0 -999.0 -999.0 -999.0 -999.0 -999.0 -999.0 -999.0 -999.0 -999.0 1534.9 1326.3 1153.3 789.9 686.8 917.5 1191.3 1129.7 1050.1 867.3 1165.5 891.5 1035.2 1165.1 1240.0 1283.3 1343.5 1237.7 932.8 973.5 1053.8 1130.8 1206.3 1287.1 1350.2 1432.8 1501.7 1489.8 1500.9 1552.8 1563.2 1548.0 1443.3 1204.6 1239.6 1262.1 1258.3 1352.2 1582.7 -999.0 -999.0 -999.0 -999.0
1495.3 1514.4 1465.3 1423.0 -999.0 -999.0 -999.0 -999.0 -999.0 -999.0 -999.0 -999.0 -999.0 -999.0 -999.0 -999.0 -999.0 -999.0 -999.0 -999.0 -999.0 -999.0 -999.0 -999.0 -999.0 -999.0 -999.0 -999.0 1559.3 1452.5 1145.2 967.1 1278.5 528.0 703.4 1200.5 1045.9 1192.4 876.0 814.7 1043.5 1178.5 1171.0 1143.4 1268.4 753.6 840.3 861.7 845.6 863.0 961.7 1247.8 1234.2 1414.2 1496.0 1511.2 1525.4 1555.0 1589.5 1593.7 1505.2 1279.7 1355.2 1388.2 1341.7 1305.7 1540.0 1406.8 -999.0 -999.0 -999.0
1543.9 1512.4 1401.6 1479.4 -999.0 -999.0 -999.0 -999.0 -999.0 -999.0 -999.0 -999.0 -999.0 -999.0 -999.0 -999.0 1609.8 1602.4 1638.1 -999.0 -999.0 -999.0 -999.0 -999.0 -999.0 -999.0 -999.0 -999.0 -999.0 1583.3 1463.5 1352.5 1186.8 1132.2 909.4 1379.4 1594.6 1131.9 1115.5 1121.2 1160.9 1040.4 1040.0 1123.7 1078.5 894.3 894.9 696.6 789.4 960.6 1060.2 1085.6 1257.6 1416.2 1490.5 1528.3 1510.2 1557.6 1573.8 1211.0 1278.2 1025.9 1006.3 1099.0 1175.9 1385.7 1220.3 1317.3 1547.8 -999.0 -999.0
1619.4 1495.8 1506.8 -999.0 -999.0 -999.0 -999.0 -999.0 -999.0 -999.0 -999.0 -999.0 -999.0 -999.0 -999.0 -999.0 1575.0 1574.2 -999.0 -999.0 -999.0 -999.0 -999.0 -999.0 -999.0 -999.0 -999.0 -999.0 -999.0 -999.0 1519.3 1526.8 1193.6 1240.7 710.1 1257.3 1245.0 1302.3 1409.2 1379.9 1300.9 1297.3 719.9 1112.3 1032.4 722.7 909.9 1148.3 1231.8 944.5 1253.8 1116.3 1319.7 1466.5 1549.5 1552.8 1530.8 1471.4 1282.8 1194.9 1243.9 1251.4 1296.9 1225.2 1150.3 1197.8 1188.3 1326.0 1323.8 -999.0 -999.0
1491.2 1455.6 -999.0 -999.0 -999.0 -999.0 -999.0 -999.0 -999.0 -999.0 -999.0 -999.0 -999.0 -999.0 -999.0 1548.7 1222.9 1303.7 1567.5 -999.0 -999.0 -999.0 -999.0 -999.0 -999.0 -999.0 -999.0 -999.0 -999.0 -999.0 1532.0 1279.9 1179.4 1168.9 1315.5 1236.6 1394.2 1412.2 1420.9 1425.3 1252.1 1319.9 1351.8 740.6 1008.6 1053.7 851.2 1045.6 888.1 1107.4 1102.2 1274.9 1384.8 1486.8 1532.5 1588.5 1552.6 1409.9 1308.2 1359.8 1292.1 1232.9 1267.1 1219.2 1236.6 1240.9 1244.8 1412.0 1324.8 1598.6 -999.0
-999.0 -999.0 -999.0 -999.0 -999.0 -999.0 -999.0 -999.0 -999.0 -999.0 -999.0 -999.0 -999.0 -999.0 1605.4 1161.6 1033.7 899.5 1574.4 -999.0 -999.0 -999.0 -999.0 -999.0 -999.0 -999.0 -999.0 -999.0 -999.0 -999.0 1547.7 1102.5 1219.3 1540.6 1381.2 1457.9 1395.8 1520.7 1495.2 1371.8 1260.4 1438.5 908.4 1065.8 846.7 1039.2 757.3 1219.1 1128.9 1285.6 1159.1 1324.4 1366.5 1429.4 1576.7 1594.8 1557.5 1482.9 1264.0 1253.0 1303.6 1404.9 1373.4 1368.4 1346.1 1331.1 1242.9 1274.5 1412.2 1474.4 -999.0
-999.0 -999.0 -999.0 -999.0 -999.0 -999.0 -999.0 -999.0 -999.0 -999.0 -999.0 -999.0 -999.0 1590.0 1500.2 883.0 1190.4 1371.8 -999.0 -999.0 -999.0 -999.0 -999.0 -999.0 -999.0 -999.0 -999.0 -999.0 -999.0 -999.0 -999.0 1533.1 1564.6 1588.5 1365.8 1541.2 1369.3 1528.4 1505.5 1450.5 1337.3 1450.9 957.7 919.6 793.7 822.7 777.5 847.7 866.7 978.0 1090.8 1138.7 1230.3 1454.9 1537.2 1538.5 1469.6 1452.2 1446.4 1188.5 1324.6 1537.9 1541.4 1480.5 1498.6 1491.2 1499.5 1505.0 1581.1 1593.1 1536.5
-999.0 -999.0 -999.0 -999.0 -999.0 -999.0 -999.0 -999.0 -999.0 -999.0 -999.0 -999.0 -999.0 1319.8 1090.0 1424.2 1519.2 1614.7 -999.0 -999.0 -999.0 -999.0 -999.0 -999.0 -999.0 -999.0 -999.0 -999.0 -999.0 -999.0 -999.0 -999.0 1636.3 1502.2 1536.1 1544.1 1434.8 1529.0 1532.1 1485.8 1331.8 1451.6 978.9 1019.7 1043.1 852.5 920.7 1001.1 763.6 797.1 1075.7 1033.4 1187.5 1280.4 1471.0 1510.4 1466.1 1470.1 1503.1 1510.6 1537.9 1602.3 1561.8 1504.4 1473.8 1492.6 1526.2 1545.1 1556.8 1338.2 1342.9
-999.0 -999.0 -999.0 -999.0 -999.0 -999.0 -999.0 -999.0 -999.0 -999.0 -999.0 -999.0 -999.0 1302.0 1368.4 1376.1 1614.7 -999.0 -999.0 -999.0 -999.0 -999.0 -999.0 -999.0 -999.0 -999.0 -999.0 -999.0 -999.0 -999.0 -999.0 -999.0 1661.7 1510.1 1501.3 -999.0 1537.5 -999.0 1619.6 1565.9 1485.4 1499.0 1430.9 1004.7 1048.6 1022.1 783.0 1221.7 1175.8 832.0 973.6 1074.4 1166.0 1315.9 1449.1 1532.6 1585.6 1584.9 1557.6 1566.0 1530.9 1453.7 1521.7 1430.7 1465.0 1526.5 1482.9 1395.7 1437.0 1480.0 1471.9
-999.0 -999.0 -999.0 -999.0 -999.0 -999.0 -999.0 -999.0 -999.0 -999.0 -999.0 -999.0 1550.0 1557.2 1546.0 -999.0 -999.0 -999.0 -999.0 -999.0 -999.0 -999.0 -999.0 -999.0 -999.0 -999.0 -999.0 -999.0 -999.0 -999.0 -999.0 -999.0 1662.7 1619.4 1595.1 -999.0 -999.0 -999.0 1656.6 1425.8 1553.3 1438.2 1315.7 1367.9 1336.6 1222.5 945.1 934.6 1264.4 991.0 918.3 1134.9 1108.0 1250.2 1375.6 1573.0 1601.1 1609.1 1602.0 1591.7 1572.2 1545.7 1534.4 1475.4 1540.2 1493.7 1418.3 1368.8 1356.5 1372.3 1425.1
-999.0 -999.0 -999.0 -999.0 -999.0 -999.0 -999.0 -999.0 -999.0 -999.0 -999.0 -999.0 -999.0 -999.0 -999.0 -999.0 -999.0 -999.0 -999.0 -999.0 -999.0 -999.0 -999.0 -999.0 -999.0 -999.0 -999.0 -999.0 -999.0 -999.0 -999.0 -999.0 -999.0 -999.0 -999.0 -999.0 -999.0 1665.6 1624.7 1460.4 1243.3 1164.7 1155.7 1152.2 1244.0 1228.6 1040.9 1063.1 1172.7 1321.0 1128.5 1063.6 1206.0 1299.2 1405.6 1503.6 1563.2 1561.4 1601.4 1616.7 1622.5 1621.5 1595.4 1592.6 1496.5 1287.3 1412.3 1378.9 1464.3 1465.1 1526.7
-999.0 -999.0 -999.0 -999.0 -999.0 -999.0 -999.0 -999.0 -999.0 -999.0 -999.0 -999.0 -999.0 -999.0 -999.0 -999.0 -999.0 -999.0 -999.0 -999.0 -999.0 -999.0 -999.0 -999.0 -999.0 -999.0 -999.0 -999.0 -999.0 -999.0 -999.0 -999.0 -999.0 -999.0 -999.0 -999.0 -999.0 1601.2 1504.8 1284.2 1056.5 905.9 1039.5 1286.6 1197.4 1393.4 1314.7 1362.2 1234.3 1181.7 1156.8 1171.5 1224.3 1326.4 1391.7 1445.5 1547.4 1553.3 1606.2 1638.6 1672.1 1665.6 1627.0 1603.8 1542.2 1253.1 1325.0 1478.5 1532.5 1563.7 1569.1
-999.0 -999.0 -999.0 -999.0 -999.0 -999.0 -999.0 -999.0 -999.0 -999.0 -999.0 -999.0 -999.0 -999.0 -999.0 -999.0 -999.0 -999.0 -999.0 -999.0 -999.0 -999.0 -999.0 -999.0 -999.0 -999.0 -999.0 -999.0 -999.0 -999.0 -999.0 -999.0 -999.0 -999.0 -999.0 -999.0 -999.0 1570.4 1543.8 1432.4 1201.5 1119.2 1182.6 1291.1 1314.3 1359.0 1300.8 1383.1 1394.7 1353.8 1506.8 1205.4 1340.9 1273.7 1377.9 1418.6 1544.9 1571.8 1591.5 1636.8 1703.5 1656.4 1650.8 1606.5 1585.3 1432.0 1390.0 1481.4 1556.9 1585.9 1606.3
