GDD/GrowingDegreeDays_1986_Actual.txt
ncols         180
nrows         290
xllcorner     -200000
yllcorner     -200000
cellsize      5000
NODATA_value    -999
[rows 160 to 191 of 290, columns 72 to 143 of 180]
-999.0 -999.0 -999.0 -999.0 -999.0 -999.0 -999.0 -999.0 -999.0 -999.0 -999.0 -999.0 -999.0 -999.0 -999.0 -999.0 -999.0 -999.0 -999.0 -999.0 -999.0 -999.0 -999.0 -999.0 -999.0 -999.0 -999.0 -999.0 -999.0 -999.0 -999.0 -999.0 -999.0 -999.0 1442.2 1424.7 1410.0 1373.2 1146.1 1044.9 832.8 1085.8 976.0 1332.2 1227.4 1235.3 1121.9 1064.1 1130.2 1065.9 1370.4 1369.8 1370.9 1390.8 1428.2 1348.5 1415.2 1433.3 1407.6 1442.0 1496.8 1471.7 1436.2 1416.5 1404.4 1292.3 1352.2 1425.2 1464.6 1475.7 1444.4 1437.2
-999.0 -999.0 -999.0 -999.0 -999.0 -999.0 -999.0 -999.0 -999.0 -999.0 -999.0 -999.0 -999.0 -999.0 -999.0 -999.0 -999.0 -999.0 -999.0 -999.0 -999.0 -999.0 -999.0 -999.0 -999.0 -999.0 -999.0 -999.0 -999.0 -999.0 -999.0 -999.0 -999.0 -999.0 1447.9 1430.7 1453.3 1487.1 1421.7 1151.7 1322.0 1292.2 1383.2 1265.0 1028.5 1155.1 1021.8 1074.8 1026.0 1366.3 1136.8 1333.6 1250.1 1303.1 1303.1 1380.3 1396.0 1426.6 1440.5 1448.6 1461.9 1428.8 1397.8 1409.0 1423.8 1410.7 1341.5 1408.3 1469.0 1485.2 1479.3 1445.9
-999.0 -999.0 -999.0 -999.0 -999.0 -999.0 -999.0 -999.0 -999.0 -999.0 -999.0 -999.0 -999.0 -999.0 -999.0 -999.0 -999.0 -999.0 -999.0 -999.0 -999.0 -999.0 -999.0 -999.0 -999.0 -999.0 -999.0 -999.0 -999.0 -999.0 -999.0 -999.0 -999.0 -999.0 1449.9 1454.0 1424.9 1529.0 1488.9 1385.2 1337.0 1371.2 1422.0 1287.9 1186.0 1181.7 1030.8 913.7 1156.2 1264.4 1448.3 1353.0 1515.5 1457.3 1396.5 1353.4 1394.6 1405.5 1445.4 1420.3 1434.8 1417.7 1395.8 1405.2 1423.4 1427.9 1372.6 1353.5 1471.8 1557.4 1557.6 1474.2
-999.0 -999.0 -999.0 -999.0 -999.0 -999.0 -999.0 -999.0 -999.0 -999.0 -999.0 -999.0 -999.0 -999.0 -999.0 -999.0 -999.0 -999.0 -999.0 -999.0 -999.0 -999.0 -999.0 -999.0 -999.0 -999.0 -999.0 -999.0 -999.0 -999.0 -999.0 -999.0 -999.0 -999.0 1455.8 1435.5 1430.0 1488.6 1507.5 1466.9 1454.4 1358.9 1241.7 1377.7 1296.6 1194.4 862.8 869.6 893.6 1092.3 1304.6 1397.2 1385.8 1503.2 1543.1 1436.6 1376.7 1436.8 1449.6 1436.7 1453.8 1439.3 1426.4 1434.2 1454.7 1472.7 1394.1 1375.9 1550.6 1642.9 1622.5 1559.2
-999.0 -999.0 -999.0 -999.0 -999.0 -999.0 -999.0 -999.0 -999.0 -999.0 -999.0 -999.0 -999.0 -999.0 -999.0 -999.0 -999.0 -999.0 -999.0 -999.0 -999.0 -999.0 -999.0 -999.0 -999.0 -999.0 -999.0 -999.0 -999.0 -999.0 -999.0 -999.0 -999.0 -999.0 1464.5 1461.7 1478.8 1534.2 1537.9 1523.8 1409.4 1370.5 1261.3 1203.4 1038.1 934.5 859.8 1041.2 979.5 1172.4 1258.6 1402.8 1283.3 1391.4 1507.8 1548.5 1534.1 1503.6 1493.6 1469.2 1463.2 1468.8 1462.0 1463.5 1486.0 1488.3 1506.8 1487.0 1587.1 1662.6 1652.2 1580.4
-999.0 -999.0 -999.0 -999.0 -999.0 -999.0 -999.0 -999.0 -999.0 -999.0 -999.0 -999.0 -999.0 -999.0 -999.0 -999.0 -999.0 -999.0 -999.0 -999.0 -999.0 -999.0 -999.0 -999.0 -999.0 -999.0 -999.0 -999.0 -999.0 -999.0 -999.0 -999.0 -999.0 -999.0 -999.0 1440.7 1471.3 1515.3 1529.2 1428.0 1236.3 1189.7 1140.5 1199.1 1203.6 1031.3 1044.9 957.3 1070.4 1292.4 1489.5 1463.1 1412.6 1389.2 1536.5 1535.3 1475.9 1497.2 1525.2 1476.4 1486.2 1491.5 1490.3 1484.9 1493.3 1493.6 1492.8 1536.2 1568.9 1613.8 1610.4 -999.0
-999.0 -999.0 -999.0 -999.0 -999.0 -999.0 -999.0 -999.0 -999.0 -999.0 -999.0 -999.0 -999.0 -999.0 -999.0 -999.0 -999.0 -999.0 -999.0 -999.0 -999.0 -999.0 -999.0 -999.0 -999.0 -999.0 -999.0 -999.0 -999.0 -999.0 -999.0 -999.0 -999.0 -999.0 1499.6 1447.5 1481.5 1517.8 1504.2 1426.6 1109.8 1059.5 1175.4 997.9 1025.5 1086.7 1095.4 862.4 1041.1 1048.6 1265.0 1567.7 1371.7 1499.2 1581.5 1487.2 1478.2 1531.2 1494.5 1505.4 1506.3 1496.8 1493.7 1489.4 1491.2 1394.6 1468.4 1504.7 1422.4 1472.4 1517.8 1512.9
-999.0 -999.0 -999.0 -999.0 -999.0 -999.0 -999.0 -999.0 -999.0 -999.0 -999.0 -999.0 -999.0 -999.0 -999.0 -999.0 -999.0 -999.0 -999.0 -999.0 -999.0 -999.0 -999.0 -999.0 -999.0 -999.0 -999.0 -999.0 -999.0 -999.0 -999.0 -999.0 -999.0 -999.0 1509.7 1498.1 1496.0 1515.1 1368.3 1420.2 1330.6 1080.0 1283.3 1267.6 1232.2 1301.9 1263.0 1017.8 1080.5 1100.6 1395.6 1322.2 1239.6 1447.2 1384.9 1443.1 1407.0 1451.3 1479.6 1522.1 1521.9 1505.3 1496.3 1480.7 1500.3 1487.2 1432.2 1493.2 1456.4 1411.8 1467.0 1495.3
-999.0 -999.0 -999.0 -999.0 -999.0 -999.0 -999.0 -999.0 -999.0 -999.0 -999.0 -999.0 -999.0 -999.0 -999.0 -999.0 -999.0 -999.0 -999.0 -999.0 -999.0 -999.0 -999.0 -999.0 -999.0 -999.0 -999.0 -999.0 -999.0 -999.0 -999.0 -999.0 -999.0 1504.4 1523.8 1509.8 1418.7 1443.7 1436.7 1471.1 1385.7 1347.1 1382.9 1423.5 1436.1 1393.7 1291.2 1053.7 886.9 851.9 1160.2 1077.7 1158.7 1391.6 1397.3 1487.5 1463.0 1455.1 1503.7 1524.9 1518.2 1508.2 1495.3 1476.7 1505.2 1493.0 1477.9 1473.3 1464.6 1356.2 1408.3 1443.8
-999.0 -999.0 -999.0 -999.0 -999.0 -999.0 -999.0 -999.0 -999.0 -999.0 -999.0 -999.0 -999.0 -999.0 -999.0 -999.0 -999.0 -999.0 -999.0 -999.0 -999.0 -999.0 -999.0 -999.0 -999.0 -999.0 -999.0 -999.0 -999.0 -999.0 -999.0 -999.0 -999.0 -999.0 1512.4 1548.9 1513.9 1494.5 1353.3 1513.8 1512.6 1513.1 1498.7 1489.8 1524.2 1493.7 1394.7 1296.5 973.8 836.2 789.4 1038.6 1073.5 1228.3 1370.0 1374.1 1540.4 1533.0 1455.3 1513.5 1511.2 1506.2 1488.1 1475.8 1496.8 1497.8 1472.9 1480.0 1482.8 1458.7 1292.1 1410.8
-999.0 -999.0 -999.0 -999.0 -999.0 -999.0 -999.0 -999.0 -999.0 -999.0 -999.0 -999.0 -999.0 -999.0 -999.0 -999.0 -999.0 -999.0 -999.0 -999.0 -999.0 -999.0 -999.0 -999.0 -999.0 -999.0 -999.0 -999.0 -999.0 -999.0 -999.0 -999.0 -999.0 -999.0 1569.0 1571.4 1591.4 1579.3 1544.4 1536.1 1534.5 1574.3 1577.3 1628.7 1645.8 1603.2 1502.4 1314.1 1239.0 868.2 736.0 774.1 978.2 1168.9 1322.9 1449.0 1394.4 1472.6 1412.1 1495.7 1486.0 1495.5 1463.3 1464.2 1481.5 1469.6 1462.8 1478.7 1487.5 1439.0 1309.9 1372.7
-999.0 -999.0 -999.0 -999.0 -999.0 -999.0 -999.0 -999.0 -999.0 -999.0 -999.0 -999.0 -999.0 -999.0 1519.2 1502.0 1484.6 1469.0 -999.0 -999.0 -999.0 -999.0 -999.0 -999.0 -999.0 -999.0 -999.0 -999.0 -999.0 -999.0 -999.0 -999.0 -999.0 1627.9 1664.4 1606.1 1622.6 1552.0 1547.4 1572.4 1570.4 1576.0 1608.7 1625.8 1660.8 1616.7 1523.5 1389.4 1099.3 904.3 888.9 1079.1 945.7 1126.4 1477.3 1449.6 1513.6 1315.5 1347.0 1459.8 1438.2 1411.2 1390.9 1428.4 1467.9 1478.0 1457.3 1470.6 1507.7 1489.3 1451.9 1312.9
-999.0 -999.0 -999.0 -999.0 -999.0 -999.0 -999.0 -999.0 -999.0 -999.0 -999.0 -999.0 -999.0 -999.0 1442.9 1380.8 1425.1 1528.0 -999.0 -999.0 -999.0 -999.0 -999.0 -999.0 -999.0 -999.0 -999.0 -999.0 -999.0 -999.0 -999.0 -999.0 1680.0 1575.9 1637.9 1645.7 1567.4 1622.2 1557.5 1584.9 1574.2 1573.6 1590.8 1585.1 1572.9 1583.4 1524.3 1422.9 1291.3 905.4 850.8 1096.3 1077.4 1244.0 1378.2 1617.6 1561.6 1406.5 1366.4 1430.8 1471.4 1432.0 1384.2 1410.6 1467.9 1487.3 1484.7 1454.9 1502.0 1485.6 1470.2 1337.9
-999.0 -999.0 -999.0 -999.0 -999.0 -999.0 -999.0 -999.0 -999.0 -999.0 -999.0 -999.0 1466.1 1567.4 1514.6 1378.0 1411.8 1448.0 1604.3 1671.7 1708.7 -999.0 -999.0 1620.8 1711.9 -999.0 -999.0 -999.0 1711.5 1611.3 1566.8 -999.0 1675.3 1510.9 1604.8 1678.8 1641.2 1628.3 1521.9 1522.2 1505.2 1534.4 1484.8 1552.7 1500.6 1508.3 1482.6 1151.2 1372.0 1248.8 1011.7 1309.7 1250.7 1025.5 1496.2 1396.4 1518.4 1427.9 1405.0 1450.1 1477.8 1491.8 1434.3 1458.5 1509.9 1498.6 1516.6 1463.7 1514.7 1508.1 1481.8 1435.3
-999.0 -999.0 -999.0 -999.0 -999.0 -999.0 -999.0 -999.0 -999.0 -999.0 -999.0 -999.0 -999.0 1570.8 1531.2 1473.6 1474.7 1505.3 1523.2 1471.8 1722.0 -999.0 1725.6 1605.8 1441.1 1563.5 1473.7 1692.5 1685.3 1314.0 1317.8 1403.6 -999.0 1589.6 1538.2 1582.2 1625.7 1610.0 1483.5 1571.5 1652.0 1625.2 1513.3 1471.3 1475.3 1400.0 1394.3 1121.2 1064.2 1100.8 1074.5 1115.3 1016.9 1090.8 1308.5 1481.6 1519.8 1358.2 1357.3 1463.0 1443.4 1511.2 1469.0 1477.9 1519.9 1502.7 1526.4 1476.1 1519.1 1523.3 1499.9 1484.0
-999.0 -999.0 -999.0 -999.0 -999.0 -999.0 -999.0 -999.0 -999.0 -999.0 -999.0 -999.0 -999.0 -999.0 1583.0 1517.4 1474.7 1559.5 1579.3 1605.4 1714.7 1319.4 812.9 1502.4 1199.2 1202.5 1287.3 1443.3 1598.2 1554.0 1373.7 1228.7 1409.2 1592.1 1613.6 1573.3 1590.6 1525.1 1350.2 1456.3 1641.2 1659.7 1552.6 1484.1 1465.8 1388.1 1327.2 988.5 918.5 1063.4 1072.0 1189.3 1228.5 1190.8 1271.7 1445.6 1474.4 1383.4 1419.7 1456.8 1418.8 1491.7 1439.8 1506.8 1516.4 1519.7 1487.9 1386.7 1541.8 1544.2 1522.7 1512.0
-999.0 -999.0 -999.0 -999.0 -999.0 -999.0 -999.0 -999.0 -999.0 -999.0 -999.0 -999.0 -999.0 -999.0 -999.0 1526.8 1603.2 1614.2 1619.8 1507.6 1335.4 574.4 987.2 1607.7 1115.1 1376.5 1131.9 1195.4 1443.3 1570.6 1126.2 1316.1 1306.3 1449.4 1608.8 1576.6 1544.0 1543.6 1422.4 1426.6 1533.7 1565.3 1552.3 1480.7 1445.8 1400.6 1214.7 1113.9 857.8 1018.8 1003.7 1042.0 1315.9 1220.0 1167.5 1292.2 1369.8 1380.5 1451.0 1421.4 1419.6 1475.5 1439.1 1514.3 1533.9 1515.5 1524.9 1521.7 1535.1 1554.2 1550.1 1539.7
-999.0 -999.0 -999.0 -999.0 -999.0 -999.0 -999.0 -999.0 -999.0 -999.0 -999.0 -999.0 -999.0 -999.0 -999.0 -999.0 1653.7 1629.4 1435.8 1220.7 601.9 543.3 954.4 1234.2 1251.0 1144.2 1028.1 1037.9 1065.9 1351.5 1493.7 1074.2 1294.6 1421.7 1464.1 1560.8 1569.6 1534.2 1491.4 1465.0 1506.9 1539.2 1507.8 1455.6 1419.5 1355.3 1210.8 1036.0 945.1 1087.0 1109.2 1023.3 1173.1 1415.7 1220.6 1394.3 1352.8 1356.1 1461.3 1475.3 1459.6 1447.5 1443.8 1519.7 1546.8 1536.3 1566.7 1491.2 1534.9 1557.4 1560.9 1560.8
-999.0 -999.0 -999.0 -999.0 -999.0 -999.0 -999.0 -999.0 -999.0 -999.0 -999.0 -999.0 -999.0 -999.0 -999.0 -999.0 1669.1 1539.3 1164.6 1017.7 896.5 686.3 1175.5 1458.3 1262.5 1000.6 919.2 880.3 1061.2 1312.6 1553.3 1051.3 1126.0 1366.8 1453.2 1595.6 1588.2 1529.2 1437.2 1448.8 1468.2 1476.2 1485.4 1458.4 1399.4 1232.2 1148.5 1225.4 916.2 1074.8 1055.0 990.6 1047.2 1237.3 1354.2 1394.4 1449.9 1358.9 1354.4 1447.9 1453.4 1497.8 1498.4 1549.3 1544.3 1552.2 1559.6 1531.5 1509.6 1548.8 1548.9 1564.1
-999.0 -999.0 -999.0 -999.0 -999.0 -999.0 -999.0 -999.0 -999.0 -999.0 -999.0 -999.0 -999.0 -999.0 -999.0 -999.0 1665.5 1472.2 1229.5 1237.6 870.4 1000.0 1280.1 1215.5 1337.6 1147.6 889.2 996.2 888.8 1089.0 1366.6 1078.8 1073.5 1190.3 1499.1 1563.4 1598.7 1500.3 1397.5 1406.7 1451.1 1462.3 1467.3 1433.1 1303.7 1237.8 1251.6 1227.5 1070.8 1099.5 1115.8 1135.9 1225.0 1248.8 1214.4 1444.6 1372.1 1370.9 1429.4 1423.9 1476.9 1440.7 1551.0 1560.4 1550.9 1566.1 1565.9 1460.9 1549.2 1565.7 1569.4 1567.3
-999.0 -999.0 -999.0 -999.0 -999.0 -999.0 -999.0 -999.0 -999.0 -999.0 -999.0 -999.0 -999.0 -999.0 -999.0 1642.8 899.1 1335.6 1183.6 1018.9 1317.0 635.7 822.2 920.0 1045.3 860.6 1029.1 979.2 1079.1 1194.7 1105.5 913.5 1093.7 1207.6 1500.5 1589.7 1616.0 1458.0 1432.1 1459.3 1454.2 1475.4 1442.6 1334.8 1339.1 1334.1 1186.6 1098.1 1302.4 1011.2 1070.9 1279.6 1250.5 1316.3 1376.6 1391.4 1432.0 1433.4 1503.7 1444.8 1511.5 1564.2 1476.8 1569.6 1562.3 1550.7 1552.5 1471.3 1554.8 1575.1 1552.4 1562.5
-999.0 -999.0 -999.0 -999.0 -999.0 -999.0 -999.0 -999.0 -999.0 -999.0 -999.0 -999.0 -999.0 1633.8 1578.9 1242.4 1309.5 1451.7 1422.8 1225.2 1429.8 1204.6 1075.7 864.6 894.0 797.9 903.8 863.9 1204.7 1060.5 1118.7 1359.3 1360.3 1458.7 1458.0 1542.4 1567.3 1456.5 1430.8 1427.4 1456.4 1423.4 1303.3 1354.0 1312.1 1365.5 1225.3 1165.8 1207.2 1276.6 1347.5 1245.5 1300.2 1349.6 1369.2 1402.0 1422.6 1494.9 1522.2 1567.9 1615.2 1597.5 1565.8 1560.0 1534.5 1556.6 1545.9 1469.7 1539.7 1576.7 1554.7 1545.1
-999.0 -999.0 -999.0 -999.0 -999.0 -999.0 -999.0 -999.0 -999.0 -999.0 -999.0 -999.0 1593.7 1525.9 1515.1 1512.0 1570.7 1628.6 1594.4 1600.5 1551.4 1260.9 1111.0 1003.7 587.9 1009.9 1116.9 1084.9 1279.9 900.4 880.7 984.7 1275.5 1444.4 1451.2 1473.6 1490.7 1445.1 1390.7 1421.0 1415.1 1385.3 1315.5 1272.1 1357.2 1345.7 1228.4 1243.1 1279.2 1307.4 1315.6 1313.5 1409.8 1390.1 1431.5 1558.3 1480.6 1523.0 1597.3 1670.8 1645.4 1564.5 1569.4 1553.2 1533.3 1521.4 1519.5 1420.1 1483.4 1547.4 1554.6 1540.4
-999.0 -999.0 -999.0 -999.0 -999.0 -999.0 -999.0 -999.0 -999.0 -999.0 -999.0 1622.1 1425.4 1448.1 1486.0 -999.0 -999.0 -999.0 -999.0 1629.4 1063.5 1042.5 1036.0 919.9 1028.0 1097.7 856.7 911.3 1061.4 569.0 734.2 956.1 1047.4 1345.3 1535.2 1485.7 1453.3 1460.6 1432.7 1432.0 1428.1 1365.1 1388.0 1265.2 1324.6 1325.8 1308.3 1298.6 1307.2 1337.3 1418.5 1424.0 1446.2 1476.1 1510.7 1575.5 1589.9 1578.5 1597.7 1610.4 1598.1 1576.3 1559.3 1501.1 1467.9 1462.7 1476.4 1431.5 1466.0 1489.5 1550.5 1546.0
-999.0 -999.0 -999.0 -999.0 -999.0 -999.0 -999.0 -999.0 -999.0 -999.0 -999.0 1585.0 1308.9 1576.9 1635.1 -999.0 -999.0 -999.0 -999.0 1692.9 1243.0 955.1 1255.3 905.9 929.3 954.5 770.5 722.5 954.3 725.3 1174.8 1159.1 1286.7 1435.0 1552.3 1525.6 1464.3 1445.7 1404.5 1361.4 1429.5 1354.3 1361.1 1346.1 1289.6 1364.1 1349.9 1412.1 1365.6 1320.3 1316.3 1335.2 1452.8 1500.2 1529.0 1549.4 1507.1 1530.9 1525.6 1526.1 1531.5 1454.0 1489.6 1357.0 1369.4 1373.5 1454.0 1436.1 1466.1 1489.1 1548.4 1558.0
-999.0 -999.0 -999.0 -999.0 -999.0 -999.0 -999.0 -999.0 -999.0 -999.0 -999.0 -999.0 -999.0 -999.0 -999.0 -999.0 -999.0 -999.0 -999.0 1696.5 1172.1 1130.1 1263.7 1055.9 1186.8 751.9 803.8 1136.6 949.8 1001.4 1145.8 1164.3 1390.8 1503.3 1575.5 1460.1 1456.4 1433.3 1427.4 1451.8 1440.6 1404.3 1385.6 1377.2 1346.7 1395.8 1417.8 1417.3 1395.1 1427.9 1391.6 1376.0 1506.2 1403.6 1348.2 1445.0 1446.3 1463.2 1523.6 1483.1 1414.7 1317.0 1343.7 1406.1 1402.7 1378.4 1439.8 1428.5 1468.1 1475.7 1543.3 1563.1
-999.0 -999.0 -999.0 -999.0 -999.0 -999.0 -999.0 -999.0 -999.0 -999.0 -999.0 -999.0 -999.0 -999.0 -999.0 -999.0 -999.0 -999.0 -999.0 -999.0 1174.7 1647.4 1492.9 1171.0 842.3 914.2 818.7 863.1 1178.2 1147.3 1117.3 1411.1 1469.6 1555.1 1552.4 1514.1 1469.2 1487.0 1493.3 1483.3 1474.7 1440.7 1401.6 1416.8 1371.6 1384.1 1428.2 1301.4 1377.5 1478.4 1490.2 1481.8 1470.2 1474.3 1377.8 1364.2 1420.0 1353.6 1487.0 1505.2 1409.6 1426.6 1394.9 1411.5 1466.4 1415.6 1446.7 1471.4 1511.2 1483.0 1547.3 1562.6
-999.0 -999.0 -999.0 -999.0 -999.0 -999.0 -999.0 -999.0 -999.0 -999.0 -999.0 -999.0 -999.0 -999.0 -999.0 -999.0 -999.0 -999.0 -999.0 -999.0 1453.1 1009.1 916.4 1041.3 1076.0 1146.1 999.0 1163.5 1159.3 1337.0 1488.8 1333.9 1509.7 1546.1 1391.8 1423.2 1451.4 1505.7 1564.7 1538.8 1436.7 1430.3 1345.3 1362.8 1372.5 1384.0 1422.8 1311.6 1301.9 1423.3 1486.3 1511.9 1492.0 1474.5 1443.5 1402.5 1366.3 1253.0 1397.3 1529.9 1483.3 1423.5 1340.4 1307.2 1365.8 1464.1 1456.8 1499.1 1529.8 1559.4 1568.5 1579.2
-999.0 -999.0 -999.0 -999.0 -999.0 -999.0 -999.0 -999.0 -999.0 -999.0 -999.0 -999.0 -999.0 -999.0 -999.0 -999.0 -999.0 -999.0 -999.0 1506.4 1326.4 1404.9 806.6 1148.6 1231.9 1054.8 1099.5 1219.8 1036.9 1377.6 1520.6 1313.4 1575.6 1097.8 1304.0 1436.9 1451.7 1384.7 1496.8 1490.8 1241.8 1258.9 1327.7 1433.1 1397.6 1409.5 1442.7 1426.8 1430.9 1472.7 1505.2 1501.1 1501.7 1486.3 1430.6 1437.9 1356.9 1402.5 1493.9 1511.7 1452.5 1383.7 1309.8 1282.5 1340.9 1468.9 1487.6 1528.7 1570.6 1601.5 1592.3 1603.0
-999.0 -999.0 -999.0 -999.0 -999.0 -999.0 -999.0 -999.0 -999.0 -999.0 -999.0 -999.0 -999.0 -999.0 -999.0 -999.0 -999.0 -999.0 -999.0 1688.1 1434.1 891.6 1264.1 1559.3 1328.9 1277.2 1130.3 998.6 1056.7 1354.1 1473.2 1440.7 1527.0 1419.5 1356.9 1283.7 1277.0 1435.4 1417.2 1407.2 1364.9 1318.4 1419.1 1444.5 1408.4 1437.8 1432.0 1455.3 1527.2 1522.5 1514.2 1508.2 1498.5 1502.9 1480.6 1471.2 1410.4 1405.7 1470.4 1472.4 1396.6 1306.8 1244.0 1331.1 1334.2 1381.3 1462.7 1563.5 1528.0 1618.0 1552.3 1594.7
-999.0 -999.0 -999.0 -999.0 -999.0 -999.0 -999.0 -999.0 -999.0 -999.0 -999.0 -999.0 -999.0 -999.0 -999.0 -999.0 -999.0 -999.0 -999.0 1732.6 1301.2 1604.3 1354.7 1376.8 1248.2 1231.5 889.3 1050.2 977.4 1229.3 1359.9 1499.1 1511.5 1418.6 1198.9 1092.2 999.3 1346.0 1227.0 1323.4 1318.2 1345.9 1477.4 1451.0 1442.5 1468.2 1468.0 1537.6 1565.5 1475.5 1484.9 1524.7 1503.0 1414.1 1516.1 1487.5 1453.2 1462.3 1499.4 1472.7 1389.0 1346.6 1341.5 1371.5 1389.6 1474.5 1511.4 1507.4 1535.0 1613.2 1608.6 1606.6
-999.0 -999.0 -999.0 -999.0 -999.0 -999.0 -999.0 -999.0 -999.0 -999.0 -999.0 -999.0 -999.0 -999.0 -999.0 -999.0 -999.0 -999.0 -999.0 -999.0 1539.4 1261.9 1076.7 899.3 826.0 1019.1 1018.6 1174.0 1393.3 1412.0 1463.1 1410.2 1404.2 1450.0 1323.4 1306.8 1064.6 1224.5 1307.6 1336.7 1255.8 1297.8 1467.1 1392.7 1484.3 1528.2 1403.0 1569.1 1596.4 1596.2 1538.5 1552.5 1530.3 1406.4 1457.4 1509.8 1460.6 1475.5 1487.7 1444.4 1373.2 1401.1 1426.4 1480.9 1445.3 1520.6 1456.2 1484.6 1580.4 1613.3 1587.7 1624.4
