GDD/GrowingDegreeDays_1983_Actual.txt
ncols         180
nrows         290
xllcorner     -200000
yllcorner     -200000
cellsize      5000
NODATA_value    -999
[rows 128 to 159 of 290, columns 71 to 141 of 180]
-999.0 1290.5 1597.2 1634.8 -999.0 -999.0 -999.0 -999.0 -999.0 -999.0 -999.0 -999.0 -999.0 1487.0 1375.9 1544.3 1354.3 1197.4 1284.0 1070.1 914.9 998.9 891.6 1015.1 1148.8 1228.7 1185.2 995.6 1059.6 1118.0 1319.6 1115.6 847.9 1049.5 924.1 1108.8 1130.2 1313.0 1300.0 1196.4 1255.2 1229.6 1122.8 997.1 902.1 948.6 1076.9 1176.2 1211.8 1316.3 1201.3 1185.1 1295.1 1381.6 -999.0 -999.0 -999.0 -999.0 -999.0 -999.0 -999.0 -999.0 -999.0 -999.0 -999.0 -999.0 -999.0 -999.0 -999.0 -999.0 -999.0
-999.0 -999.0 -999.0 -999.0 -999.0 -999.0 -999.0 -999.0 -999.0 -999.0 -999.0 -999.0 -999.0 1539.6 1595.3 1264.2 1344.3 1172.6 1278.9 1029.8 1013.7 846.5 902.8 932.2 1045.3 1097.0 1269.9 790.1 857.8 1138.2 1353.5 1103.9 934.4 1123.0 1082.8 976.4 1196.0 1064.8 1013.3 1142.4 1018.4 1013.3 845.3 1117.5 1101.6 1034.9 1040.9 1064.9 1252.9 1413.1 1341.5 1356.9 1388.8 1445.4 1487.5 -999.0 -999.0 -999.0 -999.0 -999.0 -999.0 -999.0 -999.0 -999.0 -999.0 -999.0 -999.0 -999.0 -999.0 -999.0 -999.0
-999.0 -999.0 -999.0 -999.0 -999.0 -999.0 -999.0 -999.0 -999.0 -999.0 -999.0 -999.0 1755.5 1370.9 1223.8 1233.8 1157.5 1153.4 1225.3 1267.5 974.8 983.6 909.9 972.2 1008.0 1221.2 1430.3 1181.5 1099.7 1122.6 1319.9 1322.0 1159.6 1139.2 1135.5 1099.4 912.5 1171.7 1209.1 1174.6 1193.5 865.3 1018.9 904.1 960.6 1126.4 1112.3 1101.4 1106.3 1101.1 1364.3 1426.8 1433.6 1446.9 1510.4 -999.0 -999.0 -999.0 -999.0 -999.0 -999.0 -999.0 -999.0 -999.0 -999.0 -999.0 -999.0 -999.0 -999.0 -999.0 -999.0
-999.0 -999.0 -999.0 -999.0 -999.0 -999.0 -999.0 -999.0 -999.0 -999.0 -999.0 -999.0 1460.2 1346.7 1298.7 986.4 1038.3 1185.0 1216.8 975.7 1233.0 1143.9 1016.9 1136.6 1134.8 1374.0 1503.4 1334.9 1263.0 1095.0 1396.6 1359.6 1327.8 1242.9 1326.5 1025.4 1316.1 1045.7 1149.2 1299.2 879.2 1223.3 1108.5 1041.2 1100.3 1041.2 1216.2 1225.2 1087.8 1142.7 1300.6 1301.6 1355.5 1429.0 1483.8 -999.0 -999.0 -999.0 -999.0 -999.0 -999.0 -999.0 -999.0 -999.0 -999.0 -999.0 -999.0 -999.0 -999.0 -999.0 -999.0
-999.0 -999.0 -999.0 -999.0 -999.0 -999.0 -999.0 -999.0 -999.0 -999.0 -999.0 1426.8 1444.7 1399.4 1135.7 1194.4 1164.1 779.4 1047.8 1057.1 1247.3 1162.7 1158.8 1266.9 1154.9 1208.9 1377.5 1279.7 1331.0 1478.3 1517.5 1427.1 1260.5 1249.7 1068.4 1216.0 1347.0 1047.7 1260.1 1218.2 910.9 1169.1 1246.4 1301.6 1176.4 1079.1 1137.8 1127.4 1133.4 1260.5 1304.5 1358.2 1429.8 1436.0 1480.7 -999.0 -999.0 -999.0 -999.0 -999.0 -999.0 -999.0 -999.0 -999.0 -999.0 -999.0 -999.0 -999.0 -999.0 -999.0 -999.0
-999.0 -999.0 -999.0 -999.0 -999.0 -999.0 -999.0 -999.0 -999.0 -999.0 1599.5 1399.7 1253.5 1414.7 1314.5 1208.4 1244.1 1086.4 1199.8 849.9 1346.0 1404.7 1302.9 1259.3 1246.1 1232.1 1390.0 1523.5 1604.1 1395.4 1542.5 1531.4 1348.4 1300.5 1303.8 1305.3 1405.7 1224.5 1386.7 1248.2 976.8 1052.4 1043.1 1120.7 1171.5 1246.3 1286.1 1147.2 1219.6 1278.4 1303.4 1353.1 1388.2 1472.8 1499.1 1532.0 -999.0 -999.0 -999.0 -999.0 -999.0 -999.0 -999.0 -999.0 -999.0 -999.0 -999.0 -999.0 -999.0 -999.0 -999.0
-999.0 -999.0 -999.0 -999.0 -999.0 -999.0 -999.0 -999.0 -999.0 -999.0 1327.6 1017.0 1208.5 1284.2 1344.4 1333.2 1395.5 856.3 1066.8 1210.5 1248.6 1451.6 1426.8 1340.5 1378.6 1112.9 1481.9 1611.0 1624.5 1625.8 1382.1 1547.2 1344.0 1387.7 1348.2 1398.2 1393.7 1390.5 1239.0 1346.3 1166.3 1104.5 1146.9 1093.6 1224.0 1325.6 1367.0 1263.7 1314.8 1236.8 1309.1 1410.1 1503.5 1460.3 1474.3 1513.4 -999.0 -999.0 -999.0 -999.0 -999.0 -999.0 -999.0 -999.0 -999.0 -999.0 -999.0 -999.0 -999.0 -999.0 -999.0
-999.0 -999.0 -999.0 -999.0 -999.0 -999.0 -999.0 -999.0 1567.3 1481.8 1217.6 1220.1 1241.4 1218.8 1362.6 1346.2 1472.5 1134.7 1206.7 1186.7 1297.8 1338.5 1515.4 1367.1 1340.9 1415.2 1453.8 1506.8 1690.5 1652.7 1513.6 1519.5 1507.0 1471.6 1444.3 1501.1 1510.7 1396.1 1406.1 1405.5 1133.8 1175.5 1190.2 1202.0 1150.4 1293.8 1350.8 1478.9 1386.2 1342.5 1383.8 1438.3 1524.7 1514.1 1492.7 1485.0 -999.0 -999.0 -999.0 -999.0 -999.0 -999.0 -999.0 -999.0 -999.0 -999.0 -999.0 -999.0 -999.0 -999.0 -999.0
-999.0 -999.0 -999.0 -999.0 -999.0 -999.0 -999.0 -999.0 1477.1 1426.2 1480.5 1253.3 1293.3 1230.6 1399.2 1489.2 1544.4 1513.9 1389.1 1075.8 1278.3 1359.3 1533.2 1563.5 1513.3 1518.6 1532.5 1496.6 1616.3 1528.7 1611.3 1584.3 1574.7 1546.5 1560.7 1580.5 1612.6 1572.9 1452.6 1434.6 1440.0 1321.7 1276.0 1289.9 1327.9 1386.8 1605.6 1464.9 1247.6 1316.3 1448.6 1473.2 1526.0 1530.1 1578.2 1521.2 1538.1 -999.0 -999.0 -999.0 -999.0 -999.0 -999.0 -999.0 -999.0 -999.0 -999.0 -999.0 -999.0 -999.0 -999.0
-999.0 -999.0 -999.0 -999.0 -999.0 -999.0 -999.0 -999.0 1460.0 1413.1 1550.8 1333.5 1452.8 1378.9 1460.2 1529.5 1531.4 1606.8 1317.7 1302.8 1356.3 1253.5 1500.3 1563.7 1507.3 1561.7 1445.5 1200.7 1510.9 -999.0 -999.0 -999.0 1600.6 1559.4 -999.0 1635.6 1654.1 1621.2 1586.1 1541.3 1399.1 1250.7 1339.2 1355.7 1317.6 1427.6 1351.5 1326.8 1440.2 1522.7 1573.3 1583.7 1533.4 1717.5 1700.3 1622.8 1560.4 -999.0 -999.0 -999.0 -999.0 -999.0 -999.0 -999.0 -999.0 -999.0 -999.0 -999.0 -999.0 -999.0 -999.0
1705.4 -999.0 -999.0 -999.0 -999.0 -999.0 -999.0 -999.0 1600.1 1324.4 1513.5 1545.5 1501.4 1450.6 1457.3 1489.2 1575.2 1603.2 1569.1 1198.3 1362.9 1291.8 1490.9 1530.7 1375.4 1582.8 1528.9 1524.7 1565.5 -999.0 -999.0 -999.0 1609.7 1582.3 1564.3 1607.9 1665.2 1648.9 1631.6 1436.3 1207.1 1119.1 1263.5 1080.5 1303.4 1359.1 1192.9 1371.1 1315.4 1329.4 1410.5 1615.5 1533.3 1435.2 1578.7 1577.8 1602.7 -999.0 -999.0 -999.0 -999.0 -999.0 -999.0 -999.0 -999.0 -999.0 -999.0 -999.0 -999.0 -999.0 -999.0
1545.4 1595.7 -999.0 -999.0 -999.0 -999.0 -999.0 -999.0 -999.0 1465.0 1418.7 1574.4 -999.0 1529.9 1480.4 1499.1 1517.8 1601.0 -999.0 1569.3 1615.8 1455.6 1537.3 1472.8 1458.4 1601.7 1604.1 -999.0 -999.0 -999.0 -999.0 1617.8 1601.3 1591.3 1600.4 1583.2 1586.2 1616.3 1555.3 1455.3 1167.9 882.1 1261.1 969.3 1204.8 1116.1 1071.0 1265.4 1183.3 1313.3 1461.2 1380.6 1380.5 1467.8 1608.0 1538.6 1491.2 1634.6 -999.0 -999.0 -999.0 -999.0 -999.0 -999.0 -999.0 -999.0 -999.0 -999.0 -999.0 -999.0 -999.0
1448.8 -999.0 -999.0 -999.0 -999.0 -999.0 -999.0 -999.0 -999.0 -999.0 1512.7 -999.0 -999.0 -999.0 1622.9 1502.1 1501.8 1534.7 1600.4 -999.0 -999.0 1548.8 1618.7 1457.0 1405.8 -999.0 -999.0 -999.0 -999.0 -999.0 1669.6 1562.3 1571.4 1574.2 1585.8 1531.8 1572.9 1502.7 1424.6 1493.8 1305.1 1049.4 885.3 1032.5 940.1 929.1 944.3 1129.1 1118.3 1114.1 1210.8 1384.2 1416.9 1409.9 1588.7 1526.1 1442.2 1487.9 -999.0 -999.0 -999.0 -999.0 -999.0 -999.0 -999.0 -999.0 -999.0 -999.0 -999.0 -999.0 -999.0
-999.0 -999.0 -999.0 -999.0 -999.0 -999.0 -999.0 -999.0 -999.0 -999.0 1587.0 1597.2 -999.0 -999.0 -999.0 1619.0 1456.0 1463.6 1536.4 -999.0 -999.0 -999.0 -999.0 1645.9 -999.0 -999.0 -999.0 -999.0 -999.0 -999.0 1689.0 1614.6 1597.6 1483.7 1389.7 1385.2 1472.4 1472.6 1514.9 1480.1 1390.9 1122.5 922.9 1079.5 802.6 884.3 866.7 1070.3 1077.5 995.9 1178.0 1322.8 1410.9 1546.7 1601.0 1492.4 1409.9 1457.9 -999.0 -999.0 -999.0 -999.0 -999.0 -999.0 -999.0 -999.0 -999.0 -999.0 -999.0 -999.0 -999.0
1817.1 1796.7 1766.7 -999.0 -999.0 -999.0 -999.0 -999.0 -999.0 -999.0 -999.0 1472.6 -999.0 -999.0 -999.0 -999.0 1608.7 1507.8 1584.2 -999.0 -999.0 -999.0 -999.0 -999.0 -999.0 -999.0 -999.0 -999.0 -999.0 1713.4 1628.5 1493.9 1406.3 1369.6 1278.7 1297.0 1371.8 1399.6 1491.5 1433.2 1410.3 1234.5 792.1 737.7 769.8 850.7 1078.7 1190.8 1168.5 1262.1 1408.5 1278.9 1301.5 1531.8 1534.8 1451.0 1399.2 1453.3 1570.8 -999.0 -999.0 -999.0 -999.0 -999.0 -999.0 -999.0 -999.0 -999.0 -999.0 -999.0 -999.0
1549.8 1566.1 1656.9 1717.4 -999.0 -999.0 -999.0 -999.0 -999.0 -999.0 -999.0 1394.9 -999.0 -999.0 -999.0 -999.0 -999.0 -999.0 -999.0 -999.0 -999.0 -999.0 -999.0 -999.0 -999.0 -999.0 -999.0 -999.0 -999.0 1626.3 1576.5 1548.4 1514.3 1573.9 1099.6 1246.4 1328.9 1232.3 1472.1 1356.1 1550.1 1367.7 911.5 687.6 838.1 982.1 775.1 762.8 886.4 1037.6 1141.6 1464.1 1439.6 1464.5 1393.0 1437.8 1456.8 1453.2 1546.0 1652.8 -999.0 -999.0 -999.0 -999.0 -999.0 -999.0 -999.0 -999.0 -999.0 -999.0 -999.0
1616.4 1653.3 1634.4 1682.9 -999.0 -999.0 -999.0 -999.0 -999.0 -999.0 -999.0 -999.0 -999.0 -999.0 -999.0 -999.0 -999.0 -999.0 -999.0 -999.0 -999.0 -999.0 -999.0 -999.0 -999.0 -999.0 -999.0 -999.0 1735.4 1628.0 1512.9 1574.9 1302.8 1688.3 827.2 859.6 1380.1 1332.1 1430.4 1490.8 1419.8 1472.4 1259.2 742.7 799.4 926.5 998.4 1087.2 989.2 1042.4 1135.2 1309.8 1440.9 1475.1 1494.7 1500.6 1453.5 1519.1 1654.2 1695.7 -999.0 -999.0 -999.0 -999.0 -999.0 -999.0 -999.0 -999.0 -999.0 -999.0 -999.0
1702.3 1727.2 1725.6 1681.4 -999.0 -999.0 -999.0 -999.0 -999.0 -999.0 -999.0 -999.0 -999.0 -999.0 -999.0 -999.0 -999.0 -999.0 -999.0 -999.0 -999.0 -999.0 -999.0 -999.0 -999.0 -999.0 -999.0 -999.0 1720.1 1482.9 1539.9 1373.0 911.9 1364.4 1584.8 1186.9 1120.4 1261.6 1297.5 1378.0 1407.6 1463.9 1418.9 1312.1 796.2 916.7 965.2 1099.7 1137.5 1167.5 1316.2 1364.3 1413.2 1387.9 1518.4 1444.8 1502.7 1524.6 1642.1 1720.5 1712.1 1673.6 1657.4 -999.0 -999.0 -999.0 -999.0 -999.0 -999.0 -999.0 -999.0
1653.7 1776.8 -999.0 1693.6 1730.4 -999.0 -999.0 -999.0 -999.0 -999.0 -999.0 -999.0 -999.0 -999.0 -999.0 -999.0 -999.0 -999.0 -999.0 -999.0 -999.0 -999.0 -999.0 -999.0 -999.0 -999.0 -999.0 -999.0 1678.2 1488.0 1408.7 1147.1 1440.7 1363.0 1264.5 1045.8 1242.7 1313.9 1038.3 1390.0 1237.6 1404.6 1482.8 1510.4 1236.3 1029.4 1029.3 1093.4 1149.0 1303.4 1315.9 1389.2 1477.3 1550.7 1542.8 1544.8 1516.0 1574.3 1631.5 1673.6 1430.0 1525.3 1447.6 1436.5 1531.0 -999.0 -999.0 -999.0 -999.0 -999.0 -999.0
1620.1 1701.1 1724.2 1692.1 -999.0 -999.0 -999.0 -999.0 -999.0 -999.0 -999.0 -999.0 -999.0 -999.0 -999.0 -999.0 -999.0 -999.0 -999.0 -999.0 -999.0 -999.0 -999.0 -999.0 -999.0 -999.0 -999.0 -999.0 1673.7 1468.3 1301.4 954.9 856.5 1076.6 1341.4 1277.1 1194.3 1012.6 1299.7 1028.6 1163.0 1286.3 1358.5 1399.0 1454.1 1341.6 1042.0 1076.0 1151.1 1224.3 1299.6 1380.1 1440.5 1517.8 1586.5 1569.3 1574.9 1624.4 1635.9 1615.2 1501.5 1253.0 1282.7 1302.1 1297.4 1396.1 1630.6 -999.0 -999.0 -999.0 -999.0
1689.1 1717.6 1702.2 1668.8 -999.0 -999.0 -999.0 -999.0 -999.0 -999.0 -999.0 -999.0 -999.0 -999.0 -999.0 -999.0 -999.0 -999.0 -999.0 -999.0 -999.0 -999.0 -999.0 -999.0 -999.0 -999.0 -999.0 -999.0 1692.2 1586.9 1291.2 1120.9 1420.7 706.2 868.1 1339.3 1188.0 1326.9 1016.3 953.9 1170.1 1298.2 1288.6 1258.3 1378.3 873.5 952.5 968.2 948.7 963.7 1058.0 1338.1 1322.2 1500.9 1579.7 1591.5 1602.7 1631.7 1667.9 1666.6 1571.3 1334.5 1405.9 1436.1 1385.8 1349.9 1589.7 1449.2 -999.0 -999.0 -999.0
1741.5 1710.3 1615.8 1701.0 -999.0 -999.0 -999.0 -999.0 -999.0 -999.0 -999.0 -999.0 -999.0 -999.0 -999.0 -999.0 1740.7 1715.4 1746.5 -999.0 -999.0 -999.0 -999.0 -999.0 -999.0 -999.0 -999.0 -999.0 -999.0 1710.4 1593.8 1483.4 1327.1 1278.1 1059.2 1512.8 1730.5 1267.4 1249.3 1251.2 1286.7 1164.0 1158.5 1237.2 1189.4 1008.0 1004.2 812.6 896.1 1057.2 1153.3 1176.3 1347.1 1504.9 1577.9 1613.4 1593.0 1639.5 1655.7 1283.7 1345.4 1085.4 1061.2 1146.9 1220.6 1432.3 1261.6 1354.5 1585.0 -999.0 -999.0
1822.1 1688.2 1704.3 -999.0 -999.0 -999.0 -999.0 -999.0 -999.0 -999.0 -999.0 -999.0 -999.0 -999.0 -999.0 -999.0 1712.4 1698.4 -999.0 -999.0 -999.0 -999.0 -999.0 -999.0 -999.0 -999.0 -999.0 -999.0 -999.0 -999.0 1641.5 1651.6 1325.9 1379.3 866.8 1382.7 1373.0 1429.3 1535.2 1502.9 1422.3 1415.2 856.8 1225.8 1142.9 844.9 1017.5 1246.5 1326.7 1042.2 1344.3 1205.9 1410.7 1559.6 1643.8 1644.6 1619.3 1554.7 1361.0 1268.4 1312.2 1311.9 1356.5 1278.3 1198.8 1243.9 1228.1 1363.1 1357.4 -999.0 -999.0
1678.5 1647.0 -999.0 -999.0 -999.0 -999.0 -999.0 -999.0 -999.0 -999.0 -999.0 -999.0 -999.0 -999.0 -999.0 1707.2 1375.6 1448.1 1703.9 -999.0 -999.0 -999.0 -999.0 -999.0 -999.0 -999.0 -999.0 -999.0 -999.0 -999.0 1654.0 1396.9 1307.2 1298.7 1439.8 1360.5 1520.5 1538.5 1544.9 1546.1 1373.1 1436.8 1466.2 873.3 1119.1 1157.3 961.7 1144.1 991.5 1201.4 1195.0 1366.5 1477.9 1585.1 1634.8 1690.5 1645.5 1491.9 1384.5 1432.3 1360.3 1296.5 1330.0 1278.5 1292.5 1292.2 1289.4 1454.8 1361.4 1621.0 -999.0
-999.0 -999.0 -999.0 -999.0 -999.0 -999.0 -999.0 -999.0 -999.0 -999.0 -999.0 -999.0 -999.0 -999.0 1778.1 1331.4 1202.6 1069.5 1728.0 -999.0 -999.0 -999.0 -999.0 -999.0 -999.0 -999.0 -999.0 -999.0 -999.0 -999.0 1671.2 1222.6 1340.5 1663.1 1502.3 1581.7 1519.5 1644.6 1614.6 1489.6 1380.3 1555.2 1033.2 1179.7 967.2 1141.5 872.8 1314.9 1226.5 1380.5 1251.4 1416.7 1459.6 1526.8 1681.6 1699.1 1649.5 1561.4 1335.7 1322.1 1373.0 1472.0 1440.1 1434.1 1411.6 1390.8 1291.2 1316.3 1444.6 1491.3 -999.0
-999.0 -999.0 -999.0 -999.0 -999.0 -999.0 -999.0 -999.0 -999.0 -999.0 -999.0 -999.0 -999.0 1774.2 1677.4 1067.7 1363.5 1540.2 -999.0 -999.0 -999.0 -999.0 -999.0 -999.0 -999.0 -999.0 -999.0 -999.0 -999.0 -999.0 -999.0 1651.4 1683.1 1705.2 1485.1 1660.1 1486.7 1649.7 1625.6 1568.0 1459.6 1570.4 1080.7 1040.8 918.9 940.2 894.4 957.0 972.8 1075.1 1183.5 1229.5 1320.4 1548.9 1635.3 1633.6 1552.0 1525.9 1518.3 1258.5 1397.0 1609.4 1610.0 1548.1 1570.3 1556.4 1551.7 1550.0 1616.8 1619.0 1554.4
-999.0 -999.0 -999.0 -999.0 -999.0 -999.0 -999.0 -999.0 -999.0 -999.0 -999.0 -999.0 -999.0 1513.4 1281.2 1598.8 1685.1 1784.7 -999.0 -999.0 -999.0 -999.0 -999.0 -999.0 -999.0 -999.0 -999.0 -999.0 -999.0 -999.0 -999.0 -999.0 1750.8 1616.3 1649.3 1654.2 1545.9 1645.3 1652.5 1608.4 1457.5 1571.6 1103.0 1137.3 1153.2 968.4 1026.0 1096.2 874.8 904.2 1169.6 1126.3 1276.7 1368.1 1558.6 1593.6 1543.3 1541.9 1574.1 1583.2 1611.1 1673.1 1629.2 1567.6 1536.8 1548.0 1572.0 1585.2 1594.1 1365.4 1362.2
-999.0 -999.0 -999.0 -999.0 -999.0 -999.0 -999.0 -999.0 -999.0 -999.0 -999.0 -999.0 -999.0 1504.1 1574.7 1568.0 1792.4 -999.0 -999.0 -999.0 -999.0 -999.0 -999.0 -999.0 -999.0 -999.0 -999.0 -999.0 -999.0 -999.0 -999.0 -999.0 1777.1 1622.6 1610.9 -999.0 1647.7 -999.0 1739.9 1691.0 1609.1 1620.4 1550.1 1125.3 1161.2 1122.8 891.9 1304.3 1266.3 938.1 1072.3 1165.6 1254.7 1402.1 1531.9 1610.8 1663.5 1659.1 1630.5 1636.0 1602.3 1523.4 1587.7 1491.5 1521.5 1572.9 1519.2 1428.0 1473.0 1513.2 1505.0
-999.0 -999.0 -999.0 -999.0 -999.0 -999.0 -999.0 -999.0 -999.0 -999.0 -999.0 -999.0 1751.4 1763.9 1757.8 -999.0 -999.0 -999.0 -999.0 -999.0 -999.0 -999.0 -999.0 -999.0 -999.0 -999.0 -999.0 -999.0 -999.0 -999.0 -999.0 -999.0 1780.3 1734.0 1704.3 -999.0 -999.0 -999.0 1777.4 1557.4 1679.0 1563.1 1440.2 1486.9 1446.7 1317.4 1037.5 1026.2 1351.5 1087.2 1021.0 1228.5 1198.0 1333.3 1454.9 1647.8 1675.7 1683.1 1673.2 1660.5 1641.3 1613.4 1598.9 1535.8 1594.8 1538.8 1449.9 1397.7 1390.7 1408.8 1464.8
-999.0 -999.0 -999.0 -999.0 -999.0 -999.0 -999.0 -999.0 -999.0 -999.0 -999.0 -999.0 -999.0 -999.0 -999.0 -999.0 -999.0 -999.0 -999.0 -999.0 -999.0 -999.0 -999.0 -999.0 -999.0 -999.0 -999.0 -999.0 -999.0 -999.0 -999.0 -999.0 -999.0 -999.0 -999.0 -999.0 -999.0 1781.5 1755.5 1597.3 1379.4 1297.5 1283.5 1276.1 1361.8 1331.9 1135.3 1155.3 1268.2 1418.1 1227.4 1161.4 1298.5 1383.6 1482.5 1574.9 1636.1 1635.0 1673.3 1684.9 1691.0 1687.9 1659.5 1652.9 1553.7 1334.8 1455.4 1417.3 1505.3 1507.5 1571.4
-999.0 -999.0 -999.0 -999.0 -999.0 -999.0 -999.0 -999.0 -999.0 -999.0 -999.0 -999.0 -999.0 -999.0 -999.0 -999.0 -999.0 -999.0 -999.0 -999.0 -999.0 -999.0 -999.0 -999.0 -999.0 -999.0 -999.0 -999.0 -999.0 -999.0 -999.0 -999.0 -999.0 -999.0 -999.0 -999.0 -999.0 1729.9 1647.9 1428.4 1197.3 1047.2 1169.7 1414.6 1321.1 1505.4 1419.1 1462.2 1337.7 1285.6 1259.7 1272.8 1321.0 1412.6 1465.5 1515.3 1621.7 1626.7 1678.4 1707.8 1743.3 1734.5 1693.7 1666.5 1602.1 1303.9 1374.5 1526.7 1580.3 1610.5 1614.8
-999.0 -999.0 -999.0 -999.0 -999.0 -999.0 -999.0 -999.0 -999.0 -999.0 -999.0 -999.0 -999.0 -999.0 -999.0 -999.0 -999.0 -999.0 -999.0 -999.0 -999.0 -999.0 -999.0 -999.0 -999.0 -999.0 -999.0 -999.0 -999.0 -999.0 -999.0 -999.0 -999.0 -999.0 -999.0 -999.0 -999.0 1699.4 1679.2 1571.3 1341.0 1254.9 1315.5 1421.5 1444.1 1481.1 1418.5 1494.1 1506.6 1463.4 1619.5 1314.5 1445.1 1367.4 1462.6 1497.5 1624.6 1651.9 1666.1 1706.8 1776.7 1727.7 1717.0 1671.5 1648.6 1491.5 1447.4 1535.4 1609.6 1636.1 1654.0
