GDD/GrowingDegreeDays_1962_Actual.txt
ncols         180
nrows         290
xllcorner     -200000
yllcorner     -200000
cellsize      5000
NODATA_value    -999
[rows 160 to 191 of 290, columns 72 to 143 of 180]
-999.0 -999.0 -999.0 -999.0 -999.0 -999.0 -999.0 -999.0 -999.0 -999.0 -999.0 -999.0 -999.0 -999.0 -999.0 -999.0 -999.0 -999.0 -999.0 -999.0 -999.0 -999.0 -999.0 -999.0 -999.0 -999.0 -999.0 -999.0 -999.0 -999.0 -999.0 -999.0 -999.0 -999.0 1425.2 1399.8 1380.6 1345.8 1124.8 1027.7 837.9 1060.5 962.4 1283.7 1182.9 1190.0 1084.8 1033.9 1103.0 1063.8 1366.6 1336.4 1317.2 1329.0 1364.1 1292.9 1356.2 1382.8 1395.5 1433.4 1458.5 1417.9 1370.1 1345.1 1329.7 1223.2 1276.8 1345.9 1385.4 1390.2 1355.9 1354.0
-999.0 -999.0 -999.0 -999.0 -999.0 -999.0 -999.0 -999.0 -999.0 -999.0 -999.0 -999.0 -999.0 -999.0 -999.0 -999.0 -999.0 -999.0 -999.0 -999.0 -999.0 -999.0 -999.0 -999.0 -999.0 -999.0 -999.0 -999.0 -999.0 -999.0 -999.0 -999.0 -999.0 -999.0 1425.9 1394.4 1406.4 1436.6 1371.9 1119.5 1278.9 1255.9 1339.1 1221.2 1000.6 1119.8 990.6 1036.8 999.1 1317.8 1113.5 1287.2 1208.1 1252.8 1252.7 1319.9 1324.7 1357.1 1395.5 1407.7 1413.9 1370.0 1327.5 1332.7 1346.0 1333.6 1269.0 1333.6 1395.3 1400.5 1385.7 1358.5
-999.0 -999.0 -999.0 -999.0 -999.0 -999.0 -999.0 -999.0 -999.0 -999.0 -999.0 -999.0 -999.0 -999.0 -999.0 -999.0 -999.0 -999.0 -999.0 -999.0 -999.0 -999.0 -999.0 -999.0 -999.0 -999.0 -999.0 -999.0 -999.0 -999.0 -999.0 -999.0 -999.0 -999.0 1419.5 1407.1 1378.5 1467.3 1422.4 1327.5 1290.9 1334.4 1377.4 1240.7 1135.5 1155.8 994.9 887.1 1103.1 1195.9 1370.4 1289.5 1452.1 1401.1 1346.7 1299.5 1329.2 1344.6 1384.2 1371.5 1381.0 1354.3 1324.5 1329.7 1345.8 1349.6 1295.7 1277.1 1385.7 1456.3 1451.8 1379.9
-999.0 -999.0 -999.0 -999.0 -999.0 -999.0 -999.0 -999.0 -999.0 -999.0 -999.0 -999.0 -999.0 -999.0 -999.0 -999.0 -999.0 -999.0 -999.0 -999.0 -999.0 -999.0 -999.0 -999.0 -999.0 -999.0 -999.0 -999.0 -999.0 -999.0 -999.0 -999.0 -999.0 -999.0 1414.3 1390.1 1384.4 1424.5 1434.4 1398.1 1397.9 1323.4 1214.9 1328.3 1236.8 1135.9 845.0 850.6 867.1 1034.7 1240.8 1335.1 1328.5 1440.0 1485.2 1382.8 1320.6 1377.7 1392.3 1382.8 1395.7 1375.5 1355.9 1360.4 1376.4 1393.4 1315.3 1293.4 1446.9 1527.3 1512.3 1458.5
-999.0 -999.0 -999.0 -999.0 -999.0 -999.0 -999.0 -999.0 -999.0 -999.0 -999.0 -999.0 -999.0 -999.0 -999.0 -999.0 -999.0 -999.0 -999.0 -999.0 -999.0 -999.0 -999.0 -999.0 -999.0 -999.0 -999.0 -999.0 -999.0 -999.0 -999.0 -999.0 -999.0 -999.0 1422.1 1409.4 1420.0 1465.1 1469.8 1458.9 1367.4 1353.3 1246.1 1173.8 1013.4 916.9 849.0 1010.9 958.1 1135.2 1217.1 1346.1 1232.4 1335.9 1449.5 1487.6 1475.9 1445.9 1431.9 1408.3 1403.0 1405.2 1394.6 1393.6 1412.1 1411.0 1424.4 1398.3 1482.9 1543.3 1536.7 1479.8
-999.0 -999.0 -999.0 -999.0 -999.0 -999.0 -999.0 -999.0 -999.0 -999.0 -999.0 -999.0 -999.0 -999.0 -999.0 -999.0 -999.0 -999.0 -999.0 -999.0 -999.0 -999.0 -999.0 -999.0 -999.0 -999.0 -999.0 -999.0 -999.0 -999.0 -999.0 -999.0 -999.0 -999.0 -999.0 1381.3 1404.5 1447.8 1466.2 1383.2 1221.8 1219.7 1145.3 1163.1 1167.3 1010.2 1020.0 945.4 1056.4 1284.7 1474.5 1413.8 1356.5 1343.0 1485.0 1477.9 1426.1 1444.9 1463.4 1416.2 1423.8 1428.4 1425.3 1417.7 1422.5 1420.6 1414.0 1446.6 1468.8 1502.2 1498.4 -999.0
-999.0 -999.0 -999.0 -999.0 -999.0 -999.0 -999.0 -999.0 -999.0 -999.0 -999.0 -999.0 -999.0 -999.0 -999.0 -999.0 -999.0 -999.0 -999.0 -999.0 -999.0 -999.0 -999.0 -999.0 -999.0 -999.0 -999.0 -999.0 -999.0 -999.0 -999.0 -999.0 -999.0 -999.0 1457.6 1392.1 1415.1 1448.4 1442.8 1381.2 1104.8 1076.6 1166.6 987.6 1010.1 1066.7 1073.5 866.3 1041.1 1092.1 1323.4 1482.8 1313.8 1446.0 1527.9 1431.4 1423.2 1473.3 1436.8 1446.1 1447.6 1440.9 1434.3 1427.7 1424.7 1331.9 1394.5 1419.2 1336.3 1376.0 1420.3 1423.3
-999.0 -999.0 -999.0 -999.0 -999.0 -999.0 -999.0 -999.0 -999.0 -999.0 -999.0 -999.0 -999.0 -999.0 -999.0 -999.0 -999.0 -999.0 -999.0 -999.0 -999.0 -999.0 -999.0 -999.0 -999.0 -999.0 -999.0 -999.0 -999.0 -999.0 -999.0 -999.0 -999.0 -999.0 1465.2 1444.1 1437.4 1451.5 1319.0 1373.0 1298.9 1082.3 1263.3 1241.3 1203.8 1273.0 1235.4 1007.7 1071.1 1107.2 1377.6 1265.7 1184.6 1388.3 1333.3 1388.0 1354.7 1396.7 1424.8 1470.0 1476.4 1462.5 1447.5 1425.4 1437.2 1425.6 1366.8 1409.4 1368.8 1324.5 1374.1 1409.3
-999.0 -999.0 -999.0 -999.0 -999.0 -999.0 -999.0 -999.0 -999.0 -999.0 -999.0 -999.0 -999.0 -999.0 -999.0 -999.0 -999.0 -999.0 -999.0 -999.0 -999.0 -999.0 -999.0 -999.0 -999.0 -999.0 -999.0 -999.0 -999.0 -999.0 -999.0 -999.0 -999.0 1462.1 1473.4 1463.7 1377.4 1392.5 1387.0 1423.2 1350.3 1322.0 1358.1 1389.1 1400.0 1360.1 1264.6 1041.8 888.7 856.8 1133.3 1048.9 1115.6 1332.6 1344.2 1433.0 1405.5 1401.1 1453.5 1490.5 1497.4 1487.4 1462.3 1430.4 1446.0 1432.7 1411.4 1395.1 1381.0 1276.9 1323.2 1356.9
-999.0 -999.0 -999.0 -999.0 -999.0 -999.0 -999.0 -999.0 -999.0 -999.0 -999.0 -999.0 -999.0 -999.0 -999.0 -999.0 -999.0 -999.0 -999.0 -999.0 -999.0 -999.0 -999.0 -999.0 -999.0 -999.0 -999.0 -999.0 -999.0 -999.0 -999.0 -999.0 -999.0 -999.0 1459.8 1501.7 1463.8 1440.1 1312.6 1473.9 1473.8 1470.3 1459.0 1453.8 1485.9 1460.6 1364.8 1263.7 962.1 835.1 788.2 1009.4 1037.1 1175.5 1308.8 1316.7 1474.6 1474.5 1417.0 1498.4 1522.0 1517.9 1475.4 1440.1 1440.2 1429.5 1398.6 1398.2 1394.1 1368.5 1218.3 1330.3
-999.0 -999.0 -999.0 -999.0 -999.0 -999.0 -999.0 -999.0 -999.0 -999.0 -999.0 -999.0 -999.0 -999.0 -999.0 -999.0 -999.0 -999.0 -999.0 -999.0 -999.0 -999.0 -999.0 -999.0 -999.0 -999.0 -999.0 -999.0 -999.0 -999.0 -999.0 -999.0 -999.0 -999.0 1521.0 1528.8 1536.4 1521.6 1492.7 1489.6 1490.9 1522.3 1528.9 1587.5 1605.4 1565.9 1465.0 1279.2 1199.0 859.8 736.0 767.6 945.8 1115.3 1255.6 1376.6 1333.1 1415.6 1372.1 1481.0 1505.5 1519.8 1467.1 1438.2 1427.6 1399.4 1384.6 1392.6 1394.1 1349.6 1236.4 1299.9
-999.0 -999.0 -999.0 -999.0 -999.0 -999.0 -999.0 -999.0 -999.0 -999.0 -999.0 -999.0 -999.0 -999.0 1504.9 1472.7 1451.5 1440.3 -999.0 -999.0 -999.0 -999.0 -999.0 -999.0 -999.0 -999.0 -999.0 -999.0 -999.0 -999.0 -999.0 -999.0 -999.0 1551.3 1600.6 1564.1 1573.1 1503.2 1496.2 1521.1 1522.5 1525.2 1555.6 1581.5 1614.7 1573.9 1479.4 1341.1 1064.8 885.9 867.3 1034.5 910.9 1068.3 1390.2 1372.3 1440.0 1262.3 1303.4 1433.0 1441.8 1448.3 1435.8 1418.8 1415.1 1403.2 1375.3 1381.7 1410.1 1394.1 1362.8 1240.9
-999.0 -999.0 -999.0 -999.0 -999.0 -999.0 -999.0 -999.0 -999.0 -999.0 -999.0 -999.0 -999.0 -999.0 1425.0 1349.6 1381.4 1480.8 -999.0 -999.0 -999.0 -999.0 -999.0 -999.0 -999.0 -999.0 -999.0 -999.0 -999.0 -999.0 -999.0 -999.0 1608.2 1504.9 1570.3 1590.3 1531.3 1573.8 1506.7 1535.2 1531.3 1528.1 1545.1 1532.8 1511.8 1535.3 1475.0 1364.8 1227.3 872.8 824.3 1043.6 1023.5 1168.9 1290.3 1528.4 1479.6 1337.4 1309.9 1388.2 1457.9 1468.7 1437.0 1402.9 1412.4 1407.6 1394.3 1363.8 1402.7 1386.6 1372.9 1252.0
-999.0 -999.0 -999.0 -999.0 -999.0 -999.0 -999.0 -999.0 -999.0 -999.0 -999.0 -999.0 1483.1 1559.7 1487.5 1344.0 1364.7 1399.0 1545.9 1619.2 1658.0 -999.0 -999.0 1562.6 1626.5 -999.0 -999.0 -999.0 1586.2 1455.7 1462.5 -999.0 1600.0 1453.0 1543.6 1619.6 1607.1 1587.5 1480.5 1477.2 1467.4 1501.0 1469.9 1516.3 1432.7 1459.1 1432.8 1113.9 1292.7 1155.6 958.0 1229.8 1175.4 975.0 1404.9 1316.5 1432.7 1348.3 1331.9 1386.8 1432.7 1477.4 1421.7 1418.9 1439.4 1411.1 1420.8 1371.4 1411.8 1401.0 1376.2 1333.5
-999.0 -999.0 -999.0 -999.0 -999.0 -999.0 -999.0 -999.0 -999.0 -999.0 -999.0 -999.0 -999.0 1570.4 1512.8 1437.8 1424.6 1447.4 1464.7 1423.0 1647.4 -999.0 1642.7 1525.1 1350.1 1447.9 1383.4 1601.1 1580.7 1215.7 1237.8 1337.6 -999.0 1525.6 1486.7 1532.7 1579.6 1558.3 1438.3 1522.5 1613.2 1597.9 1520.6 1490.7 1439.0 1373.2 1369.1 1089.1 1007.6 1029.6 1013.0 1051.5 965.2 1030.5 1229.2 1387.0 1423.1 1272.9 1272.6 1370.3 1359.3 1445.4 1412.3 1409.7 1436.0 1408.3 1429.5 1387.1 1412.2 1410.5 1387.7 1373.0
-999.0 -999.0 -999.0 -999.0 -999.0 -999.0 -999.0 -999.0 -999.0 -999.0 -999.0 -999.0 -999.0 -999.0 1567.2 1484.7 1425.1 1497.9 1514.2 1538.7 1622.7 1249.0 790.0 1404.1 1112.5 1115.0 1200.8 1355.7 1493.7 1448.1 1288.9 1165.8 1345.4 1530.6 1553.6 1516.5 1534.9 1469.7 1305.9 1412.6 1606.2 1628.3 1529.4 1462.3 1429.1 1366.9 1316.5 971.5 871.6 990.5 1007.7 1114.7 1148.0 1111.3 1182.8 1348.6 1375.0 1291.1 1314.9 1329.1 1299.5 1393.7 1358.4 1419.3 1421.5 1418.7 1391.6 1298.7 1422.0 1423.4 1406.2 1397.1
-999.0 -999.0 -999.0 -999.0 -999.0 -999.0 -999.0 -999.0 -999.0 -999.0 -999.0 -999.0 -999.0 -999.0 -999.0 1500.9 1553.0 1552.0 1549.6 1442.5 1275.5 572.0 930.7 1485.6 1025.1 1269.3 1046.3 1110.7 1342.1 1458.3 1051.7 1235.2 1236.7 1397.0 1556.2 1520.0 1485.4 1477.5 1368.0 1378.8 1489.3 1523.7 1508.0 1438.4 1401.3 1360.1 1185.2 1075.2 828.3 965.2 953.2 986.3 1225.0 1130.8 1078.9 1201.6 1270.6 1284.8 1343.8 1297.2 1297.4 1368.6 1344.0 1415.4 1429.8 1407.6 1415.9 1406.5 1408.4 1428.5 1428.2 1421.6
-999.0 -999.0 -999.0 -999.0 -999.0 -999.0 -999.0 -999.0 -999.0 -999.0 -999.0 -999.0 -999.0 -999.0 -999.0 -999.0 1609.5 1574.8 1384.6 1186.3 623.1 559.3 898.5 1125.1 1128.5 1042.8 943.2 954.6 983.8 1240.5 1357.9 1006.7 1219.2 1357.4 1411.3 1500.5 1503.6 1464.6 1427.1 1406.2 1450.0 1484.9 1455.8 1407.0 1369.7 1306.4 1165.8 1002.8 915.3 1036.0 1050.1 972.3 1098.3 1307.6 1112.2 1273.1 1252.1 1264.0 1368.2 1373.0 1348.1 1340.2 1340.9 1413.5 1436.4 1421.7 1443.3 1369.4 1407.5 1430.4 1437.7 1443.3
-999.0 -999.0 -999.0 -999.0 -999.0 -999.0 -999.0 -999.0 -999.0 -999.0 -999.0 -999.0 -999.0 -999.0 -999.0 -999.0 1632.5 1499.9 1150.3 1024.2 940.2 734.0 1107.7 1298.4 1107.4 901.7 831.9 796.5 967.9 1193.2 1375.1 967.1 1065.9 1306.6 1401.5 1530.9 1514.7 1457.5 1372.7 1384.6 1406.2 1421.7 1433.6 1405.6 1348.8 1189.3 1105.7 1169.2 892.8 1030.8 1005.4 944.6 991.2 1155.1 1251.7 1286.7 1347.2 1272.3 1271.7 1350.2 1346.6 1387.6 1389.0 1437.9 1433.3 1433.4 1429.7 1398.9 1382.4 1423.3 1427.4 1449.4
-999.0 -999.0 -999.0 -999.0 -999.0 -999.0 -999.0 -999.0 -999.0 -999.0 -999.0 -999.0 -999.0 -999.0 -999.0 -999.0 1628.4 1441.6 1218.2 1246.9 938.7 1045.0 1217.9 1106.3 1199.8 1037.1 798.2 885.8 809.7 997.8 1246.6 1004.6 1034.4 1146.3 1471.9 1518.8 1527.1 1427.8 1332.3 1342.2 1388.2 1405.9 1414.8 1383.3 1269.2 1201.6 1195.2 1168.8 1030.0 1050.6 1059.8 1075.2 1152.1 1176.6 1150.6 1361.2 1287.6 1283.4 1335.1 1322.9 1367.7 1332.9 1434.5 1448.0 1437.3 1443.8 1438.1 1343.2 1429.2 1441.4 1446.3 1449.6
-999.0 -999.0 -999.0 -999.0 -999.0 -999.0 -999.0 -999.0 -999.0 -999.0 -999.0 -999.0 -999.0 -999.0 -999.0 1617.2 914.3 1311.5 1176.1 1030.5 1295.6 647.0 804.0 866.1 964.4 791.9 935.3 888.2 989.4 1101.1 1023.9 863.8 1038.5 1156.0 1455.3 1531.5 1537.9 1387.0 1360.9 1387.0 1385.6 1411.5 1387.4 1298.8 1320.9 1305.5 1144.0 1053.2 1233.2 971.8 1020.9 1204.9 1179.7 1244.8 1332.9 1339.6 1347.6 1338.4 1407.9 1348.9 1401.4 1443.8 1362.9 1450.7 1441.6 1428.6 1428.7 1363.0 1439.6 1452.9 1429.4 1439.6
-999.0 -999.0 -999.0 -999.0 -999.0 -999.0 -999.0 -999.0 -999.0 -999.0 -999.0 -999.0 -999.0 1627.8 1560.3 1237.0 1288.6 1418.4 1398.0 1214.2 1367.1 1141.3 1045.9 834.5 842.7 748.5 836.7 800.1 1110.0 982.0 1036.5 1263.0 1272.8 1377.0 1386.2 1463.5 1483.3 1381.4 1356.8 1355.6 1385.4 1358.4 1254.6 1316.3 1291.5 1334.5 1185.4 1118.9 1148.2 1208.3 1268.6 1175.1 1223.7 1271.9 1298.2 1322.2 1334.6 1394.6 1428.6 1472.4 1500.8 1475.0 1442.1 1436.4 1412.2 1433.6 1424.3 1355.6 1418.9 1452.2 1430.1 1420.9
-999.0 -999.0 -999.0 -999.0 -999.0 -999.0 -999.0 -999.0 -999.0 -999.0 -999.0 -999.0 1592.5 1517.9 1498.0 1490.7 1541.0 1591.9 1550.9 1547.3 1494.6 1241.4 1094.4 966.4 580.4 944.3 1037.2 1005.5 1178.6 832.3 812.5 906.8 1183.3 1347.8 1361.2 1389.4 1407.1 1367.0 1318.8 1347.9 1344.1 1321.8 1259.8 1227.6 1313.9 1306.8 1188.6 1188.4 1212.6 1235.0 1239.1 1234.7 1320.6 1304.4 1348.5 1461.1 1384.0 1423.0 1493.6 1560.3 1524.5 1441.9 1442.2 1425.9 1408.6 1400.8 1400.6 1307.6 1363.0 1421.5 1426.1 1412.6
-999.0 -999.0 -999.0 -999.0 -999.0 -999.0 -999.0 -999.0 -999.0 -999.0 -999.0 1628.8 1431.1 1441.4 1475.0 -999.0 -999.0 -999.0 -999.0 1580.8 1047.7 1024.4 1011.4 889.3 975.3 1029.3 802.4 850.6 984.9 534.9 674.3 866.5 965.9 1237.7 1425.6 1392.0 1369.3 1378.9 1356.5 1356.8 1356.3 1301.7 1323.5 1215.1 1279.3 1294.5 1263.8 1238.0 1236.6 1260.0 1331.6 1333.4 1351.5 1380.6 1419.0 1476.8 1480.2 1461.9 1475.9 1485.5 1471.5 1446.2 1428.6 1375.3 1343.6 1341.8 1357.2 1312.8 1344.1 1366.1 1420.9 1416.3
-999.0 -999.0 -999.0 -999.0 -999.0 -999.0 -999.0 -999.0 -999.0 -999.0 -999.0 1597.2 1326.4 1572.7 1630.5 -999.0 -999.0 -999.0 -999.0 1655.7 1217.4 938.7 1210.6 877.6 890.9 905.6 735.2 690.3 894.6 684.8 1082.8 1066.1 1185.8 1318.7 1438.5 1427.5 1378.3 1366.7 1329.1 1288.4 1355.6 1290.7 1298.8 1285.8 1237.4 1312.9 1292.4 1338.6 1286.8 1243.4 1237.0 1251.9 1358.5 1400.2 1420.9 1437.9 1393.5 1403.1 1392.0 1396.7 1401.6 1327.6 1359.1 1239.6 1250.4 1255.4 1329.1 1314.3 1342.4 1363.3 1416.8 1426.2
-999.0 -999.0 -999.0 -999.0 -999.0 -999.0 -999.0 -999.0 -999.0 -999.0 -999.0 -999.0 -999.0 -999.0 -999.0 -999.0 -999.0 -999.0 -999.0 1669.4 1156.7 1104.7 1224.0 1021.8 1136.0 730.7 770.7 1070.1 898.7 940.9 1068.4 1084.3 1290.1 1394.6 1466.3 1367.2 1371.3 1359.2 1349.5 1369.3 1365.4 1339.9 1324.8 1311.7 1280.5 1325.4 1344.4 1338.0 1312.6 1340.1 1303.5 1287.5 1409.9 1313.1 1254.4 1335.8 1331.3 1341.5 1391.8 1352.4 1283.0 1190.8 1218.1 1278.6 1277.6 1255.1 1311.2 1304.6 1343.3 1351.1 1412.0 1427.8
-999.0 -999.0 -999.0 -999.0 -999.0 -999.0 -999.0 -999.0 -999.0 -999.0 -999.0 -999.0 -999.0 -999.0 -999.0 -999.0 -999.0 -999.0 -999.0 -999.0 1168.0 1600.8 1450.9 1141.2 827.2 882.0 787.5 826.3 1109.0 1078.3 1049.6 1318.3 1370.6 1450.4 1449.1 1418.0 1383.5 1419.5 1435.3 1410.1 1400.3 1375.9 1339.9 1346.1 1296.7 1298.9 1336.9 1222.6 1295.1 1387.7 1392.6 1383.0 1370.3 1373.4 1281.4 1261.3 1307.6 1241.4 1357.6 1369.0 1269.1 1271.3 1253.6 1279.5 1333.7 1284.8 1312.3 1342.5 1385.0 1360.9 1417.1 1429.0
-999.0 -999.0 -999.0 -999.0 -999.0 -999.0 -999.0 -999.0 -999.0 -999.0 -999.0 -999.0 -999.0 -999.0 -999.0 -999.0 -999.0 -999.0 -999.0 -999.0 1439.7 1013.2 928.1 1039.6 1053.4 1102.2 954.1 1099.6 1091.5 1257.5 1400.8 1253.5 1412.3 1444.0 1303.5 1338.5 1369.9 1452.2 1524.7 1472.6 1371.0 1371.1 1287.0 1291.5 1292.8 1291.3 1315.2 1229.6 1230.0 1339.1 1391.5 1408.6 1385.9 1367.8 1336.4 1295.0 1256.8 1144.4 1261.0 1388.4 1340.6 1273.1 1206.1 1185.9 1242.6 1329.6 1323.6 1373.6 1410.6 1438.5 1444.3 1449.5
-999.0 -999.0 -999.0 -999.0 -999.0 -999.0 -999.0 -999.0 -999.0 -999.0 -999.0 -999.0 -999.0 -999.0 -999.0 -999.0 -999.0 -999.0 -999.0 1509.5 1326.4 1396.4 845.5 1166.9 1211.5 1021.6 1049.8 1155.2 983.3 1303.1 1438.1 1241.5 1471.4 1026.6 1221.3 1352.1 1373.4 1325.5 1434.2 1420.0 1188.1 1208.1 1266.8 1355.3 1320.8 1329.1 1347.5 1343.0 1358.7 1392.2 1412.4 1401.2 1397.6 1377.3 1323.4 1324.4 1246.6 1274.3 1350.3 1382.8 1327.9 1253.5 1187.7 1167.9 1221.9 1339.0 1361.4 1414.9 1464.9 1491.1 1476.2 1480.4
-999.0 -999.0 -999.0 -999.0 -999.0 -999.0 -999.0 -999.0 -999.0 -999.0 -999.0 -999.0 -999.0 -999.0 -999.0 -999.0 -999.0 -999.0 -999.0 1695.0 1438.4 913.4 1271.1 1543.4 1295.6 1224.3 1077.3 952.5 1005.0 1282.2 1394.7 1356.8 1419.9 1318.0 1270.3 1208.9 1207.1 1359.9 1343.2 1333.1 1293.2 1252.3 1342.1 1363.7 1338.7 1374.9 1361.0 1385.1 1463.4 1456.9 1424.8 1410.4 1398.1 1395.7 1368.3 1355.2 1294.1 1285.2 1345.3 1356.9 1285.0 1191.9 1134.9 1213.2 1216.4 1260.7 1340.9 1450.0 1437.3 1515.7 1446.2 1483.2
-999.0 -999.0 -999.0 -999.0 -999.0 -999.0 -999.0 -999.0 -999.0 -999.0 -999.0 -999.0 -999.0 -999.0 -999.0 -999.0 -999.0 -999.0 -999.0 1759.2 1327.4 1568.1 1327.8 1336.0 1193.5 1164.7 851.0 997.5 932.7 1164.6 1283.4 1410.3 1411.8 1324.2 1125.0 1032.8 952.8 1270.4 1161.9 1252.3 1246.9 1270.4 1390.5 1365.5 1361.3 1396.8 1404.1 1471.2 1499.8 1412.4 1401.3 1422.9 1396.8 1312.3 1403.7 1374.9 1342.5 1346.3 1379.7 1356.6 1273.6 1229.0 1223.6 1249.9 1265.1 1342.4 1379.3 1390.3 1429.4 1498.3 1490.9 1492.0
-999.0 -999.0 -999.0 -999.0 -999.0 -999.0 -999.0 -999.0 -999.0 -999.0 -999.0 -999.0 -999.0 -999.0 -999.0 -999.0 -999.0 -999.0 -999.0 -999.0 1506.4 1232.7 1050.3 873.3 778.2 944.0 957.4 1106.8 1314.3 1334.8 1380.2 1323.5 1311.7 1356.1 1239.3 1227.7 1012.1 1158.9 1236.3 1263.7 1187.2 1224.0 1377.7 1305.7 1391.4 1439.6 1334.4 1490.2 1510.8 1508.4 1451.5 1449.2 1419.5 1301.4 1353.0 1405.0 1354.7 1364.0 1371.8 1329.9 1259.5 1282.4 1303.6 1348.8 1314.0 1383.6 1329.2 1359.3 1452.8 1482.3 1458.6 1491.4
