GDD/GrowingDegreeDays_2011_Actual.txt
ncols         180
nrows         290
xllcorner     -200000
yllcorner     -200000
cellsize      5000
NODATA_value    -999
[rows 160 to 191 of 290, columns 71 to 141 of 180]
-999.0 -999.0 -999.0 -999.0 -999.0 -999.0 -999.0 -999.0 -999.0 -999.0 -999.0 -999.0 -999.0 -999.0 -999.0 -999.0 -999.0 -999.0 -999.0 -999.0 -999.0 -999.0 -999.0 -999.0 -999.0 -999.0 -999.0 -999.0 -999.0 -999.0 -999.0 -999.0 -999.0 -999.0 -999.0 1984.6 1954.4 1929.5 1880.1 1587.8 1451.1 1170.1 1503.5 1360.5 1825.2 1690.7 1690.3 1543.6 1479.0 1579.8 1499.5 1894.4 1893.5 1896.6 1921.8 1977.9 1898.1 2001.0 2029.0 2008.7 2050.7 2099.4 2064.1 2021.3 1994.4 1976.9 1831.9 1901.3 1983.2 2026.0 2038.6
-999.0 -999.0 -999.0 -999.0 -999.0 -999.0 -999.0 -999.0 -999.0 -999.0 -999.0 -999.0 -999.0 -999.0 -999.0 -999.0 -999.0 -999.0 -999.0 -999.0 -999.0 -999.0 -999.0 -999.0 -999.0 -999.0 -999.0 -999.0 -999.0 -999.0 -999.0 -999.0 -999.0 -999.0 -999.0 1987.6 1947.9 1958.7 1984.1 1909.5 1582.5 1801.5 1757.0 1875.6 1736.7 1429.5 1601.7 1433.8 1511.7 1450.0 1893.6 1591.4 1844.7 1745.0 1817.6 1831.2 1950.9 1994.8 2033.4 2034.4 2052.2 2064.9 2021.7 1983.4 1991.8 2004.2 1980.9 1888.3 1961.5 2028.0 2048.0
-999.0 -999.0 -999.0 -999.0 -999.0 -999.0 -999.0 -999.0 -999.0 -999.0 -999.0 -999.0 -999.0 -999.0 -999.0 -999.0 -999.0 -999.0 -999.0 -999.0 -999.0 -999.0 -999.0 -999.0 -999.0 -999.0 -999.0 -999.0 -999.0 -999.0 -999.0 -999.0 -999.0 -999.0 -999.0 1994.2 1972.5 1923.4 2024.9 1981.0 1876.6 1815.0 1846.4 1916.0 1761.0 1640.3 1642.8 1457.6 1306.2 1630.4 1770.5 1982.7 1855.7 2073.3 2010.3 1952.0 1915.9 1985.6 1995.0 2016.9 2036.6 2038.4 2011.8 1984.6 1993.3 2009.8 2006.6 1930.4 1894.7 2033.5 2132.3
-999.0 -999.0 -999.0 -999.0 -999.0 -999.0 -999.0 -999.0 -999.0 -999.0 -999.0 -999.0 -999.0 -999.0 -999.0 -999.0 -999.0 -999.0 -999.0 -999.0 -999.0 -999.0 -999.0 -999.0 -999.0 -999.0 -999.0 -999.0 -999.0 -999.0 -999.0 -999.0 -999.0 -999.0 -999.0 2011.2 1967.3 1943.7 2004.7 2045.8 1991.7 1961.7 1842.8 1700.6 1879.8 1787.9 1665.9 1232.2 1251.5 1282.6 1542.3 1811.4 1921.6 1917.0 2068.7 2133.8 2016.3 1952.7 2028.6 2048.3 2044.3 2061.3 2041.9 2025.6 2033.6 2053.4 2071.2 1967.4 1931.2 2132.6 2241.1
-999.0 -999.0 -999.0 -999.0 -999.0 -999.0 -999.0 -999.0 -999.0 -999.0 -999.0 -999.0 -999.0 -999.0 -999.0 -999.0 -999.0 -999.0 -999.0 -999.0 -999.0 -999.0 -999.0 -999.0 -999.0 -999.0 -999.0 -999.0 -999.0 -999.0 -999.0 -999.0 -999.0 -999.0 -999.0 2023.4 2001.8 2006.9 2067.3 2083.4 2060.1 1907.7 1860.3 1730.5 1661.7 1451.7 1326.8 1236.3 1488.0 1410.0 1667.5 1774.5 1954.1 1807.0 1944.0 2093.5 2152.3 2144.0 2110.1 2101.0 2075.7 2072.6 2079.3 2072.0 2071.6 2099.4 2098.3 2116.5 2079.6 2188.8 2272.0
-999.0 -999.0 -999.0 -999.0 -999.0 -999.0 -999.0 -999.0 -999.0 -999.0 -999.0 -999.0 -999.0 -999.0 -999.0 -999.0 -999.0 -999.0 -999.0 -999.0 -999.0 -999.0 -999.0 -999.0 -999.0 -999.0 -999.0 -999.0 -999.0 -999.0 -999.0 -999.0 -999.0 -999.0 -999.0 -999.0 1979.3 2001.8 2048.2 2065.4 1941.5 1683.6 1620.9 1570.7 1661.0 1680.7 1463.0 1492.2 1384.6 1545.8 1855.1 2109.5 2053.7 1987.3 1953.7 2131.7 2140.3 2078.5 2105.9 2142.0 2086.4 2101.7 2110.4 2110.9 2105.0 2114.5 2114.9 2109.9 2153.1 2179.4 2224.8
-999.0 -999.0 -999.0 -999.0 -999.0 -999.0 -999.0 -999.0 -999.0 -999.0 -999.0 -999.0 -999.0 -999.0 -999.0 -999.0 -999.0 -999.0 -999.0 -999.0 -999.0 -999.0 -999.0 -999.0 -999.0 -999.0 -999.0 -999.0 -999.0 -999.0 -999.0 -999.0 -999.0 -999.0 -999.0 2072.7 1996.2 2019.7 2056.1 2038.0 1939.7 1531.5 1463.8 1630.8 1401.5 1449.8 1545.6 1568.2 1259.8 1513.9 1558.9 1867.0 2182.9 1925.8 2089.4 2194.6 2090.7 2084.2 2149.6 2110.0 2127.3 2130.7 2125.0 2122.8 2118.4 2119.1 2003.3 2086.8 2121.2 2015.4 2069.2
-999.0 -999.0 -999.0 -999.0 -999.0 -999.0 -999.0 -999.0 -999.0 -999.0 -999.0 -999.0 -999.0 -999.0 -999.0 -999.0 -999.0 -999.0 -999.0 -999.0 -999.0 -999.0 -999.0 -999.0 -999.0 -999.0 -999.0 -999.0 -999.0 -999.0 -999.0 -999.0 -999.0 -999.0 -999.0 2098.0 2071.4 2053.9 2067.3 1880.5 1938.5 1829.3 1520.0 1788.0 1771.3 1728.8 1827.0 1788.0 1469.0 1566.2 1609.6 1993.1 1866.4 1748.3 2025.6 1959.3 2043.2 2002.5 2058.6 2098.5 2157.1 2164.5 2150.7 2139.7 2117.4 2136.3 2119.9 2048.3 2112.2 2063.6 2003.0
-999.0 -999.0 -999.0 -999.0 -999.0 -999.0 -999.0 -999.0 -999.0 -999.0 -999.0 -999.0 -999.0 -999.0 -999.0 -999.0 -999.0 -999.0 -999.0 -999.0 -999.0 -999.0 -999.0 -999.0 -999.0 -999.0 -999.0 -999.0 -999.0 -999.0 -999.0 -999.0 -999.0 -999.0 2126.1 2143.3 2112.9 1985.2 1993.0 1973.8 2008.8 1908.3 1868.4 1920.3 1966.0 1984.0 1939.1 1820.2 1514.0 1298.7 1259.5 1679.9 1556.9 1658.2 1963.8 1981.0 2100.8 2071.1 2066.0 2134.5 2176.8 2181.1 2174.7 2155.7 2125.6 2150.9 2131.8 2107.8 2092.8 2077.4 1942.7
-999.0 -999.0 -999.0 -999.0 -999.0 -999.0 -999.0 -999.0 -999.0 -999.0 -999.0 -999.0 -999.0 -999.0 -999.0 -999.0 -999.0 -999.0 -999.0 -999.0 -999.0 -999.0 -999.0 -999.0 -999.0 -999.0 -999.0 -999.0 -999.0 -999.0 -999.0 -999.0 -999.0 -999.0 -999.0 2146.0 2170.7 2099.3 2053.1 1870.0 2071.6 2071.7 2069.7 2055.2 2047.4 2090.6 2059.2 1943.0 1826.6 1409.3 1236.2 1177.4 1514.8 1559.2 1762.0 1946.8 1955.8 2167.2 2166.9 2086.7 2181.4 2199.4 2198.0 2169.3 2142.3 2153.0 2139.9 2100.0 2101.4 2100.6 2069.1
-999.0 -999.0 -999.0 -999.0 -999.0 -999.0 -999.0 -999.0 -999.0 -999.0 -999.0 -999.0 -999.0 -999.0 -999.0 -999.0 -999.0 -999.0 -999.0 -999.0 -999.0 -999.0 -999.0 -999.0 -999.0 -999.0 -999.0 -999.0 -999.0 -999.0 -999.0 -999.0 -999.0 -999.0 -999.0 2208.8 2185.9 2178.3 2147.3 2103.8 2095.6 2096.7 2142.6 2147.0 2210.9 2229.5 2179.4 2062.7 1839.6 1757.3 1275.7 1101.4 1157.3 1436.6 1688.2 1885.5 2048.1 1990.7 2097.2 2034.9 2165.3 2178.2 2196.8 2167.7 2154.7 2146.7 2109.2 2088.2 2097.7 2103.6 2045.6
-999.0 -999.0 -999.0 -999.0 -999.0 -999.0 -999.0 -999.0 -999.0 -999.0 -999.0 -999.0 -999.0 -999.0 -999.0 2003.9 1967.0 1943.4 1932.8 -999.0 -999.0 -999.0 -999.0 -999.0 -999.0 -999.0 -999.0 -999.0 -999.0 -999.0 -999.0 -999.0 -999.0 -999.0 2231.0 2279.8 2203.1 2206.7 2110.9 2109.8 2138.5 2141.6 2146.3 2182.9 2200.2 2228.7 2164.8 2060.9 1916.7 1566.5 1320.7 1308.5 1573.5 1393.2 1628.8 2074.4 2047.4 2138.9 1899.7 1953.1 2120.2 2126.6 2139.0 2146.6 2142.0 2139.0 2117.6 2075.5 2081.7 2123.2 2103.1
-999.0 -999.0 -999.0 -999.0 -999.0 -999.0 -999.0 -999.0 -999.0 -999.0 -999.0 -999.0 -999.0 -999.0 -999.0 1908.0 1813.5 1850.5 1978.3 -999.0 -999.0 -999.0 -999.0 -999.0 -999.0 -999.0 -999.0 -999.0 -999.0 -999.0 -999.0 -999.0 -999.0 2258.2 2139.0 2212.3 2218.5 2131.5 2195.4 2122.3 2154.4 2150.6 2145.6 2165.6 2145.3 2098.3 2080.1 2016.5 1935.8 1809.9 1322.3 1259.4 1598.2 1570.3 1776.5 1944.0 2249.5 2193.6 2010.8 1973.2 2076.3 2164.6 2184.4 2155.6 2120.3 2133.8 2119.7 2095.6 2051.2 2107.0 2092.8
-999.0 -999.0 -999.0 -999.0 -999.0 -999.0 -999.0 -999.0 -999.0 -999.0 -999.0 -999.0 -999.0 1968.6 2082.0 1999.5 1800.6 1810.4 1864.4 2075.8 2187.8 2248.1 -999.0 -999.0 2149.9 2257.9 -999.0 -999.0 -999.0 2211.5 2087.3 2080.7 -999.0 2238.3 2052.9 2161.9 2241.9 2204.6 2200.4 2085.1 2083.6 2066.5 2106.8 2051.0 2109.7 1998.9 1959.6 1933.8 1590.5 1924.4 1786.5 1484.0 1877.7 1799.3 1493.0 2098.8 1977.7 2137.7 2031.9 2013.5 2083.0 2141.4 2196.2 2133.4 2134.6 2164.4 2119.6 2118.9 2049.1 2113.3 2112.3
-999.0 -999.0 -999.0 -999.0 -999.0 -999.0 -999.0 -999.0 -999.0 -999.0 -999.0 -999.0 -999.0 -999.0 2102.2 2042.2 1903.1 1856.2 1915.4 1981.8 1952.7 2243.1 -999.0 2263.8 2122.9 1934.0 2072.2 1948.1 2159.4 2155.2 1744.9 1782.4 1912.7 -999.0 2142.4 2083.8 2132.3 2187.4 2177.2 2041.1 2145.1 2241.6 2221.6 2102.5 2040.7 2000.0 1878.1 1886.9 1588.2 1545.1 1604.0 1577.1 1633.4 1504.6 1592.7 1868.5 2086.6 2136.9 1940.7 1942.1 2072.8 2057.7 2162.4 2122.9 2124.1 2159.2 2116.7 2127.8 2061.7 2115.3 2127.2
-999.0 -999.0 -999.0 -999.0 -999.0 -999.0 -999.0 -999.0 -999.0 -999.0 -999.0 -999.0 -999.0 -999.0 -999.0 2106.3 1967.2 1876.8 1994.8 2075.3 2146.7 2222.1 1751.2 1123.0 1998.6 1630.1 1628.8 1711.5 1864.3 2050.4 2035.7 1850.9 1690.4 1920.2 2135.8 2154.0 2111.1 2144.5 2079.2 1881.7 2013.1 2235.9 2267.3 2148.8 2062.3 2025.5 1933.4 1880.3 1450.5 1358.6 1557.7 1581.8 1740.7 1794.9 1741.9 1831.9 2047.8 2085.1 1971.7 2008.2 2030.7 1992.1 2109.2 2060.4 2140.7 2144.8 2136.3 2091.8 1962.7 2141.3 2151.2
-999.0 -999.0 -999.0 -999.0 -999.0 -999.0 -999.0 -999.0 -999.0 -999.0 -999.0 -999.0 -999.0 -999.0 -999.0 -999.0 1999.1 2066.8 2094.0 2142.9 2043.0 1815.5 789.3 1370.0 2121.6 1513.2 1831.4 1516.8 1587.3 1896.0 2063.1 1539.1 1794.9 1787.4 1961.5 2140.1 2108.8 2083.6 2094.7 1968.5 1980.9 2114.2 2159.3 2148.8 2066.1 2028.9 1983.0 1767.4 1652.5 1304.0 1520.6 1505.2 1559.9 1921.6 1793.4 1709.2 1889.9 1968.7 1972.9 2047.2 1991.6 1993.5 2083.3 2048.4 2141.9 2161.4 2130.3 2138.3 2131.6 2141.4 2164.0
-999.0 -999.0 -999.0 -999.0 -999.0 -999.0 -999.0 -999.0 -999.0 -999.0 -999.0 -999.0 -999.0 -999.0 -999.0 -999.0 -999.0 2157.5 2139.2 1935.3 1698.1 873.0 792.4 1352.0 1662.6 1667.0 1542.2 1394.6 1405.5 1443.6 1803.1 1969.3 1503.6 1785.2 1925.6 1976.5 2090.9 2113.2 2085.0 2050.9 2029.0 2086.2 2131.8 2100.2 2043.8 2010.8 1946.0 1789.4 1598.9 1488.4 1650.2 1662.9 1552.3 1762.1 2072.9 1775.2 1989.5 1950.8 1947.7 2070.4 2079.2 2059.5 2052.7 2052.7 2144.8 2175.1 2155.0 2187.5 2091.0 2143.9 2170.4
-999.0 -999.0 -999.0 -999.0 -999.0 -999.0 -999.0 -999.0 -999.0 -999.0 -999.0 -999.0 -999.0 -999.0 -999.0 -999.0 -999.0 2194.3 2046.0 1608.8 1446.1 1315.7 1047.5 1674.9 1891.4 1644.0 1354.5 1257.5 1202.9 1445.5 1755.3 2004.5 1437.5 1561.7 1861.2 1964.8 2132.9 2138.2 2083.7 1990.2 2013.3 2043.1 2059.9 2078.6 2052.6 1989.8 1794.5 1717.4 1866.0 1468.7 1648.9 1601.8 1520.7 1625.9 1897.1 2001.9 2015.8 2080.4 1962.2 1950.0 2059.8 2065.7 2120.8 2120.4 2180.2 2171.2 2175.4 2179.7 2145.0 2115.0 2161.0
-999.0 -999.0 -999.0 -999.0 -999.0 -999.0 -999.0 -999.0 -999.0 -999.0 -999.0 -999.0 -999.0 -999.0 -999.0 -999.0 -999.0 2192.3 1971.3 1696.9 1738.8 1289.2 1476.0 1801.1 1642.4 1774.8 1559.0 1217.9 1349.5 1223.0 1486.4 1829.9 1478.9 1483.9 1645.4 2032.1 2111.3 2161.0 2056.9 1946.9 1966.1 2024.6 2045.1 2058.9 2024.6 1872.7 1799.9 1838.9 1838.7 1634.2 1664.2 1680.6 1716.8 1858.8 1911.8 1839.4 2099.0 1992.3 1986.0 2055.1 2040.1 2101.0 2053.8 2184.7 2195.8 2180.9 2190.3 2184.2 2048.5 2152.9 2178.5
-999.0 -999.0 -999.0 -999.0 -999.0 -999.0 -999.0 -999.0 -999.0 -999.0 -999.0 -999.0 -999.0 -999.0 -999.0 -999.0 2158.5 1244.5 1809.1 1641.1 1457.9 1862.5 960.0 1205.0 1300.0 1447.4 1196.8 1416.0 1346.2 1485.5 1635.4 1519.1 1270.7 1515.4 1671.2 2040.4 2151.4 2189.3 2014.1 1994.4 2032.2 2031.0 2062.8 2032.4 1907.2 1922.8 1920.5 1743.5 1643.5 1909.7 1532.1 1614.3 1892.8 1870.8 1961.6 2027.5 2030.0 2071.9 2073.8 2156.4 2076.6 2148.3 2205.0 2096.4 2205.4 2189.1 2170.5 2164.0 2056.7 2155.4 2189.0
-999.0 -999.0 -999.0 -999.0 -999.0 -999.0 -999.0 -999.0 -999.0 -999.0 -999.0 -999.0 -999.0 -999.0 2125.6 2068.8 1677.5 1765.9 1941.4 1920.4 1704.7 1965.2 1719.7 1556.4 1241.5 1260.6 1123.2 1263.4 1205.4 1652.6 1469.6 1544.7 1849.5 1859.2 1989.2 1997.4 2102.5 2140.6 2019.4 1998.4 2000.5 2041.0 2005.9 1864.5 1935.2 1887.1 1957.7 1786.6 1721.1 1779.0 1872.2 1965.2 1840.0 1916.3 1983.1 2004.2 2033.9 2054.0 2149.5 2181.0 2233.4 2276.6 2246.9 2204.6 2191.8 2157.7 2179.8 2160.6 2063.2 2144.8 2194.6
-999.0 -999.0 -999.0 -999.0 -999.0 -999.0 -999.0 -999.0 -999.0 -999.0 -999.0 -999.0 -999.0 2047.8 1979.7 1983.2 1997.0 2076.2 2147.8 2106.3 2117.4 2087.1 1782.0 1599.3 1430.5 838.0 1412.0 1548.2 1502.8 1748.7 1253.1 1222.2 1369.3 1759.5 1976.6 1993.9 2031.3 2058.3 2013.7 1955.8 1998.1 1997.2 1969.0 1883.8 1833.3 1941.1 1931.3 1789.4 1812.5 1863.5 1903.2 1916.9 1915.8 2042.5 2020.3 2084.1 2218.3 2119.2 2174.8 2267.7 2349.9 2309.0 2204.8 2207.7 2183.5 2156.6 2140.1 2136.2 2009.5 2084.0 2162.6
-999.0 -999.0 -999.0 -999.0 -999.0 -999.0 -999.0 -999.0 -999.0 -999.0 -999.0 -999.0 2056.3 1834.1 1873.3 1944.7 -999.0 -999.0 -999.0 -999.0 2153.7 1486.3 1479.4 1479.5 1314.4 1442.4 1526.1 1203.3 1273.1 1469.6 783.0 1013.3 1324.9 1470.4 1862.1 2102.8 2051.3 2019.6 2034.9 2010.4 2016.8 2022.1 1953.1 1986.6 1834.5 1908.2 1906.5 1889.5 1880.0 1895.1 1935.2 2039.9 2048.7 2077.6 2114.9 2164.3 2236.7 2248.2 2235.7 2258.0 2268.2 2244.0 2213.5 2190.7 2120.8 2077.8 2071.1 2087.9 2028.5 2068.5 2096.7
-999.0 -999.0 -999.0 -999.0 -999.0 -999.0 -999.0 -999.0 -999.0 -999.0 -999.0 -999.0 2000.6 1687.8 2022.5 2124.4 -999.0 -999.0 -999.0 -999.0 2235.5 1706.3 1345.2 1747.3 1291.9 1312.1 1339.7 1084.0 1011.5 1325.0 1014.0 1615.6 1605.9 1782.1 1979.1 2129.5 2104.4 2039.1 2022.9 1977.9 1929.7 2028.5 1959.2 1976.3 1949.5 1870.4 1957.9 1940.5 2018.7 1961.0 1906.2 1904.6 1929.3 2078.4 2139.3 2171.1 2195.8 2146.4 2178.8 2171.3 2162.6 2158.1 2059.5 2103.1 1943.9 1961.0 1965.8 2063.3 2039.1 2072.9 2099.0
-999.0 -999.0 -999.0 -999.0 -999.0 -999.0 -999.0 -999.0 -999.0 -999.0 -999.0 -999.0 -999.0 -999.0 -999.0 -999.0 -999.0 -999.0 -999.0 -999.0 2251.4 1618.6 1569.8 1752.3 1485.6 1647.8 1070.3 1133.7 1557.9 1313.0 1387.7 1584.6 1620.3 1916.8 2064.6 2158.9 2034.2 2036.9 2011.2 2003.9 2035.1 2046.8 2046.9 2044.1 2004.9 1946.9 1999.2 2025.8 2021.2 1993.0 2035.2 1991.7 1974.1 2138.1 2015.8 1945.9 2065.2 2071.3 2095.3 2167.2 2107.2 2012.2 1886.5 1923.3 2002.7 2002.9 1977.8 2053.1 2034.9 2078.3 2086.2
-999.0 -999.0 -999.0 -999.0 -999.0 -999.0 -999.0 -999.0 -999.0 -999.0 -999.0 -999.0 -999.0 -999.0 -999.0 -999.0 -999.0 -999.0 -999.0 -999.0 -999.0 1633.3 2202.5 2026.7 1632.3 1198.5 1293.3 1156.5 1200.2 1604.8 1576.2 1551.3 1933.5 2016.8 2129.6 2136.6 2103.4 2059.0 2078.7 2083.2 2078.6 2089.3 2092.2 2060.0 2052.4 1977.2 1978.7 2031.0 1869.1 1965.5 2091.1 2105.2 2096.9 2084.6 2092.5 1980.1 1965.8 2038.9 1953.9 2114.5 2129.9 2000.1 2007.6 1979.5 2008.9 2082.3 2028.2 2069.3 2090.7 2131.5 2095.0
-999.0 -999.0 -999.0 -999.0 -999.0 -999.0 -999.0 -999.0 -999.0 -999.0 -999.0 -999.0 -999.0 -999.0 -999.0 -999.0 -999.0 -999.0 -999.0 -999.0 -999.0 1986.6 1421.5 1307.6 1474.5 1513.6 1596.4 1395.3 1597.3 1590.9 1820.8 2016.2 1837.6 2065.1 2120.5 1946.6 1993.1 2037.5 2104.2 2172.1 2145.7 2043.1 2059.7 1960.7 1967.7 1967.8 1976.1 2021.2 1881.2 1864.3 2015.1 2095.2 2127.9 2106.4 2087.8 2058.7 2017.8 1977.5 1822.6 1988.9 2152.3 2091.6 2004.1 1911.0 1878.7 1958.0 2086.9 2079.5 2120.9 2146.0 2178.3
-999.0 -999.0 -999.0 -999.0 -999.0 -999.0 -999.0 -999.0 -999.0 -999.0 -999.0 -999.0 -999.0 -999.0 -999.0 -999.0 -999.0 -999.0 -999.0 -999.0 2070.0 1848.3 1936.2 1173.0 1627.4 1714.9 1475.6 1525.5 1676.6 1440.6 1875.8 2054.2 1811.9 2138.6 1554.5 1838.0 2005.5 2029.1 1952.9 2090.4 2086.6 1792.7 1827.1 1917.7 2039.0 1988.9 1999.8 2040.4 2016.9 2013.7 2059.5 2106.1 2110.9 2116.7 2101.5 2046.5 2075.4 1982.9 2018.8 2111.2 2136.1 2061.0 1967.2 1878.1 1848.1 1924.1 2084.1 2104.3 2144.0 2180.9 2217.5
-999.0 -999.0 -999.0 -999.0 -999.0 -999.0 -999.0 -999.0 -999.0 -999.0 -999.0 -999.0 -999.0 -999.0 -999.0 -999.0 -999.0 -999.0 -999.0 -999.0 2303.1 1996.5 1289.3 1773.0 2122.3 1832.4 1756.2 1566.7 1394.7 1472.1 1852.2 2003.6 1968.3 2075.0 1963.9 1915.8 1835.9 1819.6 2016.0 1994.5 1985.5 1938.6 1887.1 2013.6 2042.7 1995.1 2029.7 2023.1 2042.0 2117.4 2106.4 2108.5 2112.6 2110.6 2120.6 2107.5 2125.8 2058.4 2030.3 2092.2 2095.9 1995.7 1876.9 1796.6 1906.7 1910.9 1967.6 2062.3 2172.8 2124.9 2232.3
-999.0 -999.0 -999.0 -999.0 -999.0 -999.0 -999.0 -999.0 -999.0 -999.0 -999.0 -999.0 -999.0 -999.0 -999.0 -999.0 -999.0 -999.0 -999.0 -999.0 2376.9 1852.8 2187.9 1875.3 1887.4 1715.3 1689.2 1249.1 1466.1 1374.2 1704.0 1870.6 2043.9 2065.4 1968.9 1718.7 1594.1 1462.5 1905.1 1754.9 1880.8 1877.8 1915.0 2078.1 2045.5 2031.9 2065.4 2066.8 2146.2 2166.7 2054.2 2073.8 2124.8 2104.6 2003.7 2139.1 2124.3 2091.9 2091.8 2125.0 2090.2 1981.9 1926.7 1918.4 1953.7 1972.0 2071.2 2112.7 2104.1 2133.0 2226.9
-999.0 -999.0 -999.0 -999.0 -999.0 -999.0 -999.0 -999.0 -999.0 -999.0 -999.0 -999.0 -999.0 -999.0 -999.0 -999.0 -999.0 -999.0 -999.0 -999.0 -999.0 2151.1 1784.8 1512.2 1257.9 1131.9 1393.7 1416.0 1628.0 1907.6 1933.9 2000.8 1937.2 1932.1 2002.3 1861.2 1851.5 1539.7 1748.1 1855.5 1894.6 1794.3 1852.4 2064.5 1972.7 2081.5 2136.1 1985.1 2183.7 2207.8 2206.0 2140.2 2153.5 2129.3 1981.1 2051.8 2128.3 2074.4 2091.5 2101.6 2047.8 1959.0 1992.2 2021.5 2082.1 2033.8 2121.3 2046.2 2075.7 2187.6 2226.1
