GDD/GrowingDegreeDays_1992_Actual.txt
ncols         180
nrows         290
xllcorner     -200000
yllcorner     -200000
cellsize      5000
NODATA_value    -999
[rows 128 to 159 of 290, columns 71 to 141 of 180]
-999.0 1191.2 1581.8 1599.9 -999.0 -999.0 -999.0 -999.0 -999.0 -999.0 -999.0 -999.0 -999.0 1416.5 1316.7 1530.4 1294.1 1098.6 1187.0 959.0 801.2 903.4 798.6 944.0 1101.4 1196.5 1162.5 946.9 995.5 1037.4 1245.8 1032.0 736.8 955.4 831.9 1041.5 1065.4 1270.5 1249.0 1130.7 1188.6 1162.9 1047.8 915.7 815.8 869.1 1018.5 1131.7 1163.5 1279.5 1151.1 1147.6 1300.3 1409.3 -999.0 -999.0 -999.0 -999.0 -999.0 -999.0 -999.0 -999.0 -999.0 -999.0 -999.0 -999.0 -999.0 -999.0 -999.0 -999.0 -999.0
-999.0 -999.0 -999.0 -999.0 -999.0 -999.0 -999.0 -999.0 -999.0 -999.0 -999.0 -999.0 -999.0 1488.0 1583.6 1203.9 1275.3 1065.0 1174.0 907.7 895.7 737.0 808.8 845.7 969.9 1028.4 1225.3 689.4 752.1 1049.5 1285.6 1015.5 817.4 1012.3 990.4 881.6 1128.4 990.7 931.5 1075.9 937.2 924.8 738.9 1059.0 1056.3 988.1 988.0 1006.3 1208.8 1377.0 1292.9 1326.3 1395.0 1458.4 1483.9 -999.0 -999.0 -999.0 -999.0 -999.0 -999.0 -999.0 -999.0 -999.0 -999.0 -999.0 -999.0 -999.0 -999.0 -999.0 -999.0
-999.0 -999.0 -999.0 -999.0 -999.0 -999.0 -999.0 -999.0 -999.0 -999.0 -999.0 -999.0 1676.7 1274.3 1154.5 1163.0 1064.0 1047.2 1119.5 1177.8 861.8 880.0 809.6 872.3 901.6 1133.4 1368.1 1086.9 991.8 1024.3 1245.4 1250.9 1060.8 1035.7 1046.4 1010.5 809.9 1109.7 1149.3 1113.8 1129.3 751.8 931.5 817.2 896.8 1087.0 1063.3 1042.1 1037.3 1028.2 1328.8 1416.8 1443.5 1455.1 1508.7 -999.0 -999.0 -999.0 -999.0 -999.0 -999.0 -999.0 -999.0 -999.0 -999.0 -999.0 -999.0 -999.0 -999.0 -999.0 -999.0
-999.0 -999.0 -999.0 -999.0 -999.0 -999.0 -999.0 -999.0 -999.0 -999.0 -999.0 -999.0 1356.9 1261.8 1237.0 892.3 938.3 1084.8 1123.9 873.5 1167.1 1067.8 911.2 1026.4 1018.7 1275.5 1417.9 1234.3 1155.7 978.1 1318.9 1280.6 1244.3 1153.6 1255.6 928.0 1254.1 965.0 1081.1 1251.0 774.0 1141.2 1035.2 969.1 1041.7 979.8 1171.8 1178.6 1008.0 1072.3 1266.0 1279.5 1349.3 1442.7 1485.1 -999.0 -999.0 -999.0 -999.0 -999.0 -999.0 -999.0 -999.0 -999.0 -999.0 -999.0 -999.0 -999.0 -999.0 -999.0 -999.0
-999.0 -999.0 -999.0 -999.0 -999.0 -999.0 -999.0 -999.0 -999.0 -999.0 -999.0 1329.2 1377.9 1352.2 1066.6 1137.4 1100.4 662.6 950.6 972.3 1195.8 1090.3 1056.8 1153.6 1025.9 1082.0 1264.9 1158.9 1215.1 1387.9 1439.9 1344.6 1163.9 1160.9 970.9 1144.4 1300.6 970.1 1199.3 1152.1 805.7 1096.9 1198.9 1260.1 1120.7 1013.5 1073.2 1059.1 1058.9 1206.6 1273.4 1343.9 1435.1 1458.4 1492.4 -999.0 -999.0 -999.0 -999.0 -999.0 -999.0 -999.0 -999.0 -999.0 -999.0 -999.0 -999.0 -999.0 -999.0 -999.0 -999.0
-999.0 -999.0 -999.0 -999.0 -999.0 -999.0 -999.0 -999.0 -999.0 -999.0 1519.9 1327.6 1191.5 1388.4 1287.0 1184.3 1228.6 1012.9 1111.4 729.7 1281.6 1337.0 1206.4 1138.1 1114.5 1102.9 1276.0 1420.7 1506.0 1268.9 1446.9 1455.1 1259.5 1216.3 1232.8 1247.3 1372.2 1179.4 1349.1 1178.5 868.5 958.1 963.2 1063.2 1118.2 1199.5 1233.5 1072.3 1152.9 1227.0 1270.3 1340.9 1394.1 1505.8 1534.8 1561.5 -999.0 -999.0 -999.0 -999.0 -999.0 -999.0 -999.0 -999.0 -999.0 -999.0 -999.0 -999.0 -999.0 -999.0 -999.0
-999.0 -999.0 -999.0 -999.0 -999.0 -999.0 -999.0 -999.0 -999.0 -999.0 1227.7 919.2 1153.4 1243.9 1329.1 1338.0 1404.5 757.6 954.0 1124.7 1161.8 1385.7 1340.3 1218.3 1258.5 970.0 1377.2 1522.9 1526.0 1516.9 1254.6 1465.7 1258.2 1319.3 1285.2 1351.4 1358.6 1362.2 1184.0 1285.3 1075.1 1009.4 1068.8 1025.2 1172.3 1286.7 1328.2 1208.7 1263.8 1177.8 1271.0 1400.4 1518.6 1487.3 1514.8 1559.8 -999.0 -999.0 -999.0 -999.0 -999.0 -999.0 -999.0 -999.0 -999.0 -999.0 -999.0 -999.0 -999.0 -999.0 -999.0
-999.0 -999.0 -999.0 -999.0 -999.0 -999.0 -999.0 -999.0 1484.8 1404.6 1129.0 1157.3 1193.0 1161.0 1324.2 1312.0 1433.4 1024.7 1097.7 1088.8 1208.2 1250.3 1434.4 1241.0 1211.7 1309.7 1351.3 1408.1 1597.4 1562.0 1420.3 1444.2 1448.7 1420.3 1399.8 1465.4 1483.1 1361.9 1366.5 1346.0 1040.6 1093.8 1118.4 1141.2 1082.6 1249.0 1316.3 1460.3 1354.8 1306.0 1351.0 1418.7 1518.8 1523.6 1528.6 1544.5 -999.0 -999.0 -999.0 -999.0 -999.0 -999.0 -999.0 -999.0 -999.0 -999.0 -999.0 -999.0 -999.0 -999.0 -999.0
-999.0 -999.0 -999.0 -999.0 -999.0 -999.0 -999.0 -999.0 1386.9 1364.1 1456.1 1197.5 1249.0 1168.3 1342.4 1436.8 1476.8 1424.6 1285.4 948.1 1186.6 1277.1 1445.9 1464.4 1415.2 1437.3 1454.8 1410.1 1548.3 1455.3 1553.1 1528.0 1536.8 1525.3 1547.2 1562.5 1587.6 1540.4 1404.3 1378.6 1388.3 1262.1 1215.0 1240.2 1285.1 1358.5 1607.0 1449.6 1212.5 1289.3 1419.6 1433.6 1492.7 1499.8 1586.5 1603.9 1675.8 -999.0 -999.0 -999.0 -999.0 -999.0 -999.0 -999.0 -999.0 -999.0 -999.0 -999.0 -999.0 -999.0 -999.0
-999.0 -999.0 -999.0 -999.0 -999.0 -999.0 -999.0 -999.0 1379.7 1361.5 1549.2 1279.3 1407.1 1322.4 1405.4 1479.2 1466.2 1532.6 1201.9 1195.2 1274.2 1163.7 1417.9 1492.0 1436.2 1508.6 1381.1 1107.5 1445.9 -999.0 -999.0 -999.0 1571.6 1552.8 -999.0 1630.1 1643.6 1590.6 1547.4 1499.4 1345.3 1188.4 1293.3 1319.0 1276.2 1410.9 1321.4 1299.3 1442.0 1522.9 1539.8 1531.7 1482.8 1691.3 1691.3 1677.0 1647.4 -999.0 -999.0 -999.0 -999.0 -999.0 -999.0 -999.0 -999.0 -999.0 -999.0 -999.0 -999.0 -999.0 -999.0
1555.9 -999.0 -999.0 -999.0 -999.0 -999.0 -999.0 -999.0 1538.9 1249.1 1489.5 1508.3 1433.0 1364.7 1383.9 1440.7 1525.8 1542.0 1493.4 1066.6 1279.6 1228.0 1449.7 1488.1 1317.1 1558.1 1496.3 1472.2 1494.4 -999.0 -999.0 -999.0 1578.0 1579.5 1570.3 1599.0 1657.0 1626.4 1593.3 1376.6 1128.9 1041.8 1220.0 1018.7 1270.5 1340.6 1142.7 1341.8 1285.7 1286.3 1343.0 1558.5 1476.6 1379.8 1564.7 1602.1 1655.1 -999.0 -999.0 -999.0 -999.0 -999.0 -999.0 -999.0 -999.0 -999.0 -999.0 -999.0 -999.0 -999.0 -999.0
1388.0 1444.3 -999.0 -999.0 -999.0 -999.0 -999.0 -999.0 -999.0 1395.1 1346.0 1519.8 -999.0 1414.6 1382.7 1437.4 1478.0 1562.1 -999.0 1478.7 1559.9 1422.5 1556.5 1461.6 1423.2 1575.6 1565.5 -999.0 -999.0 -999.0 -999.0 1555.9 1578.0 1585.0 1596.0 1560.3 1552.4 1583.6 1507.7 1397.6 1084.1 780.1 1232.4 907.2 1170.1 1063.6 997.7 1201.7 1110.2 1263.1 1413.2 1315.6 1323.0 1431.9 1604.6 1547.3 1510.7 1675.4 -999.0 -999.0 -999.0 -999.0 -999.0 -999.0 -999.0 -999.0 -999.0 -999.0 -999.0 -999.0 -999.0
1300.0 -999.0 -999.0 -999.0 -999.0 -999.0 -999.0 -999.0 -999.0 -999.0 1424.7 -999.0 -999.0 -999.0 1522.4 1423.1 1464.3 1502.7 1536.4 -999.0 -999.0 1505.2 1637.8 1409.4 1347.2 -999.0 -999.0 -999.0 -999.0 -999.0 1578.5 1504.1 1561.5 1559.2 1572.9 1503.6 1539.0 1456.6 1367.8 1452.1 1248.9 974.7 808.2 995.4 880.8 854.4 861.0 1056.5 1039.6 1041.0 1153.4 1340.8 1375.4 1361.4 1579.6 1540.9 1456.4 1508.5 -999.0 -999.0 -999.0 -999.0 -999.0 -999.0 -999.0 -999.0 -999.0 -999.0 -999.0 -999.0 -999.0
-999.0 -999.0 -999.0 -999.0 -999.0 -999.0 -999.0 -999.0 -999.0 -999.0 1505.4 1501.6 -999.0 -999.0 -999.0 1545.3 1397.9 1415.0 1472.7 -999.0 -999.0 -999.0 -999.0 1599.9 -999.0 -999.0 -999.0 -999.0 -999.0 -999.0 1624.5 1553.6 1539.3 1441.8 1350.9 1345.4 1437.4 1437.3 1484.2 1447.9 1358.4 1065.6 855.0 1065.4 742.4 817.1 788.1 1015.7 1012.0 918.0 1127.2 1286.5 1373.9 1501.3 1579.0 1506.5 1433.6 1493.8 -999.0 -999.0 -999.0 -999.0 -999.0 -999.0 -999.0 -999.0 -999.0 -999.0 -999.0 -999.0 -999.0
1691.1 1678.6 1644.8 -999.0 -999.0 -999.0 -999.0 -999.0 -999.0 -999.0 -999.0 1373.9 -999.0 -999.0 -999.0 -999.0 1556.3 1438.0 1514.8 -999.0 -999.0 -999.0 -999.0 -999.0 -999.0 -999.0 -999.0 -999.0 -999.0 1655.0 1583.4 1436.9 1338.0 1309.2 1218.1 1243.2 1328.7 1367.2 1469.4 1408.2 1385.9 1200.0 715.2 676.2 729.1 801.7 1048.7 1164.3 1130.8 1240.0 1402.3 1246.2 1258.5 1502.6 1520.9 1455.0 1426.6 1500.9 1627.0 -999.0 -999.0 -999.0 -999.0 -999.0 -999.0 -999.0 -999.0 -999.0 -999.0 -999.0 -999.0
1412.2 1454.3 1553.2 1612.1 -999.0 -999.0 -999.0 -999.0 -999.0 -999.0 -999.0 1291.8 -999.0 -999.0 -999.0 -999.0 -999.0 -999.0 -999.0 -999.0 -999.0 -999.0 -999.0 -999.0 -999.0 -999.0 -999.0 -999.0 -999.0 1601.3 1556.1 1531.3 1472.2 1526.5 984.5 1162.3 1283.9 1187.0 1457.0 1337.0 1554.8 1359.6 866.9 623.6 820.0 960.3 699.6 672.1 813.3 998.2 1119.8 1472.8 1425.7 1444.9 1366.7 1445.3 1497.9 1505.4 1605.0 1713.4 -999.0 -999.0 -999.0 -999.0 -999.0 -999.0 -999.0 -999.0 -999.0 -999.0 -999.0
1507.9 1533.5 1509.3 1566.5 -999.0 -999.0 -999.0 -999.0 -999.0 -999.0 -999.0 -999.0 -999.0 -999.0 -999.0 -999.0 -999.0 -999.0 -999.0 -999.0 -999.0 -999.0 -999.0 -999.0 -999.0 -999.0 -999.0 -999.0 1718.2 1636.1 1500.6 1567.0 1233.1 1655.0 692.2 727.7 1323.5 1290.6 1408.4 1494.7 1413.1 1477.7 1262.5 672.8 735.1 884.4 963.6 1058.4 935.7 1003.1 1112.0 1300.2 1434.5 1461.7 1490.3 1520.5 1492.3 1580.5 1723.6 1760.4 -999.0 -999.0 -999.0 -999.0 -999.0 -999.0 -999.0 -999.0 -999.0 -999.0 -999.0
1582.6 1604.7 1601.3 1539.9 -999.0 -999.0 -999.0 -999.0 -999.0 -999.0 -999.0 -999.0 -999.0 -999.0 -999.0 -999.0 -999.0 -999.0 -999.0 -999.0 -999.0 -999.0 -999.0 -999.0 -999.0 -999.0 -999.0 -999.0 1696.9 1440.4 1514.1 1339.3 810.6 1305.7 1563.5 1092.6 1016.3 1207.6 1261.9 1357.7 1402.1 1464.0 1405.8 1275.8 703.9 858.1 927.5 1084.5 1120.3 1147.5 1309.1 1354.4 1397.7 1358.0 1514.3 1453.6 1542.9 1581.4 1707.6 1794.3 1792.9 1749.0 1724.8 -999.0 -999.0 -999.0 -999.0 -999.0 -999.0 -999.0 -999.0
1506.1 1628.8 -999.0 1537.1 1578.8 -999.0 -999.0 -999.0 -999.0 -999.0 -999.0 -999.0 -999.0 -999.0 -999.0 -999.0 -999.0 -999.0 -999.0 -999.0 -999.0 -999.0 -999.0 -999.0 -999.0 -999.0 -999.0 -999.0 1649.6 1444.2 1355.9 1078.5 1432.1 1353.5 1226.0 948.5 1164.2 1277.1 969.1 1383.7 1216.1 1398.9 1468.3 1500.6 1197.8 973.6 983.9 1063.7 1131.1 1314.4 1321.1 1393.0 1480.1 1547.5 1541.9 1562.2 1543.4 1622.6 1689.7 1733.1 1469.2 1598.1 1515.3 1503.4 1597.6 -999.0 -999.0 -999.0 -999.0 -999.0 -999.0
1470.9 1533.6 1563.7 1498.8 -999.0 -999.0 -999.0 -999.0 -999.0 -999.0 -999.0 -999.0 -999.0 -999.0 -999.0 -999.0 -999.0 -999.0 -999.0 -999.0 -999.0 -999.0 -999.0 -999.0 -999.0 -999.0 -999.0 -999.0 1646.9 1441.3 1257.8 865.6 774.7 1059.9 1347.0 1223.5 1110.7 917.0 1267.6 977.4 1144.6 1276.4 1340.6 1380.6 1453.8 1331.2 982.5 1032.6 1133.3 1226.5 1313.9 1393.7 1450.1 1520.5 1594.5 1580.0 1595.1 1662.2 1659.8 1643.3 1542.8 1288.2 1341.3 1376.5 1359.1 1448.0 1703.4 -999.0 -999.0 -999.0 -999.0
1538.5 1556.8 1512.8 1439.2 -999.0 -999.0 -999.0 -999.0 -999.0 -999.0 -999.0 -999.0 -999.0 -999.0 -999.0 -999.0 -999.0 -999.0 -999.0 -999.0 -999.0 -999.0 -999.0 -999.0 -999.0 -999.0 -999.0 -999.0 1684.8 1599.3 1261.5 1060.9 1401.8 582.3 763.3 1280.9 1083.5 1236.3 924.0 881.2 1147.6 1294.9 1264.9 1221.9 1366.0 787.6 882.3 912.6 899.2 921.2 1033.9 1359.9 1326.8 1509.2 1582.7 1595.4 1609.0 1639.3 1672.4 1689.8 1602.2 1361.8 1466.5 1517.9 1461.5 1409.0 1672.4 1499.6 -999.0 -999.0 -999.0
1574.1 1523.2 1431.4 1511.2 -999.0 -999.0 -999.0 -999.0 -999.0 -999.0 -999.0 -999.0 -999.0 -999.0 -999.0 -999.0 1784.8 1776.7 1798.0 -999.0 -999.0 -999.0 -999.0 -999.0 -999.0 -999.0 -999.0 -999.0 -999.0 1731.7 1632.5 1507.3 1271.5 1174.5 919.6 1437.4 1658.2 1149.1 1161.0 1194.5 1251.5 1115.8 1106.9 1195.8 1148.9 942.1 945.7 728.3 828.5 1026.8 1138.8 1161.0 1348.6 1513.7 1580.2 1614.2 1588.3 1634.2 1658.0 1252.3 1337.3 1067.2 1054.8 1165.3 1248.7 1484.8 1290.8 1404.2 1650.7 -999.0 -999.0
1638.6 1528.1 1543.2 -999.0 -999.0 -999.0 -999.0 -999.0 -999.0 -999.0 -999.0 -999.0 -999.0 -999.0 -999.0 -999.0 1773.4 1787.7 -999.0 -999.0 -999.0 -999.0 -999.0 -999.0 -999.0 -999.0 -999.0 -999.0 -999.0 -999.0 1697.9 1722.7 1283.5 1290.0 711.3 1317.3 1287.4 1351.6 1488.5 1475.5 1387.8 1383.3 749.2 1180.2 1093.1 752.0 958.1 1225.1 1321.5 998.5 1353.9 1188.9 1414.3 1568.6 1646.9 1640.1 1613.3 1538.4 1321.7 1230.4 1298.3 1319.9 1380.3 1298.6 1202.8 1239.3 1231.7 1433.6 1409.4 -999.0 -999.0
1535.8 1501.6 -999.0 -999.0 -999.0 -999.0 -999.0 -999.0 -999.0 -999.0 -999.0 -999.0 -999.0 -999.0 -999.0 1691.4 1364.6 1475.5 1745.4 -999.0 -999.0 -999.0 -999.0 -999.0 -999.0 -999.0 -999.0 -999.0 -999.0 -999.0 1711.3 1432.5 1294.9 1258.9 1421.4 1295.3 1470.8 1490.0 1516.0 1532.3 1328.0 1400.4 1443.0 767.3 1055.9 1111.0 887.3 1098.8 921.8 1172.6 1174.3 1369.4 1481.8 1587.3 1630.8 1687.6 1640.6 1477.4 1360.1 1423.7 1357.8 1292.4 1335.8 1290.7 1311.5 1295.2 1298.6 1537.1 1408.9 1625.8 -999.0
-999.0 -999.0 -999.0 -999.0 -999.0 -999.0 -999.0 -999.0 -999.0 -999.0 -999.0 -999.0 -999.0 -999.0 1728.6 1245.4 1135.6 983.4 1723.2 -999.0 -999.0 -999.0 -999.0 -999.0 -999.0 -999.0 -999.0 -999.0 -999.0 -999.0 1702.0 1211.7 1352.9 1724.5 1515.3 1570.9 1489.0 1626.0 1608.2 1475.6 1334.9 1522.8 943.2 1117.9 878.1 1090.7 780.4 1300.7 1193.8 1380.1 1231.8 1421.8 1465.1 1522.8 1685.7 1699.1 1656.4 1574.7 1316.6 1298.4 1360.3 1481.6 1455.1 1464.8 1457.5 1441.5 1316.0 1348.6 1465.6 1472.2 -999.0
-999.0 -999.0 -999.0 -999.0 -999.0 -999.0 -999.0 -999.0 -999.0 -999.0 -999.0 -999.0 -999.0 1708.7 1633.5 959.2 1288.8 1461.9 -999.0 -999.0 -999.0 -999.0 -999.0 -999.0 -999.0 -999.0 -999.0 -999.0 -999.0 -999.0 -999.0 1687.4 1747.8 1782.7 1505.5 1703.4 1495.8 1651.4 1627.2 1572.1 1411.3 1522.2 989.2 954.3 830.0 859.0 807.8 887.3 909.6 1039.0 1164.0 1214.7 1319.5 1567.3 1646.6 1648.7 1589.8 1560.7 1533.5 1215.3 1363.0 1612.0 1636.2 1592.7 1623.4 1620.4 1614.8 1596.6 1655.1 1638.7 1581.7
-999.0 -999.0 -999.0 -999.0 -999.0 -999.0 -999.0 -999.0 -999.0 -999.0 -999.0 -999.0 -999.0 1434.9 1202.6 1575.3 1636.3 1701.5 -999.0 -999.0 -999.0 -999.0 -999.0 -999.0 -999.0 -999.0 -999.0 -999.0 -999.0 -999.0 -999.0 -999.0 1794.2 1680.8 1721.5 1740.3 1601.5 1667.9 1643.8 1598.2 1412.3 1530.9 1015.1 1060.5 1094.1 898.4 973.0 1060.9 799.4 835.6 1152.4 1102.4 1270.4 1371.6 1581.6 1618.9 1575.4 1576.1 1592.5 1574.2 1590.5 1668.8 1646.7 1614.0 1589.0 1614.9 1638.4 1644.9 1650.9 1405.5 1421.2
-999.0 -999.0 -999.0 -999.0 -999.0 -999.0 -999.0 -999.0 -999.0 -999.0 -999.0 -999.0 -999.0 1437.6 1558.9 1529.5 1716.1 -999.0 -999.0 -999.0 -999.0 -999.0 -999.0 -999.0 -999.0 -999.0 -999.0 -999.0 -999.0 -999.0 -999.0 -999.0 1794.2 1685.0 1700.4 -999.0 1700.4 -999.0 1721.0 1680.7 1603.5 1608.2 1528.3 1046.7 1095.0 1079.4 827.6 1316.8 1268.7 874.6 1034.3 1152.7 1246.2 1408.6 1557.1 1623.9 1648.7 1660.8 1641.1 1640.6 1589.0 1502.7 1597.6 1516.3 1570.9 1635.9 1573.1 1479.8 1533.0 1592.7 1596.8
-999.0 -999.0 -999.0 -999.0 -999.0 -999.0 -999.0 -999.0 -999.0 -999.0 -999.0 -999.0 1678.9 1736.5 1752.7 -999.0 -999.0 -999.0 -999.0 -999.0 -999.0 -999.0 -999.0 -999.0 -999.0 -999.0 -999.0 -999.0 -999.0 -999.0 -999.0 -999.0 1784.5 1774.1 1782.7 -999.0 -999.0 -999.0 1756.3 1518.0 1684.4 1549.3 1407.4 1459.7 1422.0 1300.2 999.6 993.9 1371.8 1051.8 963.9 1213.4 1181.7 1334.2 1471.8 1676.6 1679.8 1691.3 1685.2 1673.9 1645.1 1611.8 1605.6 1548.3 1631.1 1576.9 1500.3 1452.1 1446.6 1473.9 1550.4
-999.0 -999.0 -999.0 -999.0 -999.0 -999.0 -999.0 -999.0 -999.0 -999.0 -999.0 -999.0 -999.0 -999.0 -999.0 -999.0 -999.0 -999.0 -999.0 -999.0 -999.0 -999.0 -999.0 -999.0 -999.0 -999.0 -999.0 -999.0 -999.0 -999.0 -999.0 -999.0 -999.0 -999.0 -999.0 -999.0 -999.0 1773.1 1729.3 1564.4 1331.7 1244.4 1232.5 1224.0 1329.0 1316.5 1101.3 1128.4 1254.1 1419.5 1190.8 1116.3 1287.0 1399.1 1513.1 1610.3 1657.9 1648.1 1694.8 1707.5 1697.9 1690.6 1665.8 1668.3 1566.4 1335.7 1486.5 1461.2 1563.2 1573.5 1658.7
-999.0 -999.0 -999.0 -999.0 -999.0 -999.0 -999.0 -999.0 -999.0 -999.0 -999.0 -999.0 -999.0 -999.0 -999.0 -999.0 -999.0 -999.0 -999.0 -999.0 -999.0 -999.0 -999.0 -999.0 -999.0 -999.0 -999.0 -999.0 -999.0 -999.0 -999.0 -999.0 -999.0 -999.0 -999.0 -999.0 -999.0 1709.6 1622.1 1377.4 1125.7 957.0 1100.7 1380.3 1275.8 1501.2 1409.2 1456.4 1308.3 1239.7 1213.1 1226.8 1293.1 1427.8 1512.2 1569.4 1653.1 1647.1 1703.7 1722.1 1735.2 1723.5 1689.1 1673.6 1611.5 1289.2 1381.2 1564.8 1631.1 1672.5 1688.5
-999.0 -999.0 -999.0 -999.0 -999.0 -999.0 -999.0 -999.0 -999.0 -999.0 -999.0 -999.0 -999.0 -999.0 -999.0 -999.0 -999.0 -999.0 -999.0 -999.0 -999.0 -999.0 -999.0 -999.0 -999.0 -999.0 -999.0 -999.0 -999.0 -999.0 -999.0 -999.0 -999.0 -999.0 -999.0 -999.0 -999.0 1707.8 1677.7 1547.7 1284.9 1191.0 1262.3 1380.8 1399.8 1456.1 1387.9 1475.4 1488.8 1430.5 1595.8 1245.5 1404.3 1347.1 1485.3 1531.0 1660.5 1686.2 1687.9 1709.8 1751.9 1717.4 1708.5 1673.9 1661.0 1492.8 1448.9 1558.6 1649.2 1681.0 1712.7
