GDD/GrowingDegreeDays_1964_Actual.txt
ncols         180
nrows         290
xllcorner     -200000
yllcorner     -200000
cellsize      5000
NODATA_value    -999
[rows 64 to 95 of 290, columns 71 to 141 of 180]
-999.0 -999.0 -999.0 -999.0 -999.0 -999.0 -999.0 -999.0 -999.0 1372.3 1121.1 1114.3 1069.0 771.0 799.7 617.4 797.6 876.6 817.3 838.7 365.2 821.5 487.3 764.3 716.9 886.0 929.9 816.0 647.6 682.8 511.2 875.7 -999.0 -999.0 -999.0 -999.0 -999.0 -999.0 -999.0 -999.0 -999.0 -999.0 -999.0 -999.0 -999.0 -999.0 -999.0 -999.0 -999.0 -999.0 -999.0 -999.0 -999.0 -999.0 -999.0 -999.0 -999.0 -999.0 -999.0 -999.0 -999.0 -999.0 -999.0 -999.0 -999.0 -999.0 -999.0 -999.0 -999.0 -999.0 -999.0
-999.0 -999.0 -999.0 -999.0 -999.0 -999.0 -999.0 -999.0 -999.0 -999.0 1357.1 1127.1 858.5 793.6 795.5 746.6 753.2 1116.1 989.0 954.7 715.7 662.4 626.0 762.8 855.7 770.8 813.8 853.0 791.1 832.8 903.3 1185.9 -999.0 -999.0 -999.0 -999.0 -999.0 -999.0 -999.0 -999.0 -999.0 -999.0 -999.0 -999.0 -999.0 -999.0 -999.0 -999.0 -999.0 -999.0 -999.0 -999.0 -999.0 -999.0 -999.0 -999.0 -999.0 -999.0 -999.0 -999.0 -999.0 -999.0 -999.0 -999.0 -999.0 -999.0 -999.0 -999.0 -999.0 -999.0 -999.0
-999.0 -999.0 -999.0 -999.0 -999.0 -999.0 -999.0 -999.0 1423.9 -999.0 1361.4 1172.2 830.8 793.3 696.1 486.2 967.6 882.6 1128.5 970.0 960.9 843.5 741.4 930.5 882.5 799.9 731.6 708.2 831.0 999.7 1202.3 -999.0 -999.0 -999.0 -999.0 -999.0 -999.0 -999.0 -999.0 -999.0 -999.0 -999.0 -999.0 -999.0 -999.0 -999.0 -999.0 -999.0 -999.0 -999.0 -999.0 -999.0 -999.0 -999.0 -999.0 -999.0 -999.0 -999.0 -999.0 -999.0 -999.0 -999.0 -999.0 -999.0 -999.0 -999.0 -999.0 -999.0 -999.0 -999.0 -999.0
-999.0 -999.0 -999.0 -999.0 -999.0 -999.0 -999.0 -999.0 1424.7 1361.8 1266.1 1259.3 831.8 1170.0 964.8 1054.0 908.7 990.6 815.2 1113.3 1059.7 904.2 925.0 867.5 860.9 954.6 670.9 856.9 904.5 -999.0 -999.0 -999.0 -999.0 -999.0 -999.0 -999.0 -999.0 -999.0 -999.0 -999.0 -999.0 -999.0 -999.0 -999.0 -999.0 -999.0 -999.0 -999.0 -999.0 -999.0 -999.0 -999.0 -999.0 -999.0 -999.0 -999.0 -999.0 -999.0 -999.0 -999.0 -999.0 -999.0 -999.0 -999.0 -999.0 -999.0 -999.0 -999.0 -999.0 -999.0 -999.0
-999.0 -999.0 -999.0 -999.0 -999.0 -999.0 -999.0 -999.0 -999.0 1376.8 737.3 1291.7 1041.6 953.2 951.9 1121.8 789.1 944.3 824.7 880.4 1099.9 985.9 1002.5 948.6 887.0 902.7 839.1 1185.6 -999.0 -999.0 -999.0 -999.0 -999.0 -999.0 -999.0 -999.0 -999.0 -999.0 -999.0 -999.0 -999.0 -999.0 -999.0 -999.0 -999.0 -999.0 -999.0 -999.0 -999.0 -999.0 -999.0 -999.0 -999.0 -999.0 -999.0 -999.0 -999.0 -999.0 -999.0 -999.0 -999.0 -999.0 -999.0 -999.0 -999.0 -999.0 -999.0 -999.0 -999.0 -999.0 -999.0
-999.0 -999.0 -999.0 -999.0 -999.0 -999.0 -999.0 -999.0 -999.0 -999.0 1394.8 981.6 1297.6 1058.8 657.8 1062.5 1018.5 1037.1 1211.0 981.1 1151.1 978.1 894.7 1136.5 867.7 1020.0 1147.8 -999.0 -999.0 -999.0 -999.0 -999.0 -999.0 -999.0 -999.0 -999.0 -999.0 -999.0 -999.0 -999.0 -999.0 -999.0 -999.0 -999.0 -999.0 -999.0 -999.0 -999.0 -999.0 -999.0 -999.0 -999.0 -999.0 -999.0 -999.0 -999.0 -999.0 -999.0 -999.0 -999.0 -999.0 -999.0 -999.0 -999.0 -999.0 -999.0 -999.0 -999.0 -999.0 -999.0 -999.0
-999.0 -999.0 -999.0 -999.0 -999.0 -999.0 1414.2 -999.0 -999.0 1436.9 1412.3 1144.2 939.6 850.0 860.2 1076.5 1003.1 801.5 964.6 1078.0 1226.0 1008.9 924.0 957.9 1210.6 1231.0 -999.0 -999.0 -999.0 -999.0 -999.0 -999.0 -999.0 -999.0 -999.0 -999.0 -999.0 -999.0 -999.0 -999.0 -999.0 -999.0 -999.0 -999.0 -999.0 -999.0 -999.0 -999.0 -999.0 -999.0 -999.0 -999.0 -999.0 -999.0 -999.0 -999.0 -999.0 -999.0 -999.0 -999.0 -999.0 -999.0 -999.0 -999.0 -999.0 -999.0 -999.0 -999.0 -999.0 -999.0 -999.0
-999.0 -999.0 -999.0 -999.0 1275.8 1419.9 1291.8 1403.3 1193.5 1407.3 929.2 1311.4 655.0 791.0 826.0 851.0 718.3 767.1 802.6 1181.1 1065.3 1145.6 898.8 989.9 1107.1 1253.5 -999.0 -999.0 -999.0 -999.0 -999.0 -999.0 -999.0 -999.0 -999.0 -999.0 -999.0 -999.0 -999.0 -999.0 -999.0 -999.0 -999.0 -999.0 -999.0 -999.0 -999.0 -999.0 -999.0 -999.0 -999.0 -999.0 -999.0 -999.0 -999.0 -999.0 -999.0 -999.0 -999.0 -999.0 -999.0 -999.0 -999.0 -999.0 -999.0 -999.0 -999.0 -999.0 -999.0 -999.0 -999.0
-999.0 -999.0 -999.0 -999.0 925.2 1347.6 1343.6 1164.6 1095.7 892.5 626.8 813.6 1302.7 653.5 588.1 657.9 595.0 898.0 796.4 529.7 973.1 1171.6 1203.1 1242.7 1248.1 -999.0 -999.0 1249.3 -999.0 -999.0 -999.0 -999.0 -999.0 -999.0 -999.0 -999.0 -999.0 -999.0 -999.0 -999.0 -999.0 -999.0 -999.0 -999.0 -999.0 -999.0 -999.0 -999.0 -999.0 -999.0 -999.0 -999.0 -999.0 -999.0 -999.0 -999.0 -999.0 -999.0 -999.0 -999.0 -999.0 -999.0 -999.0 -999.0 -999.0 -999.0 -999.0 -999.0 -999.0 -999.0 -999.0
-999.0 -999.0 -999.0 -999.0 1090.8 1205.2 1343.4 1103.0 703.4 1070.7 376.0 914.0 895.2 592.0 514.2 590.0 609.0 601.1 512.2 648.5 783.9 682.8 980.8 867.9 1179.3 1220.7 1220.4 1244.1 -999.0 -999.0 -999.0 -999.0 -999.0 -999.0 -999.0 -999.0 -999.0 -999.0 -999.0 -999.0 -999.0 -999.0 -999.0 -999.0 -999.0 -999.0 -999.0 -999.0 -999.0 -999.0 -999.0 -999.0 -999.0 -999.0 -999.0 -999.0 -999.0 -999.0 -999.0 -999.0 -999.0 -999.0 -999.0 -999.0 -999.0 -999.0 -999.0 -999.0 -999.0 -999.0 -999.0
-999.0 -999.0 -999.0 -999.0 1369.7 1071.1 1329.0 1001.0 970.6 607.4 755.2 756.5 908.5 882.0 835.5 548.8 678.8 621.2 639.8 911.7 938.2 806.0 971.8 900.8 1136.5 1197.4 1188.8 -999.0 -999.0 -999.0 -999.0 -999.0 -999.0 -999.0 -999.0 -999.0 -999.0 -999.0 -999.0 -999.0 -999.0 -999.0 -999.0 -999.0 -999.0 -999.0 -999.0 -999.0 -999.0 -999.0 -999.0 -999.0 -999.0 -999.0 -999.0 -999.0 -999.0 -999.0 -999.0 -999.0 -999.0 -999.0 -999.0 -999.0 -999.0 -999.0 -999.0 -999.0 -999.0 -999.0 -999.0
-999.0 -999.0 -999.0 -999.0 1294.8 1330.0 1187.0 1397.2 556.7 737.8 711.9 765.0 570.7 331.5 666.3 812.0 853.2 577.1 662.3 891.9 817.9 957.1 1036.2 1171.4 1235.7 1050.4 -999.0 -999.0 -999.0 -999.0 -999.0 -999.0 -999.0 -999.0 -999.0 -999.0 -999.0 -999.0 -999.0 -999.0 -999.0 -999.0 -999.0 -999.0 -999.0 -999.0 -999.0 -999.0 -999.0 -999.0 -999.0 -999.0 -999.0 -999.0 -999.0 -999.0 -999.0 -999.0 -999.0 -999.0 -999.0 -999.0 -999.0 -999.0 -999.0 -999.0 -999.0 -999.0 -999.0 -999.0 -999.0
-999.0 -999.0 -999.0 1480.9 1101.3 1008.0 737.5 963.8 1373.1 816.8 817.7 750.9 811.0 755.2 831.4 676.4 867.6 888.1 431.8 744.5 888.6 1212.5 1245.7 1254.3 1276.7 -999.0 -999.0 -999.0 -999.0 -999.0 -999.0 1301.4 1286.7 1260.6 1331.9 -999.0 -999.0 1383.6 1227.9 1259.7 1322.0 1322.9 -999.0 -999.0 -999.0 1247.5 -999.0 1241.0 1236.6 -999.0 -999.0 -999.0 -999.0 -999.0 -999.0 -999.0 -999.0 -999.0 -999.0 -999.0 -999.0 -999.0 -999.0 -999.0 -999.0 -999.0 -999.0 -999.0 -999.0 -999.0 -999.0
-999.0 -999.0 -999.0 -999.0 1282.2 961.4 715.0 870.5 816.2 1338.9 821.7 866.7 689.8 836.0 926.4 1208.1 1011.2 758.9 802.3 927.7 1097.9 1134.4 1097.8 1056.0 1313.0 -999.0 -999.0 -999.0 1304.0 1314.7 1310.4 1278.6 1305.6 1389.9 1356.0 1377.6 1368.4 1228.9 1080.4 1071.1 1193.5 1224.5 1254.8 1180.0 1047.5 1009.2 1074.4 1130.8 1150.0 1144.0 -999.0 -999.0 -999.0 -999.0 -999.0 -999.0 -999.0 -999.0 -999.0 -999.0 -999.0 -999.0 -999.0 -999.0 -999.0 -999.0 -999.0 -999.0 -999.0 -999.0 -999.0
-999.0 1354.1 -999.0 1319.8 1497.1 1388.3 1322.2 449.8 1259.7 945.0 1111.3 830.1 1004.5 771.1 801.6 724.6 1042.7 1166.9 1143.6 1070.7 1235.2 1035.5 1179.5 1112.6 1325.4 1280.3 1248.5 1216.3 1249.2 1223.6 1107.2 1009.5 1226.6 1285.0 1174.0 1349.7 1052.3 911.1 944.2 995.1 1132.6 1042.1 1119.5 1168.7 1091.9 980.0 1031.5 1074.6 919.8 1088.7 1146.0 -999.0 -999.0 -999.0 -999.0 -999.0 -999.0 -999.0 -999.0 -999.0 -999.0 -999.0 -999.0 -999.0 -999.0 -999.0 -999.0 -999.0 -999.0 -999.0 -999.0
-999.0 -999.0 1465.0 832.2 1058.9 1125.4 622.2 816.8 546.9 1127.5 863.8 824.5 895.6 891.5 1060.7 638.0 741.3 748.2 1133.3 1267.7 1092.0 1245.9 1381.6 -999.0 1385.5 1227.3 1206.1 1099.6 1097.0 1121.3 1053.1 1093.6 969.0 970.9 1046.3 1145.6 1068.7 1063.8 1098.9 1108.3 998.1 1103.9 1133.4 1122.0 1049.8 1055.1 1044.4 1057.8 1047.2 1026.3 1095.8 1181.5 -999.0 -999.0 -999.0 -999.0 -999.0 -999.0 -999.0 -999.0 -999.0 -999.0 -999.0 -999.0 -999.0 -999.0 -999.0 -999.0 -999.0 -999.0 -999.0
1341.6 -999.0 1481.3 1263.8 950.2 823.3 1102.7 558.8 661.3 1053.4 933.3 728.5 645.7 649.7 862.1 852.1 677.5 788.9 861.3 1276.4 1329.4 1378.4 1407.6 1338.8 1124.7 1032.9 1023.9 1037.9 1108.3 982.0 919.1 940.9 817.3 916.8 1105.7 964.2 933.7 917.2 979.2 1194.5 1200.8 1220.5 1135.5 1131.2 1050.1 1074.8 1044.1 1096.4 1096.3 1099.9 1094.8 1174.1 -999.0 -999.0 -999.0 -999.0 -999.0 -999.0 -999.0 -999.0 -999.0 -999.0 -999.0 -999.0 -999.0 -999.0 -999.0 -999.0 -999.0 -999.0 -999.0
863.2 -999.0 -999.0 995.5 596.9 1003.7 777.7 1412.6 1069.9 986.5 970.7 655.4 781.1 455.6 489.6 566.3 778.5 952.2 1138.1 1224.1 932.0 1143.3 1310.1 1079.6 890.4 751.8 832.5 922.8 900.6 929.0 772.9 766.5 1040.2 1051.6 1088.0 1143.5 974.4 970.9 1032.1 1156.6 1209.2 1157.6 1020.6 1135.7 1081.1 1103.0 1011.2 1117.2 1062.8 1066.8 1067.5 1157.0 -999.0 -999.0 -999.0 -999.0 -999.0 -999.0 -999.0 -999.0 -999.0 -999.0 -999.0 -999.0 -999.0 -999.0 -999.0 -999.0 -999.0 -999.0 -999.0
1040.7 -999.0 -999.0 1316.4 1380.4 1312.2 1362.9 1085.8 865.1 622.5 964.0 816.5 849.8 943.5 987.1 789.5 790.8 813.7 868.2 950.2 694.2 1170.8 1000.5 1012.9 855.3 634.7 710.4 884.5 858.0 836.4 699.1 865.6 1158.0 808.0 970.6 882.4 795.2 1005.1 953.3 1165.8 1095.8 937.5 1051.0 1083.9 1152.0 1092.4 1159.3 1144.1 1020.5 1097.9 1135.0 -999.0 -999.0 -999.0 -999.0 -999.0 -999.0 -999.0 -999.0 -999.0 -999.0 -999.0 -999.0 -999.0 -999.0 -999.0 -999.0 -999.0 -999.0 -999.0 -999.0
1402.8 1453.1 -999.0 -999.0 1625.9 1286.4 1387.6 1048.4 687.1 471.8 718.6 434.9 657.7 749.0 799.1 1004.0 961.1 842.5 871.7 763.9 1278.5 1019.9 1061.2 653.8 836.0 839.3 585.2 788.1 787.3 806.6 908.9 1060.9 981.9 904.2 943.9 855.0 869.1 765.1 914.9 1114.8 897.2 1033.6 1102.2 1099.7 971.1 1110.3 1173.5 1205.5 1124.5 1128.0 1172.1 -999.0 -999.0 -999.0 -999.0 -999.0 -999.0 -999.0 -999.0 -999.0 -999.0 -999.0 -999.0 -999.0 -999.0 -999.0 -999.0 -999.0 -999.0 -999.0 -999.0
1200.4 1373.6 -999.0 -999.0 1440.9 1413.6 1422.3 1005.3 1400.3 997.7 700.7 491.0 367.3 514.9 921.7 903.3 817.6 647.5 872.8 1194.4 961.5 940.1 907.9 714.3 765.5 817.7 618.8 883.1 932.9 953.0 994.6 672.7 935.8 915.2 563.5 743.8 842.1 813.2 1010.2 1013.9 1053.5 1114.2 1169.7 1162.0 1175.3 1095.1 1159.1 1171.1 1129.5 1139.6 -999.0 -999.0 -999.0 -999.0 -999.0 -999.0 -999.0 -999.0 -999.0 -999.0 -999.0 -999.0 -999.0 -999.0 -999.0 -999.0 -999.0 -999.0 -999.0 -999.0 -999.0
1148.1 1333.1 1288.1 1054.0 721.5 888.7 725.2 879.4 1178.6 810.6 396.6 424.4 959.8 759.8 916.3 745.1 609.0 640.0 835.8 1065.3 939.0 587.9 506.8 710.6 684.8 673.7 942.3 1019.2 1031.0 858.2 714.8 943.5 946.5 942.5 796.2 629.2 738.8 596.8 1010.0 784.0 940.3 933.1 721.9 1075.9 1222.9 1106.0 1057.0 1164.1 1135.6 -999.0 -999.0 -999.0 -999.0 -999.0 -999.0 -999.0 -999.0 -999.0 -999.0 -999.0 -999.0 -999.0 -999.0 -999.0 -999.0 -999.0 -999.0 -999.0 -999.0 -999.0 -999.0
1410.3 1101.8 1330.8 754.8 1367.5 1241.4 1017.7 594.7 454.0 815.9 692.4 789.7 512.8 656.0 736.1 775.5 995.8 977.5 991.5 969.4 728.2 470.6 567.4 781.7 529.3 857.3 775.8 1087.4 1089.4 1010.8 862.4 779.5 781.5 747.5 599.1 626.5 871.7 793.5 1066.8 1063.4 1142.1 1113.2 1112.2 1177.6 1203.9 1214.1 1176.9 1171.8 1290.2 -999.0 -999.0 -999.0 -999.0 -999.0 -999.0 -999.0 -999.0 -999.0 -999.0 -999.0 -999.0 -999.0 -999.0 -999.0 -999.0 -999.0 -999.0 -999.0 -999.0 -999.0 -999.0
-999.0 1268.6 1176.7 -999.0 1381.7 823.3 517.3 435.4 837.5 966.2 890.6 473.3 483.0 1023.0 1122.6 941.5 665.1 1120.9 1005.9 740.6 527.0 468.1 493.7 425.8 673.7 604.7 781.0 1063.6 650.5 939.6 596.1 618.7 583.6 508.6 628.9 808.8 935.2 845.6 954.9 894.8 1036.0 1028.8 1127.6 1155.0 1183.7 1211.1 1229.2 1253.6 -999.0 -999.0 -999.0 -999.0 -999.0 -999.0 -999.0 -999.0 -999.0 -999.0 -999.0 -999.0 -999.0 -999.0 -999.0 -999.0 -999.0 -999.0 -999.0 -999.0 -999.0 -999.0 -999.0
1490.0 1103.1 1452.1 -999.0 669.6 946.6 862.5 1377.8 720.3 931.8 450.2 522.2 798.9 629.7 582.9 923.9 1260.7 768.4 727.7 619.5 424.7 399.8 407.5 382.2 600.9 853.7 1085.2 1026.9 923.2 719.5 485.5 516.8 733.7 616.2 779.5 706.0 809.3 933.2 1029.3 960.1 950.4 977.3 1088.1 1034.6 1185.9 1113.4 1125.8 1294.1 -999.0 -999.0 -999.0 -999.0 -999.0 -999.0 -999.0 -999.0 -999.0 -999.0 -999.0 -999.0 -999.0 -999.0 -999.0 -999.0 -999.0 -999.0 -999.0 -999.0 -999.0 -999.0 -999.0
1245.2 1461.1 -999.0 1267.1 1123.8 772.0 1041.4 852.0 636.5 1031.8 1033.9 876.7 1033.4 1188.1 1205.7 1187.1 811.1 527.5 485.4 455.1 409.8 315.5 410.5 739.7 933.5 959.0 527.0 789.4 304.7 275.6 443.6 466.7 473.5 646.9 735.8 771.2 738.4 1145.6 1155.4 1091.9 1153.8 1132.1 746.4 934.5 1241.4 1231.0 1229.9 1240.9 1350.8 -999.0 -999.0 -999.0 -999.0 -999.0 -999.0 -999.0 -999.0 -999.0 -999.0 -999.0 -999.0 -999.0 -999.0 -999.0 -999.0 -999.0 -999.0 -999.0 -999.0 -999.0 -999.0
-999.0 -999.0 1510.6 981.0 877.0 742.3 1168.5 840.8 523.3 1018.2 937.3 705.4 758.6 737.6 896.2 637.3 579.8 425.8 667.6 690.3 544.6 433.5 584.9 948.8 852.0 922.6 623.0 306.6 534.8 292.1 408.7 435.1 511.4 598.9 641.8 830.8 1040.1 1162.2 1087.7 1194.6 1238.1 1123.5 1177.0 1245.5 1285.4 1166.1 1136.6 1214.8 -999.0 -999.0 -999.0 -999.0 -999.0 -999.0 -999.0 -999.0 -999.0 -999.0 -999.0 -999.0 -999.0 -999.0 -999.0 -999.0 -999.0 -999.0 -999.0 -999.0 -999.0 -999.0 -999.0
-999.0 -999.0 1495.5 1451.6 1124.0 725.3 977.9 680.6 1149.0 1187.7 1141.5 944.2 560.4 468.6 582.8 809.1 852.4 760.0 532.7 697.6 712.9 814.5 810.4 670.5 619.7 522.2 403.1 412.5 385.6 582.4 621.9 682.9 944.7 905.7 832.8 800.2 738.8 894.3 1001.5 802.2 963.6 1259.0 1210.0 1091.6 1028.3 1000.4 1117.1 -999.0 -999.0 -999.0 -999.0 -999.0 -999.0 -999.0 -999.0 -999.0 -999.0 -999.0 -999.0 -999.0 -999.0 -999.0 -999.0 -999.0 -999.0 -999.0 -999.0 -999.0 -999.0 -999.0 -999.0
-999.0 -999.0 1191.2 811.2 1289.1 638.3 578.9 675.4 574.5 749.8 1097.8 1007.8 1164.7 1205.7 573.5 644.6 544.0 208.5 923.4 793.7 783.1 705.3 743.1 559.1 611.5 447.7 584.5 639.2 671.5 594.0 742.0 544.1 542.8 424.8 554.7 739.7 590.9 425.2 613.4 684.8 831.8 853.7 919.0 927.2 1015.6 1038.9 1171.3 -999.0 -999.0 -999.0 -999.0 -999.0 -999.0 -999.0 -999.0 -999.0 -999.0 -999.0 -999.0 -999.0 -999.0 -999.0 -999.0 -999.0 -999.0 -999.0 -999.0 -999.0 -999.0 -999.0 -999.0
-999.0 1523.5 1517.6 1236.9 1470.3 1233.4 1033.7 767.1 1117.6 1093.6 555.2 1105.6 1175.3 1151.6 1083.4 629.3 822.4 1018.0 870.5 464.3 534.5 727.9 343.4 509.8 567.6 457.6 393.3 466.0 513.1 495.2 507.0 533.8 486.1 305.4 784.6 552.7 589.7 977.7 1009.9 715.9 894.3 852.3 841.2 1106.3 1014.9 1058.3 1154.2 -999.0 -999.0 -999.0 -999.0 -999.0 -999.0 -999.0 -999.0 -999.0 -999.0 -999.0 -999.0 -999.0 -999.0 -999.0 -999.0 -999.0 -999.0 -999.0 -999.0 -999.0 -999.0 -999.0 -999.0
-999.0 -999.0 1454.1 1147.7 580.9 1211.4 1402.1 1250.0 1345.8 1410.6 1395.3 1369.0 1163.5 1078.1 670.7 914.6 816.7 850.8 489.6 596.5 815.4 727.9 335.9 604.8 503.5 707.4 449.7 469.2 680.4 320.3 386.6 426.0 304.2 358.0 554.0 428.8 552.7 720.1 940.6 1130.8 1094.0 916.1 1063.2 1217.0 1171.5 1094.9 1297.6 -999.0 -999.0 -999.0 -999.0 -999.0 -999.0 -999.0 -999.0 -999.0 -999.0 -999.0 -999.0 -999.0 -999.0 -999.0 -999.0 -999.0 -999.0 -999.0 -999.0 -999.0 -999.0 -999.0 -999.0
1440.2 1430.2 1418.9 1297.5 909.9 1380.4 648.0 1064.1 850.9 667.4 1380.3 1337.0 240.7 486.2 445.8 587.6 411.8 495.2 456.5 449.1 387.9 605.5 572.3 745.3 775.4 820.0 661.2 679.0 425.2 682.4 624.8 765.2 595.4 424.1 520.5 963.8 715.1 652.0 933.1 708.5 1066.0 1224.4 1260.6 1243.2 1082.8 1192.0 -999.0 -999.0 -999.0 -999.0 -999.0 -999.0 -999.0 -999.0 -999.0 -999.0 -999.0 -999.0 -999.0 -999.0 -999.0 -999.0 -999.0 -999.0 -999.0 -999.0 -999.0 -999.0 -999.0 -999.0 -999.0
