GDD/GrowingDegreeDays_2011_Actual.txt
ncols         180
nrows         290
xllcorner     -200000
yllcorner     -200000
cellsize      5000
NODATA_value    -999
[rows 96 to 127 of 290, columns 71 to 141 of 180]
1343.5 1391.0 1558.2 1648.4 1242.2 1563.7 841.2 889.7 1224.0 1510.3 984.4 526.6 519.9 440.9 763.2 893.0 964.4 644.8 744.6 594.1 548.4 897.3 884.6 897.4 1180.1 1043.2 1239.3 941.4 705.9 786.8 702.5 860.9 926.5 817.2 753.2 896.6 988.1 842.0 843.3 1252.2 1388.4 1506.9 1524.0 1290.9 1378.1 -999.0 -999.0 -999.0 -999.0 -999.0 -999.0 -999.0 -999.0 -999.0 -999.0 -999.0 -999.0 -999.0 -999.0 -999.0 -999.0 -999.0 -999.0 -999.0 -999.0 -999.0 -999.0 -999.0 -999.0 -999.0 -999.0
1308.0 1142.8 1591.6 1648.7 1236.3 1460.6 1047.7 1239.8 1505.9 1549.0 1102.0 652.4 1454.8 677.0 918.9 742.2 989.0 721.7 1046.3 855.0 989.5 989.3 468.5 961.8 923.3 1047.3 1096.8 1140.8 738.0 915.8 1036.4 977.0 733.8 965.8 864.8 1073.0 1020.8 1090.0 1219.4 1422.1 1415.4 1393.1 1441.3 1575.5 -999.0 -999.0 -999.0 -999.0 -999.0 -999.0 -999.0 -999.0 -999.0 -999.0 -999.0 -999.0 -999.0 -999.0 -999.0 -999.0 -999.0 -999.0 -999.0 -999.0 -999.0 -999.0 -999.0 -999.0 -999.0 -999.0 -999.0
1371.0 1587.3 1007.7 1219.9 1152.7 819.8 577.7 1552.1 1663.3 699.0 1270.4 1362.4 654.7 863.2 621.5 879.5 656.8 1128.1 1247.8 1343.9 1346.9 1337.5 1229.0 894.8 1177.8 963.4 883.6 1205.8 1034.8 881.0 1111.6 1127.1 993.4 1019.0 1158.1 1056.0 1172.9 1387.9 1478.3 1523.6 1409.8 1497.5 1573.9 1574.7 -999.0 -999.0 -999.0 -999.0 -999.0 -999.0 -999.0 -999.0 -999.0 -999.0 -999.0 -999.0 -999.0 -999.0 -999.0 -999.0 -999.0 -999.0 -999.0 -999.0 -999.0 -999.0 -999.0 -999.0 -999.0 -999.0 -999.0
1332.3 977.0 1358.2 1152.7 1105.6 1594.0 1622.0 -999.0 1374.9 676.8 899.6 551.1 1067.3 1244.0 964.5 1075.7 1112.2 1098.0 1032.2 961.4 890.4 751.8 411.4 635.7 909.7 888.5 1230.3 1375.6 1508.3 1021.9 935.9 1175.8 1190.4 1162.0 1349.2 1304.2 1365.2 1469.5 1476.2 1459.8 1444.4 1373.9 1397.2 -999.0 -999.0 -999.0 -999.0 -999.0 -999.0 -999.0 -999.0 -999.0 -999.0 -999.0 -999.0 -999.0 -999.0 -999.0 -999.0 -999.0 -999.0 -999.0 -999.0 -999.0 -999.0 -999.0 -999.0 -999.0 -999.0 -999.0 -999.0
1639.1 1384.2 1257.3 1393.9 1043.1 1505.5 -999.0 1672.0 1427.4 1650.2 1163.5 1349.4 923.0 428.3 974.1 869.0 1043.3 731.6 529.8 664.3 920.0 1318.5 1198.5 1317.6 1008.4 1098.4 1107.0 979.7 1083.6 1138.3 1082.9 1250.3 1410.1 1398.9 1503.5 1498.8 1409.0 1375.3 1423.4 1435.9 1431.8 1546.7 1534.8 -999.0 -999.0 -999.0 -999.0 -999.0 -999.0 -999.0 -999.0 -999.0 -999.0 -999.0 -999.0 -999.0 -999.0 -999.0 -999.0 -999.0 -999.0 -999.0 -999.0 -999.0 -999.0 -999.0 -999.0 -999.0 -999.0 -999.0 -999.0
1594.9 1450.6 1671.8 1243.4 1575.5 -999.0 1723.3 1696.5 1524.0 478.3 953.1 291.8 863.6 1133.7 1265.9 883.7 808.3 946.3 731.8 1014.9 773.1 630.7 794.3 1338.3 1002.7 789.6 736.2 1020.4 1031.1 1541.7 1312.7 1504.9 1571.0 1586.7 1553.9 1261.3 1266.2 1271.3 1333.9 1340.0 1439.2 1556.8 1655.7 -999.0 -999.0 -999.0 -999.0 -999.0 -999.0 -999.0 -999.0 -999.0 -999.0 -999.0 -999.0 -999.0 -999.0 -999.0 -999.0 -999.0 -999.0 -999.0 -999.0 -999.0 -999.0 -999.0 -999.0 -999.0 -999.0 -999.0 -999.0
1625.4 1562.8 855.4 1684.5 -999.0 1752.6 -999.0 1294.7 1113.8 878.0 1630.9 604.2 947.2 887.9 1093.5 389.0 955.2 375.9 931.9 1006.7 495.6 1128.5 1553.9 924.0 549.9 507.2 1107.1 1122.4 1100.5 1232.5 1435.1 1526.3 1541.0 1527.5 1166.3 1348.7 1385.9 1468.8 1449.7 1472.1 1595.7 1670.2 -999.0 -999.0 -999.0 -999.0 -999.0 -999.0 -999.0 -999.0 -999.0 -999.0 -999.0 -999.0 -999.0 -999.0 -999.0 -999.0 -999.0 -999.0 -999.0 -999.0 -999.0 -999.0 -999.0 -999.0 -999.0 -999.0 -999.0 -999.0 -999.0
627.1 790.7 1193.4 1683.5 -999.0 -999.0 1633.7 1597.6 1626.1 1554.1 1129.8 528.4 1404.9 1137.1 454.4 840.0 843.3 537.5 489.8 716.0 1378.0 761.8 776.3 548.1 734.9 988.3 694.5 693.5 1101.8 1356.0 1547.7 1542.3 1411.1 1113.2 1401.1 1545.0 1525.1 1684.4 1672.8 1653.4 -999.0 -999.0 -999.0 -999.0 -999.0 -999.0 -999.0 -999.0 -999.0 -999.0 -999.0 -999.0 -999.0 -999.0 -999.0 -999.0 -999.0 -999.0 -999.0 -999.0 -999.0 -999.0 -999.0 -999.0 -999.0 -999.0 -999.0 -999.0 -999.0 -999.0 -999.0
950.0 1314.2 1539.6 1682.5 -999.0 1731.9 1569.1 1386.5 1156.5 1408.3 1136.2 1526.7 1534.6 1236.6 906.5 1031.4 1232.3 1269.3 1113.2 870.2 573.4 1079.6 849.0 948.6 771.0 687.5 967.3 1053.1 1290.8 1472.3 1551.8 1563.0 1340.3 1442.1 1645.1 1678.6 1720.1 1685.7 1712.6 -999.0 -999.0 -999.0 -999.0 -999.0 -999.0 -999.0 -999.0 -999.0 -999.0 -999.0 -999.0 -999.0 -999.0 -999.0 -999.0 -999.0 -999.0 -999.0 -999.0 -999.0 -999.0 -999.0 -999.0 -999.0 -999.0 -999.0 -999.0 -999.0 -999.0 -999.0 -999.0
1497.4 1195.6 1496.4 -999.0 -999.0 1692.1 1165.9 1305.0 1068.9 1372.3 1569.1 1303.5 853.2 848.1 979.6 1115.6 1001.4 689.7 1115.0 871.8 1264.5 1110.4 834.5 1224.3 1507.3 1535.9 1407.5 1505.7 1574.5 1538.7 1545.5 1706.8 1564.4 1638.8 1696.7 1517.4 1608.5 1554.7 1639.6 -999.0 -999.0 -999.0 -999.0 -999.0 -999.0 -999.0 -999.0 -999.0 -999.0 -999.0 -999.0 -999.0 -999.0 -999.0 -999.0 -999.0 -999.0 -999.0 -999.0 -999.0 -999.0 -999.0 -999.0 -999.0 -999.0 -999.0 -999.0 -999.0 -999.0 -999.0 -999.0
-999.0 -999.0 -999.0 -999.0 1710.9 1292.4 1257.6 1139.9 1248.2 1147.0 836.7 909.4 675.9 1223.5 866.9 1488.3 762.3 1389.9 596.3 1188.5 901.5 504.8 1059.9 1313.4 1151.2 1293.4 1548.7 1541.2 1636.9 1710.7 1630.2 1723.0 1718.1 1605.0 1611.6 1583.4 1514.7 1614.9 1609.5 1717.8 -999.0 -999.0 -999.0 -999.0 -999.0 -999.0 -999.0 -999.0 -999.0 -999.0 -999.0 -999.0 -999.0 -999.0 -999.0 -999.0 -999.0 -999.0 -999.0 -999.0 -999.0 -999.0 -999.0 -999.0 -999.0 -999.0 -999.0 -999.0 -999.0 -999.0 -999.0
-999.0 -999.0 -999.0 -999.0 1654.8 1643.6 1234.7 1102.1 1537.3 1007.6 1305.1 1542.4 1089.1 833.3 934.1 1662.5 841.8 955.4 885.3 1181.6 778.1 998.2 920.9 730.2 1086.4 1209.6 1291.2 1387.3 1443.3 1389.3 1346.4 1239.2 1320.4 1541.6 1674.4 1589.8 1360.0 1530.1 1418.3 1522.9 1588.2 -999.0 -999.0 -999.0 -999.0 -999.0 -999.0 -999.0 -999.0 -999.0 -999.0 -999.0 -999.0 -999.0 -999.0 -999.0 -999.0 -999.0 -999.0 -999.0 -999.0 -999.0 -999.0 -999.0 -999.0 -999.0 -999.0 -999.0 -999.0 -999.0 -999.0
-999.0 -999.0 -999.0 1710.2 1656.0 1565.0 1180.0 1398.4 1152.3 1159.0 1336.9 1569.5 1009.2 953.7 686.2 1557.6 969.5 1151.4 1099.3 1198.2 1041.1 1531.4 1351.2 1272.2 1314.2 1496.2 1291.7 1086.1 874.2 1003.2 1088.1 1245.7 1394.7 1320.2 1639.7 1471.2 1400.5 1407.1 1439.3 1492.2 1562.5 1666.9 -999.0 -999.0 -999.0 -999.0 -999.0 -999.0 -999.0 -999.0 -999.0 -999.0 -999.0 -999.0 -999.0 -999.0 -999.0 -999.0 -999.0 -999.0 -999.0 -999.0 -999.0 -999.0 -999.0 -999.0 -999.0 -999.0 -999.0 -999.0 -999.0
-999.0 -999.0 1702.2 -999.0 1604.7 1421.1 1538.8 1144.1 979.7 1542.9 1638.1 1224.1 770.4 1131.0 1719.9 1463.0 474.5 1412.7 1417.8 1312.1 1259.4 1458.2 1518.7 1623.4 1560.9 1239.2 815.5 874.2 1065.1 1168.5 1352.2 1380.0 1427.0 1364.1 1493.0 1504.6 1630.1 1736.2 1745.8 1746.2 1745.5 -999.0 -999.0 -999.0 -999.0 -999.0 -999.0 -999.0 -999.0 -999.0 -999.0 -999.0 -999.0 -999.0 -999.0 -999.0 -999.0 -999.0 -999.0 -999.0 -999.0 -999.0 -999.0 -999.0 -999.0 -999.0 -999.0 -999.0 -999.0 -999.0 -999.0
-999.0 1706.1 1289.0 -999.0 1672.4 1627.8 1478.1 1443.2 1477.9 1455.6 901.9 1499.8 963.4 941.2 978.0 1347.6 1593.4 803.0 1382.0 1588.7 1677.3 1686.8 1715.0 1750.9 1769.7 1375.7 1607.7 1645.9 1639.9 1460.3 1305.8 1414.2 1430.4 1529.0 1609.8 1616.2 1757.0 -999.0 -999.0 -999.0 -999.0 -999.0 -999.0 -999.0 -999.0 -999.0 -999.0 -999.0 -999.0 -999.0 -999.0 -999.0 -999.0 -999.0 -999.0 -999.0 -999.0 -999.0 -999.0 -999.0 -999.0 -999.0 -999.0 -999.0 -999.0 -999.0 -999.0 -999.0 -999.0 -999.0 -999.0
1673.9 1433.5 1557.4 -999.0 1291.7 1655.7 1386.1 1523.8 1747.3 1084.2 1057.3 884.3 850.8 1665.4 1065.3 1087.5 1699.6 1357.5 1278.8 1511.5 1486.3 1415.9 1357.0 1288.3 1707.7 1781.5 1787.3 1718.5 1616.9 1497.8 1359.4 1439.5 1465.7 1484.4 1636.9 -999.0 -999.0 -999.0 -999.0 -999.0 -999.0 -999.0 -999.0 -999.0 -999.0 -999.0 -999.0 -999.0 -999.0 -999.0 -999.0 -999.0 -999.0 -999.0 -999.0 -999.0 -999.0 -999.0 -999.0 -999.0 -999.0 -999.0 -999.0 -999.0 -999.0 -999.0 -999.0 -999.0 -999.0 -999.0 -999.0
944.1 1444.7 -999.0 1642.3 1622.5 1225.2 1533.5 1711.0 1100.8 1407.0 998.0 901.3 1237.2 1470.6 1099.2 1116.3 1781.7 1770.0 1718.4 1626.8 1503.5 1426.9 1180.1 1103.6 1455.6 1655.8 1799.4 1852.0 1713.5 1690.3 1617.5 1599.9 1422.6 1462.3 1743.9 -999.0 -999.0 -999.0 -999.0 -999.0 -999.0 -999.0 -999.0 -999.0 -999.0 -999.0 -999.0 -999.0 -999.0 -999.0 -999.0 -999.0 -999.0 -999.0 -999.0 -999.0 -999.0 -999.0 -999.0 -999.0 -999.0 -999.0 -999.0 -999.0 -999.0 -999.0 -999.0 -999.0 -999.0 -999.0 -999.0
1705.7 1713.6 -999.0 1702.1 1014.8 1413.8 -999.0 1590.9 1165.1 1377.0 1098.5 1221.5 1171.9 1731.3 1737.8 1527.5 1651.6 1647.3 1494.8 1661.1 886.8 911.5 1067.4 1099.0 1424.7 1723.9 1771.5 1900.5 1928.2 1840.4 1804.6 1735.0 1790.8 -999.0 -999.0 -999.0 -999.0 -999.0 1720.7 1732.7 1728.5 1833.5 -999.0 -999.0 -999.0 -999.0 -999.0 -999.0 -999.0 -999.0 -999.0 -999.0 -999.0 -999.0 -999.0 -999.0 -999.0 -999.0 -999.0 -999.0 -999.0 -999.0 -999.0 -999.0 -999.0 -999.0 -999.0 -999.0 -999.0 -999.0 -999.0
1445.0 -999.0 -999.0 1278.2 1659.1 1113.0 -999.0 1612.3 1054.5 1447.1 1702.7 931.3 1735.6 1864.9 1849.5 1785.2 1597.8 1423.3 1172.6 1473.6 1445.7 1559.9 1545.1 1583.8 1512.9 1537.9 1561.2 1674.6 1786.7 1694.5 1637.4 1701.7 1821.6 1860.1 1885.7 -999.0 -999.0 1831.3 1742.3 1653.1 1768.0 1788.5 1798.1 1840.3 -999.0 -999.0 -999.0 -999.0 -999.0 -999.0 -999.0 -999.0 -999.0 -999.0 -999.0 -999.0 -999.0 -999.0 -999.0 -999.0 -999.0 -999.0 -999.0 -999.0 -999.0 -999.0 -999.0 -999.0 -999.0 -999.0 -999.0
1778.6 -999.0 -999.0 1712.4 1388.4 1188.8 1704.6 1422.8 1629.6 1473.8 1386.6 1300.6 1790.7 1665.8 1417.7 1431.4 1453.9 1664.8 1669.9 1630.3 1688.1 1631.8 1623.6 1607.3 1530.1 1437.4 1454.0 1548.3 1409.8 1368.3 1601.6 1725.3 1771.3 1782.5 1763.7 1830.1 1779.3 1669.2 1644.5 1723.6 1672.2 1468.9 1492.7 1391.1 1771.4 -999.0 -999.0 -999.0 -999.0 -999.0 -999.0 -999.0 -999.0 -999.0 -999.0 -999.0 -999.0 -999.0 -999.0 -999.0 -999.0 -999.0 -999.0 -999.0 -999.0 -999.0 -999.0 -999.0 -999.0 -999.0 -999.0
-999.0 -999.0 -999.0 1475.5 1061.4 1446.5 1341.3 1723.8 1444.3 1555.5 1780.5 1796.3 -999.0 1401.4 1081.3 1432.6 1562.0 1694.5 1676.7 1759.6 1822.2 1639.5 1647.0 1601.7 1413.8 1367.3 1339.2 1414.3 1452.8 1442.5 1533.8 1570.9 1577.1 1479.5 1634.8 1738.1 1551.5 1597.9 1557.4 1609.2 1488.5 1306.5 1265.7 1204.7 1405.3 1360.1 1331.7 1725.8 -999.0 -999.0 -999.0 -999.0 -999.0 -999.0 -999.0 -999.0 -999.0 -999.0 -999.0 -999.0 -999.0 -999.0 -999.0 -999.0 -999.0 -999.0 -999.0 -999.0 -999.0 -999.0 -999.0
-999.0 -999.0 -999.0 1471.7 1514.2 1605.2 1117.4 1755.9 -999.0 1799.0 1663.6 1810.0 -999.0 1316.3 911.1 1314.2 1409.3 1641.8 1759.6 1734.1 1732.7 1847.0 1786.7 1698.5 1577.5 1331.3 1288.5 1271.9 1370.1 1357.9 1283.9 1258.2 1127.8 1263.8 1544.3 1646.6 1495.9 1476.1 1438.5 1055.5 1012.8 1226.8 1232.4 1315.2 1345.7 1336.6 1553.2 1600.0 -999.0 -999.0 -999.0 -999.0 -999.0 -999.0 -999.0 -999.0 -999.0 -999.0 -999.0 -999.0 -999.0 -999.0 -999.0 -999.0 -999.0 -999.0 -999.0 -999.0 -999.0 -999.0 -999.0
-999.0 -999.0 -999.0 -999.0 1526.5 1337.7 1513.4 1786.7 -999.0 -999.0 1739.2 1826.6 1680.6 1363.2 1114.8 1509.1 1439.3 1309.3 1488.0 1538.2 1626.9 1465.3 1687.2 1807.5 1674.1 1527.5 1341.0 1249.6 1117.2 1229.4 1066.2 1045.9 1197.3 1288.3 1297.1 1387.1 1332.5 1226.8 1146.4 1190.8 1027.1 1185.0 1259.4 1306.7 1591.0 1578.4 1469.3 1472.7 1558.6 -999.0 -999.0 -999.0 -999.0 -999.0 -999.0 -999.0 -999.0 -999.0 -999.0 -999.0 -999.0 -999.0 -999.0 -999.0 -999.0 -999.0 -999.0 -999.0 -999.0 -999.0 -999.0
-999.0 -999.0 -999.0 1750.8 1446.8 1381.7 -999.0 -999.0 -999.0 -999.0 -999.0 1825.7 1787.2 1318.0 1426.7 1642.5 1482.7 1332.6 1248.1 1362.4 1471.3 1419.8 1419.2 1569.5 1702.0 1478.2 1264.2 1311.4 1283.8 1231.5 1085.7 1159.4 1253.8 1219.5 1237.7 1008.8 1071.5 1219.4 1250.6 1361.8 1215.9 1261.6 1348.3 1325.2 1546.0 1607.9 1608.2 1628.4 1688.2 -999.0 -999.0 -999.0 -999.0 -999.0 -999.0 -999.0 -999.0 -999.0 -999.0 -999.0 -999.0 -999.0 -999.0 -999.0 -999.0 -999.0 -999.0 -999.0 -999.0 -999.0 -999.0
-999.0 1807.7 -999.0 1321.4 1452.2 1700.6 1765.4 1425.6 1324.0 -999.0 -999.0 -999.0 1807.6 1546.1 1593.2 1610.6 1580.0 1468.4 1305.5 1231.7 1192.8 1184.0 1307.9 1360.6 1457.6 1681.7 1311.4 1362.2 1363.1 1330.5 1375.5 1376.8 1136.3 1234.7 991.6 774.5 902.1 1118.2 1140.3 1393.7 1361.5 1398.0 1394.3 1384.1 1551.9 1609.6 1652.7 1632.2 1606.8 1640.5 -999.0 -999.0 -999.0 -999.0 -999.0 -999.0 -999.0 -999.0 -999.0 -999.0 -999.0 -999.0 -999.0 -999.0 -999.0 -999.0 -999.0 -999.0 -999.0 -999.0 -999.0
-999.0 -999.0 1776.5 1270.6 1435.4 1757.0 1377.9 1147.0 1034.6 1727.9 -999.0 -999.0 -999.0 1807.8 1744.9 1754.8 1696.6 1621.6 1539.6 1328.5 1261.1 1261.4 1358.6 1374.5 1372.4 1374.7 1437.3 1392.0 1378.9 1218.4 1295.7 1100.1 1413.6 1241.5 1271.3 1263.8 930.1 979.8 1216.3 1332.5 1484.4 1525.5 1531.0 1521.2 1596.2 1624.0 1690.4 1622.2 1560.4 1626.5 1697.8 -999.0 -999.0 -999.0 -999.0 -999.0 -999.0 -999.0 -999.0 -999.0 -999.0 -999.0 -999.0 -999.0 -999.0 -999.0 -999.0 -999.0 -999.0 -999.0 -999.0
-999.0 -999.0 1615.5 1414.0 1226.6 1774.3 1775.1 1298.9 1202.7 1819.3 -999.0 -999.0 -999.0 -999.0 -999.0 1793.8 1766.5 1772.4 1725.9 1599.5 1494.9 1317.5 1088.2 1127.7 1262.1 1330.2 1405.3 1296.7 1303.3 1272.0 1361.3 1161.7 1447.5 1302.1 1195.7 1309.4 1538.8 1403.9 1504.1 1418.1 1586.1 1507.7 1580.6 1731.6 1737.1 1721.8 1694.0 1709.0 1504.9 1515.4 1609.2 1720.6 -999.0 -999.0 -999.0 -999.0 -999.0 -999.0 -999.0 -999.0 -999.0 -999.0 -999.0 -999.0 -999.0 -999.0 -999.0 -999.0 -999.0 -999.0 -999.0
-999.0 -999.0 1512.3 1273.1 1405.5 -999.0 1797.3 1661.1 969.0 1620.2 -999.0 -999.0 -999.0 -999.0 -999.0 1816.7 1705.9 1553.0 1632.8 1411.6 1178.5 1198.2 1036.5 1001.5 1080.0 1263.4 1176.8 1254.7 1305.7 1143.4 1110.4 1454.7 698.0 1198.4 937.0 1239.0 1083.2 1167.6 1566.6 1399.9 1555.8 1643.3 1700.6 1682.6 1559.4 1506.0 1591.6 1544.8 1703.0 1537.1 1396.3 1641.2 1662.2 1778.6 -999.0 -999.0 -999.0 -999.0 -999.0 -999.0 -999.0 -999.0 -999.0 -999.0 -999.0 -999.0 -999.0 -999.0 -999.0 -999.0 -999.0
-999.0 -999.0 1533.9 1513.1 1740.1 -999.0 -999.0 1385.1 1069.8 1252.3 -999.0 -999.0 -999.0 -999.0 -999.0 1834.9 1779.2 1591.4 1596.5 1491.3 1300.7 1397.2 1270.7 1243.6 1075.3 1166.1 1138.8 1207.4 1024.2 727.5 944.1 1097.0 576.9 744.2 1126.0 1096.6 1297.3 1504.4 1434.3 1402.1 1545.2 1526.8 1542.7 1672.0 1606.3 1595.1 1438.2 1180.6 1393.8 1490.4 1451.4 1451.4 1653.6 1746.0 -999.0 -999.0 -999.0 -999.0 -999.0 -999.0 -999.0 -999.0 -999.0 -999.0 -999.0 -999.0 -999.0 -999.0 -999.0 -999.0 -999.0
-999.0 -999.0 1674.0 1630.8 -999.0 -999.0 -999.0 1778.4 1545.4 1467.4 -999.0 -999.0 -999.0 -999.0 -999.0 1816.3 1746.3 1632.7 1582.4 1525.7 1429.5 1306.3 1002.8 893.8 1094.3 1018.7 1210.4 1216.0 1186.3 920.0 1242.5 809.4 921.3 1081.6 988.1 962.2 1401.1 1258.5 1464.1 1393.5 1432.8 1643.0 1534.1 1477.0 1474.0 1526.6 1042.3 1030.6 1114.4 1480.8 1456.4 1450.0 1572.5 1655.0 -999.0 -999.0 -999.0 -999.0 -999.0 -999.0 -999.0 -999.0 -999.0 -999.0 -999.0 -999.0 -999.0 -999.0 -999.0 -999.0 -999.0
-999.0 1389.7 1475.9 1223.3 1880.4 -999.0 -999.0 -999.0 -999.0 -999.0 -999.0 -999.0 -999.0 -999.0 1668.8 1687.7 1567.8 1555.6 1500.4 1393.5 1412.4 1235.8 1171.1 988.5 1141.7 1175.6 984.0 1079.6 914.5 856.2 887.0 666.2 736.4 1132.7 1052.3 1009.1 1146.3 1302.2 1290.6 1503.1 1423.4 1381.6 1563.2 1425.1 1425.5 1169.2 1134.8 921.3 1110.6 1510.7 1545.8 1618.6 1549.6 1632.2 -999.0 -999.0 -999.0 -999.0 -999.0 -999.0 -999.0 -999.0 -999.0 -999.0 -999.0 -999.0 -999.0 -999.0 -999.0 -999.0 -999.0
-999.0 1288.9 1318.1 1490.2 1862.4 -999.0 -999.0 -999.0 -999.0 -999.0 -999.0 -999.0 -999.0 -999.0 1389.3 1689.5 1523.0 1344.0 1214.0 1236.8 1330.6 1320.6 1271.4 1430.8 1283.5 989.4 948.0 1047.7 1054.6 1179.2 1310.6 714.4 1131.4 1082.1 1126.7 1118.3 1203.7 1340.8 1520.2 1292.2 1366.3 1388.4 1438.4 1379.3 1208.9 1098.7 1204.5 1110.7 1168.2 1512.4 1672.9 1669.8 1489.5 1710.5 -999.0 -999.0 -999.0 -999.0 -999.0 -999.0 -999.0 -999.0 -999.0 -999.0 -999.0 -999.0 -999.0 -999.0 -999.0 -999.0 -999.0
