GDD/GrowingDegreeDays_1998_Actual.txt
ncols         180
nrows         290
xllcorner     -200000
yllcorner     -200000
cellsize      5000
NODATA_value    -999
[rows 128 to 159 of 290, columns 71 to 141 of 180]
-999.0 1313.4 1740.1 1760.7 -999.0 -999.0 -999.0 -999.0 -999.0 -999.0 -999.0 -999.0 -999.0 1513.9 1407.7 1664.2 1404.7 1177.5 1281.3 999.7 800.8 926.0 799.6 975.1 1159.1 1266.3 1220.1 969.1 1048.1 1124.7 1398.8 1130.6 754.3 1008.8 857.1 1103.1 1128.7 1367.3 1342.9 1205.5 1276.6 1258.7 1135.0 965.1 859.7 934.2 1109.3 1234.6 1264.6 1395.5 1235.1 1221.6 1397.8 1523.7 -999.0 -999.0 -999.0 -999.0 -999.0 -999.0 -999.0 -999.0 -999.0 -999.0 -999.0 -999.0 -999.0 -999.0 -999.0 -999.0 -999.0
-999.0 -999.0 -999.0 -999.0 -999.0 -999.0 -999.0 -999.0 -999.0 -999.0 -999.0 -999.0 -999.0 1620.6 1724.8 1293.3 1399.2 1163.7 1286.5 948.3 927.4 726.3 815.5 860.8 1009.8 1077.1 1311.5 673.5 759.9 1148.6 1471.2 1139.7 855.3 1073.7 1046.4 913.4 1204.0 1039.6 970.7 1143.0 984.5 974.5 758.3 1141.5 1160.7 1105.1 1089.2 1091.5 1319.1 1507.4 1397.0 1425.8 1507.2 1581.9 1610.4 -999.0 -999.0 -999.0 -999.0 -999.0 -999.0 -999.0 -999.0 -999.0 -999.0 -999.0 -999.0 -999.0 -999.0 -999.0 -999.0
-999.0 -999.0 -999.0 -999.0 -999.0 -999.0 -999.0 -999.0 -999.0 -999.0 -999.0 -999.0 1845.4 1386.6 1235.0 1251.9 1151.3 1150.8 1228.5 1278.3 889.5 907.9 818.0 897.1 933.6 1208.8 1485.9 1157.6 1051.6 1105.0 1390.0 1396.1 1146.9 1105.2 1113.6 1066.1 826.9 1181.0 1230.0 1192.3 1222.1 783.3 991.9 860.4 986.4 1254.5 1191.2 1138.3 1116.1 1095.3 1439.3 1533.7 1569.1 1579.1 1635.8 -999.0 -999.0 -999.0 -999.0 -999.0 -999.0 -999.0 -999.0 -999.0 -999.0 -999.0 -999.0 -999.0 -999.0 -999.0 -999.0
-999.0 -999.0 -999.0 -999.0 -999.0 -999.0 -999.0 -999.0 -999.0 -999.0 -999.0 -999.0 1490.1 1371.8 1338.0 922.2 988.6 1177.0 1220.5 906.5 1254.0 1130.7 944.5 1081.6 1073.7 1380.1 1548.6 1334.8 1243.4 1037.5 1450.8 1405.2 1355.5 1240.8 1357.9 965.9 1351.8 1008.2 1148.5 1357.0 802.8 1259.7 1119.0 1038.7 1145.1 1081.2 1308.0 1294.6 1078.7 1147.6 1369.6 1379.1 1460.7 1558.1 1601.3 -999.0 -999.0 -999.0 -999.0 -999.0 -999.0 -999.0 -999.0 -999.0 -999.0 -999.0 -999.0 -999.0 -999.0 -999.0 -999.0
-999.0 -999.0 -999.0 -999.0 -999.0 -999.0 -999.0 -999.0 -999.0 -999.0 -999.0 1468.2 1514.8 1476.6 1132.6 1219.6 1178.2 637.1 999.8 1022.5 1283.3 1156.9 1116.0 1232.5 1083.4 1149.6 1368.2 1241.4 1310.2 1516.0 1580.7 1467.1 1249.8 1242.7 1014.4 1218.3 1401.4 1011.9 1285.8 1235.4 832.1 1184.8 1305.9 1378.2 1219.4 1097.7 1167.0 1138.8 1131.3 1304.7 1376.5 1447.6 1545.8 1563.5 1598.2 -999.0 -999.0 -999.0 -999.0 -999.0 -999.0 -999.0 -999.0 -999.0 -999.0 -999.0 -999.0 -999.0 -999.0 -999.0 -999.0
-999.0 -999.0 -999.0 -999.0 -999.0 -999.0 -999.0 -999.0 -999.0 -999.0 1693.6 1462.8 1294.6 1517.7 1396.7 1268.1 1320.1 1066.7 1192.6 727.1 1376.2 1430.0 1287.8 1211.3 1185.8 1170.5 1375.6 1544.7 1650.2 1375.8 1583.1 1588.7 1356.2 1303.0 1320.2 1334.8 1479.5 1253.5 1452.5 1262.2 900.6 1010.5 1017.2 1132.5 1197.3 1290.6 1329.3 1136.3 1231.3 1319.4 1364.2 1436.9 1486.9 1605.1 1634.4 1659.4 -999.0 -999.0 -999.0 -999.0 -999.0 -999.0 -999.0 -999.0 -999.0 -999.0 -999.0 -999.0 -999.0 -999.0 -999.0
-999.0 -999.0 -999.0 -999.0 -999.0 -999.0 -999.0 -999.0 -999.0 -999.0 1356.7 974.9 1247.4 1350.2 1444.0 1447.1 1525.4 741.0 1000.7 1214.1 1253.9 1487.8 1440.9 1304.2 1350.2 1006.7 1486.9 1649.5 1681.3 1671.6 1354.5 1598.4 1348.8 1416.7 1376.3 1450.7 1458.0 1463.1 1258.7 1382.8 1147.1 1082.1 1153.0 1080.7 1240.3 1364.7 1411.4 1274.5 1345.2 1247.3 1353.2 1495.7 1623.9 1576.3 1601.5 1648.2 -999.0 -999.0 -999.0 -999.0 -999.0 -999.0 -999.0 -999.0 -999.0 -999.0 -999.0 -999.0 -999.0 -999.0 -999.0
-999.0 -999.0 -999.0 -999.0 -999.0 -999.0 -999.0 -999.0 1655.7 1564.6 1231.4 1248.9 1290.1 1251.3 1437.7 1417.1 1554.5 1074.4 1167.8 1161.4 1301.2 1341.4 1549.9 1324.9 1289.2 1402.8 1451.9 1507.0 1759.5 1717.8 1545.2 1566.4 1567.6 1528.9 1499.7 1574.9 1595.1 1458.8 1466.5 1450.7 1104.3 1193.4 1215.3 1206.4 1107.2 1277.1 1357.5 1543.3 1434.9 1382.8 1435.7 1508.9 1619.4 1615.6 1611.4 1623.6 -999.0 -999.0 -999.0 -999.0 -999.0 -999.0 -999.0 -999.0 -999.0 -999.0 -999.0 -999.0 -999.0 -999.0 -999.0
-999.0 -999.0 -999.0 -999.0 -999.0 -999.0 -999.0 -999.0 1554.3 1516.4 1601.8 1288.3 1355.7 1260.0 1459.0 1560.6 1594.8 1530.0 1386.6 987.8 1266.7 1365.0 1554.1 1564.1 1509.9 1543.3 1567.3 1520.1 1689.3 1584.6 1694.5 1658.0 1660.1 1635.8 1654.5 1673.3 1705.3 1655.2 1505.1 1482.2 1502.7 1365.7 1303.8 1302.2 1307.9 1344.1 1643.8 1510.1 1257.4 1353.0 1505.1 1520.8 1587.1 1590.8 1679.9 1689.6 1793.0 -999.0 -999.0 -999.0 -999.0 -999.0 -999.0 -999.0 -999.0 -999.0 -999.0 -999.0 -999.0 -999.0 -999.0
-999.0 -999.0 -999.0 -999.0 -999.0 -999.0 -999.0 -999.0 1549.0 1516.0 1715.3 1403.4 1549.9 1446.1 1534.4 1607.9 1581.5 1655.0 1288.8 1279.8 1360.7 1221.8 1506.9 1576.3 1519.1 1614.9 1473.8 1156.0 1565.8 -999.0 -999.0 -999.0 1693.2 1652.5 -999.0 1734.5 1755.9 1700.1 1661.9 1612.7 1437.9 1253.8 1371.8 1380.0 1290.1 1395.0 1310.0 1332.2 1520.5 1620.9 1635.4 1623.4 1571.2 1805.6 1792.7 1766.0 1731.6 -999.0 -999.0 -999.0 -999.0 -999.0 -999.0 -999.0 -999.0 -999.0 -999.0 -999.0 -999.0 -999.0 -999.0
1809.4 -999.0 -999.0 -999.0 -999.0 -999.0 -999.0 -999.0 1725.6 1390.2 1659.1 1679.5 1594.8 1507.3 1517.2 1566.7 1658.5 1674.6 1624.1 1123.2 1361.3 1283.3 1529.7 1568.6 1374.0 1664.9 1603.5 1586.1 1621.2 -999.0 -999.0 -999.0 1698.0 1679.3 1656.3 1697.0 1768.8 1738.7 1711.1 1465.9 1175.0 1069.9 1276.2 1027.7 1301.6 1364.6 1143.6 1395.1 1342.4 1345.2 1399.3 1640.0 1558.1 1451.4 1649.9 1685.4 1719.7 -999.0 -999.0 -999.0 -999.0 -999.0 -999.0 -999.0 -999.0 -999.0 -999.0 -999.0 -999.0 -999.0 -999.0
1596.5 1651.2 -999.0 -999.0 -999.0 -999.0 -999.0 -999.0 -999.0 1563.9 1503.1 1695.2 -999.0 1576.0 1526.8 1572.9 1608.3 1699.7 -999.0 1601.8 1680.0 1496.8 1625.7 1513.2 1490.1 1682.2 1683.7 -999.0 -999.0 -999.0 -999.0 1683.5 1701.1 1695.4 1701.3 1660.0 1653.4 1693.7 1610.0 1486.7 1118.3 757.9 1288.3 898.5 1199.8 1073.6 1005.2 1253.0 1149.9 1320.0 1481.8 1364.1 1384.0 1514.4 1704.3 1632.8 1577.6 1753.7 -999.0 -999.0 -999.0 -999.0 -999.0 -999.0 -999.0 -999.0 -999.0 -999.0 -999.0 -999.0 -999.0
1455.8 -999.0 -999.0 -999.0 -999.0 -999.0 -999.0 -999.0 -999.0 -999.0 1599.3 -999.0 -999.0 -999.0 1691.4 1562.4 1599.3 1636.4 1671.5 -999.0 -999.0 1587.6 1698.4 1429.6 1392.9 -999.0 -999.0 -999.0 -999.0 -999.0 1709.9 1622.6 1681.8 1667.8 1677.2 1596.8 1638.7 1545.2 1444.6 1544.3 1304.6 980.1 785.2 1004.6 869.0 844.5 858.8 1098.6 1078.8 1070.3 1190.4 1407.8 1452.7 1438.0 1679.2 1629.5 1528.3 1583.3 -999.0 -999.0 -999.0 -999.0 -999.0 -999.0 -999.0 -999.0 -999.0 -999.0 -999.0 -999.0 -999.0
-999.0 -999.0 -999.0 -999.0 -999.0 -999.0 -999.0 -999.0 -999.0 -999.0 1692.3 1687.0 -999.0 -999.0 -999.0 1705.2 1527.4 1539.6 1602.3 -999.0 -999.0 -999.0 -999.0 1669.5 -999.0 -999.0 -999.0 -999.0 -999.0 -999.0 1749.7 1673.7 1652.7 1529.1 1411.5 1404.0 1517.7 1519.1 1571.3 1531.5 1426.3 1079.4 830.0 1077.2 711.6 807.4 784.9 1053.6 1044.2 929.5 1165.6 1349.2 1450.1 1594.7 1672.7 1592.3 1503.9 1566.1 -999.0 -999.0 -999.0 -999.0 -999.0 -999.0 -999.0 -999.0 -999.0 -999.0 -999.0 -999.0 -999.0
1919.2 1905.1 1866.2 -999.0 -999.0 -999.0 -999.0 -999.0 -999.0 -999.0 -999.0 1548.9 -999.0 -999.0 -999.0 -999.0 1707.5 1565.1 1647.6 -999.0 -999.0 -999.0 -999.0 -999.0 -999.0 -999.0 -999.0 -999.0 -999.0 1758.0 1678.8 1520.7 1405.7 1365.3 1245.8 1275.6 1388.1 1429.8 1542.1 1475.8 1454.5 1231.5 657.2 613.5 690.4 793.9 1095.1 1240.9 1184.5 1302.0 1481.7 1294.1 1305.2 1587.4 1610.9 1532.2 1493.4 1570.6 1702.2 -999.0 -999.0 -999.0 -999.0 -999.0 -999.0 -999.0 -999.0 -999.0 -999.0 -999.0 -999.0
1600.8 1663.9 1770.3 1834.7 -999.0 -999.0 -999.0 -999.0 -999.0 -999.0 -999.0 1459.2 -999.0 -999.0 -999.0 -999.0 -999.0 -999.0 -999.0 -999.0 -999.0 -999.0 -999.0 -999.0 -999.0 -999.0 -999.0 -999.0 -999.0 1657.4 1598.0 1599.4 1547.1 1612.7 982.7 1196.4 1337.8 1210.9 1504.9 1385.9 1655.3 1413.5 806.0 531.5 784.6 994.3 704.4 661.8 813.4 1017.5 1148.6 1537.0 1469.9 1504.1 1427.5 1516.4 1569.3 1569.5 1673.9 1784.9 -999.0 -999.0 -999.0 -999.0 -999.0 -999.0 -999.0 -999.0 -999.0 -999.0 -999.0
1701.5 1741.7 1722.1 1790.6 -999.0 -999.0 -999.0 -999.0 -999.0 -999.0 -999.0 -999.0 -999.0 -999.0 -999.0 -999.0 -999.0 -999.0 -999.0 -999.0 -999.0 -999.0 -999.0 -999.0 -999.0 -999.0 -999.0 -999.0 1818.6 1682.3 1521.0 1631.6 1258.1 1742.0 650.1 711.1 1394.8 1336.4 1458.4 1574.0 1493.0 1559.0 1284.2 600.9 691.1 895.9 1005.7 1102.4 952.4 1023.2 1142.1 1340.8 1472.4 1517.4 1563.4 1597.2 1560.5 1647.7 1792.3 1824.9 -999.0 -999.0 -999.0 -999.0 -999.0 -999.0 -999.0 -999.0 -999.0 -999.0 -999.0
1804.0 1825.1 1830.1 1777.1 -999.0 -999.0 -999.0 -999.0 -999.0 -999.0 -999.0 -999.0 -999.0 -999.0 -999.0 -999.0 -999.0 -999.0 -999.0 -999.0 -999.0 -999.0 -999.0 -999.0 -999.0 -999.0 -999.0 -999.0 1821.9 1519.5 1598.9 1383.4 759.5 1331.5 1637.4 1125.7 1030.3 1250.3 1312.1 1431.8 1489.4 1556.7 1483.0 1343.6 669.8 849.5 939.3 1123.7 1162.6 1191.9 1376.9 1422.9 1460.8 1413.5 1592.0 1521.5 1613.7 1641.7 1761.6 1840.6 1844.9 1806.5 1781.5 -999.0 -999.0 -999.0 -999.0 -999.0 -999.0 -999.0 -999.0
1747.6 1880.4 -999.0 1806.8 1847.1 -999.0 -999.0 -999.0 -999.0 -999.0 -999.0 -999.0 -999.0 -999.0 -999.0 -999.0 -999.0 -999.0 -999.0 -999.0 -999.0 -999.0 -999.0 -999.0 -999.0 -999.0 -999.0 -999.0 1794.4 1549.2 1444.7 1087.7 1477.4 1355.1 1220.4 929.9 1198.6 1338.2 983.8 1494.4 1301.9 1498.1 1569.4 1613.0 1248.7 982.1 998.3 1095.3 1175.6 1390.0 1408.2 1497.2 1580.6 1639.5 1626.1 1641.3 1612.1 1677.6 1714.5 1747.2 1478.7 1639.3 1549.1 1531.2 1640.8 -999.0 -999.0 -999.0 -999.0 -999.0 -999.0
1730.2 1801.5 1887.9 1846.2 -999.0 -999.0 -999.0 -999.0 -999.0 -999.0 -999.0 -999.0 -999.0 -999.0 -999.0 -999.0 -999.0 -999.0 -999.0 -999.0 -999.0 -999.0 -999.0 -999.0 -999.0 -999.0 -999.0 -999.0 1795.2 1541.3 1316.5 832.3 711.6 994.5 1340.3 1247.0 1135.3 917.0 1351.7 1039.2 1249.3 1368.2 1425.9 1466.9 1548.5 1405.5 996.2 1057.4 1177.8 1291.4 1405.5 1504.5 1553.9 1613.7 1685.8 1660.5 1667.7 1721.9 1684.1 1651.7 1565.1 1289.3 1352.7 1393.3 1382.3 1500.7 1801.0 -999.0 -999.0 -999.0 -999.0
1797.2 1828.3 1897.1 1861.0 -999.0 -999.0 -999.0 -999.0 -999.0 -999.0 -999.0 -999.0 -999.0 -999.0 -999.0 -999.0 -999.0 -999.0 -999.0 -999.0 -999.0 -999.0 -999.0 -999.0 -999.0 -999.0 -999.0 -999.0 1826.8 1718.0 1312.4 1069.6 1477.2 535.1 731.7 1336.0 1108.1 1298.6 938.5 907.4 1231.6 1386.6 1338.4 1282.0 1448.4 771.5 882.2 918.0 905.4 934.0 1071.0 1449.0 1402.1 1595.0 1667.9 1672.7 1683.1 1708.9 1742.0 1761.5 1654.3 1382.7 1501.3 1560.4 1503.5 1453.7 1762.3 1569.6 -999.0 -999.0 -999.0
1803.8 1730.0 1710.1 1847.5 -999.0 -999.0 -999.0 -999.0 -999.0 -999.0 -999.0 -999.0 -999.0 -999.0 -999.0 -999.0 1971.5 1959.9 1984.7 -999.0 -999.0 -999.0 -999.0 -999.0 -999.0 -999.0 -999.0 -999.0 -999.0 1849.1 1723.7 1587.8 1360.6 1321.6 991.1 1547.0 1787.0 1195.5 1217.3 1263.0 1333.0 1166.1 1151.0 1253.8 1196.8 952.5 956.3 711.8 823.8 1050.1 1181.6 1204.0 1414.1 1589.4 1655.0 1686.1 1656.7 1707.7 1742.1 1278.6 1366.2 1050.7 1039.9 1166.7 1262.4 1529.1 1309.6 1443.5 1721.0 -999.0 -999.0
1874.1 1721.1 1795.0 -999.0 -999.0 -999.0 -999.0 -999.0 -999.0 -999.0 -999.0 -999.0 -999.0 -999.0 -999.0 -999.0 1955.6 1964.6 -999.0 -999.0 -999.0 -999.0 -999.0 -999.0 -999.0 -999.0 -999.0 -999.0 -999.0 -999.0 1746.0 1792.7 1362.6 1437.5 731.1 1407.5 1366.9 1438.2 1596.3 1582.3 1482.6 1478.2 733.3 1237.3 1135.2 741.2 975.6 1287.9 1395.7 1014.2 1424.7 1227.6 1477.9 1636.5 1708.0 1696.1 1674.9 1599.7 1358.3 1249.6 1327.4 1350.2 1418.7 1324.4 1209.8 1240.0 1220.4 1459.6 1444.2 -999.0 -999.0
1780.3 1744.7 -999.0 -999.0 -999.0 -999.0 -999.0 -999.0 -999.0 -999.0 -999.0 -999.0 -999.0 -999.0 -999.0 1875.1 1499.6 1622.3 1919.9 -999.0 -999.0 -999.0 -999.0 -999.0 -999.0 -999.0 -999.0 -999.0 -999.0 -999.0 1726.0 1448.3 1344.0 1336.1 1527.4 1374.6 1577.8 1599.0 1631.0 1649.1 1414.0 1499.3 1547.8 754.8 1095.0 1163.3 899.8 1142.7 932.1 1218.8 1213.5 1431.6 1546.8 1642.5 1657.8 1713.5 1693.6 1530.0 1402.2 1473.4 1398.0 1323.5 1371.6 1315.4 1332.2 1306.7 1304.4 1576.9 1444.7 1697.9 -999.0
-999.0 -999.0 -999.0 -999.0 -999.0 -999.0 -999.0 -999.0 -999.0 -999.0 -999.0 -999.0 -999.0 -999.0 1924.5 1370.4 1228.7 1039.7 1899.9 -999.0 -999.0 -999.0 -999.0 -999.0 -999.0 -999.0 -999.0 -999.0 -999.0 -999.0 1757.7 1214.0 1402.8 1839.2 1613.3 1681.0 1592.7 1754.9 1750.8 1592.3 1426.2 1648.4 964.4 1168.6 889.5 1144.8 786.7 1383.0 1252.8 1458.7 1282.2 1491.3 1525.0 1569.8 1708.8 1715.2 1714.0 1643.4 1357.0 1337.4 1406.1 1540.8 1508.2 1513.4 1494.9 1473.7 1332.5 1369.8 1518.3 1536.0 -999.0
-999.0 -999.0 -999.0 -999.0 -999.0 -999.0 -999.0 -999.0 -999.0 -999.0 -999.0 -999.0 -999.0 1910.9 1821.6 1016.4 1416.5 1620.4 -999.0 -999.0 -999.0 -999.0 -999.0 -999.0 -999.0 -999.0 -999.0 -999.0 -999.0 -999.0 -999.0 1773.7 1844.7 1887.9 1582.4 1813.2 1586.2 1774.6 1769.5 1702.0 1521.9 1668.2 1028.6 977.5 832.6 870.8 816.1 902.0 921.3 1061.7 1201.3 1254.4 1365.5 1630.3 1703.9 1710.1 1671.7 1645.8 1610.8 1245.5 1412.2 1689.0 1711.6 1652.8 1673.3 1671.3 1675.0 1660.6 1730.7 1717.3 1655.6
-999.0 -999.0 -999.0 -999.0 -999.0 -999.0 -999.0 -999.0 -999.0 -999.0 -999.0 -999.0 -999.0 1612.8 1337.1 1747.1 1812.1 1887.4 -999.0 -999.0 -999.0 -999.0 -999.0 -999.0 -999.0 -999.0 -999.0 -999.0 -999.0 -999.0 -999.0 -999.0 1894.5 1764.0 1806.0 1831.6 1680.7 1760.4 1751.4 1712.0 1520.0 1682.6 1059.7 1101.6 1144.7 917.5 1008.9 1110.8 798.5 831.9 1190.7 1125.7 1316.8 1424.4 1657.4 1704.6 1675.3 1676.0 1681.8 1657.2 1673.7 1758.0 1726.9 1677.0 1636.0 1665.2 1702.5 1714.7 1726.6 1452.0 1481.0
-999.0 -999.0 -999.0 -999.0 -999.0 -999.0 -999.0 -999.0 -999.0 -999.0 -999.0 -999.0 -999.0 1615.7 1742.6 1705.6 1905.4 -999.0 -999.0 -999.0 -999.0 -999.0 -999.0 -999.0 -999.0 -999.0 -999.0 -999.0 -999.0 -999.0 -999.0 -999.0 1891.8 1764.4 1773.1 -999.0 1749.3 -999.0 1772.8 1769.5 1710.4 1736.1 1646.1 1078.6 1143.8 1138.5 849.7 1436.5 1357.3 878.3 1055.2 1187.0 1294.2 1476.9 1641.6 1715.4 1738.1 1758.7 1737.7 1735.0 1675.6 1576.0 1676.6 1576.7 1628.5 1699.2 1629.7 1523.6 1591.4 1664.6 1676.7
-999.0 -999.0 -999.0 -999.0 -999.0 -999.0 -999.0 -999.0 -999.0 -999.0 -999.0 -999.0 1882.1 1935.5 1948.8 -999.0 -999.0 -999.0 -999.0 -999.0 -999.0 -999.0 -999.0 -999.0 -999.0 -999.0 -999.0 -999.0 -999.0 -999.0 -999.0 -999.0 1885.8 1868.9 1867.3 -999.0 -999.0 -999.0 1728.3 1556.3 1779.3 1645.0 1490.3 1558.7 1530.7 1412.5 1078.3 1064.7 1487.6 1086.8 975.9 1262.9 1223.7 1398.7 1554.3 1777.5 1775.5 1791.9 1788.8 1774.3 1742.3 1701.8 1691.1 1620.2 1707.9 1640.6 1547.1 1490.9 1492.7 1532.2 1626.2
-999.0 -999.0 -999.0 -999.0 -999.0 -999.0 -999.0 -999.0 -999.0 -999.0 -999.0 -999.0 -999.0 -999.0 -999.0 -999.0 -999.0 -999.0 -999.0 -999.0 -999.0 -999.0 -999.0 -999.0 -999.0 -999.0 -999.0 -999.0 -999.0 -999.0 -999.0 -999.0 -999.0 -999.0 -999.0 -999.0 -999.0 1694.1 1733.9 1623.4 1370.7 1281.0 1273.9 1271.0 1414.5 1422.8 1184.0 1210.7 1341.0 1519.7 1244.7 1152.7 1349.9 1480.9 1616.5 1722.4 1763.6 1748.1 1798.3 1811.4 1801.6 1793.4 1763.4 1763.7 1644.3 1372.4 1540.1 1509.4 1631.5 1647.4 1748.1
-999.0 -999.0 -999.0 -999.0 -999.0 -999.0 -999.0 -999.0 -999.0 -999.0 -999.0 -999.0 -999.0 -999.0 -999.0 -999.0 -999.0 -999.0 -999.0 -999.0 -999.0 -999.0 -999.0 -999.0 -999.0 -999.0 -999.0 -999.0 -999.0 -999.0 -999.0 -999.0 -999.0 -999.0 -999.0 -999.0 -999.0 1758.5 1718.8 1433.3 1133.6 941.4 1108.1 1437.3 1339.0 1622.2 1527.8 1580.0 1397.6 1309.5 1271.7 1283.1 1360.6 1518.4 1629.9 1694.9 1764.4 1750.4 1810.1 1829.3 1844.0 1830.3 1792.6 1775.6 1702.5 1329.9 1432.0 1640.0 1717.6 1762.1 1782.8
-999.0 -999.0 -999.0 -999.0 -999.0 -999.0 -999.0 -999.0 -999.0 -999.0 -999.0 -999.0 -999.0 -999.0 -999.0 -999.0 -999.0 -999.0 -999.0 -999.0 -999.0 -999.0 -999.0 -999.0 -999.0 -999.0 -999.0 -999.0 -999.0 -999.0 -999.0 -999.0 -999.0 -999.0 -999.0 -999.0 -999.0 1799.1 1776.6 1634.2 1332.0 1221.1 1296.5 1433.5 1479.6 1561.5 1492.0 1595.2 1605.7 1531.9 1713.6 1304.0 1489.0 1424.0 1587.0 1636.0 1770.5 1792.7 1794.9 1819.1 1864.2 1826.9 1820.0 1784.0 1767.1 1572.5 1517.5 1640.9 1742.8 1778.2 1810.1
