GDD/GrowingDegreeDays_1966_Actual.txt
ncols         180
nrows         290
xllcorner     -200000
yllcorner     -200000
cellsize      5000
NODATA_value    -999
[rows 64 to 95 of 290, columns 71 to 141 of 180]
-999.0 -999.0 -999.0 -999.0 -999.0 -999.0 -999.0 -999.0 -999.0 1334.7 1119.2 1124.3 1085.8 828.8 853.9 686.4 852.5 918.1 864.9 878.3 424.4 862.2 549.6 811.1 766.7 917.0 957.5 859.1 704.6 738.2 574.1 906.8 -999.0 -999.0 -999.0 -999.0 -999.0 -999.0 -999.0 -999.0 -999.0 -999.0 -999.0 -999.0 -999.0 -999.0 -999.0 -999.0 -999.0 -999.0 -999.0 -999.0 -999.0 -999.0 -999.0 -999.0 -999.0 -999.0 -999.0 -999.0 -999.0 -999.0 -999.0 -999.0 -999.0 -999.0 -999.0 -999.0 -999.0 -999.0 -999.0
-999.0 -999.0 -999.0 -999.0 -999.0 -999.0 -999.0 -999.0 -999.0 -999.0 1331.7 1137.2 904.6 848.6 848.2 804.6 808.9 1125.8 1012.0 979.1 770.9 720.8 685.9 811.3 890.3 815.8 855.4 891.4 835.9 871.1 930.8 1184.9 -999.0 -999.0 -999.0 -999.0 -999.0 -999.0 -999.0 -999.0 -999.0 -999.0 -999.0 -999.0 -999.0 -999.0 -999.0 -999.0 -999.0 -999.0 -999.0 -999.0 -999.0 -999.0 -999.0 -999.0 -999.0 -999.0 -999.0 -999.0 -999.0 -999.0 -999.0 -999.0 -999.0 -999.0 -999.0 -999.0 -999.0 -999.0 -999.0
-999.0 -999.0 -999.0 -999.0 -999.0 -999.0 -999.0 -999.0 1373.8 -999.0 1342.4 1179.8 881.4 847.2 759.8 550.4 994.7 918.9 1136.8 994.5 986.1 884.1 792.6 959.3 917.7 842.7 782.6 759.7 870.5 1020.3 1200.1 -999.0 -999.0 -999.0 -999.0 -999.0 -999.0 -999.0 -999.0 -999.0 -999.0 -999.0 -999.0 -999.0 -999.0 -999.0 -999.0 -999.0 -999.0 -999.0 -999.0 -999.0 -999.0 -999.0 -999.0 -999.0 -999.0 -999.0 -999.0 -999.0 -999.0 -999.0 -999.0 -999.0 -999.0 -999.0 -999.0 -999.0 -999.0 -999.0 -999.0
-999.0 -999.0 -999.0 -999.0 -999.0 -999.0 -999.0 -999.0 1376.0 1334.3 1259.6 1256.2 881.8 1173.6 991.6 1072.0 941.7 1012.9 860.7 1123.9 1076.4 938.7 955.0 905.3 899.0 983.1 726.5 893.9 934.0 -999.0 -999.0 -999.0 -999.0 -999.0 -999.0 -999.0 -999.0 -999.0 -999.0 -999.0 -999.0 -999.0 -999.0 -999.0 -999.0 -999.0 -999.0 -999.0 -999.0 -999.0 -999.0 -999.0 -999.0 -999.0 -999.0 -999.0 -999.0 -999.0 -999.0 -999.0 -999.0 -999.0 -999.0 -999.0 -999.0 -999.0 -999.0 -999.0 -999.0 -999.0 -999.0
-999.0 -999.0 -999.0 -999.0 -999.0 -999.0 -999.0 -999.0 -999.0 1342.0 790.3 1280.2 1059.0 980.5 978.2 1129.1 836.0 972.0 868.5 919.0 1113.8 1011.3 1024.7 977.5 921.5 932.6 875.9 1190.3 -999.0 -999.0 -999.0 -999.0 -999.0 -999.0 -999.0 -999.0 -999.0 -999.0 -999.0 -999.0 -999.0 -999.0 -999.0 -999.0 -999.0 -999.0 -999.0 -999.0 -999.0 -999.0 -999.0 -999.0 -999.0 -999.0 -999.0 -999.0 -999.0 -999.0 -999.0 -999.0 -999.0 -999.0 -999.0 -999.0 -999.0 -999.0 -999.0 -999.0 -999.0 -999.0 -999.0
-999.0 -999.0 -999.0 -999.0 -999.0 -999.0 -999.0 -999.0 -999.0 -999.0 1360.8 1001.4 1280.4 1070.8 716.3 1074.8 1036.7 1053.4 1211.8 1005.6 1157.5 1002.5 927.2 1145.1 902.3 1039.1 1154.8 -999.0 -999.0 -999.0 -999.0 -999.0 -999.0 -999.0 -999.0 -999.0 -999.0 -999.0 -999.0 -999.0 -999.0 -999.0 -999.0 -999.0 -999.0 -999.0 -999.0 -999.0 -999.0 -999.0 -999.0 -999.0 -999.0 -999.0 -999.0 -999.0 -999.0 -999.0 -999.0 -999.0 -999.0 -999.0 -999.0 -999.0 -999.0 -999.0 -999.0 -999.0 -999.0 -999.0 -999.0
-999.0 -999.0 -999.0 -999.0 -999.0 -999.0 1330.4 -999.0 -999.0 1387.3 1373.3 1141.2 963.5 885.4 895.4 1088.1 1022.0 845.5 987.6 1090.1 1225.3 1029.3 952.1 979.8 1214.7 1232.2 -999.0 -999.0 -999.0 -999.0 -999.0 -999.0 -999.0 -999.0 -999.0 -999.0 -999.0 -999.0 -999.0 -999.0 -999.0 -999.0 -999.0 -999.0 -999.0 -999.0 -999.0 -999.0 -999.0 -999.0 -999.0 -999.0 -999.0 -999.0 -999.0 -999.0 -999.0 -999.0 -999.0 -999.0 -999.0 -999.0 -999.0 -999.0 -999.0 -999.0 -999.0 -999.0 -999.0 -999.0 -999.0
-999.0 -999.0 -999.0 -999.0 1150.1 1325.8 1240.2 1350.7 1169.4 1363.1 946.9 1288.6 706.9 833.1 864.0 886.4 766.9 811.4 842.1 1182.6 1077.1 1151.5 929.0 1010.1 1120.8 1252.3 -999.0 -999.0 -999.0 -999.0 -999.0 -999.0 -999.0 -999.0 -999.0 -999.0 -999.0 -999.0 -999.0 -999.0 -999.0 -999.0 -999.0 -999.0 -999.0 -999.0 -999.0 -999.0 -999.0 -999.0 -999.0 -999.0 -999.0 -999.0 -999.0 -999.0 -999.0 -999.0 -999.0 -999.0 -999.0 -999.0 -999.0 -999.0 -999.0 -999.0 -999.0 -999.0 -999.0 -999.0 -999.0
-999.0 -999.0 -999.0 -999.0 874.0 1301.3 1319.0 1158.5 1094.1 915.8 675.2 850.8 1284.2 703.1 639.4 707.2 644.2 922.8 833.0 582.8 989.9 1174.1 1204.7 1243.2 1250.3 -999.0 -999.0 1240.7 -999.0 -999.0 -999.0 -999.0 -999.0 -999.0 -999.0 -999.0 -999.0 -999.0 -999.0 -999.0 -999.0 -999.0 -999.0 -999.0 -999.0 -999.0 -999.0 -999.0 -999.0 -999.0 -999.0 -999.0 -999.0 -999.0 -999.0 -999.0 -999.0 -999.0 -999.0 -999.0 -999.0 -999.0 -999.0 -999.0 -999.0 -999.0 -999.0 -999.0 -999.0 -999.0 -999.0
-999.0 -999.0 -999.0 -999.0 1058.5 1205.1 1340.9 1115.4 752.3 1077.4 415.7 939.1 923.2 639.9 559.4 635.6 653.8 646.3 559.2 695.4 818.7 727.4 997.3 898.9 1188.5 1225.2 1219.5 1236.9 -999.0 -999.0 -999.0 -999.0 -999.0 -999.0 -999.0 -999.0 -999.0 -999.0 -999.0 -999.0 -999.0 -999.0 -999.0 -999.0 -999.0 -999.0 -999.0 -999.0 -999.0 -999.0 -999.0 -999.0 -999.0 -999.0 -999.0 -999.0 -999.0 -999.0 -999.0 -999.0 -999.0 -999.0 -999.0 -999.0 -999.0 -999.0 -999.0 -999.0 -999.0 -999.0 -999.0
-999.0 -999.0 -999.0 -999.0 1318.8 1083.3 1321.2 1024.7 989.9 654.0 797.1 799.1 933.9 908.9 865.9 590.4 718.1 663.4 682.1 929.5 953.6 835.0 986.8 924.9 1147.6 1202.8 1191.1 -999.0 -999.0 -999.0 -999.0 -999.0 -999.0 -999.0 -999.0 -999.0 -999.0 -999.0 -999.0 -999.0 -999.0 -999.0 -999.0 -999.0 -999.0 -999.0 -999.0 -999.0 -999.0 -999.0 -999.0 -999.0 -999.0 -999.0 -999.0 -999.0 -999.0 -999.0 -999.0 -999.0 -999.0 -999.0 -999.0 -999.0 -999.0 -999.0 -999.0 -999.0 -999.0 -999.0 -999.0
-999.0 -999.0 -999.0 -999.0 1251.3 1300.6 1179.6 1366.6 600.2 781.7 756.3 804.7 611.8 365.9 703.9 839.3 876.1 615.4 699.7 908.7 842.1 968.7 1044.3 1175.2 1234.9 1066.6 -999.0 -999.0 -999.0 -999.0 -999.0 -999.0 -999.0 -999.0 -999.0 -999.0 -999.0 -999.0 -999.0 -999.0 -999.0 -999.0 -999.0 -999.0 -999.0 -999.0 -999.0 -999.0 -999.0 -999.0 -999.0 -999.0 -999.0 -999.0 -999.0 -999.0 -999.0 -999.0 -999.0 -999.0 -999.0 -999.0 -999.0 -999.0 -999.0 -999.0 -999.0 -999.0 -999.0 -999.0 -999.0
-999.0 -999.0 -999.0 1398.9 1070.5 1002.3 771.4 977.8 1342.4 857.4 856.0 789.9 841.8 788.0 855.4 710.9 887.6 905.1 465.3 772.5 903.5 1202.1 1234.5 1246.0 1271.6 -999.0 -999.0 -999.0 -999.0 -999.0 -999.0 1291.7 1273.4 1248.2 1310.7 -999.0 -999.0 1359.2 1216.8 1252.3 1325.0 1347.0 -999.0 -999.0 -999.0 1240.8 -999.0 1205.7 1199.2 -999.0 -999.0 -999.0 -999.0 -999.0 -999.0 -999.0 -999.0 -999.0 -999.0 -999.0 -999.0 -999.0 -999.0 -999.0 -999.0 -999.0 -999.0 -999.0 -999.0 -999.0 -999.0
-999.0 -999.0 -999.0 -999.0 1231.6 955.1 744.6 891.5 852.5 1319.1 858.3 892.7 724.0 859.5 939.2 1194.9 1015.4 784.0 823.0 935.8 1094.8 1130.2 1094.8 1057.9 1300.3 -999.0 -999.0 -999.0 1297.4 1311.6 1309.3 1272.5 1280.7 1339.9 1325.1 1359.7 1353.6 1219.3 1080.3 1074.8 1202.6 1253.7 1301.9 1224.3 1072.4 1012.0 1055.6 1101.0 1119.0 1118.3 -999.0 -999.0 -999.0 -999.0 -999.0 -999.0 -999.0 -999.0 -999.0 -999.0 -999.0 -999.0 -999.0 -999.0 -999.0 -999.0 -999.0 -999.0 -999.0 -999.0 -999.0
-999.0 1280.0 -999.0 1257.3 1420.5 1331.6 1280.6 475.2 1237.7 962.5 1106.9 853.3 1007.9 796.7 822.7 751.5 1042.1 1155.4 1134.3 1065.8 1217.3 1034.6 1163.3 1098.6 1296.6 1311.7 1284.6 1227.4 1249.3 1231.0 1125.1 1021.1 1208.5 1252.3 1160.0 1337.0 1060.4 919.0 946.2 995.0 1132.6 1058.1 1145.2 1187.8 1097.0 973.3 1010.6 1044.1 901.3 1068.8 1130.7 -999.0 -999.0 -999.0 -999.0 -999.0 -999.0 -999.0 -999.0 -999.0 -999.0 -999.0 -999.0 -999.0 -999.0 -999.0 -999.0 -999.0 -999.0 -999.0 -999.0
-999.0 -999.0 1381.9 823.0 1032.8 1099.6 648.3 834.0 571.9 1103.8 870.7 839.4 904.9 899.2 1053.5 665.4 762.4 765.1 1119.8 1243.6 1083.8 1220.2 1341.5 -999.0 1358.4 1245.6 1229.9 1116.2 1108.1 1133.5 1066.6 1096.1 968.1 964.6 1039.6 1137.8 1067.3 1057.7 1087.9 1096.4 993.6 1096.6 1128.5 1111.3 1032.1 1027.8 1011.8 1021.6 1013.1 1000.0 1074.5 1152.7 -999.0 -999.0 -999.0 -999.0 -999.0 -999.0 -999.0 -999.0 -999.0 -999.0 -999.0 -999.0 -999.0 -999.0 -999.0 -999.0 -999.0 -999.0 -999.0
1271.9 -999.0 1399.1 1210.1 936.0 829.4 1080.2 581.7 680.5 1036.9 931.1 745.0 667.7 671.7 865.6 856.8 697.0 797.2 865.7 1247.9 1295.8 1333.8 1356.5 1304.9 1123.6 1043.2 1035.9 1048.7 1113.7 993.7 930.2 944.3 823.6 910.8 1092.1 956.7 927.8 910.3 968.0 1172.4 1178.2 1196.5 1110.2 1099.1 1011.9 1030.0 999.2 1048.3 1048.6 1056.1 1058.8 1132.7 -999.0 -999.0 -999.0 -999.0 -999.0 -999.0 -999.0 -999.0 -999.0 -999.0 -999.0 -999.0 -999.0 -999.0 -999.0 -999.0 -999.0 -999.0 -999.0
841.2 -999.0 -999.0 964.6 607.7 983.0 785.3 1353.1 1053.2 978.5 964.4 672.9 789.9 471.3 505.2 583.7 780.3 940.1 1117.6 1198.0 927.6 1122.0 1271.5 1066.5 897.2 773.6 847.2 931.9 912.2 937.1 788.8 776.4 1026.3 1034.6 1069.2 1122.8 959.3 955.2 1015.9 1133.2 1181.8 1126.8 988.4 1085.2 1024.3 1041.7 956.3 1056.9 1009.7 1014.9 1019.4 1101.9 -999.0 -999.0 -999.0 -999.0 -999.0 -999.0 -999.0 -999.0 -999.0 -999.0 -999.0 -999.0 -999.0 -999.0 -999.0 -999.0 -999.0 -999.0 -999.0
1002.5 -999.0 -999.0 1244.5 1307.2 1252.8 1301.8 1062.3 866.7 639.1 956.0 818.1 843.0 920.1 954.6 777.7 783.4 810.4 863.9 939.8 707.6 1147.6 991.3 1006.2 861.0 659.6 731.8 890.5 869.5 851.4 720.0 860.9 1131.3 800.3 949.8 868.1 790.0 981.5 936.1 1139.2 1069.4 911.6 1009.9 1028.4 1083.1 1025.1 1086.8 1074.7 962.7 1036.4 1072.1 -999.0 -999.0 -999.0 -999.0 -999.0 -999.0 -999.0 -999.0 -999.0 -999.0 -999.0 -999.0 -999.0 -999.0 -999.0 -999.0 -999.0 -999.0 -999.0 -999.0
1328.3 1366.8 -999.0 -999.0 1521.3 1224.3 1320.5 1023.5 698.7 484.1 727.7 446.3 663.7 735.2 770.7 953.9 925.6 829.0 860.9 766.6 1244.6 1007.1 1047.4 669.2 839.2 841.2 605.0 797.8 804.9 831.0 914.3 1039.0 954.1 880.5 920.8 839.4 850.3 756.2 893.6 1083.9 872.4 994.8 1052.6 1040.5 913.2 1040.0 1096.2 1125.5 1054.1 1060.1 1101.0 -999.0 -999.0 -999.0 -999.0 -999.0 -999.0 -999.0 -999.0 -999.0 -999.0 -999.0 -999.0 -999.0 -999.0 -999.0 -999.0 -999.0 -999.0 -999.0 -999.0
1149.8 1299.6 -999.0 -999.0 1354.4 1335.8 1350.1 982.5 1340.1 978.6 707.9 500.8 375.0 513.0 865.0 851.8 791.7 651.8 859.1 1161.7 947.2 928.7 900.0 724.5 769.5 813.7 628.7 873.5 932.1 968.9 993.8 675.6 909.4 890.0 562.4 735.5 822.3 794.7 973.2 972.8 1007.6 1063.0 1112.7 1100.5 1107.8 1025.3 1075.4 1083.2 1054.6 1066.7 -999.0 -999.0 -999.0 -999.0 -999.0 -999.0 -999.0 -999.0 -999.0 -999.0 -999.0 -999.0 -999.0 -999.0 -999.0 -999.0 -999.0 -999.0 -999.0 -999.0 -999.0
1101.2 1266.1 1225.2 1014.4 714.3 869.1 725.2 868.0 1142.5 807.3 405.3 431.8 925.2 739.0 863.8 720.4 609.0 646.4 827.1 1040.6 924.5 600.8 518.1 716.1 687.5 672.9 913.0 983.5 1001.0 848.4 718.7 919.6 919.3 915.2 780.5 625.3 725.0 591.3 966.8 759.1 897.2 888.6 696.3 1017.1 1152.4 1038.6 979.0 1070.7 1055.3 -999.0 -999.0 -999.0 -999.0 -999.0 -999.0 -999.0 -999.0 -999.0 -999.0 -999.0 -999.0 -999.0 -999.0 -999.0 -999.0 -999.0 -999.0 -999.0 -999.0 -999.0 -999.0
1334.3 1057.2 1261.3 746.6 1299.4 1190.4 990.1 604.6 461.1 809.2 697.1 780.3 519.8 655.0 725.9 764.2 972.3 959.0 973.5 952.5 735.3 481.9 575.8 773.5 527.6 829.5 750.2 1029.1 1026.6 958.0 831.1 762.2 764.3 734.8 594.8 620.2 840.0 768.5 1016.9 1011.8 1084.2 1053.7 1051.5 1111.0 1136.3 1144.1 1104.7 1090.6 1197.4 -999.0 -999.0 -999.0 -999.0 -999.0 -999.0 -999.0 -999.0 -999.0 -999.0 -999.0 -999.0 -999.0 -999.0 -999.0 -999.0 -999.0 -999.0 -999.0 -999.0 -999.0 -999.0
-999.0 1210.0 1126.1 -999.0 1315.9 814.1 522.7 439.1 829.0 941.9 871.4 480.1 490.6 990.4 1085.8 928.1 686.1 1103.5 989.9 746.6 538.7 476.3 498.1 427.5 663.6 588.6 744.2 989.1 588.7 861.9 570.3 604.9 575.6 500.9 617.5 781.1 893.8 810.5 911.0 853.3 980.8 970.7 1060.8 1087.2 1115.9 1145.0 1163.7 1166.5 -999.0 -999.0 -999.0 -999.0 -999.0 -999.0 -999.0 -999.0 -999.0 -999.0 -999.0 -999.0 -999.0 -999.0 -999.0 -999.0 -999.0 -999.0 -999.0 -999.0 -999.0 -999.0 -999.0
1402.3 1059.8 1373.9 -999.0 667.5 924.4 849.7 1318.7 719.5 909.8 456.1 530.4 789.6 639.2 598.4 918.2 1240.9 781.6 737.9 631.7 434.7 407.2 411.3 382.2 590.8 813.5 1019.4 952.7 833.4 658.9 457.7 503.0 712.3 603.2 748.9 685.7 780.3 894.2 981.4 913.3 897.9 917.7 1017.1 969.5 1114.5 1051.2 1062.7 1178.4 -999.0 -999.0 -999.0 -999.0 -999.0 -999.0 -999.0 -999.0 -999.0 -999.0 -999.0 -999.0 -999.0 -999.0 -999.0 -999.0 -999.0 -999.0 -999.0 -999.0 -999.0 -999.0 -999.0
1175.2 1377.0 -999.0 1210.7 1082.5 764.2 1011.1 838.6 641.8 1001.9 1003.8 858.5 1005.8 1152.4 1172.8 1161.5 817.0 545.8 500.5 465.9 418.5 324.4 413.8 725.8 894.6 911.0 501.5 743.4 274.5 253.9 425.8 458.0 466.4 627.2 705.9 741.1 717.2 1091.4 1099.6 1034.1 1083.8 1053.5 700.0 869.0 1161.4 1158.6 1167.2 1187.4 1270.2 -999.0 -999.0 -999.0 -999.0 -999.0 -999.0 -999.0 -999.0 -999.0 -999.0 -999.0 -999.0 -999.0 -999.0 -999.0 -999.0 -999.0 -999.0 -999.0 -999.0 -999.0 -999.0
-999.0 -999.0 1424.9 947.3 857.5 734.8 1129.4 827.0 527.5 988.3 916.5 708.3 755.1 738.3 881.6 648.8 594.8 438.4 675.1 693.9 551.1 439.2 585.5 914.7 824.2 882.1 603.9 298.0 512.7 284.7 403.8 438.8 510.5 576.5 610.4 790.1 986.6 1104.4 1035.3 1127.5 1156.0 1034.7 1073.1 1140.5 1191.3 1093.7 1079.4 1155.2 -999.0 -999.0 -999.0 -999.0 -999.0 -999.0 -999.0 -999.0 -999.0 -999.0 -999.0 -999.0 -999.0 -999.0 -999.0 -999.0 -999.0 -999.0 -999.0 -999.0 -999.0 -999.0 -999.0
-999.0 -999.0 1410.8 1378.0 1086.2 717.1 951.5 679.7 1110.8 1148.8 1107.8 925.3 570.4 477.5 592.5 802.7 841.0 758.8 540.5 698.2 710.7 800.3 795.5 666.9 613.9 515.3 396.8 403.7 377.4 573.2 618.9 687.3 918.4 851.5 777.1 762.2 715.3 850.8 946.4 758.6 893.4 1151.2 1082.2 977.7 941.2 930.4 1063.5 -999.0 -999.0 -999.0 -999.0 -999.0 -999.0 -999.0 -999.0 -999.0 -999.0 -999.0 -999.0 -999.0 -999.0 -999.0 -999.0 -999.0 -999.0 -999.0 -999.0 -999.0 -999.0 -999.0 -999.0
-999.0 -999.0 1136.6 790.8 1237.4 636.0 579.9 673.7 578.0 746.0 1071.0 988.8 1136.4 1173.6 581.8 650.8 551.4 221.1 901.4 783.3 774.0 702.8 735.4 557.9 607.6 446.1 577.0 629.9 660.7 589.1 731.7 552.5 550.4 419.8 539.9 711.7 578.5 414.9 595.5 651.4 769.5 776.2 825.3 835.3 927.5 958.5 1082.0 -999.0 -999.0 -999.0 -999.0 -999.0 -999.0 -999.0 -999.0 -999.0 -999.0 -999.0 -999.0 -999.0 -999.0 -999.0 -999.0 -999.0 -999.0 -999.0 -999.0 -999.0 -999.0 -999.0 -999.0
-999.0 1427.7 1435.2 1184.8 1406.4 1186.9 999.1 754.6 1080.6 1064.6 566.2 1086.8 1150.8 1124.3 1055.9 634.7 808.2 991.0 851.6 470.7 540.3 723.2 350.4 510.0 565.3 458.0 394.7 465.7 511.7 495.2 508.2 534.9 486.0 309.4 755.1 540.9 576.9 927.4 954.6 680.1 822.2 766.6 746.8 993.7 925.0 972.8 1062.6 -999.0 -999.0 -999.0 -999.0 -999.0 -999.0 -999.0 -999.0 -999.0 -999.0 -999.0 -999.0 -999.0 -999.0 -999.0 -999.0 -999.0 -999.0 -999.0 -999.0 -999.0 -999.0 -999.0 -999.0
-999.0 -999.0 1384.6 1104.9 575.3 1163.9 1338.2 1197.1 1289.2 1359.5 1360.9 1340.3 1146.1 1058.4 675.2 892.1 802.4 832.1 496.7 602.4 801.9 725.1 344.1 604.3 504.9 699.6 453.0 471.3 676.4 327.8 393.7 431.8 311.0 358.6 546.9 420.6 541.4 695.9 891.7 1053.8 1000.9 811.2 919.1 1086.4 1068.5 1007.0 1201.5 -999.0 -999.0 -999.0 -999.0 -999.0 -999.0 -999.0 -999.0 -999.0 -999.0 -999.0 -999.0 -999.0 -999.0 -999.0 -999.0 -999.0 -999.0 -999.0 -999.0 -999.0 -999.0 -999.0 -999.0
1359.5 1362.1 1354.8 1245.6 879.2 1317.6 634.6 1013.8 813.9 653.4 1338.5 1303.7 247.1 496.3 450.6 590.1 416.0 500.8 463.7 458.7 398.4 610.9 575.2 735.8 761.2 800.9 659.4 676.2 433.0 681.4 634.4 769.5 608.0 427.1 515.1 914.4 688.8 630.7 876.1 669.1 978.0 1105.1 1127.9 1124.7 988.7 1096.9 -999.0 -999.0 -999.0 -999.0 -999.0 -999.0 -999.0 -999.0 -999.0 -999.0 -999.0 -999.0 -999.0 -999.0 -999.0 -999.0 -999.0 -999.0 -999.0 -999.0 -999.0 -999.0 -999.0 -999.0 -999.0
