GDD/GrowingDegreeDays_1960_Actual.txt
ncols         180
nrows         290
xllcorner     -200000
yllcorner     -200000
cellsize      5000
NODATA_value    -999
[rows 128 to 159 of 290, columns 71 to 141 of 180]
-999.0 1324.8 1626.2 1667.0 -999.0 -999.0 -999.0 -999.0 -999.0 -999.0 -999.0 -999.0 -999.0 1508.0 1387.2 1558.4 1362.0 1192.3 1279.3 1051.2 883.4 974.9 861.7 1001.5 1150.7 1252.8 1219.3 1009.5 1055.5 1102.2 1307.6 1088.2 796.5 1014.4 877.6 1072.1 1090.7 1270.5 1246.2 1123.0 1158.2 1143.8 1063.5 955.6 871.6 936.4 1075.6 1172.8 1203.1 1305.6 1189.0 1176.1 1289.3 1386.8 -999.0 -999.0 -999.0 -999.0 -999.0 -999.0 -999.0 -999.0 -999.0 -999.0 -999.0 -999.0 -999.0 -999.0 -999.0 -999.0 -999.0
-999.0 -999.0 -999.0 -999.0 -999.0 -999.0 -999.0 -999.0 -999.0 -999.0 -999.0 -999.0 -999.0 1553.4 1605.0 1267.8 1345.4 1157.4 1265.6 1002.4 984.5 805.7 868.8 904.2 1029.0 1089.3 1275.7 754.7 822.8 1115.8 1337.9 1071.0 888.0 1086.3 1045.1 931.7 1154.1 1013.6 951.1 1074.2 936.5 933.3 768.1 1085.4 1099.5 1051.6 1054.5 1064.9 1245.9 1400.8 1329.9 1349.6 1384.7 1457.5 1519.3 -999.0 -999.0 -999.0 -999.0 -999.0 -999.0 -999.0 -999.0 -999.0 -999.0 -999.0 -999.0 -999.0 -999.0 -999.0 -999.0
-999.0 -999.0 -999.0 -999.0 -999.0 -999.0 -999.0 -999.0 -999.0 -999.0 -999.0 -999.0 1780.7 1383.9 1224.3 1232.3 1145.1 1133.8 1204.6 1247.7 939.0 948.4 870.1 939.5 978.1 1203.4 1423.3 1162.0 1070.9 1091.8 1296.0 1296.6 1126.3 1102.7 1098.3 1057.8 853.5 1121.8 1153.2 1109.6 1119.0 765.0 945.0 861.1 977.7 1187.8 1154.2 1111.2 1096.0 1081.8 1351.2 1420.7 1433.1 1459.4 1542.2 -999.0 -999.0 -999.0 -999.0 -999.0 -999.0 -999.0 -999.0 -999.0 -999.0 -999.0 -999.0 -999.0 -999.0 -999.0 -999.0
-999.0 -999.0 -999.0 -999.0 -999.0 -999.0 -999.0 -999.0 -999.0 -999.0 -999.0 -999.0 1492.9 1359.6 1306.5 968.9 1019.6 1166.6 1194.7 935.2 1204.8 1110.5 977.1 1104.2 1106.1 1354.8 1486.7 1308.8 1232.6 1054.1 1368.2 1327.8 1295.3 1207.5 1291.7 973.8 1270.9 988.0 1090.1 1238.3 782.2 1134.7 1029.2 1010.0 1138.8 1110.8 1265.3 1235.4 1069.8 1119.3 1283.3 1293.3 1356.0 1441.3 1511.8 -999.0 -999.0 -999.0 -999.0 -999.0 -999.0 -999.0 -999.0 -999.0 -999.0 -999.0 -999.0 -999.0 -999.0 -999.0 -999.0
-999.0 -999.0 -999.0 -999.0 -999.0 -999.0 -999.0 -999.0 -999.0 -999.0 -999.0 1490.4 1480.8 1414.4 1136.8 1203.7 1167.1 723.2 1017.5 1021.5 1209.9 1117.9 1118.9 1231.8 1121.6 1178.1 1345.8 1239.7 1291.5 1443.7 1485.1 1391.8 1221.0 1209.4 1018.5 1169.8 1301.5 988.1 1203.0 1153.1 821.7 1091.7 1185.1 1274.3 1192.9 1113.5 1155.6 1119.6 1107.6 1232.2 1280.6 1344.1 1424.9 1440.9 1501.9 -999.0 -999.0 -999.0 -999.0 -999.0 -999.0 -999.0 -999.0 -999.0 -999.0 -999.0 -999.0 -999.0 -999.0 -999.0 -999.0
-999.0 -999.0 -999.0 -999.0 -999.0 -999.0 -999.0 -999.0 -999.0 -999.0 1658.3 1449.7 1274.2 1431.7 1334.6 1238.6 1280.3 1077.8 1180.6 794.0 1317.0 1365.1 1260.7 1212.4 1199.6 1186.8 1344.3 1478.3 1561.9 1346.9 1501.7 1492.5 1305.4 1256.2 1257.5 1256.9 1355.3 1170.1 1330.3 1184.4 893.8 974.5 975.3 1075.6 1148.2 1236.1 1267.6 1115.0 1181.0 1238.1 1268.2 1327.5 1371.5 1462.9 1510.8 1567.2 -999.0 -999.0 -999.0 -999.0 -999.0 -999.0 -999.0 -999.0 -999.0 -999.0 -999.0 -999.0 -999.0 -999.0 -999.0
-999.0 -999.0 -999.0 -999.0 -999.0 -999.0 -999.0 -999.0 -999.0 -999.0 1361.2 1019.7 1211.0 1290.9 1364.5 1379.9 1454.4 818.1 1034.5 1193.3 1239.9 1418.5 1382.8 1284.0 1320.0 1042.7 1426.9 1559.6 1580.2 1578.9 1327.2 1500.8 1294.9 1340.1 1299.4 1348.6 1342.4 1335.6 1176.9 1280.0 1088.0 1024.2 1075.5 1029.9 1168.9 1271.5 1311.1 1209.5 1262.9 1185.4 1263.7 1370.3 1467.5 1432.1 1472.4 1543.5 -999.0 -999.0 -999.0 -999.0 -999.0 -999.0 -999.0 -999.0 -999.0 -999.0 -999.0 -999.0 -999.0 -999.0 -999.0
-999.0 -999.0 -999.0 -999.0 -999.0 -999.0 -999.0 -999.0 1615.7 1518.9 1230.4 1212.6 1232.2 1211.6 1369.1 1362.8 1490.3 1103.8 1170.9 1153.6 1267.5 1295.0 1459.2 1289.3 1257.1 1340.2 1387.2 1445.6 1640.7 1608.1 1466.1 1472.8 1461.9 1424.6 1397.9 1452.3 1458.7 1340.3 1345.4 1336.6 1049.5 1093.4 1112.7 1126.1 1063.3 1198.9 1259.6 1398.2 1316.8 1280.7 1326.4 1385.1 1473.9 1471.1 1474.2 1518.2 -999.0 -999.0 -999.0 -999.0 -999.0 -999.0 -999.0 -999.0 -999.0 -999.0 -999.0 -999.0 -999.0 -999.0 -999.0
-999.0 -999.0 -999.0 -999.0 -999.0 -999.0 -999.0 -999.0 1517.4 1450.7 1489.0 1247.7 1281.1 1217.3 1391.8 1485.0 1530.6 1476.1 1342.3 1018.9 1232.8 1302.0 1458.0 1466.8 1409.3 1425.4 1458.2 1436.4 1573.1 1494.8 1584.6 1552.9 1538.8 1510.7 1523.6 1539.7 1563.4 1516.9 1390.5 1366.2 1366.8 1244.7 1197.8 1204.7 1221.0 1257.2 1479.6 1364.0 1164.7 1244.2 1381.5 1408.4 1466.8 1472.7 1536.1 1544.4 1608.9 -999.0 -999.0 -999.0 -999.0 -999.0 -999.0 -999.0 -999.0 -999.0 -999.0 -999.0 -999.0 -999.0 -999.0
-999.0 -999.0 -999.0 -999.0 -999.0 -999.0 -999.0 -999.0 1492.3 1428.1 1556.8 1330.8 1444.3 1365.0 1444.7 1513.8 1507.3 1572.9 1269.8 1258.0 1305.8 1184.2 1419.2 1472.4 1391.3 1461.6 1368.9 1136.1 1475.2 -999.0 -999.0 -999.0 1558.8 1522.3 -999.0 1588.6 1604.1 1562.5 1521.9 1473.3 1325.8 1173.7 1263.1 1267.6 1204.8 1293.5 1225.1 1223.4 1352.7 1446.3 1500.1 1511.1 1463.1 1643.7 1635.6 1600.0 1590.1 -999.0 -999.0 -999.0 -999.0 -999.0 -999.0 -999.0 -999.0 -999.0 -999.0 -999.0 -999.0 -999.0 -999.0
1686.5 -999.0 -999.0 -999.0 -999.0 -999.0 -999.0 -999.0 1629.4 1337.0 1519.6 1551.2 1502.0 1444.8 1442.1 1466.5 1554.0 1580.9 1544.7 1162.3 1318.8 1229.3 1420.3 1451.8 1286.3 1511.7 1478.3 1492.6 1546.0 -999.0 -999.0 -999.0 1545.8 1529.0 1513.6 1556.2 1613.7 1593.2 1569.0 1367.8 1130.1 1035.9 1183.6 984.6 1203.5 1247.8 1080.2 1275.8 1230.7 1250.6 1332.6 1535.8 1453.1 1353.7 1508.5 1529.0 1599.1 -999.0 -999.0 -999.0 -999.0 -999.0 -999.0 -999.0 -999.0 -999.0 -999.0 -999.0 -999.0 -999.0 -999.0
1504.4 1580.8 -999.0 -999.0 -999.0 -999.0 -999.0 -999.0 -999.0 1482.5 1424.9 1582.6 -999.0 1537.7 1477.4 1481.3 1491.8 1583.0 -999.0 1557.2 1595.8 1415.3 1480.6 1410.3 1401.3 1564.3 1580.1 -999.0 -999.0 -999.0 -999.0 1533.8 1511.5 1511.0 1532.8 1516.9 1523.5 1555.2 1488.2 1385.7 1089.0 784.5 1187.2 874.6 1117.5 1021.5 972.0 1180.8 1100.5 1236.6 1384.6 1302.8 1302.3 1390.6 1538.9 1485.0 1469.9 1645.4 -999.0 -999.0 -999.0 -999.0 -999.0 -999.0 -999.0 -999.0 -999.0 -999.0 -999.0 -999.0 -999.0
1402.9 -999.0 -999.0 -999.0 -999.0 -999.0 -999.0 -999.0 -999.0 -999.0 1530.3 -999.0 -999.0 -999.0 1633.4 1495.4 1476.7 1510.3 1589.9 -999.0 -999.0 1535.5 1594.4 1427.6 1381.5 -999.0 -999.0 -999.0 -999.0 -999.0 1608.1 1472.2 1471.8 1485.7 1507.6 1456.2 1500.2 1429.6 1351.7 1425.9 1235.3 966.0 791.0 952.3 852.6 838.2 854.2 1049.8 1037.1 1032.1 1133.1 1306.3 1338.2 1332.4 1517.6 1467.2 1406.7 1491.4 -999.0 -999.0 -999.0 -999.0 -999.0 -999.0 -999.0 -999.0 -999.0 -999.0 -999.0 -999.0 -999.0
-999.0 -999.0 -999.0 -999.0 -999.0 -999.0 -999.0 -999.0 -999.0 -999.0 1608.1 1616.3 -999.0 -999.0 -999.0 1623.4 1435.6 1427.9 1513.5 -999.0 -999.0 -999.0 -999.0 1649.9 -999.0 -999.0 -999.0 -999.0 -999.0 -999.0 1628.7 1528.3 1498.9 1388.7 1302.3 1299.5 1391.9 1395.7 1442.3 1412.8 1325.4 1046.0 838.6 1017.2 717.9 806.0 781.9 999.5 1000.3 910.1 1097.4 1241.9 1330.8 1466.2 1528.8 1429.1 1367.6 1457.4 -999.0 -999.0 -999.0 -999.0 -999.0 -999.0 -999.0 -999.0 -999.0 -999.0 -999.0 -999.0 -999.0
1794.5 1813.8 1775.3 -999.0 -999.0 -999.0 -999.0 -999.0 -999.0 -999.0 -999.0 1497.8 -999.0 -999.0 -999.0 -999.0 1599.1 1475.7 1559.5 -999.0 -999.0 -999.0 -999.0 -999.0 -999.0 -999.0 -999.0 -999.0 -999.0 1681.9 1570.6 1406.9 1310.3 1274.3 1179.2 1202.9 1284.8 1316.1 1415.5 1360.1 1345.2 1170.3 703.1 653.6 698.0 784.0 1026.0 1137.3 1104.6 1193.1 1334.6 1197.0 1218.7 1450.8 1461.9 1386.0 1353.8 1445.8 1606.8 -999.0 -999.0 -999.0 -999.0 -999.0 -999.0 -999.0 -999.0 -999.0 -999.0 -999.0 -999.0
1534.4 1556.5 1647.5 1711.6 -999.0 -999.0 -999.0 -999.0 -999.0 -999.0 -999.0 1428.0 -999.0 -999.0 -999.0 -999.0 -999.0 -999.0 -999.0 -999.0 -999.0 -999.0 -999.0 -999.0 -999.0 -999.0 -999.0 -999.0 -999.0 1593.3 1511.9 1467.5 1426.9 1483.6 984.5 1140.6 1234.0 1138.0 1391.3 1278.0 1488.7 1316.7 838.0 599.9 784.8 938.7 696.0 671.2 802.4 957.5 1060.2 1382.8 1353.6 1386.8 1322.1 1378.5 1412.6 1432.8 1576.7 1715.5 -999.0 -999.0 -999.0 -999.0 -999.0 -999.0 -999.0 -999.0 -999.0 -999.0 -999.0
1584.1 1618.3 1604.9 1665.5 -999.0 -999.0 -999.0 -999.0 -999.0 -999.0 -999.0 -999.0 -999.0 -999.0 -999.0 -999.0 -999.0 -999.0 -999.0 -999.0 -999.0 -999.0 -999.0 -999.0 -999.0 -999.0 -999.0 -999.0 1726.6 1593.2 1442.6 1498.4 1204.7 1589.3 689.9 726.8 1281.6 1239.5 1347.7 1418.6 1356.3 1423.1 1215.1 658.8 732.3 870.9 942.5 1028.8 916.0 964.3 1054.4 1225.7 1356.4 1401.1 1431.1 1443.9 1407.3 1488.6 1658.7 1723.9 -999.0 -999.0 -999.0 -999.0 -999.0 -999.0 -999.0 -999.0 -999.0 -999.0 -999.0
1653.8 1688.7 1691.7 1659.4 -999.0 -999.0 -999.0 -999.0 -999.0 -999.0 -999.0 -999.0 -999.0 -999.0 -999.0 -999.0 -999.0 -999.0 -999.0 -999.0 -999.0 -999.0 -999.0 -999.0 -999.0 -999.0 -999.0 -999.0 1709.1 1438.1 1473.2 1291.8 793.1 1259.3 1482.8 1071.5 1007.6 1163.4 1207.4 1299.5 1340.5 1407.8 1373.6 1271.9 713.8 850.1 901.4 1041.4 1074.9 1099.1 1248.9 1291.3 1338.8 1318.1 1459.7 1388.5 1451.8 1489.1 1625.7 1720.6 1714.3 1676.5 1668.7 -999.0 -999.0 -999.0 -999.0 -999.0 -999.0 -999.0 -999.0
1595.1 1731.7 -999.0 1660.9 1708.8 -999.0 -999.0 -999.0 -999.0 -999.0 -999.0 -999.0 -999.0 -999.0 -999.0 -999.0 -999.0 -999.0 -999.0 -999.0 -999.0 -999.0 -999.0 -999.0 -999.0 -999.0 -999.0 -999.0 1677.2 1447.7 1344.2 1053.7 1356.2 1264.3 1154.5 927.3 1138.7 1221.5 932.8 1313.7 1160.9 1344.8 1430.0 1464.7 1185.6 966.9 966.0 1032.1 1087.5 1248.6 1257.9 1328.3 1414.5 1492.9 1494.2 1498.5 1465.9 1537.8 1611.6 1655.6 1408.3 1506.9 1438.3 1434.2 1531.1 -999.0 -999.0 -999.0 -999.0 -999.0 -999.0
1548.5 1647.8 1663.6 1639.1 -999.0 -999.0 -999.0 -999.0 -999.0 -999.0 -999.0 -999.0 -999.0 -999.0 -999.0 -999.0 -999.0 -999.0 -999.0 -999.0 -999.0 -999.0 -999.0 -999.0 -999.0 -999.0 -999.0 -999.0 1680.6 1441.3 1234.4 850.5 736.4 965.7 1241.6 1174.0 1090.4 902.3 1210.6 929.5 1080.5 1218.4 1299.0 1346.0 1412.3 1300.8 978.0 1013.3 1092.3 1169.7 1246.9 1326.3 1387.7 1469.1 1546.1 1530.3 1531.5 1586.5 1602.4 1586.3 1470.2 1216.8 1247.9 1271.2 1269.5 1370.4 1608.9 -999.0 -999.0 -999.0 -999.0
1604.9 1642.4 1620.8 1599.0 -999.0 -999.0 -999.0 -999.0 -999.0 -999.0 -999.0 -999.0 -999.0 -999.0 -999.0 -999.0 -999.0 -999.0 -999.0 -999.0 -999.0 -999.0 -999.0 -999.0 -999.0 -999.0 -999.0 -999.0 1712.3 1586.2 1240.4 1032.7 1346.8 561.3 736.7 1239.3 1082.6 1233.0 909.5 850.1 1089.1 1231.9 1227.2 1201.2 1333.1 792.2 881.5 899.0 879.2 894.2 994.8 1291.2 1276.5 1459.0 1539.7 1552.5 1563.9 1594.8 1629.8 1633.0 1539.1 1300.7 1374.4 1401.2 1345.4 1305.4 1545.9 1425.0 -999.0 -999.0 -999.0
1630.8 1615.5 1538.6 1642.9 -999.0 -999.0 -999.0 -999.0 -999.0 -999.0 -999.0 -999.0 -999.0 -999.0 -999.0 -999.0 1808.9 1813.4 1859.7 -999.0 -999.0 -999.0 -999.0 -999.0 -999.0 -999.0 -999.0 -999.0 -999.0 1733.1 1586.5 1439.9 1251.0 1181.3 933.8 1406.3 1629.5 1163.5 1153.9 1165.0 1210.9 1087.9 1088.5 1178.1 1130.7 939.6 939.0 726.1 822.5 1000.1 1102.2 1127.4 1310.4 1471.8 1543.9 1580.2 1562.5 1607.7 1623.1 1247.7 1313.2 1044.5 1017.3 1106.0 1178.2 1386.1 1209.3 1318.9 1571.1 -999.0 -999.0
1686.7 1587.7 1631.9 -999.0 -999.0 -999.0 -999.0 -999.0 -999.0 -999.0 -999.0 -999.0 -999.0 -999.0 -999.0 -999.0 1751.7 1757.5 -999.0 -999.0 -999.0 -999.0 -999.0 -999.0 -999.0 -999.0 -999.0 -999.0 -999.0 -999.0 1639.5 1621.1 1255.0 1289.1 721.4 1252.3 1247.7 1328.1 1451.8 1432.5 1356.6 1358.7 759.3 1166.1 1081.2 759.0 953.7 1202.0 1290.3 987.7 1310.5 1165.7 1384.5 1534.9 1617.2 1618.6 1596.0 1530.9 1333.1 1237.7 1283.4 1283.7 1326.2 1242.7 1159.4 1200.1 1179.2 1315.3 1330.0 -999.0 -999.0
1590.9 1563.3 -999.0 -999.0 -999.0 -999.0 -999.0 -999.0 -999.0 -999.0 -999.0 -999.0 -999.0 -999.0 -999.0 1714.1 1379.1 1467.9 1749.3 -999.0 -999.0 -999.0 -999.0 -999.0 -999.0 -999.0 -999.0 -999.0 -999.0 -999.0 1653.2 1366.2 1240.5 1212.4 1333.4 1225.6 1395.8 1438.7 1466.5 1480.5 1307.0 1382.9 1417.3 782.2 1057.0 1102.1 893.9 1094.5 931.9 1159.8 1154.3 1338.4 1454.1 1562.3 1611.6 1669.7 1630.1 1477.9 1365.0 1413.2 1338.4 1269.4 1300.1 1243.3 1255.4 1252.1 1241.6 1396.3 1321.4 1635.1 -999.0
-999.0 -999.0 -999.0 -999.0 -999.0 -999.0 -999.0 -999.0 -999.0 -999.0 -999.0 -999.0 -999.0 -999.0 1773.1 1315.6 1172.3 1048.4 1747.0 -999.0 -999.0 -999.0 -999.0 -999.0 -999.0 -999.0 -999.0 -999.0 -999.0 -999.0 1679.3 1191.7 1293.1 1608.2 1424.9 1483.7 1421.4 1561.9 1545.2 1426.7 1320.1 1506.3 958.6 1120.7 891.6 1087.2 796.8 1283.3 1188.8 1354.4 1220.0 1395.4 1441.0 1510.0 1663.8 1683.2 1639.7 1557.2 1322.9 1306.7 1358.3 1458.9 1419.2 1404.3 1374.0 1352.7 1247.3 1267.6 1415.6 1505.8 -999.0
-999.0 -999.0 -999.0 -999.0 -999.0 -999.0 -999.0 -999.0 -999.0 -999.0 -999.0 -999.0 -999.0 1766.8 1654.9 1015.6 1332.9 1529.1 -999.0 -999.0 -999.0 -999.0 -999.0 -999.0 -999.0 -999.0 -999.0 -999.0 -999.0 -999.0 -999.0 1657.8 1669.4 1677.2 1445.8 1606.5 1429.7 1588.9 1565.4 1509.0 1404.8 1523.9 1012.1 973.2 841.1 869.3 824.1 900.0 918.4 1032.1 1149.0 1200.9 1300.8 1538.4 1626.5 1628.9 1557.7 1534.5 1521.4 1244.6 1385.7 1603.1 1596.2 1523.6 1533.2 1517.1 1519.2 1517.6 1590.2 1616.6 1585.9
-999.0 -999.0 -999.0 -999.0 -999.0 -999.0 -999.0 -999.0 -999.0 -999.0 -999.0 -999.0 -999.0 1492.8 1243.9 1565.8 1672.3 1788.0 -999.0 -999.0 -999.0 -999.0 -999.0 -999.0 -999.0 -999.0 -999.0 -999.0 -999.0 -999.0 -999.0 -999.0 1756.5 1619.1 1667.1 1655.1 1530.1 1609.1 1602.6 1552.3 1401.7 1528.3 1039.2 1082.1 1105.8 910.4 982.8 1063.5 813.8 846.3 1138.2 1092.9 1258.2 1359.0 1562.4 1606.2 1564.5 1562.2 1584.3 1584.0 1609.2 1671.1 1620.2 1549.7 1509.3 1522.5 1553.8 1569.2 1578.6 1358.3 1381.4
-999.0 -999.0 -999.0 -999.0 -999.0 -999.0 -999.0 -999.0 -999.0 -999.0 -999.0 -999.0 -999.0 1483.1 1541.0 1544.6 1790.2 -999.0 -999.0 -999.0 -999.0 -999.0 -999.0 -999.0 -999.0 -999.0 -999.0 -999.0 -999.0 -999.0 -999.0 -999.0 1790.4 1637.4 1664.0 -999.0 1650.8 -999.0 1684.0 1634.6 1557.2 1578.5 1515.7 1070.5 1119.3 1093.3 848.2 1309.2 1254.1 887.1 1034.2 1138.5 1238.1 1399.8 1544.0 1636.2 1702.1 1691.2 1645.8 1643.6 1602.9 1519.3 1580.2 1477.3 1506.0 1562.9 1515.7 1423.9 1464.4 1506.8 1505.1
-999.0 -999.0 -999.0 -999.0 -999.0 -999.0 -999.0 -999.0 -999.0 -999.0 -999.0 -999.0 1751.6 1752.2 1737.3 -999.0 -999.0 -999.0 -999.0 -999.0 -999.0 -999.0 -999.0 -999.0 -999.0 -999.0 -999.0 -999.0 -999.0 -999.0 -999.0 -999.0 1808.7 1760.3 1742.1 -999.0 -999.0 -999.0 1691.6 1489.9 1630.4 1522.2 1401.8 1456.1 1427.5 1313.5 1028.6 1011.9 1352.2 1054.1 980.1 1208.4 1180.9 1334.1 1469.1 1673.4 1711.4 1713.3 1692.5 1672.5 1646.6 1613.2 1596.0 1528.3 1587.3 1532.7 1447.9 1395.8 1385.5 1401.2 1455.6
-999.0 -999.0 -999.0 -999.0 -999.0 -999.0 -999.0 -999.0 -999.0 -999.0 -999.0 -999.0 -999.0 -999.0 -999.0 -999.0 -999.0 -999.0 -999.0 -999.0 -999.0 -999.0 -999.0 -999.0 -999.0 -999.0 -999.0 -999.0 -999.0 -999.0 -999.0 -999.0 -999.0 -999.0 -999.0 -999.0 -999.0 1702.5 1674.5 1540.4 1322.6 1246.0 1237.1 1232.2 1332.0 1316.8 1119.5 1141.1 1253.6 1407.6 1202.6 1135.4 1290.3 1394.2 1503.6 1592.6 1658.4 1656.9 1694.4 1701.4 1699.1 1693.0 1660.6 1649.1 1546.1 1321.1 1447.1 1409.0 1497.4 1496.8 1559.5
-999.0 -999.0 -999.0 -999.0 -999.0 -999.0 -999.0 -999.0 -999.0 -999.0 -999.0 -999.0 -999.0 -999.0 -999.0 -999.0 -999.0 -999.0 -999.0 -999.0 -999.0 -999.0 -999.0 -999.0 -999.0 -999.0 -999.0 -999.0 -999.0 -999.0 -999.0 -999.0 -999.0 -999.0 -999.0 -999.0 -999.0 1705.4 1615.8 1384.2 1135.2 975.9 1118.9 1377.9 1281.8 1483.5 1403.9 1451.0 1316.9 1259.9 1236.4 1254.6 1313.1 1430.3 1521.4 1533.3 1642.4 1649.5 1701.2 1724.0 1755.8 1744.0 1695.9 1663.9 1594.9 1288.5 1360.6 1514.5 1568.0 1597.6 1599.7
-999.0 -999.0 -999.0 -999.0 -999.0 -999.0 -999.0 -999.0 -999.0 -999.0 -999.0 -999.0 -999.0 -999.0 -999.0 -999.0 -999.0 -999.0 -999.0 -999.0 -999.0 -999.0 -999.0 -999.0 -999.0 -999.0 -999.0 -999.0 -999.0 -999.0 -999.0 -999.0 -999.0 -999.0 -999.0 -999.0 -999.0 1694.7 1666.7 1541.5 1291.6 1201.5 1270.6 1382.8 1403.4 1446.7 1386.3 1468.9 1484.2 1443.7 1611.2 1309.5 1440.4 1367.8 1483.2 1520.0 1650.2 1682.1 1692.1 1722.8 1792.9 1740.0 1719.8 1668.9 1641.8 1479.8 1429.8 1517.0 1590.9 1616.2 1632.6
