GDD/GrowingDegreeDays_1960_Actual.txt
ncols         180
nrows         290
xllcorner     -200000
yllcorner     -200000
cellsize      5000
NODATA_value    -999
[rows 160 to 191 of 290, columns 71 to 141 of 180]
-999.0 -999.0 -999.0 -999.0 -999.0 -999.0 -999.0 -999.0 -999.0 -999.0 -999.0 -999.0 -999.0 -999.0 -999.0 -999.0 -999.0 -999.0 -999.0 -999.0 -999.0 -999.0 -999.0 -999.0 -999.0 -999.0 -999.0 -999.0 -999.0 -999.0 -999.0 -999.0 -999.0 -999.0 -999.0 1727.6 1696.3 1673.1 1632.5 1379.5 1268.5 1044.6 1313.9 1199.1 1571.5 1458.9 1465.5 1343.9 1280.6 1355.0 1311.4 1680.5 1629.8 1610.7 1627.4 1666.4 1596.0 1676.0 1693.0 1673.9 1713.9 1750.9 1709.6 1660.3 1632.1 1611.3 1490.4 1543.1 1610.2 1645.6 1655.1
-999.0 -999.0 -999.0 -999.0 -999.0 -999.0 -999.0 -999.0 -999.0 -999.0 -999.0 -999.0 -999.0 -999.0 -999.0 -999.0 -999.0 -999.0 -999.0 -999.0 -999.0 -999.0 -999.0 -999.0 -999.0 -999.0 -999.0 -999.0 -999.0 -999.0 -999.0 -999.0 -999.0 -999.0 -999.0 1722.5 1685.1 1699.5 1730.1 1659.7 1376.0 1556.2 1526.2 1623.1 1499.2 1244.1 1383.4 1233.7 1283.0 1225.4 1564.7 1348.2 1563.5 1482.1 1539.0 1544.1 1632.5 1671.5 1701.4 1700.6 1707.2 1710.7 1663.9 1618.5 1622.0 1631.0 1611.6 1533.4 1593.7 1650.2 1664.1
-999.0 -999.0 -999.0 -999.0 -999.0 -999.0 -999.0 -999.0 -999.0 -999.0 -999.0 -999.0 -999.0 -999.0 -999.0 -999.0 -999.0 -999.0 -999.0 -999.0 -999.0 -999.0 -999.0 -999.0 -999.0 -999.0 -999.0 -999.0 -999.0 -999.0 -999.0 -999.0 -999.0 -999.0 -999.0 1710.3 1696.1 1669.7 1765.0 1712.3 1609.8 1568.0 1606.7 1661.1 1520.8 1407.5 1420.7 1239.9 1106.9 1346.9 1421.0 1635.2 1560.9 1748.4 1701.7 1649.5 1605.8 1657.0 1669.1 1698.0 1688.1 1685.6 1652.4 1618.1 1620.3 1632.9 1631.1 1565.8 1537.8 1652.5 1733.4
-999.0 -999.0 -999.0 -999.0 -999.0 -999.0 -999.0 -999.0 -999.0 -999.0 -999.0 -999.0 -999.0 -999.0 -999.0 -999.0 -999.0 -999.0 -999.0 -999.0 -999.0 -999.0 -999.0 -999.0 -999.0 -999.0 -999.0 -999.0 -999.0 -999.0 -999.0 -999.0 -999.0 -999.0 -999.0 1707.2 1688.6 1681.3 1720.6 1716.7 1684.6 1691.0 1607.8 1488.9 1622.6 1527.3 1412.9 1059.8 1062.1 1075.2 1264.5 1505.6 1614.6 1613.2 1743.2 1795.6 1688.3 1623.7 1686.8 1703.6 1692.9 1701.2 1676.7 1653.3 1654.3 1668.1 1681.7 1594.2 1566.2 1732.9 1824.1
-999.0 -999.0 -999.0 -999.0 -999.0 -999.0 -999.0 -999.0 -999.0 -999.0 -999.0 -999.0 -999.0 -999.0 -999.0 -999.0 -999.0 -999.0 -999.0 -999.0 -999.0 -999.0 -999.0 -999.0 -999.0 -999.0 -999.0 -999.0 -999.0 -999.0 -999.0 -999.0 -999.0 -999.0 -999.0 1738.0 1738.5 1737.8 1772.8 1764.5 1757.7 1665.2 1656.5 1534.0 1449.7 1260.4 1144.3 1062.5 1253.7 1188.0 1396.4 1489.1 1634.6 1510.6 1627.3 1751.0 1792.3 1779.6 1747.3 1736.2 1713.2 1706.3 1707.2 1694.2 1690.4 1707.4 1704.1 1716.9 1686.7 1778.1 1843.9
-999.0 -999.0 -999.0 -999.0 -999.0 -999.0 -999.0 -999.0 -999.0 -999.0 -999.0 -999.0 -999.0 -999.0 -999.0 -999.0 -999.0 -999.0 -999.0 -999.0 -999.0 -999.0 -999.0 -999.0 -999.0 -999.0 -999.0 -999.0 -999.0 -999.0 -999.0 -999.0 -999.0 -999.0 -999.0 -999.0 1792.6 1756.6 1766.3 1775.5 1684.4 1508.3 1528.1 1423.4 1442.2 1443.7 1252.2 1262.4 1173.9 1309.4 1581.6 1791.0 1708.8 1648.4 1633.2 1779.6 1775.7 1716.8 1734.3 1763.4 1716.8 1726.3 1731.8 1727.8 1717.7 1720.3 1715.9 1708.3 1741.7 1763.9 1799.0
-999.0 -999.0 -999.0 -999.0 -999.0 -999.0 -999.0 -999.0 -999.0 -999.0 -999.0 -999.0 -999.0 -999.0 -999.0 -999.0 -999.0 -999.0 -999.0 -999.0 -999.0 -999.0 -999.0 -999.0 -999.0 -999.0 -999.0 -999.0 -999.0 -999.0 -999.0 -999.0 -999.0 -999.0 -999.0 1832.8 1787.8 1766.8 1772.1 1754.2 1685.3 1372.4 1341.5 1442.3 1229.3 1248.6 1304.8 1315.5 1077.6 1291.6 1368.2 1653.6 1755.3 1592.9 1741.7 1825.8 1724.6 1711.8 1766.0 1733.3 1748.1 1750.9 1745.1 1737.7 1728.0 1723.8 1623.7 1689.3 1712.8 1622.5 1662.6
-999.0 -999.0 -999.0 -999.0 -999.0 -999.0 -999.0 -999.0 -999.0 -999.0 -999.0 -999.0 -999.0 -999.0 -999.0 -999.0 -999.0 -999.0 -999.0 -999.0 -999.0 -999.0 -999.0 -999.0 -999.0 -999.0 -999.0 -999.0 -999.0 -999.0 -999.0 -999.0 -999.0 -999.0 -999.0 1805.7 1784.9 1766.6 1769.0 1616.1 1674.7 1593.8 1342.3 1544.7 1525.5 1470.1 1518.0 1493.1 1241.6 1326.6 1376.1 1679.0 1534.3 1449.5 1680.2 1623.2 1682.4 1645.7 1691.7 1725.1 1775.1 1784.2 1770.5 1753.4 1726.8 1737.4 1725.1 1660.5 1701.4 1656.2 1607.2
-999.0 -999.0 -999.0 -999.0 -999.0 -999.0 -999.0 -999.0 -999.0 -999.0 -999.0 -999.0 -999.0 -999.0 -999.0 -999.0 -999.0 -999.0 -999.0 -999.0 -999.0 -999.0 -999.0 -999.0 -999.0 -999.0 -999.0 -999.0 -999.0 -999.0 -999.0 -999.0 -999.0 -999.0 1775.0 1788.7 1776.8 1682.7 1696.5 1688.6 1729.3 1650.5 1619.2 1659.0 1689.8 1692.7 1638.4 1536.6 1282.6 1107.2 1073.4 1399.3 1297.4 1378.0 1626.1 1640.3 1737.5 1707.2 1701.3 1760.2 1802.4 1811.3 1799.8 1770.7 1735.6 1749.2 1734.9 1710.8 1689.6 1671.3 1557.8
-999.0 -999.0 -999.0 -999.0 -999.0 -999.0 -999.0 -999.0 -999.0 -999.0 -999.0 -999.0 -999.0 -999.0 -999.0 -999.0 -999.0 -999.0 -999.0 -999.0 -999.0 -999.0 -999.0 -999.0 -999.0 -999.0 -999.0 -999.0 -999.0 -999.0 -999.0 -999.0 -999.0 -999.0 -999.0 1759.2 1804.4 1764.2 1740.6 1602.8 1781.5 1783.4 1779.1 1767.7 1761.7 1793.6 1763.4 1657.9 1546.0 1193.9 1047.4 995.1 1256.2 1291.9 1455.1 1606.7 1616.2 1785.9 1787.0 1725.0 1815.3 1844.5 1838.9 1787.6 1746.3 1743.6 1730.7 1697.0 1695.3 1690.3 1661.3
-999.0 -999.0 -999.0 -999.0 -999.0 -999.0 -999.0 -999.0 -999.0 -999.0 -999.0 -999.0 -999.0 -999.0 -999.0 -999.0 -999.0 -999.0 -999.0 -999.0 -999.0 -999.0 -999.0 -999.0 -999.0 -999.0 -999.0 -999.0 -999.0 -999.0 -999.0 -999.0 -999.0 -999.0 -999.0 1815.9 1825.9 1835.3 1822.1 1795.2 1794.4 1798.2 1832.5 1841.6 1907.4 1928.2 1883.8 1773.1 1566.6 1476.0 1077.0 935.3 973.7 1187.7 1391.6 1556.4 1689.5 1638.6 1726.5 1677.8 1796.4 1827.3 1842.7 1780.8 1744.3 1729.1 1700.6 1684.0 1692.9 1694.1 1641.7
-999.0 -999.0 -999.0 -999.0 -999.0 -999.0 -999.0 -999.0 -999.0 -999.0 -999.0 -999.0 -999.0 -999.0 -999.0 1817.9 1787.9 1772.7 1761.2 -999.0 -999.0 -999.0 -999.0 -999.0 -999.0 -999.0 -999.0 -999.0 -999.0 -999.0 -999.0 -999.0 -999.0 -999.0 1848.3 1899.4 1860.2 1870.7 1795.3 1794.8 1822.3 1828.3 1832.7 1872.0 1908.6 1949.8 1900.9 1793.6 1638.7 1321.3 1109.1 1089.3 1292.6 1150.4 1345.2 1722.4 1699.6 1761.1 1561.1 1603.6 1743.8 1755.0 1761.6 1745.2 1720.0 1712.0 1703.9 1674.1 1682.7 1713.8 1694.7
-999.0 -999.0 -999.0 -999.0 -999.0 -999.0 -999.0 -999.0 -999.0 -999.0 -999.0 -999.0 -999.0 -999.0 -999.0 1729.2 1648.3 1692.8 1806.8 -999.0 -999.0 -999.0 -999.0 -999.0 -999.0 -999.0 -999.0 -999.0 -999.0 -999.0 -999.0 -999.0 -999.0 1856.8 1795.1 1863.7 1884.1 1821.1 1869.5 1803.4 1834.2 1833.0 1831.3 1858.0 1870.6 1867.4 1869.8 1792.3 1665.7 1512.7 1097.8 1041.9 1304.9 1285.8 1468.0 1627.5 1880.7 1807.2 1644.0 1611.2 1696.7 1770.9 1781.8 1746.1 1704.3 1711.3 1709.3 1698.5 1666.2 1707.7 1689.1
-999.0 -999.0 -999.0 -999.0 -999.0 -999.0 -999.0 -999.0 -999.0 -999.0 -999.0 -999.0 -999.0 1791.5 1874.9 1796.9 1641.8 1670.3 1716.5 1883.1 1969.5 2015.9 -999.0 -999.0 1878.0 1944.1 -999.0 -999.0 -999.0 1860.8 1738.1 1741.6 -999.0 1866.0 1728.0 1832.1 1912.7 1894.3 1878.5 1772.4 1770.8 1759.8 1795.6 1755.0 1835.3 1783.8 1783.9 1743.2 1379.2 1589.0 1436.2 1200.5 1521.1 1462.9 1233.6 1740.6 1636.5 1751.6 1655.6 1636.5 1693.8 1741.1 1789.8 1729.5 1725.5 1747.4 1718.2 1731.7 1679.1 1721.9 1708.1
-999.0 -999.0 -999.0 -999.0 -999.0 -999.0 -999.0 -999.0 -999.0 -999.0 -999.0 -999.0 -999.0 -999.0 1885.7 1823.6 1745.2 1736.0 1769.9 1799.1 1762.6 2020.0 -999.0 1981.4 1836.3 1643.5 1739.9 1656.0 1865.4 1826.8 1450.2 1494.4 1609.3 -999.0 1813.2 1774.0 1822.2 1872.1 1850.9 1728.0 1819.9 1915.2 1897.8 1791.6 1754.5 1744.0 1676.6 1671.6 1349.4 1256.7 1285.3 1266.7 1314.4 1213.0 1293.0 1522.3 1693.2 1732.1 1569.9 1569.5 1673.1 1660.8 1754.5 1721.1 1719.3 1748.4 1721.3 1747.9 1702.4 1728.6 1722.5
-999.0 -999.0 -999.0 -999.0 -999.0 -999.0 -999.0 -999.0 -999.0 -999.0 -999.0 -999.0 -999.0 -999.0 -999.0 1885.0 1797.6 1740.2 1829.0 1858.0 1891.6 2003.8 1592.2 1021.7 1712.3 1384.9 1379.2 1464.1 1615.4 1746.4 1706.6 1555.4 1431.5 1629.5 1823.5 1845.0 1806.7 1829.1 1759.6 1586.9 1702.1 1909.1 1932.1 1817.7 1746.4 1725.9 1666.2 1610.1 1207.1 1094.7 1238.9 1260.7 1388.3 1429.5 1384.7 1459.9 1632.4 1672.0 1589.8 1617.3 1620.7 1590.4 1698.8 1663.6 1730.2 1735.6 1736.8 1713.1 1613.9 1743.5 1738.3
-999.0 -999.0 -999.0 -999.0 -999.0 -999.0 -999.0 -999.0 -999.0 -999.0 -999.0 -999.0 -999.0 -999.0 -999.0 -999.0 1819.2 1881.5 1889.0 1895.2 1783.9 1602.4 760.2 1195.7 1803.2 1292.3 1555.2 1304.4 1369.8 1616.9 1745.5 1307.7 1521.2 1523.1 1684.1 1848.7 1813.7 1776.4 1768.2 1652.6 1666.2 1784.2 1821.0 1804.0 1730.7 1696.8 1657.1 1459.1 1334.8 1044.5 1209.0 1195.8 1236.8 1516.2 1407.5 1343.0 1482.9 1565.2 1589.6 1660.2 1591.9 1591.8 1674.9 1648.3 1727.9 1746.6 1724.4 1737.7 1725.2 1724.6 1744.1
-999.0 -999.0 -999.0 -999.0 -999.0 -999.0 -999.0 -999.0 -999.0 -999.0 -999.0 -999.0 -999.0 -999.0 -999.0 -999.0 -999.0 1944.7 1910.4 1708.5 1481.3 810.2 731.4 1153.9 1410.0 1412.4 1317.1 1203.8 1215.3 1239.4 1530.3 1670.1 1281.7 1521.6 1649.2 1699.8 1794.0 1796.0 1754.6 1715.9 1695.3 1741.6 1780.9 1750.4 1699.2 1662.4 1597.4 1440.0 1251.9 1151.3 1297.8 1313.0 1219.8 1371.5 1613.0 1387.1 1573.0 1553.3 1576.1 1713.8 1708.9 1661.5 1649.2 1647.8 1727.6 1753.8 1739.3 1765.2 1681.0 1721.2 1744.7
-999.0 -999.0 -999.0 -999.0 -999.0 -999.0 -999.0 -999.0 -999.0 -999.0 -999.0 -999.0 -999.0 -999.0 -999.0 -999.0 -999.0 1967.4 1824.3 1433.6 1286.8 1181.7 933.6 1394.0 1602.6 1392.1 1164.1 1099.5 1061.9 1243.0 1488.5 1700.1 1225.7 1334.9 1586.4 1681.7 1818.9 1806.2 1746.2 1658.1 1672.8 1695.0 1713.5 1726.9 1697.3 1638.7 1462.6 1370.5 1456.2 1134.4 1294.4 1260.4 1188.1 1245.9 1443.1 1555.6 1595.7 1664.9 1585.4 1594.4 1677.9 1664.0 1703.6 1702.8 1755.8 1749.9 1751.6 1751.1 1717.8 1692.1 1732.5
-999.0 -999.0 -999.0 -999.0 -999.0 -999.0 -999.0 -999.0 -999.0 -999.0 -999.0 -999.0 -999.0 -999.0 -999.0 -999.0 -999.0 1961.0 1755.7 1508.3 1539.8 1175.8 1306.8 1513.7 1389.9 1498.6 1333.0 1079.4 1204.9 1064.7 1264.5 1543.5 1257.9 1273.9 1404.3 1739.5 1796.5 1815.2 1714.8 1614.4 1626.8 1675.8 1696.3 1704.4 1669.5 1543.5 1471.9 1472.1 1451.4 1290.1 1315.6 1325.0 1345.2 1438.2 1472.3 1448.5 1684.5 1601.1 1593.9 1651.6 1637.3 1684.8 1645.8 1754.7 1766.8 1753.9 1759.1 1751.0 1636.8 1723.0 1745.5
-999.0 -999.0 -999.0 -999.0 -999.0 -999.0 -999.0 -999.0 -999.0 -999.0 -999.0 -999.0 -999.0 -999.0 -999.0 -999.0 1945.1 1147.8 1611.2 1461.0 1293.8 1595.5 824.3 1022.7 1107.6 1231.3 1035.5 1227.0 1173.4 1270.3 1386.3 1287.8 1089.9 1285.8 1413.8 1727.6 1811.2 1828.9 1669.6 1646.2 1675.9 1673.9 1700.6 1672.3 1568.7 1588.4 1582.8 1407.5 1307.7 1523.3 1216.3 1276.9 1496.6 1471.0 1552.9 1663.5 1669.1 1667.3 1653.2 1726.7 1665.7 1721.0 1767.2 1676.5 1769.3 1758.5 1742.3 1735.4 1644.8 1725.2 1755.1
-999.0 -999.0 -999.0 -999.0 -999.0 -999.0 -999.0 -999.0 -999.0 -999.0 -999.0 -999.0 -999.0 -999.0 1956.6 1882.6 1525.5 1583.6 1725.4 1706.4 1503.3 1675.4 1428.5 1310.0 1064.4 1083.7 975.6 1091.5 1044.8 1402.5 1255.0 1306.8 1547.4 1549.9 1656.9 1663.3 1747.7 1773.2 1665.7 1643.6 1643.1 1673.5 1643.3 1525.5 1587.3 1553.7 1611.8 1450.5 1378.3 1418.5 1490.4 1562.4 1459.6 1521.0 1581.4 1613.5 1636.9 1649.7 1717.1 1753.5 1801.3 1830.6 1799.8 1761.0 1752.3 1725.6 1748.1 1731.9 1649.9 1716.0 1759.2
-999.0 -999.0 -999.0 -999.0 -999.0 -999.0 -999.0 -999.0 -999.0 -999.0 -999.0 -999.0 -999.0 1918.3 1837.9 1816.4 1805.7 1860.2 1916.2 1872.7 1865.2 1804.8 1517.4 1360.8 1223.3 757.7 1207.1 1317.2 1282.3 1479.1 1080.6 1044.9 1147.0 1451.8 1623.8 1637.4 1670.5 1692.7 1652.2 1602.6 1635.1 1629.6 1602.8 1532.6 1492.0 1584.0 1573.2 1445.2 1453.3 1487.7 1518.4 1527.4 1528.2 1629.6 1615.8 1670.3 1771.4 1700.8 1748.7 1827.1 1893.7 1857.0 1763.0 1756.4 1738.0 1720.9 1712.2 1711.3 1606.0 1665.8 1731.5
-999.0 -999.0 -999.0 -999.0 -999.0 -999.0 -999.0 -999.0 -999.0 -999.0 -999.0 -999.0 1955.1 1742.8 1755.5 1793.2 -999.0 -999.0 -999.0 -999.0 1898.9 1306.5 1280.9 1269.2 1129.1 1234.0 1299.7 1037.7 1096.0 1253.2 712.8 876.9 1099.5 1198.0 1497.1 1703.1 1672.8 1653.0 1667.8 1645.5 1646.1 1644.1 1581.1 1602.8 1477.5 1541.9 1550.6 1523.4 1505.5 1512.3 1545.5 1630.7 1638.1 1663.1 1698.8 1741.4 1796.2 1806.1 1793.4 1811.5 1819.8 1801.4 1768.4 1738.6 1681.2 1651.3 1650.2 1667.5 1618.1 1650.8 1675.1
-999.0 -999.0 -999.0 -999.0 -999.0 -999.0 -999.0 -999.0 -999.0 -999.0 -999.0 -999.0 1921.4 1627.6 1898.5 1960.1 -999.0 -999.0 -999.0 -999.0 1969.9 1491.7 1176.1 1488.7 1110.8 1129.1 1152.0 952.0 901.2 1145.3 893.2 1354.5 1324.9 1445.9 1581.8 1716.0 1712.3 1664.8 1656.3 1621.2 1576.3 1643.1 1566.6 1572.3 1556.3 1498.5 1577.5 1558.4 1616.5 1565.3 1521.5 1522.0 1544.5 1669.3 1717.9 1740.0 1759.5 1715.5 1734.0 1721.6 1725.4 1729.5 1644.0 1671.8 1538.3 1551.6 1558.2 1640.3 1622.6 1652.5 1676.2
-999.0 -999.0 -999.0 -999.0 -999.0 -999.0 -999.0 -999.0 -999.0 -999.0 -999.0 -999.0 -999.0 -999.0 -999.0 -999.0 -999.0 -999.0 -999.0 -999.0 1979.9 1420.9 1363.2 1496.1 1272.0 1404.7 940.9 996.9 1351.9 1157.8 1198.7 1336.1 1343.7 1566.4 1673.0 1751.0 1650.4 1658.8 1648.8 1647.8 1672.7 1654.2 1615.5 1596.6 1586.2 1549.9 1594.9 1614.6 1610.6 1588.9 1626.2 1593.3 1582.0 1724.1 1621.3 1556.5 1650.3 1650.9 1666.2 1725.7 1683.0 1608.7 1501.7 1528.6 1592.9 1588.1 1561.4 1623.0 1613.1 1654.5 1664.5
-999.0 -999.0 -999.0 -999.0 -999.0 -999.0 -999.0 -999.0 -999.0 -999.0 -999.0 -999.0 -999.0 -999.0 -999.0 -999.0 -999.0 -999.0 -999.0 -999.0 -999.0 1429.2 1890.8 1729.2 1395.3 1039.3 1116.9 1016.1 1069.5 1401.2 1357.4 1313.2 1605.4 1655.6 1738.5 1738.4 1707.3 1672.7 1711.3 1728.5 1706.2 1689.7 1656.2 1615.0 1626.1 1575.7 1569.9 1588.6 1467.4 1562.1 1673.1 1686.4 1684.8 1677.7 1687.0 1589.1 1570.1 1626.8 1555.7 1692.2 1713.7 1609.1 1613.2 1583.9 1605.0 1655.6 1597.5 1626.0 1654.7 1698.5 1674.0
-999.0 -999.0 -999.0 -999.0 -999.0 -999.0 -999.0 -999.0 -999.0 -999.0 -999.0 -999.0 -999.0 -999.0 -999.0 -999.0 -999.0 -999.0 -999.0 -999.0 -999.0 1719.2 1237.7 1133.9 1263.5 1291.6 1360.1 1201.9 1377.3 1372.4 1550.2 1698.7 1533.3 1702.0 1734.7 1583.8 1622.0 1657.7 1744.2 1817.3 1767.7 1657.6 1657.3 1563.0 1569.2 1580.7 1565.9 1517.0 1460.9 1481.1 1614.4 1681.3 1709.7 1691.9 1678.2 1649.6 1609.0 1572.6 1442.8 1571.5 1747.3 1729.9 1646.3 1547.4 1506.6 1559.7 1651.1 1637.1 1685.1 1720.5 1751.5
-999.0 -999.0 -999.0 -999.0 -999.0 -999.0 -999.0 -999.0 -999.0 -999.0 -999.0 -999.0 -999.0 -999.0 -999.0 -999.0 -999.0 -999.0 -999.0 -999.0 1801.4 1594.0 1653.0 1019.8 1383.5 1454.5 1261.0 1303.4 1429.4 1234.9 1591.6 1734.0 1516.9 1765.9 1272.3 1494.9 1639.2 1661.3 1609.5 1726.3 1710.7 1455.6 1478.8 1544.2 1641.1 1603.1 1600.0 1587.5 1595.0 1616.6 1660.2 1697.2 1698.4 1702.9 1688.8 1633.9 1642.0 1560.6 1596.1 1670.6 1781.3 1821.7 1677.1 1542.4 1491.0 1538.7 1661.0 1677.9 1724.0 1768.4 1797.0
-999.0 -999.0 -999.0 -999.0 -999.0 -999.0 -999.0 -999.0 -999.0 -999.0 -999.0 -999.0 -999.0 -999.0 -999.0 -999.0 -999.0 -999.0 -999.0 -999.0 1994.3 1714.8 1116.5 1505.6 1790.5 1546.7 1484.9 1329.0 1188.5 1251.5 1564.1 1683.6 1642.4 1709.6 1598.8 1545.7 1478.7 1479.2 1646.8 1628.9 1617.4 1574.2 1529.2 1628.8 1652.8 1631.1 1673.5 1639.2 1654.0 1722.0 1712.8 1705.8 1705.7 1704.3 1707.2 1682.8 1674.4 1615.8 1616.1 1706.0 1802.5 1807.2 1617.7 1481.0 1542.1 1529.2 1571.3 1654.9 1759.6 1729.2 1816.1
-999.0 -999.0 -999.0 -999.0 -999.0 -999.0 -999.0 -999.0 -999.0 -999.0 -999.0 -999.0 -999.0 -999.0 -999.0 -999.0 -999.0 -999.0 -999.0 -999.0 2060.8 1594.3 1845.6 1581.2 1588.0 1443.3 1420.0 1063.6 1238.3 1164.1 1432.3 1562.9 1696.6 1698.6 1603.1 1380.5 1276.7 1185.4 1548.4 1427.8 1528.5 1522.2 1550.9 1682.8 1655.8 1653.0 1691.8 1695.4 1761.6 1776.7 1680.0 1687.4 1721.2 1701.2 1615.2 1720.4 1695.6 1668.3 1683.8 1741.9 1756.7 1688.9 1613.1 1570.6 1576.4 1578.3 1659.0 1698.7 1700.4 1731.5 1807.3
-999.0 -999.0 -999.0 -999.0 -999.0 -999.0 -999.0 -999.0 -999.0 -999.0 -999.0 -999.0 -999.0 -999.0 -999.0 -999.0 -999.0 -999.0 -999.0 -999.0 -999.0 1807.2 1485.2 1271.6 1068.5 964.3 1168.9 1188.7 1362.7 1595.0 1618.4 1666.3 1605.6 1591.3 1636.5 1508.6 1495.8 1252.2 1423.0 1509.3 1541.2 1456.3 1501.4 1671.1 1592.8 1685.8 1739.0 1624.3 1792.5 1812.4 1810.3 1752.1 1754.8 1725.9 1601.6 1665.5 1727.9 1676.5 1695.3 1716.2 1684.7 1613.8 1634.1 1644.0 1681.9 1629.5 1706.2 1645.7 1674.0 1771.3 1802.7
