GDD/GrowingDegreeDays_1987_Actual.txt
ncols         180
nrows         290
xllcorner     -200000
yllcorner     -200000
cellsize      5000
NODATA_value    -999
[rows 160 to 191 of 290, columns 71 to 141 of 180]
-999.0 -999.0 -999.0 -999.0 -999.0 -999.0 -999.0 -999.0 -999.0 -999.0 -999.0 -999.0 -999.0 -999.0 -999.0 -999.0 -999.0 -999.0 -999.0 -999.0 -999.0 -999.0 -999.0 -999.0 -999.0 -999.0 -999.0 -999.0 -999.0 -999.0 -999.0 -999.0 -999.0 -999.0 -999.0 1559.3 1544.3 1530.6 1497.0 1270.2 1168.1 960.4 1211.6 1105.0 1454.2 1341.9 1343.5 1227.1 1166.2 1230.6 1165.9 1468.9 1467.2 1465.1 1482.3 1519.2 1442.2 1508.5 1528.8 1510.7 1545.1 1594.3 1562.5 1518.9 1493.0 1475.8 1359.5 1409.5 1469.1 1498.1 1514.3
-999.0 -999.0 -999.0 -999.0 -999.0 -999.0 -999.0 -999.0 -999.0 -999.0 -999.0 -999.0 -999.0 -999.0 -999.0 -999.0 -999.0 -999.0 -999.0 -999.0 -999.0 -999.0 -999.0 -999.0 -999.0 -999.0 -999.0 -999.0 -999.0 -999.0 -999.0 -999.0 -999.0 -999.0 -999.0 1566.1 1550.1 1574.2 1612.5 1547.2 1273.3 1441.6 1414.3 1504.2 1383.2 1142.3 1264.5 1127.9 1177.7 1125.4 1464.5 1237.4 1436.5 1355.1 1407.6 1406.1 1479.1 1486.2 1519.5 1545.1 1552.0 1559.9 1519.6 1479.0 1484.9 1496.7 1478.8 1400.0 1450.2 1494.4 1521.4
-999.0 -999.0 -999.0 -999.0 -999.0 -999.0 -999.0 -999.0 -999.0 -999.0 -999.0 -999.0 -999.0 -999.0 -999.0 -999.0 -999.0 -999.0 -999.0 -999.0 -999.0 -999.0 -999.0 -999.0 -999.0 -999.0 -999.0 -999.0 -999.0 -999.0 -999.0 -999.0 -999.0 -999.0 -999.0 1561.8 1569.9 1543.6 1646.7 1602.1 1500.5 1455.1 1491.0 1540.9 1405.4 1300.0 1293.0 1137.9 1018.6 1252.7 1352.9 1547.3 1459.7 1625.9 1574.4 1512.7 1458.9 1492.1 1507.2 1559.6 1525.9 1534.3 1508.4 1478.6 1483.9 1498.6 1497.9 1435.8 1406.7 1516.5 1609.3
-999.0 -999.0 -999.0 -999.0 -999.0 -999.0 -999.0 -999.0 -999.0 -999.0 -999.0 -999.0 -999.0 -999.0 -999.0 -999.0 -999.0 -999.0 -999.0 -999.0 -999.0 -999.0 -999.0 -999.0 -999.0 -999.0 -999.0 -999.0 -999.0 -999.0 -999.0 -999.0 -999.0 -999.0 -999.0 1562.0 1551.1 1548.7 1603.7 1616.1 1578.9 1569.8 1480.6 1362.7 1496.6 1413.7 1309.0 974.3 977.6 994.7 1182.2 1408.3 1509.2 1501.8 1625.9 1663.2 1548.2 1482.5 1542.0 1557.4 1541.7 1552.8 1533.2 1512.7 1516.1 1532.7 1546.2 1464.4 1441.3 1615.8 1715.9
-999.0 -999.0 -999.0 -999.0 -999.0 -999.0 -999.0 -999.0 -999.0 -999.0 -999.0 -999.0 -999.0 -999.0 -999.0 -999.0 -999.0 -999.0 -999.0 -999.0 -999.0 -999.0 -999.0 -999.0 -999.0 -999.0 -999.0 -999.0 -999.0 -999.0 -999.0 -999.0 -999.0 -999.0 -999.0 1581.5 1588.5 1603.1 1650.3 1651.1 1637.2 1529.3 1493.7 1384.3 1323.7 1155.8 1052.3 974.6 1153.7 1091.8 1286.2 1374.7 1519.6 1397.0 1507.3 1623.6 1658.2 1641.2 1609.6 1597.1 1570.6 1561.6 1563.6 1551.1 1549.1 1568.3 1566.7 1581.7 1559.7 1658.7 1735.6
-999.0 -999.0 -999.0 -999.0 -999.0 -999.0 -999.0 -999.0 -999.0 -999.0 -999.0 -999.0 -999.0 -999.0 -999.0 -999.0 -999.0 -999.0 -999.0 -999.0 -999.0 -999.0 -999.0 -999.0 -999.0 -999.0 -999.0 -999.0 -999.0 -999.0 -999.0 -999.0 -999.0 -999.0 -999.0 -999.0 1598.3 1608.0 1639.1 1648.3 1551.5 1359.0 1314.0 1264.2 1320.8 1322.8 1149.5 1161.5 1077.0 1195.1 1435.0 1639.6 1591.2 1524.9 1502.4 1648.3 1645.1 1584.7 1602.8 1627.3 1576.7 1583.7 1586.3 1582.0 1574.8 1580.0 1577.7 1573.1 1611.8 1642.3 1684.4
-999.0 -999.0 -999.0 -999.0 -999.0 -999.0 -999.0 -999.0 -999.0 -999.0 -999.0 -999.0 -999.0 -999.0 -999.0 -999.0 -999.0 -999.0 -999.0 -999.0 -999.0 -999.0 -999.0 -999.0 -999.0 -999.0 -999.0 -999.0 -999.0 -999.0 -999.0 -999.0 -999.0 -999.0 -999.0 1709.6 1631.1 1623.8 1643.2 1627.2 1551.3 1236.5 1186.0 1299.7 1120.7 1146.2 1206.6 1214.8 985.7 1171.7 1205.3 1437.8 1690.6 1472.4 1601.4 1688.7 1593.8 1583.8 1634.9 1596.5 1605.0 1603.4 1593.7 1588.6 1583.1 1582.4 1485.9 1553.4 1584.0 1500.2 1546.1
-999.0 -999.0 -999.0 -999.0 -999.0 -999.0 -999.0 -999.0 -999.0 -999.0 -999.0 -999.0 -999.0 -999.0 -999.0 -999.0 -999.0 -999.0 -999.0 -999.0 -999.0 -999.0 -999.0 -999.0 -999.0 -999.0 -999.0 -999.0 -999.0 -999.0 -999.0 -999.0 -999.0 -999.0 -999.0 1676.4 1649.9 1629.5 1639.9 1497.0 1547.2 1458.6 1211.7 1408.6 1393.0 1355.1 1425.7 1385.9 1139.9 1204.6 1233.5 1533.3 1430.4 1326.2 1542.8 1489.1 1548.8 1513.1 1557.3 1582.6 1624.7 1623.9 1605.7 1594.8 1576.8 1594.8 1582.3 1524.3 1577.4 1537.5 1491.2
-999.0 -999.0 -999.0 -999.0 -999.0 -999.0 -999.0 -999.0 -999.0 -999.0 -999.0 -999.0 -999.0 -999.0 -999.0 -999.0 -999.0 -999.0 -999.0 -999.0 -999.0 -999.0 -999.0 -999.0 -999.0 -999.0 -999.0 -999.0 -999.0 -999.0 -999.0 -999.0 -999.0 -999.0 1634.2 1655.7 1630.1 1544.9 1570.2 1563.5 1596.8 1516.2 1479.4 1514.0 1552.1 1565.4 1521.3 1416.2 1174.4 1001.5 960.5 1269.3 1185.0 1256.7 1491.5 1502.8 1597.3 1570.4 1562.4 1609.7 1630.7 1624.0 1610.7 1597.0 1577.2 1603.9 1591.5 1572.4 1563.4 1549.6 1439.2
-999.0 -999.0 -999.0 -999.0 -999.0 -999.0 -999.0 -999.0 -999.0 -999.0 -999.0 -999.0 -999.0 -999.0 -999.0 -999.0 -999.0 -999.0 -999.0 -999.0 -999.0 -999.0 -999.0 -999.0 -999.0 -999.0 -999.0 -999.0 -999.0 -999.0 -999.0 -999.0 -999.0 -999.0 -999.0 1644.9 1673.3 1637.1 1619.9 1483.3 1642.9 1641.6 1640.1 1628.3 1621.4 1655.1 1625.8 1524.2 1419.0 1085.0 940.7 894.5 1145.3 1178.9 1332.1 1476.7 1482.4 1646.0 1640.3 1565.6 1623.6 1617.6 1608.5 1592.7 1580.3 1599.3 1596.4 1569.2 1571.3 1569.4 1541.2
-999.0 -999.0 -999.0 -999.0 -999.0 -999.0 -999.0 -999.0 -999.0 -999.0 -999.0 -999.0 -999.0 -999.0 -999.0 -999.0 -999.0 -999.0 -999.0 -999.0 -999.0 -999.0 -999.0 -999.0 -999.0 -999.0 -999.0 -999.0 -999.0 -999.0 -999.0 -999.0 -999.0 -999.0 -999.0 1701.1 1700.7 1714.2 1702.6 1669.9 1663.0 1661.8 1698.9 1703.5 1757.9 1773.6 1734.4 1633.8 1437.4 1354.3 977.5 848.6 885.7 1085.9 1274.1 1429.1 1557.1 1502.8 1580.5 1522.4 1607.2 1591.6 1596.4 1574.2 1577.2 1588.7 1570.8 1559.1 1571.1 1574.6 1524.2
-999.0 -999.0 -999.0 -999.0 -999.0 -999.0 -999.0 -999.0 -999.0 -999.0 -999.0 -999.0 -999.0 -999.0 -999.0 1625.2 1608.1 1589.9 1569.9 -999.0 -999.0 -999.0 -999.0 -999.0 -999.0 -999.0 -999.0 -999.0 -999.0 -999.0 -999.0 -999.0 -999.0 -999.0 1740.6 1781.6 1729.9 1740.7 1676.8 1670.9 1694.9 1694.8 1702.0 1733.5 1756.1 1792.1 1748.8 1654.6 1514.2 1216.3 1018.6 1000.1 1188.4 1054.6 1233.4 1585.7 1558.4 1621.4 1424.2 1457.6 1574.6 1554.9 1532.6 1516.1 1555.8 1582.9 1582.9 1557.5 1566.8 1598.4 1577.7
-999.0 -999.0 -999.0 -999.0 -999.0 -999.0 -999.0 -999.0 -999.0 -999.0 -999.0 -999.0 -999.0 -999.0 -999.0 1557.5 1494.7 1535.7 1626.0 -999.0 -999.0 -999.0 -999.0 -999.0 -999.0 -999.0 -999.0 -999.0 -999.0 -999.0 -999.0 -999.0 -999.0 1791.8 1695.0 1753.4 1748.2 1679.0 1733.8 1676.6 1704.7 1698.9 1700.0 1719.7 1717.0 1705.1 1715.4 1653.8 1548.5 1412.6 1023.0 965.9 1206.9 1185.9 1351.7 1485.8 1727.1 1670.5 1517.9 1479.2 1549.3 1598.9 1574.6 1530.1 1563.0 1589.3 1593.4 1586.4 1556.1 1597.2 1575.9
-999.0 -999.0 -999.0 -999.0 -999.0 -999.0 -999.0 -999.0 -999.0 -999.0 -999.0 -999.0 -999.0 1582.6 1678.3 1629.1 1499.6 1525.8 1554.4 1695.1 1753.9 1781.3 -999.0 -999.0 1712.9 1809.7 -999.0 -999.0 -999.0 1763.7 1662.6 1651.3 -999.0 1786.8 1636.3 1721.0 1777.1 1746.8 1739.2 1643.1 1647.0 1635.9 1667.8 1623.0 1687.7 1632.1 1639.6 1611.0 1273.6 1496.5 1370.3 1128.1 1423.7 1361.2 1135.2 1608.5 1509.7 1632.4 1541.6 1520.7 1568.7 1606.4 1651.7 1640.4 1616.3 1629.5 1603.6 1621.8 1576.1 1613.3 1596.8
-999.0 -999.0 -999.0 -999.0 -999.0 -999.0 -999.0 -999.0 -999.0 -999.0 -999.0 -999.0 -999.0 -999.0 1686.0 1651.0 1593.7 1588.6 1609.1 1622.3 1565.2 1779.3 -999.0 1792.1 1696.7 1557.9 1677.9 1574.5 1769.2 1758.2 1408.0 1424.7 1519.3 -999.0 1710.4 1664.7 1697.0 1735.7 1722.1 1608.1 1694.2 1777.0 1758.4 1656.3 1617.7 1608.2 1531.3 1523.9 1241.3 1177.2 1212.3 1187.4 1225.5 1127.7 1202.1 1423.8 1597.7 1634.9 1473.6 1474.8 1581.5 1563.0 1641.1 1610.4 1606.6 1630.0 1603.3 1629.1 1587.2 1611.9 1609.0
-999.0 -999.0 -999.0 -999.0 -999.0 -999.0 -999.0 -999.0 -999.0 -999.0 -999.0 -999.0 -999.0 -999.0 -999.0 1696.4 1632.9 1587.2 1664.5 1683.2 1706.2 1762.7 1375.4 900.0 1591.7 1310.9 1317.8 1395.6 1544.3 1689.7 1653.2 1487.1 1346.0 1528.9 1708.8 1726.3 1689.9 1704.8 1645.8 1482.3 1586.1 1767.0 1789.8 1689.3 1621.0 1597.1 1520.6 1457.5 1107.3 1026.6 1168.3 1181.0 1299.9 1340.8 1304.0 1387.5 1565.7 1593.3 1501.9 1538.0 1580.7 1538.3 1607.0 1558.1 1618.9 1620.1 1616.1 1577.6 1468.8 1618.8 1625.3
-999.0 -999.0 -999.0 -999.0 -999.0 -999.0 -999.0 -999.0 -999.0 -999.0 -999.0 -999.0 -999.0 -999.0 -999.0 -999.0 1637.4 1706.4 1716.2 1722.1 1613.8 1423.7 665.0 1076.1 1683.8 1215.8 1480.1 1239.9 1307.4 1549.5 1669.9 1237.9 1430.8 1422.0 1569.8 1721.1 1694.4 1663.1 1662.8 1551.5 1557.5 1662.3 1694.1 1682.2 1609.9 1574.3 1528.8 1337.7 1229.4 968.7 1128.8 1115.2 1153.5 1429.4 1335.4 1286.6 1418.0 1491.3 1501.1 1568.5 1546.1 1540.1 1588.2 1547.9 1618.6 1631.8 1606.5 1608.3 1601.9 1611.1 1632.5
-999.0 -999.0 -999.0 -999.0 -999.0 -999.0 -999.0 -999.0 -999.0 -999.0 -999.0 -999.0 -999.0 -999.0 -999.0 -999.0 -999.0 1754.2 1730.0 1544.3 1325.5 709.2 652.7 1048.3 1324.2 1340.2 1246.6 1136.2 1148.8 1176.7 1460.3 1592.2 1173.6 1392.2 1539.0 1589.9 1679.3 1685.1 1652.4 1615.3 1591.5 1632.3 1665.4 1635.7 1584.8 1546.3 1479.5 1328.2 1150.1 1056.6 1198.4 1219.4 1135.9 1287.6 1536.6 1344.9 1520.5 1473.8 1474.3 1579.3 1591.2 1573.4 1557.9 1550.7 1620.8 1642.5 1626.1 1650.6 1571.6 1613.6 1637.9
-999.0 -999.0 -999.0 -999.0 -999.0 -999.0 -999.0 -999.0 -999.0 -999.0 -999.0 -999.0 -999.0 -999.0 -999.0 -999.0 -999.0 1771.3 1648.0 1283.7 1130.6 1008.2 801.1 1271.8 1530.2 1340.6 1101.6 1030.0 993.1 1172.9 1421.8 1646.7 1157.7 1234.7 1484.2 1573.6 1707.3 1700.5 1646.0 1561.3 1573.3 1593.8 1604.3 1612.5 1585.8 1524.2 1349.7 1259.3 1336.0 1025.3 1186.8 1166.8 1103.1 1160.9 1355.0 1476.2 1516.5 1568.9 1476.9 1472.2 1563.2 1564.5 1604.8 1602.3 1648.7 1639.1 1640.8 1643.0 1612.2 1590.8 1630.3
-999.0 -999.0 -999.0 -999.0 -999.0 -999.0 -999.0 -999.0 -999.0 -999.0 -999.0 -999.0 -999.0 -999.0 -999.0 -999.0 -999.0 1770.8 1590.6 1359.4 1369.0 993.4 1118.5 1385.3 1312.0 1428.4 1255.6 1005.4 1117.6 1002.1 1201.0 1474.6 1190.8 1185.8 1311.4 1619.0 1680.2 1711.4 1618.9 1522.5 1532.4 1578.0 1590.8 1595.2 1560.4 1428.7 1355.6 1356.9 1331.3 1178.8 1209.6 1226.6 1248.7 1339.7 1366.8 1331.8 1562.9 1490.2 1485.7 1543.4 1536.4 1586.0 1547.0 1650.9 1659.0 1645.6 1654.7 1647.9 1538.4 1623.1 1646.2
-999.0 -999.0 -999.0 -999.0 -999.0 -999.0 -999.0 -999.0 -999.0 -999.0 -999.0 -999.0 -999.0 -999.0 -999.0 -999.0 1753.1 1023.8 1467.0 1323.1 1156.4 1454.4 774.6 949.1 1036.9 1158.4 974.0 1146.8 1096.3 1193.0 1307.9 1219.6 1029.4 1209.8 1329.1 1620.1 1704.4 1727.2 1579.3 1554.7 1581.7 1579.8 1602.0 1569.7 1460.6 1467.0 1457.7 1292.2 1199.6 1411.4 1121.7 1181.2 1393.5 1365.5 1433.1 1494.2 1508.7 1545.4 1542.4 1615.1 1556.9 1621.2 1666.3 1577.4 1666.1 1654.3 1638.7 1634.4 1548.3 1627.0 1654.2
-999.0 -999.0 -999.0 -999.0 -999.0 -999.0 -999.0 -999.0 -999.0 -999.0 -999.0 -999.0 -999.0 -999.0 1750.7 1698.1 1375.1 1439.2 1576.5 1554.6 1370.2 1561.5 1348.6 1220.0 995.6 1018.0 917.8 1021.9 977.9 1308.8 1166.2 1234.8 1479.1 1481.4 1579.1 1580.3 1659.1 1681.8 1578.3 1555.2 1553.2 1583.4 1551.8 1429.7 1481.8 1438.2 1491.7 1340.8 1275.6 1317.2 1389.3 1460.9 1360.0 1416.2 1469.1 1488.2 1520.3 1536.9 1603.9 1636.2 1683.5 1723.4 1700.9 1664.0 1655.0 1625.9 1644.7 1630.0 1552.6 1618.9 1659.9
-999.0 -999.0 -999.0 -999.0 -999.0 -999.0 -999.0 -999.0 -999.0 -999.0 -999.0 -999.0 -999.0 1715.2 1653.3 1641.5 1636.4 1688.3 1740.8 1706.5 1714.3 1675.5 1411.0 1261.2 1142.5 725.5 1133.2 1231.0 1199.8 1384.0 1006.5 996.5 1108.7 1403.1 1568.4 1573.1 1595.4 1611.3 1568.2 1516.8 1547.1 1542.6 1515.7 1443.9 1398.1 1481.7 1468.3 1346.3 1358.0 1393.7 1421.9 1430.3 1429.8 1527.7 1510.6 1554.1 1678.1 1596.4 1637.2 1709.8 1781.9 1751.6 1667.8 1666.6 1646.4 1623.4 1610.3 1605.8 1505.4 1566.8 1631.5
-999.0 -999.0 -999.0 -999.0 -999.0 -999.0 -999.0 -999.0 -999.0 -999.0 -999.0 -999.0 1741.1 1559.2 1580.5 1616.3 -999.0 -999.0 -999.0 -999.0 1742.9 1204.9 1189.2 1182.8 1061.8 1167.2 1228.8 974.1 1031.4 1182.1 691.9 856.6 1085.2 1176.3 1470.0 1654.2 1607.6 1576.2 1582.4 1556.3 1557.3 1558.5 1500.1 1523.2 1396.3 1450.6 1446.9 1429.6 1419.3 1425.0 1454.4 1534.4 1541.3 1563.5 1595.6 1632.6 1694.0 1703.2 1689.0 1706.3 1717.9 1704.2 1677.4 1655.1 1594.3 1558.0 1549.6 1561.6 1516.0 1550.4 1575.1
-999.0 -999.0 -999.0 -999.0 -999.0 -999.0 -999.0 -999.0 -999.0 -999.0 -999.0 -999.0 1706.1 1446.2 1700.4 1753.9 -999.0 -999.0 -999.0 -999.0 1810.2 1383.8 1096.2 1401.8 1053.1 1080.2 1109.5 915.1 861.9 1086.8 852.8 1306.6 1292.6 1418.8 1558.4 1671.5 1646.4 1586.0 1567.3 1523.2 1481.9 1559.3 1498.8 1509.3 1486.0 1420.7 1490.2 1473.7 1537.0 1486.4 1439.2 1435.3 1453.6 1571.7 1618.2 1645.4 1663.5 1620.3 1639.5 1633.2 1633.8 1637.4 1557.5 1587.0 1451.0 1456.6 1456.1 1533.4 1516.7 1547.8 1572.2
-999.0 -999.0 -999.0 -999.0 -999.0 -999.0 -999.0 -999.0 -999.0 -999.0 -999.0 -999.0 -999.0 -999.0 -999.0 -999.0 -999.0 -999.0 -999.0 -999.0 1815.6 1315.3 1276.1 1414.8 1213.4 1362.3 949.3 997.8 1300.8 1092.9 1136.5 1280.2 1298.4 1523.1 1629.5 1695.3 1583.7 1577.2 1554.3 1540.7 1562.2 1573.6 1566.8 1558.9 1529.1 1484.8 1528.4 1548.0 1544.6 1519.0 1549.3 1511.6 1495.3 1625.0 1523.3 1464.8 1559.1 1559.6 1574.5 1629.8 1590.3 1521.1 1419.9 1442.7 1498.4 1485.2 1449.9 1506.8 1501.5 1546.6 1557.9
-999.0 -999.0 -999.0 -999.0 -999.0 -999.0 -999.0 -999.0 -999.0 -999.0 -999.0 -999.0 -999.0 -999.0 -999.0 -999.0 -999.0 -999.0 -999.0 -999.0 -999.0 1320.5 1780.1 1640.3 1333.8 1020.9 1141.7 1039.8 1035.1 1328.5 1288.0 1253.7 1545.6 1598.9 1677.4 1672.1 1631.7 1585.7 1605.0 1611.9 1603.7 1610.5 1605.0 1574.5 1569.9 1511.7 1520.8 1564.1 1432.4 1503.7 1600.1 1608.1 1598.6 1586.5 1590.0 1493.5 1478.2 1533.2 1465.7 1595.6 1611.6 1514.9 1531.9 1495.5 1502.2 1543.3 1473.4 1497.1 1536.0 1587.5 1564.8
-999.0 -999.0 -999.0 -999.0 -999.0 -999.0 -999.0 -999.0 -999.0 -999.0 -999.0 -999.0 -999.0 -999.0 -999.0 -999.0 -999.0 -999.0 -999.0 -999.0 -999.0 1593.6 1156.2 1071.5 1203.9 1248.7 1338.3 1186.7 1330.9 1309.4 1481.3 1629.6 1474.6 1638.7 1668.4 1516.8 1546.1 1569.0 1626.5 1687.3 1664.7 1574.9 1582.4 1499.7 1509.4 1513.1 1524.3 1564.4 1447.8 1429.5 1546.5 1604.6 1626.4 1605.8 1588.7 1556.2 1515.4 1478.6 1363.2 1504.4 1635.5 1588.4 1529.5 1442.3 1398.2 1444.4 1523.7 1509.5 1566.7 1608.4 1640.9
-999.0 -999.0 -999.0 -999.0 -999.0 -999.0 -999.0 -999.0 -999.0 -999.0 -999.0 -999.0 -999.0 -999.0 -999.0 -999.0 -999.0 -999.0 -999.0 -999.0 1634.2 1470.6 1557.3 969.2 1317.3 1395.0 1217.9 1261.1 1376.0 1182.7 1526.7 1668.2 1460.1 1698.1 1218.4 1429.8 1561.3 1576.8 1512.6 1623.8 1620.4 1377.5 1399.9 1470.9 1574.2 1536.5 1551.4 1584.8 1562.3 1558.9 1595.2 1622.6 1616.7 1615.9 1598.5 1543.0 1548.4 1467.9 1512.5 1602.1 1622.5 1557.8 1485.7 1407.4 1374.0 1423.3 1542.8 1558.4 1606.5 1650.1 1684.0
-999.0 -999.0 -999.0 -999.0 -999.0 -999.0 -999.0 -999.0 -999.0 -999.0 -999.0 -999.0 -999.0 -999.0 -999.0 -999.0 -999.0 -999.0 -999.0 -999.0 1799.9 1569.6 1039.3 1431.7 1710.5 1483.7 1428.7 1279.9 1145.6 1201.8 1504.2 1621.8 1583.5 1646.7 1538.6 1481.8 1412.5 1406.0 1565.5 1547.8 1539.3 1499.9 1455.5 1556.9 1583.1 1548.1 1578.6 1571.8 1591.3 1655.1 1644.7 1632.7 1624.6 1612.5 1615.6 1591.8 1582.3 1520.5 1516.1 1580.7 1581.7 1498.8 1404.0 1339.7 1424.0 1421.8 1465.0 1543.6 1644.2 1607.8 1698.3
-999.0 -999.0 -999.0 -999.0 -999.0 -999.0 -999.0 -999.0 -999.0 -999.0 -999.0 -999.0 -999.0 -999.0 -999.0 -999.0 -999.0 -999.0 -999.0 -999.0 1840.7 1436.7 1729.7 1504.0 1523.7 1391.9 1371.7 1030.5 1192.6 1121.3 1375.8 1506.2 1638.3 1641.3 1547.9 1327.3 1222.1 1129.7 1478.5 1359.4 1459.2 1453.6 1483.5 1612.9 1588.9 1580.7 1608.7 1610.1 1675.0 1695.7 1602.4 1604.8 1638.5 1614.0 1528.5 1626.3 1598.4 1565.1 1573.1 1608.2 1579.0 1488.9 1443.8 1437.2 1464.9 1479.7 1559.4 1593.7 1592.6 1620.4 1697.5
-999.0 -999.0 -999.0 -999.0 -999.0 -999.0 -999.0 -999.0 -999.0 -999.0 -999.0 -999.0 -999.0 -999.0 -999.0 -999.0 -999.0 -999.0 -999.0 -999.0 -999.0 1652.4 1400.0 1214.6 1037.7 963.8 1154.5 1155.5 1313.5 1537.8 1559.4 1608.8 1556.8 1548.9 1592.0 1461.4 1444.0 1199.4 1362.1 1445.4 1475.0 1394.0 1437.6 1604.1 1531.6 1621.3 1669.0 1549.5 1707.3 1722.7 1717.0 1656.4 1663.8 1639.8 1519.1 1571.6 1624.3 1574.0 1585.9 1595.6 1550.7 1475.4 1500.7 1522.9 1573.6 1536.0 1608.2 1544.5 1572.7 1666.5 1698.6
