GDD/GrowingDegreeDays_1965_Actual.txt
ncols         180
nrows         290
xllcorner     -200000
yllcorner     -200000
cellsize      5000
NODATA_value    -999
[rows 96 to 127 of 290, columns 72 to 143 of 180]
1124.2 1252.1 1324.8 1014.8 1254.8 714.8 748.7 996.9 1224.3 841.7 504.6 500.0 424.5 645.1 721.0 763.5 524.4 595.5 484.9 451.8 697.2 686.6 699.6 910.8 822.0 978.4 764.9 596.8 650.7 594.1 716.5 745.9 646.3 588.8 676.2 731.6 629.5 628.3 905.9 1007.3 1106.2 1128.1 957.3 1024.4 -999.0 -999.0 -999.0 -999.0 -999.0 -999.0 -999.0 -999.0 -999.0 -999.0 -999.0 -999.0 -999.0 -999.0 -999.0 -999.0 -999.0 -999.0 -999.0 -999.0 -999.0 -999.0 -999.0 -999.0 -999.0 -999.0 -999.0 -999.0
941.4 1279.9 1321.2 1008.3 1173.3 859.7 1003.2 1208.4 1252.5 924.1 589.6 1189.2 591.6 755.0 609.8 781.7 583.2 817.8 681.2 777.1 772.5 400.2 753.2 730.9 834.0 892.5 930.7 625.0 747.1 832.7 788.2 603.6 743.9 660.0 793.3 749.4 793.1 883.3 1029.9 1027.9 1018.4 1073.0 1182.4 -999.0 -999.0 -999.0 -999.0 -999.0 -999.0 -999.0 -999.0 -999.0 -999.0 -999.0 -999.0 -999.0 -999.0 -999.0 -999.0 -999.0 -999.0 -999.0 -999.0 -999.0 -999.0 -999.0 -999.0 -999.0 -999.0 -999.0 -999.0 -999.0
1277.5 841.7 994.2 939.3 694.5 515.7 1235.6 1326.3 620.2 1036.0 1101.8 574.4 718.5 527.6 707.4 538.9 878.8 965.5 1041.5 1048.1 1038.7 953.8 710.8 921.3 777.2 740.5 968.0 828.8 717.5 879.1 878.4 769.4 773.4 859.2 779.9 855.6 1009.4 1074.2 1109.5 1022.9 1092.3 1154.1 1143.7 -999.0 -999.0 -999.0 -999.0 -999.0 -999.0 -999.0 -999.0 -999.0 -999.0 -999.0 -999.0 -999.0 -999.0 -999.0 -999.0 -999.0 -999.0 -999.0 -999.0 -999.0 -999.0 -999.0 -999.0 -999.0 -999.0 -999.0 -999.0 -999.0
815.7 1097.3 937.3 899.0 1263.2 1282.4 -999.0 1098.8 594.3 756.4 498.3 868.3 985.9 768.6 842.2 866.9 856.1 811.8 765.4 715.6 615.4 363.3 524.5 723.7 717.5 978.6 1083.9 1174.6 804.8 737.7 895.4 895.3 867.2 995.2 957.0 1005.4 1078.2 1075.0 1060.2 1047.3 992.0 1002.8 -999.0 -999.0 -999.0 -999.0 -999.0 -999.0 -999.0 -999.0 -999.0 -999.0 -999.0 -999.0 -999.0 -999.0 -999.0 -999.0 -999.0 -999.0 -999.0 -999.0 -999.0 -999.0 -999.0 -999.0 -999.0 -999.0 -999.0 -999.0 -999.0 -999.0
1119.0 1025.0 1114.2 847.5 1188.8 -999.0 1316.6 1130.3 1304.5 941.1 1075.2 757.7 382.6 765.0 682.6 811.7 593.5 451.3 550.8 732.6 1020.7 934.4 1027.7 797.7 868.3 875.0 776.6 843.3 872.3 826.8 939.2 1051.7 1038.4 1109.0 1102.5 1044.3 1009.9 1032.1 1036.1 1034.0 1120.2 1107.4 -999.0 -999.0 -999.0 -999.0 -999.0 -999.0 -999.0 -999.0 -999.0 -999.0 -999.0 -999.0 -999.0 -999.0 -999.0 -999.0 -999.0 -999.0 -999.0 -999.0 -999.0 -999.0 -999.0 -999.0 -999.0 -999.0 -999.0 -999.0 -999.0 -999.0
1163.4 1336.1 999.8 1245.4 -999.0 1349.2 1325.6 1191.4 426.5 779.3 292.9 705.5 879.9 969.2 687.2 637.9 742.7 597.7 803.9 631.1 530.4 653.0 1047.2 795.4 640.8 598.8 790.7 791.4 1158.5 982.3 1121.3 1173.3 1180.6 1147.1 923.2 926.4 920.4 952.5 949.9 1030.9 1130.3 1204.5 -999.0 -999.0 -999.0 -999.0 -999.0 -999.0 -999.0 -999.0 -999.0 -999.0 -999.0 -999.0 -999.0 -999.0 -999.0 -999.0 -999.0 -999.0 -999.0 -999.0 -999.0 -999.0 -999.0 -999.0 -999.0 -999.0 -999.0 -999.0 -999.0 -999.0
1250.5 719.5 1337.8 -999.0 1375.5 -999.0 1011.4 883.8 718.2 1278.7 510.2 754.8 700.7 836.2 324.5 729.8 325.3 741.8 807.4 441.1 898.5 1218.3 747.8 470.2 430.4 848.7 853.5 831.7 921.6 1063.6 1129.1 1143.2 1130.1 858.1 981.2 1004.9 1062.6 1034.0 1046.7 1150.5 1205.2 -999.0 -999.0 -999.0 -999.0 -999.0 -999.0 -999.0 -999.0 -999.0 -999.0 -999.0 -999.0 -999.0 -999.0 -999.0 -999.0 -999.0 -999.0 -999.0 -999.0 -999.0 -999.0 -999.0 -999.0 -999.0 -999.0 -999.0 -999.0 -999.0 -999.0 -999.0
668.4 960.1 1331.7 -999.0 -999.0 1269.5 1245.3 1272.4 1216.1 894.6 448.6 1081.4 876.7 376.3 634.6 629.6 432.2 428.3 616.2 1106.1 651.3 648.0 474.3 598.3 763.3 553.9 548.2 826.5 1003.6 1141.2 1133.3 1037.6 820.0 1026.7 1130.9 1120.6 1234.8 1206.4 1141.0 -999.0 -999.0 -999.0 -999.0 -999.0 -999.0 -999.0 -999.0 -999.0 -999.0 -999.0 -999.0 -999.0 -999.0 -999.0 -999.0 -999.0 -999.0 -999.0 -999.0 -999.0 -999.0 -999.0 -999.0 -999.0 -999.0 -999.0 -999.0 -999.0 -999.0 -999.0 -999.0 -999.0
1053.1 1221.3 1327.5 -999.0 1356.8 1224.5 1086.0 916.9 1106.5 897.6 1181.8 1185.4 954.3 703.5 765.9 898.8 952.1 884.2 741.7 539.5 884.1 695.6 751.2 620.8 554.9 739.1 791.7 959.1 1086.9 1143.6 1147.0 980.5 1056.7 1210.8 1234.8 1273.9 1236.2 1233.9 -999.0 -999.0 -999.0 -999.0 -999.0 -999.0 -999.0 -999.0 -999.0 -999.0 -999.0 -999.0 -999.0 -999.0 -999.0 -999.0 -999.0 -999.0 -999.0 -999.0 -999.0 -999.0 -999.0 -999.0 -999.0 -999.0 -999.0 -999.0 -999.0 -999.0 -999.0 -999.0 -999.0 -999.0
958.3 1185.6 -999.0 -999.0 1328.9 924.5 1026.2 849.4 1078.0 1227.3 1017.7 689.2 683.3 768.7 849.5 758.5 553.7 885.1 729.6 1026.0 894.3 678.2 944.8 1149.1 1169.1 1064.7 1119.6 1166.3 1137.4 1143.0 1263.7 1148.8 1206.3 1253.6 1121.7 1194.6 1131.4 1184.5 -999.0 -999.0 -999.0 -999.0 -999.0 -999.0 -999.0 -999.0 -999.0 -999.0 -999.0 -999.0 -999.0 -999.0 -999.0 -999.0 -999.0 -999.0 -999.0 -999.0 -999.0 -999.0 -999.0 -999.0 -999.0 -999.0 -999.0 -999.0 -999.0 -999.0 -999.0 -999.0 -999.0 -999.0
-999.0 -999.0 -999.0 1344.6 1016.5 992.9 903.6 980.7 904.0 681.0 731.8 564.4 969.9 713.5 1170.8 627.6 1080.1 511.1 952.1 750.6 448.9 828.9 1002.2 881.9 991.8 1172.4 1135.8 1209.8 1270.0 1210.6 1279.2 1271.8 1180.8 1191.4 1192.7 1168.9 1200.8 1158.8 1224.2 -999.0 -999.0 -999.0 -999.0 -999.0 -999.0 -999.0 -999.0 -999.0 -999.0 -999.0 -999.0 -999.0 -999.0 -999.0 -999.0 -999.0 -999.0 -999.0 -999.0 -999.0 -999.0 -999.0 -999.0 -999.0 -999.0 -999.0 -999.0 -999.0 -999.0 -999.0 -999.0 -999.0
-999.0 -999.0 -999.0 1301.8 1292.5 980.0 880.7 1200.9 800.6 1023.3 1204.8 872.2 699.2 793.8 1358.4 713.3 774.3 716.3 933.4 642.5 787.7 720.8 582.9 828.9 918.9 970.1 1028.2 1070.6 1033.3 1001.3 920.5 974.7 1132.6 1237.0 1204.1 1062.4 1151.1 1024.8 1083.3 1125.5 -999.0 -999.0 -999.0 -999.0 -999.0 -999.0 -999.0 -999.0 -999.0 -999.0 -999.0 -999.0 -999.0 -999.0 -999.0 -999.0 -999.0 -999.0 -999.0 -999.0 -999.0 -999.0 -999.0 -999.0 -999.0 -999.0 -999.0 -999.0 -999.0 -999.0 -999.0 -999.0
-999.0 -999.0 1345.4 1301.0 1226.7 937.5 1099.3 910.9 913.0 1046.3 1225.9 817.2 790.4 616.2 1283.1 812.4 919.7 869.2 933.5 806.5 1169.2 1025.8 961.5 989.4 1119.0 965.7 811.6 661.5 752.8 817.1 933.6 1039.4 977.9 1219.0 1098.7 1050.6 1040.2 1037.9 1063.4 1108.1 1181.8 -999.0 -999.0 -999.0 -999.0 -999.0 -999.0 -999.0 -999.0 -999.0 -999.0 -999.0 -999.0 -999.0 -999.0 -999.0 -999.0 -999.0 -999.0 -999.0 -999.0 -999.0 -999.0 -999.0 -999.0 -999.0 -999.0 -999.0 -999.0 -999.0 -999.0 -999.0
-999.0 1338.9 -999.0 1255.3 1111.6 1201.8 903.3 783.2 1197.8 1271.4 958.5 642.1 920.2 1384.2 1177.1 436.9 1110.0 1102.6 1015.0 962.0 1100.8 1139.9 1215.8 1166.4 926.6 627.5 661.2 791.0 867.7 1013.8 1044.5 1072.4 1019.7 1111.0 1114.0 1204.7 1276.1 1268.3 1260.4 1252.7 -999.0 -999.0 -999.0 -999.0 -999.0 -999.0 -999.0 -999.0 -999.0 -999.0 -999.0 -999.0 -999.0 -999.0 -999.0 -999.0 -999.0 -999.0 -999.0 -999.0 -999.0 -999.0 -999.0 -999.0 -999.0 -999.0 -999.0 -999.0 -999.0 -999.0 -999.0 -999.0
1347.2 1015.5 -999.0 1305.8 1264.5 1148.4 1119.3 1145.4 1128.9 720.2 1153.9 778.7 804.1 827.9 1082.4 1256.5 659.6 1072.5 1219.2 1274.7 1269.2 1280.4 1302.9 1316.9 1016.9 1189.5 1216.9 1212.0 1081.0 975.4 1061.1 1072.9 1143.6 1201.7 1193.9 1289.7 -999.0 -999.0 -999.0 -999.0 -999.0 -999.0 -999.0 -999.0 -999.0 -999.0 -999.0 -999.0 -999.0 -999.0 -999.0 -999.0 -999.0 -999.0 -999.0 -999.0 -999.0 -999.0 -999.0 -999.0 -999.0 -999.0 -999.0 -999.0 -999.0 -999.0 -999.0 -999.0 -999.0 -999.0 -999.0 -999.0
1130.5 1221.4 -999.0 1008.2 1279.6 1067.8 1172.5 1349.1 853.3 833.4 705.3 695.4 1353.1 882.7 884.6 1341.4 1061.2 996.1 1156.7 1126.1 1060.3 1000.9 937.4 1243.1 1308.2 1319.4 1267.1 1189.6 1103.1 1004.0 1063.0 1081.0 1105.0 1229.7 -999.0 -999.0 -999.0 -999.0 -999.0 -999.0 -999.0 -999.0 -999.0 -999.0 -999.0 -999.0 -999.0 -999.0 -999.0 -999.0 -999.0 -999.0 -999.0 -999.0 -999.0 -999.0 -999.0 -999.0 -999.0 -999.0 -999.0 -999.0 -999.0 -999.0 -999.0 -999.0 -999.0 -999.0 -999.0 -999.0 -999.0 -999.0
1138.0 -999.0 1283.1 1260.7 950.0 1171.9 1315.6 867.0 1089.9 793.6 731.4 964.1 1149.8 880.1 897.4 1416.9 1394.9 1330.9 1242.1 1136.0 1064.9 860.5 777.0 1057.3 1210.8 1322.1 1361.5 1255.9 1237.6 1180.1 1160.8 1024.7 1062.0 1278.7 -999.0 -999.0 -999.0 -999.0 -999.0 -999.0 -999.0 -999.0 -999.0 -999.0 -999.0 -999.0 -999.0 -999.0 -999.0 -999.0 -999.0 -999.0 -999.0 -999.0 -999.0 -999.0 -999.0 -999.0 -999.0 -999.0 -999.0 -999.0 -999.0 -999.0 -999.0 -999.0 -999.0 -999.0 -999.0 -999.0 -999.0 -999.0
1354.7 -999.0 1334.1 806.3 1089.5 -999.0 1222.5 913.8 1072.6 867.5 956.7 915.6 1346.8 1366.2 1208.4 1304.3 1289.6 1152.5 1263.8 682.8 690.0 788.3 803.7 1048.5 1268.0 1297.5 1396.9 1416.0 1348.2 1313.6 1246.8 1281.1 -999.0 -999.0 -999.0 -999.0 -999.0 1223.6 1225.1 1219.0 1304.2 -999.0 -999.0 -999.0 -999.0 -999.0 -999.0 -999.0 -999.0 -999.0 -999.0 -999.0 -999.0 -999.0 -999.0 -999.0 -999.0 -999.0 -999.0 -999.0 -999.0 -999.0 -999.0 -999.0 -999.0 -999.0 -999.0 -999.0 -999.0 -999.0 -999.0 -999.0
-999.0 -999.0 1011.7 1295.2 874.1 -999.0 1242.8 834.2 1129.3 1321.0 744.5 1344.7 1462.7 1473.6 1414.5 1251.9 1101.7 903.6 1116.4 1084.6 1159.6 1147.5 1185.6 1148.8 1139.1 1144.3 1225.1 1308.3 1235.4 1183.4 1217.1 1308.7 1339.3 1353.3 -999.0 -999.0 1316.0 1237.1 1152.4 1232.0 1256.8 1280.4 1309.9 -999.0 -999.0 -999.0 -999.0 -999.0 -999.0 -999.0 -999.0 -999.0 -999.0 -999.0 -999.0 -999.0 -999.0 -999.0 -999.0 -999.0 -999.0 -999.0 -999.0 -999.0 -999.0 -999.0 -999.0 -999.0 -999.0 -999.0 -999.0 -999.0
-999.0 -999.0 1350.8 1099.7 947.1 1327.6 1103.0 1264.2 1150.3 1084.3 1020.5 1398.7 1309.9 1131.7 1129.0 1127.1 1279.1 1279.8 1247.5 1267.5 1203.8 1207.3 1201.6 1146.1 1046.6 1052.5 1126.8 1027.5 996.7 1158.7 1222.3 1245.9 1289.0 1282.8 1327.8 1287.3 1197.7 1164.4 1200.0 1142.3 998.4 1034.8 970.4 1255.8 -999.0 -999.0 -999.0 -999.0 -999.0 -999.0 -999.0 -999.0 -999.0 -999.0 -999.0 -999.0 -999.0 -999.0 -999.0 -999.0 -999.0 -999.0 -999.0 -999.0 -999.0 -999.0 -999.0 -999.0 -999.0 -999.0 -999.0 -999.0
-999.0 -999.0 1167.9 871.4 1160.3 1063.2 1344.6 1126.9 1214.4 1388.1 1410.2 -999.0 1108.3 863.6 1115.0 1199.2 1296.4 1288.0 1377.1 1389.9 1205.0 1236.4 1198.7 1021.5 930.2 938.8 1023.4 1061.0 1058.9 1121.4 1130.7 1129.4 1078.7 1201.1 1271.4 1121.9 1150.1 1107.6 1120.8 1010.1 882.8 870.8 839.1 990.1 954.9 933.9 1224.4 -999.0 -999.0 -999.0 -999.0 -999.0 -999.0 -999.0 -999.0 -999.0 -999.0 -999.0 -999.0 -999.0 -999.0 -999.0 -999.0 -999.0 -999.0 -999.0 -999.0 -999.0 -999.0 -999.0 -999.0 -999.0
-999.0 -999.0 1167.2 1213.8 1288.3 903.0 1372.8 -999.0 1402.7 1302.0 1426.0 -999.0 1060.5 743.6 1025.1 1080.2 1253.0 1357.0 1353.9 1370.9 1414.2 1358.8 1283.4 1143.1 899.4 899.6 918.2 1000.8 997.0 941.1 921.8 835.1 958.7 1154.2 1212.6 1090.8 1066.0 1029.1 740.7 701.5 844.5 858.6 930.7 959.8 951.0 1102.0 1128.0 -999.0 -999.0 -999.0 -999.0 -999.0 -999.0 -999.0 -999.0 -999.0 -999.0 -999.0 -999.0 -999.0 -999.0 -999.0 -999.0 -999.0 -999.0 -999.0 -999.0 -999.0 -999.0 -999.0 -999.0 -999.0
-999.0 -999.0 -999.0 1213.9 1070.0 1191.4 1398.9 -999.0 -999.0 1362.0 1441.6 1338.1 1100.2 894.9 1175.4 1102.3 993.5 1128.2 1175.6 1256.9 1120.3 1272.8 1356.8 1233.9 1102.8 968.1 908.4 817.1 899.3 785.3 772.6 898.0 1002.3 984.8 1026.2 975.2 888.5 825.0 851.1 730.9 836.1 894.4 936.7 1155.8 1144.1 1051.1 1033.5 1080.0 -999.0 -999.0 -999.0 -999.0 -999.0 -999.0 -999.0 -999.0 -999.0 -999.0 -999.0 -999.0 -999.0 -999.0 -999.0 -999.0 -999.0 -999.0 -999.0 -999.0 -999.0 -999.0 -999.0 -999.0
-999.0 -999.0 1383.7 1144.1 1093.4 -999.0 -999.0 -999.0 -999.0 -999.0 1436.7 1407.2 1048.0 1127.2 1282.6 1138.1 1010.8 945.2 1031.6 1116.1 1072.9 1064.5 1170.3 1266.1 1094.1 933.9 962.4 934.7 900.0 801.2 851.2 924.5 915.7 925.9 750.1 786.3 887.3 914.0 999.1 881.2 907.9 976.5 973.9 1143.6 1175.7 1160.1 1151.2 1174.2 -999.0 -999.0 -999.0 -999.0 -999.0 -999.0 -999.0 -999.0 -999.0 -999.0 -999.0 -999.0 -999.0 -999.0 -999.0 -999.0 -999.0 -999.0 -999.0 -999.0 -999.0 -999.0 -999.0 -999.0
1424.7 -999.0 1044.3 1142.1 1336.9 1383.4 1111.5 1029.4 -999.0 -999.0 -999.0 1416.9 1212.3 1246.4 1250.5 1214.9 1119.0 990.5 928.9 897.4 886.2 977.5 1015.7 1090.5 1266.9 994.2 1008.6 966.7 967.2 1015.9 1027.4 843.4 914.1 741.1 592.3 670.1 816.4 840.8 1034.2 996.3 1016.4 1020.1 1037.7 1167.2 1180.9 1196.1 1159.4 1122.0 1140.6 -999.0 -999.0 -999.0 -999.0 -999.0 -999.0 -999.0 -999.0 -999.0 -999.0 -999.0 -999.0 -999.0 -999.0 -999.0 -999.0 -999.0 -999.0 -999.0 -999.0 -999.0 -999.0 -999.0
-999.0 1396.4 1001.3 1125.9 1378.8 1077.3 904.5 823.5 1349.7 -999.0 -999.0 -999.0 1400.2 1349.6 1351.4 1301.5 1242.7 1169.8 1000.8 943.7 939.5 1013.4 1029.8 1035.5 1049.2 1115.8 1062.3 1012.0 895.8 958.7 816.0 1038.7 915.2 945.1 935.9 693.2 723.5 892.5 977.5 1082.1 1107.8 1113.6 1123.1 1181.4 1186.7 1225.2 1158.6 1098.1 1137.7 1178.4 -999.0 -999.0 -999.0 -999.0 -999.0 -999.0 -999.0 -999.0 -999.0 -999.0 -999.0 -999.0 -999.0 -999.0 -999.0 -999.0 -999.0 -999.0 -999.0 -999.0 -999.0 -999.0
-999.0 1266.5 1102.3 959.9 1386.6 1388.8 1020.9 954.4 1436.6 -999.0 -999.0 -999.0 -999.0 -999.0 1362.5 1345.5 1355.9 1313.7 1206.6 1117.5 982.5 817.0 852.1 962.0 1025.4 1096.0 1013.0 991.7 950.8 1010.8 856.7 1057.0 955.4 885.8 969.2 1136.1 1036.5 1107.3 1039.9 1157.4 1090.3 1134.5 1250.6 1270.9 1256.9 1227.7 1227.2 1063.3 1056.5 1112.9 1180.9 -999.0 -999.0 -999.0 -999.0 -999.0 -999.0 -999.0 -999.0 -999.0 -999.0 -999.0 -999.0 -999.0 -999.0 -999.0 -999.0 -999.0 -999.0 -999.0 -999.0 -999.0
-999.0 1180.2 988.1 1086.8 -999.0 1402.8 1299.4 779.3 1267.6 -999.0 -999.0 -999.0 -999.0 -999.0 1356.7 1275.2 1168.5 1231.4 1062.8 887.0 898.6 785.4 769.0 836.2 986.0 933.4 988.6 1009.3 872.0 844.3 1094.2 542.6 881.1 699.1 916.3 806.0 873.1 1161.6 1029.3 1136.5 1191.2 1224.2 1211.2 1133.8 1096.1 1154.5 1105.4 1206.0 1066.1 957.7 1118.8 1115.5 1183.6 -999.0 -999.0 -999.0 -999.0 -999.0 -999.0 -999.0 -999.0 -999.0 -999.0 -999.0 -999.0 -999.0 -999.0 -999.0 -999.0 -999.0 -999.0 -999.0
-999.0 1201.7 1174.7 1353.4 -999.0 -999.0 1075.4 841.9 975.1 -999.0 -999.0 -999.0 -999.0 -999.0 1361.0 1316.3 1183.6 1197.1 1120.1 979.9 1051.9 962.7 951.4 840.0 927.4 929.2 964.5 814.4 595.2 736.3 847.4 475.2 573.2 832.3 813.1 970.8 1133.0 1070.6 1033.3 1130.9 1108.5 1114.7 1213.0 1173.9 1173.2 1052.7 843.3 977.6 1027.3 994.5 987.8 1116.0 1168.6 -999.0 -999.0 -999.0 -999.0 -999.0 -999.0 -999.0 -999.0 -999.0 -999.0 -999.0 -999.0 -999.0 -999.0 -999.0 -999.0 -999.0 -999.0 -999.0
-999.0 1325.4 1276.4 -999.0 -999.0 -999.0 1377.8 1200.3 1144.4 -999.0 -999.0 -999.0 -999.0 -999.0 1351.8 1303.7 1214.0 1182.7 1144.7 1076.3 987.3 772.1 703.0 859.8 826.9 996.9 978.5 946.3 739.3 952.9 634.5 702.8 807.7 737.8 721.1 1045.2 942.8 1088.5 1028.8 1051.6 1202.2 1116.2 1074.5 1086.4 1145.0 784.6 745.5 781.6 1021.5 1001.0 998.1 1076.6 1121.3 -999.0 -999.0 -999.0 -999.0 -999.0 -999.0 -999.0 -999.0 -999.0 -999.0 -999.0 -999.0 -999.0 -999.0 -999.0 -999.0 -999.0 -999.0 -999.0
1085.6 1148.7 946.0 1463.2 -999.0 -999.0 -999.0 -999.0 -999.0 -999.0 -999.0 -999.0 -999.0 1239.8 1257.0 1166.5 1158.8 1122.5 1046.7 1062.2 936.4 894.9 769.7 895.9 945.6 835.1 885.1 736.7 683.4 692.5 536.8 578.6 846.8 786.2 754.3 852.6 968.3 958.4 1115.4 1054.8 1016.7 1145.4 1039.7 1050.7 877.8 845.4 673.3 781.5 1053.1 1076.0 1130.9 1072.2 1118.2 -999.0 -999.0 -999.0 -999.0 -999.0 -999.0 -999.0 -999.0 -999.0 -999.0 -999.0 -999.0 -999.0 -999.0 -999.0 -999.0 -999.0 -999.0 -999.0
994.3 1013.5 1146.7 1441.6 -999.0 -999.0 -999.0 -999.0 -999.0 -999.0 -999.0 -999.0 -999.0 1031.3 1263.2 1138.8 1007.9 912.7 931.1 1000.7 996.5 965.1 1092.5 999.1 804.9 807.1 861.2 833.3 910.9 998.2 567.5 856.3 816.8 845.1 832.8 894.5 996.6 1130.2 967.6 1032.1 1035.0 1053.1 1004.4 878.4 803.7 873.9 794.5 826.0 1067.5 1183.6 1180.0 1040.2 1186.4 -999.0 -999.0 -999.0 -999.0 -999.0 -999.0 -999.0 -999.0 -999.0 -999.0 -999.0 -999.0 -999.0 -999.0 -999.0 -999.0 -999.0 -999.0 -999.0
