GDD/GrowingDegreeDays_1992_Actual.txt
ncols         180
nrows         290
xllcorner     -200000
yllcorner     -200000
cellsize      5000
NODATA_value    -999
[rows 192 to 223 of 290, columns 71 to 141 of 180]
-999.0 -999.0 -999.0 -999.0 -999.0 -999.0 -999.0 -999.0 -999.0 -999.0 -999.0 -999.0 -999.0 -999.0 -999.0 -999.0 -999.0 -999.0 -999.0 -999.0 -999.0 1737.6 1371.5 1177.8 1075.2 906.7 1034.5 1300.4 1532.3 1689.3 1561.8 1368.5 1233.7 1153.4 1429.7 1628.3 1585.5 1472.3 1486.8 1648.7 1404.8 1511.2 1540.4 1691.1 1638.9 1765.0 1834.9 1807.4 1716.0 1750.0 1818.4 1836.2 1830.8 1813.7 1731.4 1779.3 1810.3 1778.3 1715.7 1687.5 1671.5 1635.7 1702.8 1744.2 1661.7 1694.9 1726.3 1766.9 1765.3 1858.1 1854.3
-999.0 -999.0 -999.0 -999.0 -999.0 -999.0 -999.0 -999.0 -999.0 -999.0 -999.0 -999.0 -999.0 -999.0 -999.0 -999.0 -999.0 -999.0 -999.0 -999.0 1815.1 1802.6 1451.8 1168.0 1100.4 1185.6 1226.9 1382.3 1281.4 947.5 1207.6 1228.3 1262.4 1488.0 1605.6 1538.7 1513.1 1637.8 1642.8 1575.9 1424.6 1460.1 1526.5 1695.6 1638.3 1814.1 1830.0 1729.7 1828.8 1715.3 1724.1 1781.3 1778.0 1804.7 1758.2 1837.7 1859.2 1786.2 1765.6 1771.3 1689.9 1714.6 1630.5 1699.8 1664.9 1755.6 1756.1 1770.1 1847.5 1877.3 1816.4
-999.0 -999.0 -999.0 -999.0 -999.0 -999.0 -999.0 -999.0 -999.0 -999.0 -999.0 -999.0 -999.0 -999.0 -999.0 -999.0 -999.0 -999.0 -999.0 -999.0 1542.5 1540.6 1500.8 1439.0 1266.0 970.6 1027.7 1136.8 1260.2 1221.0 1137.2 1095.1 1114.3 1476.8 1363.2 1290.7 1650.2 1451.5 1759.6 1678.3 1467.8 1327.9 1638.6 1639.9 1802.4 1868.0 1835.7 1793.6 1553.0 1660.1 1674.9 1715.7 1738.6 1760.4 1756.9 1838.9 1835.2 1814.7 1795.1 1824.4 1799.7 1679.8 1640.1 1667.2 1643.8 1748.2 1819.8 1846.3 1889.3 1863.1 1820.2
-999.0 -999.0 -999.0 -999.0 -999.0 -999.0 -999.0 -999.0 -999.0 -999.0 -999.0 -999.0 -999.0 -999.0 -999.0 -999.0 -999.0 -999.0 -999.0 -999.0 1608.1 1554.5 1732.1 1527.8 1278.6 956.9 1117.0 1106.4 1328.8 1190.7 1247.1 1391.5 1327.6 1309.7 1407.1 1561.7 1698.1 1671.7 1436.5 1745.3 1681.1 1632.0 1663.6 1593.3 1765.7 1911.3 1871.0 1779.8 1734.2 1748.2 1677.3 1705.7 1731.1 1733.2 1815.1 1834.9 1768.8 1786.0 1760.7 1833.7 1767.2 1658.8 1655.9 1753.4 1771.8 1727.2 1827.2 1822.2 1922.0 1847.3 1839.9
-999.0 -999.0 -999.0 -999.0 -999.0 -999.0 -999.0 -999.0 -999.0 -999.0 -999.0 -999.0 -999.0 -999.0 -999.0 -999.0 -999.0 -999.0 -999.0 1709.6 1505.7 1236.0 1357.7 1473.8 1188.9 1125.6 1022.3 1044.2 1502.6 1483.0 1519.3 1393.4 1286.6 1477.1 1538.3 1406.4 1574.8 1672.6 1704.7 1777.5 1794.7 1756.3 1700.5 1765.4 1835.9 1888.0 1911.4 1887.1 1813.3 1766.9 1818.8 1770.7 1791.6 1746.1 1816.0 1808.3 1799.7 1833.3 1840.5 1824.6 1711.9 1723.9 1731.9 1832.6 1797.1 1790.1 1818.5 1902.3 1851.2 1843.8 1842.1
-999.0 -999.0 -999.0 -999.0 -999.0 -999.0 -999.0 -999.0 -999.0 -999.0 -999.0 -999.0 -999.0 -999.0 -999.0 -999.0 -999.0 -999.0 1601.5 1525.9 1392.5 1482.6 1536.0 1207.9 990.4 984.4 1194.4 1140.1 1491.1 1384.7 1494.3 1539.2 1057.5 1457.8 1445.5 1664.8 1662.5 1773.6 1766.7 1726.0 1617.7 1731.1 1599.0 1810.0 1823.0 1984.0 1986.5 1921.3 1877.8 1843.0 1854.2 1835.1 1803.8 1784.0 1891.4 1833.2 1820.4 1791.1 1782.6 1767.5 1711.1 1775.2 1734.8 1829.6 1837.8 1903.0 1902.7 1803.4 1775.7 1819.9 1817.2
-999.0 -999.0 -999.0 -999.0 -999.0 -999.0 -999.0 -999.0 -999.0 -999.0 -999.0 -999.0 -999.0 -999.0 -999.0 -999.0 1590.9 1631.6 1655.0 1758.1 1698.5 1554.3 1465.3 1137.0 1037.3 962.7 944.3 1155.1 1347.4 1640.7 1423.5 1497.9 1191.1 1465.4 1603.9 1642.4 1773.5 1769.7 1819.4 1713.4 1572.2 1658.2 1683.3 1934.1 1957.9 2000.0 1985.5 1881.4 1878.2 1851.0 1907.3 1881.0 1862.8 1879.8 1871.7 1867.0 1749.5 1747.9 1686.1 1643.5 1691.6 1741.0 1807.3 1861.6 1819.8 1791.2 1824.1 1792.1 1868.1 1819.9 1822.8
-999.0 -999.0 -999.0 -999.0 -999.0 -999.0 -999.0 -999.0 -999.0 -999.0 -999.0 -999.0 1842.1 1841.7 1846.7 1457.0 1402.0 1359.0 1347.8 1553.7 1546.3 1554.9 1118.8 1214.6 1060.7 1073.6 1137.4 1426.8 1544.7 1689.5 1535.9 1589.9 1107.5 1285.6 1502.0 1724.6 1710.2 1758.9 1577.1 1787.3 1619.4 1630.1 1740.3 1896.8 2026.3 2052.1 1913.6 1927.3 1930.5 1824.4 1914.1 1910.2 1942.0 1886.3 1822.3 1768.3 1817.8 1727.7 1754.4 1713.5 1642.1 1664.8 1702.3 1757.5 1748.8 1768.5 1818.4 1862.2 1808.0 1910.9 1915.5
-999.0 -999.0 -999.0 -999.0 -999.0 -999.0 -999.0 -999.0 -999.0 -999.0 -999.0 1640.6 1759.6 1617.4 1630.4 1641.9 1441.1 1516.8 1442.3 1596.9 1674.9 1321.9 1234.2 1155.6 1483.2 1028.5 1276.0 1496.2 1151.2 1428.6 1723.6 1183.2 1384.8 1494.9 1860.9 1866.6 1811.7 1536.8 1795.6 1781.0 1726.4 1757.5 1712.8 1871.1 1949.6 2087.4 1983.6 1966.8 1944.3 1866.4 1887.5 1909.3 1920.4 1900.1 1795.9 1790.2 1629.9 1777.4 1795.1 1748.4 1678.3 1734.9 1752.9 1810.3 1828.4 1789.1 1827.3 1799.3 1874.7 1923.6 1912.6
-999.0 -999.0 -999.0 -999.0 -999.0 -999.0 -999.0 -999.0 -999.0 -999.0 1599.6 1605.3 1806.7 1784.3 1749.7 1628.7 1667.4 1575.7 1619.0 1567.5 1167.9 1386.1 1518.9 1168.6 1658.3 1323.5 1264.2 1037.7 1182.0 1204.6 1439.8 1486.7 1590.2 1857.9 1467.3 1519.1 1847.8 1815.2 1875.9 1892.6 1791.2 1837.6 1890.0 1850.6 1875.7 2080.2 2030.2 2000.6 1935.4 1943.9 1946.8 1930.4 1775.4 1939.4 1868.8 1781.2 1704.7 1747.6 1788.3 1733.7 1678.4 1698.0 1678.3 1750.6 1837.9 1856.5 1879.1 1805.0 1841.5 1902.6 1826.4
-999.0 -999.0 -999.0 -999.0 -999.0 -999.0 1844.4 1572.0 1717.0 1527.2 1715.3 1698.4 1627.0 1705.4 1728.9 1514.5 1591.1 1544.8 1549.6 1322.8 1343.7 1505.7 1441.5 1435.6 1536.5 1476.4 1165.6 1142.5 1334.7 1418.4 1306.5 1524.0 1800.7 1395.7 1326.2 1585.0 1584.1 1822.5 1828.8 1926.8 1889.3 1666.7 1891.8 1757.9 1965.4 2044.7 2021.6 1981.1 1774.7 1922.4 1884.6 1582.4 1881.3 1907.8 1856.3 1761.6 1672.2 1779.6 1767.7 1741.7 1763.6 1724.3 1731.9 1787.7 1845.5 1820.1 1861.3 1837.5 1815.3 1814.0 1815.3
-999.0 -999.0 -999.0 -999.0 -999.0 1799.3 1652.8 1680.4 1649.7 1396.6 1125.2 1251.1 1313.2 1579.4 1471.8 1318.6 1417.7 1458.8 1278.1 1462.9 1534.3 1333.2 1580.3 1730.4 1587.4 1510.0 1270.6 1299.1 1363.7 1460.5 1502.4 1593.7 1497.3 875.8 1211.4 1550.2 1766.8 1724.8 1831.1 1704.8 1877.6 1816.4 1918.8 1948.4 1974.8 1977.4 2001.4 1999.6 1903.0 1868.6 1582.0 1578.3 1680.2 1804.8 1831.0 1583.0 1708.7 1771.3 1754.0 1795.2 1731.0 1733.4 1747.3 1821.6 1752.0 1787.2 1847.9 1719.1 1751.6 1846.4 1839.9
-999.0 -999.0 -999.0 1843.3 1726.1 1714.0 1628.4 1716.0 1641.0 1498.3 1468.4 1549.7 1667.0 1470.3 1589.2 1412.6 1693.4 1588.2 1362.1 1457.1 1638.8 1531.8 1789.1 1757.9 1399.7 1293.6 1379.8 1526.5 1372.8 1660.0 1746.1 1719.6 1326.4 1146.1 1162.9 1754.8 1682.8 1696.4 1701.9 1797.9 1954.2 1827.4 1885.1 1914.7 1981.5 1953.8 2019.7 2009.3 1866.4 1819.7 1580.3 1626.5 1696.0 1798.4 1730.3 1594.0 1654.9 1704.8 1763.4 1756.2 1759.4 1765.1 1767.0 1772.7 1758.6 1750.5 1788.5 1803.6 1810.4 1846.7 1774.0
-999.0 -999.0 -999.0 1861.5 -999.0 1866.8 1820.1 1677.5 1768.4 1665.4 1668.5 1608.4 1680.7 1664.1 1556.7 1707.9 1616.8 1782.9 1814.7 1806.0 1801.2 1793.7 1522.4 1584.8 1245.9 783.9 1362.5 1343.3 1363.1 1090.7 1148.8 1824.2 1862.7 1047.6 1424.2 1630.2 1584.8 1508.0 1735.0 1923.9 2006.5 1802.1 1777.9 1911.1 1996.3 2018.8 1979.0 1997.5 1854.4 1595.1 1550.2 1686.5 1748.1 1775.0 1794.2 1782.1 1698.7 1775.4 1809.6 1838.0 1847.5 1811.7 1748.5 1687.7 1761.7 1818.8 1807.1 1857.6 1843.7 1779.7 1806.0
-999.0 -999.0 -999.0 -999.0 -999.0 -999.0 1688.1 1802.2 1815.7 1713.9 1784.9 1736.3 1755.1 1733.6 1840.1 1853.9 1730.8 1789.1 1659.2 1788.7 1528.4 1770.9 1458.8 1272.0 1229.4 1077.2 994.4 1183.2 1057.1 973.8 1439.9 1328.9 1523.2 2017.8 1502.2 1531.2 1851.3 1806.4 1966.3 1760.7 1809.0 1578.2 1683.7 1925.4 1965.3 2013.5 2055.7 1877.0 1591.8 1693.1 1539.8 1692.3 1738.7 1687.8 1796.2 1681.5 1822.9 1826.0 1890.4 1918.2 1901.4 1830.0 1776.5 1793.1 1860.2 1883.8 1889.6 1839.0 1752.9 1703.6 1780.8
-999.0 -999.0 -999.0 -999.0 -999.0 1818.1 1774.4 1765.8 1800.5 1827.3 1664.9 1584.0 1506.5 1651.5 1776.7 1812.3 1847.9 1775.9 1513.3 1824.0 1668.6 1935.2 1740.0 1643.2 1649.8 1684.1 1378.4 1425.7 1207.9 1198.8 1078.0 1279.2 1313.2 1512.9 1179.3 1720.9 1845.2 1881.9 1752.7 1797.2 1598.2 1692.4 1687.6 1958.4 1958.7 1949.2 1631.5 1563.4 1585.2 1549.1 1716.9 1684.2 1686.0 1727.2 1799.4 1808.0 1830.0 1898.7 1959.2 1978.4 1953.7 1845.7 1812.9 1788.8 1850.9 1908.1 1892.0 1800.3 1644.5 1809.7 1780.7
-999.0 -999.0 -999.0 -999.0 1926.4 1884.9 1804.2 1793.1 1841.1 1860.8 1849.2 1753.0 1823.7 1810.3 1873.4 1883.4 1852.9 1838.5 1824.3 1579.3 1911.5 1519.2 1612.2 1578.0 1421.0 1503.1 1651.7 1616.3 1423.0 1512.0 1363.8 1399.4 1581.3 1278.8 1331.6 1866.0 1729.1 1944.4 1886.0 1720.8 1673.6 1795.3 1838.3 1929.1 1947.6 1727.4 1785.7 1622.6 1640.1 1704.5 1686.7 1726.4 1778.8 1780.7 1854.3 1889.3 1905.4 1953.1 1865.0 2020.6 1917.1 1932.0 1904.5 1906.5 1896.2 1882.3 1803.0 1683.8 1725.0 1769.2 1794.4
-999.0 -999.0 -999.0 -999.0 -999.0 -999.0 1927.7 1893.3 1898.5 1851.0 1815.7 1759.5 -999.0 -999.0 -999.0 -999.0 1921.0 1875.6 1746.7 1969.3 2069.4 1907.1 1851.8 1807.8 1749.9 1988.9 1141.8 1114.7 1531.2 1646.1 1647.6 1480.7 1432.5 1361.1 1678.1 1826.8 1863.9 1971.2 1604.8 1790.8 1691.4 1952.7 1927.8 1923.7 1932.3 1652.9 1812.7 1670.5 1682.1 1764.1 1771.6 1802.5 1833.0 1876.7 1903.9 1918.8 1915.8 1949.8 1882.3 1995.8 1940.8 1899.5 1919.2 1888.5 1853.4 1723.4 1759.1 1739.9 1735.1 1769.6 1905.0
-999.0 -999.0 -999.0 -999.0 -999.0 -999.0 1940.4 1837.5 1760.2 1931.2 1768.9 1875.2 -999.0 -999.0 -999.0 -999.0 -999.0 -999.0 -999.0 2105.0 2118.3 2051.1 2133.3 1985.4 1772.8 1441.3 1255.6 1095.7 1189.1 1374.5 1525.6 1522.5 1693.3 1530.7 1555.6 1902.5 1994.5 1654.2 1677.5 1671.7 1991.4 2000.8 1934.1 1942.6 1781.5 1689.7 1716.5 1715.9 1768.9 1803.3 1835.1 1860.6 1871.0 1874.5 1892.9 1833.3 1901.8 1939.8 1980.2 1999.8 1951.5 1929.9 1888.0 1763.9 1747.1 1824.2 1723.4 1754.8 1819.8 1865.7 1925.6
-999.0 -999.0 -999.0 -999.0 -999.0 -999.0 -999.0 -999.0 1922.3 -999.0 -999.0 -999.0 -999.0 -999.0 -999.0 -999.0 -999.0 1895.8 1922.8 1948.5 1908.3 2072.7 2143.2 2126.5 1951.1 1695.0 1382.0 1280.9 1356.4 1720.5 1738.1 1403.7 1597.4 1694.1 1896.9 2018.7 2097.0 1858.5 1885.4 1898.4 2010.3 1994.0 1910.7 1942.7 1636.1 1588.1 1709.6 1736.5 1808.9 1828.0 1844.1 1880.1 1834.6 1872.6 1849.4 1914.4 1932.9 1957.4 1970.2 1972.4 1891.4 1954.9 1794.0 1673.6 1793.1 1758.6 1936.5 1841.1 1887.0 1949.8 1904.5
-999.0 -999.0 -999.0 -999.0 -999.0 -999.0 -999.0 -999.0 -999.0 -999.0 -999.0 -999.0 -999.0 -999.0 -999.0 -999.0 -999.0 1882.4 1876.1 2050.4 1982.0 1952.8 -999.0 -999.0 2197.3 1672.8 1883.7 1688.5 1735.8 1724.9 1662.1 1567.6 1897.5 1963.3 1950.6 2025.5 2047.4 2038.9 2026.9 2016.4 1995.7 1869.2 1902.0 1841.2 1626.7 1712.6 1760.3 1813.4 1823.5 1783.8 1814.4 1869.2 1861.8 1896.5 1871.0 1819.3 1801.1 1864.2 1829.8 1933.2 1926.6 1832.7 1651.6 1829.6 1834.0 1901.4 2043.2 1911.1 1952.9 2018.2 2072.7
-999.0 -999.0 -999.0 -999.0 -999.0 -999.0 -999.0 -999.0 -999.0 -999.0 -999.0 -999.0 -999.0 -999.0 -999.0 -999.0 -999.0 -999.0 -999.0 -999.0 -999.0 -999.0 -999.0 -999.0 2155.3 2052.2 1812.7 1807.0 1943.3 1955.4 1933.8 1880.1 1970.4 2024.5 2002.0 1993.5 2008.4 2019.5 -999.0 2047.2 2005.8 1922.4 1921.4 1833.0 1661.2 1741.9 1755.6 1818.0 1892.0 1880.4 1799.9 1877.4 1859.1 1742.0 1707.4 1716.8 1650.2 1625.1 1756.0 1802.3 1830.6 1845.5 1770.1 1895.0 1907.4 1921.7 1995.0 2017.9 2046.0 2039.9 2079.5
-999.0 -999.0 -999.0 -999.0 -999.0 -999.0 -999.0 -999.0 -999.0 -999.0 -999.0 -999.0 -999.0 -999.0 -999.0 -999.0 -999.0 -999.0 -999.0 -999.0 -999.0 -999.0 -999.0 -999.0 -999.0 2071.7 1998.5 1941.8 1885.3 1860.8 2000.7 2027.0 2018.0 2055.2 -999.0 -999.0 -999.0 -999.0 2012.1 2051.0 1967.1 1951.7 1930.6 1837.4 1667.3 1750.1 1724.8 1783.8 1906.4 1796.0 1809.4 1705.0 1775.3 1605.9 1713.4 1695.1 1717.6 1699.1 1726.0 1814.9 1772.2 1982.2 1962.2 1940.0 2050.7 2018.7 2060.5 2075.3 2083.7 2155.4 2235.7
-999.0 -999.0 -999.0 -999.0 -999.0 -999.0 -999.0 -999.0 -999.0 -999.0 -999.0 -999.0 -999.0 -999.0 -999.0 -999.0 -999.0 -999.0 -999.0 -999.0 -999.0 -999.0 -999.0 -999.0 -999.0 -999.0 2050.5 1828.8 1863.3 1927.5 1884.9 1963.2 2013.2 -999.0 -999.0 -999.0 -999.0 1929.2 1830.4 1750.3 2039.0 2007.5 1971.5 1736.1 1657.5 1692.6 1714.7 1790.1 1807.7 1834.0 1696.7 1584.7 1685.8 1675.8 1741.6 1726.3 1744.1 1842.9 1808.1 1832.4 1904.0 1949.8 1996.7 2108.1 2049.4 2035.3 2045.3 1996.1 1976.0 2126.5 2177.4
-999.0 -999.0 -999.0 -999.0 -999.0 -999.0 -999.0 -999.0 -999.0 -999.0 -999.0 -999.0 -999.0 -999.0 -999.0 -999.0 -999.0 -999.0 -999.0 -999.0 -999.0 -999.0 -999.0 -999.0 -999.0 -999.0 -999.0 2005.9 1925.4 1965.7 1880.2 1996.2 1959.3 -999.0 -999.0 -999.0 2030.4 2029.0 1943.1 1741.3 1818.1 1884.7 1988.8 1816.3 1888.9 1729.9 1735.4 1834.9 1721.3 1649.8 1667.6 1719.8 1674.7 1741.6 1776.1 1803.1 1862.5 1873.5 1877.0 1868.4 1855.3 1929.5 2011.1 2003.7 1958.3 1998.4 2038.8 1996.4 1982.3 2035.0 2095.0
-999.0 -999.0 -999.0 -999.0 -999.0 -999.0 -999.0 -999.0 -999.0 -999.0 -999.0 -999.0 -999.0 -999.0 -999.0 -999.0 -999.0 -999.0 -999.0 -999.0 -999.0 -999.0 -999.0 -999.0 -999.0 -999.0 -999.0 -999.0 -999.0 -999.0 -999.0 -999.0 -999.0 -999.0 -999.0 1953.6 2057.0 2070.4 2008.8 1779.5 1939.1 1886.2 1804.9 1796.6 1816.3 1813.5 1923.9 1897.3 1850.9 1754.4 1772.2 1760.9 1754.6 1719.5 1737.2 1765.2 1650.8 1794.0 1768.2 1822.6 1816.6 1860.2 1952.4 1941.5 1936.9 1949.9 1921.4 1978.0 2004.3 2016.9 2032.8
-999.0 -999.0 -999.0 -999.0 -999.0 -999.0 -999.0 -999.0 -999.0 -999.0 -999.0 -999.0 -999.0 -999.0 -999.0 -999.0 -999.0 -999.0 -999.0 -999.0 -999.0 -999.0 -999.0 -999.0 -999.0 -999.0 -999.0 -999.0 -999.0 -999.0 -999.0 -999.0 -999.0 -999.0 -999.0 2100.0 1943.7 1962.1 1477.4 1607.1 1919.5 1865.9 1812.9 1783.9 1760.3 1906.0 1944.8 1915.9 1891.0 1777.3 1807.2 1850.8 1696.9 1676.0 1577.8 1708.7 1692.2 1586.4 1722.2 1778.0 1833.5 1909.0 1935.5 1949.4 1951.0 1948.5 1978.9 1920.2 1931.9 2003.7 1999.7
-999.0 -999.0 -999.0 -999.0 -999.0 -999.0 -999.0 -999.0 -999.0 -999.0 -999.0 -999.0 -999.0 -999.0 -999.0 -999.0 -999.0 -999.0 -999.0 -999.0 -999.0 -999.0 -999.0 -999.0 -999.0 -999.0 -999.0 -999.0 -999.0 -999.0 -999.0 -999.0 -999.0 -999.0 -999.0 2070.1 2070.8 2044.7 1820.5 1494.5 1611.9 1730.5 1842.1 1719.4 1852.7 1869.1 1922.3 1741.5 1699.9 1644.1 1702.2 1780.4 1746.6 1756.5 1740.7 1710.0 1703.5 1771.2 1772.1 1786.5 1817.1 1883.1 1929.0 1954.4 1946.9 1917.3 1955.3 1904.2 1906.3 1947.7 1893.8
-999.0 -999.0 -999.0 -999.0 -999.0 -999.0 -999.0 -999.0 -999.0 -999.0 -999.0 -999.0 -999.0 -999.0 -999.0 -999.0 -999.0 -999.0 2111.4 1976.7 2064.9 1361.1 1330.6 1345.3 1388.3 1290.1 2129.7 1652.4 2164.9 -999.0 -999.0 -999.0 -999.0 -999.0 -999.0 2058.5 2048.7 1990.3 2035.2 1873.6 1682.7 1609.6 1695.6 1782.9 1830.8 1825.2 1763.8 1655.3 1717.5 1782.3 1791.4 1815.8 1754.7 1782.2 1843.2 1883.5 1889.6 1826.0 1855.7 1783.8 1750.4 1694.5 1819.0 1885.2 1839.7 1832.8 1905.5 1828.0 1880.6 1932.9 1845.4
-999.0 -999.0 -999.0 -999.0 -999.0 -999.0 -999.0 -999.0 -999.0 -999.0 -999.0 -999.0 -999.0 -999.0 -999.0 -999.0 -999.0 -999.0 1758.3 1685.3 1519.9 1471.8 1200.7 1087.0 1174.4 1225.8 1335.8 1723.8 1945.7 2068.1 1959.7 1718.1 1910.8 1988.7 2064.5 2066.3 2059.8 2039.1 2012.8 1991.0 1932.0 1709.1 1705.9 1776.3 1855.8 1599.3 1741.9 1843.4 1796.4 1751.1 1838.8 1863.4 1865.8 1849.9 1852.0 1881.2 1865.7 1944.5 1896.3 1811.6 1785.7 1794.4 1743.8 1729.2 1838.7 1848.2 1930.4 1960.9 1865.2 1942.6 1603.5
-999.0 -999.0 -999.0 -999.0 -999.0 -999.0 -999.0 -999.0 -999.0 -999.0 -999.0 -999.0 -999.0 -999.0 -999.0 -999.0 -999.0 2124.7 2036.3 1865.8 1785.6 1641.4 1318.6 1125.1 1163.3 1287.1 1333.1 1440.4 1667.9 1783.2 1857.9 1784.1 1676.0 1945.9 2008.8 2068.7 2032.8 1903.1 2003.6 1976.9 1818.6 1781.9 1792.3 1777.1 1573.4 1753.9 1640.3 1706.8 1784.3 1883.0 1859.7 1916.7 1860.8 1785.9 1886.3 1841.7 1913.6 1876.8 1889.0 1853.8 1826.6 1710.5 1660.3 1845.9 1895.5 1899.1 1728.6 1880.0 1932.1 1909.0 1898.9
-999.0 -999.0 -999.0 -999.0 -999.0 -999.0 -999.0 -999.0 -999.0 -999.0 -999.0 -999.0 -999.0 -999.0 -999.0 -999.0 -999.0 -999.0 2060.4 2046.2 2002.1 1649.9 1555.3 1450.0 1201.0 1333.2 1442.9 1688.8 1600.4 1408.2 1596.6 1822.7 1841.1 1696.6 1908.0 2063.6 2041.2 2024.8 1929.7 1892.7 1943.5 1901.5 1843.8 1803.3 1688.6 1807.4 1667.4 1762.4 1777.1 1819.3 1824.2 1890.7 1809.2 1781.0 1813.9 1941.9 1941.0 1861.8 1984.0 1957.9 1931.0 1813.1 1718.6 1747.6 1918.0 1934.7 1855.6 1850.6 1905.7 1973.4 1976.1
