GDD/GrowingDegreeDays_1988_Actual.txt
ncols         180
nrows         290
xllcorner     -200000
yllcorner     -200000
cellsize      5000
NODATA_value    -999
[rows 160 to 191 of 290, columns 71 to 141 of 180]
-999.0 -999.0 -999.0 -999.0 -999.0 -999.0 -999.0 -999.0 -999.0 -999.0 -999.0 -999.0 -999.0 -999.0 -999.0 -999.0 -999.0 -999.0 -999.0 -999.0 -999.0 -999.0 -999.0 -999.0 -999.0 -999.0 -999.0 -999.0 -999.0 -999.0 -999.0 -999.0 -999.0 -999.0 -999.0 1675.3 1651.7 1630.5 1587.7 1335.6 1220.5 993.9 1257.0 1138.1 1516.5 1399.1 1403.7 1279.1 1212.5 1280.3 1210.1 1532.5 1530.2 1529.3 1548.2 1588.0 1502.7 1574.2 1595.9 1583.8 1621.3 1664.4 1628.7 1581.7 1553.3 1532.2 1408.7 1459.9 1521.7 1552.3 1568.6
-999.0 -999.0 -999.0 -999.0 -999.0 -999.0 -999.0 -999.0 -999.0 -999.0 -999.0 -999.0 -999.0 -999.0 -999.0 -999.0 -999.0 -999.0 -999.0 -999.0 -999.0 -999.0 -999.0 -999.0 -999.0 -999.0 -999.0 -999.0 -999.0 -999.0 -999.0 -999.0 -999.0 -999.0 -999.0 1682.7 1653.7 1669.3 1701.7 1627.4 1333.6 1512.9 1479.6 1573.6 1443.4 1185.1 1317.6 1172.6 1224.7 1165.6 1526.5 1278.1 1488.5 1401.5 1458.4 1457.2 1538.9 1549.1 1582.9 1613.4 1624.9 1630.8 1586.1 1543.4 1547.2 1554.2 1531.3 1447.2 1500.8 1546.8 1574.1
-999.0 -999.0 -999.0 -999.0 -999.0 -999.0 -999.0 -999.0 -999.0 -999.0 -999.0 -999.0 -999.0 -999.0 -999.0 -999.0 -999.0 -999.0 -999.0 -999.0 -999.0 -999.0 -999.0 -999.0 -999.0 -999.0 -999.0 -999.0 -999.0 -999.0 -999.0 -999.0 -999.0 -999.0 -999.0 1694.5 1680.8 1635.1 1737.6 1689.4 1581.2 1529.1 1565.1 1616.1 1470.6 1354.7 1346.4 1183.7 1055.3 1301.0 1406.3 1605.9 1506.1 1686.5 1627.5 1562.8 1513.1 1552.9 1568.7 1619.8 1611.4 1606.9 1575.8 1542.5 1543.8 1555.2 1551.3 1483.0 1452.2 1567.0 1661.5
-999.0 -999.0 -999.0 -999.0 -999.0 -999.0 -999.0 -999.0 -999.0 -999.0 -999.0 -999.0 -999.0 -999.0 -999.0 -999.0 -999.0 -999.0 -999.0 -999.0 -999.0 -999.0 -999.0 -999.0 -999.0 -999.0 -999.0 -999.0 -999.0 -999.0 -999.0 -999.0 -999.0 -999.0 -999.0 1709.5 1667.9 1643.0 1698.5 1721.0 1672.9 1654.5 1553.9 1425.9 1568.6 1477.3 1362.5 1007.9 1010.5 1027.0 1222.7 1453.9 1556.8 1549.1 1678.2 1721.1 1603.8 1538.1 1605.2 1624.4 1615.2 1622.4 1598.2 1574.6 1575.7 1589.0 1602.1 1510.7 1485.1 1665.4 1766.9
-999.0 -999.0 -999.0 -999.0 -999.0 -999.0 -999.0 -999.0 -999.0 -999.0 -999.0 -999.0 -999.0 -999.0 -999.0 -999.0 -999.0 -999.0 -999.0 -999.0 -999.0 -999.0 -999.0 -999.0 -999.0 -999.0 -999.0 -999.0 -999.0 -999.0 -999.0 -999.0 -999.0 -999.0 -999.0 1710.0 1692.2 1694.8 1747.5 1753.1 1734.5 1609.9 1570.4 1452.5 1386.6 1201.3 1089.1 1007.2 1193.5 1125.3 1327.8 1418.4 1571.6 1438.8 1555.0 1679.4 1720.2 1705.4 1674.8 1663.8 1637.4 1627.4 1626.8 1612.1 1606.7 1624.9 1621.4 1634.3 1607.8 1708.7 1788.6
-999.0 -999.0 -999.0 -999.0 -999.0 -999.0 -999.0 -999.0 -999.0 -999.0 -999.0 -999.0 -999.0 -999.0 -999.0 -999.0 -999.0 -999.0 -999.0 -999.0 -999.0 -999.0 -999.0 -999.0 -999.0 -999.0 -999.0 -999.0 -999.0 -999.0 -999.0 -999.0 -999.0 -999.0 -999.0 -999.0 1667.4 1685.8 1727.7 1740.5 1633.2 1427.6 1382.0 1330.8 1390.7 1385.6 1192.9 1203.6 1110.0 1233.5 1483.5 1699.8 1645.2 1572.2 1546.4 1702.6 1703.6 1642.0 1664.4 1691.6 1639.0 1645.5 1647.3 1640.6 1631.3 1635.0 1630.6 1623.7 1663.6 1692.0 1735.1
-999.0 -999.0 -999.0 -999.0 -999.0 -999.0 -999.0 -999.0 -999.0 -999.0 -999.0 -999.0 -999.0 -999.0 -999.0 -999.0 -999.0 -999.0 -999.0 -999.0 -999.0 -999.0 -999.0 -999.0 -999.0 -999.0 -999.0 -999.0 -999.0 -999.0 -999.0 -999.0 -999.0 -999.0 -999.0 1764.1 1681.9 1696.0 1727.9 1711.9 1630.5 1297.1 1256.2 1391.0 1184.9 1198.8 1256.4 1259.6 1013.7 1207.6 1237.7 1479.1 1745.4 1506.8 1649.2 1743.4 1646.8 1638.7 1696.5 1657.0 1666.4 1664.1 1652.8 1644.7 1638.5 1635.6 1530.5 1602.3 1633.8 1543.0 1591.6
-999.0 -999.0 -999.0 -999.0 -999.0 -999.0 -999.0 -999.0 -999.0 -999.0 -999.0 -999.0 -999.0 -999.0 -999.0 -999.0 -999.0 -999.0 -999.0 -999.0 -999.0 -999.0 -999.0 -999.0 -999.0 -999.0 -999.0 -999.0 -999.0 -999.0 -999.0 -999.0 -999.0 -999.0 -999.0 1764.8 1728.1 1713.5 1727.4 1566.9 1624.3 1540.0 1297.2 1538.8 1495.0 1428.5 1491.1 1439.1 1173.9 1240.5 1266.4 1577.2 1463.9 1347.1 1581.7 1529.4 1596.2 1560.5 1608.7 1639.2 1684.3 1682.7 1663.6 1650.9 1630.8 1646.5 1631.1 1568.4 1624.4 1582.5 1532.3
-999.0 -999.0 -999.0 -999.0 -999.0 -999.0 -999.0 -999.0 -999.0 -999.0 -999.0 -999.0 -999.0 -999.0 -999.0 -999.0 -999.0 -999.0 -999.0 -999.0 -999.0 -999.0 -999.0 -999.0 -999.0 -999.0 -999.0 -999.0 -999.0 -999.0 -999.0 -999.0 -999.0 -999.0 1738.0 1754.2 1730.3 1631.7 1651.4 1639.4 1676.2 1597.2 1577.0 1630.2 1655.1 1648.7 1589.3 1468.9 1207.1 1025.2 980.3 1299.3 1210.0 1283.0 1530.6 1544.5 1646.7 1619.8 1613.5 1664.8 1689.2 1683.1 1670.2 1653.5 1629.2 1655.0 1638.8 1618.0 1609.0 1594.4 1480.3
-999.0 -999.0 -999.0 -999.0 -999.0 -999.0 -999.0 -999.0 -999.0 -999.0 -999.0 -999.0 -999.0 -999.0 -999.0 -999.0 -999.0 -999.0 -999.0 -999.0 -999.0 -999.0 -999.0 -999.0 -999.0 -999.0 -999.0 -999.0 -999.0 -999.0 -999.0 -999.0 -999.0 -999.0 -999.0 1745.6 1770.8 1725.0 1700.1 1546.6 1721.2 1725.5 1730.6 1720.5 1707.1 1733.4 1696.5 1579.3 1464.5 1111.3 957.1 909.3 1170.9 1206.9 1368.8 1518.3 1524.7 1701.9 1696.1 1616.1 1680.6 1680.0 1673.8 1649.8 1631.1 1647.0 1643.2 1614.2 1616.2 1614.2 1587.0
-999.0 -999.0 -999.0 -999.0 -999.0 -999.0 -999.0 -999.0 -999.0 -999.0 -999.0 -999.0 -999.0 -999.0 -999.0 -999.0 -999.0 -999.0 -999.0 -999.0 -999.0 -999.0 -999.0 -999.0 -999.0 -999.0 -999.0 -999.0 -999.0 -999.0 -999.0 -999.0 -999.0 -999.0 -999.0 1795.4 1786.4 1800.1 1781.0 1743.4 1736.7 1738.1 1780.6 1784.8 1840.6 1853.7 1808.8 1694.4 1482.8 1392.6 997.7 861.5 902.0 1111.1 1312.2 1472.3 1605.7 1548.2 1631.0 1569.5 1662.4 1655.0 1663.8 1628.9 1624.7 1635.4 1615.7 1603.0 1615.3 1620.6 1568.0
-999.0 -999.0 -999.0 -999.0 -999.0 -999.0 -999.0 -999.0 -999.0 -999.0 -999.0 -999.0 -999.0 -999.0 -999.0 1763.4 1724.8 1691.5 1675.2 -999.0 -999.0 -999.0 -999.0 -999.0 -999.0 -999.0 -999.0 -999.0 -999.0 -999.0 -999.0 -999.0 -999.0 -999.0 1797.9 1853.0 1810.5 1823.8 1748.4 1740.8 1768.8 1767.7 1775.4 1806.8 1824.3 1858.5 1813.9 1714.0 1562.9 1248.0 1040.7 1022.3 1220.7 1079.8 1270.2 1636.2 1606.3 1672.2 1464.4 1499.2 1621.4 1604.0 1580.6 1561.8 1595.8 1624.3 1626.7 1599.2 1609.9 1642.6 1622.1
-999.0 -999.0 -999.0 -999.0 -999.0 -999.0 -999.0 -999.0 -999.0 -999.0 -999.0 -999.0 -999.0 -999.0 -999.0 1685.7 1596.0 1621.3 1729.1 -999.0 -999.0 -999.0 -999.0 -999.0 -999.0 -999.0 -999.0 -999.0 -999.0 -999.0 -999.0 -999.0 -999.0 1861.6 1736.3 1817.0 1846.2 1762.1 1815.1 1747.0 1776.4 1769.3 1768.7 1785.9 1768.1 1744.0 1770.1 1712.0 1600.2 1454.7 1046.1 987.0 1241.4 1218.2 1392.5 1532.2 1786.3 1722.0 1558.8 1517.7 1590.0 1640.2 1612.3 1561.6 1585.8 1626.4 1635.9 1628.4 1596.7 1638.9 1617.3
-999.0 -999.0 -999.0 -999.0 -999.0 -999.0 -999.0 -999.0 -999.0 -999.0 -999.0 -999.0 -999.0 1743.5 1846.9 1775.8 1606.4 1618.0 1649.5 1815.8 1891.3 1927.2 -999.0 -999.0 1730.9 1750.4 -999.0 -999.0 -999.0 1860.7 1748.1 1723.8 -999.0 1856.9 1691.5 1792.9 1876.1 1833.1 1816.8 1707.8 1709.3 1696.8 1733.2 1686.8 1742.7 1661.9 1691.5 1671.2 1312.6 1542.3 1407.8 1154.7 1463.9 1401.0 1162.5 1655.4 1552.3 1678.4 1580.3 1556.0 1606.7 1642.6 1678.0 1635.1 1635.8 1667.0 1646.1 1664.2 1612.3 1653.2 1639.1
-999.0 -999.0 -999.0 -999.0 -999.0 -999.0 -999.0 -999.0 -999.0 -999.0 -999.0 -999.0 -999.0 -999.0 1863.3 1810.7 1721.0 1694.4 1714.6 1735.1 1680.1 1930.2 -999.0 1891.4 1700.4 1418.0 1512.3 1554.7 1843.5 1837.6 1449.1 1466.9 1570.6 -999.0 1781.8 1731.1 1770.1 1809.8 1793.4 1666.1 1761.1 1852.4 1832.9 1727.2 1685.2 1663.7 1594.7 1593.1 1284.7 1212.2 1248.2 1220.3 1261.0 1156.5 1234.1 1461.0 1639.6 1677.8 1506.3 1503.8 1611.9 1593.5 1676.4 1638.4 1638.8 1671.3 1646.3 1671.6 1622.6 1652.1 1651.7
-999.0 -999.0 -999.0 -999.0 -999.0 -999.0 -999.0 -999.0 -999.0 -999.0 -999.0 -999.0 -999.0 -999.0 -999.0 1865.4 1767.8 1696.3 1778.0 1802.7 1829.7 1908.7 1481.7 928.2 1615.8 1242.8 1240.8 1385.8 1586.6 1752.6 1708.9 1528.1 1376.7 1576.6 1785.3 1815.8 1755.5 1767.7 1704.2 1525.3 1638.9 1840.4 1866.5 1757.7 1683.8 1658.4 1588.2 1526.0 1143.0 1055.3 1205.3 1215.3 1336.9 1377.4 1338.4 1423.1 1604.4 1631.1 1533.6 1564.9 1595.4 1556.3 1639.7 1589.5 1657.2 1662.2 1659.3 1619.7 1504.3 1660.2 1667.8
-999.0 -999.0 -999.0 -999.0 -999.0 -999.0 -999.0 -999.0 -999.0 -999.0 -999.0 -999.0 -999.0 -999.0 -999.0 -999.0 1775.0 1835.7 1837.7 1842.5 1723.6 1512.8 676.8 1112.3 1750.0 1211.2 1488.8 1241.6 1323.1 1592.2 1726.9 1260.3 1464.7 1458.0 1631.2 1800.8 1733.5 1710.3 1716.7 1597.5 1606.9 1722.5 1759.6 1747.4 1671.5 1635.3 1591.4 1389.5 1272.6 994.8 1161.7 1145.1 1183.9 1468.6 1366.5 1314.4 1461.3 1528.8 1531.9 1597.1 1559.6 1556.0 1618.4 1582.0 1658.6 1675.6 1650.8 1654.2 1648.0 1655.1 1676.5
-999.0 -999.0 -999.0 -999.0 -999.0 -999.0 -999.0 -999.0 -999.0 -999.0 -999.0 -999.0 -999.0 -999.0 -999.0 -999.0 -999.0 1893.3 1855.3 1643.0 1404.2 725.6 646.6 1080.3 1365.8 1376.4 1265.3 1150.2 1165.0 1194.2 1496.3 1640.0 1191.2 1424.4 1576.1 1590.9 1698.7 1729.4 1702.6 1665.6 1642.9 1690.0 1727.8 1696.6 1643.3 1604.6 1535.9 1378.6 1189.6 1087.6 1234.6 1255.2 1165.7 1319.6 1570.1 1358.0 1545.2 1506.9 1505.5 1608.3 1621.0 1600.6 1589.0 1583.9 1661.6 1686.0 1670.2 1697.7 1617.0 1659.1 1680.8
-999.0 -999.0 -999.0 -999.0 -999.0 -999.0 -999.0 -999.0 -999.0 -999.0 -999.0 -999.0 -999.0 -999.0 -999.0 -999.0 -999.0 1913.8 1762.1 1354.9 1187.6 1052.4 815.4 1322.7 1598.9 1389.7 1122.2 1052.3 1015.3 1194.4 1456.2 1699.4 1167.9 1254.4 1518.1 1603.8 1750.8 1749.9 1695.8 1608.1 1624.3 1649.4 1662.0 1672.4 1644.5 1581.3 1404.6 1315.6 1393.2 1059.7 1223.8 1200.3 1131.1 1189.0 1383.8 1502.7 1545.1 1602.8 1505.0 1496.2 1591.6 1595.0 1641.0 1640.0 1690.7 1682.2 1685.3 1687.8 1654.7 1629.4 1669.2
-999.0 -999.0 -999.0 -999.0 -999.0 -999.0 -999.0 -999.0 -999.0 -999.0 -999.0 -999.0 -999.0 -999.0 -999.0 -999.0 -999.0 1909.2 1696.9 1441.4 1457.8 1047.4 1170.2 1447.7 1356.9 1481.4 1288.7 1035.5 1158.1 1017.3 1219.4 1511.8 1204.1 1199.1 1331.5 1662.0 1729.4 1766.3 1667.4 1565.6 1579.1 1631.3 1646.8 1652.9 1618.6 1481.6 1414.4 1437.6 1408.4 1229.4 1251.4 1264.0 1283.2 1373.9 1399.9 1360.6 1598.7 1520.1 1514.4 1571.3 1564.4 1620.1 1580.9 1693.0 1701.8 1688.6 1697.1 1689.0 1571.1 1658.6 1683.4
-999.0 -999.0 -999.0 -999.0 -999.0 -999.0 -999.0 -999.0 -999.0 -999.0 -999.0 -999.0 -999.0 -999.0 -999.0 -999.0 1893.0 1077.4 1557.5 1410.4 1244.8 1570.3 789.6 972.6 1060.3 1186.0 989.4 1174.2 1121.4 1216.4 1335.2 1238.6 1037.5 1228.3 1352.3 1666.4 1760.4 1787.6 1626.7 1603.4 1634.9 1631.4 1657.9 1625.9 1513.8 1522.1 1519.5 1374.5 1275.7 1472.5 1159.1 1216.8 1435.0 1404.2 1473.2 1534.8 1547.5 1580.7 1571.1 1643.8 1586.9 1658.1 1709.9 1614.9 1710.6 1697.6 1679.6 1673.6 1578.5 1659.8 1690.5
-999.0 -999.0 -999.0 -999.0 -999.0 -999.0 -999.0 -999.0 -999.0 -999.0 -999.0 -999.0 -999.0 -999.0 1895.5 1826.6 1457.2 1526.5 1678.5 1664.7 1473.1 1676.8 1416.0 1265.8 1017.3 1036.3 928.2 1038.2 991.3 1338.4 1182.6 1258.6 1522.8 1521.4 1624.8 1623.6 1711.6 1737.8 1625.9 1602.7 1602.4 1634.2 1602.0 1476.4 1534.7 1491.0 1549.8 1400.0 1333.9 1369.5 1437.8 1508.2 1399.7 1458.3 1514.1 1536.6 1563.2 1573.7 1637.4 1666.2 1722.4 1769.6 1748.2 1709.5 1699.2 1667.4 1687.2 1668.6 1585.2 1653.3 1697.1
-999.0 -999.0 -999.0 -999.0 -999.0 -999.0 -999.0 -999.0 -999.0 -999.0 -999.0 -999.0 -999.0 1855.3 1777.1 1757.2 1749.5 1809.3 1869.7 1827.8 1834.0 1784.1 1475.6 1308.3 1174.8 708.7 1157.4 1266.7 1228.6 1420.7 1015.2 1016.0 1136.8 1440.4 1611.1 1614.9 1639.8 1657.9 1612.8 1559.3 1594.0 1589.7 1561.1 1487.5 1444.3 1535.7 1521.1 1393.7 1407.1 1442.2 1468.0 1474.2 1472.0 1573.7 1558.8 1614.1 1734.1 1638.8 1677.9 1756.1 1833.9 1803.7 1714.6 1714.7 1692.2 1666.5 1650.4 1644.8 1539.5 1602.3 1669.8
-999.0 -999.0 -999.0 -999.0 -999.0 -999.0 -999.0 -999.0 -999.0 -999.0 -999.0 -999.0 1891.2 1674.8 1694.5 1730.9 -999.0 -999.0 -999.0 -999.0 1861.6 1255.9 1234.2 1221.8 1086.0 1193.0 1259.5 988.4 1047.3 1203.8 664.9 873.7 1123.5 1195.4 1494.2 1698.6 1650.6 1617.0 1625.7 1598.6 1600.4 1603.6 1542.2 1568.7 1437.7 1497.1 1491.5 1474.3 1463.7 1469.8 1498.3 1581.4 1587.2 1610.7 1645.2 1686.1 1747.0 1754.8 1739.3 1759.0 1770.0 1756.0 1727.1 1702.3 1637.9 1597.8 1588.4 1600.3 1552.4 1587.3 1611.7
-999.0 -999.0 -999.0 -999.0 -999.0 -999.0 -999.0 -999.0 -999.0 -999.0 -999.0 -999.0 1850.7 1550.2 1836.7 1896.9 -999.0 -999.0 -999.0 -999.0 1933.1 1445.7 1132.2 1455.5 1073.5 1099.3 1128.6 920.6 857.6 1101.0 850.3 1344.2 1328.4 1447.6 1585.8 1715.2 1690.9 1625.6 1606.4 1559.5 1516.8 1602.9 1540.6 1554.3 1531.0 1461.9 1534.5 1517.5 1583.7 1530.4 1480.5 1473.6 1493.8 1615.8 1667.0 1696.0 1713.5 1667.4 1691.1 1684.7 1681.5 1683.1 1598.8 1631.7 1488.8 1494.0 1493.2 1571.7 1554.2 1586.0 1610.4
-999.0 -999.0 -999.0 -999.0 -999.0 -999.0 -999.0 -999.0 -999.0 -999.0 -999.0 -999.0 -999.0 -999.0 -999.0 -999.0 -999.0 -999.0 -999.0 -999.0 1941.0 1369.2 1322.1 1466.9 1243.6 1404.8 955.7 1007.4 1332.5 1107.2 1152.9 1306.2 1323.9 1559.9 1670.2 1743.5 1619.3 1612.1 1588.3 1576.7 1601.2 1616.3 1616.3 1610.1 1575.4 1528.9 1575.7 1596.9 1592.9 1562.8 1594.6 1551.4 1533.7 1668.2 1561.9 1503.0 1601.3 1601.3 1619.9 1680.0 1636.2 1562.9 1462.6 1485.7 1540.1 1524.1 1488.6 1547.3 1540.3 1586.0 1597.1
-999.0 -999.0 -999.0 -999.0 -999.0 -999.0 -999.0 -999.0 -999.0 -999.0 -999.0 -999.0 -999.0 -999.0 -999.0 -999.0 -999.0 -999.0 -999.0 -999.0 -999.0 1381.6 1879.3 1712.8 1373.7 1035.2 1164.3 1053.0 1045.3 1361.5 1313.1 1274.0 1587.6 1643.7 1728.4 1718.4 1669.7 1612.0 1637.5 1650.6 1644.2 1656.0 1656.3 1625.5 1618.7 1558.5 1573.4 1623.6 1477.6 1546.5 1644.8 1652.1 1639.3 1623.7 1627.4 1529.2 1515.4 1571.4 1502.0 1639.4 1658.1 1564.9 1593.3 1547.6 1546.3 1585.5 1513.9 1538.3 1577.1 1629.2 1606.3
-999.0 -999.0 -999.0 -999.0 -999.0 -999.0 -999.0 -999.0 -999.0 -999.0 -999.0 -999.0 -999.0 -999.0 -999.0 -999.0 -999.0 -999.0 -999.0 -999.0 -999.0 1682.6 1196.0 1094.4 1230.9 1277.7 1377.9 1207.0 1361.2 1334.5 1518.2 1676.0 1506.7 1684.7 1717.4 1549.8 1576.7 1590.8 1657.0 1729.8 1711.4 1616.5 1626.4 1539.2 1550.7 1558.4 1584.7 1639.1 1496.4 1465.5 1584.2 1644.6 1666.5 1644.2 1626.4 1592.6 1551.0 1513.0 1392.6 1541.2 1680.2 1639.5 1587.3 1490.0 1437.9 1482.6 1564.3 1550.1 1608.9 1650.2 1688.7
-999.0 -999.0 -999.0 -999.0 -999.0 -999.0 -999.0 -999.0 -999.0 -999.0 -999.0 -999.0 -999.0 -999.0 -999.0 -999.0 -999.0 -999.0 -999.0 -999.0 1739.8 1539.4 1620.8 976.2 1349.9 1434.3 1240.6 1285.0 1407.6 1195.3 1562.8 1712.6 1486.6 1749.1 1229.2 1456.5 1596.5 1609.8 1540.7 1663.7 1663.5 1404.2 1428.6 1505.9 1618.2 1580.5 1604.4 1647.5 1609.7 1592.3 1627.4 1659.2 1655.4 1653.5 1637.0 1578.4 1585.6 1501.0 1547.4 1641.4 1661.8 1596.6 1526.9 1445.9 1411.3 1460.3 1582.9 1598.7 1647.1 1690.8 1731.7
-999.0 -999.0 -999.0 -999.0 -999.0 -999.0 -999.0 -999.0 -999.0 -999.0 -999.0 -999.0 -999.0 -999.0 -999.0 -999.0 -999.0 -999.0 -999.0 -999.0 1929.4 1648.0 1064.8 1468.7 1779.1 1529.0 1465.9 1301.8 1154.2 1212.0 1535.4 1660.9 1618.4 1690.0 1574.6 1516.6 1441.1 1431.4 1601.5 1584.2 1576.2 1533.2 1486.7 1595.4 1624.4 1586.2 1621.0 1613.0 1626.5 1683.9 1671.7 1665.2 1660.7 1649.4 1653.9 1628.7 1618.8 1553.8 1550.1 1615.8 1614.9 1531.2 1436.1 1370.8 1457.6 1457.0 1502.5 1582.3 1684.9 1640.0 1742.3
-999.0 -999.0 -999.0 -999.0 -999.0 -999.0 -999.0 -999.0 -999.0 -999.0 -999.0 -999.0 -999.0 -999.0 -999.0 -999.0 -999.0 -999.0 -999.0 -999.0 1978.4 1501.6 1815.2 1553.4 1571.9 1426.0 1402.8 1033.0 1203.1 1124.4 1397.2 1535.3 1678.4 1682.7 1581.4 1349.0 1236.7 1137.0 1510.0 1382.8 1489.5 1482.8 1513.8 1655.0 1627.4 1617.5 1646.2 1643.9 1711.8 1726.7 1626.0 1634.3 1676.5 1652.4 1560.7 1665.4 1635.1 1598.1 1606.3 1642.5 1611.3 1519.3 1473.6 1468.2 1498.4 1516.0 1601.7 1637.0 1631.9 1658.4 1747.4
-999.0 -999.0 -999.0 -999.0 -999.0 -999.0 -999.0 -999.0 -999.0 -999.0 -999.0 -999.0 -999.0 -999.0 -999.0 -999.0 -999.0 -999.0 -999.0 -999.0 -999.0 1751.8 1452.3 1241.2 1048.8 957.1 1161.4 1164.2 1333.8 1572.9 1593.3 1644.6 1585.8 1574.9 1623.4 1487.3 1472.1 1207.7 1384.1 1474.7 1505.8 1418.0 1463.4 1642.0 1563.1 1659.0 1707.9 1576.3 1744.8 1758.7 1752.1 1690.4 1705.0 1681.0 1551.7 1604.4 1659.2 1605.8 1618.8 1627.9 1581.2 1502.8 1529.5 1553.8 1609.7 1573.5 1651.5 1582.1 1610.7 1710.6 1747.5
