GDD/GrowingDegreeDays_1984_Actual.txt
ncols         180
nrows         290
xllcorner     -200000
yllcorner     -200000
cellsize      5000
NODATA_value    -999
[rows 192 to 223 of 290, columns 71 to 141 of 180]
-999.0 -999.0 -999.0 -999.0 -999.0 -999.0 -999.0 -999.0 -999.0 -999.0 -999.0 -999.0 -999.0 -999.0 -999.0 -999.0 -999.0 -999.0 -999.0 -999.0 -999.0 1699.3 1443.4 1275.8 1133.6 944.1 1049.4 1283.3 1483.2 1612.9 1515.3 1365.5 1272.1 1214.4 1442.4 1599.9 1568.6 1481.4 1492.4 1624.6 1427.1 1512.1 1527.1 1636.1 1603.6 1722.7 1796.1 1793.4 1744.5 1799.7 1841.3 1824.9 1797.1 1771.2 1690.6 1733.6 1752.2 1711.3 1652.2 1623.5 1604.6 1563.7 1611.8 1639.1 1567.7 1595.9 1621.1 1647.6 1651.1 1725.4 1719.3
-999.0 -999.0 -999.0 -999.0 -999.0 -999.0 -999.0 -999.0 -999.0 -999.0 -999.0 -999.0 -999.0 -999.0 -999.0 -999.0 -999.0 -999.0 -999.0 -999.0 1839.0 1748.0 1495.3 1267.9 1164.9 1199.6 1226.2 1348.3 1279.7 1009.1 1235.4 1250.4 1284.8 1478.8 1575.1 1520.9 1504.1 1606.7 1615.5 1568.8 1463.4 1487.5 1529.3 1651.7 1613.7 1767.4 1786.7 1716.3 1811.0 1737.1 1739.2 1768.8 1732.4 1752.7 1714.7 1780.6 1791.7 1717.0 1692.9 1701.8 1627.5 1634.1 1556.5 1607.5 1571.3 1643.0 1645.5 1657.1 1719.9 1743.0 1691.0
-999.0 -999.0 -999.0 -999.0 -999.0 -999.0 -999.0 -999.0 -999.0 -999.0 -999.0 -999.0 -999.0 -999.0 -999.0 -999.0 -999.0 -999.0 -999.0 -999.0 1591.8 1545.8 1501.8 1455.7 1307.1 1042.1 1076.2 1148.7 1261.0 1230.2 1172.0 1139.6 1157.9 1458.0 1368.9 1311.0 1609.0 1450.3 1698.2 1631.2 1505.8 1391.9 1623.5 1622.8 1757.8 1813.9 1787.7 1754.3 1564.3 1663.9 1677.8 1697.3 1697.9 1712.9 1714.6 1767.1 1757.3 1740.9 1712.5 1768.9 1728.0 1609.9 1566.8 1581.6 1555.8 1639.6 1702.7 1727.7 1763.1 1737.0 1696.5
-999.0 -999.0 -999.0 -999.0 -999.0 -999.0 -999.0 -999.0 -999.0 -999.0 -999.0 -999.0 -999.0 -999.0 -999.0 -999.0 -999.0 -999.0 -999.0 -999.0 1626.6 1552.1 1700.0 1522.5 1319.0 1041.1 1162.0 1129.7 1305.7 1202.4 1263.7 1383.2 1326.7 1313.3 1389.8 1520.8 1646.2 1631.3 1435.3 1681.2 1659.8 1634.8 1653.8 1593.1 1736.1 1852.2 1820.7 1743.2 1712.2 1733.3 1671.5 1679.6 1684.9 1682.9 1756.0 1750.3 1692.4 1722.9 1701.1 1779.1 1702.1 1592.6 1576.9 1649.9 1663.6 1631.9 1716.8 1714.0 1801.9 1733.4 1719.1
-999.0 -999.0 -999.0 -999.0 -999.0 -999.0 -999.0 -999.0 -999.0 -999.0 -999.0 -999.0 -999.0 -999.0 -999.0 -999.0 -999.0 -999.0 -999.0 1721.2 1518.5 1280.4 1387.1 1483.6 1255.2 1196.4 1086.5 1089.7 1461.1 1453.8 1500.1 1396.0 1301.7 1454.4 1461.0 1374.8 1554.3 1637.2 1667.7 1727.7 1750.3 1727.2 1684.0 1737.0 1792.5 1833.6 1855.7 1839.3 1793.2 1769.4 1801.4 1731.9 1728.3 1690.3 1749.3 1737.2 1726.5 1753.8 1763.4 1750.7 1647.4 1637.0 1632.0 1717.2 1684.0 1688.4 1714.5 1781.5 1741.8 1732.2 1728.6
-999.0 -999.0 -999.0 -999.0 -999.0 -999.0 -999.0 -999.0 -999.0 -999.0 -999.0 -999.0 -999.0 -999.0 -999.0 -999.0 -999.0 -999.0 1608.0 1531.7 1405.2 1466.4 1506.1 1273.2 1093.8 1077.3 1238.8 1185.7 1470.8 1390.6 1492.2 1532.7 1122.6 1432.1 1395.2 1627.3 1637.7 1727.0 1729.5 1703.2 1617.1 1707.3 1599.1 1770.4 1777.1 1903.0 1910.6 1873.0 1855.9 1860.9 1855.8 1776.2 1724.9 1720.5 1813.8 1761.7 1745.7 1718.1 1710.2 1693.4 1634.2 1665.2 1619.6 1712.2 1723.5 1785.2 1783.2 1704.5 1684.8 1725.3 1721.0
-999.0 -999.0 -999.0 -999.0 -999.0 -999.0 -999.0 -999.0 -999.0 -999.0 -999.0 -999.0 -999.0 -999.0 -999.0 -999.0 1570.0 1573.5 1589.0 1683.0 1649.9 1541.6 1474.3 1220.6 1131.4 1050.9 1027.1 1203.5 1362.1 1609.5 1447.1 1512.1 1246.8 1464.0 1592.7 1670.8 1756.0 1731.8 1783.7 1704.0 1576.4 1639.4 1670.3 1882.2 1899.4 1911.5 1911.6 1846.4 1849.0 1844.3 1873.0 1777.2 1730.2 1796.4 1824.3 1781.0 1687.8 1682.3 1628.3 1586.0 1611.2 1631.5 1676.9 1727.6 1713.4 1693.3 1716.4 1690.9 1758.7 1731.4 1730.3
-999.0 -999.0 -999.0 -999.0 -999.0 -999.0 -999.0 -999.0 -999.0 -999.0 -999.0 -999.0 1828.5 1800.8 1793.1 1451.8 1364.9 1305.6 1306.3 1522.3 1558.3 1582.7 1218.0 1279.0 1138.1 1141.5 1193.5 1425.0 1535.5 1668.8 1555.9 1600.6 1193.9 1334.2 1518.4 1721.7 1711.8 1739.2 1589.9 1763.3 1624.0 1633.4 1729.7 1878.4 2001.2 2002.6 1883.3 1892.7 1886.9 1797.0 1848.5 1797.8 1808.3 1794.3 1758.8 1698.4 1741.1 1668.1 1684.1 1643.6 1574.2 1576.2 1599.1 1647.5 1651.3 1671.9 1712.5 1744.0 1706.3 1787.5 1778.0
-999.0 -999.0 -999.0 -999.0 -999.0 -999.0 -999.0 -999.0 -999.0 -999.0 -999.0 1661.0 1722.2 1572.2 1574.7 1572.7 1384.3 1435.6 1408.6 1591.9 1706.8 1441.7 1330.7 1223.0 1478.7 1107.4 1305.2 1481.7 1222.6 1462.3 1706.6 1270.7 1439.4 1519.0 1811.9 1827.1 1782.9 1552.7 1769.5 1767.7 1734.9 1742.2 1723.0 1884.8 1962.9 2074.3 1956.2 1938.1 1904.6 1834.2 1831.3 1822.0 1823.6 1819.6 1735.4 1722.7 1591.7 1710.3 1719.9 1673.2 1608.3 1644.5 1652.7 1701.2 1720.9 1693.9 1727.1 1699.4 1761.3 1782.4 1756.7
-999.0 -999.0 -999.0 -999.0 -999.0 -999.0 -999.0 -999.0 -999.0 -999.0 1627.6 1602.3 1735.8 1691.7 1665.7 1573.4 1620.9 1553.0 1619.4 1605.8 1309.7 1497.9 1568.9 1246.2 1640.5 1367.0 1310.9 1122.4 1253.3 1279.5 1477.1 1531.8 1631.8 1840.8 1506.6 1538.8 1788.5 1755.0 1825.7 1865.2 1780.8 1815.2 1877.4 1870.5 1912.8 2066.9 1999.7 1976.3 1921.5 1902.8 1883.3 1860.3 1742.1 1874.5 1801.2 1720.9 1657.3 1689.1 1717.4 1668.2 1616.6 1624.2 1605.7 1663.9 1737.8 1757.8 1780.3 1716.4 1745.0 1779.2 1699.8
-999.0 -999.0 -999.0 -999.0 -999.0 -999.0 1860.8 1615.2 1717.4 1551.0 1688.2 1651.2 1587.2 1657.2 1671.2 1505.7 1585.1 1560.1 1596.3 1426.5 1446.3 1573.3 1508.3 1493.5 1570.3 1523.2 1265.6 1236.3 1387.5 1457.3 1379.3 1580.1 1829.3 1486.2 1401.2 1576.6 1545.2 1736.1 1777.1 1883.6 1857.6 1678.0 1874.4 1776.3 1962.3 2019.7 1989.9 1952.8 1770.8 1866.1 1825.1 1579.5 1830.0 1844.9 1794.8 1709.9 1633.8 1715.6 1704.7 1680.7 1693.4 1656.6 1658.2 1701.7 1752.4 1739.0 1775.1 1750.3 1731.4 1720.6 1723.1
-999.0 -999.0 -999.0 -999.0 -999.0 1807.8 1652.4 1658.4 1619.7 1420.7 1199.3 1294.3 1343.8 1560.9 1477.9 1371.7 1463.7 1504.7 1381.8 1543.8 1597.7 1430.9 1627.9 1749.4 1641.5 1587.3 1388.4 1386.7 1420.9 1494.3 1538.1 1640.3 1576.4 1032.8 1295.2 1537.8 1704.9 1673.5 1785.2 1696.4 1848.2 1804.3 1895.9 1926.1 1954.7 1956.6 1975.8 1969.0 1869.5 1807.1 1563.8 1571.5 1658.2 1755.3 1780.3 1569.4 1665.2 1712.4 1697.2 1728.6 1674.3 1670.0 1678.7 1736.0 1681.0 1710.9 1761.7 1652.3 1675.4 1750.5 1745.0
-999.0 -999.0 -999.0 1891.8 1774.0 1734.5 1624.6 1664.4 1602.3 1494.4 1477.1 1543.9 1635.0 1471.9 1571.2 1448.1 1688.2 1613.6 1445.3 1528.0 1676.3 1597.0 1810.0 1790.7 1507.8 1422.1 1475.1 1566.8 1433.4 1658.2 1718.5 1717.1 1412.5 1258.0 1250.7 1717.2 1658.6 1679.1 1695.2 1781.2 1918.7 1815.8 1870.3 1897.0 1958.6 1942.9 2001.7 1991.9 1863.3 1786.4 1568.6 1611.5 1682.3 1772.5 1712.1 1589.6 1628.7 1661.5 1710.3 1703.1 1704.4 1700.6 1698.3 1702.6 1690.4 1682.5 1711.4 1720.7 1727.9 1769.9 1717.6
-999.0 -999.0 -999.0 1921.1 -999.0 1870.1 1804.6 1649.4 1706.4 1632.0 1645.5 1596.3 1646.0 1618.3 1529.2 1666.6 1615.5 1757.9 1799.0 1807.9 1815.5 1824.3 1616.3 1677.7 1390.3 959.8 1445.5 1411.5 1420.3 1188.2 1218.5 1772.0 1830.8 1162.5 1477.2 1641.0 1599.6 1540.8 1729.3 1891.3 1963.4 1795.4 1784.4 1897.3 1977.5 2006.0 1969.1 1993.4 1868.9 1627.7 1561.9 1677.7 1751.6 1781.6 1784.8 1756.3 1678.4 1734.2 1761.9 1782.5 1783.5 1744.5 1684.5 1635.1 1697.5 1742.4 1729.7 1767.2 1761.8 1724.1 1752.9
-999.0 -999.0 -999.0 -999.0 -999.0 -999.0 1704.5 1770.6 1772.2 1682.7 1744.7 1699.6 1700.8 1662.5 1743.6 1772.4 1714.8 1750.9 1669.5 1789.4 1590.9 1802.2 1579.5 1440.7 1381.9 1223.6 1133.9 1288.1 1173.7 1093.0 1474.2 1387.5 1549.4 1948.4 1533.7 1570.3 1839.7 1799.0 1929.0 1763.5 1809.5 1621.0 1709.5 1912.9 1956.1 2013.2 2064.5 1895.5 1645.8 1706.1 1560.0 1697.0 1757.1 1719.1 1794.8 1679.0 1786.7 1787.5 1843.4 1866.4 1841.0 1768.4 1713.9 1727.3 1784.0 1802.1 1805.2 1756.2 1685.0 1651.3 1717.4
-999.0 -999.0 -999.0 -999.0 -999.0 1873.8 1805.3 1753.3 1760.8 1783.9 1641.2 1575.9 1516.8 1626.5 1726.2 1764.3 1832.8 1778.6 1548.0 1802.8 1690.8 1923.4 1795.1 1733.5 1715.3 1718.3 1463.2 1494.7 1311.5 1295.9 1193.8 1367.5 1395.9 1544.0 1266.8 1718.5 1827.3 1869.4 1765.3 1803.3 1640.6 1717.5 1719.4 1946.6 1966.9 1961.4 1700.2 1624.8 1622.1 1573.2 1708.6 1691.2 1706.7 1744.2 1785.6 1784.8 1798.7 1861.3 1926.7 1946.0 1907.5 1792.5 1753.2 1731.2 1783.9 1831.5 1812.1 1729.3 1594.2 1723.0 1695.7
-999.0 -999.0 -999.0 -999.0 1969.3 1925.8 1890.7 1838.8 1817.9 1803.0 1775.2 1711.2 1801.6 1823.8 1891.4 1885.3 1844.5 1815.1 1790.6 1593.8 1867.6 1563.2 1661.5 1642.8 1503.8 1560.7 1676.7 1649.6 1493.8 1557.7 1432.2 1474.9 1637.4 1370.9 1401.3 1816.8 1702.8 1916.8 1888.0 1749.1 1705.3 1810.6 1841.3 1909.6 1955.4 1781.8 1822.2 1664.6 1658.3 1702.6 1686.9 1723.3 1772.3 1770.7 1824.8 1853.4 1865.6 1911.7 1864.5 1997.1 1888.6 1870.1 1832.8 1834.4 1832.7 1817.4 1745.8 1633.9 1663.7 1696.7 1715.1
-999.0 -999.0 -999.0 -999.0 -999.0 -999.0 1999.8 1906.6 1852.6 1800.3 1754.8 1711.7 -999.0 -999.0 -999.0 -999.0 1922.5 1838.9 1709.2 1894.4 1976.5 1853.6 1836.0 1812.7 1762.2 1943.1 1247.6 1230.6 1585.8 1682.5 1679.9 1557.3 1519.8 1443.7 1687.2 1776.5 1800.3 1940.6 1666.5 1816.9 1741.8 1948.8 1927.7 1920.8 1940.9 1711.8 1837.7 1702.2 1703.4 1768.4 1768.1 1790.2 1811.3 1847.8 1869.3 1879.7 1872.6 1896.9 1846.3 1959.5 1900.6 1844.3 1851.2 1825.3 1816.3 1723.4 1732.5 1685.1 1676.0 1710.2 1817.4
-999.0 -999.0 -999.0 -999.0 -999.0 -999.0 2003.0 1857.9 1771.2 1900.2 1745.2 1846.0 -999.0 -999.0 -999.0 -999.0 -999.0 -999.0 -999.0 2000.4 2004.7 1942.8 2072.5 1990.8 1789.8 1482.9 1328.0 1205.7 1301.7 1481.5 1638.1 1635.8 1751.6 1590.5 1596.8 1857.2 1927.5 1677.5 1715.9 1735.8 2002.6 2005.8 1953.2 1963.2 1811.2 1733.7 1742.9 1734.2 1780.4 1807.0 1825.0 1840.7 1842.0 1842.2 1855.1 1798.7 1849.5 1881.9 1921.2 1947.4 1900.9 1871.3 1830.0 1719.6 1734.7 1815.8 1715.3 1705.9 1746.9 1787.8 1842.0
-999.0 -999.0 -999.0 -999.0 -999.0 -999.0 -999.0 -999.0 1946.8 -999.0 -999.0 -999.0 -999.0 -999.0 -999.0 -999.0 -999.0 1860.8 1871.1 1929.2 1872.8 1913.8 2050.6 2129.1 1951.1 1701.8 1422.7 1352.6 1441.9 1772.7 1829.9 1549.1 1674.2 1727.4 1887.5 1980.3 2045.0 1859.2 1912.7 1941.0 2035.0 2018.9 1936.5 1938.3 1684.7 1647.8 1740.0 1750.3 1815.4 1827.8 1836.8 1860.9 1816.1 1836.8 1807.0 1857.4 1867.5 1891.3 1909.0 1915.5 1849.2 1920.0 1749.1 1646.0 1753.7 1738.7 1877.3 1781.9 1808.1 1863.2 1845.5
-999.0 -999.0 -999.0 -999.0 -999.0 -999.0 -999.0 -999.0 -999.0 -999.0 -999.0 -999.0 -999.0 -999.0 -999.0 -999.0 -999.0 1881.2 1893.4 2087.9 2000.9 2007.8 -999.0 -999.0 2179.4 1709.3 1845.3 1693.3 1748.1 1759.4 1730.3 1655.6 1916.3 1950.5 1948.9 2027.6 2065.9 2068.3 2081.3 2075.9 2045.6 1918.0 1912.9 1852.4 1669.0 1749.2 1784.2 1816.7 1833.7 1799.2 1817.6 1851.2 1835.1 1851.4 1818.3 1776.5 1751.8 1805.5 1776.2 1864.0 1867.3 1790.5 1625.9 1771.5 1768.1 1832.7 1953.9 1841.8 1870.4 1925.5 1985.8
-999.0 -999.0 -999.0 -999.0 -999.0 -999.0 -999.0 -999.0 -999.0 -999.0 -999.0 -999.0 -999.0 -999.0 -999.0 -999.0 -999.0 -999.0 -999.0 -999.0 -999.0 -999.0 -999.0 -999.0 2179.0 2050.0 1806.9 1781.3 1898.9 1922.8 1920.9 1893.7 1999.0 2060.9 2046.9 2059.7 2101.7 2117.1 -999.0 2132.8 2067.6 1959.6 1940.9 1849.2 1697.5 1759.3 1770.2 1829.2 1902.6 1891.7 1810.7 1853.5 1828.5 1721.1 1668.5 1686.0 1645.8 1604.2 1697.9 1734.1 1772.5 1791.0 1733.5 1831.6 1829.1 1837.3 1904.8 1926.5 1956.3 1955.9 2002.2
-999.0 -999.0 -999.0 -999.0 -999.0 -999.0 -999.0 -999.0 -999.0 -999.0 -999.0 -999.0 -999.0 -999.0 -999.0 -999.0 -999.0 -999.0 -999.0 -999.0 -999.0 -999.0 -999.0 -999.0 -999.0 2104.0 1986.9 1899.3 1834.8 1820.8 1942.7 2003.6 2069.0 2138.7 -999.0 -999.0 -999.0 -999.0 2123.4 2134.0 2016.9 1987.0 1960.0 1864.8 1709.2 1769.8 1741.5 1794.4 1921.0 1828.5 1815.0 1697.0 1744.9 1592.3 1661.8 1645.4 1691.1 1663.8 1670.2 1738.9 1717.0 1907.1 1900.3 1873.9 1952.8 1914.6 1951.0 1970.6 1986.9 2060.6 2139.5
-999.0 -999.0 -999.0 -999.0 -999.0 -999.0 -999.0 -999.0 -999.0 -999.0 -999.0 -999.0 -999.0 -999.0 -999.0 -999.0 -999.0 -999.0 -999.0 -999.0 -999.0 -999.0 -999.0 -999.0 -999.0 -999.0 2069.3 1853.0 1859.1 1889.6 1846.6 1961.0 2075.1 -999.0 -999.0 -999.0 -999.0 2014.0 1921.6 1857.8 2033.6 2031.3 2006.5 1805.7 1725.1 1730.0 1722.8 1779.0 1812.9 1845.5 1706.1 1569.3 1618.8 1617.3 1686.3 1678.8 1700.0 1783.6 1751.8 1769.0 1833.5 1882.0 1926.9 2024.6 1944.3 1913.4 1941.6 1905.6 1894.2 2036.1 2105.9
-999.0 -999.0 -999.0 -999.0 -999.0 -999.0 -999.0 -999.0 -999.0 -999.0 -999.0 -999.0 -999.0 -999.0 -999.0 -999.0 -999.0 -999.0 -999.0 -999.0 -999.0 -999.0 -999.0 -999.0 -999.0 -999.0 -999.0 2052.9 1973.4 1993.5 1898.2 2028.7 2064.7 -999.0 -999.0 -999.0 2035.3 2012.6 1950.3 1830.1 1878.8 1925.5 2025.9 1895.8 1953.5 1784.2 1747.7 1819.1 1731.5 1671.9 1669.6 1669.6 1588.0 1655.0 1715.2 1747.5 1800.7 1812.9 1817.0 1808.0 1796.6 1860.3 1928.3 1916.0 1834.9 1825.7 1914.7 1893.8 1897.1 1959.5 2037.7
-999.0 -999.0 -999.0 -999.0 -999.0 -999.0 -999.0 -999.0 -999.0 -999.0 -999.0 -999.0 -999.0 -999.0 -999.0 -999.0 -999.0 -999.0 -999.0 -999.0 -999.0 -999.0 -999.0 -999.0 -999.0 -999.0 -999.0 -999.0 -999.0 -999.0 -999.0 -999.0 -999.0 -999.0 -999.0 2012.8 1995.8 1997.8 1974.7 1811.2 1952.4 1916.0 1867.6 1884.2 1901.5 1854.1 1922.2 1883.1 1838.4 1752.2 1760.0 1736.7 1708.5 1677.2 1700.3 1724.5 1628.7 1744.1 1723.3 1771.5 1763.6 1801.1 1872.4 1849.0 1803.7 1809.6 1807.6 1881.0 1908.0 1932.4 1962.8
-999.0 -999.0 -999.0 -999.0 -999.0 -999.0 -999.0 -999.0 -999.0 -999.0 -999.0 -999.0 -999.0 -999.0 -999.0 -999.0 -999.0 -999.0 -999.0 -999.0 -999.0 -999.0 -999.0 -999.0 -999.0 -999.0 -999.0 -999.0 -999.0 -999.0 -999.0 -999.0 -999.0 -999.0 -999.0 2111.6 1906.9 1922.5 1541.7 1656.8 1920.5 1890.2 1861.0 1848.0 1822.9 1920.7 1944.7 1900.4 1853.8 1753.1 1797.5 1850.0 1723.6 1683.1 1585.3 1686.0 1666.2 1570.7 1681.5 1727.2 1777.4 1843.9 1866.6 1870.2 1860.3 1866.3 1897.9 1843.5 1853.9 1917.6 1923.6
-999.0 -999.0 -999.0 -999.0 -999.0 -999.0 -999.0 -999.0 -999.0 -999.0 -999.0 -999.0 -999.0 -999.0 -999.0 -999.0 -999.0 -999.0 -999.0 -999.0 -999.0 -999.0 -999.0 -999.0 -999.0 -999.0 -999.0 -999.0 -999.0 -999.0 -999.0 -999.0 -999.0 -999.0 -999.0 2075.9 2024.4 1999.1 1821.0 1576.6 1681.6 1774.9 1861.0 1771.7 1874.8 1880.3 1917.9 1749.5 1687.5 1632.9 1711.8 1799.7 1774.8 1761.0 1733.9 1699.3 1686.3 1736.0 1731.0 1740.0 1771.3 1833.7 1883.3 1920.1 1906.9 1856.9 1883.6 1835.8 1837.6 1867.1 1817.8
-999.0 -999.0 -999.0 -999.0 -999.0 -999.0 -999.0 -999.0 -999.0 -999.0 -999.0 -999.0 -999.0 -999.0 -999.0 -999.0 -999.0 -999.0 2161.6 2031.7 2069.0 1417.1 1380.4 1402.8 1446.4 1366.8 2053.6 1661.3 2166.8 -999.0 -999.0 -999.0 -999.0 -999.0 -999.0 2063.1 2017.4 1968.6 2014.8 1898.2 1754.2 1687.4 1748.7 1813.9 1843.0 1835.4 1780.0 1673.3 1706.5 1758.2 1789.4 1830.9 1779.0 1783.8 1825.7 1852.9 1851.1 1793.9 1809.0 1746.2 1721.3 1679.4 1801.8 1872.6 1835.5 1797.6 1843.3 1770.3 1810.6 1850.8 1766.3
-999.0 -999.0 -999.0 -999.0 -999.0 -999.0 -999.0 -999.0 -999.0 -999.0 -999.0 -999.0 -999.0 -999.0 -999.0 -999.0 -999.0 -999.0 1779.9 1715.8 1530.6 1435.2 1217.0 1156.2 1236.5 1269.7 1350.9 1661.0 1903.3 2052.3 1989.6 1798.4 1966.7 2049.2 2099.2 2070.9 2042.8 2024.7 2020.1 2008.2 1957.0 1770.2 1758.5 1803.1 1858.6 1644.0 1753.8 1824.4 1780.9 1746.4 1832.7 1865.8 1871.4 1836.3 1840.0 1859.7 1839.5 1898.6 1847.2 1769.2 1748.2 1761.3 1727.3 1726.2 1809.1 1814.4 1864.1 1881.2 1798.9 1858.4 1557.2
-999.0 -999.0 -999.0 -999.0 -999.0 -999.0 -999.0 -999.0 -999.0 -999.0 -999.0 -999.0 -999.0 -999.0 -999.0 -999.0 -999.0 2103.4 1993.6 1826.2 1728.6 1576.1 1317.8 1199.6 1237.4 1323.7 1360.0 1438.7 1635.3 1781.4 1849.9 1794.4 1709.4 1965.0 2025.1 2064.5 2026.9 1918.7 2008.5 1983.8 1848.0 1814.5 1819.9 1801.4 1627.3 1768.1 1663.4 1704.7 1762.0 1848.3 1843.7 1905.2 1858.6 1756.3 1868.5 1829.1 1885.3 1851.9 1843.5 1794.9 1773.9 1682.8 1643.8 1799.9 1835.7 1828.9 1675.7 1803.3 1845.7 1823.0 1810.6
-999.0 -999.0 -999.0 -999.0 -999.0 -999.0 -999.0 -999.0 -999.0 -999.0 -999.0 -999.0 -999.0 -999.0 -999.0 -999.0 -999.0 -999.0 2061.3 2008.2 1936.8 1627.7 1554.2 1485.5 1289.9 1394.1 1461.7 1669.1 1591.9 1471.2 1640.0 1809.7 1830.4 1735.2 1923.8 2051.8 2035.4 2021.3 1933.6 1890.6 1931.9 1913.6 1862.6 1825.6 1723.3 1812.9 1689.7 1750.2 1753.3 1790.1 1808.3 1870.3 1792.8 1757.2 1795.2 1903.4 1907.2 1860.0 1926.4 1879.7 1856.3 1766.5 1688.0 1706.7 1824.1 1830.4 1762.4 1771.4 1817.5 1873.4 1878.8
