GDD/GrowingDegreeDays_1995_Actual.txt
ncols         180
nrows         290
xllcorner     -200000
yllcorner     -200000
cellsize      5000
NODATA_value    -999
[rows 128 to 159 of 290, columns 71 to 141 of 180]
-999.0 1446.1 1800.3 1814.9 -999.0 -999.0 -999.0 -999.0 -999.0 -999.0 -999.0 -999.0 -999.0 1624.5 1539.0 1752.6 1534.8 1343.4 1433.9 1214.4 1055.2 1164.0 1056.5 1209.4 1373.4 1482.5 1457.5 1232.5 1273.9 1316.5 1528.6 1300.6 978.1 1197.1 1068.5 1278.6 1300.4 1496.4 1473.0 1353.0 1407.0 1378.3 1263.3 1133.1 1036.8 1093.2 1244.1 1351.1 1379.5 1489.2 1360.8 1349.1 1484.6 1568.5 -999.0 -999.0 -999.0 -999.0 -999.0 -999.0 -999.0 -999.0 -999.0 -999.0 -999.0 -999.0 -999.0 -999.0 -999.0 -999.0 -999.0
-999.0 -999.0 -999.0 -999.0 -999.0 -999.0 -999.0 -999.0 -999.0 -999.0 -999.0 -999.0 -999.0 1702.7 1800.0 1444.1 1515.5 1305.0 1415.5 1159.9 1150.9 983.4 1064.1 1105.8 1235.9 1298.4 1499.0 945.3 1014.3 1329.5 1575.0 1296.5 1064.2 1252.6 1229.9 1116.8 1361.1 1221.9 1159.8 1298.8 1158.7 1143.1 953.1 1277.0 1281.9 1219.1 1219.5 1231.4 1425.9 1585.0 1502.7 1530.0 1589.7 1636.5 1651.5 -999.0 -999.0 -999.0 -999.0 -999.0 -999.0 -999.0 -999.0 -999.0 -999.0 -999.0 -999.0 -999.0 -999.0 -999.0 -999.0
-999.0 -999.0 -999.0 -999.0 -999.0 -999.0 -999.0 -999.0 -999.0 -999.0 -999.0 -999.0 1868.8 1504.9 1393.9 1406.2 1307.9 1287.7 1361.9 1424.5 1115.3 1134.4 1061.6 1129.0 1160.0 1393.0 1622.3 1351.0 1257.8 1293.5 1518.7 1519.3 1314.7 1279.5 1287.2 1247.2 1041.4 1338.3 1375.5 1336.5 1348.5 961.5 1147.4 1038.0 1132.0 1332.1 1306.6 1271.9 1259.9 1245.3 1537.5 1619.5 1644.2 1644.0 1682.7 -999.0 -999.0 -999.0 -999.0 -999.0 -999.0 -999.0 -999.0 -999.0 -999.0 -999.0 -999.0 -999.0 -999.0 -999.0 -999.0
-999.0 -999.0 -999.0 -999.0 -999.0 -999.0 -999.0 -999.0 -999.0 -999.0 -999.0 -999.0 1588.1 1499.4 1477.2 1134.0 1181.8 1328.7 1368.2 1122.1 1412.3 1315.8 1164.4 1277.6 1270.5 1522.6 1659.9 1488.5 1413.1 1237.6 1574.7 1533.8 1491.7 1397.4 1492.5 1162.3 1483.3 1192.8 1306.3 1470.7 989.0 1352.3 1249.8 1194.2 1281.2 1229.0 1416.1 1407.8 1231.9 1290.1 1477.2 1486.5 1559.5 1637.7 1659.8 -999.0 -999.0 -999.0 -999.0 -999.0 -999.0 -999.0 -999.0 -999.0 -999.0 -999.0 -999.0 -999.0 -999.0 -999.0 -999.0
-999.0 -999.0 -999.0 -999.0 -999.0 -999.0 -999.0 -999.0 -999.0 -999.0 -999.0 1566.0 1611.1 1585.5 1306.2 1375.0 1337.7 884.9 1198.3 1218.6 1431.3 1327.3 1299.5 1397.6 1274.0 1330.7 1510.5 1408.9 1462.3 1625.9 1676.3 1585.6 1408.3 1401.1 1208.0 1375.7 1522.5 1191.6 1417.6 1372.7 1024.0 1315.6 1419.2 1481.9 1353.8 1250.8 1308.5 1286.3 1279.7 1419.0 1477.8 1541.1 1628.9 1640.8 1658.9 -999.0 -999.0 -999.0 -999.0 -999.0 -999.0 -999.0 -999.0 -999.0 -999.0 -999.0 -999.0 -999.0 -999.0 -999.0 -999.0
-999.0 -999.0 -999.0 -999.0 -999.0 -999.0 -999.0 -999.0 -999.0 -999.0 1737.7 1556.2 1427.3 1616.1 1517.0 1410.0 1452.2 1252.0 1356.0 968.3 1504.2 1544.4 1437.4 1379.9 1360.7 1349.4 1516.7 1649.6 1728.9 1506.4 1676.0 1684.1 1497.1 1452.1 1464.9 1471.4 1583.2 1387.0 1550.2 1394.4 1090.1 1182.6 1189.2 1288.1 1344.4 1423.0 1453.4 1291.4 1367.0 1431.8 1469.3 1530.9 1574.5 1669.8 1687.3 1699.6 -999.0 -999.0 -999.0 -999.0 -999.0 -999.0 -999.0 -999.0 -999.0 -999.0 -999.0 -999.0 -999.0 -999.0 -999.0
-999.0 -999.0 -999.0 -999.0 -999.0 -999.0 -999.0 -999.0 -999.0 -999.0 1454.2 1148.5 1378.8 1472.9 1553.9 1557.5 1621.5 985.5 1202.8 1371.5 1401.6 1594.1 1564.6 1458.8 1499.4 1218.4 1609.8 1745.0 1739.0 1732.2 1489.4 1691.0 1492.8 1546.7 1512.2 1567.2 1564.9 1553.6 1381.7 1494.3 1300.9 1244.2 1302.8 1247.9 1388.7 1497.7 1536.7 1418.5 1468.4 1381.6 1466.2 1582.5 1687.5 1643.7 1658.4 1687.1 -999.0 -999.0 -999.0 -999.0 -999.0 -999.0 -999.0 -999.0 -999.0 -999.0 -999.0 -999.0 -999.0 -999.0 -999.0
-999.0 -999.0 -999.0 -999.0 -999.0 -999.0 -999.0 -999.0 1699.7 1618.9 1346.3 1355.4 1402.1 1388.3 1551.6 1544.2 1665.2 1274.7 1346.8 1336.1 1448.2 1484.7 1662.2 1485.1 1457.1 1546.4 1584.6 1635.5 1804.0 1772.9 1643.0 1666.9 1671.4 1641.4 1616.7 1672.7 1682.8 1559.5 1563.7 1552.9 1267.8 1333.6 1351.8 1358.0 1295.0 1456.3 1521.3 1656.6 1554.1 1503.5 1542.5 1598.7 1686.0 1677.7 1667.6 1663.9 -999.0 -999.0 -999.0 -999.0 -999.0 -999.0 -999.0 -999.0 -999.0 -999.0 -999.0 -999.0 -999.0 -999.0 -999.0
-999.0 -999.0 -999.0 -999.0 -999.0 -999.0 -999.0 -999.0 1620.2 1585.9 1649.2 1388.4 1450.7 1394.4 1573.2 1673.9 1722.8 1676.0 1532.4 1199.4 1430.2 1516.0 1681.0 1703.9 1651.3 1666.5 1680.8 1636.2 1763.9 1674.6 1768.0 1744.3 1752.2 1736.5 1750.8 1759.4 1778.8 1732.3 1606.2 1585.2 1600.1 1484.7 1436.6 1453.3 1492.9 1571.2 1802.4 1647.3 1418.4 1487.3 1606.4 1614.1 1665.0 1662.4 1733.2 1715.1 1741.3 -999.0 -999.0 -999.0 -999.0 -999.0 -999.0 -999.0 -999.0 -999.0 -999.0 -999.0 -999.0 -999.0 -999.0
-999.0 -999.0 -999.0 -999.0 -999.0 -999.0 -999.0 -999.0 1623.9 1591.0 1751.1 1488.7 1615.1 1546.5 1636.8 1717.8 1712.9 1776.2 1453.8 1443.9 1515.7 1409.0 1655.0 1727.8 1666.8 1734.4 1611.0 1346.9 1669.6 -999.0 -999.0 -999.0 1783.7 1760.5 -999.0 1817.5 1829.1 1777.2 1739.8 1697.4 1554.9 1406.0 1507.0 1529.9 1489.7 1625.2 1533.6 1506.6 1641.3 1712.7 1722.5 1709.9 1658.2 1850.3 1839.9 1795.2 1747.7 -999.0 -999.0 -999.0 -999.0 -999.0 -999.0 -999.0 -999.0 -999.0 -999.0 -999.0 -999.0 -999.0 -999.0
1863.1 -999.0 -999.0 -999.0 -999.0 -999.0 -999.0 -999.0 1774.0 1488.8 1693.7 1703.4 1645.1 1592.7 1620.4 1679.0 1765.7 1780.0 1730.5 1320.1 1521.9 1469.4 1680.0 1714.4 1549.6 1778.3 1719.1 1693.5 1714.1 -999.0 -999.0 -999.0 1787.0 1782.8 1764.5 1789.5 1842.8 1812.2 1783.7 1580.3 1342.7 1258.5 1435.3 1239.4 1488.0 1557.2 1363.8 1554.4 1497.7 1490.9 1532.6 1734.6 1654.7 1554.0 1718.0 1731.6 1765.5 -999.0 -999.0 -999.0 -999.0 -999.0 -999.0 -999.0 -999.0 -999.0 -999.0 -999.0 -999.0 -999.0 -999.0
1695.5 1742.2 -999.0 -999.0 -999.0 -999.0 -999.0 -999.0 -999.0 1630.3 1564.1 1714.4 -999.0 1644.5 1621.9 1677.6 1717.6 1797.4 -999.0 1713.2 1785.7 1652.5 1774.4 1683.0 1648.2 1793.3 1783.7 -999.0 -999.0 -999.0 -999.0 1767.1 1785.9 1788.4 1795.4 1756.1 1747.4 1775.0 1703.4 1599.3 1297.2 989.3 1444.0 1126.7 1400.5 1314.6 1241.7 1433.4 1338.7 1473.3 1604.5 1502.6 1511.2 1609.8 1766.8 1694.9 1644.2 1793.7 -999.0 -999.0 -999.0 -999.0 -999.0 -999.0 -999.0 -999.0 -999.0 -999.0 -999.0 -999.0 -999.0
1586.0 -999.0 -999.0 -999.0 -999.0 -999.0 -999.0 -999.0 -999.0 -999.0 1656.0 -999.0 -999.0 -999.0 1754.4 1663.1 1704.5 1741.0 1771.5 -999.0 -999.0 1731.1 1850.7 1634.3 1576.2 -999.0 -999.0 -999.0 -999.0 -999.0 1789.1 1719.5 1770.3 1763.6 1771.3 1704.1 1735.7 1655.4 1569.9 1647.8 1452.1 1180.3 1013.3 1210.4 1114.8 1126.5 1112.3 1303.4 1281.1 1261.9 1358.5 1536.2 1568.7 1552.0 1753.9 1703.5 1610.1 1651.4 -999.0 -999.0 -999.0 -999.0 -999.0 -999.0 -999.0 -999.0 -999.0 -999.0 -999.0 -999.0 -999.0
-999.0 -999.0 -999.0 -999.0 -999.0 -999.0 -999.0 -999.0 -999.0 -999.0 1747.2 1735.4 -999.0 -999.0 -999.0 1778.7 1644.5 1657.0 1709.7 -999.0 -999.0 -999.0 -999.0 1814.3 -999.0 -999.0 -999.0 -999.0 -999.0 -999.0 1832.9 1767.8 1753.4 1652.5 1557.3 1548.9 1638.3 1635.6 1677.8 1640.9 1551.4 1261.7 1046.9 1262.3 952.4 1048.8 1021.6 1254.2 1244.8 1138.2 1335.4 1486.8 1569.1 1688.0 1752.4 1677.7 1597.0 1647.3 -999.0 -999.0 -999.0 -999.0 -999.0 -999.0 -999.0 -999.0 -999.0 -999.0 -999.0 -999.0 -999.0
2006.6 1985.2 1941.4 -999.0 -999.0 -999.0 -999.0 -999.0 -999.0 -999.0 -999.0 1631.1 -999.0 -999.0 -999.0 -999.0 1789.3 1676.6 1745.1 -999.0 -999.0 -999.0 -999.0 -999.0 -999.0 -999.0 -999.0 -999.0 -999.0 1859.5 1793.5 1654.5 1558.6 1523.2 1424.4 1446.0 1534.5 1565.2 1655.4 1598.3 1575.4 1382.0 878.8 835.4 916.7 1010.6 1280.4 1402.9 1358.1 1453.2 1600.3 1444.8 1454.2 1685.8 1699.4 1628.4 1594.2 1660.2 1776.0 -999.0 -999.0 -999.0 -999.0 -999.0 -999.0 -999.0 -999.0 -999.0 -999.0 -999.0 -999.0
1743.2 1774.8 1859.7 1908.7 -999.0 -999.0 -999.0 -999.0 -999.0 -999.0 -999.0 1564.9 -999.0 -999.0 -999.0 -999.0 -999.0 -999.0 -999.0 -999.0 -999.0 -999.0 -999.0 -999.0 -999.0 -999.0 -999.0 -999.0 -999.0 1806.3 1758.9 1736.6 1680.4 1728.9 1208.3 1384.6 1496.9 1388.6 1626.3 1532.8 1744.9 1529.3 1009.3 743.5 1001.0 1170.7 906.1 885.5 1030.6 1212.0 1323.5 1657.5 1611.0 1626.8 1551.7 1621.3 1666.3 1669.0 1762.4 1860.8 -999.0 -999.0 -999.0 -999.0 -999.0 -999.0 -999.0 -999.0 -999.0 -999.0 -999.0
1832.2 1826.9 1808.8 1868.3 -999.0 -999.0 -999.0 -999.0 -999.0 -999.0 -999.0 -999.0 -999.0 -999.0 -999.0 -999.0 -999.0 -999.0 -999.0 -999.0 -999.0 -999.0 -999.0 -999.0 -999.0 -999.0 -999.0 -999.0 1922.5 1838.8 1702.5 1766.0 1443.8 1838.4 909.7 977.5 1545.3 1492.3 1588.3 1682.8 1607.8 1649.4 1416.1 819.6 915.7 1091.6 1172.5 1272.2 1151.7 1213.5 1315.0 1494.1 1620.6 1641.8 1669.4 1694.3 1663.7 1744.0 1879.9 1911.4 -999.0 -999.0 -999.0 -999.0 -999.0 -999.0 -999.0 -999.0 -999.0 -999.0 -999.0
1899.9 1901.7 1900.2 1851.0 -999.0 -999.0 -999.0 -999.0 -999.0 -999.0 -999.0 -999.0 -999.0 -999.0 -999.0 -999.0 -999.0 -999.0 -999.0 -999.0 -999.0 -999.0 -999.0 -999.0 -999.0 -999.0 -999.0 -999.0 1912.5 1662.6 1728.2 1551.2 1015.0 1499.5 1756.4 1335.5 1244.3 1416.6 1460.1 1549.0 1587.9 1642.2 1584.5 1471.5 889.9 1056.1 1134.9 1297.5 1334.4 1356.3 1506.1 1544.7 1584.7 1544.9 1693.6 1632.6 1715.9 1749.9 1871.0 1949.7 1946.4 1902.1 1876.9 -999.0 -999.0 -999.0 -999.0 -999.0 -999.0 -999.0 -999.0
1834.0 1944.9 -999.0 1862.7 1895.7 -999.0 -999.0 -999.0 -999.0 -999.0 -999.0 -999.0 -999.0 -999.0 -999.0 -999.0 -999.0 -999.0 -999.0 -999.0 -999.0 -999.0 -999.0 -999.0 -999.0 -999.0 -999.0 -999.0 1882.5 1670.3 1581.6 1298.6 1620.6 1517.4 1405.7 1159.2 1377.0 1481.4 1172.9 1562.8 1401.2 1580.6 1655.0 1698.4 1396.4 1176.6 1195.3 1286.0 1360.2 1527.7 1514.9 1570.7 1660.1 1727.2 1722.7 1738.9 1719.9 1793.3 1856.6 1896.7 1637.3 1757.5 1674.2 1661.3 1752.2 -999.0 -999.0 -999.0 -999.0 -999.0 -999.0
1805.9 1866.5 1913.7 1860.9 -999.0 -999.0 -999.0 -999.0 -999.0 -999.0 -999.0 -999.0 -999.0 -999.0 -999.0 -999.0 -999.0 -999.0 -999.0 -999.0 -999.0 -999.0 -999.0 -999.0 -999.0 -999.0 -999.0 -999.0 1881.4 1676.3 1488.7 1078.8 963.4 1214.3 1500.3 1418.4 1319.9 1125.0 1462.3 1157.6 1317.0 1460.6 1534.5 1576.9 1648.9 1534.0 1198.8 1265.2 1383.4 1450.0 1506.0 1563.9 1630.4 1702.6 1776.6 1759.8 1773.1 1833.9 1831.5 1812.2 1709.6 1455.6 1503.6 1535.1 1514.8 1596.6 1843.8 -999.0 -999.0 -999.0 -999.0
1868.6 1886.0 1892.2 1838.9 -999.0 -999.0 -999.0 -999.0 -999.0 -999.0 -999.0 -999.0 -999.0 -999.0 -999.0 -999.0 -999.0 -999.0 -999.0 -999.0 -999.0 -999.0 -999.0 -999.0 -999.0 -999.0 -999.0 -999.0 1912.8 1835.9 1495.0 1284.5 1617.4 781.1 971.4 1491.2 1295.1 1442.7 1126.9 1071.2 1332.3 1484.5 1464.7 1425.9 1570.0 995.3 1099.1 1137.9 1129.6 1141.6 1241.4 1549.2 1518.9 1694.8 1767.4 1776.3 1789.6 1816.0 1847.4 1860.6 1771.0 1530.7 1627.7 1675.4 1616.2 1559.0 1816.2 1640.0 -999.0 -999.0 -999.0
1890.6 1824.6 1773.8 1867.3 -999.0 -999.0 -999.0 -999.0 -999.0 -999.0 -999.0 -999.0 -999.0 -999.0 -999.0 -999.0 2028.9 2019.0 2037.1 -999.0 -999.0 -999.0 -999.0 -999.0 -999.0 -999.0 -999.0 -999.0 -999.0 1952.1 1838.9 1718.5 1520.5 1484.5 1196.2 1661.2 1855.3 1359.7 1368.9 1395.9 1450.7 1320.5 1315.6 1406.4 1363.4 1158.0 1164.4 942.1 1047.1 1242.8 1348.7 1364.5 1546.4 1703.2 1768.2 1798.4 1771.8 1812.6 1835.1 1437.4 1515.1 1242.9 1228.0 1332.2 1411.6 1641.9 1448.8 1554.5 1798.7 -999.0 -999.0
1955.8 1832.0 1868.1 -999.0 -999.0 -999.0 -999.0 -999.0 -999.0 -999.0 -999.0 -999.0 -999.0 -999.0 -999.0 -999.0 2024.2 2033.7 -999.0 -999.0 -999.0 -999.0 -999.0 -999.0 -999.0 -999.0 -999.0 -999.0 -999.0 -999.0 1855.0 1893.3 1523.3 1580.9 962.3 1523.4 1492.7 1560.5 1689.7 1675.1 1593.2 1591.5 958.2 1396.6 1313.2 967.4 1179.9 1443.9 1535.2 1213.5 1560.2 1395.6 1614.3 1760.4 1835.0 1825.9 1798.0 1722.7 1511.9 1415.9 1480.3 1493.9 1549.7 1466.4 1369.4 1411.2 1404.0 1590.5 1567.5 -999.0 -999.0
1867.9 1841.7 -999.0 -999.0 -999.0 -999.0 -999.0 -999.0 -999.0 -999.0 -999.0 -999.0 -999.0 -999.0 -999.0 1954.3 1650.0 1751.0 1993.4 -999.0 -999.0 -999.0 -999.0 -999.0 -999.0 -999.0 -999.0 -999.0 -999.0 -999.0 1835.2 1601.5 1512.2 1498.2 1642.1 1485.8 1660.8 1692.2 1716.0 1732.8 1542.7 1618.5 1662.7 984.7 1280.8 1336.4 1111.2 1316.3 1140.2 1388.4 1387.2 1576.0 1682.5 1781.9 1822.7 1873.5 1826.4 1664.9 1549.1 1606.3 1539.2 1470.3 1508.1 1457.7 1475.8 1462.3 1466.2 1694.1 1579.1 1809.6 -999.0
-999.0 -999.0 -999.0 -999.0 -999.0 -999.0 -999.0 -999.0 -999.0 -999.0 -999.0 -999.0 -999.0 -999.0 1990.4 1544.2 1429.3 1271.6 1976.9 -999.0 -999.0 -999.0 -999.0 -999.0 -999.0 -999.0 -999.0 -999.0 -999.0 -999.0 1858.9 1408.6 1564.3 1927.5 1726.8 1768.3 1692.8 1822.9 1798.4 1673.6 1555.6 1748.0 1173.8 1347.0 1107.0 1319.4 1005.6 1518.6 1413.3 1591.8 1447.1 1630.4 1667.9 1722.2 1876.2 1885.1 1841.8 1757.7 1505.9 1486.1 1545.7 1658.4 1624.6 1625.0 1610.1 1593.0 1474.2 1506.9 1646.4 1676.4 -999.0
-999.0 -999.0 -999.0 -999.0 -999.0 -999.0 -999.0 -999.0 -999.0 -999.0 -999.0 -999.0 -999.0 1970.1 1907.9 1255.0 1594.6 1753.4 -999.0 -999.0 -999.0 -999.0 -999.0 -999.0 -999.0 -999.0 -999.0 -999.0 -999.0 -999.0 -999.0 1879.7 1944.5 1981.5 1721.8 1904.4 1709.8 1851.0 1813.9 1765.6 1644.0 1770.0 1229.4 1187.4 1059.0 1089.9 1035.2 1110.9 1132.5 1259.2 1382.0 1430.2 1532.6 1767.6 1840.9 1838.5 1776.4 1744.6 1719.2 1409.4 1551.4 1788.8 1802.3 1744.7 1761.6 1758.0 1761.8 1752.2 1827.6 1823.5 1756.8
-999.0 -999.0 -999.0 -999.0 -999.0 -999.0 -999.0 -999.0 -999.0 -999.0 -999.0 -999.0 -999.0 1716.9 1502.4 1861.3 1925.5 1976.0 -999.0 -999.0 -999.0 -999.0 -999.0 -999.0 -999.0 -999.0 -999.0 -999.0 -999.0 -999.0 -999.0 -999.0 1992.6 1889.3 1931.5 1944.7 1814.9 1874.9 1849.1 1810.7 1654.8 1784.0 1259.0 1296.8 1328.9 1131.2 1205.4 1290.3 1021.7 1057.7 1373.7 1322.1 1487.2 1581.4 1781.0 1812.1 1762.5 1761.8 1779.5 1763.0 1777.9 1848.0 1815.8 1763.9 1722.8 1746.5 1777.2 1789.4 1805.6 1563.1 1577.3
-999.0 -999.0 -999.0 -999.0 -999.0 -999.0 -999.0 -999.0 -999.0 -999.0 -999.0 -999.0 -999.0 1711.3 1817.7 1803.1 1986.4 -999.0 -999.0 -999.0 -999.0 -999.0 -999.0 -999.0 -999.0 -999.0 -999.0 -999.0 -999.0 -999.0 -999.0 -999.0 1987.8 1890.8 1913.9 -999.0 1914.5 -999.0 1936.0 1899.2 1832.8 1843.4 1765.4 1283.2 1332.2 1315.9 1060.3 1552.7 1497.2 1100.2 1260.1 1374.1 1466.2 1621.7 1762.7 1821.3 1838.0 1849.7 1831.4 1828.9 1778.9 1689.3 1773.5 1679.8 1718.5 1771.9 1701.2 1608.5 1675.8 1740.2 1744.8
-999.0 -999.0 -999.0 -999.0 -999.0 -999.0 -999.0 -999.0 -999.0 -999.0 -999.0 -999.0 1931.5 1974.9 1985.3 -999.0 -999.0 -999.0 -999.0 -999.0 -999.0 -999.0 -999.0 -999.0 -999.0 -999.0 -999.0 -999.0 -999.0 -999.0 -999.0 -999.0 1978.9 1975.1 1992.3 -999.0 -999.0 -999.0 1981.8 1752.4 1909.5 1783.1 1646.2 1694.8 1659.7 1540.2 1244.3 1234.9 1604.2 1281.8 1193.1 1437.6 1406.2 1552.8 1684.4 1877.1 1873.5 1883.2 1872.9 1859.2 1835.5 1800.8 1788.1 1719.5 1789.1 1719.9 1622.6 1574.8 1583.9 1616.9 1692.1
-999.0 -999.0 -999.0 -999.0 -999.0 -999.0 -999.0 -999.0 -999.0 -999.0 -999.0 -999.0 -999.0 -999.0 -999.0 -999.0 -999.0 -999.0 -999.0 -999.0 -999.0 -999.0 -999.0 -999.0 -999.0 -999.0 -999.0 -999.0 -999.0 -999.0 -999.0 -999.0 -999.0 -999.0 -999.0 -999.0 -999.0 2001.9 1955.2 1797.0 1569.7 1483.4 1472.8 1463.7 1567.8 1556.2 1343.2 1366.9 1488.8 1649.3 1421.6 1347.0 1512.7 1621.1 1733.0 1824.1 1862.0 1843.2 1869.4 1885.2 1891.3 1885.9 1855.4 1847.5 1737.0 1492.4 1629.0 1599.9 1708.6 1720.0 1802.2
-999.0 -999.0 -999.0 -999.0 -999.0 -999.0 -999.0 -999.0 -999.0 -999.0 -999.0 -999.0 -999.0 -999.0 -999.0 -999.0 -999.0 -999.0 -999.0 -999.0 -999.0 -999.0 -999.0 -999.0 -999.0 -999.0 -999.0 -999.0 -999.0 -999.0 -999.0 -999.0 -999.0 -999.0 -999.0 -999.0 -999.0 1933.4 1848.7 1613.1 1362.8 1195.0 1346.5 1627.7 1517.5 1738.9 1650.4 1695.3 1546.2 1476.8 1447.2 1458.4 1523.1 1652.5 1739.8 1794.4 1864.6 1850.9 1891.9 1914.9 1942.6 1928.7 1887.3 1863.3 1791.4 1462.7 1543.9 1720.7 1785.9 1823.5 1834.9
-999.0 -999.0 -999.0 -999.0 -999.0 -999.0 -999.0 -999.0 -999.0 -999.0 -999.0 -999.0 -999.0 -999.0 -999.0 -999.0 -999.0 -999.0 -999.0 -999.0 -999.0 -999.0 -999.0 -999.0 -999.0 -999.0 -999.0 -999.0 -999.0 -999.0 -999.0 -999.0 -999.0 -999.0 -999.0 -999.0 -999.0 1930.8 1902.4 1780.2 1526.1 1434.4 1508.2 1630.0 1643.1 1699.3 1634.9 1721.5 1734.0 1672.4 1828.5 1478.5 1635.5 1576.0 1710.7 1753.7 1878.8 1901.2 1905.3 1940.5 1987.4 1935.3 1915.7 1872.3 1850.8 1673.7 1622.7 1726.3 1813.0 1840.3 1862.6
