GDD/GrowingDegreeDays_1967_Actual.txt
ncols         180
nrows         290
xllcorner     -200000
yllcorner     -200000
cellsize      5000
NODATA_value    -999
[rows 160 to 191 of 290, columns 71 to 141 of 180]
-999.0 -999.0 -999.0 -999.0 -999.0 -999.0 -999.0 -999.0 -999.0 -999.0 -999.0 -999.0 -999.0 -999.0 -999.0 -999.0 -999.0 -999.0 -999.0 -999.0 -999.0 -999.0 -999.0 -999.0 -999.0 -999.0 -999.0 -999.0 -999.0 -999.0 -999.0 -999.0 -999.0 -999.0 -999.0 1610.3 1590.4 1566.2 1516.5 1266.6 1155.3 939.6 1196.3 1079.5 1471.1 1355.9 1367.5 1244.3 1180.5 1259.2 1206.6 1565.2 1536.2 1520.1 1535.8 1577.5 1489.5 1565.1 1596.1 1604.7 1645.6 1679.2 1645.3 1604.4 1581.3 1566.0 1441.6 1509.4 1597.1 1643.6 1650.1
-999.0 -999.0 -999.0 -999.0 -999.0 -999.0 -999.0 -999.0 -999.0 -999.0 -999.0 -999.0 -999.0 -999.0 -999.0 -999.0 -999.0 -999.0 -999.0 -999.0 -999.0 -999.0 -999.0 -999.0 -999.0 -999.0 -999.0 -999.0 -999.0 -999.0 -999.0 -999.0 -999.0 -999.0 -999.0 1623.2 1600.7 1612.6 1640.5 1566.9 1266.4 1459.2 1428.7 1532.0 1399.4 1142.2 1283.6 1137.6 1191.3 1138.3 1514.4 1266.5 1475.5 1382.6 1436.9 1438.1 1523.3 1524.6 1566.9 1621.3 1640.1 1646.5 1605.3 1567.2 1575.6 1591.1 1575.5 1500.7 1581.7 1655.2 1663.5
-999.0 -999.0 -999.0 -999.0 -999.0 -999.0 -999.0 -999.0 -999.0 -999.0 -999.0 -999.0 -999.0 -999.0 -999.0 -999.0 -999.0 -999.0 -999.0 -999.0 -999.0 -999.0 -999.0 -999.0 -999.0 -999.0 -999.0 -999.0 -999.0 -999.0 -999.0 -999.0 -999.0 -999.0 -999.0 1624.5 1623.2 1579.9 1684.0 1630.7 1517.5 1470.7 1516.2 1574.5 1424.9 1316.3 1316.9 1147.5 1022.2 1268.9 1371.8 1579.1 1476.6 1667.3 1602.9 1539.8 1494.6 1536.5 1559.0 1622.9 1619.2 1621.2 1594.6 1567.7 1577.1 1594.4 1597.8 1535.6 1514.2 1645.9 1736.9
-999.0 -999.0 -999.0 -999.0 -999.0 -999.0 -999.0 -999.0 -999.0 -999.0 -999.0 -999.0 -999.0 -999.0 -999.0 -999.0 -999.0 -999.0 -999.0 -999.0 -999.0 -999.0 -999.0 -999.0 -999.0 -999.0 -999.0 -999.0 -999.0 -999.0 -999.0 -999.0 -999.0 -999.0 -999.0 1646.9 1596.1 1581.1 1633.6 1639.4 1599.3 1595.0 1498.1 1371.7 1526.5 1441.4 1328.4 977.9 981.5 995.6 1180.8 1420.3 1527.7 1522.9 1652.9 1704.8 1591.1 1527.3 1603.5 1632.1 1625.9 1639.8 1620.7 1605.4 1611.5 1630.7 1648.7 1557.3 1532.1 1722.5 1831.5
-999.0 -999.0 -999.0 -999.0 -999.0 -999.0 -999.0 -999.0 -999.0 -999.0 -999.0 -999.0 -999.0 -999.0 -999.0 -999.0 -999.0 -999.0 -999.0 -999.0 -999.0 -999.0 -999.0 -999.0 -999.0 -999.0 -999.0 -999.0 -999.0 -999.0 -999.0 -999.0 -999.0 -999.0 -999.0 1639.3 1624.2 1633.8 1682.6 1678.5 1665.3 1546.8 1511.1 1391.6 1328.0 1156.6 1054.4 981.4 1163.6 1096.3 1295.0 1387.5 1549.0 1431.7 1543.9 1670.0 1717.8 1704.0 1674.2 1673.5 1653.1 1649.6 1655.6 1647.3 1647.7 1669.5 1667.9 1683.0 1652.2 1761.2 1849.6
-999.0 -999.0 -999.0 -999.0 -999.0 -999.0 -999.0 -999.0 -999.0 -999.0 -999.0 -999.0 -999.0 -999.0 -999.0 -999.0 -999.0 -999.0 -999.0 -999.0 -999.0 -999.0 -999.0 -999.0 -999.0 -999.0 -999.0 -999.0 -999.0 -999.0 -999.0 -999.0 -999.0 -999.0 -999.0 -999.0 1603.2 1626.2 1665.9 1676.9 1568.9 1358.8 1312.4 1256.0 1312.4 1333.8 1160.4 1179.2 1087.5 1207.2 1458.7 1678.3 1624.6 1581.8 1548.8 1704.9 1704.3 1635.8 1660.1 1704.9 1661.6 1677.8 1686.6 1685.7 1678.0 1682.2 1676.5 1668.2 1708.8 1738.6 1785.8
-999.0 -999.0 -999.0 -999.0 -999.0 -999.0 -999.0 -999.0 -999.0 -999.0 -999.0 -999.0 -999.0 -999.0 -999.0 -999.0 -999.0 -999.0 -999.0 -999.0 -999.0 -999.0 -999.0 -999.0 -999.0 -999.0 -999.0 -999.0 -999.0 -999.0 -999.0 -999.0 -999.0 -999.0 -999.0 1662.0 1609.1 1634.8 1668.4 1650.9 1570.4 1225.9 1176.8 1302.8 1108.0 1151.2 1239.8 1249.1 1001.3 1187.1 1219.1 1472.3 1700.6 1512.0 1668.7 1760.6 1656.2 1642.6 1704.5 1676.8 1700.5 1708.8 1704.1 1700.1 1692.4 1687.8 1571.3 1639.3 1670.7 1575.0 1632.2
-999.0 -999.0 -999.0 -999.0 -999.0 -999.0 -999.0 -999.0 -999.0 -999.0 -999.0 -999.0 -999.0 -999.0 -999.0 -999.0 -999.0 -999.0 -999.0 -999.0 -999.0 -999.0 -999.0 -999.0 -999.0 -999.0 -999.0 -999.0 -999.0 -999.0 -999.0 -999.0 -999.0 -999.0 -999.0 1667.8 1657.7 1644.5 1655.7 1499.0 1563.5 1471.0 1206.9 1432.2 1415.6 1392.2 1508.9 1450.2 1163.8 1229.9 1256.5 1568.4 1446.8 1365.2 1612.4 1544.9 1614.9 1574.9 1630.2 1673.4 1735.4 1747.9 1734.7 1721.7 1696.1 1705.3 1678.9 1601.7 1648.9 1606.4 1566.9
-999.0 -999.0 -999.0 -999.0 -999.0 -999.0 -999.0 -999.0 -999.0 -999.0 -999.0 -999.0 -999.0 -999.0 -999.0 -999.0 -999.0 -999.0 -999.0 -999.0 -999.0 -999.0 -999.0 -999.0 -999.0 -999.0 -999.0 -999.0 -999.0 -999.0 -999.0 -999.0 -999.0 -999.0 1646.3 1675.9 1673.7 1559.8 1571.2 1575.0 1620.4 1534.6 1501.3 1544.8 1590.6 1618.0 1587.5 1470.8 1201.9 1027.9 990.5 1309.3 1209.4 1295.3 1556.1 1566.6 1673.9 1646.6 1646.1 1714.5 1760.7 1776.7 1773.4 1747.3 1709.1 1721.7 1692.4 1654.0 1623.9 1609.5 1512.8
-999.0 -999.0 -999.0 -999.0 -999.0 -999.0 -999.0 -999.0 -999.0 -999.0 -999.0 -999.0 -999.0 -999.0 -999.0 -999.0 -999.0 -999.0 -999.0 -999.0 -999.0 -999.0 -999.0 -999.0 -999.0 -999.0 -999.0 -999.0 -999.0 -999.0 -999.0 -999.0 -999.0 -999.0 -999.0 1650.7 1707.8 1662.9 1634.9 1484.2 1671.9 1677.5 1681.9 1671.7 1665.2 1710.0 1683.0 1574.4 1463.9 1115.3 977.1 929.1 1178.6 1215.0 1381.2 1540.8 1549.1 1740.5 1742.6 1674.8 1774.7 1818.0 1824.9 1773.0 1728.1 1725.0 1702.7 1655.8 1647.8 1651.0 1631.9
-999.0 -999.0 -999.0 -999.0 -999.0 -999.0 -999.0 -999.0 -999.0 -999.0 -999.0 -999.0 -999.0 -999.0 -999.0 -999.0 -999.0 -999.0 -999.0 -999.0 -999.0 -999.0 -999.0 -999.0 -999.0 -999.0 -999.0 -999.0 -999.0 -999.0 -999.0 -999.0 -999.0 -999.0 -999.0 1706.4 1719.9 1742.9 1726.4 1693.7 1692.6 1699.7 1749.8 1759.3 1821.9 1842.2 1798.7 1689.5 1480.6 1399.3 1010.7 876.5 913.6 1118.9 1321.3 1490.3 1635.3 1584.4 1681.5 1630.3 1763.5 1807.2 1833.8 1773.0 1738.0 1720.1 1678.2 1652.8 1658.6 1664.3 1614.0
-999.0 -999.0 -999.0 -999.0 -999.0 -999.0 -999.0 -999.0 -999.0 -999.0 -999.0 -999.0 -999.0 -999.0 -999.0 1665.1 1639.3 1611.4 1586.0 -999.0 -999.0 -999.0 -999.0 -999.0 -999.0 -999.0 -999.0 -999.0 -999.0 -999.0 -999.0 -999.0 -999.0 -999.0 1735.5 1793.9 1746.3 1768.8 1695.2 1695.6 1728.3 1739.7 1754.7 1796.3 1819.8 1856.6 1810.5 1710.8 1560.6 1244.1 1045.8 1029.5 1226.5 1087.6 1275.7 1661.5 1636.0 1722.9 1505.8 1554.1 1713.9 1732.1 1747.0 1738.8 1721.2 1711.8 1689.6 1648.2 1653.3 1689.4 1671.4
-999.0 -999.0 -999.0 -999.0 -999.0 -999.0 -999.0 -999.0 -999.0 -999.0 -999.0 -999.0 -999.0 -999.0 -999.0 1592.8 1517.4 1552.3 1649.4 -999.0 -999.0 -999.0 -999.0 -999.0 -999.0 -999.0 -999.0 -999.0 -999.0 -999.0 -999.0 -999.0 -999.0 1806.2 1680.7 1762.2 1770.7 1699.0 1771.5 1705.5 1740.8 1747.6 1758.3 1785.8 1774.8 1752.2 1773.8 1710.6 1597.0 1449.1 1044.8 990.9 1245.1 1224.1 1400.2 1551.7 1820.2 1765.3 1599.2 1566.8 1663.6 1748.0 1766.5 1734.7 1696.2 1706.5 1694.9 1674.9 1635.4 1683.6 1666.7
-999.0 -999.0 -999.0 -999.0 -999.0 -999.0 -999.0 -999.0 -999.0 -999.0 -999.0 -999.0 -999.0 1626.8 1749.2 1689.0 1524.8 1542.6 1563.1 1720.2 1786.9 1820.8 -999.0 -999.0 1717.3 1802.6 -999.0 -999.0 -999.0 1787.5 1656.2 1658.7 -999.0 1809.8 1632.6 1735.3 1808.8 1795.1 1784.8 1675.7 1682.7 1680.8 1728.3 1690.7 1754.9 1671.8 1693.4 1667.2 1299.8 1536.8 1399.3 1152.7 1476.4 1412.0 1170.1 1680.1 1569.6 1706.9 1612.3 1595.1 1660.0 1714.1 1764.5 1711.3 1709.3 1734.9 1698.0 1703.4 1642.3 1695.2 1687.5
-999.0 -999.0 -999.0 -999.0 -999.0 -999.0 -999.0 -999.0 -999.0 -999.0 -999.0 -999.0 -999.0 -999.0 1761.8 1718.2 1633.8 1609.4 1621.5 1629.3 1564.6 1825.5 -999.0 1829.1 1696.7 1506.7 1627.9 1558.2 1808.1 1795.8 1388.0 1412.2 1521.9 -999.0 1718.2 1661.1 1724.6 1779.9 1768.6 1642.0 1750.3 1861.1 1842.2 1741.5 1701.6 1667.9 1585.3 1581.4 1271.1 1197.7 1233.4 1215.0 1265.1 1171.7 1246.8 1470.3 1656.4 1699.6 1524.4 1526.0 1642.2 1631.5 1729.3 1696.0 1697.0 1729.0 1694.5 1712.9 1655.0 1694.4 1699.0
-999.0 -999.0 -999.0 -999.0 -999.0 -999.0 -999.0 -999.0 -999.0 -999.0 -999.0 -999.0 -999.0 -999.0 -999.0 1769.5 1674.1 1603.6 1676.0 1688.8 1713.3 1813.3 1379.3 862.0 1586.7 1260.7 1265.4 1368.3 1546.6 1717.6 1673.9 1491.2 1339.3 1541.3 1740.1 1772.5 1728.9 1749.0 1685.6 1506.4 1633.2 1852.4 1879.6 1764.8 1690.0 1657.9 1575.6 1514.2 1134.5 1041.8 1187.6 1209.6 1347.2 1417.8 1384.1 1428.8 1602.5 1636.8 1543.4 1577.7 1598.2 1566.4 1676.6 1634.3 1708.8 1713.0 1707.4 1669.0 1553.1 1704.2 1714.9
-999.0 -999.0 -999.0 -999.0 -999.0 -999.0 -999.0 -999.0 -999.0 -999.0 -999.0 -999.0 -999.0 -999.0 -999.0 -999.0 1667.2 1734.0 1731.3 1729.1 1603.2 1410.6 616.2 1032.6 1693.4 1169.7 1459.1 1208.0 1283.6 1553.1 1694.6 1224.2 1441.3 1437.9 1612.7 1805.5 1755.9 1710.4 1710.8 1587.4 1598.7 1721.8 1761.2 1750.6 1672.5 1632.9 1582.6 1376.6 1260.0 987.0 1150.5 1141.7 1191.3 1508.6 1401.4 1283.8 1426.3 1516.2 1535.1 1607.0 1559.1 1563.6 1649.5 1620.3 1705.4 1723.5 1694.6 1696.6 1678.1 1689.7 1720.9
-999.0 -999.0 -999.0 -999.0 -999.0 -999.0 -999.0 -999.0 -999.0 -999.0 -999.0 -999.0 -999.0 -999.0 -999.0 -999.0 -999.0 1786.4 1748.8 1532.0 1291.4 647.9 582.4 989.4 1270.3 1294.5 1209.3 1105.4 1121.7 1151.3 1447.4 1586.1 1191.2 1443.3 1581.6 1643.2 1743.0 1741.7 1700.0 1660.2 1637.3 1688.2 1727.9 1696.0 1640.2 1600.8 1528.2 1365.1 1176.9 1077.2 1224.2 1251.9 1167.3 1324.4 1570.7 1286.2 1480.8 1490.7 1509.1 1623.8 1635.2 1622.6 1619.3 1620.8 1705.7 1733.0 1713.9 1736.9 1642.2 1690.7 1724.7
-999.0 -999.0 -999.0 -999.0 -999.0 -999.0 -999.0 -999.0 -999.0 -999.0 -999.0 -999.0 -999.0 -999.0 -999.0 -999.0 -999.0 1805.8 1655.5 1244.9 1077.5 939.0 718.9 1212.3 1470.2 1275.4 1058.3 1001.0 967.2 1152.4 1400.8 1603.3 1135.9 1256.4 1527.7 1624.1 1775.3 1761.1 1697.2 1600.8 1618.7 1646.6 1660.3 1672.1 1642.7 1577.8 1389.4 1296.4 1374.8 1043.7 1210.2 1196.0 1132.0 1187.4 1374.8 1477.8 1522.7 1608.2 1521.1 1516.1 1617.3 1625.2 1677.3 1679.7 1735.3 1727.2 1729.9 1731.6 1695.7 1669.5 1716.3
-999.0 -999.0 -999.0 -999.0 -999.0 -999.0 -999.0 -999.0 -999.0 -999.0 -999.0 -999.0 -999.0 -999.0 -999.0 -999.0 -999.0 1806.7 1594.1 1332.6 1339.1 928.8 1051.2 1345.8 1256.3 1390.8 1229.9 978.7 1096.9 977.9 1180.3 1466.0 1182.0 1221.7 1340.9 1677.0 1744.4 1773.4 1666.8 1559.1 1574.1 1629.3 1645.7 1654.3 1617.2 1476.5 1400.0 1409.4 1380.2 1207.6 1239.3 1262.2 1286.2 1381.5 1406.2 1367.3 1620.8 1545.6 1551.0 1613.9 1601.1 1655.8 1616.0 1736.1 1746.4 1732.8 1743.2 1735.7 1610.6 1705.0 1732.8
-999.0 -999.0 -999.0 -999.0 -999.0 -999.0 -999.0 -999.0 -999.0 -999.0 -999.0 -999.0 -999.0 -999.0 -999.0 -999.0 1793.7 984.1 1460.9 1303.1 1131.3 1461.1 733.3 914.8 997.1 1124.8 942.6 1132.3 1083.8 1197.1 1318.3 1213.8 1018.0 1223.9 1347.5 1669.8 1765.3 1790.9 1621.8 1599.2 1631.8 1631.3 1659.4 1628.1 1514.1 1524.9 1513.4 1342.7 1245.1 1463.4 1153.1 1217.6 1447.5 1417.8 1493.6 1568.1 1583.7 1629.1 1640.4 1716.5 1630.2 1693.7 1750.6 1653.1 1754.8 1742.1 1725.3 1719.9 1620.0 1708.3 1741.6
-999.0 -999.0 -999.0 -999.0 -999.0 -999.0 -999.0 -999.0 -999.0 -999.0 -999.0 -999.0 -999.0 -999.0 1796.9 1734.7 1360.4 1433.6 1591.4 1571.1 1373.3 1606.4 1381.7 1232.2 973.2 988.6 891.8 1007.5 973.4 1363.1 1203.7 1241.7 1493.3 1498.0 1609.2 1612.5 1704.9 1735.7 1622.6 1600.8 1600.4 1636.0 1603.0 1474.7 1538.9 1495.7 1551.1 1390.8 1321.0 1365.1 1443.9 1523.3 1413.9 1478.9 1541.3 1567.8 1614.7 1627.4 1704.3 1727.2 1754.8 1805.8 1785.5 1749.9 1741.5 1710.4 1732.1 1713.4 1625.8 1700.2 1748.0
-999.0 -999.0 -999.0 -999.0 -999.0 -999.0 -999.0 -999.0 -999.0 -999.0 -999.0 -999.0 -999.0 1755.8 1684.8 1670.0 1663.8 1723.8 1784.6 1749.0 1770.6 1741.8 1458.4 1286.8 1132.6 685.1 1119.3 1242.5 1216.7 1448.0 1028.8 981.6 1081.6 1397.0 1581.2 1593.7 1627.0 1653.2 1612.5 1561.5 1598.0 1594.0 1564.7 1488.1 1445.0 1542.8 1531.6 1397.0 1408.1 1445.7 1478.2 1489.9 1489.7 1602.1 1591.5 1653.5 1779.7 1688.3 1724.9 1797.3 1860.7 1835.6 1747.6 1751.3 1731.1 1707.9 1692.8 1688.7 1577.8 1645.4 1718.7
-999.0 -999.0 -999.0 -999.0 -999.0 -999.0 -999.0 -999.0 -999.0 -999.0 -999.0 -999.0 1787.4 1572.2 1598.2 1640.9 -999.0 -999.0 -999.0 -999.0 1795.7 1195.9 1191.9 1182.2 1041.4 1141.6 1214.8 959.3 1022.9 1189.5 661.2 819.5 1038.7 1145.8 1457.3 1673.0 1635.2 1614.5 1634.0 1615.7 1619.4 1615.6 1546.7 1572.4 1438.3 1507.1 1509.1 1487.5 1471.6 1478.4 1510.4 1602.8 1610.6 1639.2 1682.0 1727.8 1793.4 1801.2 1780.5 1796.6 1802.7 1783.3 1755.9 1736.7 1672.1 1633.7 1627.9 1641.8 1591.8 1629.9 1655.9
-999.0 -999.0 -999.0 -999.0 -999.0 -999.0 -999.0 -999.0 -999.0 -999.0 -999.0 -999.0 1744.2 1441.7 1739.2 1802.1 -999.0 -999.0 -999.0 -999.0 1859.3 1376.9 1078.4 1398.4 1020.1 1038.7 1062.8 874.1 827.1 1067.5 827.0 1290.4 1265.6 1398.0 1551.0 1688.3 1678.5 1630.2 1628.3 1601.8 1558.2 1625.5 1543.5 1549.7 1529.9 1465.7 1546.4 1529.6 1595.7 1541.0 1490.8 1487.5 1510.2 1643.0 1700.0 1731.3 1752.8 1702.2 1725.7 1717.6 1709.4 1706.8 1618.9 1656.7 1514.3 1525.8 1528.6 1614.8 1596.5 1630.3 1655.7
-999.0 -999.0 -999.0 -999.0 -999.0 -999.0 -999.0 -999.0 -999.0 -999.0 -999.0 -999.0 -999.0 -999.0 -999.0 -999.0 -999.0 -999.0 -999.0 -999.0 1863.2 1292.4 1254.6 1400.4 1175.9 1313.1 857.5 910.6 1265.2 1067.3 1117.1 1266.1 1279.7 1518.4 1637.7 1722.2 1614.1 1626.3 1622.1 1644.0 1675.9 1645.6 1605.8 1590.4 1569.1 1526.6 1578.7 1603.1 1599.4 1573.0 1609.1 1568.4 1552.7 1698.3 1586.6 1525.2 1629.3 1629.9 1647.6 1710.8 1656.6 1573.6 1463.0 1493.8 1563.4 1558.2 1528.3 1593.5 1584.7 1632.6 1642.6
-999.0 -999.0 -999.0 -999.0 -999.0 -999.0 -999.0 -999.0 -999.0 -999.0 -999.0 -999.0 -999.0 -999.0 -999.0 -999.0 -999.0 -999.0 -999.0 -999.0 -999.0 1296.4 1819.3 1651.8 1300.5 950.8 1024.9 928.0 979.6 1317.1 1277.2 1237.6 1549.8 1610.9 1703.7 1706.2 1675.3 1638.3 1675.6 1700.2 1695.9 1681.5 1650.1 1606.7 1609.8 1552.4 1565.7 1619.1 1473.3 1551.5 1660.5 1673.0 1663.6 1650.4 1656.2 1552.7 1535.2 1593.0 1514.2 1654.0 1668.9 1557.5 1565.2 1540.7 1565.8 1623.4 1562.2 1592.9 1630.4 1683.5 1655.4
-999.0 -999.0 -999.0 -999.0 -999.0 -999.0 -999.0 -999.0 -999.0 -999.0 -999.0 -999.0 -999.0 -999.0 -999.0 -999.0 -999.0 -999.0 -999.0 -999.0 -999.0 1608.8 1126.4 1037.4 1169.8 1200.9 1272.0 1113.3 1293.6 1291.4 1479.9 1639.9 1466.1 1656.1 1696.9 1536.7 1580.8 1618.2 1696.8 1774.3 1743.6 1639.6 1647.3 1537.5 1539.9 1543.0 1567.9 1631.1 1488.8 1467.2 1597.0 1665.5 1692.6 1670.7 1652.8 1618.5 1571.5 1525.8 1386.5 1524.0 1677.6 1633.0 1562.0 1483.3 1454.5 1518.2 1617.8 1607.1 1666.4 1709.5 1744.0
-999.0 -999.0 -999.0 -999.0 -999.0 -999.0 -999.0 -999.0 -999.0 -999.0 -999.0 -999.0 -999.0 -999.0 -999.0 -999.0 -999.0 -999.0 -999.0 -999.0 1673.7 1479.7 1571.3 931.0 1299.1 1372.0 1171.4 1217.3 1349.4 1153.3 1520.9 1671.5 1443.2 1721.8 1204.9 1439.4 1595.9 1621.3 1558.2 1687.7 1682.8 1418.8 1442.6 1506.4 1602.7 1543.3 1561.2 1628.3 1604.4 1601.1 1643.4 1680.8 1679.3 1680.5 1663.0 1602.8 1606.7 1511.9 1543.5 1624.5 1657.0 1602.0 1530.0 1457.4 1434.2 1499.9 1638.0 1659.3 1714.1 1768.8 1801.0
-999.0 -999.0 -999.0 -999.0 -999.0 -999.0 -999.0 -999.0 -999.0 -999.0 -999.0 -999.0 -999.0 -999.0 -999.0 -999.0 -999.0 -999.0 -999.0 -999.0 1887.5 1609.4 1016.1 1423.4 1741.3 1472.2 1403.5 1246.4 1108.8 1173.0 1493.2 1620.5 1578.7 1661.3 1546.0 1491.5 1421.7 1424.7 1606.2 1590.8 1583.1 1540.9 1491.0 1593.6 1603.6 1531.7 1554.1 1589.3 1622.6 1699.0 1691.9 1686.5 1685.0 1676.6 1680.0 1653.7 1642.1 1569.8 1557.0 1619.3 1626.7 1547.8 1453.6 1392.4 1495.6 1505.5 1560.3 1645.9 1757.1 1732.5 1826.2
-999.0 -999.0 -999.0 -999.0 -999.0 -999.0 -999.0 -999.0 -999.0 -999.0 -999.0 -999.0 -999.0 -999.0 -999.0 -999.0 -999.0 -999.0 -999.0 -999.0 1952.2 1468.4 1783.3 1499.4 1515.1 1362.6 1342.3 989.8 1163.6 1092.3 1362.5 1502.0 1647.8 1654.3 1552.7 1318.1 1209.5 1120.6 1499.8 1374.5 1484.2 1479.6 1510.7 1649.2 1610.8 1586.8 1614.1 1630.8 1712.5 1739.1 1641.5 1655.4 1700.7 1679.7 1583.2 1692.9 1659.5 1620.3 1625.7 1661.9 1633.4 1543.2 1501.3 1503.3 1547.1 1584.6 1684.7 1710.5 1697.1 1728.6 1811.1
-999.0 -999.0 -999.0 -999.0 -999.0 -999.0 -999.0 -999.0 -999.0 -999.0 -999.0 -999.0 -999.0 -999.0 -999.0 -999.0 -999.0 -999.0 -999.0 -999.0 -999.0 1721.5 1389.2 1171.4 983.4 892.0 1094.3 1118.5 1299.8 1546.0 1568.7 1621.4 1555.6 1541.3 1592.8 1455.9 1442.1 1186.5 1365.2 1455.6 1489.0 1402.3 1449.4 1635.4 1550.1 1645.9 1695.0 1565.3 1745.2 1770.9 1770.9 1714.8 1733.5 1710.0 1572.8 1628.7 1686.6 1630.9 1645.8 1654.8 1607.8 1531.2 1563.1 1596.6 1669.1 1653.8 1748.8 1655.1 1666.5 1764.1 1795.1
