GDD/GrowingDegreeDays_1990_Actual.txt
ncols         180
nrows         290
xllcorner     -200000
yllcorner     -200000
cellsize      5000
NODATA_value    -999
[rows 128 to 159 of 290, columns 71 to 141 of 180]
-999.0 1353.2 1689.2 1732.4 -999.0 -999.0 -999.0 -999.0 -999.0 -999.0 -999.0 -999.0 -999.0 1546.7 1405.0 1584.4 1375.6 1202.3 1303.0 1075.6 906.5 1000.4 882.5 1018.8 1162.4 1250.1 1199.0 997.7 1070.4 1133.1 1353.5 1129.7 827.6 1040.7 909.3 1127.0 1160.6 1368.6 1352.0 1229.3 1278.6 1255.1 1154.1 1029.3 931.0 991.1 1139.3 1257.4 1302.0 1424.7 1297.6 1284.4 1416.8 1537.1 -999.0 -999.0 -999.0 -999.0 -999.0 -999.0 -999.0 -999.0 -999.0 -999.0 -999.0 -999.0 -999.0 -999.0 -999.0 -999.0 -999.0
-999.0 -999.0 -999.0 -999.0 -999.0 -999.0 -999.0 -999.0 -999.0 -999.0 -999.0 -999.0 -999.0 1595.9 1641.1 1273.7 1361.3 1170.1 1289.5 1023.2 1008.1 827.6 890.2 923.3 1047.3 1104.3 1295.7 766.8 845.3 1152.0 1388.5 1112.3 916.0 1100.3 1070.8 976.7 1229.1 1089.4 1033.4 1174.2 1032.1 1025.3 842.5 1164.3 1159.8 1092.7 1102.5 1132.4 1351.8 1534.7 1458.2 1481.2 1524.3 1614.2 1693.0 -999.0 -999.0 -999.0 -999.0 -999.0 -999.0 -999.0 -999.0 -999.0 -999.0 -999.0 -999.0 -999.0 -999.0 -999.0 -999.0
-999.0 -999.0 -999.0 -999.0 -999.0 -999.0 -999.0 -999.0 -999.0 -999.0 -999.0 -999.0 1836.2 1400.5 1229.1 1238.0 1153.0 1147.8 1225.8 1279.9 960.9 972.6 893.2 962.3 1001.3 1236.3 1468.8 1193.0 1103.7 1132.1 1350.2 1352.4 1164.5 1134.4 1138.5 1110.9 912.7 1208.3 1251.5 1211.7 1228.8 851.6 1033.9 922.1 1005.1 1198.8 1186.4 1175.4 1184.1 1183.8 1489.6 1567.0 1586.9 1623.5 1720.6 -999.0 -999.0 -999.0 -999.0 -999.0 -999.0 -999.0 -999.0 -999.0 -999.0 -999.0 -999.0 -999.0 -999.0 -999.0 -999.0
-999.0 -999.0 -999.0 -999.0 -999.0 -999.0 -999.0 -999.0 -999.0 -999.0 -999.0 -999.0 1501.8 1366.5 1311.6 966.9 1023.4 1182.3 1217.2 955.3 1241.2 1145.6 1005.8 1136.7 1133.6 1398.3 1539.9 1354.4 1276.8 1093.9 1432.6 1393.1 1358.9 1263.9 1361.4 1033.8 1364.9 1068.3 1185.3 1352.9 869.8 1258.2 1134.5 1077.4 1161.0 1102.6 1304.3 1317.8 1162.9 1235.6 1424.8 1437.5 1513.1 1611.3 1691.1 -999.0 -999.0 -999.0 -999.0 -999.0 -999.0 -999.0 -999.0 -999.0 -999.0 -999.0 -999.0 -999.0 -999.0 -999.0 -999.0
-999.0 -999.0 -999.0 -999.0 -999.0 -999.0 -999.0 -999.0 -999.0 -999.0 -999.0 1469.6 1474.8 1419.8 1134.1 1204.2 1171.0 733.6 1033.3 1044.0 1254.7 1163.2 1157.3 1274.8 1149.4 1206.8 1390.0 1279.8 1338.5 1507.6 1558.0 1465.7 1283.5 1276.5 1077.9 1249.9 1403.9 1071.6 1311.6 1263.6 911.9 1203.8 1298.6 1374.4 1244.4 1142.8 1212.1 1204.2 1217.3 1372.1 1432.1 1503.5 1595.9 1612.8 1683.1 -999.0 -999.0 -999.0 -999.0 -999.0 -999.0 -999.0 -999.0 -999.0 -999.0 -999.0 -999.0 -999.0 -999.0 -999.0 -999.0
-999.0 -999.0 -999.0 -999.0 -999.0 -999.0 -999.0 -999.0 -999.0 -999.0 1663.4 1428.0 1255.9 1439.0 1336.5 1230.8 1274.9 1084.8 1200.6 806.2 1361.8 1427.3 1313.3 1261.2 1242.6 1223.4 1386.8 1524.4 1618.9 1402.2 1577.1 1576.7 1380.6 1334.9 1343.6 1353.2 1470.5 1275.6 1458.7 1303.2 992.1 1079.1 1073.9 1171.8 1237.5 1330.9 1378.8 1223.7 1315.7 1390.9 1428.6 1493.7 1540.5 1644.1 1698.7 1768.1 -999.0 -999.0 -999.0 -999.0 -999.0 -999.0 -999.0 -999.0 -999.0 -999.0 -999.0 -999.0 -999.0 -999.0 -999.0
-999.0 -999.0 -999.0 -999.0 -999.0 -999.0 -999.0 -999.0 -999.0 -999.0 1345.7 990.5 1203.0 1293.3 1370.7 1374.6 1448.9 825.0 1048.8 1209.1 1254.5 1476.7 1446.1 1345.2 1384.1 1081.5 1469.0 1580.0 1633.5 1649.8 1391.2 1588.2 1375.8 1433.2 1396.9 1458.5 1460.2 1462.3 1293.8 1414.7 1209.8 1143.3 1195.4 1142.2 1296.6 1419.3 1469.2 1357.3 1422.2 1341.4 1431.3 1549.5 1659.3 1619.3 1661.6 1745.5 -999.0 -999.0 -999.0 -999.0 -999.0 -999.0 -999.0 -999.0 -999.0 -999.0 -999.0 -999.0 -999.0 -999.0 -999.0
-999.0 -999.0 -999.0 -999.0 -999.0 -999.0 -999.0 -999.0 1584.7 1501.0 1220.6 1223.9 1240.6 1218.5 1383.2 1372.6 1509.9 1121.1 1197.4 1179.5 1304.5 1347.9 1536.8 1367.0 1334.1 1412.7 1434.5 1453.2 1703.2 1684.2 1543.9 1566.4 1563.9 1534.0 1510.8 1576.1 1590.4 1470.0 1482.8 1482.1 1175.5 1226.3 1247.3 1266.6 1212.4 1383.0 1450.8 1596.3 1499.1 1458.5 1508.5 1574.9 1673.4 1667.6 1668.2 1714.2 -999.0 -999.0 -999.0 -999.0 -999.0 -999.0 -999.0 -999.0 -999.0 -999.0 -999.0 -999.0 -999.0 -999.0 -999.0
-999.0 -999.0 -999.0 -999.0 -999.0 -999.0 -999.0 -999.0 1504.1 1442.0 1511.8 1268.1 1301.0 1228.6 1415.2 1513.5 1564.1 1516.2 1387.9 1048.6 1277.6 1364.5 1544.8 1565.8 1519.3 1531.2 1534.7 1487.0 1635.5 1565.5 1681.3 1663.0 1657.8 1632.8 1651.3 1672.1 1703.8 1660.8 1531.5 1514.6 1523.9 1394.7 1345.1 1369.1 1418.1 1491.5 1736.1 1579.4 1339.4 1425.4 1576.7 1607.0 1669.6 1671.4 1737.0 1746.2 1820.7 -999.0 -999.0 -999.0 -999.0 -999.0 -999.0 -999.0 -999.0 -999.0 -999.0 -999.0 -999.0 -999.0 -999.0
-999.0 -999.0 -999.0 -999.0 -999.0 -999.0 -999.0 -999.0 1500.2 1435.2 1584.2 1345.1 1474.9 1392.2 1477.4 1551.3 1545.6 1621.7 1310.9 1305.0 1362.1 1243.2 1507.7 1574.7 1529.2 1588.8 1457.8 1191.5 1552.8 -999.0 -999.0 -999.0 1701.5 1658.8 -999.0 1734.2 1753.4 1713.3 1676.8 1632.1 1477.6 1314.2 1420.7 1444.5 1406.8 1538.5 1453.9 1426.5 1558.7 1655.1 1712.7 1725.0 1671.6 1878.1 1864.7 1830.9 1811.3 -999.0 -999.0 -999.0 -999.0 -999.0 -999.0 -999.0 -999.0 -999.0 -999.0 -999.0 -999.0 -999.0 -999.0
1832.3 -999.0 -999.0 -999.0 -999.0 -999.0 -999.0 -999.0 1665.2 1343.7 1543.6 1580.4 1534.1 1479.6 1478.1 1506.5 1600.8 1635.6 1604.8 1198.5 1375.6 1288.8 1505.5 1556.7 1393.1 1630.2 1578.5 1585.2 1646.7 -999.0 -999.0 -999.0 1712.4 1681.4 1659.5 1703.4 1765.8 1747.1 1728.7 1516.9 1260.4 1162.3 1333.3 1126.0 1388.1 1456.1 1264.3 1473.0 1415.5 1434.7 1524.4 1757.8 1667.7 1562.0 1736.9 1767.2 1843.9 -999.0 -999.0 -999.0 -999.0 -999.0 -999.0 -999.0 -999.0 -999.0 -999.0 -999.0 -999.0 -999.0 -999.0
1604.6 1675.5 -999.0 -999.0 -999.0 -999.0 -999.0 -999.0 -999.0 1510.3 1446.3 1621.7 -999.0 1584.9 1517.3 1527.5 1540.2 1640.2 -999.0 1622.1 1669.4 1484.1 1562.7 1493.9 1492.1 1669.5 1684.4 -999.0 -999.0 -999.0 -999.0 1720.1 1687.9 1673.3 1687.7 1668.2 1673.4 1713.2 1646.6 1539.6 1216.5 891.4 1333.0 998.0 1272.7 1173.1 1120.3 1347.2 1257.3 1416.0 1585.2 1497.6 1501.3 1602.7 1771.0 1710.7 1692.7 1893.9 -999.0 -999.0 -999.0 -999.0 -999.0 -999.0 -999.0 -999.0 -999.0 -999.0 -999.0 -999.0 -999.0
1471.5 -999.0 -999.0 -999.0 -999.0 -999.0 -999.0 -999.0 -999.0 -999.0 1568.5 -999.0 -999.0 -999.0 1691.7 1540.9 1525.7 1565.7 1654.8 -999.0 -999.0 1607.1 1676.6 1495.3 1452.4 -999.0 -999.0 -999.0 -999.0 -999.0 1780.5 1647.0 1644.2 1645.6 1663.5 1609.2 1658.2 1586.2 1503.9 1589.3 1379.6 1086.9 898.5 1073.4 967.3 956.0 973.4 1190.5 1182.3 1183.5 1302.9 1507.0 1545.6 1535.2 1740.1 1681.2 1613.8 1707.1 -999.0 -999.0 -999.0 -999.0 -999.0 -999.0 -999.0 -999.0 -999.0 -999.0 -999.0 -999.0 -999.0
-999.0 -999.0 -999.0 -999.0 -999.0 -999.0 -999.0 -999.0 -999.0 -999.0 1664.2 1674.2 -999.0 -999.0 -999.0 1685.9 1482.5 1481.0 1580.1 -999.0 -999.0 -999.0 -999.0 1735.6 -999.0 -999.0 -999.0 -999.0 -999.0 -999.0 1791.9 1698.8 1667.1 1541.2 1441.5 1443.2 1549.3 1558.6 1613.0 1581.1 1484.6 1174.3 943.5 1130.8 808.2 904.3 885.1 1127.5 1136.8 1047.1 1267.5 1442.3 1545.0 1690.5 1749.6 1638.4 1567.1 1662.0 -999.0 -999.0 -999.0 -999.0 -999.0 -999.0 -999.0 -999.0 -999.0 -999.0 -999.0 -999.0 -999.0
1902.2 1898.0 1858.0 -999.0 -999.0 -999.0 -999.0 -999.0 -999.0 -999.0 -999.0 1543.0 -999.0 -999.0 -999.0 -999.0 1665.6 1535.7 1635.1 -999.0 -999.0 -999.0 -999.0 -999.0 -999.0 -999.0 -999.0 -999.0 -999.0 1825.3 1714.3 1550.5 1449.5 1412.8 1314.3 1344.0 1439.0 1481.9 1596.3 1536.6 1512.8 1308.2 792.7 729.9 771.2 865.8 1134.9 1268.3 1247.2 1364.0 1542.2 1398.8 1428.9 1680.1 1682.5 1594.6 1552.1 1645.7 1820.6 -999.0 -999.0 -999.0 -999.0 -999.0 -999.0 -999.0 -999.0 -999.0 -999.0 -999.0 -999.0
1605.5 1585.0 1714.3 1796.9 -999.0 -999.0 -999.0 -999.0 -999.0 -999.0 -999.0 1462.0 -999.0 -999.0 -999.0 -999.0 -999.0 -999.0 -999.0 -999.0 -999.0 -999.0 -999.0 -999.0 -999.0 -999.0 -999.0 -999.0 -999.0 1722.4 1643.8 1605.8 1572.1 1642.9 1111.5 1286.3 1390.4 1293.4 1583.7 1454.9 1678.3 1470.0 932.2 667.8 849.1 1014.3 781.7 766.6 916.9 1100.9 1233.9 1628.1 1609.8 1625.7 1532.9 1588.5 1617.3 1630.5 1779.3 1937.9 -999.0 -999.0 -999.0 -999.0 -999.0 -999.0 -999.0 -999.0 -999.0 -999.0 -999.0
1667.1 1685.0 1676.7 1750.3 -999.0 -999.0 -999.0 -999.0 -999.0 -999.0 -999.0 -999.0 -999.0 -999.0 -999.0 -999.0 -999.0 -999.0 -999.0 -999.0 -999.0 -999.0 -999.0 -999.0 -999.0 -999.0 -999.0 -999.0 1854.3 1720.4 1565.9 1635.3 1333.6 1772.6 806.1 847.1 1447.7 1406.2 1533.1 1609.7 1531.3 1585.2 1332.5 729.2 798.8 946.2 1040.4 1149.9 1038.0 1105.7 1225.7 1450.1 1621.3 1643.8 1654.1 1658.3 1608.8 1690.7 1875.8 1952.9 -999.0 -999.0 -999.0 -999.0 -999.0 -999.0 -999.0 -999.0 -999.0 -999.0 -999.0
1744.8 1772.4 1778.9 1752.4 -999.0 -999.0 -999.0 -999.0 -999.0 -999.0 -999.0 -999.0 -999.0 -999.0 -999.0 -999.0 -999.0 -999.0 -999.0 -999.0 -999.0 -999.0 -999.0 -999.0 -999.0 -999.0 -999.0 -999.0 1818.5 1542.5 1594.2 1412.2 893.6 1413.0 1665.9 1219.9 1149.8 1321.9 1373.2 1475.6 1513.9 1570.7 1500.7 1362.4 786.0 935.5 1000.6 1163.8 1210.7 1247.7 1422.7 1485.1 1555.2 1526.6 1674.9 1591.8 1653.8 1687.3 1839.5 1952.7 1959.8 1925.4 1914.8 -999.0 -999.0 -999.0 -999.0 -999.0 -999.0 -999.0 -999.0
1681.9 1832.7 -999.0 1769.9 1821.6 -999.0 -999.0 -999.0 -999.0 -999.0 -999.0 -999.0 -999.0 -999.0 -999.0 -999.0 -999.0 -999.0 -999.0 -999.0 -999.0 -999.0 -999.0 -999.0 -999.0 -999.0 -999.0 -999.0 1751.3 1543.9 1454.7 1157.5 1499.1 1412.4 1301.3 1058.0 1287.8 1383.9 1071.7 1498.7 1325.7 1508.1 1567.6 1576.6 1284.3 1064.4 1073.9 1152.9 1220.4 1399.8 1401.3 1474.1 1592.8 1696.6 1700.5 1704.2 1665.3 1737.9 1819.3 1876.3 1604.3 1721.6 1642.4 1638.5 1756.5 -999.0 -999.0 -999.0 -999.0 -999.0 -999.0
1632.0 1751.9 1793.3 1778.2 -999.0 -999.0 -999.0 -999.0 -999.0 -999.0 -999.0 -999.0 -999.0 -999.0 -999.0 -999.0 -999.0 -999.0 -999.0 -999.0 -999.0 -999.0 -999.0 -999.0 -999.0 -999.0 -999.0 -999.0 1753.5 1532.3 1337.7 943.7 835.1 1086.8 1390.0 1319.6 1229.6 1031.2 1378.6 1082.7 1253.6 1381.2 1442.1 1476.2 1547.0 1431.1 1087.7 1132.7 1223.6 1305.2 1379.1 1458.4 1545.3 1655.7 1749.4 1733.9 1736.8 1796.2 1812.7 1796.5 1671.7 1392.8 1430.0 1457.0 1460.9 1586.5 1875.2 -999.0 -999.0 -999.0 -999.0
1709.2 1759.6 1775.5 1765.3 -999.0 -999.0 -999.0 -999.0 -999.0 -999.0 -999.0 -999.0 -999.0 -999.0 -999.0 -999.0 -999.0 -999.0 -999.0 -999.0 -999.0 -999.0 -999.0 -999.0 -999.0 -999.0 -999.0 -999.0 1824.0 1698.2 1341.9 1140.7 1488.8 662.3 847.1 1385.4 1212.2 1386.1 1041.7 987.6 1252.6 1395.0 1370.1 1330.7 1471.6 887.7 986.3 1008.8 988.4 1003.4 1108.9 1433.3 1426.0 1642.1 1741.4 1759.5 1773.4 1806.8 1845.6 1851.9 1747.9 1485.2 1569.2 1603.1 1546.2 1510.5 1800.9 1664.6 -999.0 -999.0 -999.0
1740.5 1717.5 1661.8 1787.1 -999.0 -999.0 -999.0 -999.0 -999.0 -999.0 -999.0 -999.0 -999.0 -999.0 -999.0 -999.0 1894.1 1893.7 1947.7 -999.0 -999.0 -999.0 -999.0 -999.0 -999.0 -999.0 -999.0 -999.0 -999.0 1862.3 1723.0 1589.4 1390.8 1320.5 1058.6 1567.7 1810.2 1305.0 1301.8 1321.1 1370.9 1226.9 1219.8 1310.6 1257.0 1049.4 1048.9 822.9 927.6 1121.1 1234.2 1263.8 1469.6 1658.6 1748.6 1793.6 1771.3 1822.7 1838.3 1417.3 1491.8 1194.2 1167.2 1270.8 1354.0 1588.9 1397.3 1533.9 1827.3 -999.0 -999.0
1806.3 1682.3 1753.1 -999.0 -999.0 -999.0 -999.0 -999.0 -999.0 -999.0 -999.0 -999.0 -999.0 -999.0 -999.0 -999.0 1837.6 1840.5 -999.0 -999.0 -999.0 -999.0 -999.0 -999.0 -999.0 -999.0 -999.0 -999.0 -999.0 -999.0 1839.7 1822.8 1407.3 1439.2 832.1 1409.9 1402.1 1486.8 1621.6 1601.3 1517.5 1515.4 861.5 1297.8 1204.7 855.3 1064.9 1336.3 1435.5 1107.2 1464.1 1308.2 1555.9 1733.7 1837.5 1842.6 1812.6 1735.3 1511.7 1404.6 1457.7 1462.2 1512.9 1424.9 1329.2 1368.4 1344.7 1532.3 1550.9 -999.0 -999.0
1735.9 1689.7 -999.0 -999.0 -999.0 -999.0 -999.0 -999.0 -999.0 -999.0 -999.0 -999.0 -999.0 -999.0 -999.0 1812.3 1442.2 1533.9 1843.0 -999.0 -999.0 -999.0 -999.0 -999.0 -999.0 -999.0 -999.0 -999.0 -999.0 -999.0 1899.3 1568.3 1395.9 1352.3 1487.5 1379.9 1568.0 1607.1 1634.1 1648.1 1455.1 1534.5 1569.6 880.7 1177.4 1227.5 999.0 1216.6 1043.3 1293.6 1293.7 1500.4 1637.3 1769.5 1844.7 1913.5 1852.6 1673.0 1545.6 1599.7 1516.9 1445.6 1483.5 1425.5 1438.9 1435.4 1436.4 1659.1 1546.4 1826.9 -999.0
-999.0 -999.0 -999.0 -999.0 -999.0 -999.0 -999.0 -999.0 -999.0 -999.0 -999.0 -999.0 -999.0 -999.0 1885.8 1381.1 1229.3 1091.9 1859.6 -999.0 -999.0 -999.0 -999.0 -999.0 -999.0 -999.0 -999.0 -999.0 -999.0 -999.0 1892.4 1348.5 1438.6 1772.8 1572.8 1647.8 1583.4 1736.6 1717.4 1585.5 1460.0 1657.8 1061.9 1239.8 995.8 1210.3 893.0 1418.2 1318.6 1506.0 1360.4 1561.7 1619.7 1709.1 1902.6 1926.8 1861.1 1756.8 1495.7 1476.3 1533.7 1647.3 1611.1 1601.8 1573.6 1557.4 1465.7 1530.5 1632.4 1633.2 -999.0
-999.0 -999.0 -999.0 -999.0 -999.0 -999.0 -999.0 -999.0 -999.0 -999.0 -999.0 -999.0 -999.0 1886.0 1761.8 1064.8 1407.1 1622.3 -999.0 -999.0 -999.0 -999.0 -999.0 -999.0 -999.0 -999.0 -999.0 -999.0 -999.0 -999.0 -999.0 1824.7 1825.5 1824.8 1569.9 1760.8 1578.0 1760.8 1738.2 1674.4 1545.9 1666.8 1111.2 1074.4 937.4 967.6 916.2 997.6 1021.7 1150.4 1282.3 1343.4 1459.0 1731.2 1838.7 1843.0 1754.4 1722.9 1709.6 1406.7 1562.5 1803.6 1804.4 1733.2 1750.1 1742.5 1759.1 1766.9 1814.8 1795.1 1752.6
-999.0 -999.0 -999.0 -999.0 -999.0 -999.0 -999.0 -999.0 -999.0 -999.0 -999.0 -999.0 -999.0 1584.0 1312.4 1666.7 1779.3 1911.1 -999.0 -999.0 -999.0 -999.0 -999.0 -999.0 -999.0 -999.0 -999.0 -999.0 -999.0 -999.0 -999.0 -999.0 1898.7 1736.9 1770.2 1787.0 1676.6 1776.7 1776.0 1719.8 1541.7 1668.8 1138.7 1188.9 1215.7 1003.1 1076.2 1165.5 901.7 943.0 1265.7 1220.8 1405.8 1522.2 1745.7 1793.2 1741.7 1742.5 1774.9 1782.4 1810.7 1881.3 1829.7 1760.7 1722.6 1740.6 1777.0 1793.4 1792.0 1523.1 1536.7
-999.0 -999.0 -999.0 -999.0 -999.0 -999.0 -999.0 -999.0 -999.0 -999.0 -999.0 -999.0 -999.0 1577.9 1647.0 1647.9 1914.0 -999.0 -999.0 -999.0 -999.0 -999.0 -999.0 -999.0 -999.0 -999.0 -999.0 -999.0 -999.0 -999.0 -999.0 -999.0 1934.3 1764.1 1749.9 -999.0 1806.8 -999.0 1873.4 1812.4 1715.9 1730.2 1657.3 1175.2 1225.5 1189.7 914.4 1415.0 1370.5 983.4 1148.1 1266.5 1376.6 1556.3 1713.7 1810.1 1869.9 1872.3 1842.6 1850.2 1807.2 1714.9 1786.1 1677.9 1713.9 1776.8 1721.8 1618.8 1659.5 1695.2 1681.4
-999.0 -999.0 -999.0 -999.0 -999.0 -999.0 -999.0 -999.0 -999.0 -999.0 -999.0 -999.0 1874.4 1879.8 1868.6 -999.0 -999.0 -999.0 -999.0 -999.0 -999.0 -999.0 -999.0 -999.0 -999.0 -999.0 -999.0 -999.0 -999.0 -999.0 -999.0 -999.0 1957.1 1905.4 1875.5 -999.0 -999.0 -999.0 1899.7 1656.1 1794.3 1670.4 1533.4 1593.0 1558.0 1421.7 1093.3 1081.8 1472.7 1162.2 1085.6 1335.3 1308.2 1476.3 1627.7 1854.7 1890.0 1905.5 1902.2 1888.8 1859.3 1820.9 1802.1 1729.1 1799.3 1739.9 1648.2 1588.2 1568.9 1577.1 1628.5
-999.0 -999.0 -999.0 -999.0 -999.0 -999.0 -999.0 -999.0 -999.0 -999.0 -999.0 -999.0 -999.0 -999.0 -999.0 -999.0 -999.0 -999.0 -999.0 -999.0 -999.0 -999.0 -999.0 -999.0 -999.0 -999.0 -999.0 -999.0 -999.0 -999.0 -999.0 -999.0 -999.0 -999.0 -999.0 -999.0 -999.0 1919.3 1881.4 1702.4 1455.0 1366.1 1351.3 1344.5 1452.1 1433.7 1208.0 1234.8 1369.7 1547.1 1323.5 1252.9 1422.9 1536.0 1663.7 1779.1 1849.3 1855.9 1918.5 1928.6 1920.2 1908.9 1874.0 1864.6 1749.9 1504.6 1646.5 1602.2 1694.1 1686.6 1750.6
-999.0 -999.0 -999.0 -999.0 -999.0 -999.0 -999.0 -999.0 -999.0 -999.0 -999.0 -999.0 -999.0 -999.0 -999.0 -999.0 -999.0 -999.0 -999.0 -999.0 -999.0 -999.0 -999.0 -999.0 -999.0 -999.0 -999.0 -999.0 -999.0 -999.0 -999.0 -999.0 -999.0 -999.0 -999.0 -999.0 -999.0 1881.1 1770.4 1509.2 1249.3 1076.4 1215.2 1488.4 1397.2 1625.0 1536.8 1590.8 1447.5 1383.8 1354.9 1373.8 1442.9 1569.1 1654.8 1721.4 1837.7 1850.6 1921.4 1948.8 1976.5 1961.8 1910.8 1879.2 1803.8 1465.7 1546.1 1716.3 1772.1 1800.3 1798.8
-999.0 -999.0 -999.0 -999.0 -999.0 -999.0 -999.0 -999.0 -999.0 -999.0 -999.0 -999.0 -999.0 -999.0 -999.0 -999.0 -999.0 -999.0 -999.0 -999.0 -999.0 -999.0 -999.0 -999.0 -999.0 -999.0 -999.0 -999.0 -999.0 -999.0 -999.0 -999.0 -999.0 -999.0 -999.0 -999.0 -999.0 1851.8 1810.2 1683.4 1421.1 1321.6 1379.1 1493.9 1532.5 1593.2 1528.7 1621.8 1636.7 1587.1 1755.5 1404.6 1571.9 1505.4 1639.8 1693.5 1844.0 1883.0 1899.1 1936.0 2009.9 1958.1 1939.3 1885.3 1856.6 1675.2 1620.2 1716.6 1794.0 1819.0 1836.9
