GDD/GrowingDegreeDays_1969_Actual.txt
ncols         180
nrows         290
xllcorner     -200000
yllcorner     -200000
cellsize      5000
NODATA_value    -999
[rows 64 to 95 of 290, columns 71 to 141 of 180]
-999.0 -999.0 -999.0 -999.0 -999.0 -999.0 -999.0 -999.0 -999.0 1408.6 1216.8 1222.0 1188.3 940.9 970.0 815.9 980.8 1049.9 999.8 1017.3 568.2 1004.0 696.2 953.2 912.7 1064.8 1105.8 1008.9 856.1 884.7 723.4 1039.8 -999.0 -999.0 -999.0 -999.0 -999.0 -999.0 -999.0 -999.0 -999.0 -999.0 -999.0 -999.0 -999.0 -999.0 -999.0 -999.0 -999.0 -999.0 -999.0 -999.0 -999.0 -999.0 -999.0 -999.0 -999.0 -999.0 -999.0 -999.0 -999.0 -999.0 -999.0 -999.0 -999.0 -999.0 -999.0 -999.0 -999.0 -999.0 -999.0
-999.0 -999.0 -999.0 -999.0 -999.0 -999.0 -999.0 -999.0 -999.0 -999.0 1420.3 1235.1 1010.1 955.4 961.9 929.1 937.7 1249.1 1141.1 1108.9 901.9 855.7 824.4 947.6 1029.5 959.2 1001.5 1036.4 982.1 1012.8 1063.4 1289.6 -999.0 -999.0 -999.0 -999.0 -999.0 -999.0 -999.0 -999.0 -999.0 -999.0 -999.0 -999.0 -999.0 -999.0 -999.0 -999.0 -999.0 -999.0 -999.0 -999.0 -999.0 -999.0 -999.0 -999.0 -999.0 -999.0 -999.0 -999.0 -999.0 -999.0 -999.0 -999.0 -999.0 -999.0 -999.0 -999.0 -999.0 -999.0 -999.0
-999.0 -999.0 -999.0 -999.0 -999.0 -999.0 -999.0 -999.0 1445.3 -999.0 1443.3 1275.1 973.0 942.6 869.8 669.5 1116.0 1042.6 1249.8 1113.2 1105.0 1008.7 921.7 1089.2 1052.5 982.4 927.8 906.2 1009.9 1145.6 1305.9 -999.0 -999.0 -999.0 -999.0 -999.0 -999.0 -999.0 -999.0 -999.0 -999.0 -999.0 -999.0 -999.0 -999.0 -999.0 -999.0 -999.0 -999.0 -999.0 -999.0 -999.0 -999.0 -999.0 -999.0 -999.0 -999.0 -999.0 -999.0 -999.0 -999.0 -999.0 -999.0 -999.0 -999.0 -999.0 -999.0 -999.0 -999.0 -999.0 -999.0
-999.0 -999.0 -999.0 -999.0 -999.0 -999.0 -999.0 -999.0 1450.2 1424.8 1374.5 1343.3 947.9 1242.9 1089.2 1180.4 1060.8 1127.8 974.3 1224.6 1177.6 1049.7 1073.5 1032.7 1032.8 1116.5 869.4 1031.5 1065.8 -999.0 -999.0 -999.0 -999.0 -999.0 -999.0 -999.0 -999.0 -999.0 -999.0 -999.0 -999.0 -999.0 -999.0 -999.0 -999.0 -999.0 -999.0 -999.0 -999.0 -999.0 -999.0 -999.0 -999.0 -999.0 -999.0 -999.0 -999.0 -999.0 -999.0 -999.0 -999.0 -999.0 -999.0 -999.0 -999.0 -999.0 -999.0 -999.0 -999.0 -999.0 -999.0
-999.0 -999.0 -999.0 -999.0 -999.0 -999.0 -999.0 -999.0 -999.0 1427.1 900.1 1348.0 1116.0 1057.6 1075.5 1233.3 956.4 1084.4 975.8 1015.4 1199.1 1107.3 1132.9 1097.9 1052.9 1069.7 1012.1 1304.3 -999.0 -999.0 -999.0 -999.0 -999.0 -999.0 -999.0 -999.0 -999.0 -999.0 -999.0 -999.0 -999.0 -999.0 -999.0 -999.0 -999.0 -999.0 -999.0 -999.0 -999.0 -999.0 -999.0 -999.0 -999.0 -999.0 -999.0 -999.0 -999.0 -999.0 -999.0 -999.0 -999.0 -999.0 -999.0 -999.0 -999.0 -999.0 -999.0 -999.0 -999.0 -999.0 -999.0
-999.0 -999.0 -999.0 -999.0 -999.0 -999.0 -999.0 -999.0 -999.0 -999.0 1444.2 1094.3 1353.7 1160.5 828.3 1185.5 1150.7 1162.9 1302.1 1094.6 1236.6 1094.7 1037.7 1259.9 1034.6 1166.0 1269.9 -999.0 -999.0 -999.0 -999.0 -999.0 -999.0 -999.0 -999.0 -999.0 -999.0 -999.0 -999.0 -999.0 -999.0 -999.0 -999.0 -999.0 -999.0 -999.0 -999.0 -999.0 -999.0 -999.0 -999.0 -999.0 -999.0 -999.0 -999.0 -999.0 -999.0 -999.0 -999.0 -999.0 -999.0 -999.0 -999.0 -999.0 -999.0 -999.0 -999.0 -999.0 -999.0 -999.0 -999.0
-999.0 -999.0 -999.0 -999.0 -999.0 -999.0 1442.0 -999.0 -999.0 1479.7 1465.5 1243.3 1074.9 1001.3 1016.3 1204.7 1141.6 963.3 1094.5 1181.8 1304.6 1124.9 1065.7 1104.6 1326.8 1342.4 -999.0 -999.0 -999.0 -999.0 -999.0 -999.0 -999.0 -999.0 -999.0 -999.0 -999.0 -999.0 -999.0 -999.0 -999.0 -999.0 -999.0 -999.0 -999.0 -999.0 -999.0 -999.0 -999.0 -999.0 -999.0 -999.0 -999.0 -999.0 -999.0 -999.0 -999.0 -999.0 -999.0 -999.0 -999.0 -999.0 -999.0 -999.0 -999.0 -999.0 -999.0 -999.0 -999.0 -999.0 -999.0
-999.0 -999.0 -999.0 -999.0 1303.3 1461.5 1365.7 1469.6 1291.1 1471.1 1074.7 1400.3 838.2 963.1 996.3 1018.1 896.6 937.9 962.4 1281.1 1178.8 1254.0 1050.6 1135.2 1239.6 1357.4 -999.0 -999.0 -999.0 -999.0 -999.0 -999.0 -999.0 -999.0 -999.0 -999.0 -999.0 -999.0 -999.0 -999.0 -999.0 -999.0 -999.0 -999.0 -999.0 -999.0 -999.0 -999.0 -999.0 -999.0 -999.0 -999.0 -999.0 -999.0 -999.0 -999.0 -999.0 -999.0 -999.0 -999.0 -999.0 -999.0 -999.0 -999.0 -999.0 -999.0 -999.0 -999.0 -999.0 -999.0 -999.0
-999.0 -999.0 -999.0 -999.0 1034.9 1436.0 1447.6 1294.2 1230.9 1059.1 814.8 990.0 1408.5 843.8 780.8 847.5 783.8 1058.1 964.9 713.6 1113.6 1288.1 1321.2 1360.5 1364.5 -999.0 -999.0 1337.1 -999.0 -999.0 -999.0 -999.0 -999.0 -999.0 -999.0 -999.0 -999.0 -999.0 -999.0 -999.0 -999.0 -999.0 -999.0 -999.0 -999.0 -999.0 -999.0 -999.0 -999.0 -999.0 -999.0 -999.0 -999.0 -999.0 -999.0 -999.0 -999.0 -999.0 -999.0 -999.0 -999.0 -999.0 -999.0 -999.0 -999.0 -999.0 -999.0 -999.0 -999.0 -999.0 -999.0
-999.0 -999.0 -999.0 -999.0 1199.3 1337.1 1471.4 1256.8 903.7 1216.2 549.2 1081.7 1066.5 786.3 705.6 783.1 799.1 790.0 701.6 835.0 959.2 871.2 1134.2 1040.7 1314.1 1346.0 1334.3 1345.0 -999.0 -999.0 -999.0 -999.0 -999.0 -999.0 -999.0 -999.0 -999.0 -999.0 -999.0 -999.0 -999.0 -999.0 -999.0 -999.0 -999.0 -999.0 -999.0 -999.0 -999.0 -999.0 -999.0 -999.0 -999.0 -999.0 -999.0 -999.0 -999.0 -999.0 -999.0 -999.0 -999.0 -999.0 -999.0 -999.0 -999.0 -999.0 -999.0 -999.0 -999.0 -999.0 -999.0
-999.0 -999.0 -999.0 -999.0 1448.1 1223.9 1455.7 1172.3 1135.5 799.7 940.7 943.9 1079.8 1059.6 1018.1 741.8 868.9 811.9 829.8 1074.2 1098.0 984.6 1130.2 1070.1 1279.5 1330.2 1319.3 -999.0 -999.0 -999.0 -999.0 -999.0 -999.0 -999.0 -999.0 -999.0 -999.0 -999.0 -999.0 -999.0 -999.0 -999.0 -999.0 -999.0 -999.0 -999.0 -999.0 -999.0 -999.0 -999.0 -999.0 -999.0 -999.0 -999.0 -999.0 -999.0 -999.0 -999.0 -999.0 -999.0 -999.0 -999.0 -999.0 -999.0 -999.0 -999.0 -999.0 -999.0 -999.0 -999.0 -999.0
-999.0 -999.0 -999.0 -999.0 1381.5 1437.2 1324.5 1500.4 743.8 914.8 892.2 946.9 760.5 502.6 858.2 995.1 1030.5 767.3 850.5 1056.9 991.4 1112.9 1183.3 1303.6 1361.8 1204.3 -999.0 -999.0 -999.0 -999.0 -999.0 -999.0 -999.0 -999.0 -999.0 -999.0 -999.0 -999.0 -999.0 -999.0 -999.0 -999.0 -999.0 -999.0 -999.0 -999.0 -999.0 -999.0 -999.0 -999.0 -999.0 -999.0 -999.0 -999.0 -999.0 -999.0 -999.0 -999.0 -999.0 -999.0 -999.0 -999.0 -999.0 -999.0 -999.0 -999.0 -999.0 -999.0 -999.0 -999.0 -999.0
-999.0 -999.0 -999.0 1515.6 1211.8 1158.8 939.2 1130.5 1448.8 965.1 976.6 928.2 991.3 942.2 1012.5 865.1 1042.8 1058.6 615.8 922.1 1048.4 1330.1 1357.6 1365.1 1388.1 -999.0 -999.0 -999.0 -999.0 -999.0 -999.0 1443.2 1418.2 1395.1 1438.9 -999.0 -999.0 1462.5 1334.1 1364.9 1424.4 1434.4 -999.0 -999.0 -999.0 1345.9 -999.0 1325.2 1310.7 -999.0 -999.0 -999.0 -999.0 -999.0 -999.0 -999.0 -999.0 -999.0 -999.0 -999.0 -999.0 -999.0 -999.0 -999.0 -999.0 -999.0 -999.0 -999.0 -999.0 -999.0 -999.0
-999.0 -999.0 -999.0 -999.0 1369.7 1122.1 929.1 1074.8 981.8 1377.5 973.5 1030.8 873.5 1015.9 1095.4 1344.9 1170.8 940.0 977.2 1080.2 1228.2 1257.8 1221.1 1181.4 1406.3 -999.0 -999.0 -999.0 1483.4 1510.9 1462.3 1442.3 1428.4 1470.0 1455.4 1467.9 1457.6 1342.7 1221.6 1217.3 1326.9 1363.5 1400.4 1328.0 1201.3 1155.3 1201.3 1244.7 1257.8 1258.4 -999.0 -999.0 -999.0 -999.0 -999.0 -999.0 -999.0 -999.0 -999.0 -999.0 -999.0 -999.0 -999.0 -999.0 -999.0 -999.0 -999.0 -999.0 -999.0 -999.0 -999.0
-999.0 1385.1 -999.0 1385.7 1561.7 1494.3 1476.0 694.8 1409.8 1092.8 1238.1 1003.5 1160.2 955.8 983.1 909.9 1200.4 1309.7 1284.1 1203.8 1340.1 1160.3 1277.3 1221.8 1403.1 1433.2 1444.0 1406.3 1457.5 1495.5 1373.7 1221.6 1374.1 1401.2 1308.3 1454.6 1195.7 1074.9 1106.3 1152.5 1276.8 1203.2 1277.3 1318.1 1244.0 1135.7 1174.4 1206.3 1072.7 1229.1 1278.0 -999.0 -999.0 -999.0 -999.0 -999.0 -999.0 -999.0 -999.0 -999.0 -999.0 -999.0 -999.0 -999.0 -999.0 -999.0 -999.0 -999.0 -999.0 -999.0 -999.0
-999.0 -999.0 1501.8 977.7 1192.3 1270.9 846.3 1051.5 754.6 1263.9 1032.2 1001.0 1067.1 1064.9 1218.2 825.4 925.3 928.3 1271.2 1373.6 1206.1 1317.5 1427.1 -999.0 1464.5 1375.2 1392.4 1301.1 1311.9 1358.3 1289.5 1293.4 1154.4 1141.9 1203.5 1286.4 1218.8 1213.0 1243.0 1249.5 1153.6 1250.7 1281.4 1270.1 1203.4 1202.2 1188.2 1195.8 1188.2 1173.9 1233.3 1292.8 -999.0 -999.0 -999.0 -999.0 -999.0 -999.0 -999.0 -999.0 -999.0 -999.0 -999.0 -999.0 -999.0 -999.0 -999.0 -999.0 -999.0 -999.0 -999.0
1376.8 -999.0 1519.2 1351.1 1101.3 1006.6 1258.1 764.3 854.0 1196.3 1094.2 914.5 834.2 837.8 1039.1 1029.6 863.7 963.3 1023.4 1376.6 1401.2 1404.4 1400.5 1392.7 1245.4 1191.4 1203.2 1226.9 1299.2 1192.4 1131.6 1138.4 1013.0 1094.0 1257.6 1128.2 1097.3 1077.2 1130.6 1319.7 1327.1 1349.4 1278.8 1277.7 1205.8 1221.6 1187.4 1228.4 1226.5 1229.5 1218.1 1273.4 -999.0 -999.0 -999.0 -999.0 -999.0 -999.0 -999.0 -999.0 -999.0 -999.0 -999.0 -999.0 -999.0 -999.0 -999.0 -999.0 -999.0 -999.0 -999.0
970.7 -999.0 -999.0 1115.3 768.7 1147.9 960.9 1515.7 1222.3 1143.9 1131.1 843.4 966.7 636.2 673.3 754.1 956.3 1110.1 1270.6 1332.6 1061.4 1218.4 1344.4 1182.8 1039.7 931.2 1015.6 1104.1 1088.9 1117.0 972.7 962.0 1203.9 1209.8 1240.1 1285.8 1132.2 1122.9 1174.1 1277.4 1327.6 1288.8 1174.3 1286.6 1244.1 1250.9 1157.5 1242.5 1191.8 1191.0 1180.9 1243.4 -999.0 -999.0 -999.0 -999.0 -999.0 -999.0 -999.0 -999.0 -999.0 -999.0 -999.0 -999.0 -999.0 -999.0 -999.0 -999.0 -999.0 -999.0 -999.0
1128.5 -999.0 -999.0 1376.2 1449.9 1404.4 1455.1 1230.7 1040.3 810.3 1127.9 999.3 1029.9 1114.2 1153.2 971.1 969.3 986.3 1030.9 1095.7 858.9 1269.8 1124.0 1147.4 1010.4 817.5 896.2 1056.0 1031.0 1009.9 883.6 1036.7 1299.4 983.5 1129.8 1045.6 964.8 1150.8 1099.0 1284.5 1225.3 1086.6 1198.5 1240.0 1310.1 1241.2 1285.6 1263.6 1149.5 1206.3 1226.1 -999.0 -999.0 -999.0 -999.0 -999.0 -999.0 -999.0 -999.0 -999.0 -999.0 -999.0 -999.0 -999.0 -999.0 -999.0 -999.0 -999.0 -999.0 -999.0 -999.0
1447.3 1484.2 -999.0 -999.0 1663.4 1376.6 1472.3 1192.1 872.6 649.3 906.3 613.2 849.6 936.3 979.4 1168.0 1125.2 1013.1 1034.0 930.0 1383.3 1154.4 1192.7 827.7 992.7 998.8 770.0 957.3 948.6 956.3 1052.4 1200.5 1138.7 1066.4 1102.1 1017.8 1025.8 928.5 1064.8 1243.7 1044.5 1170.7 1236.5 1239.0 1126.7 1245.1 1293.7 1313.5 1232.9 1222.1 1247.0 -999.0 -999.0 -999.0 -999.0 -999.0 -999.0 -999.0 -999.0 -999.0 -999.0 -999.0 -999.0 -999.0 -999.0 -999.0 -999.0 -999.0 -999.0 -999.0 -999.0
1280.0 1425.4 -999.0 -999.0 1504.9 1491.7 1506.5 1152.6 1499.3 1155.1 887.8 673.3 537.9 698.4 1092.6 1076.2 994.0 829.0 1035.3 1320.5 1110.1 1090.1 1060.2 885.1 931.0 978.6 795.8 1034.1 1066.9 1071.2 1116.2 841.2 1093.4 1074.1 745.4 911.2 996.6 969.0 1147.6 1149.4 1182.2 1236.4 1287.8 1281.3 1292.5 1221.0 1278.1 1281.4 1229.7 1221.2 -999.0 -999.0 -999.0 -999.0 -999.0 -999.0 -999.0 -999.0 -999.0 -999.0 -999.0 -999.0 -999.0 -999.0 -999.0 -999.0 -999.0 -999.0 -999.0 -999.0 -999.0
1235.7 1398.5 1363.3 1163.5 881.3 1037.8 897.6 1040.7 1309.4 987.5 563.1 597.5 1125.3 943.2 1086.6 926.5 790.9 821.2 1003.4 1209.4 1093.8 767.8 684.4 883.1 856.9 846.7 1088.2 1152.7 1153.7 991.3 869.3 1085.8 1095.9 1093.2 957.8 800.7 898.9 767.6 1141.8 936.1 1076.4 1069.1 879.1 1197.0 1327.4 1223.9 1184.3 1269.4 1223.7 -999.0 -999.0 -999.0 -999.0 -999.0 -999.0 -999.0 -999.0 -999.0 -999.0 -999.0 -999.0 -999.0 -999.0 -999.0 -999.0 -999.0 -999.0 -999.0 -999.0 -999.0 -999.0
1455.5 1199.5 1399.0 907.7 1448.9 1344.9 1155.2 774.2 621.7 990.1 875.6 966.4 693.2 840.7 917.0 953.4 1154.0 1135.6 1147.9 1125.2 904.2 648.5 746.6 947.8 703.7 1014.7 938.3 1215.6 1205.2 1132.2 1003.7 935.5 940.1 909.5 771.1 794.2 1012.4 939.6 1187.6 1184.8 1253.8 1226.8 1226.5 1281.3 1305.5 1306.7 1264.3 1249.4 1335.0 -999.0 -999.0 -999.0 -999.0 -999.0 -999.0 -999.0 -999.0 -999.0 -999.0 -999.0 -999.0 -999.0 -999.0 -999.0 -999.0 -999.0 -999.0 -999.0 -999.0 -999.0 -999.0
-999.0 1338.9 1262.9 -999.0 1456.9 979.2 683.0 592.8 1004.6 1120.3 1052.6 644.3 657.6 1178.0 1268.3 1098.6 839.5 1265.5 1160.9 917.0 707.3 644.2 667.9 598.7 845.8 778.7 949.8 1198.2 784.4 1057.6 752.9 784.0 753.0 679.6 794.2 955.5 1063.9 978.0 1079.0 1025.4 1154.5 1146.7 1233.8 1255.3 1276.3 1291.2 1308.7 1297.7 -999.0 -999.0 -999.0 -999.0 -999.0 -999.0 -999.0 -999.0 -999.0 -999.0 -999.0 -999.0 -999.0 -999.0 -999.0 -999.0 -999.0 -999.0 -999.0 -999.0 -999.0 -999.0 -999.0
1505.3 1186.6 1495.4 -999.0 824.2 1087.4 1018.2 1476.1 896.8 1088.6 616.6 696.8 970.7 809.2 760.1 1082.2 1389.2 942.0 904.6 798.7 596.5 570.9 577.6 551.7 773.9 1013.5 1236.0 1179.7 1037.8 856.7 645.1 683.1 891.7 781.1 929.8 858.6 946.3 1052.8 1141.2 1081.2 1073.1 1097.2 1193.1 1144.3 1271.7 1200.8 1200.6 1292.5 -999.0 -999.0 -999.0 -999.0 -999.0 -999.0 -999.0 -999.0 -999.0 -999.0 -999.0 -999.0 -999.0 -999.0 -999.0 -999.0 -999.0 -999.0 -999.0 -999.0 -999.0 -999.0 -999.0
1282.1 1485.2 -999.0 1341.5 1227.7 929.6 1177.2 1011.9 812.6 1176.5 1179.6 1038.4 1181.9 1323.4 1339.1 1324.7 979.4 702.1 659.3 626.0 577.8 481.0 578.8 905.0 1083.5 1111.1 701.7 953.6 463.9 437.1 607.8 634.0 642.4 807.2 889.6 918.4 881.7 1238.0 1247.1 1198.4 1251.5 1228.8 881.9 1049.8 1318.3 1303.5 1292.9 1290.5 1364.2 -999.0 -999.0 -999.0 -999.0 -999.0 -999.0 -999.0 -999.0 -999.0 -999.0 -999.0 -999.0 -999.0 -999.0 -999.0 -999.0 -999.0 -999.0 -999.0 -999.0 -999.0 -999.0
-999.0 -999.0 1537.3 1096.4 1019.8 902.7 1290.6 1001.0 689.9 1163.3 1093.6 884.0 931.3 912.5 1056.5 812.7 753.9 590.6 839.3 860.7 716.4 601.3 756.3 1095.3 1009.8 1075.5 794.9 475.6 700.3 459.7 576.9 605.6 682.0 762.6 803.4 974.5 1158.2 1260.6 1193.3 1289.5 1321.9 1213.2 1258.8 1316.1 1352.0 1247.6 1216.1 1269.5 -999.0 -999.0 -999.0 -999.0 -999.0 -999.0 -999.0 -999.0 -999.0 -999.0 -999.0 -999.0 -999.0 -999.0 -999.0 -999.0 -999.0 -999.0 -999.0 -999.0 -999.0 -999.0 -999.0
-999.0 -999.0 1521.6 1505.1 1242.0 885.9 1120.7 849.8 1278.2 1313.9 1276.6 1101.1 735.2 634.4 756.0 975.8 1012.1 926.8 701.9 865.4 879.1 974.0 970.4 838.9 788.5 691.6 569.1 579.0 551.8 747.3 787.7 851.5 1096.0 1049.4 980.5 947.0 883.6 1020.7 1115.3 927.5 1068.7 1321.3 1249.3 1150.6 1118.4 1101.2 1206.4 -999.0 -999.0 -999.0 -999.0 -999.0 -999.0 -999.0 -999.0 -999.0 -999.0 -999.0 -999.0 -999.0 -999.0 -999.0 -999.0 -999.0 -999.0 -999.0 -999.0 -999.0 -999.0 -999.0 -999.0
-999.0 -999.0 1264.7 948.1 1385.5 800.6 742.9 845.0 743.5 917.4 1237.8 1159.7 1301.0 1336.2 747.4 817.5 713.9 357.3 1070.3 952.3 943.7 871.9 906.3 726.6 778.3 611.2 749.0 801.8 833.0 758.3 903.3 714.7 714.1 593.4 718.8 887.8 743.7 579.0 756.1 815.9 944.1 955.0 1004.0 1012.7 1103.1 1126.3 1230.1 -999.0 -999.0 -999.0 -999.0 -999.0 -999.0 -999.0 -999.0 -999.0 -999.0 -999.0 -999.0 -999.0 -999.0 -999.0 -999.0 -999.0 -999.0 -999.0 -999.0 -999.0 -999.0 -999.0 -999.0
-999.0 1529.2 1548.0 1329.1 1544.3 1344.5 1170.7 929.0 1249.5 1231.8 723.2 1250.5 1312.6 1289.3 1224.0 800.2 978.0 1155.9 1020.8 626.4 700.1 889.4 502.2 672.3 729.6 618.0 552.8 626.3 673.9 656.3 667.7 694.5 647.5 470.7 928.6 707.9 736.6 1088.5 1116.2 843.1 1000.7 951.3 934.4 1171.5 1098.2 1134.9 1210.0 -999.0 -999.0 -999.0 -999.0 -999.0 -999.0 -999.0 -999.0 -999.0 -999.0 -999.0 -999.0 -999.0 -999.0 -999.0 -999.0 -999.0 -999.0 -999.0 -999.0 -999.0 -999.0 -999.0 -999.0
-999.0 -999.0 1500.4 1254.0 732.6 1324.4 1493.3 1362.7 1447.7 1507.7 1494.5 1494.3 1309.2 1226.1 845.3 1062.9 971.6 999.6 651.5 759.9 965.1 885.3 490.9 764.0 661.1 862.8 607.7 627.2 837.3 479.4 544.9 581.4 460.7 518.4 709.3 584.3 700.0 849.2 1052.0 1220.2 1177.4 1004.4 1122.8 1263.7 1229.1 1158.7 1325.7 -999.0 -999.0 -999.0 -999.0 -999.0 -999.0 -999.0 -999.0 -999.0 -999.0 -999.0 -999.0 -999.0 -999.0 -999.0 -999.0 -999.0 -999.0 -999.0 -999.0 -999.0 -999.0 -999.0 -999.0
1470.2 1474.0 1476.5 1387.2 1049.2 1471.6 808.9 1194.0 999.7 832.4 1484.0 1455.8 377.6 654.0 605.2 753.5 565.3 654.3 609.4 599.3 534.8 759.6 727.0 894.9 922.7 964.6 817.5 835.5 580.6 836.0 780.1 910.6 749.8 579.3 674.2 1084.8 851.8 789.1 1045.2 832.0 1149.0 1277.9 1301.5 1284.7 1142.1 1232.2 -999.0 -999.0 -999.0 -999.0 -999.0 -999.0 -999.0 -999.0 -999.0 -999.0 -999.0 -999.0 -999.0 -999.0 -999.0 -999.0 -999.0 -999.0 -999.0 -999.0 -999.0 -999.0 -999.0 -999.0 -999.0
