GDD/GrowingDegreeDays_2009_Actual.txt
ncols         180
nrows         290
xllcorner     -200000
yllcorner     -200000
cellsize      5000
NODATA_value    -999
[rows 96 to 127 of 290, columns 71 to 141 of 180]
1357.7 1407.8 1585.0 1678.9 1254.3 1585.7 853.3 891.1 1214.6 1498.1 951.1 524.9 515.5 461.3 764.9 903.7 979.2 692.1 786.3 653.2 614.0 931.0 921.3 933.3 1208.4 1072.8 1267.6 977.8 767.6 841.7 756.5 883.0 935.3 836.8 780.5 905.4 989.7 851.4 848.6 1243.3 1380.7 1498.4 1510.7 1269.6 1366.9 -999.0 -999.0 -999.0 -999.0 -999.0 -999.0 -999.0 -999.0 -999.0 -999.0 -999.0 -999.0 -999.0 -999.0 -999.0 -999.0 -999.0 -999.0 -999.0 -999.0 -999.0 -999.0 -999.0 -999.0 -999.0 -999.0
1318.8 1147.9 1616.2 1674.6 1246.7 1477.3 1047.3 1237.8 1505.2 1541.6 1072.0 650.5 1427.0 681.5 913.6 764.4 999.7 759.5 1064.7 887.1 1014.2 1016.0 542.0 992.1 957.5 1077.1 1125.7 1168.6 798.2 975.9 1091.2 1006.4 773.1 976.3 879.1 1075.3 1021.5 1088.0 1215.6 1424.3 1413.7 1386.6 1434.2 1570.2 -999.0 -999.0 -999.0 -999.0 -999.0 -999.0 -999.0 -999.0 -999.0 -999.0 -999.0 -999.0 -999.0 -999.0 -999.0 -999.0 -999.0 -999.0 -999.0 -999.0 -999.0 -999.0 -999.0 -999.0 -999.0 -999.0 -999.0
1382.1 1609.5 1013.9 1229.3 1158.6 835.1 610.1 1560.6 1669.4 707.3 1253.6 1348.2 669.6 861.1 652.0 893.2 696.6 1140.7 1265.1 1365.5 1370.6 1363.6 1254.7 929.3 1208.6 996.4 924.8 1233.6 1068.7 930.5 1153.1 1154.3 1012.4 1029.7 1164.7 1060.0 1173.5 1395.4 1484.8 1531.6 1410.9 1500.5 1575.7 1571.8 -999.0 -999.0 -999.0 -999.0 -999.0 -999.0 -999.0 -999.0 -999.0 -999.0 -999.0 -999.0 -999.0 -999.0 -999.0 -999.0 -999.0 -999.0 -999.0 -999.0 -999.0 -999.0 -999.0 -999.0 -999.0 -999.0 -999.0
1338.8 981.3 1370.3 1160.2 1109.6 1610.1 1636.4 -999.0 1372.5 693.6 897.8 582.8 1059.0 1241.7 969.7 1083.2 1123.1 1109.8 1048.4 982.6 919.0 794.5 485.8 687.1 942.5 921.9 1262.8 1409.5 1546.1 1051.9 967.8 1197.1 1206.4 1172.5 1364.0 1314.2 1376.2 1478.0 1481.2 1463.5 1446.9 1372.6 1393.9 -999.0 -999.0 -999.0 -999.0 -999.0 -999.0 -999.0 -999.0 -999.0 -999.0 -999.0 -999.0 -999.0 -999.0 -999.0 -999.0 -999.0 -999.0 -999.0 -999.0 -999.0 -999.0 -999.0 -999.0 -999.0 -999.0 -999.0 -999.0
1659.3 1393.3 1262.9 1403.6 1043.9 1516.3 -999.0 1686.3 1431.2 1663.1 1158.3 1345.9 927.7 491.0 986.5 890.1 1056.5 770.6 591.8 712.7 943.0 1340.3 1219.3 1346.9 1037.8 1131.2 1136.2 1007.4 1106.7 1160.3 1102.9 1268.7 1432.5 1416.0 1522.4 1516.0 1421.0 1380.3 1423.0 1433.2 1429.9 1549.0 1534.7 -999.0 -999.0 -999.0 -999.0 -999.0 -999.0 -999.0 -999.0 -999.0 -999.0 -999.0 -999.0 -999.0 -999.0 -999.0 -999.0 -999.0 -999.0 -999.0 -999.0 -999.0 -999.0 -999.0 -999.0 -999.0 -999.0 -999.0 -999.0
1610.6 1459.5 1690.5 1244.3 1590.6 -999.0 1736.3 1710.8 1534.6 527.6 958.5 358.9 877.7 1142.6 1279.8 906.8 839.3 965.4 772.1 1031.4 805.6 679.2 825.0 1361.9 1026.0 825.1 778.5 1043.2 1051.0 1573.7 1333.9 1530.2 1595.0 1608.5 1571.4 1261.8 1264.0 1263.9 1319.6 1320.9 1429.5 1555.0 1654.6 -999.0 -999.0 -999.0 -999.0 -999.0 -999.0 -999.0 -999.0 -999.0 -999.0 -999.0 -999.0 -999.0 -999.0 -999.0 -999.0 -999.0 -999.0 -999.0 -999.0 -999.0 -999.0 -999.0 -999.0 -999.0 -999.0 -999.0 -999.0
1640.9 1579.2 867.8 1704.1 -999.0 1763.6 -999.0 1292.6 1114.7 891.6 1649.2 647.1 960.7 908.3 1107.5 463.2 975.2 449.6 951.6 1020.5 554.2 1142.8 1579.1 941.7 606.8 568.9 1128.5 1141.9 1117.8 1250.2 1458.9 1551.2 1562.6 1545.6 1167.1 1352.7 1387.7 1467.3 1438.7 1456.7 1586.0 1664.7 -999.0 -999.0 -999.0 -999.0 -999.0 -999.0 -999.0 -999.0 -999.0 -999.0 -999.0 -999.0 -999.0 -999.0 -999.0 -999.0 -999.0 -999.0 -999.0 -999.0 -999.0 -999.0 -999.0 -999.0 -999.0 -999.0 -999.0 -999.0 -999.0
659.4 808.8 1193.8 1699.4 -999.0 -999.0 1644.3 1609.9 1645.4 1572.4 1133.7 580.1 1422.2 1147.6 525.1 874.5 877.1 601.1 552.7 750.1 1386.8 792.2 807.2 606.8 776.3 1009.2 739.8 737.9 1116.4 1374.7 1572.4 1565.5 1428.0 1114.9 1408.2 1553.1 1530.5 1685.9 1668.5 1645.9 -999.0 -999.0 -999.0 -999.0 -999.0 -999.0 -999.0 -999.0 -999.0 -999.0 -999.0 -999.0 -999.0 -999.0 -999.0 -999.0 -999.0 -999.0 -999.0 -999.0 -999.0 -999.0 -999.0 -999.0 -999.0 -999.0 -999.0 -999.0 -999.0 -999.0 -999.0
950.4 1318.4 1553.4 1695.7 -999.0 1746.0 1581.1 1394.5 1162.5 1422.8 1143.2 1549.7 1559.8 1247.7 931.4 1049.6 1247.5 1280.7 1120.9 885.4 619.0 1084.5 869.9 967.4 811.1 736.6 987.4 1067.6 1304.8 1491.7 1576.2 1586.0 1354.2 1455.4 1660.9 1690.5 1731.7 1681.3 1699.7 -999.0 -999.0 -999.0 -999.0 -999.0 -999.0 -999.0 -999.0 -999.0 -999.0 -999.0 -999.0 -999.0 -999.0 -999.0 -999.0 -999.0 -999.0 -999.0 -999.0 -999.0 -999.0 -999.0 -999.0 -999.0 -999.0 -999.0 -999.0 -999.0 -999.0 -999.0 -999.0
1505.8 1187.7 1500.8 -999.0 -999.0 1710.3 1170.1 1316.5 1075.7 1385.8 1593.2 1315.1 878.2 875.5 997.3 1128.4 1018.3 735.2 1122.4 885.9 1267.8 1116.8 858.8 1241.2 1539.1 1571.0 1430.6 1519.4 1589.5 1554.8 1565.9 1733.8 1585.1 1660.3 1718.5 1531.1 1620.0 1540.3 1611.7 -999.0 -999.0 -999.0 -999.0 -999.0 -999.0 -999.0 -999.0 -999.0 -999.0 -999.0 -999.0 -999.0 -999.0 -999.0 -999.0 -999.0 -999.0 -999.0 -999.0 -999.0 -999.0 -999.0 -999.0 -999.0 -999.0 -999.0 -999.0 -999.0 -999.0 -999.0 -999.0
-999.0 -999.0 -999.0 -999.0 1723.4 1293.5 1264.4 1147.6 1260.9 1156.5 861.6 927.6 715.5 1233.4 889.5 1504.8 796.6 1401.9 646.3 1196.1 920.1 564.4 1075.1 1333.9 1178.8 1329.8 1574.6 1541.2 1643.3 1728.3 1654.2 1751.3 1745.2 1623.4 1631.5 1618.3 1548.9 1615.3 1586.6 1697.9 -999.0 -999.0 -999.0 -999.0 -999.0 -999.0 -999.0 -999.0 -999.0 -999.0 -999.0 -999.0 -999.0 -999.0 -999.0 -999.0 -999.0 -999.0 -999.0 -999.0 -999.0 -999.0 -999.0 -999.0 -999.0 -999.0 -999.0 -999.0 -999.0 -999.0 -999.0
-999.0 -999.0 -999.0 -999.0 1664.5 1659.5 1239.5 1107.8 1561.5 1017.0 1315.7 1564.6 1098.8 858.0 949.5 1682.4 862.3 971.9 904.9 1190.7 808.7 1013.2 940.3 772.5 1110.3 1235.8 1305.8 1385.1 1447.0 1399.6 1363.5 1254.7 1333.9 1554.3 1691.9 1632.5 1395.2 1543.6 1403.0 1507.6 1575.1 -999.0 -999.0 -999.0 -999.0 -999.0 -999.0 -999.0 -999.0 -999.0 -999.0 -999.0 -999.0 -999.0 -999.0 -999.0 -999.0 -999.0 -999.0 -999.0 -999.0 -999.0 -999.0 -999.0 -999.0 -999.0 -999.0 -999.0 -999.0 -999.0 -999.0
-999.0 -999.0 -999.0 1712.7 1662.8 1573.8 1179.0 1410.2 1157.0 1164.7 1349.9 1594.0 1022.6 969.4 722.4 1574.3 982.4 1162.5 1112.7 1209.0 1054.0 1551.3 1368.0 1289.2 1333.7 1522.0 1306.6 1093.9 890.9 1017.5 1107.6 1270.8 1418.6 1331.2 1662.0 1494.2 1419.0 1410.7 1425.9 1476.7 1552.6 1663.2 -999.0 -999.0 -999.0 -999.0 -999.0 -999.0 -999.0 -999.0 -999.0 -999.0 -999.0 -999.0 -999.0 -999.0 -999.0 -999.0 -999.0 -999.0 -999.0 -999.0 -999.0 -999.0 -999.0 -999.0 -999.0 -999.0 -999.0 -999.0 -999.0
-999.0 -999.0 1699.9 -999.0 1605.9 1417.7 1546.8 1141.5 983.9 1560.6 1661.7 1235.9 799.0 1141.8 1746.2 1479.1 537.0 1430.0 1435.3 1325.4 1272.3 1475.9 1540.4 1650.4 1586.8 1254.0 843.5 894.5 1079.7 1184.8 1381.2 1415.8 1456.3 1380.8 1512.3 1520.5 1644.5 1745.2 1742.1 1740.0 1743.2 -999.0 -999.0 -999.0 -999.0 -999.0 -999.0 -999.0 -999.0 -999.0 -999.0 -999.0 -999.0 -999.0 -999.0 -999.0 -999.0 -999.0 -999.0 -999.0 -999.0 -999.0 -999.0 -999.0 -999.0 -999.0 -999.0 -999.0 -999.0 -999.0 -999.0
-999.0 1701.6 1270.4 -999.0 1671.4 1624.2 1475.7 1441.2 1483.7 1465.5 917.9 1520.5 976.9 954.8 991.8 1362.2 1620.6 832.6 1400.1 1613.9 1703.1 1713.5 1744.1 1782.3 1802.4 1395.5 1635.6 1677.5 1672.4 1487.3 1328.8 1442.7 1454.8 1551.4 1629.0 1629.6 1771.3 -999.0 -999.0 -999.0 -999.0 -999.0 -999.0 -999.0 -999.0 -999.0 -999.0 -999.0 -999.0 -999.0 -999.0 -999.0 -999.0 -999.0 -999.0 -999.0 -999.0 -999.0 -999.0 -999.0 -999.0 -999.0 -999.0 -999.0 -999.0 -999.0 -999.0 -999.0 -999.0 -999.0 -999.0
1668.6 1422.3 1552.4 -999.0 1273.6 1642.3 1366.0 1513.3 1754.2 1084.7 1063.7 900.9 866.7 1684.0 1076.3 1103.8 1732.0 1376.3 1294.0 1532.0 1504.1 1431.7 1371.8 1302.0 1741.0 1817.8 1826.9 1756.8 1649.0 1525.2 1379.5 1461.0 1483.9 1497.7 1651.3 -999.0 -999.0 -999.0 -999.0 -999.0 -999.0 -999.0 -999.0 -999.0 -999.0 -999.0 -999.0 -999.0 -999.0 -999.0 -999.0 -999.0 -999.0 -999.0 -999.0 -999.0 -999.0 -999.0 -999.0 -999.0 -999.0 -999.0 -999.0 -999.0 -999.0 -999.0 -999.0 -999.0 -999.0 -999.0 -999.0
928.6 1440.4 -999.0 1637.6 1612.9 1198.5 1509.0 1699.6 1093.9 1412.2 1006.7 914.3 1237.0 1479.2 1112.1 1134.1 1813.3 1799.4 1746.1 1648.8 1519.3 1440.4 1189.9 1116.2 1479.4 1689.4 1843.6 1903.9 1755.8 1723.9 1641.9 1617.4 1427.6 1461.9 1750.0 -999.0 -999.0 -999.0 -999.0 -999.0 -999.0 -999.0 -999.0 -999.0 -999.0 -999.0 -999.0 -999.0 -999.0 -999.0 -999.0 -999.0 -999.0 -999.0 -999.0 -999.0 -999.0 -999.0 -999.0 -999.0 -999.0 -999.0 -999.0 -999.0 -999.0 -999.0 -999.0 -999.0 -999.0 -999.0 -999.0
1707.9 1718.5 -999.0 1704.0 1002.1 1392.0 -999.0 1580.3 1159.3 1384.1 1104.2 1226.2 1172.8 1746.3 1765.8 1552.9 1678.8 1672.4 1512.8 1679.8 894.5 921.6 1075.3 1109.3 1445.5 1762.2 1820.0 1963.1 1982.3 1881.0 1834.1 1750.2 1796.4 -999.0 -999.0 -999.0 -999.0 -999.0 1727.2 1741.2 1738.0 1846.6 -999.0 -999.0 -999.0 -999.0 -999.0 -999.0 -999.0 -999.0 -999.0 -999.0 -999.0 -999.0 -999.0 -999.0 -999.0 -999.0 -999.0 -999.0 -999.0 -999.0 -999.0 -999.0 -999.0 -999.0 -999.0 -999.0 -999.0 -999.0 -999.0
1444.0 -999.0 -999.0 1268.2 1664.1 1096.3 -999.0 1611.6 1055.0 1460.6 1728.2 941.1 1755.3 1883.2 1873.8 1819.3 1629.2 1448.6 1180.6 1474.1 1445.5 1574.7 1564.8 1609.0 1536.9 1566.7 1595.5 1721.0 1833.5 1731.4 1659.3 1710.9 1823.3 1846.9 1871.2 -999.0 -999.0 1840.9 1752.5 1661.7 1777.6 1801.3 1814.3 1852.3 -999.0 -999.0 -999.0 -999.0 -999.0 -999.0 -999.0 -999.0 -999.0 -999.0 -999.0 -999.0 -999.0 -999.0 -999.0 -999.0 -999.0 -999.0 -999.0 -999.0 -999.0 -999.0 -999.0 -999.0 -999.0 -999.0 -999.0
1780.2 -999.0 -999.0 1722.5 1391.9 1184.9 1715.1 1427.1 1649.3 1494.5 1407.1 1315.9 1820.0 1690.5 1433.9 1454.0 1486.9 1714.0 1702.4 1648.1 1704.9 1649.7 1643.9 1629.3 1549.7 1454.2 1476.0 1581.7 1443.8 1401.8 1628.9 1729.4 1765.9 1771.9 1747.8 1831.0 1784.5 1674.2 1653.6 1729.5 1666.3 1459.8 1495.9 1390.9 1783.0 -999.0 -999.0 -999.0 -999.0 -999.0 -999.0 -999.0 -999.0 -999.0 -999.0 -999.0 -999.0 -999.0 -999.0 -999.0 -999.0 -999.0 -999.0 -999.0 -999.0 -999.0 -999.0 -999.0 -999.0 -999.0 -999.0
-999.0 -999.0 -999.0 1482.5 1062.8 1460.2 1349.0 1744.0 1460.3 1584.1 1821.8 1838.2 -999.0 1425.6 1098.1 1459.4 1599.1 1736.2 1705.0 1787.2 1840.8 1658.6 1665.9 1619.6 1423.5 1374.1 1349.4 1437.3 1493.5 1495.6 1572.6 1582.3 1580.3 1484.0 1643.8 1750.7 1555.0 1603.0 1562.9 1611.0 1475.2 1292.1 1259.5 1200.6 1408.8 1361.1 1329.9 1733.2 -999.0 -999.0 -999.0 -999.0 -999.0 -999.0 -999.0 -999.0 -999.0 -999.0 -999.0 -999.0 -999.0 -999.0 -999.0 -999.0 -999.0 -999.0 -999.0 -999.0 -999.0 -999.0 -999.0
-999.0 -999.0 -999.0 1479.7 1532.8 1629.8 1121.7 1777.4 -999.0 1832.9 1705.2 1855.6 -999.0 1343.5 936.7 1337.8 1434.5 1668.8 1786.5 1753.3 1748.9 1869.8 1807.7 1715.3 1589.4 1333.7 1292.3 1283.3 1398.8 1393.7 1307.9 1273.3 1148.1 1309.2 1581.7 1670.1 1505.9 1479.4 1441.0 1047.7 1004.9 1218.1 1227.8 1316.8 1351.1 1342.7 1565.5 1608.3 -999.0 -999.0 -999.0 -999.0 -999.0 -999.0 -999.0 -999.0 -999.0 -999.0 -999.0 -999.0 -999.0 -999.0 -999.0 -999.0 -999.0 -999.0 -999.0 -999.0 -999.0 -999.0 -999.0
-999.0 -999.0 -999.0 -999.0 1546.4 1351.0 1529.9 1808.2 -999.0 -999.0 1777.7 1871.1 1724.3 1398.3 1139.2 1542.8 1465.3 1321.5 1505.0 1555.3 1645.7 1474.4 1703.1 1823.0 1684.6 1538.6 1347.8 1257.1 1126.8 1245.3 1078.4 1059.9 1229.3 1347.0 1338.7 1405.2 1339.6 1223.4 1139.8 1185.5 1022.3 1181.0 1260.5 1313.1 1611.9 1598.9 1483.2 1481.4 1567.3 -999.0 -999.0 -999.0 -999.0 -999.0 -999.0 -999.0 -999.0 -999.0 -999.0 -999.0 -999.0 -999.0 -999.0 -999.0 -999.0 -999.0 -999.0 -999.0 -999.0 -999.0 -999.0
-999.0 -999.0 -999.0 1772.7 1461.3 1395.8 -999.0 -999.0 -999.0 -999.0 -999.0 1869.1 1845.3 1355.5 1464.4 1682.1 1511.7 1347.7 1257.4 1374.9 1487.1 1428.3 1424.2 1578.2 1717.3 1488.1 1266.0 1318.4 1291.7 1238.0 1087.8 1162.9 1270.6 1244.4 1257.8 1017.4 1071.2 1216.9 1248.3 1365.4 1211.6 1260.2 1357.0 1341.5 1574.2 1631.3 1626.8 1645.3 1700.6 -999.0 -999.0 -999.0 -999.0 -999.0 -999.0 -999.0 -999.0 -999.0 -999.0 -999.0 -999.0 -999.0 -999.0 -999.0 -999.0 -999.0 -999.0 -999.0 -999.0 -999.0 -999.0
-999.0 1819.9 -999.0 1329.8 1466.9 1724.4 1787.0 1435.3 1329.9 -999.0 -999.0 -999.0 1855.8 1586.7 1634.1 1648.0 1611.9 1492.1 1318.8 1241.5 1200.1 1187.8 1313.5 1365.8 1467.6 1702.2 1315.5 1367.7 1369.3 1333.4 1374.3 1370.3 1125.4 1231.1 992.9 796.5 908.0 1114.7 1136.8 1398.0 1360.6 1400.3 1405.0 1410.5 1590.0 1636.6 1671.4 1648.5 1619.9 1648.5 -999.0 -999.0 -999.0 -999.0 -999.0 -999.0 -999.0 -999.0 -999.0 -999.0 -999.0 -999.0 -999.0 -999.0 -999.0 -999.0 -999.0 -999.0 -999.0 -999.0 -999.0
-999.0 -999.0 1798.7 1277.8 1450.6 1780.3 1384.1 1146.5 1033.1 1736.7 -999.0 -999.0 -999.0 1840.6 1779.5 1790.6 1728.9 1650.9 1564.1 1342.7 1274.5 1275.4 1372.0 1383.4 1379.3 1380.4 1445.3 1396.1 1381.8 1209.3 1277.8 1064.2 1376.9 1212.4 1257.3 1259.3 932.8 979.8 1211.6 1329.5 1485.0 1525.4 1532.0 1537.6 1624.8 1643.2 1703.8 1631.5 1568.4 1633.0 1695.7 -999.0 -999.0 -999.0 -999.0 -999.0 -999.0 -999.0 -999.0 -999.0 -999.0 -999.0 -999.0 -999.0 -999.0 -999.0 -999.0 -999.0 -999.0 -999.0 -999.0
-999.0 -999.0 1641.7 1431.3 1230.9 1796.8 1794.8 1301.9 1199.8 1821.3 -999.0 -999.0 -999.0 -999.0 -999.0 1820.5 1796.2 1807.0 1757.6 1627.6 1520.1 1334.4 1095.0 1129.7 1264.5 1332.8 1406.3 1291.3 1300.1 1260.2 1334.7 1104.4 1380.8 1254.7 1171.4 1303.6 1549.5 1410.6 1510.7 1418.8 1588.1 1498.5 1560.8 1714.8 1739.5 1729.0 1698.4 1711.8 1500.0 1508.7 1599.0 1710.1 -999.0 -999.0 -999.0 -999.0 -999.0 -999.0 -999.0 -999.0 -999.0 -999.0 -999.0 -999.0 -999.0 -999.0 -999.0 -999.0 -999.0 -999.0 -999.0
-999.0 -999.0 1539.9 1285.2 1416.3 -999.0 1812.9 1675.7 972.1 1626.4 -999.0 -999.0 -999.0 -999.0 -999.0 1834.6 1728.0 1577.7 1660.4 1432.1 1189.6 1207.6 1043.2 1007.2 1080.1 1264.2 1171.2 1249.2 1301.3 1126.1 1077.2 1400.1 687.5 1149.3 922.7 1234.5 1091.1 1183.4 1585.1 1403.4 1556.4 1632.1 1676.7 1653.8 1543.1 1495.5 1585.1 1534.1 1690.6 1514.2 1367.4 1621.4 1647.3 1760.0 -999.0 -999.0 -999.0 -999.0 -999.0 -999.0 -999.0 -999.0 -999.0 -999.0 -999.0 -999.0 -999.0 -999.0 -999.0 -999.0 -999.0
-999.0 -999.0 1573.1 1541.8 1763.9 -999.0 -999.0 1386.8 1066.6 1250.2 -999.0 -999.0 -999.0 -999.0 -999.0 1846.6 1795.4 1614.9 1621.1 1512.8 1312.8 1412.0 1277.5 1247.7 1076.4 1165.7 1137.1 1204.9 1018.5 746.9 927.1 1059.3 604.7 750.0 1108.7 1093.4 1314.2 1539.5 1454.7 1406.6 1544.7 1514.8 1522.9 1653.8 1590.7 1582.3 1421.4 1150.2 1364.3 1455.3 1414.7 1423.0 1635.6 1727.3 -999.0 -999.0 -999.0 -999.0 -999.0 -999.0 -999.0 -999.0 -999.0 -999.0 -999.0 -999.0 -999.0 -999.0 -999.0 -999.0 -999.0
-999.0 -999.0 1724.0 1662.9 -999.0 -999.0 -999.0 1787.3 1552.2 1468.0 -999.0 -999.0 -999.0 -999.0 -999.0 1830.7 1769.2 1655.5 1602.6 1545.0 1444.9 1313.7 1009.4 906.0 1095.5 1021.7 1212.8 1216.5 1181.0 918.7 1228.2 810.9 909.3 1064.6 980.8 964.1 1412.9 1273.4 1478.2 1394.5 1425.9 1635.8 1517.2 1456.7 1454.0 1508.3 1012.5 997.9 1073.8 1444.2 1418.7 1420.4 1553.4 1634.6 -999.0 -999.0 -999.0 -999.0 -999.0 -999.0 -999.0 -999.0 -999.0 -999.0 -999.0 -999.0 -999.0 -999.0 -999.0 -999.0 -999.0
-999.0 1415.3 1507.6 1231.5 1895.2 -999.0 -999.0 -999.0 -999.0 -999.0 -999.0 -999.0 -999.0 -999.0 1674.0 1701.4 1586.1 1574.5 1517.6 1406.5 1425.2 1241.0 1172.4 992.6 1141.9 1177.8 991.2 1080.4 919.5 863.4 890.7 700.0 762.2 1129.4 1051.2 1008.9 1145.4 1304.1 1288.4 1502.2 1413.1 1361.4 1547.6 1402.6 1403.3 1137.1 1102.2 890.9 1070.8 1479.7 1515.4 1594.5 1530.0 1611.7 -999.0 -999.0 -999.0 -999.0 -999.0 -999.0 -999.0 -999.0 -999.0 -999.0 -999.0 -999.0 -999.0 -999.0 -999.0 -999.0 -999.0
-999.0 1297.4 1329.4 1505.5 1872.4 -999.0 -999.0 -999.0 -999.0 -999.0 -999.0 -999.0 -999.0 -999.0 1384.8 1702.6 1537.4 1352.5 1218.5 1242.3 1336.0 1325.6 1272.2 1439.3 1286.8 994.7 957.8 1049.1 1051.9 1176.0 1312.2 748.1 1141.2 1097.0 1137.9 1121.6 1201.0 1337.7 1519.6 1277.3 1349.0 1365.4 1411.8 1351.5 1175.1 1065.8 1171.5 1074.8 1129.1 1483.5 1647.0 1645.5 1466.9 1689.8 -999.0 -999.0 -999.0 -999.0 -999.0 -999.0 -999.0 -999.0 -999.0 -999.0 -999.0 -999.0 -999.0 -999.0 -999.0 -999.0 -999.0
