GDD/GrowingDegreeDays_1973_Actual.txt
ncols         180
nrows         290
xllcorner     -200000
yllcorner     -200000
cellsize      5000
NODATA_value    -999
[rows 128 to 159 of 290, columns 71 to 141 of 180]
-999.0 1233.8 1526.7 1564.6 -999.0 -999.0 -999.0 -999.0 -999.0 -999.0 -999.0 -999.0 -999.0 1375.6 1258.1 1409.3 1229.9 1087.6 1166.2 977.2 837.1 914.7 819.8 930.4 1048.6 1122.0 1083.1 920.5 984.3 1058.6 1254.1 1045.0 796.4 970.7 860.4 1025.4 1047.5 1213.7 1200.6 1105.0 1152.8 1130.2 1041.7 938.7 862.6 909.6 1025.9 1113.3 1144.2 1240.4 1135.8 1123.4 1227.3 1315.0 -999.0 -999.0 -999.0 -999.0 -999.0 -999.0 -999.0 -999.0 -999.0 -999.0 -999.0 -999.0 -999.0 -999.0 -999.0 -999.0 -999.0
-999.0 -999.0 -999.0 -999.0 -999.0 -999.0 -999.0 -999.0 -999.0 -999.0 -999.0 -999.0 -999.0 1415.1 1459.9 1152.7 1222.5 1065.5 1161.3 943.0 929.1 780.4 830.3 855.4 955.0 1003.0 1161.6 737.1 805.8 1077.7 1284.6 1033.2 871.1 1032.6 997.2 908.1 1103.8 988.2 942.6 1054.4 944.5 938.9 793.0 1042.2 1037.2 988.1 993.7 1012.4 1181.7 1330.3 1267.9 1287.1 1319.0 1383.8 1440.2 -999.0 -999.0 -999.0 -999.0 -999.0 -999.0 -999.0 -999.0 -999.0 -999.0 -999.0 -999.0 -999.0 -999.0 -999.0 -999.0
-999.0 -999.0 -999.0 -999.0 -999.0 -999.0 -999.0 -999.0 -999.0 -999.0 -999.0 -999.0 1619.5 1250.0 1114.5 1125.1 1055.9 1051.7 1115.7 1158.6 899.7 907.6 838.3 891.9 920.9 1111.0 1305.9 1083.8 1015.7 1045.7 1226.8 1222.3 1069.0 1047.5 1044.8 1013.4 851.6 1081.1 1114.2 1080.1 1091.8 798.9 940.8 852.6 920.1 1076.7 1062.8 1045.2 1046.5 1041.8 1290.4 1356.4 1367.3 1392.4 1466.1 -999.0 -999.0 -999.0 -999.0 -999.0 -999.0 -999.0 -999.0 -999.0 -999.0 -999.0 -999.0 -999.0 -999.0 -999.0 -999.0
-999.0 -999.0 -999.0 -999.0 -999.0 -999.0 -999.0 -999.0 -999.0 -999.0 -999.0 -999.0 1336.4 1223.3 1184.0 905.5 953.4 1083.2 1112.1 900.6 1144.2 1062.0 936.3 1037.8 1031.4 1243.3 1367.9 1215.9 1155.6 1008.0 1284.4 1249.3 1219.4 1142.3 1217.5 948.6 1210.3 968.0 1059.0 1190.1 811.6 1113.1 1015.8 971.6 1041.0 1000.6 1154.6 1155.5 1026.7 1077.6 1230.7 1239.8 1301.2 1381.1 1441.2 -999.0 -999.0 -999.0 -999.0 -999.0 -999.0 -999.0 -999.0 -999.0 -999.0 -999.0 -999.0 -999.0 -999.0 -999.0 -999.0
-999.0 -999.0 -999.0 -999.0 -999.0 -999.0 -999.0 -999.0 -999.0 -999.0 -999.0 1317.1 1320.3 1273.9 1045.2 1102.9 1077.2 719.0 963.5 975.1 1164.8 1081.5 1061.5 1148.5 1044.9 1090.7 1244.0 1159.7 1209.2 1349.6 1389.5 1308.7 1157.2 1148.1 985.9 1119.3 1239.0 969.0 1157.6 1114.9 840.2 1066.8 1139.4 1202.6 1101.4 1022.1 1074.1 1061.8 1065.4 1184.7 1231.6 1291.3 1371.0 1383.3 1438.9 -999.0 -999.0 -999.0 -999.0 -999.0 -999.0 -999.0 -999.0 -999.0 -999.0 -999.0 -999.0 -999.0 -999.0 -999.0 -999.0
-999.0 -999.0 -999.0 -999.0 -999.0 -999.0 -999.0 -999.0 -999.0 -999.0 1489.3 1283.5 1140.1 1293.3 1213.3 1134.2 1172.4 1009.2 1101.6 780.3 1225.7 1270.4 1180.5 1135.0 1118.0 1106.9 1249.4 1375.6 1456.9 1265.8 1407.8 1403.1 1236.2 1194.1 1197.1 1200.3 1292.1 1128.3 1274.1 1144.7 896.7 963.8 960.1 1036.2 1088.8 1163.1 1201.5 1074.2 1141.8 1198.1 1226.1 1281.3 1322.7 1409.2 1454.9 1501.5 -999.0 -999.0 -999.0 -999.0 -999.0 -999.0 -999.0 -999.0 -999.0 -999.0 -999.0 -999.0 -999.0 -999.0 -999.0
-999.0 -999.0 -999.0 -999.0 -999.0 -999.0 -999.0 -999.0 -999.0 -999.0 1220.6 929.9 1097.8 1172.4 1240.8 1257.2 1323.3 794.9 978.9 1114.2 1147.4 1311.6 1282.4 1195.7 1227.3 993.8 1329.3 1452.0 1475.4 1480.3 1253.8 1413.3 1230.9 1274.8 1241.0 1287.6 1284.3 1280.2 1139.3 1232.1 1062.7 1007.8 1050.3 1009.8 1133.1 1230.7 1270.3 1177.4 1227.8 1157.5 1229.2 1327.5 1418.9 1389.8 1426.5 1483.1 -999.0 -999.0 -999.0 -999.0 -999.0 -999.0 -999.0 -999.0 -999.0 -999.0 -999.0 -999.0 -999.0 -999.0 -999.0
-999.0 -999.0 -999.0 -999.0 -999.0 -999.0 -999.0 -999.0 1470.5 1376.4 1114.2 1107.2 1125.3 1110.1 1247.9 1243.6 1357.7 1036.3 1096.2 1082.8 1179.5 1203.7 1347.8 1197.4 1176.5 1255.2 1300.6 1350.3 1538.9 1509.4 1381.6 1392.9 1385.9 1357.3 1335.2 1387.4 1396.6 1288.6 1294.0 1285.2 1032.6 1068.7 1086.9 1104.2 1063.7 1198.2 1252.0 1369.7 1287.8 1253.3 1295.2 1351.9 1439.1 1440.9 1441.5 1467.9 -999.0 -999.0 -999.0 -999.0 -999.0 -999.0 -999.0 -999.0 -999.0 -999.0 -999.0 -999.0 -999.0 -999.0 -999.0
-999.0 -999.0 -999.0 -999.0 -999.0 -999.0 -999.0 -999.0 1380.3 1315.8 1354.5 1139.8 1170.7 1116.4 1271.4 1353.6 1393.6 1355.6 1248.6 971.5 1150.0 1208.6 1338.7 1327.5 1310.9 1345.1 1371.8 1349.1 1472.8 1402.0 1491.0 1470.6 1464.5 1441.7 1457.4 1473.7 1501.2 1457.5 1338.6 1314.8 1313.6 1203.6 1166.5 1186.8 1226.1 1283.2 1481.8 1354.8 1158.8 1226.3 1352.7 1383.8 1449.7 1466.7 1525.7 1510.5 1545.8 -999.0 -999.0 -999.0 -999.0 -999.0 -999.0 -999.0 -999.0 -999.0 -999.0 -999.0 -999.0 -999.0 -999.0
-999.0 -999.0 -999.0 -999.0 -999.0 -999.0 -999.0 -999.0 1361.3 1301.2 1422.7 1213.3 1318.0 1247.6 1320.5 1382.1 1377.0 1447.4 1187.8 1173.1 1212.7 1110.3 1308.4 1347.3 1338.6 1392.6 1296.3 1087.2 1385.7 -999.0 -999.0 -999.0 1499.8 1463.2 -999.0 1528.1 1549.9 1510.2 1466.4 1417.1 1281.5 1146.6 1229.5 1248.0 1217.3 1320.4 1251.9 1229.4 1334.9 1415.8 1467.7 1486.6 1456.7 1650.3 1653.2 1594.4 1553.9 -999.0 -999.0 -999.0 -999.0 -999.0 -999.0 -999.0 -999.0 -999.0 -999.0 -999.0 -999.0 -999.0 -999.0
1594.8 -999.0 -999.0 -999.0 -999.0 -999.0 -999.0 -999.0 1498.6 1219.3 1390.1 1419.0 1370.2 1319.1 1318.4 1342.9 1422.6 1453.1 1422.4 1086.6 1222.1 1150.5 1321.7 1371.4 1237.7 1430.9 1389.9 1399.8 1451.9 -999.0 -999.0 -999.0 1510.8 1482.6 1461.6 1502.5 1564.5 1543.1 1511.4 1323.4 1110.2 1029.5 1161.5 995.6 1203.8 1255.4 1102.7 1269.2 1221.2 1237.6 1317.0 1512.4 1445.5 1367.6 1531.7 1545.7 1589.7 -999.0 -999.0 -999.0 -999.0 -999.0 -999.0 -999.0 -999.0 -999.0 -999.0 -999.0 -999.0 -999.0 -999.0
1416.9 1488.2 -999.0 -999.0 -999.0 -999.0 -999.0 -999.0 -999.0 1357.9 1303.9 1452.6 -999.0 1406.4 1349.2 1356.7 1368.4 1452.8 -999.0 1427.6 1464.5 1308.0 1374.9 1319.3 1317.2 1463.8 1476.0 -999.0 -999.0 -999.0 -999.0 1520.6 1498.2 1480.4 1487.1 1469.8 1477.8 1504.4 1437.7 1340.2 1075.2 816.3 1161.3 895.5 1111.8 1032.5 993.3 1173.7 1100.1 1223.4 1366.5 1296.9 1299.6 1387.9 1537.8 1491.1 1459.5 1610.0 -999.0 -999.0 -999.0 -999.0 -999.0 -999.0 -999.0 -999.0 -999.0 -999.0 -999.0 -999.0 -999.0
1338.0 -999.0 -999.0 -999.0 -999.0 -999.0 -999.0 -999.0 -999.0 -999.0 1405.2 -999.0 -999.0 -999.0 1495.8 1365.2 1352.7 1383.1 1453.9 -999.0 -999.0 1407.9 1465.2 1321.5 1284.9 -999.0 -999.0 -999.0 -999.0 -999.0 1565.3 1462.3 1466.0 1462.7 1466.9 1415.1 1453.0 1386.3 1312.3 1377.8 1202.5 966.6 818.9 954.3 872.6 865.4 881.2 1050.4 1040.6 1036.4 1130.2 1295.0 1328.5 1325.1 1500.2 1451.8 1387.9 1453.8 -999.0 -999.0 -999.0 -999.0 -999.0 -999.0 -999.0 -999.0 -999.0 -999.0 -999.0 -999.0 -999.0
-999.0 -999.0 -999.0 -999.0 -999.0 -999.0 -999.0 -999.0 -999.0 -999.0 1484.0 1488.3 -999.0 -999.0 -999.0 1485.4 1310.4 1305.8 1382.4 -999.0 -999.0 -999.0 -999.0 1514.4 -999.0 -999.0 -999.0 -999.0 -999.0 -999.0 1575.1 1502.2 1481.7 1369.0 1278.1 1271.7 1354.1 1355.7 1397.1 1365.3 1282.6 1031.5 851.6 997.9 747.0 827.7 812.9 999.4 1004.6 929.2 1095.2 1232.6 1320.1 1450.3 1504.7 1414.2 1347.9 1421.0 -999.0 -999.0 -999.0 -999.0 -999.0 -999.0 -999.0 -999.0 -999.0 -999.0 -999.0 -999.0 -999.0
1700.8 1728.3 1684.8 -999.0 -999.0 -999.0 -999.0 -999.0 -999.0 -999.0 -999.0 1369.7 -999.0 -999.0 -999.0 -999.0 1460.6 1345.4 1423.6 -999.0 -999.0 -999.0 -999.0 -999.0 -999.0 -999.0 -999.0 -999.0 -999.0 1602.6 1513.4 1373.7 1290.2 1254.7 1168.2 1186.5 1256.6 1286.9 1379.0 1324.6 1300.6 1133.9 728.5 681.6 719.6 799.2 1011.6 1113.3 1090.5 1175.1 1312.0 1188.7 1213.9 1432.6 1444.0 1371.9 1331.6 1410.6 1562.1 -999.0 -999.0 -999.0 -999.0 -999.0 -999.0 -999.0 -999.0 -999.0 -999.0 -999.0 -999.0
1446.2 1477.1 1561.7 1618.1 -999.0 -999.0 -999.0 -999.0 -999.0 -999.0 -999.0 1296.8 -999.0 -999.0 -999.0 -999.0 -999.0 -999.0 -999.0 -999.0 -999.0 -999.0 -999.0 -999.0 -999.0 -999.0 -999.0 -999.0 -999.0 1517.1 1451.2 1418.1 1386.1 1439.7 998.1 1134.4 1213.3 1132.3 1365.0 1256.3 1432.5 1256.7 836.6 630.8 790.1 926.8 731.0 717.8 831.7 965.4 1058.7 1356.1 1334.9 1369.6 1309.4 1357.7 1378.8 1394.8 1541.5 1678.5 -999.0 -999.0 -999.0 -999.0 -999.0 -999.0 -999.0 -999.0 -999.0 -999.0 -999.0
1500.0 1532.2 1519.5 1576.0 -999.0 -999.0 -999.0 -999.0 -999.0 -999.0 -999.0 -999.0 -999.0 -999.0 -999.0 -999.0 -999.0 -999.0 -999.0 -999.0 -999.0 -999.0 -999.0 -999.0 -999.0 -999.0 -999.0 -999.0 1633.4 1515.6 1380.0 1439.2 1182.1 1539.2 750.8 781.6 1258.9 1221.8 1324.0 1384.4 1310.6 1355.4 1158.5 687.3 750.4 873.7 937.7 1019.2 925.1 971.1 1052.2 1206.8 1331.3 1374.7 1401.1 1404.7 1361.3 1436.5 1614.8 1689.5 -999.0 -999.0 -999.0 -999.0 -999.0 -999.0 -999.0 -999.0 -999.0 -999.0 -999.0
1564.7 1599.4 1604.2 1572.0 -999.0 -999.0 -999.0 -999.0 -999.0 -999.0 -999.0 -999.0 -999.0 -999.0 -999.0 -999.0 -999.0 -999.0 -999.0 -999.0 -999.0 -999.0 -999.0 -999.0 -999.0 -999.0 -999.0 -999.0 1613.6 1365.5 1405.3 1248.8 828.0 1232.3 1442.2 1075.2 1020.5 1154.6 1191.8 1269.7 1298.5 1350.5 1312.1 1218.1 745.7 862.3 907.3 1029.6 1062.3 1086.7 1222.6 1262.3 1307.5 1289.4 1417.2 1341.8 1385.9 1422.0 1570.5 1680.9 1679.1 1628.8 1605.4 -999.0 -999.0 -999.0 -999.0 -999.0 -999.0 -999.0 -999.0
1513.7 1644.4 -999.0 1575.6 1620.0 -999.0 -999.0 -999.0 -999.0 -999.0 -999.0 -999.0 -999.0 -999.0 -999.0 -999.0 -999.0 -999.0 -999.0 -999.0 -999.0 -999.0 -999.0 -999.0 -999.0 -999.0 -999.0 -999.0 1577.4 1370.0 1281.6 1040.2 1310.4 1235.4 1144.2 950.1 1134.0 1203.8 951.7 1279.7 1141.2 1300.0 1374.8 1403.5 1154.8 966.5 965.9 1023.6 1072.1 1214.9 1221.9 1286.1 1368.7 1441.6 1443.8 1436.2 1391.7 1460.8 1549.0 1605.9 1369.0 1452.3 1376.3 1363.8 1445.5 -999.0 -999.0 -999.0 -999.0 -999.0 -999.0
1475.3 1566.6 1582.4 1557.6 -999.0 -999.0 -999.0 -999.0 -999.0 -999.0 -999.0 -999.0 -999.0 -999.0 -999.0 -999.0 -999.0 -999.0 -999.0 -999.0 -999.0 -999.0 -999.0 -999.0 -999.0 -999.0 -999.0 -999.0 1572.1 1351.0 1180.3 866.0 778.0 975.1 1218.8 1162.7 1092.7 931.1 1193.9 948.3 1074.6 1192.2 1262.3 1302.9 1360.7 1258.5 979.2 1008.3 1075.7 1139.9 1205.4 1277.9 1335.6 1413.0 1488.3 1464.4 1456.6 1509.2 1534.0 1525.3 1414.7 1178.9 1200.7 1214.0 1204.5 1288.3 1509.6 -999.0 -999.0 -999.0 -999.0
1536.5 1571.3 1546.3 1521.5 -999.0 -999.0 -999.0 -999.0 -999.0 -999.0 -999.0 -999.0 -999.0 -999.0 -999.0 -999.0 -999.0 -999.0 -999.0 -999.0 -999.0 -999.0 -999.0 -999.0 -999.0 -999.0 -999.0 -999.0 1591.8 1470.7 1173.5 1014.9 1296.2 638.9 787.4 1221.5 1086.6 1221.1 941.2 887.6 1089.1 1210.0 1202.3 1178.5 1291.7 825.8 898.5 911.2 891.1 902.7 987.0 1243.7 1230.8 1400.3 1475.6 1483.0 1490.3 1520.8 1557.7 1563.1 1472.3 1249.7 1313.2 1334.6 1278.5 1235.4 1459.0 1340.0 -999.0 -999.0 -999.0
1579.0 1556.7 1474.1 1568.7 -999.0 -999.0 -999.0 -999.0 -999.0 -999.0 -999.0 -999.0 -999.0 -999.0 -999.0 -999.0 1664.1 1655.8 1697.5 -999.0 -999.0 -999.0 -999.0 -999.0 -999.0 -999.0 -999.0 -999.0 -999.0 1604.6 1476.4 1362.5 1211.4 1161.4 956.2 1382.6 1598.3 1166.1 1158.6 1167.9 1204.2 1092.4 1088.2 1161.4 1116.3 950.4 946.0 767.9 845.2 992.6 1078.7 1099.5 1262.4 1411.1 1478.5 1511.2 1490.7 1534.1 1550.8 1200.2 1258.7 1016.6 991.2 1066.1 1127.4 1318.9 1156.3 1261.9 1502.5 -999.0 -999.0
1653.2 1541.0 1571.3 -999.0 -999.0 -999.0 -999.0 -999.0 -999.0 -999.0 -999.0 -999.0 -999.0 -999.0 -999.0 -999.0 1618.1 1615.6 -999.0 -999.0 -999.0 -999.0 -999.0 -999.0 -999.0 -999.0 -999.0 -999.0 -999.0 -999.0 1532.1 1535.8 1217.3 1261.0 775.9 1243.4 1240.9 1320.7 1444.1 1425.9 1348.8 1341.3 816.2 1153.0 1075.2 800.3 960.0 1170.7 1246.2 982.4 1261.6 1132.1 1330.1 1471.3 1549.8 1549.7 1526.1 1460.2 1275.5 1187.5 1226.0 1224.3 1263.9 1187.3 1112.5 1150.4 1137.1 1281.8 1295.1 -999.0 -999.0
1552.0 1512.1 -999.0 -999.0 -999.0 -999.0 -999.0 -999.0 -999.0 -999.0 -999.0 -999.0 -999.0 -999.0 -999.0 1598.1 1272.2 1350.8 1617.2 -999.0 -999.0 -999.0 -999.0 -999.0 -999.0 -999.0 -999.0 -999.0 -999.0 -999.0 1559.3 1304.2 1207.3 1190.9 1313.1 1218.5 1381.9 1434.6 1480.1 1497.5 1319.9 1372.0 1392.2 831.4 1055.0 1088.6 910.7 1079.7 938.5 1130.2 1124.8 1286.8 1392.6 1494.3 1546.3 1601.3 1555.6 1406.7 1301.4 1343.6 1273.4 1210.4 1238.9 1189.7 1202.9 1203.1 1200.1 1363.9 1292.1 1556.4 -999.0
-999.0 -999.0 -999.0 -999.0 -999.0 -999.0 -999.0 -999.0 -999.0 -999.0 -999.0 -999.0 -999.0 -999.0 1665.1 1222.0 1095.3 979.7 1633.8 -999.0 -999.0 -999.0 -999.0 -999.0 -999.0 -999.0 -999.0 -999.0 -999.0 -999.0 1594.4 1152.0 1252.2 1558.2 1393.5 1457.7 1407.4 1567.3 1595.4 1487.3 1348.9 1496.9 988.6 1116.6 916.0 1076.3 829.0 1243.0 1157.0 1303.1 1178.3 1336.3 1376.4 1440.5 1590.9 1609.1 1558.6 1474.5 1258.0 1243.5 1289.2 1381.2 1347.2 1338.2 1318.5 1300.2 1202.1 1223.8 1355.1 1421.1 -999.0
-999.0 -999.0 -999.0 -999.0 -999.0 -999.0 -999.0 -999.0 -999.0 -999.0 -999.0 -999.0 -999.0 1661.3 1554.9 961.6 1247.1 1433.5 -999.0 -999.0 -999.0 -999.0 -999.0 -999.0 -999.0 -999.0 -999.0 -999.0 -999.0 -999.0 -999.0 1586.9 1605.0 1616.2 1400.5 1565.7 1409.1 1591.3 1646.2 1592.8 1436.4 1515.8 1032.1 989.3 873.6 891.9 852.5 913.3 926.0 1019.3 1116.0 1157.1 1243.8 1461.3 1543.5 1542.3 1469.5 1446.3 1437.1 1186.3 1316.3 1512.1 1507.0 1444.2 1463.1 1451.6 1448.1 1446.0 1512.4 1529.2 1481.5
-999.0 -999.0 -999.0 -999.0 -999.0 -999.0 -999.0 -999.0 -999.0 -999.0 -999.0 -999.0 -999.0 1390.7 1158.1 1474.1 1586.3 1693.4 -999.0 -999.0 -999.0 -999.0 -999.0 -999.0 -999.0 -999.0 -999.0 -999.0 -999.0 -999.0 -999.0 -999.0 1689.6 1552.0 1584.3 1593.6 1496.4 1598.6 1638.0 1594.3 1417.5 1510.9 1050.2 1078.7 1094.3 925.7 986.4 1053.2 839.8 862.7 1104.8 1063.2 1201.6 1290.8 1473.8 1509.8 1464.5 1464.3 1493.0 1497.9 1522.9 1579.7 1529.6 1465.3 1432.7 1446.0 1475.2 1488.4 1494.6 1278.3 1283.2
-999.0 -999.0 -999.0 -999.0 -999.0 -999.0 -999.0 -999.0 -999.0 -999.0 -999.0 -999.0 -999.0 1381.9 1439.9 1444.4 1694.8 -999.0 -999.0 -999.0 -999.0 -999.0 -999.0 -999.0 -999.0 -999.0 -999.0 -999.0 -999.0 -999.0 -999.0 -999.0 1735.3 1584.6 1568.0 -999.0 1623.9 -999.0 1705.6 1644.2 1549.0 1548.1 1473.3 1066.3 1104.7 1082.1 877.1 1269.6 1214.2 896.3 1016.3 1099.6 1181.3 1323.6 1454.2 1533.3 1584.9 1580.9 1551.1 1556.3 1520.1 1441.7 1496.3 1401.1 1428.4 1482.0 1438.4 1350.6 1384.1 1414.8 1398.0
-999.0 -999.0 -999.0 -999.0 -999.0 -999.0 -999.0 -999.0 -999.0 -999.0 -999.0 -999.0 1645.6 1645.5 1631.2 -999.0 -999.0 -999.0 -999.0 -999.0 -999.0 -999.0 -999.0 -999.0 -999.0 -999.0 -999.0 -999.0 -999.0 -999.0 -999.0 -999.0 1752.9 1706.9 1674.4 -999.0 -999.0 -999.0 1740.5 1501.1 1606.5 1484.9 1357.3 1403.1 1375.4 1273.1 1034.3 1017.6 1304.6 1036.4 968.0 1157.3 1129.5 1259.2 1383.1 1573.2 1603.1 1609.5 1598.5 1586.9 1565.4 1534.4 1515.9 1450.2 1505.2 1455.0 1377.1 1326.5 1309.9 1316.6 1354.0
-999.0 -999.0 -999.0 -999.0 -999.0 -999.0 -999.0 -999.0 -999.0 -999.0 -999.0 -999.0 -999.0 -999.0 -999.0 -999.0 -999.0 -999.0 -999.0 -999.0 -999.0 -999.0 -999.0 -999.0 -999.0 -999.0 -999.0 -999.0 -999.0 -999.0 -999.0 -999.0 -999.0 -999.0 -999.0 -999.0 -999.0 1766.6 1717.7 1536.6 1306.8 1218.7 1197.9 1188.2 1279.5 1272.5 1106.2 1123.1 1211.8 1346.0 1156.1 1094.8 1222.6 1308.6 1410.2 1503.5 1565.3 1565.6 1608.1 1621.2 1624.0 1619.4 1585.6 1571.6 1469.0 1260.9 1375.0 1338.7 1415.2 1410.1 1459.3
-999.0 -999.0 -999.0 -999.0 -999.0 -999.0 -999.0 -999.0 -999.0 -999.0 -999.0 -999.0 -999.0 -999.0 -999.0 -999.0 -999.0 -999.0 -999.0 -999.0 -999.0 -999.0 -999.0 -999.0 -999.0 -999.0 -999.0 -999.0 -999.0 -999.0 -999.0 -999.0 -999.0 -999.0 -999.0 -999.0 -999.0 1689.4 1592.5 1362.4 1130.8 981.9 1082.8 1304.0 1227.1 1420.3 1350.3 1394.4 1265.8 1210.2 1183.8 1193.9 1242.3 1336.8 1406.3 1461.6 1554.4 1562.7 1620.7 1655.0 1694.5 1682.2 1628.9 1592.1 1519.4 1232.9 1295.8 1436.5 1485.8 1511.4 1505.9
-999.0 -999.0 -999.0 -999.0 -999.0 -999.0 -999.0 -999.0 -999.0 -999.0 -999.0 -999.0 -999.0 -999.0 -999.0 -999.0 -999.0 -999.0 -999.0 -999.0 -999.0 -999.0 -999.0 -999.0 -999.0 -999.0 -999.0 -999.0 -999.0 -999.0 -999.0 -999.0 -999.0 -999.0 -999.0 -999.0 -999.0 1639.8 1607.4 1491.9 1257.4 1167.3 1212.4 1307.5 1336.3 1386.4 1332.0 1408.5 1421.9 1379.2 1525.1 1236.8 1360.9 1289.1 1395.7 1438.8 1560.4 1594.2 1615.8 1670.4 1753.7 1689.7 1659.7 1601.9 1570.1 1412.2 1364.6 1442.6 1512.9 1536.1 1546.8
