GDD/GrowingDegreeDays_1979_Actual.txt
ncols         180
nrows         290
xllcorner     -200000
yllcorner     -200000
cellsize      5000
NODATA_value    -999
[rows 96 to 127 of 290, columns 71 to 141 of 180]
1008.6 1044.9 1169.5 1244.2 953.8 1190.1 685.2 727.0 980.5 1208.2 827.3 493.9 495.8 436.2 650.8 728.0 768.7 548.6 613.2 506.5 474.4 713.1 719.7 746.2 958.0 882.4 1039.2 839.6 680.3 739.2 682.7 791.5 830.8 748.2 699.0 792.8 851.5 751.9 749.1 1023.6 1114.0 1196.2 1203.5 1032.9 1102.0 -999.0 -999.0 -999.0 -999.0 -999.0 -999.0 -999.0 -999.0 -999.0 -999.0 -999.0 -999.0 -999.0 -999.0 -999.0 -999.0 -999.0 -999.0 -999.0 -999.0 -999.0 -999.0 -999.0 -999.0 -999.0 -999.0
985.9 871.5 1198.3 1241.8 950.2 1115.8 824.0 976.8 1191.4 1251.3 928.7 591.6 1164.7 597.7 755.8 626.8 786.3 600.7 812.8 673.5 750.4 759.7 435.2 791.9 786.2 893.3 953.9 996.4 707.7 834.1 924.8 876.3 698.0 846.4 769.0 906.5 867.5 912.4 1000.2 1142.1 1131.1 1109.2 1135.5 1229.1 -999.0 -999.0 -999.0 -999.0 -999.0 -999.0 -999.0 -999.0 -999.0 -999.0 -999.0 -999.0 -999.0 -999.0 -999.0 -999.0 -999.0 -999.0 -999.0 -999.0 -999.0 -999.0 -999.0 -999.0 -999.0 -999.0 -999.0
1029.0 1193.5 780.8 933.1 887.0 658.3 493.2 1192.3 1292.4 625.6 1033.1 1091.4 579.7 719.8 545.3 716.2 560.1 875.9 949.3 995.9 968.8 975.6 947.4 751.9 967.4 839.8 808.2 1043.9 909.9 804.8 969.8 971.5 868.4 877.6 965.3 891.1 967.1 1119.7 1184.7 1216.0 1126.4 1185.5 1231.9 1221.2 -999.0 -999.0 -999.0 -999.0 -999.0 -999.0 -999.0 -999.0 -999.0 -999.0 -999.0 -999.0 -999.0 -999.0 -999.0 -999.0 -999.0 -999.0 -999.0 -999.0 -999.0 -999.0 -999.0 -999.0 -999.0 -999.0 -999.0
997.1 755.3 1025.4 882.3 847.5 1199.6 1222.7 -999.0 1069.7 590.2 750.9 504.9 859.9 975.7 770.3 843.5 869.3 857.8 808.3 750.3 686.9 607.6 406.1 581.8 785.0 785.5 1040.1 1147.7 1240.5 890.1 832.0 990.6 992.8 969.2 1097.0 1060.3 1103.1 1179.6 1181.6 1167.3 1152.2 1093.7 1099.1 -999.0 -999.0 -999.0 -999.0 -999.0 -999.0 -999.0 -999.0 -999.0 -999.0 -999.0 -999.0 -999.0 -999.0 -999.0 -999.0 -999.0 -999.0 -999.0 -999.0 -999.0 -999.0 -999.0 -999.0 -999.0 -999.0 -999.0 -999.0
1222.1 1040.3 954.2 1049.5 796.1 1127.1 -999.0 1261.7 1096.3 1269.9 925.4 1058.8 751.6 405.1 768.4 694.4 819.2 617.3 480.8 572.7 743.5 1029.5 973.9 1075.9 862.4 933.6 942.6 854.2 922.3 958.0 918.9 1030.8 1142.8 1132.9 1208.5 1201.4 1131.9 1105.7 1139.0 1145.2 1140.1 1219.4 1203.1 -999.0 -999.0 -999.0 -999.0 -999.0 -999.0 -999.0 -999.0 -999.0 -999.0 -999.0 -999.0 -999.0 -999.0 -999.0 -999.0 -999.0 -999.0 -999.0 -999.0 -999.0 -999.0 -999.0 -999.0 -999.0 -999.0 -999.0 -999.0
1187.5 1083.7 1250.7 933.1 1173.8 -999.0 1282.8 1273.6 1156.9 432.6 765.6 309.7 701.5 877.9 964.4 699.9 658.4 760.9 629.2 827.4 674.2 592.3 726.9 1113.9 866.5 717.8 678.9 870.1 875.3 1239.8 1068.4 1210.0 1259.7 1273.0 1244.8 1022.7 1024.9 1027.4 1065.9 1063.5 1137.3 1221.3 1288.3 -999.0 -999.0 -999.0 -999.0 -999.0 -999.0 -999.0 -999.0 -999.0 -999.0 -999.0 -999.0 -999.0 -999.0 -999.0 -999.0 -999.0 -999.0 -999.0 -999.0 -999.0 -999.0 -999.0 -999.0 -999.0 -999.0 -999.0 -999.0
1214.7 1167.3 665.5 1251.2 -999.0 1299.4 -999.0 978.9 860.2 704.4 1247.2 520.7 751.7 704.6 837.2 358.1 744.3 368.7 770.5 840.0 501.5 952.9 1279.8 827.9 553.5 512.5 923.6 932.8 916.7 1006.6 1151.7 1219.9 1234.2 1225.4 959.9 1082.1 1111.7 1177.5 1153.3 1159.7 1251.3 1301.2 -999.0 -999.0 -999.0 -999.0 -999.0 -999.0 -999.0 -999.0 -999.0 -999.0 -999.0 -999.0 -999.0 -999.0 -999.0 -999.0 -999.0 -999.0 -999.0 -999.0 -999.0 -999.0 -999.0 -999.0 -999.0 -999.0 -999.0 -999.0 -999.0
516.2 623.9 892.0 1247.9 -999.0 -999.0 1221.4 1204.9 1237.2 1188.4 881.3 466.3 1067.7 871.5 401.5 648.0 649.1 472.7 475.1 664.2 1138.4 715.3 718.4 555.4 677.8 840.8 639.9 638.0 911.7 1088.0 1230.8 1226.9 1132.4 923.6 1125.0 1229.2 1227.3 1352.8 1330.9 1302.0 -999.0 -999.0 -999.0 -999.0 -999.0 -999.0 -999.0 -999.0 -999.0 -999.0 -999.0 -999.0 -999.0 -999.0 -999.0 -999.0 -999.0 -999.0 -999.0 -999.0 -999.0 -999.0 -999.0 -999.0 -999.0 -999.0 -999.0 -999.0 -999.0 -999.0 -999.0
729.6 983.4 1143.1 1246.1 -999.0 1292.3 1179.6 1053.2 897.4 1088.7 889.7 1165.2 1164.2 941.6 703.1 767.8 901.5 962.1 906.6 782.5 597.2 933.8 763.5 821.3 698.0 638.0 821.2 876.0 1038.8 1171.0 1228.7 1235.6 1074.2 1154.9 1309.3 1331.2 1375.3 1351.7 1362.6 -999.0 -999.0 -999.0 -999.0 -999.0 -999.0 -999.0 -999.0 -999.0 -999.0 -999.0 -999.0 -999.0 -999.0 -999.0 -999.0 -999.0 -999.0 -999.0 -999.0 -999.0 -999.0 -999.0 -999.0 -999.0 -999.0 -999.0 -999.0 -999.0 -999.0 -999.0 -999.0
1121.0 891.6 1109.5 -999.0 -999.0 1269.2 892.8 997.9 835.8 1067.6 1210.4 1002.9 685.0 678.3 758.1 839.0 763.0 584.1 906.1 768.2 1054.5 943.1 748.0 1005.5 1208.1 1230.6 1129.9 1194.5 1246.3 1220.3 1222.7 1345.0 1241.2 1304.4 1353.5 1226.9 1301.7 1254.5 1316.3 -999.0 -999.0 -999.0 -999.0 -999.0 -999.0 -999.0 -999.0 -999.0 -999.0 -999.0 -999.0 -999.0 -999.0 -999.0 -999.0 -999.0 -999.0 -999.0 -999.0 -999.0 -999.0 -999.0 -999.0 -999.0 -999.0 -999.0 -999.0 -999.0 -999.0 -999.0 -999.0
-999.0 -999.0 -999.0 -999.0 1275.7 975.5 958.7 879.6 959.8 894.5 679.2 724.5 566.0 940.8 693.7 1125.4 629.5 1076.3 552.7 974.4 794.3 522.4 896.4 1064.1 949.3 1051.0 1235.6 1209.2 1288.3 1349.9 1285.6 1360.5 1361.6 1278.1 1292.0 1297.2 1257.7 1312.4 1305.9 1385.0 -999.0 -999.0 -999.0 -999.0 -999.0 -999.0 -999.0 -999.0 -999.0 -999.0 -999.0 -999.0 -999.0 -999.0 -999.0 -999.0 -999.0 -999.0 -999.0 -999.0 -999.0 -999.0 -999.0 -999.0 -999.0 -999.0 -999.0 -999.0 -999.0 -999.0 -999.0
-999.0 -999.0 -999.0 -999.0 1240.9 1242.8 947.5 857.3 1170.4 788.5 1000.4 1173.0 848.0 678.1 749.8 1268.7 692.6 780.0 747.3 964.1 707.3 866.5 804.2 669.4 904.3 988.6 1038.7 1096.5 1147.1 1115.6 1085.6 1013.5 1068.1 1228.6 1334.4 1308.7 1150.9 1254.2 1158.1 1226.7 1256.6 -999.0 -999.0 -999.0 -999.0 -999.0 -999.0 -999.0 -999.0 -999.0 -999.0 -999.0 -999.0 -999.0 -999.0 -999.0 -999.0 -999.0 -999.0 -999.0 -999.0 -999.0 -999.0 -999.0 -999.0 -999.0 -999.0 -999.0 -999.0 -999.0 -999.0
-999.0 -999.0 -999.0 1275.1 1243.0 1184.3 908.2 1069.5 888.7 891.9 1019.1 1193.3 793.1 757.9 581.4 1191.8 779.8 911.2 886.2 968.3 875.0 1257.9 1111.0 1039.4 1066.6 1198.5 1040.8 894.4 756.4 849.1 919.7 1042.7 1139.9 1073.4 1315.3 1198.8 1149.0 1145.4 1158.5 1190.2 1229.4 1295.0 -999.0 -999.0 -999.0 -999.0 -999.0 -999.0 -999.0 -999.0 -999.0 -999.0 -999.0 -999.0 -999.0 -999.0 -999.0 -999.0 -999.0 -999.0 -999.0 -999.0 -999.0 -999.0 -999.0 -999.0 -999.0 -999.0 -999.0 -999.0 -999.0
-999.0 -999.0 1264.6 -999.0 1207.0 1078.8 1172.6 881.2 764.9 1171.7 1240.0 937.2 628.1 871.2 1303.4 1117.3 438.6 1090.9 1105.4 1044.4 1017.3 1175.3 1219.0 1297.2 1255.4 1017.8 724.8 756.9 884.0 962.1 1116.9 1165.4 1176.1 1111.2 1202.2 1207.4 1300.9 1376.9 1379.1 1374.0 1361.6 -999.0 -999.0 -999.0 -999.0 -999.0 -999.0 -999.0 -999.0 -999.0 -999.0 -999.0 -999.0 -999.0 -999.0 -999.0 -999.0 -999.0 -999.0 -999.0 -999.0 -999.0 -999.0 -999.0 -999.0 -999.0 -999.0 -999.0 -999.0 -999.0 -999.0
-999.0 1268.1 964.3 -999.0 1262.9 1237.9 1128.1 1098.0 1123.4 1108.1 713.4 1136.3 754.4 734.5 757.4 1023.7 1205.2 660.6 1070.8 1239.8 1317.1 1331.2 1357.3 1391.1 1418.1 1131.6 1285.5 1305.4 1300.7 1171.8 1071.4 1161.7 1166.8 1229.3 1281.3 1277.1 1377.5 -999.0 -999.0 -999.0 -999.0 -999.0 -999.0 -999.0 -999.0 -999.0 -999.0 -999.0 -999.0 -999.0 -999.0 -999.0 -999.0 -999.0 -999.0 -999.0 -999.0 -999.0 -999.0 -999.0 -999.0 -999.0 -999.0 -999.0 -999.0 -999.0 -999.0 -999.0 -999.0 -999.0 -999.0
1239.1 1067.7 1161.6 -999.0 985.2 1269.7 1058.8 1154.0 1323.6 837.7 825.8 710.8 683.0 1246.9 798.9 827.8 1278.9 1031.7 993.5 1177.5 1167.7 1122.2 1082.7 1036.2 1357.9 1412.9 1413.0 1354.1 1275.6 1192.0 1096.5 1160.7 1172.9 1177.9 1285.8 -999.0 -999.0 -999.0 -999.0 -999.0 -999.0 -999.0 -999.0 -999.0 -999.0 -999.0 -999.0 -999.0 -999.0 -999.0 -999.0 -999.0 -999.0 -999.0 -999.0 -999.0 -999.0 -999.0 -999.0 -999.0 -999.0 -999.0 -999.0 -999.0 -999.0 -999.0 -999.0 -999.0 -999.0 -999.0 -999.0
715.1 1075.3 -999.0 1232.9 1227.5 942.4 1156.3 1286.9 844.6 1074.5 792.0 744.3 956.5 1096.4 787.8 810.3 1347.6 1353.8 1320.9 1262.8 1177.3 1123.7 948.8 893.1 1154.1 1304.9 1410.9 1445.1 1338.7 1326.1 1280.5 1271.0 1122.0 1142.4 1346.4 -999.0 -999.0 -999.0 -999.0 -999.0 -999.0 -999.0 -999.0 -999.0 -999.0 -999.0 -999.0 -999.0 -999.0 -999.0 -999.0 -999.0 -999.0 -999.0 -999.0 -999.0 -999.0 -999.0 -999.0 -999.0 -999.0 -999.0 -999.0 -999.0 -999.0 -999.0 -999.0 -999.0 -999.0 -999.0 -999.0
1261.9 1274.4 -999.0 1275.0 775.4 1064.2 -999.0 1194.2 888.4 1053.3 859.4 963.6 907.4 1281.7 1223.1 1073.7 1239.9 1267.2 1158.5 1286.8 733.1 752.8 861.9 887.1 1122.1 1349.3 1390.0 1477.1 1489.4 1431.7 1410.1 1357.8 1382.5 -999.0 -999.0 -999.0 -999.0 -999.0 1310.7 1314.2 1307.5 1391.1 -999.0 -999.0 -999.0 -999.0 -999.0 -999.0 -999.0 -999.0 -999.0 -999.0 -999.0 -999.0 -999.0 -999.0 -999.0 -999.0 -999.0 -999.0 -999.0 -999.0 -999.0 -999.0 -999.0 -999.0 -999.0 -999.0 -999.0 -999.0 -999.0
1070.3 -999.0 -999.0 961.8 1248.1 845.4 -999.0 1210.7 808.5 1103.6 1295.4 732.0 1310.5 1394.4 1367.2 1326.1 1211.1 1096.0 919.8 1143.8 1122.7 1207.7 1199.9 1233.0 1181.9 1204.4 1227.0 1307.2 1385.2 1319.3 1273.6 1315.5 1404.6 1446.9 1453.8 -999.0 -999.0 1399.4 1324.3 1242.9 1320.3 1347.9 1376.7 1395.0 -999.0 -999.0 -999.0 -999.0 -999.0 -999.0 -999.0 -999.0 -999.0 -999.0 -999.0 -999.0 -999.0 -999.0 -999.0 -999.0 -999.0 -999.0 -999.0 -999.0 -999.0 -999.0 -999.0 -999.0 -999.0 -999.0 -999.0
1308.8 -999.0 -999.0 1281.2 1050.1 904.4 1281.8 1071.0 1229.5 1122.1 1057.2 993.3 1354.9 1261.8 1079.9 1092.5 1113.2 1282.4 1294.0 1269.7 1304.9 1255.1 1252.8 1242.3 1186.4 1117.2 1135.5 1211.0 1108.9 1080.0 1246.6 1323.4 1340.5 1374.4 1346.7 1406.8 1370.6 1286.0 1252.8 1287.0 1231.8 1089.0 1124.2 1056.7 1332.6 -999.0 -999.0 -999.0 -999.0 -999.0 -999.0 -999.0 -999.0 -999.0 -999.0 -999.0 -999.0 -999.0 -999.0 -999.0 -999.0 -999.0 -999.0 -999.0 -999.0 -999.0 -999.0 -999.0 -999.0 -999.0 -999.0
-999.0 -999.0 -999.0 1103.3 810.6 1095.8 1013.5 1294.3 1091.4 1181.1 1352.2 1368.7 -999.0 1076.9 844.9 1101.5 1199.8 1309.9 1311.0 1379.5 1416.3 1261.2 1269.6 1226.1 1087.1 1046.2 1037.2 1105.8 1144.6 1149.4 1206.5 1212.5 1209.0 1151.3 1268.1 1348.1 1210.5 1245.8 1194.6 1207.1 1099.1 974.1 956.6 921.9 1067.4 1029.9 1000.3 1271.5 -999.0 -999.0 -999.0 -999.0 -999.0 -999.0 -999.0 -999.0 -999.0 -999.0 -999.0 -999.0 -999.0 -999.0 -999.0 -999.0 -999.0 -999.0 -999.0 -999.0 -999.0 -999.0 -999.0
-999.0 -999.0 -999.0 1101.1 1142.5 1212.2 848.9 1316.6 -999.0 1356.8 1267.6 1378.6 -999.0 1021.4 735.4 1020.6 1091.3 1275.2 1382.1 1373.8 1362.0 1438.6 1379.9 1296.5 1211.1 1019.1 996.0 997.8 1078.4 1080.0 1021.0 994.8 909.7 1025.0 1224.1 1289.6 1174.2 1153.7 1110.4 827.1 787.1 927.8 935.5 999.9 1032.3 1026.8 1175.8 1197.4 -999.0 -999.0 -999.0 -999.0 -999.0 -999.0 -999.0 -999.0 -999.0 -999.0 -999.0 -999.0 -999.0 -999.0 -999.0 -999.0 -999.0 -999.0 -999.0 -999.0 -999.0 -999.0 -999.0
-999.0 -999.0 -999.0 -999.0 1151.0 1011.6 1138.7 1338.0 -999.0 -999.0 1311.3 1372.5 1261.5 1050.5 878.1 1171.7 1119.2 1031.5 1169.0 1215.2 1287.2 1165.1 1318.2 1416.8 1299.8 1179.9 1040.7 977.8 889.1 971.8 861.8 850.5 965.3 1043.1 1045.9 1099.3 1050.2 967.9 902.6 922.8 805.5 912.2 965.0 1001.4 1224.2 1217.3 1128.3 1115.8 1164.5 -999.0 -999.0 -999.0 -999.0 -999.0 -999.0 -999.0 -999.0 -999.0 -999.0 -999.0 -999.0 -999.0 -999.0 -999.0 -999.0 -999.0 -999.0 -999.0 -999.0 -999.0 -999.0
-999.0 -999.0 -999.0 1313.0 1091.6 1046.2 -999.0 -999.0 -999.0 -999.0 -999.0 1364.9 1345.8 1012.2 1107.4 1275.0 1152.9 1044.1 981.5 1069.8 1158.4 1131.7 1117.9 1228.0 1323.0 1152.4 988.7 1016.0 987.4 960.4 868.8 926.1 1000.7 982.0 994.3 830.5 865.7 959.5 973.8 1045.2 934.7 973.4 1045.3 1037.8 1208.4 1248.2 1239.5 1236.7 1264.7 -999.0 -999.0 -999.0 -999.0 -999.0 -999.0 -999.0 -999.0 -999.0 -999.0 -999.0 -999.0 -999.0 -999.0 -999.0 -999.0 -999.0 -999.0 -999.0 -999.0 -999.0 -999.0
-999.0 1337.8 -999.0 1000.7 1097.5 1283.8 1329.7 1079.4 1005.2 -999.0 -999.0 -999.0 1367.3 1182.0 1227.8 1246.7 1221.4 1138.2 1017.2 963.6 937.9 933.6 1026.3 1065.0 1139.0 1310.1 1030.9 1047.4 1006.7 1017.5 1070.6 1070.8 902.5 982.3 819.2 671.6 750.0 888.2 897.5 1070.0 1040.0 1076.0 1087.6 1094.6 1227.1 1255.9 1277.5 1246.0 1214.0 1227.5 -999.0 -999.0 -999.0 -999.0 -999.0 -999.0 -999.0 -999.0 -999.0 -999.0 -999.0 -999.0 -999.0 -999.0 -999.0 -999.0 -999.0 -999.0 -999.0 -999.0 -999.0
-999.0 -999.0 1332.0 968.2 1089.1 1326.3 1045.8 883.4 813.0 1316.8 -999.0 -999.0 -999.0 1368.4 1332.0 1343.9 1297.7 1244.5 1186.7 1030.9 980.2 980.3 1056.2 1073.2 1077.6 1086.3 1140.9 1097.2 1054.0 946.6 1009.6 867.3 1093.5 983.7 1026.8 1012.8 768.4 796.0 957.2 1034.2 1140.9 1174.8 1187.8 1200.1 1259.2 1267.3 1308.3 1243.8 1185.7 1222.7 1262.8 -999.0 -999.0 -999.0 -999.0 -999.0 -999.0 -999.0 -999.0 -999.0 -999.0 -999.0 -999.0 -999.0 -999.0 -999.0 -999.0 -999.0 -999.0 -999.0 -999.0
-999.0 -999.0 1223.5 1076.5 934.7 1336.0 1339.1 999.0 944.4 1402.9 -999.0 -999.0 -999.0 -999.0 -999.0 1358.3 1337.0 1338.3 1323.0 1234.1 1153.7 1021.5 857.6 891.5 996.8 1058.5 1130.7 1049.8 1033.1 997.8 1057.0 908.0 1112.1 1023.2 970.4 1043.7 1197.8 1096.4 1182.7 1105.5 1219.7 1158.9 1214.5 1344.0 1361.5 1340.3 1310.1 1310.3 1148.3 1144.4 1203.3 1277.8 -999.0 -999.0 -999.0 -999.0 -999.0 -999.0 -999.0 -999.0 -999.0 -999.0 -999.0 -999.0 -999.0 -999.0 -999.0 -999.0 -999.0 -999.0 -999.0
-999.0 -999.0 1155.1 976.0 1065.8 -999.0 1349.6 1259.7 764.1 1233.3 -999.0 -999.0 -999.0 -999.0 -999.0 1367.6 1292.4 1184.3 1255.2 1095.7 925.2 938.5 824.8 806.0 866.3 1008.0 953.3 1013.2 1040.0 912.9 885.9 1130.6 596.8 941.6 770.2 975.5 853.0 903.8 1213.3 1085.2 1190.2 1252.5 1302.5 1303.6 1223.6 1175.8 1231.2 1185.8 1292.2 1162.0 1053.5 1224.5 1229.3 1304.3 -999.0 -999.0 -999.0 -999.0 -999.0 -999.0 -999.0 -999.0 -999.0 -999.0 -999.0 -999.0 -999.0 -999.0 -999.0 -999.0 -999.0
-999.0 -999.0 1182.5 1163.2 1315.7 -999.0 -999.0 1037.5 801.3 919.7 -999.0 -999.0 -999.0 -999.0 -999.0 1385.6 1357.6 1223.5 1231.9 1161.9 1024.5 1093.4 996.5 977.8 860.7 930.3 920.1 968.8 838.1 632.6 777.9 882.6 521.8 634.3 890.7 866.3 991.5 1109.8 1088.4 1080.1 1182.6 1168.8 1188.1 1292.7 1248.6 1236.5 1112.4 916.6 1061.6 1121.2 1092.2 1092.0 1230.4 1286.7 -999.0 -999.0 -999.0 -999.0 -999.0 -999.0 -999.0 -999.0 -999.0 -999.0 -999.0 -999.0 -999.0 -999.0 -999.0 -999.0 -999.0
-999.0 -999.0 1296.4 1257.4 -999.0 -999.0 -999.0 1309.5 1120.7 1037.6 -999.0 -999.0 -999.0 -999.0 -999.0 1379.8 1350.9 1258.8 1223.8 1199.5 1140.2 1034.0 810.6 733.4 871.2 822.8 971.2 968.8 955.9 765.7 981.4 682.0 755.4 861.1 794.3 775.0 1075.0 961.1 1119.2 1075.8 1107.2 1265.3 1183.9 1144.2 1144.4 1181.5 828.0 809.2 859.8 1112.9 1096.2 1096.1 1180.2 1228.0 -999.0 -999.0 -999.0 -999.0 -999.0 -999.0 -999.0 -999.0 -999.0 -999.0 -999.0 -999.0 -999.0 -999.0 -999.0 -999.0 -999.0
-999.0 1070.9 1141.8 948.3 1413.9 -999.0 -999.0 -999.0 -999.0 -999.0 -999.0 -999.0 -999.0 -999.0 1253.6 1282.9 1204.3 1198.9 1164.3 1101.6 1125.9 983.4 928.1 797.0 901.5 923.2 782.1 855.3 753.5 713.3 732.5 582.5 629.6 896.2 840.2 807.3 898.5 1008.5 1001.8 1168.7 1116.7 1079.6 1209.3 1102.2 1103.0 916.5 886.3 734.1 856.3 1137.7 1164.4 1221.5 1166.6 1213.7 -999.0 -999.0 -999.0 -999.0 -999.0 -999.0 -999.0 -999.0 -999.0 -999.0 -999.0 -999.0 -999.0 -999.0 -999.0 -999.0 -999.0
-999.0 985.5 1010.6 1134.8 1392.4 -999.0 -999.0 -999.0 -999.0 -999.0 -999.0 -999.0 -999.0 -999.0 1048.9 1286.1 1169.7 1041.5 949.9 975.5 1047.0 1038.1 997.8 1115.3 1004.1 790.8 751.2 827.9 840.9 932.0 1027.7 614.5 899.4 864.3 893.2 884.9 942.8 1042.4 1179.3 1021.5 1096.0 1099.1 1116.0 1064.8 936.8 856.5 927.3 858.7 897.4 1144.8 1263.8 1263.6 1124.8 1274.7 -999.0 -999.0 -999.0 -999.0 -999.0 -999.0 -999.0 -999.0 -999.0 -999.0 -999.0 -999.0 -999.0 -999.0 -999.0 -999.0 -999.0
