GDD/GrowingDegreeDays_1975_Actual.txt
ncols         180
nrows         290
xllcorner     -200000
yllcorner     -200000
cellsize      5000
NODATA_value    -999
[rows 192 to 223 of 290, columns 71 to 141 of 180]
-999.0 -999.0 -999.0 -999.0 -999.0 -999.0 -999.0 -999.0 -999.0 -999.0 -999.0 -999.0 -999.0 -999.0 -999.0 -999.0 -999.0 -999.0 -999.0 -999.0 -999.0 1693.0 1432.5 1253.0 1101.2 921.1 1022.5 1260.4 1469.5 1600.1 1487.8 1325.2 1224.9 1167.3 1406.2 1575.7 1547.5 1459.7 1475.2 1619.0 1414.4 1506.4 1525.7 1646.1 1609.1 1729.0 1810.5 1814.8 1754.9 1794.7 1840.5 1823.6 1785.3 1762.2 1693.3 1747.3 1768.8 1719.9 1654.9 1626.3 1607.1 1568.1 1620.6 1653.1 1580.7 1612.9 1642.7 1674.0 1676.9 1756.7 1751.4
-999.0 -999.0 -999.0 -999.0 -999.0 -999.0 -999.0 -999.0 -999.0 -999.0 -999.0 -999.0 -999.0 -999.0 -999.0 -999.0 -999.0 -999.0 -999.0 -999.0 1815.7 1748.0 1486.4 1246.9 1135.8 1172.6 1201.7 1336.4 1272.2 983.3 1199.2 1207.9 1242.5 1444.7 1549.8 1494.9 1481.1 1593.4 1605.8 1559.8 1454.7 1481.4 1526.5 1658.6 1615.7 1776.7 1803.1 1751.5 1844.2 1735.5 1736.7 1764.9 1713.1 1744.7 1725.9 1813.2 1818.8 1726.4 1692.6 1702.8 1628.3 1639.0 1563.4 1619.3 1584.4 1662.3 1667.6 1682.4 1751.5 1775.6 1721.7
-999.0 -999.0 -999.0 -999.0 -999.0 -999.0 -999.0 -999.0 -999.0 -999.0 -999.0 -999.0 -999.0 -999.0 -999.0 -999.0 -999.0 -999.0 -999.0 -999.0 1574.0 1534.6 1497.9 1444.0 1280.6 1010.6 1046.7 1133.6 1273.9 1221.5 1135.4 1092.3 1108.6 1424.2 1335.0 1277.7 1594.3 1429.9 1692.9 1627.9 1500.2 1380.5 1626.1 1624.3 1765.2 1825.8 1802.2 1774.5 1569.8 1663.6 1673.7 1693.0 1690.5 1712.1 1733.7 1815.7 1797.3 1750.5 1697.9 1765.7 1730.1 1614.1 1573.0 1593.0 1569.6 1660.3 1729.4 1757.5 1797.9 1771.5 1728.8
-999.0 -999.0 -999.0 -999.0 -999.0 -999.0 -999.0 -999.0 -999.0 -999.0 -999.0 -999.0 -999.0 -999.0 -999.0 -999.0 -999.0 -999.0 -999.0 -999.0 1628.5 1554.7 1704.9 1521.0 1294.3 1009.6 1132.8 1105.7 1301.6 1173.6 1214.0 1335.6 1282.4 1277.8 1359.6 1497.6 1633.9 1621.8 1419.9 1681.7 1663.5 1638.1 1656.6 1592.6 1741.9 1862.6 1831.8 1751.8 1715.7 1731.4 1664.0 1673.5 1682.7 1685.3 1773.1 1789.8 1728.2 1737.9 1704.9 1777.8 1703.8 1596.0 1585.1 1667.7 1684.1 1652.6 1744.0 1744.3 1840.8 1770.6 1752.3
-999.0 -999.0 -999.0 -999.0 -999.0 -999.0 -999.0 -999.0 -999.0 -999.0 -999.0 -999.0 -999.0 -999.0 -999.0 -999.0 -999.0 -999.0 -999.0 1733.6 1524.8 1280.1 1414.1 1506.5 1239.2 1169.4 1050.9 1050.1 1426.4 1384.4 1413.2 1324.0 1246.5 1419.9 1433.2 1347.2 1538.8 1631.2 1666.6 1734.0 1762.4 1739.2 1691.0 1742.3 1799.9 1842.3 1864.5 1844.6 1791.3 1758.8 1792.7 1726.4 1728.0 1692.5 1758.4 1754.0 1744.6 1767.6 1771.3 1755.2 1650.8 1644.7 1644.8 1738.6 1708.7 1713.8 1741.3 1813.5 1775.9 1765.6 1760.6
-999.0 -999.0 -999.0 -999.0 -999.0 -999.0 -999.0 -999.0 -999.0 -999.0 -999.0 -999.0 -999.0 -999.0 -999.0 -999.0 -999.0 -999.0 1621.7 1539.8 1409.0 1487.3 1549.3 1285.7 1073.2 1046.3 1204.8 1134.6 1402.4 1261.4 1349.6 1439.1 1055.1 1393.5 1366.3 1615.7 1629.5 1725.5 1735.4 1714.9 1634.6 1728.5 1605.9 1775.9 1781.5 1916.7 1924.7 1877.6 1847.4 1830.9 1831.9 1774.2 1727.5 1719.7 1817.1 1770.1 1755.1 1727.4 1716.6 1698.7 1639.9 1676.5 1634.2 1735.4 1750.0 1811.9 1809.7 1730.1 1711.3 1751.0 1747.1
-999.0 -999.0 -999.0 -999.0 -999.0 -999.0 -999.0 -999.0 -999.0 -999.0 -999.0 -999.0 -999.0 -999.0 -999.0 -999.0 1588.0 1589.0 1604.5 1703.8 1670.5 1558.8 1491.4 1213.9 1109.9 1017.7 986.0 1148.6 1286.0 1498.8 1319.0 1421.8 1179.2 1427.5 1575.1 1662.2 1752.0 1732.9 1794.2 1720.0 1605.8 1673.0 1682.5 1886.1 1903.2 1931.6 1931.2 1850.1 1845.1 1825.2 1858.9 1783.8 1742.1 1795.3 1806.5 1795.1 1694.0 1686.7 1629.9 1587.5 1615.5 1642.1 1694.8 1749.2 1734.8 1714.3 1740.5 1715.3 1786.6 1757.8 1760.1
-999.0 -999.0 -999.0 -999.0 -999.0 -999.0 -999.0 -999.0 -999.0 -999.0 -999.0 -999.0 1872.2 1842.3 1832.8 1468.8 1369.5 1304.7 1302.7 1531.0 1568.8 1595.7 1205.0 1267.8 1114.6 1109.3 1154.9 1385.9 1480.6 1598.7 1474.0 1534.1 1129.3 1289.9 1496.5 1714.1 1706.4 1742.2 1593.7 1782.1 1645.7 1651.6 1736.4 1873.6 1989.9 2001.2 1887.8 1897.5 1894.5 1797.2 1850.2 1811.6 1833.8 1799.5 1759.0 1708.6 1747.7 1669.0 1686.7 1645.4 1575.2 1581.8 1609.1 1660.0 1665.0 1689.4 1735.4 1771.2 1736.8 1829.1 1827.0
-999.0 -999.0 -999.0 -999.0 -999.0 -999.0 -999.0 -999.0 -999.0 -999.0 -999.0 1695.8 1759.4 1601.8 1605.1 1598.9 1392.2 1443.1 1410.5 1603.3 1723.8 1436.3 1318.8 1204.4 1473.1 1072.0 1270.7 1449.7 1164.5 1406.4 1655.8 1201.9 1384.0 1479.5 1797.9 1824.3 1786.1 1553.5 1784.2 1787.3 1753.8 1755.2 1721.4 1870.2 1938.5 2054.7 1951.0 1943.8 1914.5 1839.8 1834.8 1827.4 1828.3 1814.4 1729.9 1722.7 1587.9 1711.8 1722.2 1674.7 1608.5 1649.4 1661.1 1712.7 1736.7 1711.1 1749.9 1725.4 1795.7 1835.0 1831.7
-999.0 -999.0 -999.0 -999.0 -999.0 -999.0 -999.0 -999.0 -999.0 -999.0 1660.8 1632.9 1771.5 1724.7 1697.7 1599.6 1646.4 1570.7 1635.4 1618.0 1293.5 1490.7 1566.6 1224.4 1639.0 1341.4 1274.6 1072.9 1205.8 1226.6 1427.0 1475.4 1573.9 1802.3 1476.7 1526.8 1803.0 1778.7 1848.6 1885.6 1795.1 1825.1 1878.2 1856.5 1888.0 2051.4 1998.2 1982.6 1928.6 1910.8 1887.8 1855.9 1713.6 1828.8 1784.8 1714.2 1652.1 1688.3 1718.5 1667.5 1615.3 1625.1 1607.0 1671.5 1750.6 1777.2 1803.8 1741.5 1775.8 1827.3 1764.2
-999.0 -999.0 -999.0 -999.0 -999.0 -999.0 1896.7 1646.7 1752.8 1580.5 1724.3 1680.8 1610.5 1684.5 1702.4 1525.6 1608.5 1578.3 1613.6 1427.2 1441.7 1572.5 1501.1 1480.3 1555.0 1498.5 1223.6 1193.5 1353.1 1423.2 1331.4 1527.4 1766.5 1424.6 1365.2 1571.3 1561.0 1778.1 1804.1 1904.8 1870.0 1679.1 1877.5 1768.3 1954.8 2019.6 1998.6 1966.2 1780.9 1879.5 1832.4 1565.8 1802.0 1805.8 1774.8 1699.9 1624.7 1712.9 1704.3 1678.5 1693.3 1655.0 1658.7 1706.8 1763.2 1757.4 1799.5 1772.6 1752.4 1764.1 1800.8
-999.0 -999.0 -999.0 -999.0 -999.0 1834.9 1673.8 1685.0 1651.6 1438.3 1196.4 1294.3 1346.2 1585.0 1495.9 1380.9 1482.2 1524.0 1389.3 1556.9 1608.3 1424.1 1629.5 1751.1 1625.1 1553.9 1346.9 1353.4 1394.4 1468.7 1507.1 1603.1 1528.9 982.7 1259.4 1532.0 1720.1 1696.3 1806.8 1705.5 1855.5 1807.0 1900.1 1930.2 1962.8 1970.8 2001.0 2003.6 1901.2 1833.2 1571.0 1564.4 1643.2 1739.7 1768.4 1555.0 1657.1 1707.4 1691.6 1725.8 1668.1 1662.1 1672.5 1736.0 1685.2 1723.3 1779.7 1670.6 1696.3 1790.8 1811.5
-999.0 -999.0 -999.0 1932.3 1802.8 1750.3 1637.6 1687.9 1632.6 1521.6 1501.4 1570.9 1666.8 1489.6 1597.5 1468.4 1731.4 1650.8 1463.7 1545.3 1697.7 1606.8 1825.5 1796.7 1484.1 1379.8 1441.6 1549.2 1413.0 1650.1 1712.5 1704.0 1380.0 1220.1 1218.1 1717.5 1663.2 1687.9 1702.9 1786.6 1920.9 1813.7 1875.9 1906.3 1977.6 1973.0 2052.9 2070.8 1929.4 1825.1 1579.1 1610.3 1675.7 1765.9 1704.0 1576.5 1616.9 1653.7 1704.8 1696.8 1694.8 1684.8 1675.7 1690.0 1690.4 1689.7 1725.7 1740.4 1752.3 1803.4 1760.5
-999.0 -999.0 -999.0 1962.5 -999.0 1889.6 1821.0 1674.8 1743.9 1672.5 1687.7 1632.1 1682.0 1647.3 1553.9 1710.7 1669.3 1819.0 1850.9 1849.3 1851.0 1851.4 1622.8 1678.4 1366.9 928.1 1424.2 1393.2 1405.7 1156.6 1187.6 1771.1 1830.9 1127.5 1459.2 1635.8 1596.6 1539.4 1732.8 1894.2 1961.5 1788.7 1786.4 1911.7 2005.2 2051.3 2039.4 2127.4 1982.1 1666.6 1572.3 1679.7 1748.7 1777.9 1779.4 1751.1 1670.2 1727.9 1755.9 1775.9 1773.0 1718.3 1625.4 1607.5 1697.1 1751.9 1742.2 1784.8 1782.9 1753.3 1796.1
-999.0 -999.0 -999.0 -999.0 -999.0 -999.0 1731.9 1809.1 1818.3 1733.7 1800.3 1751.3 1745.4 1697.0 1781.8 1824.7 1783.6 1821.8 1720.7 1834.2 1617.2 1832.4 1579.5 1427.4 1362.6 1194.6 1104.1 1265.3 1147.8 1065.4 1462.2 1364.9 1537.3 1951.6 1520.2 1558.6 1840.2 1799.0 1932.6 1760.5 1805.9 1610.6 1710.4 1929.3 1986.5 2063.4 2129.9 1985.6 1712.8 1742.9 1567.4 1697.9 1753.9 1713.3 1791.7 1670.6 1782.1 1782.6 1840.1 1861.7 1832.6 1749.8 1680.3 1712.6 1792.5 1822.0 1822.5 1769.4 1700.4 1670.6 1749.9
-999.0 -999.0 -999.0 -999.0 -999.0 1912.2 1844.2 1794.2 1811.7 1846.3 1708.6 1637.4 1560.2 1654.3 1748.1 1804.7 1897.4 1845.7 1591.2 1850.2 1726.9 1962.8 1813.8 1741.1 1722.2 1728.6 1458.7 1494.7 1296.7 1278.2 1164.6 1343.6 1371.8 1532.0 1236.0 1712.7 1824.0 1864.6 1757.8 1798.7 1630.8 1712.5 1719.2 1959.9 1993.3 1999.0 1731.5 1657.4 1652.0 1587.8 1718.3 1690.8 1702.4 1739.2 1784.2 1784.0 1796.2 1858.2 1924.3 1941.3 1900.9 1781.4 1742.0 1726.1 1794.3 1865.7 1839.2 1740.0 1601.6 1739.2 1719.5
-999.0 -999.0 -999.0 -999.0 2005.8 1968.7 1924.1 1878.0 1876.0 1880.3 1876.9 1817.5 1890.9 1866.2 1909.2 1919.4 1893.3 1866.7 1840.0 1629.9 1915.7 1586.5 1679.8 1652.0 1504.0 1567.9 1693.0 1666.3 1503.1 1561.4 1423.1 1459.4 1627.2 1344.6 1376.4 1814.1 1690.5 1906.9 1873.9 1735.1 1696.1 1809.6 1843.9 1918.8 1971.3 1795.3 1840.7 1678.0 1670.3 1711.9 1689.3 1721.7 1770.7 1768.6 1830.4 1858.3 1866.3 1910.9 1860.5 1994.9 1884.4 1862.0 1823.9 1828.6 1832.7 1831.4 1757.4 1637.9 1668.1 1706.6 1730.8
-999.0 -999.0 -999.0 -999.0 -999.0 -999.0 2041.5 1961.7 1922.4 1888.0 1889.0 1875.6 -999.0 -999.0 -999.0 -999.0 1970.5 1884.9 1751.0 1944.5 2036.3 1910.7 1882.3 1841.8 1786.8 1979.6 1241.5 1223.6 1616.7 1706.2 1687.9 1547.7 1501.2 1420.2 1678.8 1771.9 1791.3 1924.3 1629.1 1802.1 1731.1 1949.6 1930.0 1927.3 1950.4 1709.5 1843.1 1702.2 1705.0 1770.7 1767.5 1788.5 1810.7 1848.0 1872.6 1880.8 1871.9 1896.7 1844.6 1956.9 1893.9 1835.2 1843.9 1816.4 1805.6 1715.0 1726.6 1680.2 1673.5 1712.3 1831.3
-999.0 -999.0 -999.0 -999.0 -999.0 -999.0 2056.6 1925.6 1841.9 1994.4 1883.9 2025.1 -999.0 -999.0 -999.0 -999.0 -999.0 -999.0 -999.0 2049.6 2076.7 2047.8 2152.1 2014.4 1818.8 1499.7 1333.3 1197.4 1292.4 1469.9 1622.0 1616.6 1743.9 1572.5 1580.4 1854.4 1923.3 1656.1 1692.7 1717.6 1999.4 2007.1 1955.0 1967.0 1806.9 1718.4 1729.9 1724.2 1776.0 1804.5 1823.7 1838.6 1841.3 1839.4 1852.6 1794.4 1846.6 1880.2 1920.5 1938.2 1890.2 1863.7 1830.7 1714.0 1713.9 1793.7 1697.0 1691.6 1739.4 1785.4 1847.2
-999.0 -999.0 -999.0 -999.0 -999.0 -999.0 -999.0 -999.0 2023.1 -999.0 -999.0 -999.0 -999.0 -999.0 -999.0 -999.0 -999.0 1909.5 1906.1 1945.9 1928.6 2097.1 2185.2 2179.6 2005.7 1740.3 1438.5 1352.2 1435.9 1773.7 1822.1 1518.4 1657.7 1714.2 1882.5 1980.8 2043.8 1848.1 1904.6 1936.2 2036.9 2021.6 1939.3 1938.1 1664.4 1611.0 1708.0 1732.6 1807.0 1821.8 1832.4 1856.7 1810.6 1831.3 1800.4 1851.2 1862.8 1887.2 1902.4 1905.3 1844.6 1912.2 1740.0 1623.1 1710.2 1688.2 1842.6 1758.6 1793.3 1851.5 1833.8
-999.0 -999.0 -999.0 -999.0 -999.0 -999.0 -999.0 -999.0 -999.0 -999.0 -999.0 -999.0 -999.0 -999.0 -999.0 -999.0 -999.0 1924.1 1918.0 2089.0 2030.8 2002.8 -999.0 -999.0 2273.8 1749.9 1880.2 1713.4 1762.5 1763.5 1723.4 1638.2 1908.7 1940.5 1940.5 2026.9 2063.7 2064.5 2078.8 2079.6 2055.9 1928.8 1920.4 1850.9 1648.5 1713.3 1750.7 1800.4 1824.4 1791.0 1811.5 1845.9 1830.5 1844.6 1808.2 1767.4 1754.1 1801.1 1767.4 1854.1 1866.1 1799.6 1607.3 1723.8 1665.0 1717.8 1895.3 1810.4 1847.3 1905.9 1963.0
-999.0 -999.0 -999.0 -999.0 -999.0 -999.0 -999.0 -999.0 -999.0 -999.0 -999.0 -999.0 -999.0 -999.0 -999.0 -999.0 -999.0 -999.0 -999.0 -999.0 -999.0 -999.0 -999.0 -999.0 2235.6 2081.2 1833.7 1814.5 1927.5 1941.8 1929.1 1889.5 1985.1 2046.5 2036.2 2053.0 2098.6 2114.0 -999.0 2142.2 2095.2 1986.8 1952.7 1849.9 1683.5 1739.5 1753.0 1818.6 1898.2 1886.9 1803.0 1848.3 1822.7 1709.2 1651.4 1664.5 1625.2 1590.0 1686.1 1719.2 1758.7 1775.0 1703.0 1774.3 1697.1 1688.6 1836.3 1891.3 1931.2 1931.4 1978.3
-999.0 -999.0 -999.0 -999.0 -999.0 -999.0 -999.0 -999.0 -999.0 -999.0 -999.0 -999.0 -999.0 -999.0 -999.0 -999.0 -999.0 -999.0 -999.0 -999.0 -999.0 -999.0 -999.0 -999.0 -999.0 2103.5 2006.8 1936.7 1863.3 1839.3 1959.7 2005.5 2039.6 2122.6 -999.0 -999.0 -999.0 -999.0 2126.2 2145.6 2044.4 2016.3 1973.2 1865.8 1699.6 1758.3 1731.3 1788.4 1917.3 1823.5 1807.1 1686.9 1737.2 1578.4 1643.3 1621.7 1669.8 1645.9 1654.7 1721.6 1697.4 1884.9 1869.9 1832.1 1891.8 1844.2 1901.1 1937.4 1961.7 2037.9 2121.3
-999.0 -999.0 -999.0 -999.0 -999.0 -999.0 -999.0 -999.0 -999.0 -999.0 -999.0 -999.0 -999.0 -999.0 -999.0 -999.0 -999.0 -999.0 -999.0 -999.0 -999.0 -999.0 -999.0 -999.0 -999.0 -999.0 2088.7 1876.7 1880.9 1916.9 1874.6 1976.4 2071.2 -999.0 -999.0 -999.0 -999.0 2015.8 1925.2 1862.4 2053.5 2047.6 2014.5 1801.5 1716.6 1721.2 1717.8 1778.9 1807.8 1838.8 1694.9 1559.8 1619.5 1611.0 1671.7 1659.9 1681.0 1765.8 1735.1 1749.8 1812.9 1858.0 1900.0 1993.0 1910.7 1873.0 1903.3 1872.2 1865.8 2012.1 2081.1
-999.0 -999.0 -999.0 -999.0 -999.0 -999.0 -999.0 -999.0 -999.0 -999.0 -999.0 -999.0 -999.0 -999.0 -999.0 -999.0 -999.0 -999.0 -999.0 -999.0 -999.0 -999.0 -999.0 -999.0 -999.0 -999.0 -999.0 2075.7 1995.1 2026.7 1941.1 2054.5 2064.9 -999.0 -999.0 -999.0 2040.3 2020.2 1959.8 1832.6 1886.9 1931.4 2027.3 1892.5 1948.2 1772.5 1742.4 1818.9 1722.9 1658.4 1656.4 1663.4 1595.3 1654.0 1702.0 1728.5 1782.4 1795.0 1799.6 1789.9 1774.8 1836.5 1906.0 1905.4 1809.8 1788.3 1876.5 1863.0 1870.6 1934.8 2011.3
-999.0 -999.0 -999.0 -999.0 -999.0 -999.0 -999.0 -999.0 -999.0 -999.0 -999.0 -999.0 -999.0 -999.0 -999.0 -999.0 -999.0 -999.0 -999.0 -999.0 -999.0 -999.0 -999.0 -999.0 -999.0 -999.0 -999.0 -999.0 -999.0 -999.0 -999.0 -999.0 -999.0 -999.0 -999.0 2016.9 2006.4 2009.4 1985.0 1815.0 1956.8 1915.2 1864.5 1880.2 1895.8 1834.4 1909.3 1875.8 1827.3 1737.4 1743.5 1720.8 1696.6 1662.7 1681.6 1703.5 1605.0 1723.6 1702.3 1751.3 1740.5 1777.4 1847.9 1825.0 1777.2 1778.1 1776.7 1854.3 1884.5 1907.4 1936.8
-999.0 -999.0 -999.0 -999.0 -999.0 -999.0 -999.0 -999.0 -999.0 -999.0 -999.0 -999.0 -999.0 -999.0 -999.0 -999.0 -999.0 -999.0 -999.0 -999.0 -999.0 -999.0 -999.0 -999.0 -999.0 -999.0 -999.0 -999.0 -999.0 -999.0 -999.0 -999.0 -999.0 -999.0 -999.0 2121.0 1918.1 1935.3 1536.5 1654.1 1922.6 1886.8 1855.1 1839.9 1807.0 1891.3 1919.1 1884.7 1839.7 1736.3 1775.3 1822.3 1690.8 1655.2 1556.1 1661.2 1640.5 1543.0 1656.7 1702.8 1753.1 1819.6 1841.0 1842.8 1834.5 1844.8 1879.3 1822.4 1833.7 1890.7 1892.4
-999.0 -999.0 -999.0 -999.0 -999.0 -999.0 -999.0 -999.0 -999.0 -999.0 -999.0 -999.0 -999.0 -999.0 -999.0 -999.0 -999.0 -999.0 -999.0 -999.0 -999.0 -999.0 -999.0 -999.0 -999.0 -999.0 -999.0 -999.0 -999.0 -999.0 -999.0 -999.0 -999.0 -999.0 -999.0 2090.4 2041.6 2020.8 1839.5 1574.3 1676.0 1766.1 1852.9 1761.0 1862.9 1861.3 1898.5 1730.3 1667.3 1608.7 1682.8 1765.5 1735.9 1727.6 1702.3 1669.6 1656.2 1707.8 1704.2 1714.1 1746.3 1808.4 1856.1 1887.1 1879.6 1837.4 1867.1 1816.0 1818.1 1842.5 1789.7
-999.0 -999.0 -999.0 -999.0 -999.0 -999.0 -999.0 -999.0 -999.0 -999.0 -999.0 -999.0 -999.0 -999.0 -999.0 -999.0 -999.0 -999.0 2251.8 2126.8 2151.2 1458.5 1408.8 1425.6 1468.3 1378.9 2089.5 1678.8 2187.3 -999.0 -999.0 -999.0 -999.0 -999.0 -999.0 2082.4 2038.3 1988.5 2041.7 1913.9 1751.0 1678.9 1740.2 1804.8 1834.9 1823.3 1764.8 1654.0 1685.5 1734.4 1760.9 1797.3 1731.5 1744.9 1790.2 1820.1 1819.8 1761.5 1778.9 1716.2 1692.6 1651.6 1773.0 1843.7 1810.3 1781.1 1823.3 1746.8 1788.6 1826.2 1740.3
-999.0 -999.0 -999.0 -999.0 -999.0 -999.0 -999.0 -999.0 -999.0 -999.0 -999.0 -999.0 -999.0 -999.0 -999.0 -999.0 -999.0 -999.0 1849.4 1792.5 1589.4 1480.0 1236.5 1162.6 1248.6 1282.8 1363.6 1682.8 1919.1 2059.8 1993.8 1804.4 1980.1 2065.3 2116.0 2091.6 2064.7 2043.7 2039.6 2023.1 1963.4 1766.4 1753.1 1796.4 1852.3 1630.2 1741.5 1810.4 1762.9 1722.7 1804.2 1835.1 1818.4 1791.9 1800.4 1820.8 1800.6 1860.5 1811.4 1734.1 1715.5 1731.6 1700.0 1701.1 1794.7 1806.7 1842.5 1856.3 1773.0 1831.9 1529.8
-999.0 -999.0 -999.0 -999.0 -999.0 -999.0 -999.0 -999.0 -999.0 -999.0 -999.0 -999.0 -999.0 -999.0 -999.0 -999.0 -999.0 2161.9 2058.2 1890.1 1786.9 1623.6 1342.5 1207.0 1249.2 1345.3 1382.3 1450.4 1647.0 1783.3 1848.2 1801.9 1722.7 1984.0 2043.7 2087.2 2050.1 1936.6 2027.1 1996.4 1853.3 1816.9 1820.2 1798.8 1617.0 1760.4 1650.5 1690.3 1746.2 1827.1 1815.3 1863.9 1805.0 1710.2 1827.2 1784.1 1834.3 1806.5 1800.7 1750.3 1736.8 1651.5 1615.9 1776.3 1815.0 1805.9 1649.1 1777.3 1820.0 1796.9 1785.6
-999.0 -999.0 -999.0 -999.0 -999.0 -999.0 -999.0 -999.0 -999.0 -999.0 -999.0 -999.0 -999.0 -999.0 -999.0 -999.0 -999.0 -999.0 2122.6 2070.2 1995.1 1670.3 1589.4 1512.0 1304.6 1421.6 1502.6 1694.0 1602.6 1467.7 1639.2 1821.6 1849.7 1753.8 1947.3 2076.7 2058.9 2043.2 1951.2 1902.4 1941.3 1921.3 1869.5 1829.2 1720.5 1808.1 1677.6 1738.6 1738.7 1770.8 1783.4 1838.1 1755.8 1720.0 1760.3 1867.4 1866.9 1824.8 1878.7 1831.6 1818.8 1736.3 1660.9 1680.6 1795.9 1786.5 1729.1 1742.0 1790.7 1849.0 1854.7
