GDD/GrowingDegreeDays_1970_Actual.txt
ncols         180
nrows         290
xllcorner     -200000
yllcorner     -200000
cellsize      5000
NODATA_value    -999
[rows 96 to 127 of 290, columns 71 to 141 of 180]
1212.5 1249.6 1382.5 1458.0 1151.4 1392.9 857.3 888.1 1128.7 1351.9 982.7 655.3 655.7 580.4 805.6 877.2 915.0 670.6 736.7 619.3 580.6 830.9 828.5 846.3 1062.8 972.1 1125.9 909.5 740.9 799.6 739.5 852.1 888.1 794.7 739.3 837.2 898.0 789.8 788.1 1072.4 1166.8 1252.8 1260.4 1081.3 1141.9 -999.0 -999.0 -999.0 -999.0 -999.0 -999.0 -999.0 -999.0 -999.0 -999.0 -999.0 -999.0 -999.0 -999.0 -999.0 -999.0 -999.0 -999.0 -999.0 -999.0 -999.0 -999.0 -999.0 -999.0 -999.0 -999.0
1186.4 1067.2 1409.1 1454.5 1143.5 1309.2 997.7 1134.3 1331.3 1368.4 1058.1 742.0 1350.3 754.7 915.7 769.0 933.9 728.6 958.1 807.5 897.0 899.0 528.3 898.4 880.2 981.6 1033.5 1069.0 767.1 901.0 999.7 951.6 750.0 899.3 813.8 955.1 912.3 957.5 1047.9 1191.0 1181.1 1160.3 1187.9 1275.4 -999.0 -999.0 -999.0 -999.0 -999.0 -999.0 -999.0 -999.0 -999.0 -999.0 -999.0 -999.0 -999.0 -999.0 -999.0 -999.0 -999.0 -999.0 -999.0 -999.0 -999.0 -999.0 -999.0 -999.0 -999.0 -999.0 -999.0
1228.2 1398.9 972.6 1125.7 1074.9 830.8 649.1 1365.7 1455.4 751.2 1182.6 1265.2 744.1 886.4 690.8 865.3 692.2 1027.1 1105.7 1165.4 1154.4 1152.0 1090.8 857.1 1073.5 924.7 878.8 1113.5 978.8 870.0 1044.9 1046.8 928.0 929.7 1016.9 935.5 1014.1 1168.6 1233.6 1264.7 1173.0 1234.4 1280.1 1262.3 -999.0 -999.0 -999.0 -999.0 -999.0 -999.0 -999.0 -999.0 -999.0 -999.0 -999.0 -999.0 -999.0 -999.0 -999.0 -999.0 -999.0 -999.0 -999.0 -999.0 -999.0 -999.0 -999.0 -999.0 -999.0 -999.0 -999.0
1191.2 939.7 1225.2 1073.9 1033.8 1395.2 1414.8 -999.0 1234.8 739.9 921.5 678.1 1054.1 1163.0 935.7 1003.3 1023.0 1006.2 953.5 895.4 833.8 740.9 498.0 673.6 879.4 868.2 1128.8 1234.1 1326.0 959.8 894.8 1053.7 1048.6 1020.2 1151.2 1111.8 1155.1 1230.2 1230.0 1213.0 1196.9 1135.1 1137.9 -999.0 -999.0 -999.0 -999.0 -999.0 -999.0 -999.0 -999.0 -999.0 -999.0 -999.0 -999.0 -999.0 -999.0 -999.0 -999.0 -999.0 -999.0 -999.0 -999.0 -999.0 -999.0 -999.0 -999.0 -999.0 -999.0 -999.0 -999.0
1427.0 1236.5 1146.8 1243.1 978.9 1317.5 -999.0 1453.7 1276.2 1468.6 1119.3 1274.8 957.7 560.7 935.8 844.3 968.9 743.9 593.0 691.8 874.8 1173.2 1101.8 1198.0 962.3 1028.4 1030.8 930.1 998.5 1029.8 979.9 1085.9 1188.9 1184.1 1263.2 1256.4 1188.9 1157.1 1184.3 1187.1 1180.2 1254.9 1231.3 -999.0 -999.0 -999.0 -999.0 -999.0 -999.0 -999.0 -999.0 -999.0 -999.0 -999.0 -999.0 -999.0 -999.0 -999.0 -999.0 -999.0 -999.0 -999.0 -999.0 -999.0 -999.0 -999.0 -999.0 -999.0 -999.0 -999.0 -999.0
1389.7 1280.3 1453.2 1122.4 1368.4 -999.0 1478.3 1467.2 1344.4 590.1 954.8 490.5 895.8 1060.4 1137.0 846.9 793.3 894.9 746.7 957.1 785.3 694.7 837.2 1241.9 968.1 796.8 749.3 947.7 948.1 1318.9 1139.1 1267.8 1304.2 1324.4 1301.6 1076.5 1077.9 1072.7 1106.1 1101.8 1173.0 1250.3 1310.6 -999.0 -999.0 -999.0 -999.0 -999.0 -999.0 -999.0 -999.0 -999.0 -999.0 -999.0 -999.0 -999.0 -999.0 -999.0 -999.0 -999.0 -999.0 -999.0 -999.0 -999.0 -999.0 -999.0 -999.0 -999.0 -999.0 -999.0 -999.0
1420.3 1369.7 846.7 1453.8 -999.0 1495.9 -999.0 1156.5 1036.3 876.5 1443.6 682.8 929.3 869.8 999.9 473.4 883.9 466.0 893.8 962.5 593.0 1075.3 1418.6 940.6 634.4 578.9 1009.2 1014.0 991.7 1082.2 1226.0 1286.5 1294.0 1283.6 1011.9 1137.3 1159.2 1216.7 1185.9 1195.6 1289.8 1324.0 -999.0 -999.0 -999.0 -999.0 -999.0 -999.0 -999.0 -999.0 -999.0 -999.0 -999.0 -999.0 -999.0 -999.0 -999.0 -999.0 -999.0 -999.0 -999.0 -999.0 -999.0 -999.0 -999.0 -999.0 -999.0 -999.0 -999.0 -999.0 -999.0
688.9 803.0 1084.9 1449.5 -999.0 -999.0 1410.2 1392.7 1424.5 1372.1 1054.5 609.1 1244.8 1038.2 525.5 787.4 779.2 576.9 571.6 767.6 1268.1 815.0 819.0 640.0 759.0 924.8 702.7 696.4 986.7 1168.6 1309.0 1300.0 1199.3 976.6 1180.8 1281.2 1270.2 1383.4 1353.1 1286.0 -999.0 -999.0 -999.0 -999.0 -999.0 -999.0 -999.0 -999.0 -999.0 -999.0 -999.0 -999.0 -999.0 -999.0 -999.0 -999.0 -999.0 -999.0 -999.0 -999.0 -999.0 -999.0 -999.0 -999.0 -999.0 -999.0 -999.0 -999.0 -999.0 -999.0 -999.0
914.5 1180.0 1342.7 1447.5 -999.0 1489.4 1367.3 1235.8 1070.9 1261.0 1055.9 1340.5 1341.9 1108.1 853.5 915.4 1048.3 1101.2 1034.5 892.4 689.5 1045.0 854.3 912.0 772.4 702.0 894.1 950.5 1119.8 1252.7 1311.4 1314.1 1142.7 1214.5 1364.4 1382.5 1419.4 1381.7 1378.0 -999.0 -999.0 -999.0 -999.0 -999.0 -999.0 -999.0 -999.0 -999.0 -999.0 -999.0 -999.0 -999.0 -999.0 -999.0 -999.0 -999.0 -999.0 -999.0 -999.0 -999.0 -999.0 -999.0 -999.0 -999.0 -999.0 -999.0 -999.0 -999.0 -999.0 -999.0 -999.0
1318.9 1077.2 1301.0 -999.0 -999.0 1468.3 1073.5 1180.1 1005.1 1237.2 1387.0 1176.0 841.6 831.4 914.0 994.2 903.6 698.1 1030.5 871.2 1168.7 1044.9 829.3 1102.4 1304.7 1321.2 1218.3 1278.4 1328.0 1300.9 1303.7 1424.4 1312.2 1365.3 1407.4 1272.3 1342.7 1280.9 1326.6 -999.0 -999.0 -999.0 -999.0 -999.0 -999.0 -999.0 -999.0 -999.0 -999.0 -999.0 -999.0 -999.0 -999.0 -999.0 -999.0 -999.0 -999.0 -999.0 -999.0 -999.0 -999.0 -999.0 -999.0 -999.0 -999.0 -999.0 -999.0 -999.0 -999.0 -999.0 -999.0
-999.0 -999.0 -999.0 -999.0 1478.4 1161.7 1145.4 1058.8 1139.4 1062.2 839.6 888.9 717.8 1117.3 851.3 1306.8 764.1 1221.9 647.5 1084.9 878.9 582.2 984.2 1159.3 1035.5 1137.8 1322.1 1290.1 1367.8 1428.8 1365.7 1436.9 1429.9 1337.4 1342.8 1338.1 1300.4 1348.7 1332.2 1411.9 -999.0 -999.0 -999.0 -999.0 -999.0 -999.0 -999.0 -999.0 -999.0 -999.0 -999.0 -999.0 -999.0 -999.0 -999.0 -999.0 -999.0 -999.0 -999.0 -999.0 -999.0 -999.0 -999.0 -999.0 -999.0 -999.0 -999.0 -999.0 -999.0 -999.0 -999.0
-999.0 -999.0 -999.0 -999.0 1442.2 1444.5 1135.6 1038.6 1365.1 964.0 1189.9 1370.3 1029.3 843.5 922.3 1482.3 842.4 911.9 853.3 1068.0 774.7 935.3 873.7 733.5 987.6 1072.8 1119.9 1168.8 1223.0 1189.7 1160.1 1081.1 1133.5 1286.4 1388.0 1352.8 1195.3 1296.9 1192.8 1256.3 1276.9 -999.0 -999.0 -999.0 -999.0 -999.0 -999.0 -999.0 -999.0 -999.0 -999.0 -999.0 -999.0 -999.0 -999.0 -999.0 -999.0 -999.0 -999.0 -999.0 -999.0 -999.0 -999.0 -999.0 -999.0 -999.0 -999.0 -999.0 -999.0 -999.0 -999.0
-999.0 -999.0 -999.0 1478.9 1444.4 1379.9 1094.5 1263.4 1077.0 1083.5 1223.2 1403.5 981.3 939.9 745.5 1405.8 942.7 1055.0 998.8 1060.6 949.7 1328.0 1187.4 1126.8 1154.4 1282.6 1120.1 960.9 811.8 910.3 979.1 1098.8 1198.8 1132.2 1370.5 1248.0 1195.6 1186.4 1191.7 1217.7 1253.2 1315.0 -999.0 -999.0 -999.0 -999.0 -999.0 -999.0 -999.0 -999.0 -999.0 -999.0 -999.0 -999.0 -999.0 -999.0 -999.0 -999.0 -999.0 -999.0 -999.0 -999.0 -999.0 -999.0 -999.0 -999.0 -999.0 -999.0 -999.0 -999.0 -999.0
-999.0 -999.0 1471.7 -999.0 1405.2 1266.8 1368.0 1067.5 948.2 1380.9 1467.2 1154.2 814.4 1081.6 1538.2 1320.7 565.7 1243.2 1218.4 1113.8 1094.3 1258.8 1309.1 1388.9 1340.3 1095.9 781.1 815.0 951.9 1030.3 1178.5 1213.4 1230.6 1169.5 1257.7 1257.2 1344.7 1414.7 1406.9 1398.3 1388.4 -999.0 -999.0 -999.0 -999.0 -999.0 -999.0 -999.0 -999.0 -999.0 -999.0 -999.0 -999.0 -999.0 -999.0 -999.0 -999.0 -999.0 -999.0 -999.0 -999.0 -999.0 -999.0 -999.0 -999.0 -999.0 -999.0 -999.0 -999.0 -999.0 -999.0
-999.0 1481.4 1148.3 -999.0 1464.8 1433.2 1317.5 1287.8 1318.5 1312.6 916.4 1369.7 957.8 964.5 984.9 1235.8 1404.6 792.9 1194.8 1327.1 1409.8 1432.7 1459.7 1488.6 1501.5 1192.3 1361.0 1384.1 1377.0 1242.7 1137.2 1220.1 1224.5 1287.4 1337.2 1325.1 1419.6 -999.0 -999.0 -999.0 -999.0 -999.0 -999.0 -999.0 -999.0 -999.0 -999.0 -999.0 -999.0 -999.0 -999.0 -999.0 -999.0 -999.0 -999.0 -999.0 -999.0 -999.0 -999.0 -999.0 -999.0 -999.0 -999.0 -999.0 -999.0 -999.0 -999.0 -999.0 -999.0 -999.0 -999.0
1452.9 1261.8 1361.7 -999.0 1172.1 1459.3 1235.9 1340.4 1527.8 1025.8 1016.7 887.5 864.4 1524.9 1041.7 1036.8 1493.4 1209.1 1137.8 1299.6 1280.7 1230.3 1187.5 1134.9 1453.4 1497.0 1495.2 1432.7 1350.3 1261.2 1161.2 1217.9 1230.1 1236.4 1344.6 -999.0 -999.0 -999.0 -999.0 -999.0 -999.0 -999.0 -999.0 -999.0 -999.0 -999.0 -999.0 -999.0 -999.0 -999.0 -999.0 -999.0 -999.0 -999.0 -999.0 -999.0 -999.0 -999.0 -999.0 -999.0 -999.0 -999.0 -999.0 -999.0 -999.0 -999.0 -999.0 -999.0 -999.0 -999.0 -999.0
889.9 1271.1 -999.0 1437.0 1430.4 1115.6 1338.1 1482.0 1024.3 1263.5 965.7 899.0 1137.3 1307.8 1022.9 1035.3 1562.5 1545.0 1485.1 1402.0 1302.5 1240.0 1054.0 990.9 1251.4 1395.0 1495.0 1523.0 1410.5 1391.3 1331.1 1308.2 1167.8 1188.7 1393.4 -999.0 -999.0 -999.0 -999.0 -999.0 -999.0 -999.0 -999.0 -999.0 -999.0 -999.0 -999.0 -999.0 -999.0 -999.0 -999.0 -999.0 -999.0 -999.0 -999.0 -999.0 -999.0 -999.0 -999.0 -999.0 -999.0 -999.0 -999.0 -999.0 -999.0 -999.0 -999.0 -999.0 -999.0 -999.0 -999.0
1487.0 1491.1 -999.0 1481.1 955.1 1249.3 -999.0 1379.9 1068.7 1239.5 1034.5 1129.6 1079.9 1493.3 1484.6 1324.2 1441.0 1441.4 1313.4 1431.6 843.0 855.3 967.6 988.9 1228.1 1446.2 1471.0 1542.3 1567.8 1503.1 1467.3 1395.4 1425.3 -999.0 -999.0 -999.0 -999.0 -999.0 1360.5 1366.4 1353.9 1425.1 -999.0 -999.0 -999.0 -999.0 -999.0 -999.0 -999.0 -999.0 -999.0 -999.0 -999.0 -999.0 -999.0 -999.0 -999.0 -999.0 -999.0 -999.0 -999.0 -999.0 -999.0 -999.0 -999.0 -999.0 -999.0 -999.0 -999.0 -999.0 -999.0
1275.6 -999.0 -999.0 1143.8 1446.0 1018.3 -999.0 1393.3 983.2 1286.9 1484.7 894.9 1501.4 1598.8 1580.9 1536.0 1391.2 1256.8 1063.6 1286.6 1257.7 1336.3 1324.6 1358.3 1312.2 1307.6 1312.4 1383.5 1462.6 1390.5 1334.4 1362.6 1439.9 1461.9 1479.4 -999.0 -999.0 1456.6 1385.4 1303.8 1378.4 1387.4 1395.5 1426.5 -999.0 -999.0 -999.0 -999.0 -999.0 -999.0 -999.0 -999.0 -999.0 -999.0 -999.0 -999.0 -999.0 -999.0 -999.0 -999.0 -999.0 -999.0 -999.0 -999.0 -999.0 -999.0 -999.0 -999.0 -999.0 -999.0 -999.0
1551.3 -999.0 -999.0 1483.0 1230.3 1077.8 1468.1 1245.0 1411.4 1296.8 1227.7 1161.6 1545.2 1441.8 1246.9 1262.6 1276.5 1440.4 1447.6 1413.4 1442.6 1385.6 1382.6 1370.8 1312.7 1221.1 1226.9 1298.2 1193.5 1159.3 1316.6 1375.4 1391.9 1423.5 1417.0 1470.7 1432.0 1346.5 1318.8 1357.2 1297.2 1145.4 1174.2 1104.8 1386.0 -999.0 -999.0 -999.0 -999.0 -999.0 -999.0 -999.0 -999.0 -999.0 -999.0 -999.0 -999.0 -999.0 -999.0 -999.0 -999.0 -999.0 -999.0 -999.0 -999.0 -999.0 -999.0 -999.0 -999.0 -999.0 -999.0
-999.0 -999.0 -999.0 1285.5 985.2 1270.7 1186.3 1483.0 1264.5 1349.5 1522.6 1547.1 -999.0 1251.2 1009.2 1267.5 1359.4 1465.8 1479.9 1528.6 1560.3 1387.7 1403.5 1360.3 1195.2 1124.5 1124.2 1197.9 1237.2 1236.9 1288.3 1283.6 1276.6 1221.9 1348.1 1423.7 1276.0 1308.4 1267.3 1282.2 1169.7 1041.2 1028.4 992.5 1133.5 1082.1 1030.7 1299.5 -999.0 -999.0 -999.0 -999.0 -999.0 -999.0 -999.0 -999.0 -999.0 -999.0 -999.0 -999.0 -999.0 -999.0 -999.0 -999.0 -999.0 -999.0 -999.0 -999.0 -999.0 -999.0 -999.0
-999.0 -999.0 -999.0 1281.6 1322.2 1393.4 1021.9 1507.4 -999.0 1542.3 1428.9 1565.3 -999.0 1201.7 895.4 1184.9 1246.6 1424.1 1517.8 1527.2 1503.8 1578.7 1518.9 1437.1 1318.7 1097.1 1086.7 1095.7 1178.6 1174.3 1110.3 1079.3 989.6 1101.4 1303.7 1370.0 1250.5 1229.4 1191.9 902.0 859.3 1009.7 1023.3 1093.3 1116.9 1098.6 1234.8 1247.2 -999.0 -999.0 -999.0 -999.0 -999.0 -999.0 -999.0 -999.0 -999.0 -999.0 -999.0 -999.0 -999.0 -999.0 -999.0 -999.0 -999.0 -999.0 -999.0 -999.0 -999.0 -999.0 -999.0
-999.0 -999.0 -999.0 -999.0 1334.5 1190.1 1319.3 1536.2 -999.0 -999.0 1503.4 1593.7 1489.7 1249.6 1053.3 1340.7 1274.0 1166.7 1313.5 1365.2 1421.8 1283.8 1440.5 1523.7 1408.0 1285.2 1148.3 1087.7 994.5 1075.2 954.1 937.0 1056.6 1143.8 1136.3 1186.0 1139.6 1054.9 990.9 1016.0 893.7 1005.2 1062.0 1101.9 1320.4 1304.8 1207.3 1190.0 1242.4 -999.0 -999.0 -999.0 -999.0 -999.0 -999.0 -999.0 -999.0 -999.0 -999.0 -999.0 -999.0 -999.0 -999.0 -999.0 -999.0 -999.0 -999.0 -999.0 -999.0 -999.0 -999.0
-999.0 -999.0 -999.0 1520.6 1277.4 1227.3 -999.0 -999.0 -999.0 -999.0 -999.0 1600.6 1597.6 1217.8 1294.1 1451.6 1313.2 1188.3 1124.4 1211.1 1292.7 1246.5 1236.5 1344.5 1442.6 1269.9 1110.2 1144.5 1119.9 1080.5 972.6 1018.8 1092.7 1081.2 1094.0 919.4 957.8 1057.8 1075.7 1156.8 1046.5 1079.8 1149.4 1145.2 1312.5 1344.4 1330.3 1328.5 1363.1 -999.0 -999.0 -999.0 -999.0 -999.0 -999.0 -999.0 -999.0 -999.0 -999.0 -999.0 -999.0 -999.0 -999.0 -999.0 -999.0 -999.0 -999.0 -999.0 -999.0 -999.0 -999.0
-999.0 1556.4 -999.0 1185.8 1285.9 1485.1 1535.0 1260.3 1180.8 -999.0 -999.0 -999.0 1597.1 1383.2 1416.2 1424.8 1395.7 1303.0 1170.8 1108.6 1074.9 1063.0 1154.7 1191.5 1265.1 1439.7 1159.8 1193.4 1173.3 1156.2 1191.9 1192.0 1012.5 1092.9 925.0 765.7 845.7 993.5 1002.9 1188.8 1162.8 1190.6 1195.2 1209.2 1338.2 1355.8 1373.7 1341.3 1308.0 1315.9 -999.0 -999.0 -999.0 -999.0 -999.0 -999.0 -999.0 -999.0 -999.0 -999.0 -999.0 -999.0 -999.0 -999.0 -999.0 -999.0 -999.0 -999.0 -999.0 -999.0 -999.0
-999.0 -999.0 1549.5 1153.6 1280.2 1534.3 1226.8 1056.2 972.8 1505.3 -999.0 -999.0 -999.0 1568.5 1519.0 1528.8 1489.5 1435.9 1360.6 1185.3 1125.0 1119.2 1193.2 1208.3 1210.6 1215.3 1269.3 1240.6 1208.3 1083.9 1138.6 987.1 1216.7 1109.4 1169.6 1146.4 880.2 906.5 1074.4 1151.6 1260.6 1288.1 1293.9 1300.9 1360.8 1367.6 1406.7 1341.5 1281.0 1312.8 1347.6 -999.0 -999.0 -999.0 -999.0 -999.0 -999.0 -999.0 -999.0 -999.0 -999.0 -999.0 -999.0 -999.0 -999.0 -999.0 -999.0 -999.0 -999.0 -999.0 -999.0
-999.0 -999.0 1425.9 1270.7 1119.4 1545.9 1545.1 1174.5 1107.0 1596.4 -999.0 -999.0 -999.0 -999.0 -999.0 1541.5 1537.7 1556.3 1507.1 1398.4 1309.3 1166.5 996.0 1030.7 1136.7 1197.6 1270.5 1192.3 1177.1 1138.2 1199.3 1043.8 1248.7 1158.8 1116.5 1184.4 1337.2 1233.2 1314.1 1233.4 1345.4 1273.5 1316.3 1431.2 1451.7 1440.0 1412.7 1413.2 1247.6 1239.8 1293.2 1363.5 -999.0 -999.0 -999.0 -999.0 -999.0 -999.0 -999.0 -999.0 -999.0 -999.0 -999.0 -999.0 -999.0 -999.0 -999.0 -999.0 -999.0 -999.0 -999.0
-999.0 -999.0 1350.2 1165.8 1259.7 -999.0 1560.1 1457.1 927.9 1418.0 -999.0 -999.0 -999.0 -999.0 -999.0 1538.7 1467.4 1365.8 1428.4 1255.7 1075.1 1085.6 966.1 945.6 1011.4 1159.1 1105.5 1166.7 1194.5 1060.3 1040.8 1310.5 722.3 1081.1 898.1 1118.8 1002.8 1069.9 1364.6 1222.7 1326.4 1379.4 1408.7 1391.4 1314.6 1281.2 1342.9 1295.5 1400.8 1262.9 1149.9 1316.1 1315.1 1384.7 -999.0 -999.0 -999.0 -999.0 -999.0 -999.0 -999.0 -999.0 -999.0 -999.0 -999.0 -999.0 -999.0 -999.0 -999.0 -999.0 -999.0
-999.0 -999.0 1378.0 1367.1 1535.7 -999.0 -999.0 1224.2 982.8 1106.6 -999.0 -999.0 -999.0 -999.0 -999.0 1546.4 1519.5 1385.2 1394.8 1315.6 1170.3 1242.7 1149.8 1134.4 1016.7 1093.6 1080.9 1134.5 1001.1 775.4 930.1 1058.1 647.4 756.0 1029.8 1008.8 1170.0 1343.4 1271.6 1227.1 1323.1 1298.4 1303.7 1400.2 1361.6 1368.1 1247.9 1038.0 1175.9 1228.0 1193.9 1189.5 1320.9 1369.7 -999.0 -999.0 -999.0 -999.0 -999.0 -999.0 -999.0 -999.0 -999.0 -999.0 -999.0 -999.0 -999.0 -999.0 -999.0 -999.0 -999.0
-999.0 -999.0 1497.7 1485.7 -999.0 -999.0 -999.0 1527.1 1329.7 1251.0 -999.0 -999.0 -999.0 -999.0 -999.0 1538.1 1495.4 1414.6 1381.2 1341.7 1270.7 1179.0 956.9 883.0 1040.3 994.2 1133.2 1149.9 1142.4 934.0 1151.4 822.8 894.2 1001.7 929.0 912.1 1244.3 1140.9 1287.5 1221.9 1242.5 1394.1 1308.1 1267.3 1283.5 1356.3 991.1 942.1 975.1 1223.7 1201.1 1195.0 1274.6 1311.9 -999.0 -999.0 -999.0 -999.0 -999.0 -999.0 -999.0 -999.0 -999.0 -999.0 -999.0 -999.0 -999.0 -999.0 -999.0 -999.0 -999.0
-999.0 1253.6 1342.1 1148.8 1650.7 -999.0 -999.0 -999.0 -999.0 -999.0 -999.0 -999.0 -999.0 -999.0 1419.8 1444.9 1361.8 1358.7 1321.1 1242.9 1259.0 1130.2 1086.8 957.6 1085.4 1136.7 1040.7 1083.6 930.1 874.6 883.1 716.1 760.4 1041.0 978.2 944.6 1046.7 1162.4 1150.3 1308.1 1245.8 1206.3 1335.6 1232.4 1248.8 1089.9 1054.9 866.0 975.0 1250.8 1272.0 1322.7 1261.8 1296.9 -999.0 -999.0 -999.0 -999.0 -999.0 -999.0 -999.0 -999.0 -999.0 -999.0 -999.0 -999.0 -999.0 -999.0 -999.0 -999.0 -999.0
-999.0 1161.5 1197.3 1330.2 1618.1 -999.0 -999.0 -999.0 -999.0 -999.0 -999.0 -999.0 -999.0 -999.0 1219.9 1460.6 1339.4 1206.4 1110.1 1128.7 1200.3 1195.5 1162.9 1292.6 1196.3 1006.4 1020.5 1068.9 1031.4 1108.7 1196.8 749.7 1048.9 1008.3 1036.6 1025.7 1087.6 1188.8 1323.3 1158.2 1223.8 1226.5 1244.2 1193.9 1071.3 999.9 1071.3 987.2 1017.4 1258.5 1372.4 1366.2 1220.3 1360.3 -999.0 -999.0 -999.0 -999.0 -999.0 -999.0 -999.0 -999.0 -999.0 -999.0 -999.0 -999.0 -999.0 -999.0 -999.0 -999.0 -999.0
