GDD/GrowingDegreeDays_2006_Actual.txt
ncols         180
nrows         290
xllcorner     -200000
yllcorner     -200000
cellsize      5000
NODATA_value    -999
[rows 128 to 159 of 290, columns 71 to 141 of 180]
-999.0 1467.9 1861.7 1882.9 -999.0 -999.0 -999.0 -999.0 -999.0 -999.0 -999.0 -999.0 -999.0 1751.2 1633.2 1846.0 1593.1 1383.3 1477.6 1225.6 1047.9 1159.2 1045.9 1205.1 1377.9 1489.8 1449.8 1214.6 1274.8 1335.4 1576.2 1330.6 1011.1 1251.5 1117.0 1342.1 1370.8 1598.2 1579.6 1454.4 1522.5 1503.1 1386.2 1242.4 1136.3 1200.0 1364.1 1489.0 1526.9 1657.8 1518.0 1506.9 1651.9 1746.1 -999.0 -999.0 -999.0 -999.0 -999.0 -999.0 -999.0 -999.0 -999.0 -999.0 -999.0 -999.0 -999.0 -999.0 -999.0 -999.0 -999.0
-999.0 -999.0 -999.0 -999.0 -999.0 -999.0 -999.0 -999.0 -999.0 -999.0 -999.0 -999.0 -999.0 1824.4 1910.8 1498.1 1576.7 1346.3 1464.4 1170.2 1154.5 977.8 1055.6 1098.7 1236.4 1302.9 1524.6 939.1 1014.8 1352.4 1621.8 1316.7 1103.1 1318.0 1291.3 1174.7 1442.4 1295.8 1238.0 1398.2 1254.4 1248.5 1050.8 1397.8 1405.9 1348.8 1340.4 1352.9 1577.0 1763.8 1680.5 1718.4 1773.3 1827.3 1846.9 -999.0 -999.0 -999.0 -999.0 -999.0 -999.0 -999.0 -999.0 -999.0 -999.0 -999.0 -999.0 -999.0 -999.0 -999.0 -999.0
-999.0 -999.0 -999.0 -999.0 -999.0 -999.0 -999.0 -999.0 -999.0 -999.0 -999.0 -999.0 2034.6 1605.0 1451.1 1454.8 1343.7 1323.4 1400.1 1458.8 1111.1 1130.3 1052.5 1126.0 1163.6 1422.3 1682.4 1380.1 1279.2 1319.5 1568.3 1574.9 1366.5 1341.7 1351.7 1313.6 1100.3 1425.6 1475.3 1444.6 1473.8 1076.5 1265.0 1138.0 1240.4 1485.6 1434.1 1397.5 1386.6 1376.6 1714.4 1812.3 1831.9 1834.3 1882.6 -999.0 -999.0 -999.0 -999.0 -999.0 -999.0 -999.0 -999.0 -999.0 -999.0 -999.0 -999.0 -999.0 -999.0 -999.0 -999.0
-999.0 -999.0 -999.0 -999.0 -999.0 -999.0 -999.0 -999.0 -999.0 -999.0 -999.0 -999.0 1695.1 1579.3 1536.8 1147.3 1196.8 1359.1 1395.8 1115.0 1427.5 1319.6 1159.1 1291.1 1288.4 1578.9 1737.1 1544.1 1460.0 1267.7 1645.2 1605.2 1567.1 1469.8 1581.8 1225.5 1584.2 1268.1 1399.0 1594.9 1091.4 1513.3 1382.9 1304.4 1395.9 1331.9 1548.7 1546.6 1352.2 1422.5 1637.3 1651.5 1724.8 1816.2 1855.4 -999.0 -999.0 -999.0 -999.0 -999.0 -999.0 -999.0 -999.0 -999.0 -999.0 -999.0 -999.0 -999.0 -999.0 -999.0 -999.0
-999.0 -999.0 -999.0 -999.0 -999.0 -999.0 -999.0 -999.0 -999.0 -999.0 -999.0 1687.8 1714.2 1660.6 1332.6 1407.0 1364.0 880.1 1196.2 1209.0 1434.0 1324.2 1304.2 1423.2 1293.5 1363.9 1571.9 1460.5 1524.8 1711.5 1771.2 1672.4 1477.3 1475.8 1268.2 1458.1 1628.1 1267.9 1525.7 1484.0 1118.2 1445.1 1553.3 1621.8 1474.6 1359.6 1427.3 1406.8 1401.7 1561.6 1632.2 1707.5 1804.5 1821.8 1852.9 -999.0 -999.0 -999.0 -999.0 -999.0 -999.0 -999.0 -999.0 -999.0 -999.0 -999.0 -999.0 -999.0 -999.0 -999.0 -999.0
-999.0 -999.0 -999.0 -999.0 -999.0 -999.0 -999.0 -999.0 -999.0 -999.0 1896.6 1704.9 1513.9 1679.8 1543.8 1430.1 1486.7 1259.6 1365.5 938.8 1501.9 1555.4 1450.9 1398.7 1385.7 1382.2 1580.0 1739.6 1835.6 1588.6 1778.4 1787.1 1579.9 1535.6 1553.6 1568.1 1698.6 1483.9 1674.3 1508.5 1181.4 1284.7 1290.7 1398.2 1460.3 1551.3 1589.5 1410.4 1498.3 1575.3 1619.8 1694.5 1745.1 1857.0 1883.5 1908.0 -999.0 -999.0 -999.0 -999.0 -999.0 -999.0 -999.0 -999.0 -999.0 -999.0 -999.0 -999.0 -999.0 -999.0 -999.0
-999.0 -999.0 -999.0 -999.0 -999.0 -999.0 -999.0 -999.0 -999.0 -999.0 1569.5 1218.9 1451.4 1509.3 1560.7 1576.8 1672.6 971.4 1193.5 1360.1 1386.6 1612.3 1593.3 1484.2 1536.9 1231.7 1681.3 1842.8 1858.1 1852.8 1573.1 1797.0 1576.3 1643.5 1609.8 1678.6 1679.9 1673.1 1485.5 1621.2 1407.1 1346.7 1411.9 1353.9 1509.5 1630.4 1674.3 1547.9 1607.8 1514.9 1611.0 1746.4 1868.9 1829.2 1851.4 1892.7 -999.0 -999.0 -999.0 -999.0 -999.0 -999.0 -999.0 -999.0 -999.0 -999.0 -999.0 -999.0 -999.0 -999.0 -999.0
-999.0 -999.0 -999.0 -999.0 -999.0 -999.0 -999.0 -999.0 1814.7 1735.5 1431.4 1446.4 1474.3 1423.4 1576.0 1567.5 1715.5 1279.4 1356.1 1334.0 1453.7 1499.1 1700.5 1503.6 1481.2 1595.2 1650.2 1715.3 1931.6 1895.6 1744.3 1770.8 1776.4 1748.1 1727.0 1798.1 1815.4 1683.4 1693.7 1692.8 1369.8 1444.6 1469.0 1477.0 1398.8 1568.4 1641.1 1803.8 1695.0 1637.5 1678.0 1754.6 1866.6 1868.2 1862.3 1863.9 -999.0 -999.0 -999.0 -999.0 -999.0 -999.0 -999.0 -999.0 -999.0 -999.0 -999.0 -999.0 -999.0 -999.0 -999.0
-999.0 -999.0 -999.0 -999.0 -999.0 -999.0 -999.0 -999.0 1725.2 1686.7 1756.6 1465.3 1524.7 1437.2 1621.4 1723.4 1772.7 1722.4 1572.8 1193.1 1443.6 1538.2 1717.6 1736.2 1691.3 1725.7 1752.1 1715.0 1868.5 1773.0 1879.4 1855.6 1864.3 1851.9 1873.8 1896.4 1929.4 1885.2 1750.5 1737.7 1750.7 1616.3 1562.1 1575.4 1603.3 1662.3 1927.6 1784.5 1534.3 1610.5 1743.5 1771.1 1843.9 1855.6 1936.7 1917.5 1975.3 -999.0 -999.0 -999.0 -999.0 -999.0 -999.0 -999.0 -999.0 -999.0 -999.0 -999.0 -999.0 -999.0 -999.0
-999.0 -999.0 -999.0 -999.0 -999.0 -999.0 -999.0 -999.0 1735.3 1692.3 1842.0 1541.6 1688.7 1609.4 1698.8 1777.0 1765.1 1839.1 1487.4 1474.3 1546.8 1420.1 1689.2 1751.2 1702.0 1793.8 1669.1 1379.2 1755.8 -999.0 -999.0 -999.0 1898.0 1875.2 -999.0 1962.5 1992.1 1940.9 1910.9 1887.0 1710.7 1527.1 1637.4 1654.2 1592.4 1717.2 1632.0 1628.5 1788.3 1873.0 1891.1 1889.2 1840.7 2063.8 2052.3 2005.8 1960.5 -999.0 -999.0 -999.0 -999.0 -999.0 -999.0 -999.0 -999.0 -999.0 -999.0 -999.0 -999.0 -999.0 -999.0
1945.4 -999.0 -999.0 -999.0 -999.0 -999.0 -999.0 -999.0 1936.8 1613.4 1760.4 1733.9 1708.4 1664.5 1687.3 1740.6 1829.9 1849.5 1799.5 1339.5 1562.2 1494.9 1724.8 1752.2 1570.5 1842.5 1787.4 1773.7 1808.0 -999.0 -999.0 -999.0 1903.8 1900.4 1885.8 1928.6 2004.8 1976.1 1957.5 1750.5 1467.5 1357.9 1549.7 1322.2 1593.4 1664.7 1461.0 1694.1 1639.0 1639.6 1698.5 1929.9 1841.9 1733.3 1916.4 1940.5 1974.9 -999.0 -999.0 -999.0 -999.0 -999.0 -999.0 -999.0 -999.0 -999.0 -999.0 -999.0 -999.0 -999.0 -999.0
1750.7 1792.9 -999.0 -999.0 -999.0 -999.0 -999.0 -999.0 -999.0 1796.1 1645.7 1769.9 -999.0 1737.9 1701.0 1747.3 1780.2 1868.8 -999.0 1786.6 1865.5 1714.3 1852.7 1761.6 1714.0 1873.3 1866.4 -999.0 -999.0 -999.0 -999.0 1882.0 1904.5 1908.1 1919.3 1889.2 1888.8 1928.2 1856.3 1749.4 1402.5 1064.1 1559.4 1199.0 1490.1 1378.7 1323.6 1576.7 1476.4 1629.7 1784.2 1674.6 1680.3 1794.6 1967.5 1896.5 1845.1 2010.3 -999.0 -999.0 -999.0 -999.0 -999.0 -999.0 -999.0 -999.0 -999.0 -999.0 -999.0 -999.0 -999.0
1630.9 -999.0 -999.0 -999.0 -999.0 -999.0 -999.0 -999.0 -999.0 -999.0 1820.8 -999.0 -999.0 -999.0 1859.3 1740.6 1768.1 1804.8 1846.9 -999.0 -999.0 1817.7 1968.3 1754.1 1660.8 -999.0 -999.0 -999.0 -999.0 -999.0 1898.1 1822.9 1883.4 1879.8 1890.8 1822.2 1864.8 1782.4 1693.0 1788.3 1571.3 1268.4 1089.0 1296.2 1171.1 1153.3 1180.3 1441.1 1416.9 1391.5 1503.5 1705.9 1740.4 1723.8 1949.8 1897.7 1801.1 1854.9 -999.0 -999.0 -999.0 -999.0 -999.0 -999.0 -999.0 -999.0 -999.0 -999.0 -999.0 -999.0 -999.0
-999.0 -999.0 -999.0 -999.0 -999.0 -999.0 -999.0 -999.0 -999.0 -999.0 1966.9 1953.8 -999.0 -999.0 -999.0 1872.1 1704.1 1714.4 1778.7 -999.0 -999.0 -999.0 -999.0 1942.9 -999.0 -999.0 -999.0 -999.0 -999.0 -999.0 1928.3 1865.7 1859.8 1750.9 1644.9 1639.7 1744.5 1745.9 1795.4 1765.8 1677.0 1359.6 1132.7 1365.4 1012.4 1110.1 1093.3 1360.9 1363.5 1251.2 1475.4 1647.3 1738.7 1877.4 1954.5 1868.3 1780.8 1842.2 -999.0 -999.0 -999.0 -999.0 -999.0 -999.0 -999.0 -999.0 -999.0 -999.0 -999.0 -999.0 -999.0
2027.6 2013.5 1964.7 -999.0 -999.0 -999.0 -999.0 -999.0 -999.0 -999.0 -999.0 1792.6 -999.0 -999.0 -999.0 -999.0 1869.6 1739.2 1819.9 -999.0 -999.0 -999.0 -999.0 -999.0 -999.0 -999.0 -999.0 -999.0 -999.0 1928.5 1856.1 1720.1 1630.2 1599.9 1490.7 1518.2 1617.8 1650.7 1748.2 1695.8 1693.8 1499.2 959.6 914.2 986.5 1085.4 1378.1 1519.0 1480.3 1600.9 1775.2 1600.1 1607.5 1873.3 1892.4 1814.8 1774.2 1848.1 1975.9 -999.0 -999.0 -999.0 -999.0 -999.0 -999.0 -999.0 -999.0 -999.0 -999.0 -999.0 -999.0
1723.2 1755.9 1848.6 1919.9 -999.0 -999.0 -999.0 -999.0 -999.0 -999.0 -999.0 1671.9 -999.0 -999.0 -999.0 -999.0 -999.0 -999.0 -999.0 -999.0 -999.0 -999.0 -999.0 -999.0 -999.0 -999.0 -999.0 -999.0 -999.0 1836.3 1782.4 1787.1 1755.1 1820.2 1249.2 1444.6 1567.0 1439.3 1688.5 1591.9 1868.1 1664.2 1107.1 828.2 1074.5 1265.3 985.6 963.4 1122.8 1330.6 1470.2 1842.2 1772.8 1799.1 1722.6 1802.8 1850.1 1852.1 1954.4 2065.3 -999.0 -999.0 -999.0 -999.0 -999.0 -999.0 -999.0 -999.0 -999.0 -999.0 -999.0
1793.5 1783.7 1776.5 1864.0 -999.0 -999.0 -999.0 -999.0 -999.0 -999.0 -999.0 -999.0 -999.0 -999.0 -999.0 -999.0 -999.0 -999.0 -999.0 -999.0 -999.0 -999.0 -999.0 -999.0 -999.0 -999.0 -999.0 -999.0 1977.3 1856.8 1712.9 1818.3 1493.5 1934.2 931.5 997.1 1619.1 1557.7 1652.3 1765.1 1710.1 1784.9 1541.5 888.0 979.0 1173.0 1276.3 1386.6 1258.0 1348.3 1490.3 1674.7 1780.6 1815.0 1851.9 1881.4 1845.7 1932.9 2077.4 2116.3 -999.0 -999.0 -999.0 -999.0 -999.0 -999.0 -999.0 -999.0 -999.0 -999.0 -999.0
1868.9 1867.7 1875.8 1846.2 -999.0 -999.0 -999.0 -999.0 -999.0 -999.0 -999.0 -999.0 -999.0 -999.0 -999.0 -999.0 -999.0 -999.0 -999.0 -999.0 -999.0 -999.0 -999.0 -999.0 -999.0 -999.0 -999.0 -999.0 1978.4 1701.5 1774.0 1595.5 1035.6 1564.4 1839.2 1381.0 1289.2 1482.3 1528.6 1636.4 1690.4 1760.4 1687.0 1526.3 929.2 1125.6 1218.4 1404.9 1457.6 1509.8 1714.8 1748.6 1765.2 1715.5 1880.0 1811.2 1899.0 1935.5 2065.9 2151.4 2148.8 2108.4 2086.3 -999.0 -999.0 -999.0 -999.0 -999.0 -999.0 -999.0 -999.0
1824.8 1939.8 -999.0 1867.2 1918.7 -999.0 -999.0 -999.0 -999.0 -999.0 -999.0 -999.0 -999.0 -999.0 -999.0 -999.0 -999.0 -999.0 -999.0 -999.0 -999.0 -999.0 -999.0 -999.0 -999.0 -999.0 -999.0 -999.0 1948.1 1735.7 1644.8 1328.0 1690.2 1584.5 1465.3 1198.3 1442.4 1559.7 1216.1 1659.2 1478.6 1684.6 1748.8 1754.5 1456.6 1246.2 1277.2 1378.7 1465.8 1682.9 1707.3 1788.3 1865.3 1924.3 1910.4 1924.6 1902.1 1981.0 2048.9 2095.3 1819.0 1953.9 1868.4 1855.9 1951.0 -999.0 -999.0 -999.0 -999.0 -999.0 -999.0
1821.4 1878.5 1919.1 1870.1 -999.0 -999.0 -999.0 -999.0 -999.0 -999.0 -999.0 -999.0 -999.0 -999.0 -999.0 -999.0 -999.0 -999.0 -999.0 -999.0 -999.0 -999.0 -999.0 -999.0 -999.0 -999.0 -999.0 -999.0 1949.0 1735.8 1537.1 1094.7 976.5 1243.7 1566.7 1487.7 1383.7 1172.1 1544.4 1206.3 1382.8 1549.2 1625.8 1666.7 1753.6 1645.5 1277.3 1343.1 1463.2 1576.1 1682.0 1770.9 1825.2 1892.5 1964.8 1944.1 1957.5 2026.9 2029.7 2011.7 1900.7 1622.1 1677.4 1712.7 1693.1 1783.7 2041.4 -999.0 -999.0 -999.0 -999.0
1905.5 1929.3 1901.9 1841.2 -999.0 -999.0 -999.0 -999.0 -999.0 -999.0 -999.0 -999.0 -999.0 -999.0 -999.0 -999.0 -999.0 -999.0 -999.0 -999.0 -999.0 -999.0 -999.0 -999.0 -999.0 -999.0 -999.0 -999.0 1987.8 1904.0 1539.1 1310.6 1674.7 769.3 978.5 1566.2 1362.8 1537.1 1177.4 1116.6 1402.3 1577.1 1558.1 1518.0 1679.5 1058.0 1170.2 1209.5 1199.8 1228.3 1357.5 1718.5 1679.7 1871.8 1947.0 1957.1 1974.3 2012.2 2055.6 2073.0 1972.4 1709.0 1816.2 1866.5 1806.4 1746.5 2015.8 1833.6 -999.0 -999.0 -999.0
1956.5 1942.8 1818.4 1898.1 -999.0 -999.0 -999.0 -999.0 -999.0 -999.0 -999.0 -999.0 -999.0 -999.0 -999.0 -999.0 2100.8 2090.7 2114.3 -999.0 -999.0 -999.0 -999.0 -999.0 -999.0 -999.0 -999.0 -999.0 -999.0 2030.3 1921.6 1791.1 1553.9 1462.7 1193.0 1769.2 2004.4 1458.9 1462.3 1488.5 1546.1 1401.8 1398.9 1503.4 1455.6 1233.0 1239.9 1008.0 1119.6 1337.8 1465.3 1489.1 1693.9 1866.5 1933.0 1967.4 1946.2 2007.0 2044.8 1614.1 1695.7 1391.1 1376.6 1498.7 1593.8 1853.2 1644.4 1755.1 2012.8 -999.0 -999.0
2016.4 1912.3 1929.3 -999.0 -999.0 -999.0 -999.0 -999.0 -999.0 -999.0 -999.0 -999.0 -999.0 -999.0 -999.0 -999.0 2092.3 2099.9 -999.0 -999.0 -999.0 -999.0 -999.0 -999.0 -999.0 -999.0 -999.0 -999.0 -999.0 -999.0 1965.3 1999.1 1571.6 1603.0 977.9 1674.6 1637.8 1693.3 1829.7 1810.2 1714.7 1711.3 1016.2 1496.3 1403.3 1032.0 1255.0 1546.8 1653.1 1303.6 1695.2 1514.3 1756.0 1910.6 1983.3 1976.4 1959.2 1896.4 1681.1 1582.1 1653.0 1671.8 1737.5 1652.9 1558.6 1617.2 1613.2 1800.3 1769.2 -999.0 -999.0
1894.1 1874.7 -999.0 -999.0 -999.0 -999.0 -999.0 -999.0 -999.0 -999.0 -999.0 -999.0 -999.0 -999.0 -999.0 2032.4 1689.1 1798.7 2072.2 -999.0 -999.0 -999.0 -999.0 -999.0 -999.0 -999.0 -999.0 -999.0 -999.0 -999.0 1962.8 1696.1 1577.1 1561.9 1758.7 1658.4 1840.1 1847.2 1872.3 1888.2 1667.7 1745.9 1790.4 1048.0 1370.9 1432.1 1180.9 1399.8 1214.5 1494.1 1497.1 1707.0 1821.2 1916.9 1939.9 1995.7 1971.4 1819.3 1706.9 1780.4 1710.7 1642.4 1693.0 1646.8 1675.5 1672.9 1678.2 1911.4 1777.1 2025.7 -999.0
-999.0 -999.0 -999.0 -999.0 -999.0 -999.0 -999.0 -999.0 -999.0 -999.0 -999.0 -999.0 -999.0 -999.0 2082.5 1591.9 1466.3 1294.1 2074.1 -999.0 -999.0 -999.0 -999.0 -999.0 -999.0 -999.0 -999.0 -999.0 -999.0 -999.0 1971.1 1470.9 1635.3 2032.4 1841.2 1921.6 1844.3 1993.3 1991.9 1848.6 1689.6 1890.0 1246.8 1445.6 1181.8 1416.0 1072.9 1620.8 1510.8 1719.9 1561.3 1763.9 1799.1 1845.9 1987.4 1997.4 1980.4 1908.7 1648.0 1639.3 1713.2 1847.2 1821.7 1833.5 1822.8 1807.8 1680.3 1711.3 1852.8 1881.7 -999.0
-999.0 -999.0 -999.0 -999.0 -999.0 -999.0 -999.0 -999.0 -999.0 -999.0 -999.0 -999.0 -999.0 2065.3 1996.1 1280.8 1662.3 1847.2 -999.0 -999.0 -999.0 -999.0 -999.0 -999.0 -999.0 -999.0 -999.0 -999.0 -999.0 -999.0 -999.0 1969.7 2034.2 2082.0 1818.2 2037.4 1836.6 2016.9 2007.4 1947.9 1780.8 1903.8 1305.7 1266.4 1131.8 1167.9 1109.9 1189.4 1212.2 1350.5 1487.4 1538.8 1644.7 1895.6 1967.8 1968.4 1912.7 1890.9 1873.2 1549.3 1719.8 1986.6 2014.7 1965.7 1996.0 1991.6 1992.1 1978.7 2048.6 2041.2 1969.1
-999.0 -999.0 -999.0 -999.0 -999.0 -999.0 -999.0 -999.0 -999.0 -999.0 -999.0 -999.0 -999.0 1788.4 1548.8 1952.7 2037.3 2102.6 -999.0 -999.0 -999.0 -999.0 -999.0 -999.0 -999.0 -999.0 -999.0 -999.0 -999.0 -999.0 -999.0 -999.0 2071.9 1966.2 2024.9 2060.9 1937.2 2022.6 2011.2 1968.6 1779.6 1914.1 1337.4 1390.1 1431.3 1216.9 1300.7 1395.2 1100.8 1136.1 1477.6 1416.4 1595.1 1695.8 1906.9 1942.3 1907.9 1912.2 1934.4 1934.0 1963.7 2050.6 2027.1 1988.0 1961.1 1984.7 2009.6 2018.5 2028.0 1763.1 1771.1
-999.0 -999.0 -999.0 -999.0 -999.0 -999.0 -999.0 -999.0 -999.0 -999.0 -999.0 -999.0 -999.0 1786.6 1900.7 1892.3 2109.3 -999.0 -999.0 -999.0 -999.0 -999.0 -999.0 -999.0 -999.0 -999.0 -999.0 -999.0 -999.0 -999.0 -999.0 -999.0 2058.6 1957.5 1994.2 -999.0 2035.5 -999.0 2084.2 2048.5 1970.1 1982.8 1900.5 1374.8 1437.8 1431.0 1159.5 1706.7 1632.6 1184.3 1351.8 1474.1 1572.3 1738.7 1882.1 1940.8 1945.0 1983.4 1988.6 2004.8 1963.0 1878.4 1977.8 1889.0 1941.6 2006.6 1936.1 1834.2 1892.0 1949.0 1940.8
-999.0 -999.0 -999.0 -999.0 -999.0 -999.0 -999.0 -999.0 -999.0 -999.0 -999.0 -999.0 2027.7 2076.4 2085.4 -999.0 -999.0 -999.0 -999.0 -999.0 -999.0 -999.0 -999.0 -999.0 -999.0 -999.0 -999.0 -999.0 -999.0 -999.0 -999.0 -999.0 2053.8 2054.7 2084.2 -999.0 -999.0 -999.0 2117.0 1879.6 2050.1 1913.1 1764.6 1827.9 1800.4 1687.3 1379.6 1365.0 1753.0 1382.6 1280.4 1546.7 1503.7 1659.7 1793.3 1991.2 1987.8 2023.7 2049.3 2047.8 2025.2 1995.9 1989.5 1927.5 2010.6 1947.7 1856.3 1800.9 1795.1 1817.0 1884.1
-999.0 -999.0 -999.0 -999.0 -999.0 -999.0 -999.0 -999.0 -999.0 -999.0 -999.0 -999.0 -999.0 -999.0 -999.0 -999.0 -999.0 -999.0 -999.0 -999.0 -999.0 -999.0 -999.0 -999.0 -999.0 -999.0 -999.0 -999.0 -999.0 -999.0 -999.0 -999.0 -999.0 -999.0 -999.0 -999.0 -999.0 2125.1 2096.6 1932.1 1678.0 1582.0 1567.9 1562.7 1691.0 1691.0 1467.7 1490.3 1615.4 1786.9 1534.8 1446.6 1623.2 1730.0 1829.2 1922.9 1989.7 2005.9 2077.2 2090.7 2087.1 2084.3 2058.9 2060.6 1950.1 1693.7 1851.0 1816.9 1921.2 1922.7 2000.6
-999.0 -999.0 -999.0 -999.0 -999.0 -999.0 -999.0 -999.0 -999.0 -999.0 -999.0 -999.0 -999.0 -999.0 -999.0 -999.0 -999.0 -999.0 -999.0 -999.0 -999.0 -999.0 -999.0 -999.0 -999.0 -999.0 -999.0 -999.0 -999.0 -999.0 -999.0 -999.0 -999.0 -999.0 -999.0 -999.0 -999.0 2069.5 1996.2 1734.9 1448.0 1258.8 1411.9 1718.4 1619.9 1868.3 1760.5 1802.6 1658.8 1593.9 1563.2 1575.0 1641.5 1767.0 1824.3 1878.2 2000.8 2018.8 2087.4 2113.1 2137.1 2127.5 2090.6 2071.8 2003.0 1651.4 1743.1 1933.1 1993.9 2026.4 2034.2
-999.0 -999.0 -999.0 -999.0 -999.0 -999.0 -999.0 -999.0 -999.0 -999.0 -999.0 -999.0 -999.0 -999.0 -999.0 -999.0 -999.0 -999.0 -999.0 -999.0 -999.0 -999.0 -999.0 -999.0 -999.0 -999.0 -999.0 -999.0 -999.0 -999.0 -999.0 -999.0 -999.0 -999.0 -999.0 -999.0 -999.0 2055.7 2036.2 1904.7 1622.2 1520.6 1593.6 1720.5 1754.9 1815.2 1725.2 1809.0 1846.4 1800.9 1980.8 1605.4 1774.9 1701.4 1829.9 1876.4 2030.4 2071.9 2084.6 2119.6 2171.4 2131.2 2120.6 2080.5 2060.5 1875.1 1819.0 1923.5 2007.4 2030.3 2057.4
