GDD/GrowingDegreeDays_2000_Actual.txt
ncols         180
nrows         290
xllcorner     -200000
yllcorner     -200000
cellsize      5000
NODATA_value    -999
[rows 128 to 159 of 290, columns 71 to 141 of 180]
-999.0 1262.7 1673.9 1696.5 -999.0 -999.0 -999.0 -999.0 -999.0 -999.0 -999.0 -999.0 -999.0 1543.9 1416.9 1635.1 1379.3 1166.7 1262.5 1004.6 816.1 935.1 811.8 981.3 1158.4 1266.6 1227.1 979.8 1036.9 1093.2 1333.1 1081.1 736.6 992.1 845.5 1078.5 1102.3 1325.7 1300.5 1168.0 1234.2 1221.9 1114.1 940.3 821.0 885.4 1053.1 1172.7 1202.4 1326.5 1178.3 1166.7 1325.1 1443.8 -999.0 -999.0 -999.0 -999.0 -999.0 -999.0 -999.0 -999.0 -999.0 -999.0 -999.0 -999.0 -999.0 -999.0 -999.0 -999.0 -999.0
-999.0 -999.0 -999.0 -999.0 -999.0 -999.0 -999.0 -999.0 -999.0 -999.0 -999.0 -999.0 -999.0 1571.3 1683.5 1270.4 1355.3 1131.6 1249.5 946.9 929.1 738.9 822.2 865.4 1009.1 1075.1 1294.1 682.0 755.0 1107.7 1376.9 1063.3 832.9 1062.7 1031.7 898.8 1173.0 1014.0 946.1 1107.3 952.5 945.3 739.0 1098.3 1101.7 1041.4 1026.8 1033.5 1251.9 1432.6 1337.4 1371.1 1436.0 1506.5 1536.9 -999.0 -999.0 -999.0 -999.0 -999.0 -999.0 -999.0 -999.0 -999.0 -999.0 -999.0 -999.0 -999.0 -999.0 -999.0 -999.0
-999.0 -999.0 -999.0 -999.0 -999.0 -999.0 -999.0 -999.0 -999.0 -999.0 -999.0 -999.0 1733.6 1317.8 1201.0 1217.3 1117.6 1107.9 1186.1 1242.5 884.8 902.9 818.5 894.1 930.4 1190.3 1447.8 1136.5 1030.0 1068.5 1317.9 1322.1 1110.0 1082.5 1090.6 1044.3 811.3 1148.2 1192.0 1151.4 1169.8 741.4 945.8 819.7 927.8 1172.6 1112.7 1074.5 1059.1 1041.5 1372.1 1469.6 1494.1 1503.0 1562.5 -999.0 -999.0 -999.0 -999.0 -999.0 -999.0 -999.0 -999.0 -999.0 -999.0 -999.0 -999.0 -999.0 -999.0 -999.0 -999.0
-999.0 -999.0 -999.0 -999.0 -999.0 -999.0 -999.0 -999.0 -999.0 -999.0 -999.0 -999.0 1407.1 1304.6 1279.7 901.2 961.9 1134.3 1176.4 890.0 1214.5 1102.7 931.9 1064.3 1055.9 1341.8 1496.8 1294.1 1207.8 1009.2 1390.5 1347.9 1308.9 1207.7 1317.9 947.8 1311.7 985.0 1115.6 1304.0 766.3 1184.6 1061.3 989.3 1080.7 1003.3 1222.3 1220.6 1021.0 1085.3 1296.6 1309.5 1384.4 1481.5 1528.5 -999.0 -999.0 -999.0 -999.0 -999.0 -999.0 -999.0 -999.0 -999.0 -999.0 -999.0 -999.0 -999.0 -999.0 -999.0 -999.0
-999.0 -999.0 -999.0 -999.0 -999.0 -999.0 -999.0 -999.0 -999.0 -999.0 -999.0 1393.1 1429.2 1386.8 1070.3 1149.6 1120.8 631.2 969.2 989.3 1233.4 1115.9 1084.2 1198.5 1060.1 1122.0 1320.8 1201.8 1263.5 1453.0 1513.7 1410.2 1213.2 1209.3 994.1 1188.2 1358.3 990.2 1247.5 1195.4 802.4 1133.0 1246.5 1315.6 1160.5 1039.3 1104.2 1079.3 1068.4 1220.1 1291.4 1369.7 1468.3 1487.9 1525.3 -999.0 -999.0 -999.0 -999.0 -999.0 -999.0 -999.0 -999.0 -999.0 -999.0 -999.0 -999.0 -999.0 -999.0 -999.0 -999.0
-999.0 -999.0 -999.0 -999.0 -999.0 -999.0 -999.0 -999.0 -999.0 -999.0 1611.0 1384.7 1216.0 1395.1 1258.4 1153.5 1231.1 1017.7 1138.1 704.4 1313.6 1371.2 1241.0 1173.8 1152.6 1138.2 1320.8 1470.6 1569.6 1317.5 1516.5 1525.1 1312.1 1264.0 1283.0 1297.4 1432.0 1224.0 1408.4 1226.4 879.4 983.6 988.6 1093.5 1150.3 1234.7 1268.1 1084.2 1165.0 1232.4 1279.5 1359.1 1412.1 1528.4 1559.2 1588.7 -999.0 -999.0 -999.0 -999.0 -999.0 -999.0 -999.0 -999.0 -999.0 -999.0 -999.0 -999.0 -999.0 -999.0 -999.0
-999.0 -999.0 -999.0 -999.0 -999.0 -999.0 -999.0 -999.0 -999.0 -999.0 1289.7 935.3 1164.7 1218.9 1250.9 1279.5 1412.4 715.0 958.2 1147.1 1185.8 1422.8 1382.7 1257.1 1303.4 980.5 1416.0 1555.8 1582.8 1590.0 1301.2 1532.8 1306.3 1370.7 1335.1 1404.7 1413.7 1424.8 1233.5 1343.4 1121.9 1065.3 1129.3 1054.9 1202.0 1314.7 1354.4 1223.7 1281.4 1182.9 1282.6 1421.3 1546.2 1502.0 1528.5 1576.3 -999.0 -999.0 -999.0 -999.0 -999.0 -999.0 -999.0 -999.0 -999.0 -999.0 -999.0 -999.0 -999.0 -999.0 -999.0
-999.0 -999.0 -999.0 -999.0 -999.0 -999.0 -999.0 -999.0 1577.8 1488.8 1175.8 1185.3 1207.2 1144.4 1281.8 1282.7 1456.4 1020.2 1115.1 1107.2 1239.1 1284.4 1486.2 1276.0 1246.6 1348.4 1382.3 1418.8 1683.8 1641.1 1477.7 1503.9 1508.4 1474.2 1449.4 1523.3 1544.3 1418.0 1424.5 1407.0 1084.3 1175.0 1195.8 1181.3 1087.5 1248.7 1319.3 1486.2 1378.6 1324.4 1373.2 1443.2 1549.1 1543.2 1536.7 1547.8 -999.0 -999.0 -999.0 -999.0 -999.0 -999.0 -999.0 -999.0 -999.0 -999.0 -999.0 -999.0 -999.0 -999.0 -999.0
-999.0 -999.0 -999.0 -999.0 -999.0 -999.0 -999.0 -999.0 1486.3 1448.9 1527.2 1226.2 1276.9 1177.7 1351.7 1458.4 1512.3 1461.6 1323.8 952.0 1215.5 1313.4 1497.9 1516.1 1460.7 1483.8 1496.6 1443.3 1607.3 1512.0 1623.9 1595.6 1600.6 1580.3 1600.6 1622.3 1656.3 1605.4 1459.4 1435.9 1455.3 1330.3 1273.6 1272.6 1286.5 1334.8 1608.4 1465.1 1220.2 1307.1 1450.4 1462.6 1524.8 1525.6 1610.3 1606.7 1677.3 -999.0 -999.0 -999.0 -999.0 -999.0 -999.0 -999.0 -999.0 -999.0 -999.0 -999.0 -999.0 -999.0 -999.0
-999.0 -999.0 -999.0 -999.0 -999.0 -999.0 -999.0 -999.0 1495.2 1460.3 1640.2 1337.5 1471.1 1365.8 1445.2 1519.0 1505.0 1583.5 1230.5 1228.8 1310.4 1187.1 1459.8 1527.4 1472.8 1555.4 1415.7 1120.1 1496.2 -999.0 -999.0 -999.0 1636.3 1600.8 -999.0 1688.6 1720.7 1659.3 1610.4 1558.6 1392.7 1222.0 1331.7 1343.2 1269.7 1386.5 1299.1 1302.1 1474.2 1569.2 1587.0 1575.3 1517.5 1746.2 1729.1 1693.3 1657.5 -999.0 -999.0 -999.0 -999.0 -999.0 -999.0 -999.0 -999.0 -999.0 -999.0 -999.0 -999.0 -999.0 -999.0
1724.6 -999.0 -999.0 -999.0 -999.0 -999.0 -999.0 -999.0 1694.0 1368.7 1584.0 1594.6 1515.0 1433.1 1439.8 1486.5 1577.8 1600.5 1555.0 1087.8 1318.0 1254.1 1487.4 1521.5 1338.6 1606.6 1543.1 1522.9 1558.2 -999.0 -999.0 -999.0 1643.0 1627.3 1605.0 1651.3 1733.1 1696.5 1656.6 1417.0 1144.0 1043.9 1237.8 1005.2 1270.6 1336.6 1128.3 1362.1 1309.9 1313.2 1369.4 1606.1 1512.6 1402.0 1595.3 1630.9 1678.2 -999.0 -999.0 -999.0 -999.0 -999.0 -999.0 -999.0 -999.0 -999.0 -999.0 -999.0 -999.0 -999.0 -999.0
1514.8 1562.3 -999.0 -999.0 -999.0 -999.0 -999.0 -999.0 -999.0 1544.0 1439.5 1611.7 -999.0 1500.9 1451.1 1494.9 1529.7 1623.0 -999.0 1542.6 1626.1 1465.2 1601.9 1498.1 1457.4 1629.4 1626.2 -999.0 -999.0 -999.0 -999.0 1630.2 1646.2 1641.0 1648.5 1610.3 1607.5 1641.6 1553.8 1431.3 1084.7 738.3 1241.5 876.9 1166.3 1051.0 987.1 1230.1 1130.6 1291.5 1451.3 1339.2 1349.0 1470.5 1660.3 1590.0 1538.9 1716.2 -999.0 -999.0 -999.0 -999.0 -999.0 -999.0 -999.0 -999.0 -999.0 -999.0 -999.0 -999.0 -999.0
1387.2 -999.0 -999.0 -999.0 -999.0 -999.0 -999.0 -999.0 -999.0 -999.0 1532.8 -999.0 -999.0 -999.0 1610.4 1485.8 1518.4 1559.2 1603.6 -999.0 -999.0 1561.8 1698.9 1455.1 1383.8 -999.0 -999.0 -999.0 -999.0 -999.0 1659.9 1576.0 1631.7 1617.3 1624.0 1546.8 1585.2 1491.2 1390.8 1476.6 1254.1 950.3 768.4 978.0 844.8 819.9 837.9 1083.8 1062.2 1047.6 1165.0 1372.3 1413.4 1403.3 1646.7 1590.9 1488.1 1545.6 -999.0 -999.0 -999.0 -999.0 -999.0 -999.0 -999.0 -999.0 -999.0 -999.0 -999.0 -999.0 -999.0
-999.0 -999.0 -999.0 -999.0 -999.0 -999.0 -999.0 -999.0 -999.0 -999.0 1618.5 1610.6 -999.0 -999.0 -999.0 1623.1 1452.3 1465.0 1532.8 -999.0 -999.0 -999.0 -999.0 1663.5 -999.0 -999.0 -999.0 -999.0 -999.0 -999.0 1700.8 1631.7 1614.5 1488.4 1376.4 1366.5 1468.9 1462.3 1501.8 1454.7 1353.9 1039.8 811.2 1048.0 689.0 778.8 754.3 1021.2 1018.4 904.8 1134.0 1310.8 1411.7 1566.4 1656.3 1560.1 1467.6 1531.9 -999.0 -999.0 -999.0 -999.0 -999.0 -999.0 -999.0 -999.0 -999.0 -999.0 -999.0 -999.0 -999.0
1807.1 1797.5 1761.0 -999.0 -999.0 -999.0 -999.0 -999.0 -999.0 -999.0 -999.0 1471.8 -999.0 -999.0 -999.0 -999.0 1624.5 1488.7 1576.0 -999.0 -999.0 -999.0 -999.0 -999.0 -999.0 -999.0 -999.0 -999.0 -999.0 1712.1 1633.7 1484.5 1379.8 1339.7 1226.7 1249.8 1347.3 1374.7 1469.2 1384.7 1348.3 1170.8 639.1 596.3 665.3 760.9 1052.6 1188.1 1144.5 1258.6 1431.1 1255.6 1271.8 1556.7 1585.7 1500.8 1459.8 1540.3 1682.1 -999.0 -999.0 -999.0 -999.0 -999.0 -999.0 -999.0 -999.0 -999.0 -999.0 -999.0 -999.0
1506.0 1560.2 1662.0 1728.2 -999.0 -999.0 -999.0 -999.0 -999.0 -999.0 -999.0 1381.0 -999.0 -999.0 -999.0 -999.0 -999.0 -999.0 -999.0 -999.0 -999.0 -999.0 -999.0 -999.0 -999.0 -999.0 -999.0 -999.0 -999.0 1621.8 1569.3 1562.9 1513.3 1579.1 986.2 1182.4 1303.4 1170.7 1438.5 1306.8 1515.6 1337.3 787.0 516.4 757.9 954.6 668.0 631.4 780.7 980.2 1104.6 1480.5 1426.2 1466.8 1397.1 1483.1 1537.6 1545.2 1663.3 1788.2 -999.0 -999.0 -999.0 -999.0 -999.0 -999.0 -999.0 -999.0 -999.0 -999.0 -999.0
1604.4 1633.9 1612.8 1682.3 -999.0 -999.0 -999.0 -999.0 -999.0 -999.0 -999.0 -999.0 -999.0 -999.0 -999.0 -999.0 -999.0 -999.0 -999.0 -999.0 -999.0 -999.0 -999.0 -999.0 -999.0 -999.0 -999.0 -999.0 1765.0 1648.8 1500.5 1596.5 1247.4 1716.5 661.0 723.1 1364.1 1292.4 1395.7 1494.4 1403.5 1480.0 1238.3 584.0 669.4 860.5 964.8 1062.7 918.9 981.5 1085.9 1282.2 1423.0 1475.0 1525.0 1563.9 1536.1 1636.9 1804.3 1849.0 -999.0 -999.0 -999.0 -999.0 -999.0 -999.0 -999.0 -999.0 -999.0 -999.0 -999.0
1696.9 1715.7 1718.4 1669.8 -999.0 -999.0 -999.0 -999.0 -999.0 -999.0 -999.0 -999.0 -999.0 -999.0 -999.0 -999.0 -999.0 -999.0 -999.0 -999.0 -999.0 -999.0 -999.0 -999.0 -999.0 -999.0 -999.0 -999.0 1748.7 1487.2 1570.3 1363.1 769.4 1323.3 1620.7 1126.4 1021.7 1213.9 1261.5 1366.0 1415.7 1484.2 1422.2 1291.9 644.9 821.4 907.9 1085.8 1122.4 1144.7 1312.2 1361.6 1408.4 1373.7 1553.1 1493.0 1597.0 1649.4 1805.3 1899.1 1882.4 1821.9 1788.3 -999.0 -999.0 -999.0 -999.0 -999.0 -999.0 -999.0 -999.0
1643.7 1772.8 -999.0 1700.1 1740.8 -999.0 -999.0 -999.0 -999.0 -999.0 -999.0 -999.0 -999.0 -999.0 -999.0 -999.0 -999.0 -999.0 -999.0 -999.0 -999.0 -999.0 -999.0 -999.0 -999.0 -999.0 -999.0 -999.0 1678.5 1518.6 1435.3 1088.3 1443.8 1332.6 1208.5 931.0 1175.7 1297.0 954.6 1423.5 1241.4 1431.1 1505.0 1550.5 1206.7 953.9 970.0 1062.1 1137.4 1338.3 1350.5 1434.4 1521.7 1591.8 1588.5 1614.0 1600.6 1697.9 1785.1 1830.2 1515.0 1644.1 1545.7 1535.3 1633.0 -999.0 -999.0 -999.0 -999.0 -999.0 -999.0
1629.9 1702.8 1782.7 1738.1 -999.0 -999.0 -999.0 -999.0 -999.0 -999.0 -999.0 -999.0 -999.0 -999.0 -999.0 -999.0 -999.0 -999.0 -999.0 -999.0 -999.0 -999.0 -999.0 -999.0 -999.0 -999.0 -999.0 -999.0 1671.5 1484.6 1294.2 834.2 705.8 977.8 1303.9 1218.6 1112.4 900.9 1299.1 990.8 1183.0 1308.1 1371.0 1412.7 1492.4 1359.1 972.1 1029.4 1142.8 1247.1 1349.5 1441.0 1496.3 1566.1 1648.4 1633.9 1655.1 1732.7 1731.6 1707.9 1587.0 1295.3 1347.3 1381.8 1358.3 1445.9 1719.8 -999.0 -999.0 -999.0 -999.0
1710.2 1754.7 1795.6 1746.3 -999.0 -999.0 -999.0 -999.0 -999.0 -999.0 -999.0 -999.0 -999.0 -999.0 -999.0 -999.0 -999.0 -999.0 -999.0 -999.0 -999.0 -999.0 -999.0 -999.0 -999.0 -999.0 -999.0 -999.0 1734.3 1651.7 1278.0 1050.1 1413.3 498.6 696.5 1288.8 1084.4 1262.8 918.3 878.6 1177.7 1331.6 1293.9 1244.1 1403.1 753.6 862.2 896.8 881.4 906.6 1036.9 1396.8 1357.0 1550.0 1631.4 1644.7 1664.5 1702.3 1742.4 1760.4 1652.9 1379.7 1488.2 1537.4 1469.8 1403.3 1686.5 1494.7 -999.0 -999.0 -999.0
1747.0 1742.2 1645.7 1749.2 -999.0 -999.0 -999.0 -999.0 -999.0 -999.0 -999.0 -999.0 -999.0 -999.0 -999.0 -999.0 1885.2 1885.0 1914.5 -999.0 -999.0 -999.0 -999.0 -999.0 -999.0 -999.0 -999.0 -999.0 -999.0 1793.3 1672.0 1530.9 1283.2 1184.6 905.5 1480.7 1729.4 1172.7 1191.1 1229.3 1292.6 1138.6 1126.5 1223.8 1170.3 936.5 938.5 696.1 805.8 1025.0 1149.7 1170.9 1373.9 1546.8 1616.6 1654.4 1631.9 1693.0 1731.3 1279.7 1363.8 1052.0 1036.0 1155.6 1242.5 1499.7 1280.0 1403.1 1683.0 -999.0 -999.0
1770.8 1652.1 1712.7 -999.0 -999.0 -999.0 -999.0 -999.0 -999.0 -999.0 -999.0 -999.0 -999.0 -999.0 -999.0 -999.0 1862.9 1881.1 -999.0 -999.0 -999.0 -999.0 -999.0 -999.0 -999.0 -999.0 -999.0 -999.0 -999.0 -999.0 1724.3 1752.7 1296.4 1324.1 678.2 1360.5 1329.2 1405.9 1559.7 1546.0 1450.0 1443.9 729.0 1215.0 1115.8 731.3 960.1 1256.9 1359.8 994.9 1387.1 1199.5 1439.9 1594.6 1666.7 1659.0 1644.8 1577.3 1351.0 1246.8 1321.8 1340.6 1404.8 1310.3 1200.2 1239.7 1229.2 1442.6 1426.0 -999.0 -999.0
1643.3 1599.8 -999.0 -999.0 -999.0 -999.0 -999.0 -999.0 -999.0 -999.0 -999.0 -999.0 -999.0 -999.0 -999.0 1773.5 1409.6 1529.1 1829.1 -999.0 -999.0 -999.0 -999.0 -999.0 -999.0 -999.0 -999.0 -999.0 -999.0 -999.0 1724.0 1431.9 1303.6 1280.8 1467.8 1334.9 1535.7 1568.1 1609.4 1628.4 1398.2 1476.4 1520.4 756.1 1083.4 1145.2 890.7 1122.7 921.0 1193.5 1189.3 1398.2 1508.3 1600.4 1613.2 1667.9 1656.1 1501.3 1385.1 1457.9 1385.1 1312.6 1359.5 1304.9 1322.9 1305.3 1305.9 1562.8 1439.2 1707.1 -999.0
-999.0 -999.0 -999.0 -999.0 -999.0 -999.0 -999.0 -999.0 -999.0 -999.0 -999.0 -999.0 -999.0 -999.0 1819.8 1283.7 1152.7 984.5 1802.1 -999.0 -999.0 -999.0 -999.0 -999.0 -999.0 -999.0 -999.0 -999.0 -999.0 -999.0 1738.3 1205.5 1371.7 1786.7 1566.4 1638.2 1560.7 1733.8 1745.4 1590.2 1419.9 1635.2 974.8 1163.7 891.0 1129.5 781.5 1354.7 1229.9 1427.1 1257.2 1458.5 1490.3 1531.1 1661.8 1667.5 1672.6 1606.5 1334.0 1318.3 1389.8 1522.8 1492.9 1500.6 1484.3 1464.4 1327.7 1365.8 1519.5 1554.8 -999.0
-999.0 -999.0 -999.0 -999.0 -999.0 -999.0 -999.0 -999.0 -999.0 -999.0 -999.0 -999.0 -999.0 1813.4 1715.5 957.5 1307.3 1502.6 -999.0 -999.0 -999.0 -999.0 -999.0 -999.0 -999.0 -999.0 -999.0 -999.0 -999.0 -999.0 -999.0 1748.8 1815.3 1853.2 1553.7 1782.5 1568.4 1763.9 1767.1 1699.1 1521.0 1671.2 1045.7 986.0 837.6 869.8 811.1 894.7 913.3 1049.0 1183.0 1234.1 1340.9 1592.5 1661.8 1665.8 1624.3 1601.1 1573.6 1227.1 1395.1 1669.5 1695.0 1641.1 1670.3 1664.0 1662.5 1647.8 1725.5 1722.2 1658.0
-999.0 -999.0 -999.0 -999.0 -999.0 -999.0 -999.0 -999.0 -999.0 -999.0 -999.0 -999.0 -999.0 1524.3 1264.1 1629.7 1677.4 1760.0 -999.0 -999.0 -999.0 -999.0 -999.0 -999.0 -999.0 -999.0 -999.0 -999.0 -999.0 -999.0 -999.0 -999.0 1886.3 1749.1 1790.2 1820.9 1682.4 1770.6 1758.3 1714.4 1521.9 1687.5 1078.4 1107.5 1138.9 913.1 996.1 1092.8 790.2 825.6 1175.4 1114.2 1297.9 1397.7 1615.8 1658.4 1626.1 1628.7 1643.1 1628.0 1649.7 1737.7 1710.2 1668.3 1638.8 1662.2 1686.8 1698.0 1710.1 1442.2 1466.7
-999.0 -999.0 -999.0 -999.0 -999.0 -999.0 -999.0 -999.0 -999.0 -999.0 -999.0 -999.0 -999.0 1540.0 1667.6 1614.3 1788.8 -999.0 -999.0 -999.0 -999.0 -999.0 -999.0 -999.0 -999.0 -999.0 -999.0 -999.0 -999.0 -999.0 -999.0 -999.0 1906.3 1769.1 1770.1 -999.0 1788.5 -999.0 1824.6 1788.8 1711.5 1730.7 1635.6 1084.6 1137.8 1120.9 834.8 1391.7 1323.3 872.6 1050.2 1182.3 1284.8 1452.1 1601.2 1668.1 1683.1 1711.1 1700.0 1705.0 1651.4 1556.0 1659.0 1565.3 1619.8 1686.2 1610.8 1507.7 1572.7 1642.2 1652.6
-999.0 -999.0 -999.0 -999.0 -999.0 -999.0 -999.0 -999.0 -999.0 -999.0 -999.0 -999.0 1795.6 1859.7 1879.6 -999.0 -999.0 -999.0 -999.0 -999.0 -999.0 -999.0 -999.0 -999.0 -999.0 -999.0 -999.0 -999.0 -999.0 -999.0 -999.0 -999.0 1896.7 1875.8 1871.9 -999.0 -999.0 -999.0 1848.5 1593.9 1782.3 1636.7 1480.1 1537.7 1500.7 1374.6 1043.6 1031.3 1443.9 1075.1 979.5 1272.7 1234.4 1377.9 1510.7 1726.4 1725.6 1748.7 1757.0 1747.3 1718.1 1681.2 1673.2 1604.8 1691.6 1623.3 1528.7 1473.7 1474.8 1510.4 1597.7
-999.0 -999.0 -999.0 -999.0 -999.0 -999.0 -999.0 -999.0 -999.0 -999.0 -999.0 -999.0 -999.0 -999.0 -999.0 -999.0 -999.0 -999.0 -999.0 -999.0 -999.0 -999.0 -999.0 -999.0 -999.0 -999.0 -999.0 -999.0 -999.0 -999.0 -999.0 -999.0 -999.0 -999.0 -999.0 -999.0 -999.0 1861.3 1818.8 1636.9 1379.2 1285.0 1270.4 1261.9 1389.6 1385.9 1152.5 1178.3 1309.9 1489.8 1239.6 1173.6 1362.7 1447.4 1547.0 1649.7 1712.6 1712.9 1773.4 1787.9 1781.2 1774.2 1744.9 1744.9 1626.4 1362.5 1523.7 1492.7 1608.2 1621.5 1720.9
-999.0 -999.0 -999.0 -999.0 -999.0 -999.0 -999.0 -999.0 -999.0 -999.0 -999.0 -999.0 -999.0 -999.0 -999.0 -999.0 -999.0 -999.0 -999.0 -999.0 -999.0 -999.0 -999.0 -999.0 -999.0 -999.0 -999.0 -999.0 -999.0 -999.0 -999.0 -999.0 -999.0 -999.0 -999.0 -999.0 -999.0 1798.0 1695.6 1420.8 1146.2 957.0 1111.2 1417.2 1318.1 1581.9 1488.1 1538.8 1370.7 1292.7 1261.8 1280.8 1349.2 1472.1 1534.7 1595.2 1712.1 1718.8 1786.4 1811.2 1832.5 1818.2 1775.9 1756.6 1683.4 1321.1 1418.2 1617.8 1692.5 1736.8 1756.7
-999.0 -999.0 -999.0 -999.0 -999.0 -999.0 -999.0 -999.0 -999.0 -999.0 -999.0 -999.0 -999.0 -999.0 -999.0 -999.0 -999.0 -999.0 -999.0 -999.0 -999.0 -999.0 -999.0 -999.0 -999.0 -999.0 -999.0 -999.0 -999.0 -999.0 -999.0 -999.0 -999.0 -999.0 -999.0 -999.0 -999.0 1791.6 1754.7 1609.7 1321.5 1215.6 1284.0 1411.8 1452.0 1528.4 1460.3 1559.4 1572.7 1506.6 1684.9 1294.0 1466.4 1389.4 1523.8 1574.0 1730.3 1770.5 1781.3 1823.0 1873.0 1822.5 1804.2 1762.9 1745.8 1552.5 1500.7 1616.7 1716.3 1749.6 1781.9
