GDD/GrowingDegreeDays_1994_Actual.txt
ncols         180
nrows         290
xllcorner     -200000
yllcorner     -200000
cellsize      5000
NODATA_value    -999
[rows 64 to 95 of 290, columns 71 to 141 of 180]
-999.0 -999.0 -999.0 -999.0 -999.0 -999.0 -999.0 -999.0 -999.0 1352.0 1139.3 1171.6 1136.3 828.1 854.1 648.7 837.3 917.1 851.1 890.6 387.2 887.7 536.6 848.8 811.0 1001.5 1052.3 936.8 750.4 794.9 588.3 938.3 -999.0 -999.0 -999.0 -999.0 -999.0 -999.0 -999.0 -999.0 -999.0 -999.0 -999.0 -999.0 -999.0 -999.0 -999.0 -999.0 -999.0 -999.0 -999.0 -999.0 -999.0 -999.0 -999.0 -999.0 -999.0 -999.0 -999.0 -999.0 -999.0 -999.0 -999.0 -999.0 -999.0 -999.0 -999.0 -999.0 -999.0 -999.0 -999.0
-999.0 -999.0 -999.0 -999.0 -999.0 -999.0 -999.0 -999.0 -999.0 -999.0 1382.4 1175.3 907.6 831.9 835.2 777.5 779.9 1148.1 1002.0 974.1 739.5 697.1 674.6 840.8 958.2 873.8 932.3 986.0 913.9 933.4 971.9 1226.6 -999.0 -999.0 -999.0 -999.0 -999.0 -999.0 -999.0 -999.0 -999.0 -999.0 -999.0 -999.0 -999.0 -999.0 -999.0 -999.0 -999.0 -999.0 -999.0 -999.0 -999.0 -999.0 -999.0 -999.0 -999.0 -999.0 -999.0 -999.0 -999.0 -999.0 -999.0 -999.0 -999.0 -999.0 -999.0 -999.0 -999.0 -999.0 -999.0
-999.0 -999.0 -999.0 -999.0 -999.0 -999.0 -999.0 -999.0 1364.7 -999.0 1414.8 1219.2 858.0 818.0 727.3 488.9 990.6 900.3 1138.9 981.9 976.9 874.8 784.3 1001.0 972.2 894.7 836.0 819.7 940.5 1085.2 1254.1 -999.0 -999.0 -999.0 -999.0 -999.0 -999.0 -999.0 -999.0 -999.0 -999.0 -999.0 -999.0 -999.0 -999.0 -999.0 -999.0 -999.0 -999.0 -999.0 -999.0 -999.0 -999.0 -999.0 -999.0 -999.0 -999.0 -999.0 -999.0 -999.0 -999.0 -999.0 -999.0 -999.0 -999.0 -999.0 -999.0 -999.0 -999.0 -999.0 -999.0
-999.0 -999.0 -999.0 -999.0 -999.0 -999.0 -999.0 -999.0 1368.5 1361.4 1322.2 1313.8 842.2 1201.1 995.6 1082.6 927.1 999.1 815.6 1111.2 1059.1 915.7 961.6 926.5 940.9 1056.8 755.2 947.4 983.9 -999.0 -999.0 -999.0 -999.0 -999.0 -999.0 -999.0 -999.0 -999.0 -999.0 -999.0 -999.0 -999.0 -999.0 -999.0 -999.0 -999.0 -999.0 -999.0 -999.0 -999.0 -999.0 -999.0 -999.0 -999.0 -999.0 -999.0 -999.0 -999.0 -999.0 -999.0 -999.0 -999.0 -999.0 -999.0 -999.0 -999.0 -999.0 -999.0 -999.0 -999.0 -999.0
-999.0 -999.0 -999.0 -999.0 -999.0 -999.0 -999.0 -999.0 -999.0 1348.0 730.9 1306.8 1060.4 979.4 979.0 1159.9 808.8 961.4 824.5 858.0 1068.8 980.4 1027.3 1003.3 961.2 990.4 915.4 1264.7 -999.0 -999.0 -999.0 -999.0 -999.0 -999.0 -999.0 -999.0 -999.0 -999.0 -999.0 -999.0 -999.0 -999.0 -999.0 -999.0 -999.0 -999.0 -999.0 -999.0 -999.0 -999.0 -999.0 -999.0 -999.0 -999.0 -999.0 -999.0 -999.0 -999.0 -999.0 -999.0 -999.0 -999.0 -999.0 -999.0 -999.0 -999.0 -999.0 -999.0 -999.0 -999.0 -999.0
-999.0 -999.0 -999.0 -999.0 -999.0 -999.0 -999.0 -999.0 -999.0 -999.0 1374.9 962.9 1319.3 1083.9 676.1 1107.5 1059.2 1059.5 1214.8 940.8 1085.2 953.0 911.9 1202.2 934.4 1086.2 1206.0 -999.0 -999.0 -999.0 -999.0 -999.0 -999.0 -999.0 -999.0 -999.0 -999.0 -999.0 -999.0 -999.0 -999.0 -999.0 -999.0 -999.0 -999.0 -999.0 -999.0 -999.0 -999.0 -999.0 -999.0 -999.0 -999.0 -999.0 -999.0 -999.0 -999.0 -999.0 -999.0 -999.0 -999.0 -999.0 -999.0 -999.0 -999.0 -999.0 -999.0 -999.0 -999.0 -999.0 -999.0
-999.0 -999.0 -999.0 -999.0 -999.0 -999.0 1318.8 -999.0 -999.0 1381.8 1394.8 1137.8 951.5 875.8 904.3 1132.7 1054.0 828.7 978.9 1067.0 1201.1 1000.9 944.9 1019.5 1297.7 1291.2 -999.0 -999.0 -999.0 -999.0 -999.0 -999.0 -999.0 -999.0 -999.0 -999.0 -999.0 -999.0 -999.0 -999.0 -999.0 -999.0 -999.0 -999.0 -999.0 -999.0 -999.0 -999.0 -999.0 -999.0 -999.0 -999.0 -999.0 -999.0 -999.0 -999.0 -999.0 -999.0 -999.0 -999.0 -999.0 -999.0 -999.0 -999.0 -999.0 -999.0 -999.0 -999.0 -999.0 -999.0 -999.0
-999.0 -999.0 -999.0 -999.0 1242.2 1382.0 1240.4 1379.2 1168.6 1389.7 928.1 1334.5 667.5 822.1 876.3 909.2 760.1 812.4 843.1 1221.1 1087.1 1181.9 935.1 1048.0 1162.8 1295.0 -999.0 -999.0 -999.0 -999.0 -999.0 -999.0 -999.0 -999.0 -999.0 -999.0 -999.0 -999.0 -999.0 -999.0 -999.0 -999.0 -999.0 -999.0 -999.0 -999.0 -999.0 -999.0 -999.0 -999.0 -999.0 -999.0 -999.0 -999.0 -999.0 -999.0 -999.0 -999.0 -999.0 -999.0 -999.0 -999.0 -999.0 -999.0 -999.0 -999.0 -999.0 -999.0 -999.0 -999.0 -999.0
-999.0 -999.0 -999.0 -999.0 910.1 1371.8 1359.3 1167.6 1107.5 925.8 635.9 850.4 1373.5 680.0 616.0 707.7 639.7 976.0 861.2 555.8 1030.1 1255.2 1298.1 1344.8 1326.4 -999.0 -999.0 1274.3 -999.0 -999.0 -999.0 -999.0 -999.0 -999.0 -999.0 -999.0 -999.0 -999.0 -999.0 -999.0 -999.0 -999.0 -999.0 -999.0 -999.0 -999.0 -999.0 -999.0 -999.0 -999.0 -999.0 -999.0 -999.0 -999.0 -999.0 -999.0 -999.0 -999.0 -999.0 -999.0 -999.0 -999.0 -999.0 -999.0 -999.0 -999.0 -999.0 -999.0 -999.0 -999.0 -999.0
-999.0 -999.0 -999.0 -999.0 1082.7 1224.9 1375.8 1120.3 725.0 1107.8 370.0 970.4 959.0 624.5 530.0 626.8 663.3 650.9 549.1 704.4 856.9 754.9 1087.4 967.9 1284.8 1286.4 1255.4 1282.0 -999.0 -999.0 -999.0 -999.0 -999.0 -999.0 -999.0 -999.0 -999.0 -999.0 -999.0 -999.0 -999.0 -999.0 -999.0 -999.0 -999.0 -999.0 -999.0 -999.0 -999.0 -999.0 -999.0 -999.0 -999.0 -999.0 -999.0 -999.0 -999.0 -999.0 -999.0 -999.0 -999.0 -999.0 -999.0 -999.0 -999.0 -999.0 -999.0 -999.0 -999.0 -999.0 -999.0
-999.0 -999.0 -999.0 -999.0 1385.1 1099.6 1354.9 1024.0 980.1 605.1 796.1 813.3 977.2 957.2 906.2 577.5 732.7 671.2 695.2 1002.7 1034.7 901.9 1097.2 1018.8 1259.8 1287.3 1244.0 -999.0 -999.0 -999.0 -999.0 -999.0 -999.0 -999.0 -999.0 -999.0 -999.0 -999.0 -999.0 -999.0 -999.0 -999.0 -999.0 -999.0 -999.0 -999.0 -999.0 -999.0 -999.0 -999.0 -999.0 -999.0 -999.0 -999.0 -999.0 -999.0 -999.0 -999.0 -999.0 -999.0 -999.0 -999.0 -999.0 -999.0 -999.0 -999.0 -999.0 -999.0 -999.0 -999.0 -999.0
-999.0 -999.0 -999.0 -999.0 1307.8 1384.6 1223.0 1423.0 524.2 719.1 713.8 804.6 589.5 332.4 727.3 885.6 919.6 611.1 712.0 982.2 913.9 1070.4 1171.9 1328.1 1350.0 1099.1 -999.0 -999.0 -999.0 -999.0 -999.0 -999.0 -999.0 -999.0 -999.0 -999.0 -999.0 -999.0 -999.0 -999.0 -999.0 -999.0 -999.0 -999.0 -999.0 -999.0 -999.0 -999.0 -999.0 -999.0 -999.0 -999.0 -999.0 -999.0 -999.0 -999.0 -999.0 -999.0 -999.0 -999.0 -999.0 -999.0 -999.0 -999.0 -999.0 -999.0 -999.0 -999.0 -999.0 -999.0 -999.0
-999.0 -999.0 -999.0 1430.6 1098.6 1056.3 768.8 973.2 1361.0 783.5 796.0 751.9 843.8 805.5 896.6 721.6 935.0 956.4 446.2 813.0 987.4 1344.8 1384.1 1376.9 1339.4 -999.0 -999.0 -999.0 -999.0 -999.0 -999.0 1373.3 1356.4 1346.5 1360.4 -999.0 -999.0 1366.7 1216.3 1268.1 1343.4 1341.8 -999.0 -999.0 -999.0 1236.9 -999.0 1243.4 1275.3 -999.0 -999.0 -999.0 -999.0 -999.0 -999.0 -999.0 -999.0 -999.0 -999.0 -999.0 -999.0 -999.0 -999.0 -999.0 -999.0 -999.0 -999.0 -999.0 -999.0 -999.0 -999.0
-999.0 -999.0 -999.0 -999.0 1316.3 995.5 733.1 875.6 801.3 1309.2 799.7 867.1 703.5 893.2 996.3 1301.0 1084.4 808.2 864.1 1000.9 1187.3 1215.7 1143.3 1057.8 1322.1 -999.0 -999.0 -999.0 1406.1 1464.5 1423.7 1390.3 1341.6 1379.8 1378.5 1386.8 1364.4 1232.7 1099.6 1113.9 1256.8 1294.2 1337.6 1234.4 1076.0 1029.1 1110.9 1190.6 1240.5 1242.2 -999.0 -999.0 -999.0 -999.0 -999.0 -999.0 -999.0 -999.0 -999.0 -999.0 -999.0 -999.0 -999.0 -999.0 -999.0 -999.0 -999.0 -999.0 -999.0 -999.0 -999.0
-999.0 1260.4 -999.0 1301.9 1550.0 1448.2 1349.4 407.6 1241.2 922.9 1109.9 834.4 1045.8 817.7 863.6 782.8 1130.8 1271.1 1255.4 1144.9 1312.7 1076.8 1182.8 1099.1 1314.3 1344.3 1350.0 1330.6 1404.7 1481.2 1318.3 1123.5 1302.2 1329.3 1223.1 1396.6 1056.5 913.0 974.0 1048.3 1213.2 1116.8 1204.6 1250.4 1157.9 1031.5 1097.7 1169.4 1027.1 1230.1 1274.9 -999.0 -999.0 -999.0 -999.0 -999.0 -999.0 -999.0 -999.0 -999.0 -999.0 -999.0 -999.0 -999.0 -999.0 -999.0 -999.0 -999.0 -999.0 -999.0 -999.0
-999.0 -999.0 1412.9 808.0 1099.2 1175.2 623.2 808.2 495.4 1117.6 852.3 825.8 928.8 953.3 1151.9 685.3 800.3 804.3 1232.3 1360.4 1151.0 1287.5 1409.2 -999.0 1387.3 1297.8 1332.4 1228.7 1246.9 1297.2 1207.4 1211.3 1036.5 1022.3 1113.6 1201.5 1092.4 1067.8 1120.4 1149.0 1040.1 1165.5 1199.9 1183.3 1097.7 1098.7 1098.6 1137.4 1162.8 1168.3 1225.8 1265.1 -999.0 -999.0 -999.0 -999.0 -999.0 -999.0 -999.0 -999.0 -999.0 -999.0 -999.0 -999.0 -999.0 -999.0 -999.0 -999.0 -999.0 -999.0 -999.0
1270.0 -999.0 1409.8 1243.2 962.1 836.2 1130.9 529.6 628.8 1037.9 915.8 718.8 657.1 690.8 936.9 928.3 731.5 856.0 925.4 1364.7 1401.7 1440.9 1488.9 1388.4 1163.9 1116.7 1131.4 1158.3 1239.6 1093.9 1013.2 1020.4 872.0 968.6 1175.7 1006.4 947.7 914.9 987.3 1233.7 1251.7 1278.6 1182.9 1177.3 1084.6 1096.3 1067.8 1154.4 1196.3 1236.7 1208.0 1239.6 -999.0 -999.0 -999.0 -999.0 -999.0 -999.0 -999.0 -999.0 -999.0 -999.0 -999.0 -999.0 -999.0 -999.0 -999.0 -999.0 -999.0 -999.0 -999.0
787.9 -999.0 -999.0 921.3 533.2 979.0 776.0 1426.0 1058.9 967.2 964.1 653.9 818.3 454.7 503.2 601.7 843.4 1026.4 1209.5 1283.5 948.4 1185.6 1379.8 1122.5 939.5 802.4 911.5 1021.5 989.6 1009.2 829.1 813.1 1105.3 1105.8 1129.6 1180.1 991.4 983.6 1051.7 1182.6 1246.9 1191.1 1044.6 1178.4 1121.2 1112.1 1008.7 1147.8 1131.8 1170.1 1147.9 1192.2 -999.0 -999.0 -999.0 -999.0 -999.0 -999.0 -999.0 -999.0 -999.0 -999.0 -999.0 -999.0 -999.0 -999.0 -999.0 -999.0 -999.0 -999.0 -999.0
989.5 -999.0 -999.0 1177.2 1269.6 1238.3 1331.7 1077.8 852.1 591.6 978.5 842.7 894.4 1007.9 1068.5 849.8 848.1 867.0 906.5 973.9 704.6 1223.1 1046.9 1070.9 901.7 665.2 764.9 964.3 927.6 894.1 738.1 910.9 1218.5 830.5 997.9 904.1 809.8 1028.0 964.4 1192.0 1116.5 944.0 1076.1 1119.1 1196.6 1111.0 1172.9 1178.5 1076.4 1172.7 1183.6 -999.0 -999.0 -999.0 -999.0 -999.0 -999.0 -999.0 -999.0 -999.0 -999.0 -999.0 -999.0 -999.0 -999.0 -999.0 -999.0 -999.0 -999.0 -999.0 -999.0
1393.4 1356.4 -999.0 -999.0 1465.8 1141.7 1317.9 1036.9 676.4 438.2 729.8 417.4 681.9 796.9 859.5 1093.8 1039.3 903.6 925.3 799.8 1349.1 1059.2 1115.6 671.8 866.7 881.0 606.0 833.7 838.3 849.3 957.9 1107.5 1005.1 924.4 969.8 877.9 895.9 776.7 924.7 1126.8 912.6 1057.1 1133.1 1128.8 989.1 1143.4 1221.7 1280.1 1206.0 1186.6 1190.1 -999.0 -999.0 -999.0 -999.0 -999.0 -999.0 -999.0 -999.0 -999.0 -999.0 -999.0 -999.0 -999.0 -999.0 -999.0 -999.0 -999.0 -999.0 -999.0 -999.0
1220.4 1332.9 -999.0 -999.0 1310.4 1314.8 1392.9 1004.3 1440.6 1043.2 727.4 492.8 360.1 527.3 981.4 953.5 859.3 674.6 933.6 1281.2 1004.2 969.0 951.9 740.5 783.8 847.9 633.9 925.2 985.0 994.6 1035.7 672.0 953.2 934.6 551.9 751.7 869.8 837.4 1044.1 1062.0 1093.1 1147.3 1205.5 1192.7 1215.1 1134.0 1221.9 1249.4 1211.9 1177.9 -999.0 -999.0 -999.0 -999.0 -999.0 -999.0 -999.0 -999.0 -999.0 -999.0 -999.0 -999.0 -999.0 -999.0 -999.0 -999.0 -999.0 -999.0 -999.0 -999.0 -999.0
1181.6 1330.3 1265.5 1001.7 701.8 923.8 733.1 900.8 1233.7 854.9 386.2 426.5 1031.8 795.0 952.9 747.1 599.9 654.3 885.7 1135.5 975.9 588.4 509.0 751.7 720.8 699.4 984.8 1058.4 1071.0 875.7 721.4 964.7 958.4 948.1 790.1 619.5 754.6 603.1 1051.9 799.9 961.7 951.0 714.7 1101.2 1283.6 1162.0 1121.7 1231.6 1182.8 -999.0 -999.0 -999.0 -999.0 -999.0 -999.0 -999.0 -999.0 -999.0 -999.0 -999.0 -999.0 -999.0 -999.0 -999.0 -999.0 -999.0 -999.0 -999.0 -999.0 -999.0 -999.0
1434.4 1096.2 1317.1 743.0 1459.5 1340.7 1081.4 614.6 447.6 874.7 740.5 849.1 516.4 673.7 744.6 766.6 986.1 978.2 1015.2 993.4 738.9 463.5 587.3 838.7 544.2 894.3 784.7 1116.1 1124.2 1033.9 874.4 781.6 777.6 731.3 576.1 625.0 909.8 815.3 1108.2 1096.8 1176.5 1142.8 1134.3 1214.1 1264.3 1294.0 1270.5 1222.9 1303.8 -999.0 -999.0 -999.0 -999.0 -999.0 -999.0 -999.0 -999.0 -999.0 -999.0 -999.0 -999.0 -999.0 -999.0 -999.0 -999.0 -999.0 -999.0 -999.0 -999.0 -999.0 -999.0
-999.0 1281.6 1154.1 -999.0 1453.6 866.2 516.9 421.8 903.3 1056.5 979.0 479.4 474.4 1062.0 1138.1 906.7 608.6 1095.1 989.5 730.5 518.6 468.9 509.1 434.0 703.4 616.6 787.9 1092.2 642.2 954.0 581.4 616.5 574.5 482.4 604.7 825.8 975.4 862.6 969.8 898.3 1054.4 1043.9 1149.8 1191.1 1233.8 1283.5 1373.1 1282.3 -999.0 -999.0 -999.0 -999.0 -999.0 -999.0 -999.0 -999.0 -999.0 -999.0 -999.0 -999.0 -999.0 -999.0 -999.0 -999.0 -999.0 -999.0 -999.0 -999.0 -999.0 -999.0 -999.0
1481.1 1092.3 1462.5 -999.0 650.8 993.1 913.5 1466.7 748.0 997.2 450.1 530.6 822.0 616.2 542.4 886.0 1241.7 711.9 680.6 606.8 415.0 397.5 413.0 391.5 632.2 908.8 1157.2 1099.7 1020.0 691.7 465.4 517.0 751.3 594.3 762.6 704.0 823.7 948.5 1039.8 960.4 948.4 978.8 1100.5 1052.9 1234.8 1157.9 1158.3 1241.1 -999.0 -999.0 -999.0 -999.0 -999.0 -999.0 -999.0 -999.0 -999.0 -999.0 -999.0 -999.0 -999.0 -999.0 -999.0 -999.0 -999.0 -999.0 -999.0 -999.0 -999.0 -999.0 -999.0
1173.5 1435.5 -999.0 1253.1 1117.1 783.9 1102.7 903.1 654.7 1090.6 1084.0 904.3 1062.3 1207.6 1203.7 1168.3 755.3 455.3 436.6 434.9 403.9 315.3 421.5 792.6 999.0 1012.9 516.0 797.9 266.9 215.7 434.3 474.6 475.2 655.4 742.1 781.8 744.3 1159.8 1163.6 1098.7 1155.1 1129.3 716.6 932.3 1297.7 1291.6 1266.9 1219.3 1299.1 -999.0 -999.0 -999.0 -999.0 -999.0 -999.0 -999.0 -999.0 -999.0 -999.0 -999.0 -999.0 -999.0 -999.0 -999.0 -999.0 -999.0 -999.0 -999.0 -999.0 -999.0 -999.0
-999.0 -999.0 1472.9 953.9 883.4 747.7 1224.0 882.1 514.7 1056.6 959.9 697.8 744.5 720.5 889.8 607.3 537.9 382.4 669.9 707.7 556.8 437.5 606.3 1009.6 882.9 952.8 615.5 288.8 520.4 286.7 414.5 436.0 516.3 609.0 640.6 857.6 1100.6 1194.3 1102.8 1218.6 1255.3 1116.7 1168.5 1259.0 1340.6 1222.8 1166.1 1202.6 -999.0 -999.0 -999.0 -999.0 -999.0 -999.0 -999.0 -999.0 -999.0 -999.0 -999.0 -999.0 -999.0 -999.0 -999.0 -999.0 -999.0 -999.0 -999.0 -999.0 -999.0 -999.0 -999.0
-999.0 -999.0 1454.8 1462.3 1158.8 735.4 1014.6 683.9 1186.6 1220.4 1154.8 937.9 511.3 409.7 553.5 809.5 864.5 778.7 528.6 728.3 753.3 860.9 847.4 680.3 616.3 509.4 390.6 408.2 384.9 606.0 643.2 692.5 978.3 932.0 834.1 815.8 758.7 901.8 1013.1 792.1 961.3 1275.8 1196.0 1084.8 1061.3 1041.9 1148.8 -999.0 -999.0 -999.0 -999.0 -999.0 -999.0 -999.0 -999.0 -999.0 -999.0 -999.0 -999.0 -999.0 -999.0 -999.0 -999.0 -999.0 -999.0 -999.0 -999.0 -999.0 -999.0 -999.0 -999.0
-999.0 -999.0 1152.8 812.0 1349.5 655.4 576.4 677.1 556.2 744.9 1100.2 994.2 1155.7 1210.4 538.6 636.0 538.3 192.6 984.4 841.0 829.2 746.5 782.7 556.9 611.5 439.7 594.5 662.0 697.2 613.5 773.4 540.6 537.6 410.5 545.8 757.2 591.1 400.1 594.2 669.1 820.6 840.1 907.9 924.4 1052.1 1089.0 1204.2 -999.0 -999.0 -999.0 -999.0 -999.0 -999.0 -999.0 -999.0 -999.0 -999.0 -999.0 -999.0 -999.0 -999.0 -999.0 -999.0 -999.0 -999.0 -999.0 -999.0 -999.0 -999.0 -999.0 -999.0
-999.0 1439.6 1509.9 1278.2 1560.0 1310.2 1092.5 780.8 1132.7 1089.0 496.4 1078.6 1161.2 1155.1 1110.4 648.3 873.1 1076.5 907.7 445.2 538.2 773.3 339.2 505.0 565.3 449.7 387.3 469.4 520.4 503.6 517.1 555.8 501.1 301.4 807.1 557.6 582.2 994.8 1021.4 690.8 871.6 811.1 799.8 1119.0 1054.1 1093.6 1154.1 -999.0 -999.0 -999.0 -999.0 -999.0 -999.0 -999.0 -999.0 -999.0 -999.0 -999.0 -999.0 -999.0 -999.0 -999.0 -999.0 -999.0 -999.0 -999.0 -999.0 -999.0 -999.0 -999.0 -999.0
-999.0 -999.0 1437.9 1173.8 584.9 1292.4 1496.8 1301.5 1378.8 1413.8 1378.4 1318.8 1105.1 1041.0 670.0 1002.1 893.6 897.6 464.8 585.0 855.3 755.4 324.3 611.4 493.9 709.4 430.7 455.2 694.0 312.9 389.4 445.5 319.0 358.9 559.1 419.1 536.1 704.8 950.6 1152.5 1088.2 863.7 1009.2 1222.0 1209.0 1091.5 1277.0 -999.0 -999.0 -999.0 -999.0 -999.0 -999.0 -999.0 -999.0 -999.0 -999.0 -999.0 -999.0 -999.0 -999.0 -999.0 -999.0 -999.0 -999.0 -999.0 -999.0 -999.0 -999.0 -999.0 -999.0
1403.1 1416.1 1429.6 1340.0 942.6 1455.5 642.9 1086.8 845.7 628.2 1361.8 1280.3 194.4 420.6 412.3 610.3 398.7 479.3 423.8 419.0 368.4 602.5 573.3 762.1 780.9 811.7 631.9 657.6 398.8 684.8 630.7 786.7 605.9 417.8 514.2 998.8 703.1 625.0 937.1 694.6 1074.9 1224.8 1252.0 1249.9 1068.6 1166.3 -999.0 -999.0 -999.0 -999.0 -999.0 -999.0 -999.0 -999.0 -999.0 -999.0 -999.0 -999.0 -999.0 -999.0 -999.0 -999.0 -999.0 -999.0 -999.0 -999.0 -999.0 -999.0 -999.0 -999.0 -999.0
