GDD/GrowingDegreeDays_1992_Actual.txt
ncols         180
nrows         290
xllcorner     -200000
yllcorner     -200000
cellsize      5000
NODATA_value    -999
[rows 64 to 95 of 290, columns 71 to 141 of 180]
-999.0 -999.0 -999.0 -999.0 -999.0 -999.0 -999.0 -999.0 -999.0 1415.1 1194.3 1223.2 1184.6 875.2 897.7 688.3 877.1 955.2 878.4 905.4 382.6 893.9 545.9 863.2 829.9 1023.2 1077.4 966.2 784.8 830.9 620.3 972.5 -999.0 -999.0 -999.0 -999.0 -999.0 -999.0 -999.0 -999.0 -999.0 -999.0 -999.0 -999.0 -999.0 -999.0 -999.0 -999.0 -999.0 -999.0 -999.0 -999.0 -999.0 -999.0 -999.0 -999.0 -999.0 -999.0 -999.0 -999.0 -999.0 -999.0 -999.0 -999.0 -999.0 -999.0 -999.0 -999.0 -999.0 -999.0 -999.0
-999.0 -999.0 -999.0 -999.0 -999.0 -999.0 -999.0 -999.0 -999.0 -999.0 1438.7 1226.5 953.3 876.1 875.3 816.2 819.3 1195.1 1034.1 994.8 756.4 713.0 690.5 858.0 978.3 896.7 957.5 1015.8 947.5 970.0 1011.4 1266.1 -999.0 -999.0 -999.0 -999.0 -999.0 -999.0 -999.0 -999.0 -999.0 -999.0 -999.0 -999.0 -999.0 -999.0 -999.0 -999.0 -999.0 -999.0 -999.0 -999.0 -999.0 -999.0 -999.0 -999.0 -999.0 -999.0 -999.0 -999.0 -999.0 -999.0 -999.0 -999.0 -999.0 -999.0 -999.0 -999.0 -999.0 -999.0 -999.0
-999.0 -999.0 -999.0 -999.0 -999.0 -999.0 -999.0 -999.0 1425.1 -999.0 1465.5 1269.4 903.1 859.7 767.0 517.8 1028.4 933.8 1171.6 1004.1 994.6 891.2 803.5 1020.0 993.1 917.8 862.1 848.2 970.2 1119.8 1291.1 -999.0 -999.0 -999.0 -999.0 -999.0 -999.0 -999.0 -999.0 -999.0 -999.0 -999.0 -999.0 -999.0 -999.0 -999.0 -999.0 -999.0 -999.0 -999.0 -999.0 -999.0 -999.0 -999.0 -999.0 -999.0 -999.0 -999.0 -999.0 -999.0 -999.0 -999.0 -999.0 -999.0 -999.0 -999.0 -999.0 -999.0 -999.0 -999.0 -999.0
-999.0 -999.0 -999.0 -999.0 -999.0 -999.0 -999.0 -999.0 1423.0 1408.1 1365.8 1363.9 886.7 1244.0 1031.9 1117.9 957.0 1028.3 841.3 1133.1 1077.1 931.6 979.0 947.0 962.6 1080.7 781.0 970.5 1009.1 -999.0 -999.0 -999.0 -999.0 -999.0 -999.0 -999.0 -999.0 -999.0 -999.0 -999.0 -999.0 -999.0 -999.0 -999.0 -999.0 -999.0 -999.0 -999.0 -999.0 -999.0 -999.0 -999.0 -999.0 -999.0 -999.0 -999.0 -999.0 -999.0 -999.0 -999.0 -999.0 -999.0 -999.0 -999.0 -999.0 -999.0 -999.0 -999.0 -999.0 -999.0 -999.0
-999.0 -999.0 -999.0 -999.0 -999.0 -999.0 -999.0 -999.0 -999.0 1393.6 774.8 1354.8 1107.4 1019.0 1014.4 1192.4 840.7 987.1 848.8 876.3 1085.6 995.7 1045.4 1022.3 981.1 1011.1 935.3 1284.3 -999.0 -999.0 -999.0 -999.0 -999.0 -999.0 -999.0 -999.0 -999.0 -999.0 -999.0 -999.0 -999.0 -999.0 -999.0 -999.0 -999.0 -999.0 -999.0 -999.0 -999.0 -999.0 -999.0 -999.0 -999.0 -999.0 -999.0 -999.0 -999.0 -999.0 -999.0 -999.0 -999.0 -999.0 -999.0 -999.0 -999.0 -999.0 -999.0 -999.0 -999.0 -999.0 -999.0
-999.0 -999.0 -999.0 -999.0 -999.0 -999.0 -999.0 -999.0 -999.0 -999.0 1418.8 1000.2 1363.3 1120.0 711.6 1137.8 1087.9 1085.7 1236.2 958.6 1103.3 968.7 929.5 1219.7 951.8 1104.8 1222.9 -999.0 -999.0 -999.0 -999.0 -999.0 -999.0 -999.0 -999.0 -999.0 -999.0 -999.0 -999.0 -999.0 -999.0 -999.0 -999.0 -999.0 -999.0 -999.0 -999.0 -999.0 -999.0 -999.0 -999.0 -999.0 -999.0 -999.0 -999.0 -999.0 -999.0 -999.0 -999.0 -999.0 -999.0 -999.0 -999.0 -999.0 -999.0 -999.0 -999.0 -999.0 -999.0 -999.0 -999.0
-999.0 -999.0 -999.0 -999.0 -999.0 -999.0 1393.1 -999.0 -999.0 1424.7 1436.3 1173.5 984.8 908.9 933.8 1160.3 1079.6 855.7 1000.2 1087.1 1219.5 1019.6 962.7 1038.1 1311.0 1304.9 -999.0 -999.0 -999.0 -999.0 -999.0 -999.0 -999.0 -999.0 -999.0 -999.0 -999.0 -999.0 -999.0 -999.0 -999.0 -999.0 -999.0 -999.0 -999.0 -999.0 -999.0 -999.0 -999.0 -999.0 -999.0 -999.0 -999.0 -999.0 -999.0 -999.0 -999.0 -999.0 -999.0 -999.0 -999.0 -999.0 -999.0 -999.0 -999.0 -999.0 -999.0 -999.0 -999.0 -999.0 -999.0
-999.0 -999.0 -999.0 -999.0 1316.8 1471.8 1319.6 1439.1 1213.9 1428.8 959.8 1366.3 703.5 853.7 904.3 934.9 789.0 837.3 867.1 1240.2 1107.3 1200.4 954.8 1066.2 1176.7 1302.8 -999.0 -999.0 -999.0 -999.0 -999.0 -999.0 -999.0 -999.0 -999.0 -999.0 -999.0 -999.0 -999.0 -999.0 -999.0 -999.0 -999.0 -999.0 -999.0 -999.0 -999.0 -999.0 -999.0 -999.0 -999.0 -999.0 -999.0 -999.0 -999.0 -999.0 -999.0 -999.0 -999.0 -999.0 -999.0 -999.0 -999.0 -999.0 -999.0 -999.0 -999.0 -999.0 -999.0 -999.0 -999.0
-999.0 -999.0 -999.0 -999.0 971.2 1446.9 1427.2 1218.3 1147.4 961.2 673.9 881.4 1396.9 714.4 647.9 737.3 668.9 997.1 885.2 580.8 1050.9 1272.6 1315.8 1358.4 1333.2 -999.0 -999.0 1286.8 -999.0 -999.0 -999.0 -999.0 -999.0 -999.0 -999.0 -999.0 -999.0 -999.0 -999.0 -999.0 -999.0 -999.0 -999.0 -999.0 -999.0 -999.0 -999.0 -999.0 -999.0 -999.0 -999.0 -999.0 -999.0 -999.0 -999.0 -999.0 -999.0 -999.0 -999.0 -999.0 -999.0 -999.0 -999.0 -999.0 -999.0 -999.0 -999.0 -999.0 -999.0 -999.0 -999.0
-999.0 -999.0 -999.0 -999.0 1129.9 1269.5 1416.2 1158.8 766.0 1141.7 400.4 998.7 983.8 655.5 553.8 653.3 692.1 682.0 577.8 733.4 880.1 779.9 1109.9 989.7 1292.2 1277.1 1252.6 1291.1 -999.0 -999.0 -999.0 -999.0 -999.0 -999.0 -999.0 -999.0 -999.0 -999.0 -999.0 -999.0 -999.0 -999.0 -999.0 -999.0 -999.0 -999.0 -999.0 -999.0 -999.0 -999.0 -999.0 -999.0 -999.0 -999.0 -999.0 -999.0 -999.0 -999.0 -999.0 -999.0 -999.0 -999.0 -999.0 -999.0 -999.0 -999.0 -999.0 -999.0 -999.0 -999.0 -999.0
-999.0 -999.0 -999.0 -999.0 1412.0 1127.2 1379.1 1057.3 1014.3 646.1 832.7 845.7 999.1 971.8 916.0 601.5 759.8 703.2 727.6 1026.3 1058.1 926.2 1121.8 1044.7 1276.3 1292.2 1249.1 -999.0 -999.0 -999.0 -999.0 -999.0 -999.0 -999.0 -999.0 -999.0 -999.0 -999.0 -999.0 -999.0 -999.0 -999.0 -999.0 -999.0 -999.0 -999.0 -999.0 -999.0 -999.0 -999.0 -999.0 -999.0 -999.0 -999.0 -999.0 -999.0 -999.0 -999.0 -999.0 -999.0 -999.0 -999.0 -999.0 -999.0 -999.0 -999.0 -999.0 -999.0 -999.0 -999.0 -999.0
-999.0 -999.0 -999.0 -999.0 1320.1 1396.2 1244.4 1450.6 565.7 760.0 752.4 836.5 619.9 339.2 742.1 897.7 939.8 645.6 745.8 1009.1 940.0 1095.7 1202.9 1365.0 1372.4 1113.3 -999.0 -999.0 -999.0 -999.0 -999.0 -999.0 -999.0 -999.0 -999.0 -999.0 -999.0 -999.0 -999.0 -999.0 -999.0 -999.0 -999.0 -999.0 -999.0 -999.0 -999.0 -999.0 -999.0 -999.0 -999.0 -999.0 -999.0 -999.0 -999.0 -999.0 -999.0 -999.0 -999.0 -999.0 -999.0 -999.0 -999.0 -999.0 -999.0 -999.0 -999.0 -999.0 -999.0 -999.0 -999.0
-999.0 -999.0 -999.0 1436.1 1105.6 1067.2 798.3 1006.4 1408.5 833.9 839.9 785.7 868.1 825.0 910.0 746.8 955.9 980.1 474.9 843.5 1014.3 1365.5 1422.2 1423.0 1357.2 -999.0 -999.0 -999.0 -999.0 -999.0 -999.0 1390.8 1381.3 1373.8 1382.9 -999.0 -999.0 1392.7 1243.3 1293.9 1369.9 1369.4 -999.0 -999.0 -999.0 1245.7 -999.0 1237.3 1272.9 -999.0 -999.0 -999.0 -999.0 -999.0 -999.0 -999.0 -999.0 -999.0 -999.0 -999.0 -999.0 -999.0 -999.0 -999.0 -999.0 -999.0 -999.0 -999.0 -999.0 -999.0 -999.0
-999.0 -999.0 -999.0 -999.0 1311.0 1006.6 763.3 912.2 851.2 1373.9 847.2 902.1 736.3 916.8 1015.5 1314.7 1106.4 840.5 895.3 1032.1 1214.9 1233.9 1158.3 1067.8 1322.2 -999.0 -999.0 -999.0 1406.0 1459.5 1434.1 1406.8 1371.4 1403.2 1400.9 1410.3 1393.6 1264.1 1132.3 1143.5 1281.9 1320.1 1367.9 1261.0 1097.0 1041.8 1114.6 1187.7 1237.6 1236.0 -999.0 -999.0 -999.0 -999.0 -999.0 -999.0 -999.0 -999.0 -999.0 -999.0 -999.0 -999.0 -999.0 -999.0 -999.0 -999.0 -999.0 -999.0 -999.0 -999.0 -999.0
-999.0 1265.3 -999.0 1299.6 1542.7 1441.0 1356.8 444.8 1283.3 969.6 1150.7 868.7 1070.1 847.0 890.6 815.9 1153.9 1292.8 1278.5 1176.0 1335.1 1089.1 1178.0 1082.5 1289.5 1338.8 1344.7 1328.4 1406.0 1471.9 1323.1 1143.0 1325.8 1353.0 1244.1 1421.8 1089.5 957.9 1017.8 1083.3 1240.4 1142.6 1229.5 1271.3 1174.2 1044.4 1105.0 1169.7 1030.3 1224.7 1266.6 -999.0 -999.0 -999.0 -999.0 -999.0 -999.0 -999.0 -999.0 -999.0 -999.0 -999.0 -999.0 -999.0 -999.0 -999.0 -999.0 -999.0 -999.0 -999.0 -999.0
-999.0 -999.0 1409.3 828.0 1105.7 1181.9 660.6 840.3 539.1 1150.5 887.9 855.7 953.7 977.2 1173.0 722.5 832.8 837.4 1254.7 1380.7 1173.9 1284.7 1384.2 -999.0 1312.2 1284.9 1329.4 1234.7 1257.8 1306.8 1221.1 1227.7 1055.5 1038.2 1122.0 1220.2 1133.8 1134.6 1176.2 1185.1 1064.9 1185.1 1217.6 1196.1 1109.2 1108.1 1105.9 1138.6 1157.3 1156.5 1211.1 1245.3 -999.0 -999.0 -999.0 -999.0 -999.0 -999.0 -999.0 -999.0 -999.0 -999.0 -999.0 -999.0 -999.0 -999.0 -999.0 -999.0 -999.0 -999.0 -999.0
1264.8 -999.0 1402.8 1240.4 976.1 860.3 1141.4 569.4 666.9 1059.5 941.1 749.1 691.1 725.2 960.7 953.5 767.5 886.7 957.0 1397.2 1445.8 1424.8 1411.8 1353.8 1147.6 1118.0 1142.9 1174.9 1257.2 1113.3 1031.4 1037.9 888.2 978.4 1183.5 1015.4 975.6 961.1 1028.8 1261.4 1266.8 1287.4 1190.8 1181.3 1087.2 1099.0 1072.3 1153.1 1186.4 1218.3 1189.8 1216.9 -999.0 -999.0 -999.0 -999.0 -999.0 -999.0 -999.0 -999.0 -999.0 -999.0 -999.0 -999.0 -999.0 -999.0 -999.0 -999.0 -999.0 -999.0 -999.0
794.0 -999.0 -999.0 926.2 563.0 988.7 798.8 1425.4 1070.3 984.5 980.8 686.5 843.5 487.8 537.7 638.9 873.4 1054.8 1241.2 1318.8 1024.3 1202.3 1337.0 1113.0 952.1 829.8 937.4 1046.2 1014.3 1031.5 852.6 834.0 1123.9 1121.9 1142.7 1197.1 1011.3 1007.7 1071.8 1195.3 1250.7 1194.2 1045.8 1174.9 1114.2 1109.1 1010.4 1147.8 1129.5 1161.4 1131.1 1171.4 -999.0 -999.0 -999.0 -999.0 -999.0 -999.0 -999.0 -999.0 -999.0 -999.0 -999.0 -999.0 -999.0 -999.0 -999.0 -999.0 -999.0 -999.0 -999.0
986.0 -999.0 -999.0 1163.7 1253.0 1227.9 1324.4 1081.2 866.3 622.1 989.4 860.7 912.0 1024.9 1085.8 877.9 877.5 897.1 936.4 1004.0 746.9 1243.1 1058.8 1091.5 941.9 716.3 806.6 996.0 958.5 924.0 767.2 931.1 1237.5 846.1 1011.7 917.9 822.9 1039.4 964.8 1182.0 1104.8 937.4 1071.8 1112.6 1188.5 1106.3 1170.0 1177.5 1079.1 1168.8 1172.8 -999.0 -999.0 -999.0 -999.0 -999.0 -999.0 -999.0 -999.0 -999.0 -999.0 -999.0 -999.0 -999.0 -999.0 -999.0 -999.0 -999.0 -999.0 -999.0 -999.0
1383.4 1344.2 -999.0 -999.0 1442.3 1128.4 1303.7 1036.9 697.2 468.7 752.4 447.2 709.8 822.9 885.9 1113.5 1059.7 924.3 934.4 815.5 1357.8 1080.5 1140.8 724.6 944.1 954.5 659.1 873.8 877.7 889.7 991.4 1131.9 1016.2 935.1 986.0 893.5 908.0 779.8 910.2 1087.5 883.5 1043.8 1127.7 1122.8 982.6 1138.5 1218.0 1275.9 1208.3 1186.7 1183.8 -999.0 -999.0 -999.0 -999.0 -999.0 -999.0 -999.0 -999.0 -999.0 -999.0 -999.0 -999.0 -999.0 -999.0 -999.0 -999.0 -999.0 -999.0 -999.0 -999.0
1214.9 1321.2 -999.0 -999.0 1287.5 1294.0 1376.6 1001.7 1425.4 1040.1 745.2 520.9 387.6 563.2 1001.7 976.5 885.6 703.3 936.5 1270.4 1016.1 990.1 983.9 797.8 863.3 922.1 687.9 965.9 1027.7 1046.4 1076.8 700.3 965.0 949.9 573.8 773.0 883.3 841.2 1029.0 1029.0 1065.2 1134.3 1198.0 1187.7 1210.4 1128.6 1214.2 1244.9 1214.2 1178.0 -999.0 -999.0 -999.0 -999.0 -999.0 -999.0 -999.0 -999.0 -999.0 -999.0 -999.0 -999.0 -999.0 -999.0 -999.0 -999.0 -999.0 -999.0 -999.0 -999.0 -999.0
1178.4 1319.6 1252.5 988.5 708.7 922.5 743.9 901.3 1220.5 855.1 407.7 451.2 1035.8 818.8 973.4 782.1 637.9 686.0 900.1 1142.7 991.7 626.6 551.0 803.3 779.3 755.0 1027.4 1099.0 1115.7 922.7 764.9 997.7 987.1 977.9 824.2 648.6 774.1 610.9 1048.0 788.2 947.4 942.3 711.5 1096.0 1273.6 1151.9 1110.8 1222.6 1182.2 -999.0 -999.0 -999.0 -999.0 -999.0 -999.0 -999.0 -999.0 -999.0 -999.0 -999.0 -999.0 -999.0 -999.0 -999.0 -999.0 -999.0 -999.0 -999.0 -999.0 -999.0 -999.0
1425.0 1092.0 1304.7 748.2 1451.0 1337.6 1077.4 634.1 469.4 862.2 734.0 841.9 541.7 701.8 775.2 798.9 1010.5 1000.0 1032.1 1009.1 769.9 501.7 632.7 883.0 592.0 936.7 824.4 1149.8 1169.0 1082.6 921.9 828.1 824.6 783.5 626.4 662.9 933.8 830.4 1113.8 1095.6 1172.2 1138.9 1130.4 1208.1 1251.3 1269.8 1240.9 1202.3 1288.0 -999.0 -999.0 -999.0 -999.0 -999.0 -999.0 -999.0 -999.0 -999.0 -999.0 -999.0 -999.0 -999.0 -999.0 -999.0 -999.0 -999.0 -999.0 -999.0 -999.0 -999.0 -999.0
-999.0 1272.4 1145.8 -999.0 1443.1 870.1 539.5 446.3 891.6 1024.0 941.4 488.5 496.2 1065.6 1152.9 938.4 656.6 1123.8 1011.5 762.2 558.2 510.6 552.8 475.2 750.0 661.7 824.2 1126.9 692.7 1009.7 636.2 669.8 633.3 550.9 681.6 875.1 1003.0 880.9 978.9 903.3 1055.7 1042.8 1146.7 1184.2 1221.2 1257.4 1313.4 1256.6 -999.0 -999.0 -999.0 -999.0 -999.0 -999.0 -999.0 -999.0 -999.0 -999.0 -999.0 -999.0 -999.0 -999.0 -999.0 -999.0 -999.0 -999.0 -999.0 -999.0 -999.0 -999.0 -999.0
1475.7 1082.3 1448.2 -999.0 663.6 988.0 913.7 1442.1 745.9 968.1 452.8 537.3 821.3 639.0 579.5 920.0 1273.2 752.2 717.1 648.0 455.8 437.5 454.2 430.1 680.2 949.8 1197.5 1148.7 1056.1 762.2 518.9 571.1 814.7 681.0 853.6 754.4 852.2 965.2 1050.4 967.6 950.1 977.8 1098.8 1048.3 1225.6 1147.1 1151.1 1251.4 -999.0 -999.0 -999.0 -999.0 -999.0 -999.0 -999.0 -999.0 -999.0 -999.0 -999.0 -999.0 -999.0 -999.0 -999.0 -999.0 -999.0 -999.0 -999.0 -999.0 -999.0 -999.0 -999.0
1168.7 1424.5 -999.0 1241.0 1105.6 789.5 1091.7 896.8 663.3 1063.1 1052.6 886.6 1046.4 1198.0 1207.5 1185.7 790.7 501.7 481.6 479.8 446.7 345.6 464.1 835.8 1038.4 1054.3 565.7 859.1 294.7 252.4 489.7 523.1 523.3 715.5 798.3 815.9 762.0 1172.6 1176.7 1107.1 1159.9 1130.6 716.5 929.2 1289.3 1287.9 1279.6 1247.7 1305.4 -999.0 -999.0 -999.0 -999.0 -999.0 -999.0 -999.0 -999.0 -999.0 -999.0 -999.0 -999.0 -999.0 -999.0 -999.0 -999.0 -999.0 -999.0 -999.0 -999.0 -999.0 -999.0
-999.0 -999.0 1462.1 948.1 885.2 758.3 1210.6 878.4 530.1 1032.7 935.7 695.0 741.0 726.1 893.7 636.7 576.7 423.3 709.9 748.4 602.8 484.9 653.9 1046.3 922.6 993.9 668.5 317.7 583.1 319.3 461.7 478.4 558.3 653.7 681.6 874.8 1090.5 1200.7 1115.9 1228.5 1261.4 1120.5 1171.2 1249.7 1324.7 1219.5 1175.4 1213.1 -999.0 -999.0 -999.0 -999.0 -999.0 -999.0 -999.0 -999.0 -999.0 -999.0 -999.0 -999.0 -999.0 -999.0 -999.0 -999.0 -999.0 -999.0 -999.0 -999.0 -999.0 -999.0 -999.0
-999.0 -999.0 1444.4 1453.2 1155.2 751.4 1008.0 697.3 1163.0 1188.8 1118.4 907.3 511.3 420.5 567.1 817.9 878.7 803.7 570.4 766.9 796.6 902.3 889.2 728.6 663.8 557.2 432.9 452.5 428.2 662.6 694.6 737.3 1012.2 977.6 880.3 835.3 762.1 908.9 1021.2 803.4 971.1 1279.5 1192.4 1069.3 1042.6 1038.4 1152.1 -999.0 -999.0 -999.0 -999.0 -999.0 -999.0 -999.0 -999.0 -999.0 -999.0 -999.0 -999.0 -999.0 -999.0 -999.0 -999.0 -999.0 -999.0 -999.0 -999.0 -999.0 -999.0 -999.0 -999.0
-999.0 -999.0 1147.3 824.2 1349.3 679.9 603.9 690.9 570.0 736.2 1059.1 946.9 1097.7 1158.1 543.9 651.1 567.1 210.7 1002.0 872.7 869.6 798.5 830.7 606.4 658.3 484.7 644.0 714.2 749.1 662.6 817.9 583.8 577.0 437.8 573.0 780.4 602.4 399.6 600.6 679.3 830.2 844.4 905.7 917.7 1045.3 1090.4 1203.8 -999.0 -999.0 -999.0 -999.0 -999.0 -999.0 -999.0 -999.0 -999.0 -999.0 -999.0 -999.0 -999.0 -999.0 -999.0 -999.0 -999.0 -999.0 -999.0 -999.0 -999.0 -999.0 -999.0 -999.0
-999.0 1433.9 1505.8 1279.2 1559.4 1310.3 1088.7 786.7 1111.0 1056.0 489.3 1003.4 1062.2 1071.5 1068.1 665.3 879.5 1078.8 924.4 490.0 587.7 822.1 378.9 555.1 613.7 496.4 428.3 516.4 566.9 546.8 558.5 595.7 535.8 315.7 836.3 575.3 592.9 988.0 1014.0 699.2 876.9 813.3 798.9 1114.1 1053.0 1088.5 1144.0 -999.0 -999.0 -999.0 -999.0 -999.0 -999.0 -999.0 -999.0 -999.0 -999.0 -999.0 -999.0 -999.0 -999.0 -999.0 -999.0 -999.0 -999.0 -999.0 -999.0 -999.0 -999.0 -999.0 -999.0
-999.0 -999.0 1432.8 1176.0 617.7 1293.1 1484.1 1287.4 1351.1 1369.4 1307.6 1205.4 932.6 902.4 643.8 997.3 900.2 905.0 504.6 624.9 888.0 798.0 360.7 660.5 544.3 755.8 475.3 501.1 738.8 340.8 423.7 481.7 340.3 381.5 585.7 433.7 546.4 711.7 943.6 1149.4 1087.8 863.5 1005.3 1213.8 1199.1 1075.6 1254.9 -999.0 -999.0 -999.0 -999.0 -999.0 -999.0 -999.0 -999.0 -999.0 -999.0 -999.0 -999.0 -999.0 -999.0 -999.0 -999.0 -999.0 -999.0 -999.0 -999.0 -999.0 -999.0 -999.0 -999.0
1398.9 1407.3 1421.6 1335.0 950.0 1447.8 670.1 1080.5 851.1 643.9 1304.0 1166.4 111.0 324.9 391.6 619.4 431.4 513.5 465.1 464.6 411.6 649.9 624.2 807.0 826.2 855.3 680.2 703.8 437.8 725.1 669.6 821.8 642.3 445.7 541.6 1013.7 719.7 635.8 937.0 703.3 1077.1 1219.8 1244.4 1240.1 1056.9 1140.3 -999.0 -999.0 -999.0 -999.0 -999.0 -999.0 -999.0 -999.0 -999.0 -999.0 -999.0 -999.0 -999.0 -999.0 -999.0 -999.0 -999.0 -999.0 -999.0 -999.0 -999.0 -999.0 -999.0 -999.0 -999.0
