GDD/GrowingDegreeDays_2002_Actual.txt
ncols         180
nrows         290
xllcorner     -200000
yllcorner     -200000
cellsize      5000
NODATA_value    -999
[rows 160 to 191 of 290, columns 71 to 141 of 180]
-999.0 -999.0 -999.0 -999.0 -999.0 -999.0 -999.0 -999.0 -999.0 -999.0 -999.0 -999.0 -999.0 -999.0 -999.0 -999.0 -999.0 -999.0 -999.0 -999.0 -999.0 -999.0 -999.0 -999.0 -999.0 -999.0 -999.0 -999.0 -999.0 -999.0 -999.0 -999.0 -999.0 -999.0 -999.0 1866.1 1863.6 1843.0 1768.4 1460.1 1317.0 1048.4 1397.0 1242.8 1725.1 1587.3 1602.1 1465.5 1388.2 1466.8 1360.2 1761.9 1761.3 1767.0 1788.1 1844.2 1750.8 1848.7 1878.3 1890.6 1938.6 1941.5 1902.2 1873.2 1848.6 1826.1 1668.3 1745.4 1839.7 1886.6 1916.7
-999.0 -999.0 -999.0 -999.0 -999.0 -999.0 -999.0 -999.0 -999.0 -999.0 -999.0 -999.0 -999.0 -999.0 -999.0 -999.0 -999.0 -999.0 -999.0 -999.0 -999.0 -999.0 -999.0 -999.0 -999.0 -999.0 -999.0 -999.0 -999.0 -999.0 -999.0 -999.0 -999.0 -999.0 -999.0 1893.5 1893.2 1890.1 1896.0 1796.4 1444.6 1689.9 1666.2 1792.8 1627.1 1289.0 1483.3 1354.4 1420.7 1332.7 1781.2 1446.5 1709.4 1598.9 1664.6 1674.8 1794.7 1821.1 1861.8 1888.3 1907.1 1910.9 1880.1 1851.8 1858.5 1863.1 1830.2 1726.1 1806.0 1885.5 1921.1
-999.0 -999.0 -999.0 -999.0 -999.0 -999.0 -999.0 -999.0 -999.0 -999.0 -999.0 -999.0 -999.0 -999.0 -999.0 -999.0 -999.0 -999.0 -999.0 -999.0 -999.0 -999.0 -999.0 -999.0 -999.0 -999.0 -999.0 -999.0 -999.0 -999.0 -999.0 -999.0 -999.0 -999.0 -999.0 1874.9 1899.6 1827.5 1927.3 1856.8 1731.5 1692.6 1757.8 1828.3 1642.7 1508.9 1507.3 1374.9 1204.7 1516.5 1644.0 1869.8 1727.8 1932.7 1865.0 1797.1 1748.4 1816.8 1831.1 1862.3 1883.8 1885.3 1872.6 1854.2 1859.3 1865.3 1855.5 1768.9 1730.8 1886.6 2004.6
-999.0 -999.0 -999.0 -999.0 -999.0 -999.0 -999.0 -999.0 -999.0 -999.0 -999.0 -999.0 -999.0 -999.0 -999.0 -999.0 -999.0 -999.0 -999.0 -999.0 -999.0 -999.0 -999.0 -999.0 -999.0 -999.0 -999.0 -999.0 -999.0 -999.0 -999.0 -999.0 -999.0 -999.0 -999.0 1876.9 1856.6 1828.7 1871.2 1866.0 1811.3 1821.4 1723.1 1577.8 1768.7 1674.9 1548.6 1112.1 1139.2 1159.1 1395.8 1684.8 1800.4 1774.8 1935.7 1996.6 1854.1 1781.5 1866.3 1895.0 1889.9 1909.8 1895.3 1883.3 1885.3 1896.0 1903.5 1788.7 1738.6 1958.6 2092.8
-999.0 -999.0 -999.0 -999.0 -999.0 -999.0 -999.0 -999.0 -999.0 -999.0 -999.0 -999.0 -999.0 -999.0 -999.0 -999.0 -999.0 -999.0 -999.0 -999.0 -999.0 -999.0 -999.0 -999.0 -999.0 -999.0 -999.0 -999.0 -999.0 -999.0 -999.0 -999.0 -999.0 -999.0 -999.0 1889.8 1895.2 1897.7 1924.8 1903.6 1883.6 1762.6 1742.0 1603.6 1531.7 1335.6 1216.5 1127.2 1381.6 1285.9 1530.3 1629.6 1820.7 1674.1 1802.4 1951.0 2001.8 1982.1 1939.5 1939.5 1919.7 1918.0 1921.1 1915.2 1910.8 1925.8 1921.8 1931.3 1879.5 1991.2 2094.6
-999.0 -999.0 -999.0 -999.0 -999.0 -999.0 -999.0 -999.0 -999.0 -999.0 -999.0 -999.0 -999.0 -999.0 -999.0 -999.0 -999.0 -999.0 -999.0 -999.0 -999.0 -999.0 -999.0 -999.0 -999.0 -999.0 -999.0 -999.0 -999.0 -999.0 -999.0 -999.0 -999.0 -999.0 -999.0 -999.0 1859.3 1882.9 1911.8 1909.5 1788.5 1545.6 1503.6 1436.8 1529.2 1582.6 1377.5 1391.1 1278.3 1428.0 1733.6 1976.5 1906.9 1861.9 1817.4 2012.0 1994.9 1896.3 1923.4 1974.4 1928.6 1943.4 1947.3 1949.6 1937.9 1940.4 1934.3 1925.5 1968.8 1991.4 2036.0
-999.0 -999.0 -999.0 -999.0 -999.0 -999.0 -999.0 -999.0 -999.0 -999.0 -999.0 -999.0 -999.0 -999.0 -999.0 -999.0 -999.0 -999.0 -999.0 -999.0 -999.0 -999.0 -999.0 -999.0 -999.0 -999.0 -999.0 -999.0 -999.0 -999.0 -999.0 -999.0 -999.0 -999.0 -999.0 1939.3 1885.8 1899.4 1930.4 1898.1 1802.1 1397.0 1346.1 1521.8 1268.5 1325.9 1438.3 1457.9 1142.1 1388.2 1428.9 1718.4 2027.3 1774.0 1963.0 2088.6 1924.5 1902.9 1974.8 1941.5 1969.5 1973.7 1967.2 1960.3 1952.8 1952.9 1815.8 1900.4 1957.5 1846.0 1913.6
-999.0 -999.0 -999.0 -999.0 -999.0 -999.0 -999.0 -999.0 -999.0 -999.0 -999.0 -999.0 -999.0 -999.0 -999.0 -999.0 -999.0 -999.0 -999.0 -999.0 -999.0 -999.0 -999.0 -999.0 -999.0 -999.0 -999.0 -999.0 -999.0 -999.0 -999.0 -999.0 -999.0 -999.0 -999.0 1954.3 1944.5 1926.3 1940.5 1727.8 1798.4 1706.4 1416.0 1697.8 1669.2 1607.8 1692.8 1663.3 1327.8 1429.2 1474.2 1854.9 1722.6 1610.2 1885.1 1812.4 1870.3 1822.1 1888.0 1939.1 2002.3 2011.3 1997.9 1985.5 1963.5 1979.3 1964.4 1895.2 1981.8 1945.6 1878.5
-999.0 -999.0 -999.0 -999.0 -999.0 -999.0 -999.0 -999.0 -999.0 -999.0 -999.0 -999.0 -999.0 -999.0 -999.0 -999.0 -999.0 -999.0 -999.0 -999.0 -999.0 -999.0 -999.0 -999.0 -999.0 -999.0 -999.0 -999.0 -999.0 -999.0 -999.0 -999.0 -999.0 -999.0 1917.7 1968.3 1938.4 1825.9 1861.5 1831.9 1868.7 1772.3 1766.3 1867.7 1846.2 1852.6 1803.2 1676.7 1358.9 1149.0 1109.6 1540.9 1427.3 1526.8 1832.1 1840.2 1949.0 1904.9 1902.7 1978.2 2033.2 2034.0 2027.0 2006.6 1974.4 1996.5 1984.5 1971.8 1974.5 1969.2 1818.1
-999.0 -999.0 -999.0 -999.0 -999.0 -999.0 -999.0 -999.0 -999.0 -999.0 -999.0 -999.0 -999.0 -999.0 -999.0 -999.0 -999.0 -999.0 -999.0 -999.0 -999.0 -999.0 -999.0 -999.0 -999.0 -999.0 -999.0 -999.0 -999.0 -999.0 -999.0 -999.0 -999.0 -999.0 -999.0 1966.5 1986.7 1931.6 1905.1 1717.2 1930.3 1927.8 1952.1 1949.9 1910.0 1950.6 1912.9 1791.9 1669.6 1243.9 1084.1 1045.8 1385.7 1431.7 1627.8 1805.1 1804.6 2032.9 2030.2 1936.8 2044.8 2067.4 2063.8 2027.6 1989.4 2001.4 1997.9 1970.6 1988.1 1989.0 1964.2
-999.0 -999.0 -999.0 -999.0 -999.0 -999.0 -999.0 -999.0 -999.0 -999.0 -999.0 -999.0 -999.0 -999.0 -999.0 -999.0 -999.0 -999.0 -999.0 -999.0 -999.0 -999.0 -999.0 -999.0 -999.0 -999.0 -999.0 -999.0 -999.0 -999.0 -999.0 -999.0 -999.0 -999.0 -999.0 2015.0 2019.2 2033.3 2015.8 1968.7 1954.1 1965.7 2020.9 2028.4 2085.8 2104.7 2040.9 1916.7 1687.4 1608.7 1126.8 972.0 1032.5 1307.5 1550.4 1733.8 1905.9 1872.1 1979.4 1886.3 2026.8 2049.3 2069.4 2021.8 1996.3 1995.1 1973.8 1977.1 1983.8 1983.6 1928.0
-999.0 -999.0 -999.0 -999.0 -999.0 -999.0 -999.0 -999.0 -999.0 -999.0 -999.0 -999.0 -999.0 -999.0 -999.0 1900.7 1912.5 1885.1 1838.6 -999.0 -999.0 -999.0 -999.0 -999.0 -999.0 -999.0 -999.0 -999.0 -999.0 -999.0 -999.0 -999.0 -999.0 -999.0 1986.7 2084.1 2042.1 2060.5 1967.1 1966.1 2019.3 2024.2 2026.5 2066.9 2082.6 2109.6 2052.6 1949.1 1789.2 1422.7 1182.8 1172.4 1448.7 1256.5 1465.1 1899.5 1881.5 2031.4 1766.7 1802.3 1976.6 1988.8 1997.0 1983.7 1978.6 1985.5 1982.6 1971.0 1966.2 1985.3 1950.6
-999.0 -999.0 -999.0 -999.0 -999.0 -999.0 -999.0 -999.0 -999.0 -999.0 -999.0 -999.0 -999.0 -999.0 -999.0 1833.9 1805.4 1861.4 1949.5 -999.0 -999.0 -999.0 -999.0 -999.0 -999.0 -999.0 -999.0 -999.0 -999.0 -999.0 -999.0 -999.0 -999.0 2132.3 1928.3 2031.1 2038.4 1944.7 2034.8 1971.7 2045.7 2039.4 2032.7 2059.9 2042.1 2014.5 2030.5 1966.5 1847.5 1700.4 1198.4 1136.3 1475.0 1423.7 1596.1 1732.0 2056.3 2046.6 1859.2 1815.9 1921.5 2013.0 2027.9 2010.4 1967.5 1983.3 1978.8 1963.0 1908.5 1960.1 1932.8
-999.0 -999.0 -999.0 -999.0 -999.0 -999.0 -999.0 -999.0 -999.0 -999.0 -999.0 -999.0 -999.0 1792.9 1960.2 1937.2 1802.5 1863.9 1885.2 2052.6 2081.6 2074.1 -999.0 -999.0 1958.0 2069.9 -999.0 -999.0 -999.0 2087.3 1965.1 1962.1 -999.0 2155.7 1904.1 1996.5 2056.7 2054.2 2050.0 1941.2 1946.8 1923.6 1981.3 1961.1 2045.6 1940.1 1952.5 1921.6 1495.8 1834.8 1691.1 1355.9 1757.7 1654.6 1306.4 1925.2 1782.0 1967.6 1871.6 1850.7 1923.1 1971.9 2008.5 2036.3 2014.7 2024.5 1970.2 1959.5 1870.5 1954.9 1956.6
-999.0 -999.0 -999.0 -999.0 -999.0 -999.0 -999.0 -999.0 -999.0 -999.0 -999.0 -999.0 -999.0 -999.0 1940.4 1933.7 1903.6 1938.9 1986.4 1997.2 1891.8 2137.2 -999.0 2135.4 1982.4 1781.6 1914.0 1817.7 2079.1 2087.3 1634.9 1668.5 1810.8 -999.0 2035.1 1930.4 1970.2 2040.8 2036.5 1919.7 2013.1 2087.5 2080.4 2019.6 1979.0 1937.1 1823.6 1824.7 1459.7 1396.7 1477.2 1443.7 1488.4 1349.1 1423.1 1692.0 1927.6 1978.9 1769.6 1766.5 1912.0 1884.3 1984.6 1973.5 1981.5 2014.6 1966.9 1966.4 1879.2 1952.7 1971.7
-999.0 -999.0 -999.0 -999.0 -999.0 -999.0 -999.0 -999.0 -999.0 -999.0 -999.0 -999.0 -999.0 -999.0 -999.0 1951.7 1923.6 1928.7 2064.8 2124.9 2170.7 2184.8 1624.7 951.6 1917.2 1522.2 1499.1 1611.1 1790.6 1995.9 1970.8 1745.0 1550.0 1800.9 2042.8 2039.9 1960.3 1996.8 1968.4 1799.6 1917.4 2077.3 2116.4 2032.0 1964.5 1919.8 1814.5 1751.1 1280.0 1188.4 1410.4 1435.9 1597.2 1650.3 1584.4 1671.3 1908.7 1934.9 1791.7 1829.8 1864.6 1826.8 1943.1 1894.0 1984.4 1991.3 1982.7 1951.5 1817.5 1974.6 1991.9
-999.0 -999.0 -999.0 -999.0 -999.0 -999.0 -999.0 -999.0 -999.0 -999.0 -999.0 -999.0 -999.0 -999.0 -999.0 -999.0 1890.7 2045.4 2120.2 2189.7 2076.9 1779.7 682.9 1244.5 2081.8 1418.3 1741.9 1420.5 1504.1 1828.0 2001.9 1406.0 1643.6 1646.5 1859.2 2037.8 1988.1 1954.9 2000.6 1893.1 1879.0 1971.5 2014.8 2017.2 1938.9 1894.3 1831.2 1585.3 1456.0 1116.0 1348.2 1341.7 1397.8 1767.3 1622.1 1533.1 1753.0 1809.8 1774.1 1829.7 1811.4 1822.3 1917.0 1878.0 1982.8 2006.4 1970.9 1983.1 1958.2 1967.7 2001.9
-999.0 -999.0 -999.0 -999.0 -999.0 -999.0 -999.0 -999.0 -999.0 -999.0 -999.0 -999.0 -999.0 -999.0 -999.0 -999.0 -999.0 2075.3 2116.6 1940.4 1691.5 788.9 680.8 1225.1 1563.4 1557.3 1420.0 1286.0 1318.7 1351.4 1718.2 1879.5 1347.4 1661.2 1828.9 1859.1 1972.6 1989.7 1963.8 1943.7 1907.1 1955.9 2000.8 1963.8 1904.6 1862.2 1783.2 1588.1 1364.7 1249.2 1445.1 1483.0 1364.5 1561.1 1881.1 1574.4 1816.8 1773.7 1732.9 1818.8 1832.0 1864.1 1874.8 1876.2 1979.1 2014.1 1994.4 2031.8 1913.2 1971.7 2008.2
-999.0 -999.0 -999.0 -999.0 -999.0 -999.0 -999.0 -999.0 -999.0 -999.0 -999.0 -999.0 -999.0 -999.0 -999.0 -999.0 -999.0 2084.1 1983.4 1541.7 1362.8 1183.6 918.4 1571.3 1772.6 1487.3 1213.2 1170.4 1148.1 1367.0 1662.6 1935.7 1299.8 1443.8 1783.1 1856.8 2018.5 2011.2 1951.1 1851.5 1883.5 1909.1 1925.7 1949.3 1914.8 1842.4 1621.6 1516.4 1631.0 1205.1 1415.2 1399.3 1314.8 1387.5 1644.0 1782.8 1819.9 1892.3 1749.7 1707.9 1829.7 1868.3 1943.4 1944.2 2010.5 2002.9 2014.6 2039.5 2013.9 1962.6 1999.8
-999.0 -999.0 -999.0 -999.0 -999.0 -999.0 -999.0 -999.0 -999.0 -999.0 -999.0 -999.0 -999.0 -999.0 -999.0 -999.0 -999.0 2087.3 1890.4 1617.4 1647.6 1147.3 1334.8 1666.5 1499.7 1640.6 1437.9 1153.6 1320.8 1134.5 1370.0 1726.6 1346.6 1332.3 1520.8 1908.0 1983.6 2024.2 1909.3 1788.3 1821.6 1888.5 1913.9 1937.3 1893.2 1730.0 1648.1 1678.6 1638.3 1379.0 1428.5 1471.1 1513.4 1634.9 1667.1 1618.0 1916.0 1802.1 1786.4 1844.2 1827.5 1906.7 1866.1 2006.7 2021.0 2006.3 2021.9 2027.1 1871.2 1970.2 2012.7
-999.0 -999.0 -999.0 -999.0 -999.0 -999.0 -999.0 -999.0 -999.0 -999.0 -999.0 -999.0 -999.0 -999.0 -999.0 -999.0 2064.5 1101.0 1741.5 1555.7 1341.6 1765.1 805.7 1032.3 1140.4 1303.9 1070.8 1333.9 1275.9 1384.1 1528.5 1394.1 1130.1 1374.2 1530.9 1911.5 2013.1 2044.4 1850.0 1827.0 1871.2 1893.2 1937.5 1911.5 1789.8 1812.0 1798.0 1599.5 1461.5 1695.5 1311.8 1404.5 1705.9 1673.1 1760.2 1842.7 1847.9 1891.0 1883.8 1942.4 1856.9 1937.1 2015.6 1905.1 2017.6 2002.8 1989.8 1989.0 1864.3 1970.0 2019.5
-999.0 -999.0 -999.0 -999.0 -999.0 -999.0 -999.0 -999.0 -999.0 -999.0 -999.0 -999.0 -999.0 -999.0 2086.4 2036.2 1598.3 1694.7 1881.5 1817.6 1580.6 1867.6 1580.0 1396.4 1071.4 1112.1 993.3 1145.2 1096.1 1559.7 1341.1 1424.0 1754.2 1758.1 1873.1 1852.7 1947.9 1983.2 1850.2 1828.0 1830.4 1888.7 1869.0 1732.1 1828.3 1779.0 1839.2 1639.3 1547.7 1589.2 1679.7 1772.2 1650.2 1737.5 1800.8 1814.1 1826.8 1854.4 1963.0 1954.7 1988.5 2060.9 2051.1 2016.1 2000.3 1963.4 1992.2 1980.4 1875.9 1968.9 2032.1
-999.0 -999.0 -999.0 -999.0 -999.0 -999.0 -999.0 -999.0 -999.0 -999.0 -999.0 -999.0 -999.0 2065.5 2010.4 1994.2 1968.7 2007.9 2045.6 1996.1 2020.2 1988.0 1654.2 1452.9 1276.7 712.2 1286.8 1433.5 1381.4 1656.5 1122.7 1111.7 1283.6 1664.1 1848.1 1837.7 1860.3 1886.1 1836.9 1776.6 1826.0 1835.6 1820.0 1743.5 1706.8 1830.2 1809.4 1640.8 1648.4 1687.9 1718.3 1729.8 1736.1 1877.4 1848.8 1922.8 2001.4 1910.6 1971.7 2055.4 2114.5 2093.4 2002.3 2021.9 2000.5 1966.8 1956.3 1959.8 1829.1 1916.5 2007.1
-999.0 -999.0 -999.0 -999.0 -999.0 -999.0 -999.0 -999.0 -999.0 -999.0 -999.0 -999.0 2068.9 1872.2 1923.3 1962.6 -999.0 -999.0 -999.0 -999.0 2002.9 1308.7 1325.2 1335.6 1170.0 1302.3 1405.4 1072.1 1133.6 1349.9 695.8 946.0 1274.1 1338.1 1697.7 1936.6 1868.6 1835.0 1857.3 1835.0 1845.3 1859.6 1798.9 1845.9 1693.6 1782.5 1779.7 1749.0 1726.5 1729.4 1761.4 1875.1 1889.0 1923.9 1955.2 1992.6 2046.8 2055.7 2036.1 2054.8 2058.9 2028.6 2014.6 2013.2 1942.8 1892.5 1891.0 1915.7 1856.9 1908.3 1943.6
-999.0 -999.0 -999.0 -999.0 -999.0 -999.0 -999.0 -999.0 -999.0 -999.0 -999.0 -999.0 2000.6 1701.3 2057.2 2090.2 -999.0 -999.0 -999.0 -999.0 2006.6 1528.2 1182.5 1624.8 1151.6 1165.1 1198.7 949.2 883.4 1205.3 912.8 1546.0 1517.1 1632.8 1800.0 1943.7 1910.8 1844.9 1834.5 1787.9 1740.2 1862.0 1802.4 1827.9 1806.3 1727.1 1820.9 1802.1 1879.1 1807.9 1743.3 1742.1 1773.5 1938.6 2004.5 2023.7 2029.1 1963.8 1975.0 1951.5 1956.2 1956.2 1870.1 1935.2 1763.7 1778.3 1780.2 1888.3 1870.6 1917.8 1956.1
-999.0 -999.0 -999.0 -999.0 -999.0 -999.0 -999.0 -999.0 -999.0 -999.0 -999.0 -999.0 -999.0 -999.0 -999.0 -999.0 -999.0 -999.0 -999.0 -999.0 2003.8 1423.3 1424.4 1637.8 1355.0 1508.5 916.2 1007.4 1463.2 1201.7 1271.8 1471.1 1485.0 1760.7 1882.9 1968.1 1831.1 1834.2 1806.7 1789.1 1821.5 1878.2 1898.6 1901.4 1862.9 1804.8 1869.4 1904.7 1891.4 1853.8 1894.6 1844.0 1826.0 2006.8 1880.3 1791.6 1905.9 1906.3 1929.7 1987.7 1924.6 1842.6 1737.2 1778.1 1846.0 1822.9 1783.2 1860.9 1855.6 1923.0 1953.2
-999.0 -999.0 -999.0 -999.0 -999.0 -999.0 -999.0 -999.0 -999.0 -999.0 -999.0 -999.0 -999.0 -999.0 -999.0 -999.0 -999.0 -999.0 -999.0 -999.0 -999.0 1439.0 2090.1 1923.4 1503.4 1039.9 1142.3 1033.0 1108.7 1532.6 1464.4 1409.6 1799.9 1863.1 1962.5 1951.4 1902.9 1837.4 1854.0 1858.9 1877.5 1924.9 1944.5 1913.0 1911.1 1846.0 1865.4 1933.2 1745.8 1831.9 1964.1 1976.2 1962.8 1951.1 1955.3 1826.5 1801.1 1880.0 1792.1 1952.4 1974.2 1874.3 1904.7 1868.8 1865.1 1903.4 1822.0 1863.1 1902.7 1975.3 1960.8
-999.0 -999.0 -999.0 -999.0 -999.0 -999.0 -999.0 -999.0 -999.0 -999.0 -999.0 -999.0 -999.0 -999.0 -999.0 -999.0 -999.0 -999.0 -999.0 -999.0 -999.0 1817.9 1249.4 1165.6 1352.3 1392.1 1473.9 1266.8 1494.6 1497.6 1705.5 1876.6 1663.9 1901.1 1953.9 1750.4 1784.1 1819.5 1878.2 1953.0 1957.2 1895.0 1931.1 1820.5 1831.8 1852.7 1889.5 1964.7 1775.2 1733.6 1888.8 1975.2 2001.9 1973.9 1948.8 1909.2 1857.1 1809.7 1633.6 1782.5 1982.1 1970.6 1899.7 1792.5 1725.1 1771.3 1881.2 1869.8 1928.2 1983.3 2032.2
-999.0 -999.0 -999.0 -999.0 -999.0 -999.0 -999.0 -999.0 -999.0 -999.0 -999.0 -999.0 -999.0 -999.0 -999.0 -999.0 -999.0 -999.0 -999.0 -999.0 1876.8 1690.0 1833.0 1029.1 1507.0 1614.4 1350.0 1395.9 1559.0 1305.9 1735.1 1866.2 1604.2 1973.7 1352.9 1645.2 1808.5 1822.5 1748.3 1901.3 1931.9 1679.1 1745.3 1815.8 1926.6 1879.3 1903.3 1950.2 1902.8 1891.5 1940.0 1987.7 1984.0 1982.8 1959.9 1894.1 1916.5 1816.7 1836.1 1896.7 1967.9 1934.5 1835.7 1744.3 1693.8 1749.7 1901.8 1916.7 1962.8 2006.6 2053.6
-999.0 -999.0 -999.0 -999.0 -999.0 -999.0 -999.0 -999.0 -999.0 -999.0 -999.0 -999.0 -999.0 -999.0 -999.0 -999.0 -999.0 -999.0 -999.0 -999.0 2112.0 1843.2 1148.2 1639.0 2007.1 1762.6 1668.6 1449.4 1253.3 1325.2 1704.6 1821.2 1782.1 1915.5 1789.1 1735.1 1656.0 1632.6 1848.5 1838.6 1857.1 1860.8 1827.2 1933.0 1934.6 1873.0 1903.5 1882.6 1898.4 1992.5 1986.7 1984.3 1983.3 1981.5 1983.6 1960.5 1968.0 1900.7 1862.6 1925.9 1986.5 1889.3 1740.8 1650.6 1756.3 1748.7 1800.1 1895.6 2001.9 1942.4 2058.0
-999.0 -999.0 -999.0 -999.0 -999.0 -999.0 -999.0 -999.0 -999.0 -999.0 -999.0 -999.0 -999.0 -999.0 -999.0 -999.0 -999.0 -999.0 -999.0 -999.0 2154.9 1670.4 2124.1 1774.1 1805.5 1697.5 1643.8 1133.6 1353.6 1247.4 1588.5 1742.6 1912.1 1924.5 1806.2 1524.8 1398.7 1277.1 1756.5 1605.9 1756.5 1778.8 1824.3 1984.8 1934.3 1901.8 1916.8 1900.6 1991.8 2027.6 1914.0 1937.2 1987.7 1972.0 1858.3 2000.0 1972.5 1939.2 1942.4 1986.1 1972.6 1863.0 1795.3 1776.6 1804.8 1819.2 1920.0 1967.2 1946.7 1960.8 2076.4
-999.0 -999.0 -999.0 -999.0 -999.0 -999.0 -999.0 -999.0 -999.0 -999.0 -999.0 -999.0 -999.0 -999.0 -999.0 -999.0 -999.0 -999.0 -999.0 -999.0 -999.0 2108.6 1705.6 1368.7 1137.4 1064.4 1340.0 1335.1 1545.7 1855.1 1881.3 1933.7 1826.6 1801.7 1864.8 1703.5 1689.5 1364.4 1594.5 1717.3 1764.1 1664.7 1728.0 1955.6 1850.0 1951.5 1990.4 1812.7 2017.3 2043.6 2047.4 1988.1 2008.4 1989.5 1835.3 1912.8 1995.0 1934.2 1954.6 1971.1 1919.3 1827.2 1861.8 1885.1 1941.1 1870.7 1965.0 1893.1 1924.3 2041.8 2084.8
