GDD/GrowingDegreeDays_2000_Actual.txt
ncols         180
nrows         290
xllcorner     -200000
yllcorner     -200000
cellsize      5000
NODATA_value    -999
[rows 64 to 95 of 290, columns 71 to 141 of 180]
-999.0 -999.0 -999.0 -999.0 -999.0 -999.0 -999.0 -999.0 -999.0 1447.8 1195.2 1225.8 1185.9 856.2 904.3 697.9 931.6 1020.0 920.8 945.6 373.4 931.0 537.8 889.9 854.8 1093.1 1162.1 1010.5 778.8 825.3 603.1 1021.3 -999.0 -999.0 -999.0 -999.0 -999.0 -999.0 -999.0 -999.0 -999.0 -999.0 -999.0 -999.0 -999.0 -999.0 -999.0 -999.0 -999.0 -999.0 -999.0 -999.0 -999.0 -999.0 -999.0 -999.0 -999.0 -999.0 -999.0 -999.0 -999.0 -999.0 -999.0 -999.0 -999.0 -999.0 -999.0 -999.0 -999.0 -999.0 -999.0
-999.0 -999.0 -999.0 -999.0 -999.0 -999.0 -999.0 -999.0 -999.0 -999.0 1463.9 1233.9 944.6 872.0 893.2 852.3 877.3 1303.4 1107.3 1056.5 781.3 726.0 697.0 883.3 1022.3 933.7 1004.0 1054.2 963.2 987.3 1053.9 1361.5 -999.0 -999.0 -999.0 -999.0 -999.0 -999.0 -999.0 -999.0 -999.0 -999.0 -999.0 -999.0 -999.0 -999.0 -999.0 -999.0 -999.0 -999.0 -999.0 -999.0 -999.0 -999.0 -999.0 -999.0 -999.0 -999.0 -999.0 -999.0 -999.0 -999.0 -999.0 -999.0 -999.0 -999.0 -999.0 -999.0 -999.0 -999.0 -999.0
-999.0 -999.0 -999.0 -999.0 -999.0 -999.0 -999.0 -999.0 1460.6 -999.0 1481.8 1279.6 891.9 858.9 771.2 519.6 1106.4 998.7 1263.6 1074.2 1064.3 940.4 828.5 1069.3 1033.5 945.2 876.0 851.9 985.7 1153.9 1361.6 -999.0 -999.0 -999.0 -999.0 -999.0 -999.0 -999.0 -999.0 -999.0 -999.0 -999.0 -999.0 -999.0 -999.0 -999.0 -999.0 -999.0 -999.0 -999.0 -999.0 -999.0 -999.0 -999.0 -999.0 -999.0 -999.0 -999.0 -999.0 -999.0 -999.0 -999.0 -999.0 -999.0 -999.0 -999.0 -999.0 -999.0 -999.0 -999.0 -999.0
-999.0 -999.0 -999.0 -999.0 -999.0 -999.0 -999.0 -999.0 1468.3 1431.0 1371.7 1388.2 878.6 1288.9 1070.8 1180.0 1011.4 1098.3 890.3 1234.6 1176.1 999.1 1037.6 985.0 993.7 1119.4 774.3 987.6 1026.2 -999.0 -999.0 -999.0 -999.0 -999.0 -999.0 -999.0 -999.0 -999.0 -999.0 -999.0 -999.0 -999.0 -999.0 -999.0 -999.0 -999.0 -999.0 -999.0 -999.0 -999.0 -999.0 -999.0 -999.0 -999.0 -999.0 -999.0 -999.0 -999.0 -999.0 -999.0 -999.0 -999.0 -999.0 -999.0 -999.0 -999.0 -999.0 -999.0 -999.0 -999.0 -999.0
-999.0 -999.0 -999.0 -999.0 -999.0 -999.0 -999.0 -999.0 -999.0 1436.2 733.6 1395.0 1126.5 1040.5 1046.3 1256.3 865.6 1046.3 899.7 951.0 1202.8 1084.6 1116.2 1071.6 1012.9 1037.7 947.2 1337.9 -999.0 -999.0 -999.0 -999.0 -999.0 -999.0 -999.0 -999.0 -999.0 -999.0 -999.0 -999.0 -999.0 -999.0 -999.0 -999.0 -999.0 -999.0 -999.0 -999.0 -999.0 -999.0 -999.0 -999.0 -999.0 -999.0 -999.0 -999.0 -999.0 -999.0 -999.0 -999.0 -999.0 -999.0 -999.0 -999.0 -999.0 -999.0 -999.0 -999.0 -999.0 -999.0 -999.0
-999.0 -999.0 -999.0 -999.0 -999.0 -999.0 -999.0 -999.0 -999.0 -999.0 1482.3 1016.7 1420.6 1158.4 700.6 1192.1 1144.7 1152.6 1339.4 1044.0 1223.3 1050.5 980.7 1289.4 976.8 1141.0 1270.5 -999.0 -999.0 -999.0 -999.0 -999.0 -999.0 -999.0 -999.0 -999.0 -999.0 -999.0 -999.0 -999.0 -999.0 -999.0 -999.0 -999.0 -999.0 -999.0 -999.0 -999.0 -999.0 -999.0 -999.0 -999.0 -999.0 -999.0 -999.0 -999.0 -999.0 -999.0 -999.0 -999.0 -999.0 -999.0 -999.0 -999.0 -999.0 -999.0 -999.0 -999.0 -999.0 -999.0 -999.0
-999.0 -999.0 -999.0 -999.0 -999.0 -999.0 1478.5 -999.0 -999.0 1506.5 1513.0 1220.2 1010.0 926.1 957.4 1216.5 1132.9 884.5 1060.9 1170.1 1328.5 1089.4 1008.9 1077.8 1375.5 1363.8 -999.0 -999.0 -999.0 -999.0 -999.0 -999.0 -999.0 -999.0 -999.0 -999.0 -999.0 -999.0 -999.0 -999.0 -999.0 -999.0 -999.0 -999.0 -999.0 -999.0 -999.0 -999.0 -999.0 -999.0 -999.0 -999.0 -999.0 -999.0 -999.0 -999.0 -999.0 -999.0 -999.0 -999.0 -999.0 -999.0 -999.0 -999.0 -999.0 -999.0 -999.0 -999.0 -999.0 -999.0 -999.0
-999.0 -999.0 -999.0 -999.0 1395.3 1564.9 1395.7 1533.3 1276.6 1518.1 989.7 1446.1 694.5 867.3 927.9 964.3 797.9 857.7 896.2 1323.7 1175.1 1272.7 987.8 1102.3 1221.1 1360.3 -999.0 -999.0 -999.0 -999.0 -999.0 -999.0 -999.0 -999.0 -999.0 -999.0 -999.0 -999.0 -999.0 -999.0 -999.0 -999.0 -999.0 -999.0 -999.0 -999.0 -999.0 -999.0 -999.0 -999.0 -999.0 -999.0 -999.0 -999.0 -999.0 -999.0 -999.0 -999.0 -999.0 -999.0 -999.0 -999.0 -999.0 -999.0 -999.0 -999.0 -999.0 -999.0 -999.0 -999.0 -999.0
-999.0 -999.0 -999.0 -999.0 1003.0 1534.1 1515.2 1284.0 1206.9 995.4 664.3 902.7 1487.2 709.7 639.4 736.2 660.6 1035.1 910.1 567.3 1097.1 1338.9 1378.2 1419.9 1391.0 -999.0 -999.0 1328.8 -999.0 -999.0 -999.0 -999.0 -999.0 -999.0 -999.0 -999.0 -999.0 -999.0 -999.0 -999.0 -999.0 -999.0 -999.0 -999.0 -999.0 -999.0 -999.0 -999.0 -999.0 -999.0 -999.0 -999.0 -999.0 -999.0 -999.0 -999.0 -999.0 -999.0 -999.0 -999.0 -999.0 -999.0 -999.0 -999.0 -999.0 -999.0 -999.0 -999.0 -999.0 -999.0 -999.0
-999.0 -999.0 -999.0 -999.0 1183.6 1337.1 1502.2 1220.0 776.5 1200.6 377.6 1038.1 1022.9 651.4 549.2 649.1 684.1 670.7 559.0 730.4 899.0 778.2 1141.5 1004.4 1339.8 1336.3 1303.4 1332.1 -999.0 -999.0 -999.0 -999.0 -999.0 -999.0 -999.0 -999.0 -999.0 -999.0 -999.0 -999.0 -999.0 -999.0 -999.0 -999.0 -999.0 -999.0 -999.0 -999.0 -999.0 -999.0 -999.0 -999.0 -999.0 -999.0 -999.0 -999.0 -999.0 -999.0 -999.0 -999.0 -999.0 -999.0 -999.0 -999.0 -999.0 -999.0 -999.0 -999.0 -999.0 -999.0 -999.0
-999.0 -999.0 -999.0 -999.0 1501.3 1182.6 1466.2 1108.9 1062.3 641.3 849.8 862.9 1042.4 1026.3 975.4 598.9 757.6 691.2 721.7 1062.2 1096.6 945.3 1155.6 1063.0 1316.0 1339.2 1291.0 -999.0 -999.0 -999.0 -999.0 -999.0 -999.0 -999.0 -999.0 -999.0 -999.0 -999.0 -999.0 -999.0 -999.0 -999.0 -999.0 -999.0 -999.0 -999.0 -999.0 -999.0 -999.0 -999.0 -999.0 -999.0 -999.0 -999.0 -999.0 -999.0 -999.0 -999.0 -999.0 -999.0 -999.0 -999.0 -999.0 -999.0 -999.0 -999.0 -999.0 -999.0 -999.0 -999.0 -999.0
-999.0 -999.0 -999.0 -999.0 1397.9 1482.7 1314.9 1550.3 558.3 772.5 762.1 855.6 613.3 330.7 778.4 928.0 954.8 624.1 744.6 1048.8 969.0 1135.1 1247.6 1420.0 1426.3 1137.2 -999.0 -999.0 -999.0 -999.0 -999.0 -999.0 -999.0 -999.0 -999.0 -999.0 -999.0 -999.0 -999.0 -999.0 -999.0 -999.0 -999.0 -999.0 -999.0 -999.0 -999.0 -999.0 -999.0 -999.0 -999.0 -999.0 -999.0 -999.0 -999.0 -999.0 -999.0 -999.0 -999.0 -999.0 -999.0 -999.0 -999.0 -999.0 -999.0 -999.0 -999.0 -999.0 -999.0 -999.0 -999.0
-999.0 -999.0 -999.0 1532.8 1150.0 1109.6 811.1 1053.4 1507.5 856.8 864.3 799.0 888.2 827.4 901.3 686.7 943.3 1001.8 461.8 881.0 1065.5 1440.0 1494.2 1490.7 1419.3 -999.0 -999.0 -999.0 -999.0 -999.0 -999.0 1400.6 1386.8 1375.4 1396.5 -999.0 -999.0 1433.4 1266.9 1326.6 1414.2 1411.6 -999.0 -999.0 -999.0 1292.8 -999.0 1298.2 1335.3 -999.0 -999.0 -999.0 -999.0 -999.0 -999.0 -999.0 -999.0 -999.0 -999.0 -999.0 -999.0 -999.0 -999.0 -999.0 -999.0 -999.0 -999.0 -999.0 -999.0 -999.0 -999.0
-999.0 -999.0 -999.0 -999.0 1373.3 1032.1 769.0 945.6 877.5 1469.0 873.2 931.9 728.3 908.8 964.8 1250.4 1084.2 842.2 945.9 1136.0 1322.2 1303.1 1209.6 1104.7 1376.8 -999.0 -999.0 -999.0 1433.9 1460.4 1447.2 1412.3 1371.0 1413.4 1415.3 1433.8 1425.0 1286.9 1138.2 1150.7 1310.2 1347.7 1393.4 1277.0 1102.1 1046.9 1136.7 1222.1 1271.9 1263.4 -999.0 -999.0 -999.0 -999.0 -999.0 -999.0 -999.0 -999.0 -999.0 -999.0 -999.0 -999.0 -999.0 -999.0 -999.0 -999.0 -999.0 -999.0 -999.0 -999.0 -999.0
-999.0 1362.6 -999.0 1373.9 1629.6 1520.1 1440.8 434.5 1371.3 1015.5 1216.0 893.4 1108.2 830.6 846.8 745.1 1155.4 1352.8 1376.8 1312.0 1466.4 1142.7 1221.2 1084.3 1313.6 1402.1 1421.0 1388.6 1430.5 1454.8 1300.5 1117.1 1322.9 1354.2 1234.2 1443.2 1080.5 940.7 1009.8 1083.1 1259.8 1147.2 1242.3 1292.4 1191.2 1047.1 1114.2 1180.0 1006.2 1222.2 1284.1 -999.0 -999.0 -999.0 -999.0 -999.0 -999.0 -999.0 -999.0 -999.0 -999.0 -999.0 -999.0 -999.0 -999.0 -999.0 -999.0 -999.0 -999.0 -999.0 -999.0
-999.0 -999.0 1526.6 844.2 1154.7 1242.8 661.5 875.4 542.3 1225.7 925.0 883.0 984.2 994.4 1195.0 685.2 823.5 850.1 1334.1 1482.4 1237.2 1338.0 1430.8 -999.0 1393.4 1344.7 1394.4 1270.5 1271.7 1303.7 1207.9 1222.9 1035.2 1010.6 1094.8 1218.6 1137.6 1143.8 1194.3 1204.7 1069.7 1205.7 1243.6 1223.4 1128.7 1127.6 1117.8 1139.8 1131.2 1117.8 1216.7 1286.9 -999.0 -999.0 -999.0 -999.0 -999.0 -999.0 -999.0 -999.0 -999.0 -999.0 -999.0 -999.0 -999.0 -999.0 -999.0 -999.0 -999.0 -999.0 -999.0
1389.8 -999.0 1534.4 1338.0 1029.8 899.8 1234.0 585.8 687.8 1135.1 994.1 762.8 687.1 715.4 982.0 972.6 763.4 909.8 993.1 1467.6 1495.7 1474.0 1448.3 1394.3 1186.4 1154.2 1176.9 1199.1 1279.2 1112.5 1019.9 1028.7 860.5 959.9 1178.6 1001.8 970.3 957.7 1032.7 1298.1 1307.9 1336.9 1231.9 1227.2 1122.5 1133.1 1095.4 1168.2 1170.4 1189.3 1223.3 1269.2 -999.0 -999.0 -999.0 -999.0 -999.0 -999.0 -999.0 -999.0 -999.0 -999.0 -999.0 -999.0 -999.0 -999.0 -999.0 -999.0 -999.0 -999.0 -999.0
850.3 -999.0 -999.0 997.0 577.2 1075.7 874.4 1592.6 1168.6 1058.1 1044.0 693.2 869.6 471.7 519.8 624.8 895.3 1106.3 1318.1 1393.4 1019.2 1229.7 1374.3 1134.1 959.3 817.4 939.3 1055.8 1017.7 1036.5 831.8 810.9 1140.4 1137.8 1161.0 1224.2 1020.3 1016.0 1088.3 1229.7 1299.0 1239.5 1078.1 1240.9 1176.3 1156.8 1041.7 1178.9 1129.5 1160.4 1154.4 1215.0 -999.0 -999.0 -999.0 -999.0 -999.0 -999.0 -999.0 -999.0 -999.0 -999.0 -999.0 -999.0 -999.0 -999.0 -999.0 -999.0 -999.0 -999.0 -999.0
1080.0 -999.0 -999.0 1286.5 1370.3 1348.4 1505.3 1212.9 940.3 642.0 1058.6 901.9 955.2 1077.0 1142.0 904.6 904.7 930.9 985.1 1056.7 735.8 1288.0 1080.7 1111.4 939.7 680.7 784.0 1000.9 961.1 922.0 742.8 934.4 1281.3 838.1 1026.3 917.6 811.3 1059.1 977.8 1229.8 1143.4 952.7 1114.4 1175.5 1272.8 1155.8 1222.2 1213.0 1084.3 1184.4 1201.9 -999.0 -999.0 -999.0 -999.0 -999.0 -999.0 -999.0 -999.0 -999.0 -999.0 -999.0 -999.0 -999.0 -999.0 -999.0 -999.0 -999.0 -999.0 -999.0 -999.0
1534.6 1505.7 -999.0 -999.0 1575.4 1216.0 1453.7 1144.4 735.4 478.5 782.6 443.2 722.0 847.7 918.8 1174.7 1116.8 965.4 985.9 841.2 1447.7 1120.7 1176.1 693.4 929.8 938.5 620.4 864.8 872.8 890.0 1008.3 1165.8 1041.3 947.5 1001.7 894.7 913.1 769.4 926.7 1139.7 899.3 1076.5 1174.0 1175.7 1014.9 1182.7 1263.0 1317.8 1232.6 1212.3 1219.2 -999.0 -999.0 -999.0 -999.0 -999.0 -999.0 -999.0 -999.0 -999.0 -999.0 -999.0 -999.0 -999.0 -999.0 -999.0 -999.0 -999.0 -999.0 -999.0 -999.0
1338.0 1476.3 -999.0 -999.0 1442.4 1435.9 1525.7 1093.9 1570.8 1125.3 776.3 524.4 378.5 560.8 1054.9 1026.4 921.0 709.3 991.3 1382.0 1068.7 1025.4 1004.3 773.6 833.2 900.9 652.6 973.8 1048.1 1073.4 1108.8 681.0 985.0 964.9 541.5 760.8 888.8 842.7 1062.9 1066.4 1105.3 1179.3 1251.4 1238.4 1257.6 1156.6 1246.5 1275.5 1240.9 1208.6 -999.0 -999.0 -999.0 -999.0 -999.0 -999.0 -999.0 -999.0 -999.0 -999.0 -999.0 -999.0 -999.0 -999.0 -999.0 -999.0 -999.0 -999.0 -999.0 -999.0 -999.0
1293.7 1466.2 1397.8 1088.9 753.1 1009.3 790.8 975.3 1334.5 913.0 409.1 451.2 1108.6 853.2 1028.9 803.1 639.6 690.3 940.7 1220.9 1039.2 608.6 518.9 784.8 752.2 725.7 1042.5 1124.0 1146.4 932.4 750.9 1019.9 1010.8 1001.5 824.2 627.3 766.3 587.4 1080.7 786.9 966.4 955.1 689.5 1125.9 1314.9 1167.8 1114.8 1244.9 1209.3 -999.0 -999.0 -999.0 -999.0 -999.0 -999.0 -999.0 -999.0 -999.0 -999.0 -999.0 -999.0 -999.0 -999.0 -999.0 -999.0 -999.0 -999.0 -999.0 -999.0 -999.0 -999.0
1573.7 1199.6 1445.9 796.4 1620.9 1498.7 1185.3 658.5 477.4 923.8 769.3 894.8 550.4 719.2 801.8 828.9 1074.2 1060.8 1095.0 1066.7 778.8 473.8 608.8 884.1 556.3 943.3 811.9 1183.3 1201.9 1108.4 929.2 823.4 824.1 783.8 613.8 650.5 951.2 830.7 1153.6 1133.6 1221.0 1178.9 1167.6 1247.3 1282.6 1290.0 1246.0 1216.3 1341.2 -999.0 -999.0 -999.0 -999.0 -999.0 -999.0 -999.0 -999.0 -999.0 -999.0 -999.0 -999.0 -999.0 -999.0 -999.0 -999.0 -999.0 -999.0 -999.0 -999.0 -999.0 -999.0
-999.0 1396.8 1258.3 -999.0 1600.7 951.8 558.8 453.9 965.2 1115.6 1019.9 499.4 506.6 1149.2 1245.0 996.0 660.4 1200.8 1075.5 777.8 544.1 484.7 525.0 437.5 733.7 632.1 813.8 1155.2 664.5 1023.4 605.7 644.2 614.8 544.7 700.4 902.7 1034.0 888.3 998.0 911.7 1086.2 1070.0 1186.5 1219.7 1248.3 1271.3 1308.8 1281.9 -999.0 -999.0 -999.0 -999.0 -999.0 -999.0 -999.0 -999.0 -999.0 -999.0 -999.0 -999.0 -999.0 -999.0 -999.0 -999.0 -999.0 -999.0 -999.0 -999.0 -999.0 -999.0 -999.0
1628.6 1181.0 1595.0 -999.0 701.1 1084.2 995.0 1597.4 796.6 1057.3 468.2 558.5 883.0 664.1 594.5 979.0 1371.3 776.6 736.7 649.6 432.6 408.3 422.4 392.6 657.4 964.0 1234.7 1170.9 1077.2 757.3 483.3 534.7 820.2 698.7 911.2 769.6 863.8 981.6 1077.5 982.7 965.3 996.3 1131.3 1068.4 1259.1 1155.2 1157.6 1339.8 -999.0 -999.0 -999.0 -999.0 -999.0 -999.0 -999.0 -999.0 -999.0 -999.0 -999.0 -999.0 -999.0 -999.0 -999.0 -999.0 -999.0 -999.0 -999.0 -999.0 -999.0 -999.0 -999.0
1282.2 1571.4 -999.0 1370.0 1219.4 850.3 1203.1 975.9 701.8 1173.3 1164.9 970.9 1150.3 1318.4 1324.5 1293.2 833.5 504.7 476.8 466.0 425.3 320.0 434.5 841.8 1069.7 1085.2 532.4 856.4 287.4 247.6 451.4 483.9 492.2 715.8 818.3 832.2 758.7 1218.6 1217.5 1141.0 1206.8 1171.3 695.6 931.2 1336.3 1334.8 1361.5 1376.5 1417.2 -999.0 -999.0 -999.0 -999.0 -999.0 -999.0 -999.0 -999.0 -999.0 -999.0 -999.0 -999.0 -999.0 -999.0 -999.0 -999.0 -999.0 -999.0 -999.0 -999.0 -999.0 -999.0
-999.0 -999.0 1617.9 1034.5 960.4 811.3 1338.6 958.2 558.4 1145.8 1039.4 751.8 804.7 781.9 975.0 664.0 593.3 420.7 729.4 766.0 594.7 459.0 642.0 1086.6 946.9 1022.3 647.1 283.8 554.7 287.5 416.1 432.3 525.5 641.7 682.7 895.0 1134.0 1247.9 1146.5 1278.6 1319.5 1156.7 1206.7 1295.2 1379.3 1261.3 1226.4 1295.0 -999.0 -999.0 -999.0 -999.0 -999.0 -999.0 -999.0 -999.0 -999.0 -999.0 -999.0 -999.0 -999.0 -999.0 -999.0 -999.0 -999.0 -999.0 -999.0 -999.0 -999.0 -999.0 -999.0
-999.0 -999.0 1600.8 1606.9 1266.7 799.3 1108.3 744.9 1298.0 1331.7 1257.9 1019.5 557.8 452.7 604.0 888.3 952.3 855.2 576.5 789.4 813.1 929.8 913.5 725.7 652.9 533.1 395.4 412.4 385.2 629.2 664.0 724.5 1049.0 1009.2 906.6 846.7 754.2 916.6 1043.9 796.9 988.5 1336.6 1238.4 1091.0 1052.5 1054.5 1197.0 -999.0 -999.0 -999.0 -999.0 -999.0 -999.0 -999.0 -999.0 -999.0 -999.0 -999.0 -999.0 -999.0 -999.0 -999.0 -999.0 -999.0 -999.0 -999.0 -999.0 -999.0 -999.0 -999.0 -999.0
-999.0 -999.0 1258.4 878.1 1480.2 710.8 631.1 739.9 611.5 808.9 1200.3 1081.8 1258.5 1317.4 587.7 698.2 594.0 210.7 1078.4 916.9 897.6 797.3 838.3 589.0 650.2 456.1 626.0 696.2 729.5 627.0 795.8 539.1 536.1 392.5 548.2 773.5 575.3 356.1 570.9 658.2 833.5 852.1 923.0 926.4 1063.1 1117.5 1258.5 -999.0 -999.0 -999.0 -999.0 -999.0 -999.0 -999.0 -999.0 -999.0 -999.0 -999.0 -999.0 -999.0 -999.0 -999.0 -999.0 -999.0 -999.0 -999.0 -999.0 -999.0 -999.0 -999.0 -999.0
-999.0 1589.9 1666.3 1402.1 1715.5 1435.9 1196.2 854.9 1245.5 1193.0 545.6 1174.4 1265.6 1251.1 1210.1 716.4 967.9 1187.8 999.0 484.7 575.1 829.2 348.6 534.6 604.4 472.5 397.1 486.0 533.7 498.8 489.9 504.6 458.8 262.9 827.6 544.3 561.1 1000.6 1032.1 681.3 898.3 844.6 837.8 1179.8 1086.3 1130.1 1202.8 -999.0 -999.0 -999.0 -999.0 -999.0 -999.0 -999.0 -999.0 -999.0 -999.0 -999.0 -999.0 -999.0 -999.0 -999.0 -999.0 -999.0 -999.0 -999.0 -999.0 -999.0 -999.0 -999.0 -999.0
-999.0 -999.0 1586.2 1284.9 638.4 1417.2 1647.9 1436.4 1518.2 1549.2 1500.3 1434.9 1246.2 1112.8 721.0 1113.6 996.4 992.3 518.7 643.7 936.8 820.5 341.0 661.2 532.2 768.9 455.3 477.2 731.1 295.4 341.5 345.7 249.4 316.4 545.4 389.2 511.4 683.8 949.5 1200.5 1151.3 921.1 1121.2 1317.2 1267.2 1127.8 1341.5 -999.0 -999.0 -999.0 -999.0 -999.0 -999.0 -999.0 -999.0 -999.0 -999.0 -999.0 -999.0 -999.0 -999.0 -999.0 -999.0 -999.0 -999.0 -999.0 -999.0 -999.0 -999.0 -999.0 -999.0
1516.3 1549.4 1573.1 1473.9 1033.1 1605.6 711.7 1202.4 932.8 685.6 1483.0 1376.7 169.9 432.2 451.2 668.6 452.6 537.2 479.9 472.3 408.6 664.8 629.8 838.3 858.8 890.6 690.8 714.2 416.5 721.5 630.4 745.4 566.2 385.4 499.1 1034.2 702.5 610.3 952.0 689.9 1130.0 1317.0 1359.7 1334.6 1109.7 1206.6 -999.0 -999.0 -999.0 -999.0 -999.0 -999.0 -999.0 -999.0 -999.0 -999.0 -999.0 -999.0 -999.0 -999.0 -999.0 -999.0 -999.0 -999.0 -999.0 -999.0 -999.0 -999.0 -999.0 -999.0 -999.0
