GDD/GrowingDegreeDays_1981_Actual.txt
ncols         180
nrows         290
xllcorner     -200000
yllcorner     -200000
cellsize      5000
NODATA_value    -999
[rows 192 to 223 of 290, columns 71 to 141 of 180]
-999.0 -999.0 -999.0 -999.0 -999.0 -999.0 -999.0 -999.0 -999.0 -999.0 -999.0 -999.0 -999.0 -999.0 -999.0 -999.0 -999.0 -999.0 -999.0 -999.0 -999.0 1625.4 1358.3 1175.9 1031.2 854.8 962.2 1192.3 1396.4 1527.0 1415.1 1248.8 1146.9 1085.8 1328.4 1501.9 1472.8 1383.4 1399.8 1545.2 1333.1 1430.1 1455.0 1582.6 1546.8 1655.7 1708.0 1681.7 1625.7 1689.4 1737.7 1727.7 1721.6 1714.0 1632.1 1663.6 1681.6 1647.1 1586.0 1555.7 1539.9 1503.3 1559.3 1591.1 1518.7 1552.3 1576.7 1612.7 1623.8 1708.6 1706.2
-999.0 -999.0 -999.0 -999.0 -999.0 -999.0 -999.0 -999.0 -999.0 -999.0 -999.0 -999.0 -999.0 -999.0 -999.0 -999.0 -999.0 -999.0 -999.0 -999.0 1756.4 1675.8 1412.7 1156.5 1048.2 1101.7 1132.9 1260.1 1178.7 887.2 1118.0 1131.1 1164.8 1372.8 1477.6 1419.8 1404.1 1518.4 1530.0 1481.8 1367.1 1399.9 1454.0 1592.3 1546.9 1699.4 1699.1 1612.3 1713.8 1635.6 1635.2 1672.5 1663.6 1699.6 1653.6 1712.7 1721.0 1652.4 1624.2 1629.0 1556.8 1573.9 1497.0 1555.0 1521.1 1601.7 1603.4 1626.3 1698.8 1727.8 1675.5
-999.0 -999.0 -999.0 -999.0 -999.0 -999.0 -999.0 -999.0 -999.0 -999.0 -999.0 -999.0 -999.0 -999.0 -999.0 -999.0 -999.0 -999.0 -999.0 -999.0 1495.9 1462.4 1415.3 1348.7 1169.7 904.5 954.9 1040.0 1159.8 1126.7 1055.8 1017.2 1032.6 1352.1 1254.5 1194.6 1517.9 1348.7 1618.9 1550.0 1409.2 1286.8 1550.2 1549.1 1687.9 1735.9 1707.0 1673.8 1460.3 1565.5 1581.1 1605.7 1623.9 1648.4 1644.6 1697.0 1685.1 1678.6 1628.9 1677.4 1656.3 1545.0 1504.7 1527.1 1504.4 1594.6 1661.3 1699.2 1746.6 1722.1 1680.8
-999.0 -999.0 -999.0 -999.0 -999.0 -999.0 -999.0 -999.0 -999.0 -999.0 -999.0 -999.0 -999.0 -999.0 -999.0 -999.0 -999.0 -999.0 -999.0 -999.0 1538.6 1468.4 1615.3 1422.3 1179.5 896.0 1037.1 1015.7 1212.2 1099.2 1154.3 1276.7 1211.3 1196.2 1278.4 1420.1 1556.5 1543.1 1333.9 1602.6 1577.7 1550.9 1573.9 1509.1 1654.6 1768.3 1742.3 1658.2 1619.5 1643.2 1579.8 1594.4 1606.6 1610.4 1686.0 1680.4 1623.3 1660.9 1624.8 1687.7 1626.9 1522.4 1514.5 1599.4 1617.7 1586.8 1676.1 1682.5 1787.3 1716.4 1702.6
-999.0 -999.0 -999.0 -999.0 -999.0 -999.0 -999.0 -999.0 -999.0 -999.0 -999.0 -999.0 -999.0 -999.0 -999.0 -999.0 -999.0 -999.0 -999.0 1629.7 1430.5 1187.7 1321.2 1412.0 1132.7 1065.4 955.3 967.2 1372.2 1363.3 1404.2 1285.2 1180.9 1346.5 1356.9 1262.6 1454.9 1548.6 1584.3 1652.8 1678.8 1652.8 1603.9 1657.1 1713.6 1754.4 1777.0 1755.5 1697.3 1659.0 1696.6 1643.0 1648.9 1612.5 1671.2 1658.9 1659.2 1693.0 1698.9 1681.5 1571.1 1571.6 1574.1 1667.0 1629.9 1640.4 1669.8 1746.5 1712.7 1709.2 1706.7
-999.0 -999.0 -999.0 -999.0 -999.0 -999.0 -999.0 -999.0 -999.0 -999.0 -999.0 -999.0 -999.0 -999.0 -999.0 -999.0 -999.0 -999.0 1505.8 1436.6 1314.7 1399.8 1460.8 1186.0 967.7 943.3 1114.5 1062.0 1373.0 1281.3 1383.2 1426.6 987.6 1320.0 1282.6 1530.6 1542.2 1640.6 1647.5 1627.4 1543.8 1641.7 1512.4 1688.5 1694.0 1830.8 1834.2 1787.3 1761.1 1741.2 1741.2 1686.5 1639.3 1639.0 1739.6 1686.2 1676.5 1650.4 1642.9 1622.3 1559.3 1602.5 1558.2 1651.2 1655.8 1737.5 1746.3 1665.0 1646.5 1687.5 1686.4
-999.0 -999.0 -999.0 -999.0 -999.0 -999.0 -999.0 -999.0 -999.0 -999.0 -999.0 -999.0 -999.0 -999.0 -999.0 -999.0 1467.9 1477.4 1499.2 1607.1 1576.4 1466.5 1397.2 1110.3 1004.8 915.4 888.8 1074.4 1245.1 1510.0 1325.5 1396.2 1110.8 1348.8 1488.6 1572.2 1666.9 1645.5 1704.4 1629.6 1511.9 1581.1 1589.4 1800.3 1817.0 1836.3 1830.3 1756.9 1754.3 1738.4 1773.3 1689.4 1643.4 1716.1 1749.5 1720.6 1614.4 1610.1 1552.8 1509.3 1538.6 1567.8 1619.6 1668.2 1653.3 1644.3 1676.2 1651.1 1725.3 1690.4 1694.2
-999.0 -999.0 -999.0 -999.0 -999.0 -999.0 -999.0 -999.0 -999.0 -999.0 -999.0 -999.0 1754.6 1743.2 1735.8 1359.3 1258.1 1195.2 1194.5 1425.2 1460.7 1489.7 1093.1 1161.9 1009.4 1007.1 1059.7 1309.2 1423.2 1562.5 1435.4 1482.4 1048.0 1199.5 1404.8 1627.2 1617.5 1652.4 1499.5 1692.3 1552.2 1559.7 1643.7 1784.0 1902.3 1906.4 1784.3 1801.1 1795.5 1698.4 1755.0 1709.4 1718.4 1710.8 1684.5 1628.3 1667.1 1591.4 1611.1 1570.2 1498.0 1506.6 1533.9 1589.1 1594.9 1623.3 1669.4 1706.4 1666.6 1750.1 1743.9
-999.0 -999.0 -999.0 -999.0 -999.0 -999.0 -999.0 -999.0 -999.0 -999.0 -999.0 1566.3 1651.0 1507.4 1511.2 1497.5 1282.5 1332.1 1294.6 1485.7 1606.3 1311.0 1198.2 1091.7 1368.5 966.7 1175.4 1367.5 1079.5 1332.6 1590.7 1118.3 1297.0 1390.0 1713.3 1736.8 1697.1 1456.2 1690.8 1695.5 1661.8 1664.9 1626.7 1777.8 1848.1 1967.4 1857.1 1844.0 1812.4 1737.2 1734.8 1727.0 1728.7 1723.3 1643.8 1641.5 1500.5 1634.4 1646.6 1599.8 1533.1 1577.4 1588.3 1643.2 1669.6 1644.2 1680.2 1658.1 1725.1 1742.8 1720.2
-999.0 -999.0 -999.0 -999.0 -999.0 -999.0 -999.0 -999.0 -999.0 -999.0 1526.0 1516.3 1673.7 1631.6 1597.9 1487.0 1525.0 1444.5 1508.9 1488.6 1157.1 1362.5 1444.6 1102.5 1526.2 1228.9 1170.7 972.4 1105.8 1129.0 1336.3 1384.5 1480.7 1711.8 1376.9 1428.2 1709.3 1682.8 1747.0 1784.3 1702.6 1734.7 1784.5 1760.8 1792.3 1962.2 1902.0 1882.1 1827.4 1808.1 1785.6 1757.9 1605.9 1728.6 1691.9 1626.9 1567.0 1601.8 1634.5 1590.4 1538.2 1550.6 1533.2 1600.6 1680.5 1697.3 1725.6 1668.6 1700.0 1741.9 1670.6
-999.0 -999.0 -999.0 -999.0 -999.0 -999.0 1746.2 1493.8 1610.8 1441.9 1605.4 1584.8 1520.3 1583.5 1587.0 1394.5 1471.0 1436.1 1471.1 1283.8 1301.7 1439.1 1367.9 1348.3 1427.9 1376.0 1103.5 1078.7 1242.4 1318.0 1225.5 1425.1 1669.0 1317.5 1258.3 1471.2 1460.5 1681.6 1698.1 1797.9 1774.0 1580.4 1779.6 1665.6 1857.8 1921.4 1893.0 1856.8 1670.5 1777.3 1730.4 1456.3 1698.6 1703.4 1679.1 1610.1 1537.5 1628.8 1618.1 1601.1 1616.3 1580.3 1586.4 1638.1 1693.4 1667.5 1704.5 1700.3 1688.9 1681.8 1706.3
-999.0 -999.0 -999.0 -999.0 -999.0 1697.5 1543.6 1554.9 1520.9 1307.5 1075.8 1190.4 1246.8 1470.9 1364.2 1232.5 1325.5 1364.9 1227.8 1403.1 1460.0 1275.7 1488.0 1611.2 1484.7 1419.7 1210.3 1224.1 1270.1 1351.8 1397.9 1498.2 1420.5 855.5 1148.5 1429.2 1621.6 1596.2 1706.4 1602.4 1759.1 1709.0 1801.7 1829.6 1859.3 1861.7 1880.5 1873.8 1774.6 1720.4 1460.3 1455.5 1536.2 1639.5 1674.8 1459.9 1571.7 1627.2 1613.3 1650.1 1592.7 1592.7 1602.5 1670.2 1617.7 1647.0 1698.8 1593.9 1628.8 1711.8 1719.1
-999.0 -999.0 -999.0 1761.8 1648.2 1620.8 1519.4 1568.6 1501.8 1384.9 1370.0 1447.2 1546.5 1359.8 1457.5 1308.7 1562.2 1475.7 1289.1 1381.0 1541.4 1451.4 1673.2 1644.8 1329.0 1230.7 1299.4 1414.4 1277.3 1526.9 1600.6 1598.4 1269.5 1108.4 1108.2 1617.0 1560.0 1584.8 1599.2 1686.3 1824.2 1713.9 1771.6 1800.6 1867.0 1856.5 1920.0 1890.5 1752.1 1687.1 1460.0 1501.0 1572.0 1668.8 1608.0 1481.4 1530.0 1571.1 1623.9 1619.6 1619.2 1618.8 1616.1 1629.4 1626.1 1623.5 1654.3 1664.3 1675.7 1713.9 1648.5
-999.0 -999.0 -999.0 1782.0 -999.0 1762.4 1702.9 1543.5 1606.9 1529.2 1544.9 1491.6 1544.1 1507.3 1402.5 1544.0 1476.3 1623.7 1673.2 1683.4 1689.1 1691.6 1453.9 1510.1 1194.8 754.9 1272.2 1245.3 1261.2 1019.0 1065.1 1663.7 1727.6 1014.8 1355.3 1531.1 1487.6 1427.8 1628.9 1795.3 1865.1 1687.2 1678.5 1800.5 1889.7 1929.8 1907.1 1867.2 1734.8 1506.2 1445.0 1570.7 1647.8 1682.1 1687.7 1662.6 1581.7 1645.9 1679.0 1700.9 1699.0 1654.3 1581.4 1552.2 1636.4 1690.3 1676.3 1713.9 1703.0 1648.3 1649.1
-999.0 -999.0 -999.0 -999.0 -999.0 -999.0 1580.3 1661.6 1667.9 1579.6 1647.2 1597.3 1595.8 1547.3 1629.5 1655.4 1581.7 1612.9 1534.5 1665.1 1446.6 1665.2 1397.3 1232.9 1179.9 1027.1 942.5 1108.3 993.7 914.7 1327.8 1239.6 1424.5 1858.3 1413.2 1448.0 1735.4 1694.2 1830.2 1652.3 1697.7 1495.3 1593.7 1813.5 1862.9 1920.3 1976.3 1780.6 1509.2 1592.0 1440.5 1589.5 1654.2 1615.1 1699.2 1577.2 1696.9 1700.6 1760.2 1789.7 1761.8 1685.7 1627.3 1657.4 1732.4 1758.4 1763.8 1705.3 1624.1 1579.0 1635.2
-999.0 -999.0 -999.0 -999.0 -999.0 1710.4 1662.5 1628.6 1650.6 1685.0 1540.2 1464.6 1383.2 1482.1 1576.6 1629.5 1715.3 1663.3 1410.2 1681.9 1554.8 1792.8 1631.0 1551.4 1544.4 1561.9 1291.1 1330.3 1131.4 1116.9 1013.4 1199.8 1239.6 1414.9 1114.9 1598.5 1713.7 1756.3 1644.3 1685.0 1510.8 1595.2 1598.4 1843.1 1863.5 1858.6 1581.8 1503.4 1499.9 1451.4 1601.4 1583.5 1601.3 1641.8 1687.3 1687.2 1706.2 1775.6 1841.0 1865.0 1832.5 1713.5 1678.5 1663.4 1731.3 1801.5 1775.9 1676.4 1527.6 1663.2 1628.9
-999.0 -999.0 -999.0 -999.0 1798.0 1728.5 1732.0 1697.8 1704.3 1708.7 1695.9 1619.2 1688.6 1667.4 1717.2 1735.7 1715.3 1692.7 1673.1 1457.3 1748.6 1408.3 1505.3 1473.8 1325.6 1394.3 1524.7 1493.9 1321.6 1387.0 1251.5 1300.7 1481.1 1207.7 1250.4 1700.3 1575.2 1797.8 1764.9 1620.0 1575.4 1686.0 1726.6 1804.8 1848.1 1663.9 1710.1 1546.5 1542.3 1591.9 1577.0 1617.7 1671.0 1670.4 1723.5 1754.8 1774.0 1827.1 1772.2 1908.8 1803.6 1794.6 1756.8 1763.4 1773.1 1770.7 1695.3 1572.1 1599.4 1629.0 1647.3
-999.0 -999.0 -999.0 -999.0 -999.0 -999.0 1842.9 1776.1 1742.5 1702.4 1676.5 1638.8 -999.0 -999.0 -999.0 -999.0 1785.2 1706.2 1575.2 1773.3 1863.1 1731.7 1704.2 1674.5 1619.2 1817.3 1066.3 1045.5 1419.7 1520.1 1523.9 1390.8 1349.1 1278.3 1550.0 1651.6 1675.0 1817.4 1516.5 1687.3 1605.2 1827.2 1810.1 1809.7 1826.3 1581.4 1718.1 1580.1 1585.5 1657.4 1659.9 1687.4 1710.2 1752.8 1772.9 1789.4 1783.1 1811.7 1757.7 1869.3 1814.7 1762.8 1770.2 1744.8 1741.4 1652.0 1665.9 1616.7 1607.4 1646.8 1755.7
-999.0 -999.0 -999.0 -999.0 -999.0 -999.0 1848.4 1730.0 1647.2 1793.2 1654.0 1766.7 -999.0 -999.0 -999.0 -999.0 -999.0 -999.0 -999.0 1885.8 1890.6 1817.9 1949.8 1860.5 1648.3 1329.4 1160.8 1024.9 1112.5 1294.7 1457.2 1451.4 1590.0 1434.7 1442.4 1730.5 1811.6 1540.1 1576.7 1588.5 1877.5 1884.9 1833.0 1843.9 1687.3 1600.9 1611.8 1610.1 1665.2 1693.6 1717.9 1736.6 1741.3 1747.3 1763.4 1707.1 1765.5 1800.4 1835.1 1860.7 1819.7 1790.4 1742.6 1629.9 1648.3 1737.2 1630.4 1631.3 1677.7 1724.3 1777.7
-999.0 -999.0 -999.0 -999.0 -999.0 -999.0 -999.0 -999.0 1817.1 -999.0 -999.0 -999.0 -999.0 -999.0 -999.0 -999.0 -999.0 1728.0 1740.5 1794.7 1732.5 1778.6 1920.7 1993.8 1809.4 1558.3 1263.3 1185.7 1266.9 1614.1 1654.0 1348.7 1508.1 1583.6 1753.4 1856.1 1932.7 1728.6 1773.9 1800.7 1904.8 1892.7 1813.1 1823.1 1546.6 1495.4 1595.1 1621.9 1699.1 1715.9 1727.8 1757.3 1711.2 1740.5 1714.4 1774.0 1792.0 1814.4 1824.1 1827.7 1767.1 1842.2 1655.2 1541.6 1660.9 1643.3 1789.6 1701.2 1734.9 1794.1 1774.5
-999.0 -999.0 -999.0 -999.0 -999.0 -999.0 -999.0 -999.0 -999.0 -999.0 -999.0 -999.0 -999.0 -999.0 -999.0 -999.0 -999.0 1742.3 1750.0 1941.4 1849.9 1843.1 -999.0 -999.0 2033.0 1548.9 1713.1 1552.8 1608.4 1611.9 1569.2 1488.3 1782.2 1827.8 1814.1 1888.5 1927.6 1932.1 1939.0 1935.8 1913.4 1787.1 1795.3 1731.3 1530.8 1601.9 1642.1 1691.8 1715.9 1684.1 1704.3 1731.2 1717.1 1752.2 1726.0 1692.6 1693.2 1731.4 1690.3 1778.6 1789.6 1713.4 1517.3 1653.4 1663.9 1725.8 1865.1 1760.5 1792.9 1852.1 1904.0
-999.0 -999.0 -999.0 -999.0 -999.0 -999.0 -999.0 -999.0 -999.0 -999.0 -999.0 -999.0 -999.0 -999.0 -999.0 -999.0 -999.0 -999.0 -999.0 -999.0 -999.0 -999.0 -999.0 -999.0 2013.5 1889.0 1655.3 1647.4 1784.3 1807.0 1800.6 1764.4 1866.0 1929.3 1910.8 1913.3 1952.2 1969.4 -999.0 1988.8 1926.9 1830.1 1820.9 1728.1 1567.7 1629.0 1641.5 1708.8 1786.0 1773.6 1692.7 1734.7 1712.4 1613.1 1565.8 1581.3 1542.8 1514.1 1610.0 1647.2 1686.0 1702.3 1634.6 1732.4 1715.9 1721.5 1808.1 1838.9 1870.9 1867.5 1904.0
-999.0 -999.0 -999.0 -999.0 -999.0 -999.0 -999.0 -999.0 -999.0 -999.0 -999.0 -999.0 -999.0 -999.0 -999.0 -999.0 -999.0 -999.0 -999.0 -999.0 -999.0 -999.0 -999.0 -999.0 -999.0 1912.9 1829.6 1773.4 1725.8 1716.9 1849.5 1892.9 1919.9 1994.6 -999.0 -999.0 -999.0 -999.0 1975.1 1992.6 1869.6 1844.7 1835.9 1747.7 1587.1 1650.1 1617.6 1672.9 1801.1 1705.1 1701.0 1582.3 1636.1 1481.3 1557.6 1539.8 1588.2 1569.3 1580.3 1653.0 1626.1 1818.4 1802.5 1772.4 1855.6 1824.5 1866.7 1887.1 1899.0 1968.4 2018.3
-999.0 -999.0 -999.0 -999.0 -999.0 -999.0 -999.0 -999.0 -999.0 -999.0 -999.0 -999.0 -999.0 -999.0 -999.0 -999.0 -999.0 -999.0 -999.0 -999.0 -999.0 -999.0 -999.0 -999.0 -999.0 -999.0 1913.3 1716.0 1744.4 1796.8 1755.4 1848.3 1938.9 -999.0 -999.0 -999.0 -999.0 1873.1 1786.3 1730.8 1894.0 1887.1 1884.1 1689.8 1606.8 1610.0 1599.7 1660.6 1695.0 1729.0 1588.9 1455.7 1516.5 1514.0 1584.2 1576.4 1601.4 1690.9 1660.2 1679.2 1747.3 1789.3 1818.5 1900.3 1844.3 1830.5 1861.0 1826.9 1813.3 1947.5 2001.9
-999.0 -999.0 -999.0 -999.0 -999.0 -999.0 -999.0 -999.0 -999.0 -999.0 -999.0 -999.0 -999.0 -999.0 -999.0 -999.0 -999.0 -999.0 -999.0 -999.0 -999.0 -999.0 -999.0 -999.0 -999.0 -999.0 -999.0 1914.1 1848.5 1891.3 1795.4 1911.6 1919.6 -999.0 -999.0 -999.0 1906.6 1897.9 1844.5 1717.1 1752.6 1795.9 1916.5 1786.9 1851.4 1668.5 1629.6 1705.5 1612.4 1550.5 1552.0 1562.6 1488.9 1556.2 1614.0 1646.7 1704.6 1717.7 1719.3 1714.1 1705.9 1770.7 1835.4 1823.6 1753.4 1752.0 1836.4 1815.2 1818.0 1875.0 1949.2
-999.0 -999.0 -999.0 -999.0 -999.0 -999.0 -999.0 -999.0 -999.0 -999.0 -999.0 -999.0 -999.0 -999.0 -999.0 -999.0 -999.0 -999.0 -999.0 -999.0 -999.0 -999.0 -999.0 -999.0 -999.0 -999.0 -999.0 -999.0 -999.0 -999.0 -999.0 -999.0 -999.0 -999.0 -999.0 1871.4 1881.8 1900.8 1877.9 1700.6 1845.8 1802.8 1753.6 1778.4 1800.9 1748.4 1816.8 1774.6 1725.8 1634.5 1643.4 1621.2 1597.2 1568.5 1593.4 1621.5 1522.7 1648.8 1625.9 1678.6 1670.6 1707.8 1787.0 1769.2 1726.6 1732.1 1724.7 1800.6 1827.7 1847.7 1876.6
-999.0 -999.0 -999.0 -999.0 -999.0 -999.0 -999.0 -999.0 -999.0 -999.0 -999.0 -999.0 -999.0 -999.0 -999.0 -999.0 -999.0 -999.0 -999.0 -999.0 -999.0 -999.0 -999.0 -999.0 -999.0 -999.0 -999.0 -999.0 -999.0 -999.0 -999.0 -999.0 -999.0 -999.0 -999.0 1990.7 1800.5 1827.6 1415.7 1537.0 1811.8 1772.8 1737.7 1733.4 1713.2 1816.5 1841.1 1795.6 1745.4 1637.5 1678.5 1723.6 1587.7 1560.4 1465.4 1578.3 1561.5 1464.4 1585.3 1635.7 1685.9 1749.7 1775.0 1783.7 1775.9 1774.4 1802.8 1757.6 1770.1 1833.6 1843.0
-999.0 -999.0 -999.0 -999.0 -999.0 -999.0 -999.0 -999.0 -999.0 -999.0 -999.0 -999.0 -999.0 -999.0 -999.0 -999.0 -999.0 -999.0 -999.0 -999.0 -999.0 -999.0 -999.0 -999.0 -999.0 -999.0 -999.0 -999.0 -999.0 -999.0 -999.0 -999.0 -999.0 -999.0 -999.0 1966.3 1934.2 1913.1 1725.1 1453.1 1555.3 1648.3 1735.9 1647.3 1760.2 1769.8 1809.5 1635.3 1571.5 1511.8 1584.3 1666.1 1636.7 1634.6 1616.3 1587.9 1578.5 1635.2 1633.6 1646.1 1672.7 1726.8 1780.9 1814.2 1805.2 1761.3 1785.0 1751.1 1749.4 1787.7 1750.5
-999.0 -999.0 -999.0 -999.0 -999.0 -999.0 -999.0 -999.0 -999.0 -999.0 -999.0 -999.0 -999.0 -999.0 -999.0 -999.0 -999.0 -999.0 2091.0 1971.1 2004.1 1303.4 1257.0 1273.0 1312.9 1220.8 1944.3 1518.2 2035.0 -999.0 -999.0 -999.0 -999.0 -999.0 -999.0 1961.4 1926.9 1879.6 1931.3 1796.8 1626.0 1554.7 1619.8 1686.4 1719.6 1716.6 1659.3 1552.3 1590.1 1642.8 1665.6 1698.5 1637.8 1657.5 1709.2 1740.4 1742.3 1690.4 1711.5 1648.8 1620.2 1573.7 1698.2 1757.7 1729.6 1706.9 1751.4 1688.0 1725.8 1774.1 1703.3
-999.0 -999.0 -999.0 -999.0 -999.0 -999.0 -999.0 -999.0 -999.0 -999.0 -999.0 -999.0 -999.0 -999.0 -999.0 -999.0 -999.0 -999.0 1694.4 1643.0 1449.2 1353.1 1108.1 1024.6 1108.7 1141.4 1219.2 1540.9 1780.8 1933.8 1863.8 1662.2 1849.9 1951.2 2010.8 1977.9 1950.1 1929.2 1920.9 1900.6 1836.2 1633.5 1617.7 1664.8 1727.7 1508.7 1630.4 1710.8 1666.4 1628.4 1711.9 1738.1 1735.8 1713.8 1722.3 1742.6 1723.9 1796.1 1749.8 1673.5 1651.9 1664.6 1625.3 1620.3 1728.9 1743.9 1781.6 1800.9 1717.8 1786.0 1483.3
-999.0 -999.0 -999.0 -999.0 -999.0 -999.0 -999.0 -999.0 -999.0 -999.0 -999.0 -999.0 -999.0 -999.0 -999.0 -999.0 -999.0 2018.2 1922.8 1762.0 1665.4 1508.1 1218.0 1069.3 1110.8 1205.8 1239.3 1309.4 1506.2 1662.2 1732.8 1678.8 1597.0 1880.5 1937.9 1970.7 1929.4 1810.2 1898.3 1867.1 1715.8 1666.8 1658.3 1636.6 1467.3 1632.7 1532.9 1584.7 1650.1 1737.2 1727.2 1782.1 1726.0 1636.4 1749.3 1708.5 1771.2 1742.7 1745.2 1703.5 1681.3 1584.4 1541.1 1704.7 1748.1 1743.4 1585.7 1720.9 1768.0 1747.7 1739.2
-999.0 -999.0 -999.0 -999.0 -999.0 -999.0 -999.0 -999.0 -999.0 -999.0 -999.0 -999.0 -999.0 -999.0 -999.0 -999.0 -999.0 -999.0 1992.0 1944.7 1873.4 1545.6 1459.2 1372.9 1156.9 1272.6 1354.0 1549.3 1452.8 1329.8 1506.4 1698.9 1729.4 1627.3 1825.1 1956.6 1934.6 1916.0 1817.5 1768.8 1800.9 1751.6 1653.7 1610.9 1544.3 1670.7 1555.6 1631.7 1640.3 1680.0 1694.3 1750.6 1672.7 1643.0 1682.5 1796.1 1798.9 1750.8 1828.1 1791.3 1767.2 1671.0 1587.3 1608.6 1727.5 1720.0 1664.1 1685.1 1737.2 1796.0 1803.7
