GDD/GrowingDegreeDays_2005_Actual.txt
ncols         180
nrows         290
xllcorner     -200000
yllcorner     -200000
cellsize      5000
NODATA_value    -999
[rows 128 to 159 of 290, columns 71 to 141 of 180]
-999.0 1426.2 1843.3 1859.0 -999.0 -999.0 -999.0 -999.0 -999.0 -999.0 -999.0 -999.0 -999.0 1691.5 1563.1 1786.0 1517.3 1290.6 1395.5 1123.0 923.6 1052.6 922.2 1105.7 1298.5 1416.8 1375.9 1112.0 1176.3 1237.9 1495.6 1221.9 846.5 1111.2 963.9 1222.7 1256.7 1501.0 1478.5 1340.6 1413.2 1395.9 1275.1 1104.2 976.4 1040.6 1218.0 1352.6 1391.3 1529.2 1379.7 1368.4 1532.9 1653.2 -999.0 -999.0 -999.0 -999.0 -999.0 -999.0 -999.0 -999.0 -999.0 -999.0 -999.0 -999.0 -999.0 -999.0 -999.0 -999.0 -999.0
-999.0 -999.0 -999.0 -999.0 -999.0 -999.0 -999.0 -999.0 -999.0 -999.0 -999.0 -999.0 -999.0 1732.4 1843.1 1410.7 1495.5 1248.5 1377.2 1057.5 1042.3 840.5 933.4 983.4 1138.5 1210.7 1449.5 788.8 872.3 1252.3 1541.2 1202.7 943.6 1172.3 1150.6 1028.1 1328.8 1167.5 1101.6 1274.4 1115.7 1109.0 890.8 1266.2 1265.5 1198.8 1186.7 1201.3 1443.2 1640.6 1546.1 1582.7 1644.9 1707.0 1731.8 -999.0 -999.0 -999.0 -999.0 -999.0 -999.0 -999.0 -999.0 -999.0 -999.0 -999.0 -999.0 -999.0 -999.0 -999.0 -999.0
-999.0 -999.0 -999.0 -999.0 -999.0 -999.0 -999.0 -999.0 -999.0 -999.0 -999.0 -999.0 1895.5 1475.0 1343.5 1358.6 1242.7 1222.4 1309.1 1374.8 994.2 1017.0 928.3 1013.1 1053.6 1336.1 1610.0 1281.7 1168.3 1212.0 1478.8 1479.0 1243.1 1206.2 1222.2 1183.3 946.4 1308.9 1358.9 1320.8 1343.4 894.9 1112.4 973.2 1079.7 1336.5 1277.2 1244.6 1239.7 1229.5 1582.3 1677.9 1687.1 1686.0 1745.5 -999.0 -999.0 -999.0 -999.0 -999.0 -999.0 -999.0 -999.0 -999.0 -999.0 -999.0 -999.0 -999.0 -999.0 -999.0 -999.0
-999.0 -999.0 -999.0 -999.0 -999.0 -999.0 -999.0 -999.0 -999.0 -999.0 -999.0 -999.0 1578.4 1466.8 1438.0 1020.9 1079.9 1261.6 1305.6 999.5 1348.4 1230.3 1048.1 1191.5 1187.5 1496.5 1663.3 1453.3 1361.1 1149.0 1554.5 1507.2 1462.8 1352.8 1474.1 1085.3 1478.2 1133.6 1275.1 1483.0 915.6 1363.2 1234.1 1153.6 1240.9 1156.7 1397.4 1405.5 1207.0 1285.6 1506.0 1501.9 1554.5 1646.8 1702.1 -999.0 -999.0 -999.0 -999.0 -999.0 -999.0 -999.0 -999.0 -999.0 -999.0 -999.0 -999.0 -999.0 -999.0 -999.0 -999.0
-999.0 -999.0 -999.0 -999.0 -999.0 -999.0 -999.0 -999.0 -999.0 -999.0 -999.0 1616.9 1638.8 1576.6 1223.4 1307.9 1265.8 720.1 1088.2 1106.2 1358.9 1235.4 1205.5 1333.6 1190.3 1264.4 1481.2 1358.2 1424.4 1622.9 1685.4 1573.9 1362.9 1360.5 1134.0 1343.3 1528.6 1136.5 1414.2 1361.9 949.7 1304.3 1426.9 1496.9 1330.5 1201.4 1274.8 1260.9 1267.7 1449.3 1515.1 1567.9 1643.8 1656.9 1700.6 -999.0 -999.0 -999.0 -999.0 -999.0 -999.0 -999.0 -999.0 -999.0 -999.0 -999.0 -999.0 -999.0 -999.0 -999.0 -999.0
-999.0 -999.0 -999.0 -999.0 -999.0 -999.0 -999.0 -999.0 -999.0 -999.0 1844.2 1650.1 1441.8 1607.2 1459.5 1337.2 1400.7 1151.8 1271.0 793.7 1428.9 1484.9 1365.7 1304.6 1289.7 1282.1 1484.7 1652.7 1751.4 1479.6 1687.2 1696.3 1472.2 1421.5 1443.1 1461.1 1606.9 1382.3 1582.8 1390.3 1027.4 1140.2 1147.0 1260.6 1321.3 1413.3 1453.1 1267.9 1372.0 1465.3 1505.4 1563.3 1600.2 1711.8 1742.4 1767.2 -999.0 -999.0 -999.0 -999.0 -999.0 -999.0 -999.0 -999.0 -999.0 -999.0 -999.0 -999.0 -999.0 -999.0 -999.0
-999.0 -999.0 -999.0 -999.0 -999.0 -999.0 -999.0 -999.0 -999.0 -999.0 1495.4 1127.4 1374.4 1427.5 1478.4 1496.3 1599.2 826.1 1079.0 1263.6 1293.9 1541.7 1516.8 1393.6 1448.3 1111.3 1592.5 1760.3 1769.3 1760.4 1458.5 1704.3 1465.7 1535.4 1499.9 1575.3 1586.3 1592.9 1387.6 1513.2 1276.5 1218.3 1288.1 1216.6 1375.7 1499.9 1546.8 1413.7 1483.4 1388.1 1489.7 1625.4 1745.1 1692.3 1714.3 1755.3 -999.0 -999.0 -999.0 -999.0 -999.0 -999.0 -999.0 -999.0 -999.0 -999.0 -999.0 -999.0 -999.0 -999.0 -999.0
-999.0 -999.0 -999.0 -999.0 -999.0 -999.0 -999.0 -999.0 1747.2 1664.9 1347.9 1367.2 1396.4 1333.6 1493.5 1483.2 1640.2 1168.2 1257.3 1233.4 1364.6 1413.9 1631.3 1416.7 1387.9 1504.2 1556.1 1618.4 1842.5 1804.5 1645.3 1674.4 1682.1 1649.5 1621.9 1696.7 1718.4 1586.7 1595.8 1581.1 1236.2 1330.3 1354.3 1346.3 1255.5 1431.6 1509.7 1687.8 1575.5 1520.2 1567.2 1641.1 1747.8 1735.4 1722.8 1724.8 -999.0 -999.0 -999.0 -999.0 -999.0 -999.0 -999.0 -999.0 -999.0 -999.0 -999.0 -999.0 -999.0 -999.0 -999.0
-999.0 -999.0 -999.0 -999.0 -999.0 -999.0 -999.0 -999.0 1651.1 1614.3 1699.6 1388.5 1451.0 1352.6 1543.1 1648.7 1698.0 1643.0 1486.4 1076.2 1350.5 1453.1 1647.2 1667.8 1615.8 1646.3 1667.7 1619.3 1782.3 1681.1 1794.7 1767.3 1778.5 1764.1 1782.8 1794.8 1820.5 1774.1 1632.5 1615.1 1633.2 1499.8 1440.0 1445.6 1467.4 1526.9 1814.1 1664.6 1405.4 1493.9 1639.3 1655.5 1721.3 1717.2 1798.1 1786.1 1852.9 -999.0 -999.0 -999.0 -999.0 -999.0 -999.0 -999.0 -999.0 -999.0 -999.0 -999.0 -999.0 -999.0 -999.0
-999.0 -999.0 -999.0 -999.0 -999.0 -999.0 -999.0 -999.0 1655.5 1617.9 1797.2 1483.1 1633.3 1539.4 1629.4 1706.4 1690.8 1767.8 1392.2 1377.2 1457.2 1321.2 1612.7 1689.8 1636.2 1722.2 1577.9 1262.5 1664.6 -999.0 -999.0 -999.0 1815.3 1795.7 -999.0 1856.1 1858.8 1809.9 1787.8 1758.8 1575.7 1385.0 1503.4 1518.8 1449.0 1580.9 1491.5 1492.1 1670.6 1765.5 1780.6 1768.6 1711.5 1937.6 1917.0 1872.6 1833.1 -999.0 -999.0 -999.0 -999.0 -999.0 -999.0 -999.0 -999.0 -999.0 -999.0 -999.0 -999.0 -999.0 -999.0
1895.6 -999.0 -999.0 -999.0 -999.0 -999.0 -999.0 -999.0 1855.9 1515.4 1722.1 1715.2 1663.5 1599.1 1616.2 1669.7 1761.8 1779.1 1723.0 1227.5 1466.1 1395.2 1644.8 1684.1 1489.2 1771.1 1705.5 1684.3 1717.2 -999.0 -999.0 -999.0 1817.9 1819.0 1800.3 1818.9 1874.7 1847.8 1833.3 1609.2 1309.3 1196.3 1399.9 1159.4 1444.3 1522.3 1307.1 1553.2 1498.3 1498.1 1556.5 1801.3 1704.3 1584.3 1778.0 1807.5 1846.7 -999.0 -999.0 -999.0 -999.0 -999.0 -999.0 -999.0 -999.0 -999.0 -999.0 -999.0 -999.0 -999.0 -999.0
1688.7 1735.7 -999.0 -999.0 -999.0 -999.0 -999.0 -999.0 -999.0 1701.4 1584.5 1741.2 -999.0 1670.7 1626.3 1674.9 1709.5 1798.7 -999.0 1699.5 1782.5 1617.0 1759.3 1650.4 1610.2 1784.8 1777.8 -999.0 -999.0 -999.0 -999.0 1787.1 1815.0 1819.1 1825.4 1778.5 1766.7 1803.9 1724.1 1605.4 1236.4 867.6 1394.2 1014.4 1326.3 1217.8 1157.6 1415.4 1310.7 1478.9 1644.2 1526.3 1534.3 1655.2 1843.4 1766.9 1709.3 1887.6 -999.0 -999.0 -999.0 -999.0 -999.0 -999.0 -999.0 -999.0 -999.0 -999.0 -999.0 -999.0 -999.0
1568.1 -999.0 -999.0 -999.0 -999.0 -999.0 -999.0 -999.0 -999.0 -999.0 1743.2 -999.0 -999.0 -999.0 1791.5 1664.3 1695.8 1731.9 1767.8 -999.0 -999.0 1711.5 1851.4 1591.2 1522.7 -999.0 -999.0 -999.0 -999.0 -999.0 1795.7 1724.6 1795.2 1787.5 1795.1 1712.9 1748.6 1651.6 1548.1 1642.6 1406.5 1085.2 884.8 1103.0 985.9 974.9 1002.4 1266.3 1243.7 1227.7 1349.8 1564.3 1602.2 1583.9 1827.5 1771.3 1667.0 1723.9 -999.0 -999.0 -999.0 -999.0 -999.0 -999.0 -999.0 -999.0 -999.0 -999.0 -999.0 -999.0 -999.0
-999.0 -999.0 -999.0 -999.0 -999.0 -999.0 -999.0 -999.0 -999.0 -999.0 1886.1 1875.5 -999.0 -999.0 -999.0 1802.7 1625.3 1634.4 1694.9 -999.0 -999.0 -999.0 -999.0 1804.0 -999.0 -999.0 -999.0 -999.0 -999.0 -999.0 1824.0 1766.4 1766.7 1653.5 1536.6 1524.7 1627.9 1617.8 1658.4 1608.2 1504.6 1174.6 933.4 1185.9 820.9 933.1 918.0 1203.7 1198.5 1081.7 1321.0 1504.5 1602.7 1748.3 1832.6 1742.3 1649.8 1717.3 -999.0 -999.0 -999.0 -999.0 -999.0 -999.0 -999.0 -999.0 -999.0 -999.0 -999.0 -999.0 -999.0
1953.7 1950.8 1916.5 -999.0 -999.0 -999.0 -999.0 -999.0 -999.0 -999.0 -999.0 1708.8 -999.0 -999.0 -999.0 -999.0 1797.4 1657.5 1736.3 -999.0 -999.0 -999.0 -999.0 -999.0 -999.0 -999.0 -999.0 -999.0 -999.0 1813.6 1746.1 1611.6 1527.7 1501.6 1385.0 1405.7 1501.5 1522.2 1612.9 1523.3 1489.3 1310.0 754.2 714.6 802.3 918.8 1235.3 1383.4 1333.0 1456.1 1641.9 1454.9 1463.6 1745.4 1768.9 1686.0 1646.9 1731.8 1872.0 -999.0 -999.0 -999.0 -999.0 -999.0 -999.0 -999.0 -999.0 -999.0 -999.0 -999.0 -999.0
1654.6 1704.7 1808.8 1877.6 -999.0 -999.0 -999.0 -999.0 -999.0 -999.0 -999.0 1585.6 -999.0 -999.0 -999.0 -999.0 -999.0 -999.0 -999.0 -999.0 -999.0 -999.0 -999.0 -999.0 -999.0 -999.0 -999.0 -999.0 -999.0 1715.8 1668.6 1687.0 1673.9 1765.3 1143.3 1342.1 1458.2 1302.9 1562.5 1428.7 1658.8 1483.2 925.4 633.1 905.2 1130.2 829.6 783.6 954.9 1177.8 1320.5 1710.6 1635.6 1665.5 1585.9 1675.7 1734.6 1741.6 1859.4 1976.7 -999.0 -999.0 -999.0 -999.0 -999.0 -999.0 -999.0 -999.0 -999.0 -999.0 -999.0
1745.9 1760.4 1742.3 1823.9 -999.0 -999.0 -999.0 -999.0 -999.0 -999.0 -999.0 -999.0 -999.0 -999.0 -999.0 -999.0 -999.0 -999.0 -999.0 -999.0 -999.0 -999.0 -999.0 -999.0 -999.0 -999.0 -999.0 -999.0 1833.8 1737.0 1594.9 1719.8 1408.5 1931.8 812.4 847.2 1522.3 1430.8 1521.6 1626.1 1540.8 1628.1 1386.3 687.4 790.2 1024.2 1142.4 1241.9 1103.0 1193.7 1339.6 1530.2 1644.0 1683.1 1728.1 1764.6 1736.2 1839.7 2004.9 2042.8 -999.0 -999.0 -999.0 -999.0 -999.0 -999.0 -999.0 -999.0 -999.0 -999.0 -999.0
1835.7 1844.0 1847.7 1803.7 -999.0 -999.0 -999.0 -999.0 -999.0 -999.0 -999.0 -999.0 -999.0 -999.0 -999.0 -999.0 -999.0 -999.0 -999.0 -999.0 -999.0 -999.0 -999.0 -999.0 -999.0 -999.0 -999.0 -999.0 1782.2 1536.9 1642.6 1481.1 904.2 1533.7 1828.6 1282.3 1159.3 1346.8 1382.7 1484.3 1537.0 1614.6 1545.0 1381.6 726.9 956.7 1066.1 1261.7 1313.4 1363.6 1573.8 1609.2 1631.7 1579.2 1759.4 1693.4 1800.9 1855.5 2011.8 2099.0 2077.1 2015.8 1989.5 -999.0 -999.0 -999.0 -999.0 -999.0 -999.0 -999.0 -999.0
1786.2 1907.7 -999.0 1823.7 1872.1 -999.0 -999.0 -999.0 -999.0 -999.0 -999.0 -999.0 -999.0 -999.0 -999.0 -999.0 -999.0 -999.0 -999.0 -999.0 -999.0 -999.0 -999.0 -999.0 -999.0 -999.0 -999.0 -999.0 1672.3 1523.8 1483.8 1187.4 1601.7 1510.4 1381.8 1071.5 1315.1 1426.3 1046.4 1504.7 1309.8 1534.1 1613.8 1629.8 1305.9 1081.6 1120.3 1230.1 1323.1 1551.9 1578.2 1666.0 1748.4 1807.5 1797.2 1819.1 1803.8 1903.1 1993.4 2036.0 1713.9 1848.2 1753.3 1743.7 1845.5 -999.0 -999.0 -999.0 -999.0 -999.0 -999.0
1780.4 1837.0 1883.6 1826.3 -999.0 -999.0 -999.0 -999.0 -999.0 -999.0 -999.0 -999.0 -999.0 -999.0 -999.0 -999.0 -999.0 -999.0 -999.0 -999.0 -999.0 -999.0 -999.0 -999.0 -999.0 -999.0 -999.0 -999.0 1664.8 1510.5 1358.8 916.5 803.3 1114.6 1459.4 1361.7 1238.7 999.6 1389.8 1017.3 1194.5 1386.4 1478.9 1526.7 1622.0 1504.8 1117.6 1191.2 1321.4 1445.2 1564.8 1667.8 1721.0 1782.0 1858.7 1839.0 1857.3 1933.3 1929.0 1903.7 1783.1 1489.1 1548.6 1589.3 1568.0 1664.4 1946.9 -999.0 -999.0 -999.0 -999.0
1864.5 1890.8 1864.6 1794.0 -999.0 -999.0 -999.0 -999.0 -999.0 -999.0 -999.0 -999.0 -999.0 -999.0 -999.0 -999.0 -999.0 -999.0 -999.0 -999.0 -999.0 -999.0 -999.0 -999.0 -999.0 -999.0 -999.0 -999.0 1758.7 1706.5 1359.3 1145.5 1546.2 570.8 798.8 1426.4 1200.5 1377.4 995.3 924.1 1226.5 1419.1 1405.2 1365.1 1541.0 875.3 1003.5 1051.3 1046.6 1081.9 1229.2 1620.6 1572.5 1763.3 1838.1 1847.7 1864.3 1896.0 1924.1 1938.5 1842.8 1570.5 1691.3 1747.9 1682.2 1620.2 1917.6 1719.2 -999.0 -999.0 -999.0
1913.0 1902.6 1770.0 1849.3 -999.0 -999.0 -999.0 -999.0 -999.0 -999.0 -999.0 -999.0 -999.0 -999.0 -999.0 -999.0 2054.1 2038.9 2061.5 -999.0 -999.0 -999.0 -999.0 -999.0 -999.0 -999.0 -999.0 -999.0 -999.0 1863.7 1773.7 1653.9 1405.2 1306.5 1019.0 1625.6 1871.2 1283.5 1292.8 1322.6 1385.1 1236.0 1236.4 1350.6 1304.8 1072.5 1085.5 832.2 961.7 1199.6 1338.0 1367.0 1579.2 1756.0 1822.1 1856.6 1829.6 1882.9 1907.0 1444.0 1541.7 1239.2 1229.9 1357.1 1449.1 1716.7 1495.8 1616.7 1895.0 -999.0 -999.0
1968.1 1867.8 1882.5 -999.0 -999.0 -999.0 -999.0 -999.0 -999.0 -999.0 -999.0 -999.0 -999.0 -999.0 -999.0 -999.0 2054.5 2058.7 -999.0 -999.0 -999.0 -999.0 -999.0 -999.0 -999.0 -999.0 -999.0 -999.0 -999.0 -999.0 1829.4 1876.0 1417.9 1448.7 770.7 1512.6 1472.8 1537.9 1687.7 1669.1 1567.6 1566.6 822.5 1344.7 1250.6 857.8 1108.9 1422.3 1534.5 1161.5 1576.6 1384.7 1639.5 1801.3 1874.4 1863.3 1845.2 1768.3 1526.5 1422.4 1504.4 1531.0 1603.3 1510.5 1404.2 1446.7 1436.3 1651.4 1628.2 -999.0 -999.0
1838.0 1821.7 -999.0 -999.0 -999.0 -999.0 -999.0 -999.0 -999.0 -999.0 -999.0 -999.0 -999.0 -999.0 -999.0 2000.9 1636.4 1751.6 2035.6 -999.0 -999.0 -999.0 -999.0 -999.0 -999.0 -999.0 -999.0 -999.0 -999.0 -999.0 1831.5 1551.9 1424.2 1405.9 1612.9 1487.6 1688.3 1704.3 1735.0 1751.7 1516.9 1602.7 1655.5 864.6 1218.6 1292.0 1035.5 1278.8 1074.2 1363.1 1363.9 1584.7 1706.2 1805.8 1823.0 1880.9 1859.7 1694.3 1568.0 1645.3 1573.7 1503.5 1554.8 1504.8 1525.8 1507.5 1507.5 1774.0 1638.8 1903.5 -999.0
-999.0 -999.0 -999.0 -999.0 -999.0 -999.0 -999.0 -999.0 -999.0 -999.0 -999.0 -999.0 -999.0 -999.0 2057.5 1541.2 1415.1 1224.6 2057.6 -999.0 -999.0 -999.0 -999.0 -999.0 -999.0 -999.0 -999.0 -999.0 -999.0 -999.0 1841.7 1310.7 1488.5 1914.0 1705.7 1783.5 1702.6 1861.5 1856.7 1704.5 1536.8 1754.2 1078.3 1290.7 1019.0 1274.5 919.1 1513.4 1387.3 1602.1 1429.8 1644.1 1682.4 1730.1 1875.1 1882.1 1875.6 1804.7 1517.9 1502.5 1578.2 1721.6 1694.3 1706.0 1690.7 1670.6 1525.9 1562.5 1718.8 1748.4 -999.0
-999.0 -999.0 -999.0 -999.0 -999.0 -999.0 -999.0 -999.0 -999.0 -999.0 -999.0 -999.0 -999.0 2027.9 1971.1 1223.1 1667.2 1857.9 -999.0 -999.0 -999.0 -999.0 -999.0 -999.0 -999.0 -999.0 -999.0 -999.0 -999.0 -999.0 -999.0 1844.2 1914.1 1963.2 1681.9 1918.4 1705.3 1888.8 1873.9 1811.7 1631.8 1768.8 1139.6 1101.7 961.8 1006.3 946.4 1035.7 1059.0 1205.6 1350.0 1405.2 1519.5 1789.9 1863.7 1869.3 1826.5 1801.3 1770.4 1410.7 1581.9 1869.7 1901.2 1851.5 1883.1 1875.4 1869.7 1853.3 1929.7 1920.9 1851.9
-999.0 -999.0 -999.0 -999.0 -999.0 -999.0 -999.0 -999.0 -999.0 -999.0 -999.0 -999.0 -999.0 1720.8 1478.2 1967.2 2109.3 2155.3 -999.0 -999.0 -999.0 -999.0 -999.0 -999.0 -999.0 -999.0 -999.0 -999.0 -999.0 -999.0 -999.0 -999.0 1944.1 1837.6 1904.7 1951.3 1823.2 1903.4 1883.0 1837.5 1634.4 1782.4 1174.1 1230.3 1276.8 1049.7 1136.5 1238.9 927.3 969.1 1336.9 1277.5 1467.8 1576.9 1810.9 1856.0 1828.9 1829.8 1840.6 1822.6 1844.6 1936.4 1914.0 1875.1 1844.4 1866.6 1887.9 1896.3 1909.9 1632.3 1658.4
-999.0 -999.0 -999.0 -999.0 -999.0 -999.0 -999.0 -999.0 -999.0 -999.0 -999.0 -999.0 -999.0 1698.5 1816.5 1846.8 2142.7 -999.0 -999.0 -999.0 -999.0 -999.0 -999.0 -999.0 -999.0 -999.0 -999.0 -999.0 -999.0 -999.0 -999.0 -999.0 1919.1 1825.3 1875.6 -999.0 1928.6 -999.0 1962.1 1924.9 1843.9 1860.1 1774.6 1212.7 1278.1 1266.4 964.3 1556.8 1486.3 1015.5 1201.1 1335.8 1442.6 1625.1 1788.8 1858.5 1873.0 1903.8 1894.7 1900.7 1846.3 1751.6 1860.6 1764.8 1821.8 1883.2 1796.4 1688.2 1763.0 1838.0 1849.2
-999.0 -999.0 -999.0 -999.0 -999.0 -999.0 -999.0 -999.0 -999.0 -999.0 -999.0 -999.0 1956.5 1996.3 1993.3 -999.0 -999.0 -999.0 -999.0 -999.0 -999.0 -999.0 -999.0 -999.0 -999.0 -999.0 -999.0 -999.0 -999.0 -999.0 -999.0 -999.0 1912.8 1925.8 1971.5 -999.0 -999.0 -999.0 1995.1 1743.5 1932.1 1787.7 1630.6 1696.9 1665.4 1536.3 1185.2 1174.6 1612.5 1224.6 1118.8 1405.5 1370.2 1538.9 1689.0 1911.4 1912.7 1940.9 1951.1 1943.3 1915.8 1879.8 1873.2 1802.9 1890.5 1813.6 1706.1 1650.2 1658.3 1697.6 1793.4
-999.0 -999.0 -999.0 -999.0 -999.0 -999.0 -999.0 -999.0 -999.0 -999.0 -999.0 -999.0 -999.0 -999.0 -999.0 -999.0 -999.0 -999.0 -999.0 -999.0 -999.0 -999.0 -999.0 -999.0 -999.0 -999.0 -999.0 -999.0 -999.0 -999.0 -999.0 -999.0 -999.0 -999.0 -999.0 -999.0 -999.0 2005.4 1971.3 1797.0 1530.2 1433.3 1421.2 1416.1 1551.3 1551.5 1303.2 1332.4 1472.9 1656.7 1384.8 1294.7 1488.3 1609.8 1721.6 1824.6 1898.3 1904.2 1967.6 1982.1 1979.4 1974.4 1945.5 1943.7 1822.1 1543.4 1706.2 1674.2 1798.0 1812.6 1912.9
-999.0 -999.0 -999.0 -999.0 -999.0 -999.0 -999.0 -999.0 -999.0 -999.0 -999.0 -999.0 -999.0 -999.0 -999.0 -999.0 -999.0 -999.0 -999.0 -999.0 -999.0 -999.0 -999.0 -999.0 -999.0 -999.0 -999.0 -999.0 -999.0 -999.0 -999.0 -999.0 -999.0 -999.0 -999.0 -999.0 -999.0 1951.1 1863.4 1580.9 1289.3 1094.2 1258.8 1583.7 1482.3 1757.5 1658.7 1712.2 1534.9 1451.0 1415.1 1424.8 1499.1 1643.0 1710.0 1769.5 1898.8 1912.6 1981.3 2008.4 2032.5 2018.8 1977.1 1955.7 1879.6 1502.2 1600.1 1807.9 1881.4 1924.2 1942.8
-999.0 -999.0 -999.0 -999.0 -999.0 -999.0 -999.0 -999.0 -999.0 -999.0 -999.0 -999.0 -999.0 -999.0 -999.0 -999.0 -999.0 -999.0 -999.0 -999.0 -999.0 -999.0 -999.0 -999.0 -999.0 -999.0 -999.0 -999.0 -999.0 -999.0 -999.0 -999.0 -999.0 -999.0 -999.0 -999.0 -999.0 1950.0 1921.2 1780.9 1484.3 1376.7 1451.8 1584.9 1626.3 1702.4 1629.5 1730.4 1744.7 1675.3 1859.9 1453.9 1636.6 1562.9 1707.9 1761.3 1924.7 1968.2 1981.9 2021.3 2073.2 2024.0 2004.9 1962.9 1943.4 1743.2 1685.3 1803.6 1899.0 1927.7 1959.0
