GDD/GrowingDegreeDays_1961_Actual.txt
ncols         180
nrows         290
xllcorner     -200000
yllcorner     -200000
cellsize      5000
NODATA_value    -999
[rows 128 to 159 of 290, columns 71 to 141 of 180]
-999.0 1223.2 1527.1 1569.4 -999.0 -999.0 -999.0 -999.0 -999.0 -999.0 -999.0 -999.0 -999.0 1480.1 1330.4 1492.3 1290.5 1121.8 1213.5 986.4 818.5 916.9 807.4 952.5 1109.1 1214.4 1178.7 965.9 1019.9 1074.7 1290.6 1059.3 758.4 974.6 842.0 1050.8 1080.4 1279.0 1271.0 1173.0 1249.6 1215.5 1091.8 962.0 867.4 927.1 1070.4 1175.8 1211.0 1322.9 1205.0 1193.8 1317.6 1424.4 -999.0 -999.0 -999.0 -999.0 -999.0 -999.0 -999.0 -999.0 -999.0 -999.0 -999.0 -999.0 -999.0 -999.0 -999.0 -999.0 -999.0
-999.0 -999.0 -999.0 -999.0 -999.0 -999.0 -999.0 -999.0 -999.0 -999.0 -999.0 -999.0 -999.0 1519.4 1549.5 1195.4 1274.8 1087.9 1201.6 935.7 921.0 743.4 811.0 850.4 978.8 1043.8 1240.1 711.8 783.7 1086.1 1318.3 1039.0 846.2 1042.4 1005.6 902.1 1146.4 1008.9 957.3 1101.8 968.9 959.3 775.9 1091.7 1095.4 1040.2 1046.3 1062.1 1258.7 1424.9 1354.5 1378.3 1417.8 1499.4 1569.5 -999.0 -999.0 -999.0 -999.0 -999.0 -999.0 -999.0 -999.0 -999.0 -999.0 -999.0 -999.0 -999.0 -999.0 -999.0 -999.0
-999.0 -999.0 -999.0 -999.0 -999.0 -999.0 -999.0 -999.0 -999.0 -999.0 -999.0 -999.0 1728.3 1319.4 1150.2 1154.9 1067.5 1061.8 1138.5 1188.7 874.8 887.5 810.7 882.0 923.0 1157.9 1387.7 1123.5 1033.9 1059.5 1272.5 1273.8 1092.2 1066.7 1066.2 1032.5 834.6 1121.7 1162.5 1123.0 1132.9 765.0 948.1 855.1 962.7 1174.1 1147.5 1109.6 1101.3 1092.1 1378.4 1456.4 1474.7 1506.8 1593.3 -999.0 -999.0 -999.0 -999.0 -999.0 -999.0 -999.0 -999.0 -999.0 -999.0 -999.0 -999.0 -999.0 -999.0 -999.0 -999.0
-999.0 -999.0 -999.0 -999.0 -999.0 -999.0 -999.0 -999.0 -999.0 -999.0 -999.0 -999.0 1409.2 1276.3 1220.0 878.0 932.0 1089.7 1127.0 868.6 1153.0 1056.3 917.4 1048.3 1047.2 1307.1 1447.7 1274.5 1200.4 1017.9 1345.6 1307.3 1273.5 1183.8 1273.4 950.8 1267.8 978.4 1091.3 1248.0 779.2 1139.8 1033.0 1003.0 1120.5 1092.2 1260.1 1241.1 1075.3 1134.6 1310.8 1327.0 1399.3 1490.7 1563.7 -999.0 -999.0 -999.0 -999.0 -999.0 -999.0 -999.0 -999.0 -999.0 -999.0 -999.0 -999.0 -999.0 -999.0 -999.0 -999.0
-999.0 -999.0 -999.0 -999.0 -999.0 -999.0 -999.0 -999.0 -999.0 -999.0 -999.0 1379.7 1377.8 1319.9 1038.8 1102.1 1067.3 632.2 940.7 956.0 1162.9 1067.7 1063.2 1179.9 1061.0 1122.8 1303.0 1203.5 1261.0 1419.0 1462.9 1373.9 1199.5 1190.3 993.1 1157.0 1299.7 977.9 1207.1 1158.1 818.0 1095.1 1190.3 1276.8 1180.3 1097.0 1147.4 1119.8 1117.1 1253.8 1308.8 1380.7 1472.2 1488.9 1554.1 -999.0 -999.0 -999.0 -999.0 -999.0 -999.0 -999.0 -999.0 -999.0 -999.0 -999.0 -999.0 -999.0 -999.0 -999.0 -999.0
-999.0 -999.0 -999.0 -999.0 -999.0 -999.0 -999.0 -999.0 -999.0 -999.0 1558.8 1329.7 1160.9 1331.0 1229.3 1118.1 1157.1 977.9 1103.9 722.8 1271.1 1321.5 1211.7 1160.5 1146.5 1135.7 1304.8 1447.6 1534.4 1321.0 1480.3 1476.8 1288.6 1241.6 1245.4 1250.1 1354.5 1168.0 1338.0 1190.1 891.0 975.5 974.4 1073.9 1144.8 1235.9 1274.0 1118.9 1194.7 1259.3 1295.2 1361.8 1410.5 1508.9 1563.5 1624.7 -999.0 -999.0 -999.0 -999.0 -999.0 -999.0 -999.0 -999.0 -999.0 -999.0 -999.0 -999.0 -999.0 -999.0 -999.0
-999.0 -999.0 -999.0 -999.0 -999.0 -999.0 -999.0 -999.0 -999.0 -999.0 1259.9 902.5 1102.3 1187.8 1257.7 1253.7 1320.9 712.1 950.8 1128.2 1189.1 1374.8 1335.3 1234.0 1272.2 992.0 1389.3 1529.9 1552.1 1553.1 1304.8 1485.9 1280.8 1330.9 1292.5 1344.9 1342.4 1340.4 1180.7 1291.9 1095.0 1030.1 1080.3 1031.4 1177.0 1286.8 1327.9 1221.6 1276.6 1200.2 1285.9 1402.3 1507.9 1476.5 1523.6 1603.5 -999.0 -999.0 -999.0 -999.0 -999.0 -999.0 -999.0 -999.0 -999.0 -999.0 -999.0 -999.0 -999.0 -999.0 -999.0
-999.0 -999.0 -999.0 -999.0 -999.0 -999.0 -999.0 -999.0 1535.8 1432.1 1131.4 1108.9 1130.1 1113.5 1269.8 1256.5 1385.6 1013.2 1092.6 1083.2 1208.8 1241.3 1410.7 1239.1 1208.5 1296.3 1349.7 1414.0 1613.2 1584.4 1448.7 1463.2 1455.8 1423.0 1396.6 1453.3 1462.4 1344.6 1354.6 1351.4 1059.9 1105.7 1121.4 1136.2 1075.3 1222.8 1283.9 1418.3 1325.9 1290.8 1346.3 1415.9 1514.8 1517.5 1527.3 1581.0 -999.0 -999.0 -999.0 -999.0 -999.0 -999.0 -999.0 -999.0 -999.0 -999.0 -999.0 -999.0 -999.0 -999.0 -999.0
-999.0 -999.0 -999.0 -999.0 -999.0 -999.0 -999.0 -999.0 1439.0 1364.6 1397.5 1147.0 1184.6 1123.7 1301.6 1395.8 1446.4 1396.3 1265.1 942.8 1168.2 1246.8 1409.5 1418.7 1363.9 1382.2 1420.6 1403.7 1548.9 1474.5 1577.0 1553.1 1543.5 1516.6 1528.6 1544.2 1571.8 1525.3 1399.8 1381.1 1386.8 1261.4 1211.4 1222.2 1248.1 1295.2 1523.6 1384.4 1159.5 1244.2 1399.4 1439.6 1510.0 1525.2 1594.8 1609.4 1679.5 -999.0 -999.0 -999.0 -999.0 -999.0 -999.0 -999.0 -999.0 -999.0 -999.0 -999.0 -999.0 -999.0 -999.0
-999.0 -999.0 -999.0 -999.0 -999.0 -999.0 -999.0 -999.0 1419.4 1350.5 1479.1 1248.4 1363.9 1282.4 1362.0 1433.7 1429.5 1493.2 1193.8 1189.3 1245.3 1126.9 1372.6 1430.8 1345.5 1418.3 1329.8 1098.6 1454.8 -999.0 -999.0 -999.0 1580.7 1537.9 -999.0 1600.1 1617.3 1576.1 1535.8 1490.1 1341.2 1185.9 1277.5 1288.1 1233.2 1333.3 1261.0 1240.6 1354.1 1451.9 1521.8 1546.2 1508.0 1704.8 1699.3 1663.0 1655.6 -999.0 -999.0 -999.0 -999.0 -999.0 -999.0 -999.0 -999.0 -999.0 -999.0 -999.0 -999.0 -999.0 -999.0
1632.9 -999.0 -999.0 -999.0 -999.0 -999.0 -999.0 -999.0 1566.2 1268.7 1457.3 1493.5 1437.6 1373.8 1367.9 1392.5 1480.6 1509.2 1476.8 1095.7 1261.1 1173.9 1376.3 1422.8 1257.3 1476.8 1444.5 1466.9 1534.3 -999.0 -999.0 -999.0 1584.6 1551.9 1528.5 1569.8 1630.3 1608.2 1583.7 1379.7 1135.2 1038.9 1195.4 990.8 1225.9 1277.3 1101.3 1293.3 1237.6 1259.4 1350.3 1570.6 1493.6 1398.3 1565.8 1586.3 1659.4 -999.0 -999.0 -999.0 -999.0 -999.0 -999.0 -999.0 -999.0 -999.0 -999.0 -999.0 -999.0 -999.0 -999.0
1451.4 1534.2 -999.0 -999.0 -999.0 -999.0 -999.0 -999.0 -999.0 1421.8 1369.6 1532.8 -999.0 1479.4 1412.9 1415.4 1424.8 1517.6 -999.0 1503.1 1545.3 1367.9 1437.0 1373.7 1368.1 1534.1 1555.1 -999.0 -999.0 -999.0 -999.0 1584.8 1550.0 1533.5 1548.3 1530.4 1536.7 1569.5 1501.7 1395.8 1089.1 777.7 1194.5 875.7 1128.8 1030.0 979.0 1189.4 1105.0 1248.8 1407.6 1328.0 1332.7 1429.6 1587.3 1531.3 1519.8 1701.3 -999.0 -999.0 -999.0 -999.0 -999.0 -999.0 -999.0 -999.0 -999.0 -999.0 -999.0 -999.0 -999.0
1350.6 -999.0 -999.0 -999.0 -999.0 -999.0 -999.0 -999.0 -999.0 -999.0 1479.2 -999.0 -999.0 -999.0 1580.8 1434.7 1412.7 1448.5 1534.4 -999.0 -999.0 1493.1 1554.8 1391.6 1348.4 -999.0 -999.0 -999.0 -999.0 -999.0 1638.2 1503.6 1494.8 1501.3 1519.3 1466.4 1511.4 1439.7 1359.6 1437.0 1240.5 962.1 784.6 950.8 849.6 837.3 851.8 1051.5 1040.9 1039.1 1146.9 1332.5 1370.6 1367.8 1557.4 1504.2 1446.6 1541.2 -999.0 -999.0 -999.0 -999.0 -999.0 -999.0 -999.0 -999.0 -999.0 -999.0 -999.0 -999.0 -999.0
-999.0 -999.0 -999.0 -999.0 -999.0 -999.0 -999.0 -999.0 -999.0 -999.0 1568.6 1579.0 -999.0 -999.0 -999.0 1573.7 1377.0 1368.2 1460.9 -999.0 -999.0 -999.0 -999.0 1621.0 -999.0 -999.0 -999.0 -999.0 -999.0 -999.0 1641.4 1542.0 1510.8 1396.6 1303.6 1302.5 1400.1 1405.9 1454.2 1422.6 1333.0 1042.3 828.7 1012.4 706.9 799.0 776.3 1001.3 1004.5 914.4 1111.0 1265.9 1363.1 1509.2 1564.9 1457.3 1402.3 1506.4 -999.0 -999.0 -999.0 -999.0 -999.0 -999.0 -999.0 -999.0 -999.0 -999.0 -999.0 -999.0 -999.0
1756.3 1778.8 1742.3 -999.0 -999.0 -999.0 -999.0 -999.0 -999.0 -999.0 -999.0 1468.0 -999.0 -999.0 -999.0 -999.0 1549.4 1422.5 1512.0 -999.0 -999.0 -999.0 -999.0 -999.0 -999.0 -999.0 -999.0 -999.0 -999.0 1680.8 1568.2 1404.5 1305.6 1269.3 1175.1 1199.8 1286.7 1323.5 1430.8 1372.1 1353.1 1168.8 684.3 636.3 682.9 773.1 1024.6 1141.6 1109.5 1207.2 1357.6 1218.3 1244.1 1487.2 1492.5 1415.6 1389.2 1497.7 1676.6 -999.0 -999.0 -999.0 -999.0 -999.0 -999.0 -999.0 -999.0 -999.0 -999.0 -999.0 -999.0
1485.8 1520.0 1611.2 1677.4 -999.0 -999.0 -999.0 -999.0 -999.0 -999.0 -999.0 1407.6 -999.0 -999.0 -999.0 -999.0 -999.0 -999.0 -999.0 -999.0 -999.0 -999.0 -999.0 -999.0 -999.0 -999.0 -999.0 -999.0 -999.0 1578.5 1495.7 1453.6 1417.2 1479.6 970.1 1136.0 1234.1 1138.1 1409.5 1288.3 1503.9 1319.8 819.5 580.5 770.5 930.8 685.5 663.6 799.2 963.4 1071.3 1406.4 1378.9 1416.6 1350.9 1412.5 1452.6 1485.4 1650.4 1795.4 -999.0 -999.0 -999.0 -999.0 -999.0 -999.0 -999.0 -999.0 -999.0 -999.0 -999.0
1537.8 1576.0 1566.8 1632.7 -999.0 -999.0 -999.0 -999.0 -999.0 -999.0 -999.0 -999.0 -999.0 -999.0 -999.0 -999.0 -999.0 -999.0 -999.0 -999.0 -999.0 -999.0 -999.0 -999.0 -999.0 -999.0 -999.0 -999.0 1703.6 1565.8 1415.0 1476.0 1181.1 1582.3 667.3 709.4 1283.9 1243.3 1362.6 1435.8 1364.4 1431.3 1212.5 641.1 717.3 861.3 936.5 1029.2 914.5 970.0 1066.1 1243.3 1378.2 1428.2 1463.7 1480.3 1448.1 1544.2 1735.0 1813.1 -999.0 -999.0 -999.0 -999.0 -999.0 -999.0 -999.0 -999.0 -999.0 -999.0 -999.0
1614.1 1653.9 1659.3 1628.5 -999.0 -999.0 -999.0 -999.0 -999.0 -999.0 -999.0 -999.0 -999.0 -999.0 -999.0 -999.0 -999.0 -999.0 -999.0 -999.0 -999.0 -999.0 -999.0 -999.0 -999.0 -999.0 -999.0 -999.0 1670.5 1393.3 1429.9 1256.6 754.3 1240.8 1476.3 1059.3 993.5 1160.3 1208.9 1307.3 1347.4 1416.4 1381.0 1277.7 703.2 841.8 895.7 1040.9 1077.7 1108.1 1264.6 1309.5 1359.1 1342.0 1491.5 1423.0 1493.7 1543.1 1700.0 1817.6 1836.7 1797.9 1768.0 -999.0 -999.0 -999.0 -999.0 -999.0 -999.0 -999.0 -999.0
1560.4 1703.0 -999.0 1633.7 1682.9 -999.0 -999.0 -999.0 -999.0 -999.0 -999.0 -999.0 -999.0 -999.0 -999.0 -999.0 -999.0 -999.0 -999.0 -999.0 -999.0 -999.0 -999.0 -999.0 -999.0 -999.0 -999.0 -999.0 1616.6 1385.5 1285.1 1000.0 1323.2 1241.0 1136.3 905.4 1126.2 1215.4 920.7 1317.4 1159.4 1350.3 1439.6 1478.2 1188.6 962.3 962.0 1030.9 1088.2 1256.7 1265.8 1338.4 1432.0 1517.2 1524.8 1534.5 1506.2 1589.1 1678.2 1740.7 1494.5 1597.9 1512.7 1499.8 1596.1 -999.0 -999.0 -999.0 -999.0 -999.0 -999.0
1519.8 1621.8 1636.2 1614.4 -999.0 -999.0 -999.0 -999.0 -999.0 -999.0 -999.0 -999.0 -999.0 -999.0 -999.0 -999.0 -999.0 -999.0 -999.0 -999.0 -999.0 -999.0 -999.0 -999.0 -999.0 -999.0 -999.0 -999.0 1594.0 1346.1 1149.9 781.4 682.4 928.6 1222.9 1156.7 1070.9 881.0 1203.6 918.5 1074.8 1219.0 1303.6 1352.4 1418.8 1303.1 973.2 1010.1 1091.6 1171.9 1249.3 1332.7 1397.5 1490.0 1575.3 1563.0 1569.9 1632.8 1657.7 1649.0 1535.0 1271.7 1300.3 1318.5 1316.1 1428.4 1682.3 -999.0 -999.0 -999.0 -999.0
1585.6 1622.8 1597.3 1576.9 -999.0 -999.0 -999.0 -999.0 -999.0 -999.0 -999.0 -999.0 -999.0 -999.0 -999.0 -999.0 -999.0 -999.0 -999.0 -999.0 -999.0 -999.0 -999.0 -999.0 -999.0 -999.0 -999.0 -999.0 1603.1 1456.5 1126.9 953.0 1300.5 521.8 704.1 1223.7 1057.7 1220.8 891.0 835.3 1080.8 1230.3 1226.0 1198.1 1333.3 777.9 871.4 889.9 869.9 887.1 992.6 1295.1 1282.1 1475.5 1563.3 1581.3 1596.1 1633.0 1673.9 1683.2 1589.8 1345.1 1420.8 1448.1 1389.9 1354.5 1616.0 1494.6 -999.0 -999.0 -999.0
1623.2 1602.8 1521.5 1627.5 -999.0 -999.0 -999.0 -999.0 -999.0 -999.0 -999.0 -999.0 -999.0 -999.0 -999.0 -999.0 1742.8 1735.6 1781.3 -999.0 -999.0 -999.0 -999.0 -999.0 -999.0 -999.0 -999.0 -999.0 -999.0 1593.3 1462.7 1358.2 1204.5 1155.7 912.2 1399.6 1619.0 1149.7 1142.3 1155.8 1205.8 1079.4 1080.3 1172.5 1124.2 928.8 928.3 711.8 811.0 994.7 1099.8 1128.0 1316.5 1484.7 1563.5 1604.3 1588.4 1639.4 1659.2 1274.9 1344.8 1066.6 1039.1 1133.7 1212.3 1433.3 1254.6 1378.7 1645.6 -999.0 -999.0
1692.3 1586.4 1626.7 -999.0 -999.0 -999.0 -999.0 -999.0 -999.0 -999.0 -999.0 -999.0 -999.0 -999.0 -999.0 -999.0 1688.6 1687.1 -999.0 -999.0 -999.0 -999.0 -999.0 -999.0 -999.0 -999.0 -999.0 -999.0 -999.0 -999.0 1539.3 1552.3 1214.4 1270.6 699.4 1259.2 1249.4 1326.5 1451.5 1432.2 1354.8 1355.7 741.4 1159.0 1071.6 741.0 941.8 1196.8 1287.5 979.6 1311.0 1164.8 1390.1 1548.3 1635.6 1639.1 1618.6 1553.7 1352.0 1257.7 1306.1 1309.1 1355.9 1272.1 1188.5 1234.6 1221.5 1377.6 1398.6 -999.0 -999.0
1605.9 1566.7 -999.0 -999.0 -999.0 -999.0 -999.0 -999.0 -999.0 -999.0 -999.0 -999.0 -999.0 -999.0 -999.0 1662.7 1314.2 1400.3 1689.1 -999.0 -999.0 -999.0 -999.0 -999.0 -999.0 -999.0 -999.0 -999.0 -999.0 -999.0 1587.2 1313.5 1204.4 1193.3 1333.6 1238.1 1409.6 1443.6 1468.8 1483.8 1304.2 1380.3 1415.9 763.7 1044.8 1090.7 878.3 1085.5 920.6 1154.3 1150.6 1340.3 1459.5 1573.1 1625.8 1686.3 1646.4 1492.5 1380.2 1433.9 1358.9 1291.8 1325.0 1270.0 1285.6 1287.6 1286.7 1462.0 1389.2 1710.3 -999.0
-999.0 -999.0 -999.0 -999.0 -999.0 -999.0 -999.0 -999.0 -999.0 -999.0 -999.0 -999.0 -999.0 -999.0 1729.5 1255.3 1104.5 975.1 1697.8 -999.0 -999.0 -999.0 -999.0 -999.0 -999.0 -999.0 -999.0 -999.0 -999.0 -999.0 1639.9 1153.9 1262.8 1591.8 1418.3 1488.7 1426.8 1567.2 1548.5 1430.8 1317.9 1506.5 944.4 1108.9 872.7 1074.0 776.1 1273.7 1179.1 1350.1 1215.1 1395.6 1442.7 1514.3 1675.1 1696.1 1652.1 1570.0 1334.0 1322.6 1378.3 1484.9 1446.4 1435.0 1407.1 1387.8 1286.8 1317.0 1475.0 1575.4 -999.0
-999.0 -999.0 -999.0 -999.0 -999.0 -999.0 -999.0 -999.0 -999.0 -999.0 -999.0 -999.0 -999.0 1728.5 1609.1 943.0 1270.3 1477.7 -999.0 -999.0 -999.0 -999.0 -999.0 -999.0 -999.0 -999.0 -999.0 -999.0 -999.0 -999.0 -999.0 1639.8 1652.6 1657.7 1426.6 1599.3 1429.1 1597.4 1575.4 1519.2 1405.3 1526.2 999.4 956.8 820.1 847.3 800.6 879.6 900.0 1020.4 1140.3 1195.8 1297.0 1542.0 1633.9 1637.4 1564.2 1542.0 1533.2 1259.2 1411.2 1632.4 1626.0 1554.9 1567.8 1555.8 1561.7 1566.3 1645.8 1674.3 1630.4
-999.0 -999.0 -999.0 -999.0 -999.0 -999.0 -999.0 -999.0 -999.0 -999.0 -999.0 -999.0 -999.0 1447.7 1187.7 1513.4 1623.6 1744.2 -999.0 -999.0 -999.0 -999.0 -999.0 -999.0 -999.0 -999.0 -999.0 -999.0 -999.0 -999.0 -999.0 -999.0 1747.6 1596.8 1633.0 1638.5 1531.2 1625.8 1622.7 1566.7 1405.3 1530.1 1026.2 1066.9 1087.2 885.1 958.0 1042.1 789.5 826.4 1127.1 1082.6 1252.2 1356.6 1564.6 1610.1 1567.8 1567.4 1595.8 1604.3 1638.6 1702.1 1648.0 1580.5 1540.2 1554.3 1586.9 1607.1 1622.5 1394.2 1411.2
-999.0 -999.0 -999.0 -999.0 -999.0 -999.0 -999.0 -999.0 -999.0 -999.0 -999.0 -999.0 -999.0 1441.4 1500.0 1500.8 1748.1 -999.0 -999.0 -999.0 -999.0 -999.0 -999.0 -999.0 -999.0 -999.0 -999.0 -999.0 -999.0 -999.0 -999.0 -999.0 1799.7 1639.0 1627.7 -999.0 1668.4 -999.0 1723.5 1658.9 1568.9 1582.8 1511.3 1054.6 1099.2 1067.6 812.0 1282.0 1233.4 865.3 1019.6 1127.0 1229.8 1396.3 1544.4 1640.1 1704.8 1697.5 1656.3 1660.5 1625.4 1544.2 1606.5 1503.5 1533.7 1588.8 1538.5 1448.4 1497.9 1542.7 1535.8
-999.0 -999.0 -999.0 -999.0 -999.0 -999.0 -999.0 -999.0 -999.0 -999.0 -999.0 -999.0 1721.6 1720.0 1704.7 -999.0 -999.0 -999.0 -999.0 -999.0 -999.0 -999.0 -999.0 -999.0 -999.0 -999.0 -999.0 -999.0 -999.0 -999.0 -999.0 -999.0 1822.6 1770.4 1738.1 -999.0 -999.0 -999.0 1757.9 1521.3 1643.7 1523.8 1392.5 1444.6 1410.7 1288.2 985.6 973.6 1331.1 1036.4 961.5 1196.4 1168.8 1326.3 1465.7 1678.0 1716.7 1720.5 1702.5 1686.6 1664.2 1633.9 1618.4 1551.8 1613.5 1556.1 1468.4 1418.0 1412.9 1431.6 1484.3
-999.0 -999.0 -999.0 -999.0 -999.0 -999.0 -999.0 -999.0 -999.0 -999.0 -999.0 -999.0 -999.0 -999.0 -999.0 -999.0 -999.0 -999.0 -999.0 -999.0 -999.0 -999.0 -999.0 -999.0 -999.0 -999.0 -999.0 -999.0 -999.0 -999.0 -999.0 -999.0 -999.0 -999.0 -999.0 -999.0 -999.0 1787.3 1741.1 1571.4 1329.5 1237.3 1219.6 1211.8 1312.3 1295.0 1089.1 1112.5 1235.0 1394.4 1188.7 1121.2 1279.1 1384.9 1501.0 1599.2 1664.4 1663.6 1702.9 1714.2 1715.4 1711.7 1681.1 1672.9 1568.9 1341.1 1470.1 1434.8 1528.3 1531.2 1593.9
-999.0 -999.0 -999.0 -999.0 -999.0 -999.0 -999.0 -999.0 -999.0 -999.0 -999.0 -999.0 -999.0 -999.0 -999.0 -999.0 -999.0 -999.0 -999.0 -999.0 -999.0 -999.0 -999.0 -999.0 -999.0 -999.0 -999.0 -999.0 -999.0 -999.0 -999.0 -999.0 -999.0 -999.0 -999.0 -999.0 -999.0 1748.5 1650.4 1398.6 1131.8 959.2 1092.2 1349.4 1259.4 1469.5 1387.6 1437.2 1303.6 1246.3 1220.2 1238.9 1300.6 1419.5 1513.5 1546.3 1649.0 1653.2 1708.0 1738.2 1774.6 1764.1 1716.5 1686.4 1618.5 1306.9 1383.7 1545.1 1604.5 1637.9 1639.4
-999.0 -999.0 -999.0 -999.0 -999.0 -999.0 -999.0 -999.0 -999.0 -999.0 -999.0 -999.0 -999.0 -999.0 -999.0 -999.0 -999.0 -999.0 -999.0 -999.0 -999.0 -999.0 -999.0 -999.0 -999.0 -999.0 -999.0 -999.0 -999.0 -999.0 -999.0 -999.0 -999.0 -999.0 -999.0 -999.0 -999.0 1715.8 1682.9 1551.8 1288.5 1186.1 1244.6 1353.8 1384.5 1436.1 1374.9 1460.5 1476.5 1433.5 1600.5 1284.9 1427.4 1358.0 1479.6 1521.8 1650.5 1678.2 1694.2 1738.0 1816.4 1763.3 1741.0 1690.4 1666.3 1503.4 1456.6 1551.4 1632.1 1661.6 1678.3
