GDD/GrowingDegreeDays_1996_Actual.txt
ncols         180
nrows         290
xllcorner     -200000
yllcorner     -200000
cellsize      5000
NODATA_value    -999
[rows 192 to 223 of 290, columns 71 to 141 of 180]
-999.0 -999.0 -999.0 -999.0 -999.0 -999.0 -999.0 -999.0 -999.0 -999.0 -999.0 -999.0 -999.0 -999.0 -999.0 -999.0 -999.0 -999.0 -999.0 -999.0 -999.0 1582.4 1275.6 1122.7 1036.7 880.3 1002.6 1238.2 1439.0 1570.4 1438.2 1280.1 1182.4 1128.5 1385.1 1558.1 1514.0 1407.7 1417.5 1565.3 1339.1 1433.9 1457.4 1592.1 1545.7 1664.9 1730.6 1704.2 1618.6 1644.3 1704.0 1719.9 1714.1 1701.6 1631.0 1674.3 1703.6 1676.4 1620.4 1593.4 1575.4 1538.3 1594.0 1621.4 1529.9 1536.1 1551.3 1604.9 1618.0 1702.1 1700.1
-999.0 -999.0 -999.0 -999.0 -999.0 -999.0 -999.0 -999.0 -999.0 -999.0 -999.0 -999.0 -999.0 -999.0 -999.0 -999.0 -999.0 -999.0 -999.0 -999.0 1661.8 1634.6 1344.3 1113.0 1058.0 1139.1 1174.3 1302.0 1212.0 897.4 1143.1 1166.1 1212.9 1456.6 1565.7 1474.3 1442.8 1553.6 1557.3 1496.6 1360.0 1386.4 1439.2 1595.4 1546.0 1710.4 1724.9 1632.4 1721.5 1610.0 1613.1 1670.1 1663.0 1690.1 1649.7 1723.6 1749.0 1691.4 1674.4 1676.6 1596.3 1611.7 1528.5 1585.4 1542.5 1613.4 1608.3 1624.4 1697.9 1726.6 1674.5
-999.0 -999.0 -999.0 -999.0 -999.0 -999.0 -999.0 -999.0 -999.0 -999.0 -999.0 -999.0 -999.0 -999.0 -999.0 -999.0 -999.0 -999.0 -999.0 -999.0 1423.9 1421.0 1396.3 1360.9 1219.3 930.6 983.2 1073.1 1193.7 1159.2 1083.1 1046.6 1069.8 1413.5 1310.9 1235.7 1562.8 1378.6 1661.2 1586.6 1401.3 1264.7 1541.6 1547.5 1699.7 1760.9 1731.2 1691.3 1471.4 1572.2 1579.0 1613.1 1632.2 1651.4 1645.9 1725.6 1730.7 1734.6 1713.4 1729.6 1700.0 1583.3 1540.4 1561.0 1534.6 1621.6 1682.4 1707.3 1749.0 1725.6 1686.1
-999.0 -999.0 -999.0 -999.0 -999.0 -999.0 -999.0 -999.0 -999.0 -999.0 -999.0 -999.0 -999.0 -999.0 -999.0 -999.0 -999.0 -999.0 -999.0 -999.0 1492.7 1443.1 1598.4 1440.2 1230.4 916.3 1070.1 1052.4 1256.8 1134.1 1185.0 1317.3 1256.2 1240.5 1325.2 1470.8 1602.1 1579.7 1361.4 1646.9 1593.9 1548.8 1573.6 1508.8 1667.9 1800.8 1764.3 1680.5 1642.4 1657.3 1586.5 1607.6 1626.0 1625.3 1700.6 1724.6 1676.1 1721.4 1702.7 1738.5 1670.3 1564.3 1558.4 1645.8 1661.5 1615.6 1701.5 1697.5 1793.9 1726.6 1713.4
-999.0 -999.0 -999.0 -999.0 -999.0 -999.0 -999.0 -999.0 -999.0 -999.0 -999.0 -999.0 -999.0 -999.0 -999.0 -999.0 -999.0 -999.0 -999.0 1589.1 1406.5 1163.5 1276.6 1389.6 1141.2 1084.8 979.8 998.3 1423.8 1405.5 1437.3 1317.1 1215.5 1385.1 1422.0 1315.8 1488.7 1581.9 1612.2 1680.1 1698.2 1663.4 1609.8 1669.7 1733.4 1779.0 1801.1 1783.5 1720.8 1685.8 1726.3 1667.8 1676.7 1633.3 1699.7 1697.5 1697.8 1742.5 1751.7 1726.8 1616.1 1622.0 1628.5 1726.1 1698.0 1682.7 1700.0 1774.8 1738.3 1740.5 1733.3
-999.0 -999.0 -999.0 -999.0 -999.0 -999.0 -999.0 -999.0 -999.0 -999.0 -999.0 -999.0 -999.0 -999.0 -999.0 -999.0 -999.0 -999.0 1482.6 1422.5 1308.4 1393.3 1441.5 1152.1 955.7 951.9 1148.5 1094.5 1421.4 1321.5 1416.8 1454.4 1004.0 1366.8 1342.3 1562.8 1573.8 1678.7 1672.8 1636.2 1533.4 1637.9 1517.7 1711.6 1718.8 1858.4 1862.8 1812.5 1786.5 1787.0 1784.2 1717.7 1668.8 1658.9 1764.5 1714.7 1708.7 1688.6 1683.4 1665.0 1608.2 1663.7 1627.4 1724.0 1737.0 1783.4 1774.4 1688.6 1678.4 1744.8 1740.6
-999.0 -999.0 -999.0 -999.0 -999.0 -999.0 -999.0 -999.0 -999.0 -999.0 -999.0 -999.0 -999.0 -999.0 -999.0 -999.0 1462.2 1494.4 1527.0 1638.2 1596.3 1469.8 1395.2 1105.5 1018.3 941.1 914.9 1112.6 1289.8 1566.7 1353.8 1418.4 1132.8 1381.5 1511.6 1553.7 1673.8 1676.6 1725.4 1629.7 1486.9 1564.5 1597.5 1828.3 1841.5 1856.6 1850.3 1774.6 1781.1 1775.4 1812.7 1720.4 1665.5 1737.5 1750.5 1741.9 1638.6 1638.2 1583.3 1543.1 1585.0 1629.5 1687.9 1739.8 1705.8 1676.0 1701.9 1675.3 1757.2 1744.3 1744.5
-999.0 -999.0 -999.0 -999.0 -999.0 -999.0 -999.0 -999.0 -999.0 -999.0 -999.0 -999.0 1719.4 1731.4 1733.7 1356.8 1284.2 1228.5 1236.8 1454.4 1465.0 1482.4 1089.1 1191.7 1076.2 1078.8 1110.8 1365.6 1472.5 1604.4 1459.3 1503.9 1057.1 1221.0 1421.0 1628.6 1618.3 1667.4 1508.1 1718.1 1560.6 1556.9 1656.8 1797.7 1912.1 1925.6 1798.8 1817.8 1817.4 1725.0 1794.7 1740.2 1737.7 1737.3 1697.7 1648.5 1692.5 1611.6 1637.3 1601.6 1537.8 1559.2 1594.0 1641.7 1633.4 1649.9 1691.1 1728.3 1685.3 1781.9 1781.4
-999.0 -999.0 -999.0 -999.0 -999.0 -999.0 -999.0 -999.0 -999.0 -999.0 -999.0 1522.7 1641.4 1518.9 1528.0 1525.2 1323.6 1381.1 1335.7 1510.2 1599.2 1280.4 1201.2 1140.8 1505.6 1055.5 1237.5 1428.7 1105.1 1358.5 1628.2 1132.4 1315.6 1415.1 1751.4 1758.4 1710.7 1462.0 1713.8 1735.0 1709.6 1694.8 1635.6 1778.7 1847.9 1969.7 1875.2 1867.0 1841.7 1767.0 1774.4 1772.8 1770.0 1757.0 1668.8 1662.1 1511.6 1644.7 1664.6 1627.3 1566.9 1626.1 1648.0 1693.7 1702.0 1663.8 1693.2 1664.3 1725.4 1760.0 1739.4
-999.0 -999.0 -999.0 -999.0 -999.0 -999.0 -999.0 -999.0 -999.0 -999.0 1481.6 1490.6 1681.1 1663.4 1628.2 1507.1 1538.4 1464.1 1538.9 1522.5 1150.9 1344.0 1461.3 1139.6 1612.0 1292.9 1212.4 997.3 1131.3 1150.7 1365.5 1410.3 1509.4 1751.6 1390.6 1438.0 1736.6 1705.5 1778.7 1820.4 1735.1 1763.9 1799.2 1760.3 1783.5 1966.8 1923.6 1906.2 1851.2 1845.4 1837.2 1809.0 1654.8 1798.9 1732.1 1642.3 1558.6 1593.8 1641.9 1605.7 1565.7 1592.4 1582.3 1641.0 1709.3 1719.7 1734.2 1662.5 1687.8 1718.2 1620.4
-999.0 -999.0 -999.0 -999.0 -999.0 -999.0 1687.7 1440.2 1577.1 1410.6 1589.2 1581.2 1518.7 1586.1 1603.5 1395.6 1451.4 1438.1 1502.2 1347.5 1324.0 1450.0 1383.0 1376.6 1470.5 1413.1 1119.3 1095.4 1270.9 1345.6 1243.6 1447.0 1711.1 1333.4 1262.8 1493.7 1485.4 1693.6 1721.5 1832.8 1802.6 1593.4 1798.4 1673.3 1863.7 1936.5 1918.9 1885.0 1696.8 1830.6 1791.6 1501.7 1762.1 1776.5 1718.6 1609.5 1488.1 1573.4 1600.5 1605.9 1638.2 1610.8 1621.5 1668.1 1713.8 1685.6 1715.2 1692.4 1675.4 1628.5 1542.6
-999.0 -999.0 -999.0 -999.0 -999.0 1645.6 1511.3 1536.3 1509.8 1288.3 1057.8 1177.9 1235.5 1466.8 1364.6 1225.5 1314.6 1367.5 1238.1 1432.1 1484.0 1285.4 1504.7 1641.5 1507.1 1430.8 1194.6 1232.9 1299.3 1384.0 1416.9 1505.5 1423.2 836.3 1153.8 1460.1 1655.4 1614.3 1724.0 1615.9 1779.9 1724.3 1819.9 1848.7 1874.6 1879.0 1906.6 1910.1 1820.6 1793.6 1528.9 1506.3 1586.4 1688.3 1699.0 1444.6 1496.6 1535.0 1580.1 1652.0 1607.3 1615.2 1629.2 1693.3 1628.2 1655.0 1703.3 1587.6 1613.1 1659.1 1584.0
-999.0 -999.0 -999.0 1692.1 1580.7 1569.4 1488.4 1563.2 1490.0 1369.4 1355.6 1436.1 1544.2 1356.9 1460.4 1304.6 1570.3 1488.1 1298.6 1397.0 1568.6 1464.9 1698.2 1662.7 1332.1 1228.8 1300.1 1447.3 1320.9 1569.3 1632.6 1608.6 1252.4 1085.1 1098.8 1641.8 1580.7 1596.9 1607.2 1698.4 1842.3 1725.0 1785.6 1816.8 1883.3 1863.9 1936.3 1942.0 1806.5 1747.5 1520.7 1550.0 1606.9 1692.3 1616.3 1471.5 1493.5 1529.8 1609.3 1622.1 1633.9 1640.6 1640.4 1646.5 1633.8 1623.1 1653.8 1661.8 1660.1 1678.5 1598.1
-999.0 -999.0 -999.0 1711.3 -999.0 1714.2 1667.5 1525.4 1591.1 1509.8 1534.3 1486.2 1548.3 1517.3 1401.6 1552.0 1488.2 1660.5 1708.3 1716.8 1733.4 1722.8 1448.3 1498.2 1185.6 738.4 1291.5 1277.8 1300.2 1036.4 1079.7 1700.9 1730.0 969.7 1319.1 1521.2 1492.0 1426.4 1636.9 1813.9 1887.1 1698.9 1684.0 1815.5 1898.9 1927.3 1908.6 1968.8 1826.4 1545.8 1489.6 1606.9 1661.3 1683.5 1688.2 1660.2 1570.5 1636.2 1673.1 1706.2 1715.6 1679.1 1608.6 1564.1 1635.4 1685.6 1673.2 1713.9 1697.5 1638.1 1660.8
-999.0 -999.0 -999.0 -999.0 -999.0 -999.0 1557.3 1655.0 1657.1 1566.2 1645.6 1605.0 1614.1 1568.6 1632.5 1664.5 1581.8 1651.4 1550.0 1690.5 1471.4 1695.4 1384.2 1204.3 1164.9 1023.9 944.0 1125.2 1004.0 920.7 1359.8 1260.5 1422.5 1828.4 1377.9 1429.6 1738.2 1700.4 1849.8 1663.2 1707.9 1498.3 1599.6 1829.0 1872.6 1923.8 1974.0 1831.8 1562.0 1633.8 1478.4 1611.7 1656.0 1612.9 1695.4 1578.4 1700.3 1700.3 1761.8 1787.8 1768.6 1697.4 1643.3 1662.0 1726.7 1746.7 1750.1 1702.2 1623.0 1581.2 1655.0
-999.0 -999.0 -999.0 -999.0 -999.0 1680.7 1649.3 1640.0 1666.5 1691.3 1544.2 1468.8 1388.5 1506.9 1611.3 1636.7 1676.4 1624.0 1399.2 1702.4 1569.1 1815.3 1621.4 1521.0 1535.5 1580.7 1305.1 1349.5 1145.3 1133.5 1025.3 1239.1 1251.9 1407.1 1103.4 1609.5 1736.7 1776.9 1659.1 1701.6 1518.9 1607.7 1606.0 1861.8 1866.4 1858.8 1566.9 1511.0 1531.7 1492.0 1639.8 1602.9 1603.5 1637.0 1692.3 1695.9 1713.3 1777.4 1841.6 1862.2 1824.3 1714.5 1683.1 1662.7 1720.5 1772.7 1756.8 1671.9 1531.7 1678.6 1660.6
-999.0 -999.0 -999.0 -999.0 1776.4 1735.6 1694.9 1680.9 1715.8 1731.8 1723.3 1632.4 1690.3 1667.5 1731.3 1694.7 1642.7 1655.5 1668.8 1456.7 1770.0 1408.1 1491.9 1456.3 1327.3 1417.3 1562.9 1528.2 1343.3 1414.3 1271.9 1339.7 1507.8 1211.2 1258.6 1755.2 1635.8 1840.4 1794.2 1637.4 1591.3 1706.2 1746.8 1828.0 1854.3 1645.7 1704.9 1557.6 1576.1 1633.7 1611.2 1641.7 1682.8 1677.7 1733.6 1766.0 1783.1 1832.2 1773.1 1927.3 1794.0 1790.6 1762.3 1767.7 1765.0 1758.0 1683.8 1571.9 1604.4 1643.5 1670.7
-999.0 -999.0 -999.0 -999.0 -999.0 -999.0 1803.2 1764.6 1764.5 1722.2 1694.2 1645.2 -999.0 -999.0 -999.0 -999.0 1689.0 1676.5 1586.9 1802.4 1899.5 1752.8 1708.4 1675.0 1637.1 1882.5 1099.0 1066.1 1448.8 1544.8 1536.5 1398.3 1360.2 1290.0 1583.3 1726.1 1768.9 1868.3 1546.0 1707.9 1610.2 1855.6 1836.6 1844.5 1851.6 1580.4 1731.6 1601.0 1619.9 1698.8 1693.1 1712.9 1731.4 1764.0 1781.9 1794.7 1792.6 1825.1 1772.2 1875.0 1798.6 1747.4 1771.5 1750.1 1734.3 1638.3 1657.2 1623.6 1613.5 1642.9 1769.9
-999.0 -999.0 -999.0 -999.0 -999.0 -999.0 1799.0 1700.0 1628.4 1791.2 1646.7 1751.2 -999.0 -999.0 -999.0 -999.0 -999.0 -999.0 -999.0 1922.9 1930.4 1867.2 1968.0 1848.7 1663.5 1387.5 1241.5 1058.1 1132.4 1304.1 1449.6 1446.8 1604.1 1448.6 1472.8 1795.3 1878.5 1562.3 1592.7 1590.9 1889.3 1902.2 1847.7 1871.2 1712.9 1617.9 1641.2 1642.2 1697.5 1730.9 1751.4 1765.3 1768.1 1764.6 1776.9 1719.4 1778.4 1811.0 1843.5 1846.5 1776.2 1743.9 1749.8 1640.1 1639.0 1740.7 1628.0 1638.5 1689.9 1730.9 1798.2
-999.0 -999.0 -999.0 -999.0 -999.0 -999.0 -999.0 -999.0 1778.3 -999.0 -999.0 -999.0 -999.0 -999.0 -999.0 -999.0 -999.0 1715.4 1745.0 1771.3 1723.6 1857.0 1954.5 1969.3 1820.4 1613.0 1339.6 1225.2 1288.8 1631.2 1652.1 1333.4 1515.2 1605.8 1794.5 1899.8 1957.4 1729.9 1775.9 1798.4 1906.1 1896.0 1820.8 1855.4 1568.7 1519.7 1633.1 1659.0 1729.1 1745.2 1755.8 1783.3 1734.5 1764.5 1738.9 1794.8 1806.6 1822.7 1823.8 1806.3 1700.5 1672.5 1624.4 1546.9 1667.1 1647.7 1804.7 1713.5 1753.7 1814.8 1804.5
-999.0 -999.0 -999.0 -999.0 -999.0 -999.0 -999.0 -999.0 -999.0 -999.0 -999.0 -999.0 -999.0 -999.0 -999.0 -999.0 -999.0 1704.1 1700.2 1864.1 1784.0 1765.8 -999.0 -999.0 2034.9 1563.7 1757.7 1587.1 1637.3 1633.0 1576.9 1489.0 1802.0 1862.7 1847.8 1908.0 1915.6 1903.0 1908.8 1908.8 1895.2 1780.3 1812.2 1756.7 1556.6 1635.5 1680.9 1730.1 1742.4 1703.9 1728.8 1773.1 1761.3 1787.9 1760.4 1712.8 1690.6 1738.5 1692.8 1769.7 1747.8 1661.5 1499.1 1678.2 1694.0 1759.6 1890.3 1773.8 1811.1 1868.3 1913.8
-999.0 -999.0 -999.0 -999.0 -999.0 -999.0 -999.0 -999.0 -999.0 -999.0 -999.0 -999.0 -999.0 -999.0 -999.0 -999.0 -999.0 -999.0 -999.0 -999.0 -999.0 -999.0 -999.0 -999.0 1985.4 1896.3 1674.5 1680.5 1821.8 1843.7 1831.6 1789.5 1881.5 1928.3 1899.4 1881.5 1889.8 1902.5 -999.0 1947.0 1907.2 1832.3 1831.5 1748.8 1587.3 1663.1 1675.8 1737.4 1814.0 1804.8 1720.2 1783.7 1764.8 1653.4 1613.9 1625.9 1564.9 1524.0 1627.2 1655.2 1673.1 1684.4 1623.3 1743.4 1757.7 1772.5 1840.7 1864.6 1893.7 1887.7 1905.1
-999.0 -999.0 -999.0 -999.0 -999.0 -999.0 -999.0 -999.0 -999.0 -999.0 -999.0 -999.0 -999.0 -999.0 -999.0 -999.0 -999.0 -999.0 -999.0 -999.0 -999.0 -999.0 -999.0 -999.0 -999.0 1908.1 1843.1 1800.5 1764.8 1755.4 1894.7 1931.8 1935.7 1966.3 -999.0 -999.0 -999.0 -999.0 1916.3 1960.3 1876.7 1864.2 1842.5 1754.7 1595.2 1672.4 1647.9 1707.0 1833.7 1737.3 1731.9 1630.3 1697.1 1537.2 1623.7 1601.9 1621.1 1591.4 1602.7 1674.2 1632.8 1823.1 1808.7 1791.1 1889.5 1855.3 1893.7 1913.0 1926.1 2000.6 2093.4
-999.0 -999.0 -999.0 -999.0 -999.0 -999.0 -999.0 -999.0 -999.0 -999.0 -999.0 -999.0 -999.0 -999.0 -999.0 -999.0 -999.0 -999.0 -999.0 -999.0 -999.0 -999.0 -999.0 -999.0 -999.0 -999.0 1893.3 1700.8 1747.1 1819.4 1788.7 1867.0 1929.5 -999.0 -999.0 -999.0 -999.0 1822.6 1748.7 1689.8 1938.5 1916.4 1885.4 1668.7 1594.1 1622.0 1642.2 1712.6 1730.3 1756.4 1625.4 1525.2 1633.0 1614.8 1654.2 1627.1 1635.7 1718.5 1679.6 1696.5 1760.2 1801.5 1843.8 1954.2 1891.0 1858.4 1865.1 1835.6 1829.0 1973.3 2025.7
-999.0 -999.0 -999.0 -999.0 -999.0 -999.0 -999.0 -999.0 -999.0 -999.0 -999.0 -999.0 -999.0 -999.0 -999.0 -999.0 -999.0 -999.0 -999.0 -999.0 -999.0 -999.0 -999.0 -999.0 -999.0 -999.0 -999.0 1865.0 1803.2 1857.3 1790.8 1895.3 1887.0 -999.0 -999.0 -999.0 1893.6 1907.3 1848.2 1684.2 1744.6 1802.0 1903.3 1759.0 1823.2 1662.6 1660.8 1752.3 1645.0 1577.2 1594.2 1650.7 1635.3 1679.4 1684.8 1696.6 1741.1 1744.6 1741.9 1730.2 1718.5 1786.0 1859.7 1844.8 1799.9 1792.5 1834.9 1831.0 1834.0 1887.1 1948.1
-999.0 -999.0 -999.0 -999.0 -999.0 -999.0 -999.0 -999.0 -999.0 -999.0 -999.0 -999.0 -999.0 -999.0 -999.0 -999.0 -999.0 -999.0 -999.0 -999.0 -999.0 -999.0 -999.0 -999.0 -999.0 -999.0 -999.0 -999.0 -999.0 -999.0 -999.0 -999.0 -999.0 -999.0 -999.0 1788.6 1893.1 1936.5 1899.2 1696.2 1845.2 1796.2 1729.5 1746.9 1765.8 1742.5 1832.6 1801.2 1755.1 1665.1 1682.8 1680.0 1682.3 1642.8 1643.8 1658.8 1546.9 1669.8 1638.3 1685.0 1684.0 1726.3 1808.1 1794.8 1777.5 1769.9 1750.5 1823.8 1858.5 1870.8 1885.9
-999.0 -999.0 -999.0 -999.0 -999.0 -999.0 -999.0 -999.0 -999.0 -999.0 -999.0 -999.0 -999.0 -999.0 -999.0 -999.0 -999.0 -999.0 -999.0 -999.0 -999.0 -999.0 -999.0 -999.0 -999.0 -999.0 -999.0 -999.0 -999.0 -999.0 -999.0 -999.0 -999.0 -999.0 -999.0 1898.9 1789.9 1836.7 1409.8 1533.3 1817.4 1763.6 1720.4 1708.4 1692.0 1820.4 1845.5 1809.4 1780.5 1675.7 1707.6 1753.1 1615.6 1589.3 1488.9 1604.1 1583.3 1481.1 1598.4 1646.5 1700.3 1771.1 1793.7 1804.4 1801.8 1793.5 1822.4 1787.4 1813.1 1862.0 1854.8
-999.0 -999.0 -999.0 -999.0 -999.0 -999.0 -999.0 -999.0 -999.0 -999.0 -999.0 -999.0 -999.0 -999.0 -999.0 -999.0 -999.0 -999.0 -999.0 -999.0 -999.0 -999.0 -999.0 -999.0 -999.0 -999.0 -999.0 -999.0 -999.0 -999.0 -999.0 -999.0 -999.0 -999.0 -999.0 1911.5 1922.7 1918.6 1732.9 1437.3 1534.3 1624.3 1721.4 1628.6 1757.8 1771.3 1811.1 1636.2 1595.1 1544.1 1602.2 1682.1 1658.0 1657.5 1635.4 1602.2 1593.7 1652.8 1651.5 1661.8 1689.3 1749.5 1790.3 1809.6 1805.7 1770.7 1799.9 1783.2 1807.7 1818.3 1761.3
-999.0 -999.0 -999.0 -999.0 -999.0 -999.0 -999.0 -999.0 -999.0 -999.0 -999.0 -999.0 -999.0 -999.0 -999.0 -999.0 -999.0 -999.0 1992.6 1861.5 1944.6 1291.2 1261.3 1272.0 1308.1 1215.4 1972.7 1529.9 1978.1 -999.0 -999.0 -999.0 -999.0 -999.0 -999.0 1919.5 1916.5 1876.2 1933.8 1785.7 1601.0 1519.7 1592.7 1680.3 1725.3 1716.2 1651.5 1541.3 1594.6 1661.8 1673.6 1695.2 1656.2 1674.3 1722.1 1755.7 1762.8 1706.1 1732.1 1665.7 1633.4 1581.5 1696.0 1760.0 1724.8 1706.7 1769.1 1707.0 1760.2 1801.8 1716.7
-999.0 -999.0 -999.0 -999.0 -999.0 -999.0 -999.0 -999.0 -999.0 -999.0 -999.0 -999.0 -999.0 -999.0 -999.0 -999.0 -999.0 -999.0 1679.7 1604.7 1449.7 1412.1 1160.0 1044.8 1124.7 1167.8 1259.8 1600.6 1787.1 1899.6 1804.4 1597.0 1783.3 1864.1 1934.0 1934.2 1933.1 1924.6 1916.1 1897.8 1831.2 1618.4 1612.0 1673.9 1741.6 1504.0 1619.3 1681.2 1638.5 1623.9 1712.9 1728.5 1749.1 1729.0 1719.6 1745.0 1740.9 1815.3 1773.8 1697.7 1671.3 1675.8 1629.9 1623.1 1720.7 1726.4 1796.3 1822.7 1737.5 1805.3 1493.9
-999.0 -999.0 -999.0 -999.0 -999.0 -999.0 -999.0 -999.0 -999.0 -999.0 -999.0 -999.0 -999.0 -999.0 -999.0 -999.0 -999.0 2050.6 1957.4 1780.7 1704.2 1577.0 1271.9 1084.6 1123.5 1244.3 1289.0 1365.4 1555.6 1646.8 1709.9 1658.4 1571.9 1830.6 1887.4 1940.4 1909.2 1798.3 1900.0 1876.5 1724.6 1688.5 1695.0 1674.8 1484.4 1639.9 1525.0 1560.1 1630.4 1740.1 1729.3 1787.8 1745.1 1667.2 1746.0 1706.5 1790.9 1758.8 1775.9 1751.0 1713.9 1601.0 1552.4 1724.0 1768.8 1772.5 1615.4 1749.5 1793.6 1771.2 1761.5
-999.0 -999.0 -999.0 -999.0 -999.0 -999.0 -999.0 -999.0 -999.0 -999.0 -999.0 -999.0 -999.0 -999.0 -999.0 -999.0 -999.0 -999.0 1972.4 1955.1 1907.8 1574.4 1485.8 1388.8 1161.6 1300.2 1419.0 1614.1 1508.3 1322.7 1492.6 1701.1 1724.8 1598.8 1792.9 1937.5 1919.5 1905.6 1822.6 1789.1 1835.8 1803.0 1747.7 1699.8 1588.7 1688.0 1553.5 1630.8 1651.0 1686.6 1694.9 1759.4 1688.0 1660.0 1687.1 1806.0 1814.5 1753.7 1866.9 1858.6 1809.8 1694.2 1604.9 1631.2 1789.4 1807.9 1733.7 1723.0 1767.2 1825.2 1825.0
