GDD/GrowingDegreeDays_1993_Actual.txt
ncols         180
nrows         290
xllcorner     -200000
yllcorner     -200000
cellsize      5000
NODATA_value    -999
[rows 128 to 159 of 290, columns 71 to 141 of 180]
-999.0 1073.8 1444.7 1461.4 -999.0 -999.0 -999.0 -999.0 -999.0 -999.0 -999.0 -999.0 -999.0 1280.5 1181.6 1384.9 1155.4 966.0 1051.5 834.6 679.7 779.6 676.5 814.9 961.8 1052.0 1014.5 809.2 862.9 914.4 1126.1 899.1 608.0 807.8 690.8 889.3 913.0 1111.6 1092.7 976.6 1032.5 1010.6 904.6 776.1 684.2 735.7 877.7 986.2 1016.7 1130.3 1003.1 999.2 1148.2 1256.1 -999.0 -999.0 -999.0 -999.0 -999.0 -999.0 -999.0 -999.0 -999.0 -999.0 -999.0 -999.0 -999.0 -999.0 -999.0 -999.0 -999.0
-999.0 -999.0 -999.0 -999.0 -999.0 -999.0 -999.0 -999.0 -999.0 -999.0 -999.0 -999.0 -999.0 1343.2 1439.0 1070.1 1140.7 938.9 1041.2 786.6 774.0 615.6 685.8 719.6 837.0 891.0 1080.3 563.5 631.5 926.9 1164.4 882.6 682.1 854.7 835.9 738.5 972.6 841.8 787.5 921.7 793.3 782.5 610.4 909.2 909.7 849.8 849.4 864.8 1058.5 1224.6 1140.2 1173.7 1240.6 1301.0 1323.0 -999.0 -999.0 -999.0 -999.0 -999.0 -999.0 -999.0 -999.0 -999.0 -999.0 -999.0 -999.0 -999.0 -999.0 -999.0 -999.0
-999.0 -999.0 -999.0 -999.0 -999.0 -999.0 -999.0 -999.0 -999.0 -999.0 -999.0 -999.0 1504.6 1131.9 1022.1 1032.3 939.3 924.0 989.8 1043.3 741.3 756.7 687.1 745.9 771.7 991.1 1218.3 947.9 859.5 892.5 1108.9 1106.5 913.1 881.8 892.3 860.4 673.3 954.7 993.6 958.3 973.9 622.7 788.6 682.7 763.8 950.0 926.1 898.7 890.7 878.8 1172.9 1261.3 1285.7 1288.7 1339.9 -999.0 -999.0 -999.0 -999.0 -999.0 -999.0 -999.0 -999.0 -999.0 -999.0 -999.0 -999.0 -999.0 -999.0 -999.0 -999.0
-999.0 -999.0 -999.0 -999.0 -999.0 -999.0 -999.0 -999.0 -999.0 -999.0 -999.0 -999.0 1212.0 1123.7 1103.9 775.8 820.3 957.4 993.1 753.7 1030.2 933.2 785.1 892.2 881.2 1127.1 1265.6 1089.3 1014.0 844.3 1172.3 1131.7 1092.8 1000.2 1098.6 784.0 1098.7 818.4 927.8 1094.2 642.5 992.3 885.4 821.7 896.9 846.6 1031.5 1030.3 859.7 919.4 1107.2 1117.4 1176.0 1260.2 1307.1 -999.0 -999.0 -999.0 -999.0 -999.0 -999.0 -999.0 -999.0 -999.0 -999.0 -999.0 -999.0 -999.0 -999.0 -999.0 -999.0
-999.0 -999.0 -999.0 -999.0 -999.0 -999.0 -999.0 -999.0 -999.0 -999.0 -999.0 1189.1 1236.6 1213.4 942.9 1011.9 975.3 545.8 830.4 848.9 1058.4 954.0 922.1 1013.1 888.1 939.7 1116.3 1015.2 1068.4 1233.5 1284.4 1191.4 1013.8 1009.2 825.1 991.4 1144.8 825.1 1046.3 996.8 670.8 941.7 1035.1 1093.4 961.9 866.6 924.6 908.3 904.3 1046.5 1109.4 1173.8 1252.8 1270.3 1310.9 -999.0 -999.0 -999.0 -999.0 -999.0 -999.0 -999.0 -999.0 -999.0 -999.0 -999.0 -999.0 -999.0 -999.0 -999.0 -999.0
-999.0 -999.0 -999.0 -999.0 -999.0 -999.0 -999.0 -999.0 -999.0 -999.0 1371.5 1184.2 1054.9 1247.3 1154.5 1060.0 1102.0 893.7 985.3 624.3 1145.3 1193.0 1066.1 998.1 972.9 959.6 1126.0 1264.4 1347.3 1117.6 1289.6 1295.4 1105.3 1062.4 1077.7 1091.6 1216.5 1032.8 1200.4 1024.3 726.7 805.0 802.2 882.0 935.1 1025.4 1065.7 912.3 992.1 1061.8 1103.2 1170.4 1215.1 1324.2 1354.8 1382.8 -999.0 -999.0 -999.0 -999.0 -999.0 -999.0 -999.0 -999.0 -999.0 -999.0 -999.0 -999.0 -999.0 -999.0 -999.0
-999.0 -999.0 -999.0 -999.0 -999.0 -999.0 -999.0 -999.0 -999.0 -999.0 1084.1 788.8 1011.6 1105.3 1194.5 1209.8 1276.1 644.6 838.9 1006.3 1040.0 1241.4 1192.9 1075.4 1109.9 833.9 1222.3 1364.3 1366.0 1357.2 1101.1 1304.4 1102.8 1158.9 1127.6 1191.4 1203.7 1223.7 1046.0 1130.8 916.8 853.6 895.9 812.8 946.1 1087.1 1143.8 1036.0 1092.3 1012.2 1102.4 1228.7 1344.1 1313.2 1340.9 1385.7 -999.0 -999.0 -999.0 -999.0 -999.0 -999.0 -999.0 -999.0 -999.0 -999.0 -999.0 -999.0 -999.0 -999.0 -999.0
-999.0 -999.0 -999.0 -999.0 -999.0 -999.0 -999.0 -999.0 1329.7 1254.0 982.3 1000.8 1040.3 1020.6 1185.7 1179.2 1298.9 905.8 972.9 964.8 1077.7 1111.4 1282.7 1094.7 1064.9 1155.5 1195.5 1250.7 1431.3 1397.4 1258.5 1280.7 1283.4 1254.0 1232.7 1296.7 1318.9 1209.1 1213.8 1184.6 882.2 934.8 948.4 921.8 862.9 1044.0 1122.6 1273.2 1177.3 1132.9 1179.8 1247.7 1349.5 1354.5 1358.8 1372.9 -999.0 -999.0 -999.0 -999.0 -999.0 -999.0 -999.0 -999.0 -999.0 -999.0 -999.0 -999.0 -999.0 -999.0 -999.0
-999.0 -999.0 -999.0 -999.0 -999.0 -999.0 -999.0 -999.0 1242.5 1216.6 1296.2 1036.5 1091.6 1024.5 1201.5 1296.4 1340.4 1291.8 1151.0 827.7 1050.3 1131.6 1289.9 1300.9 1252.4 1274.5 1292.9 1250.4 1382.1 1290.3 1382.7 1358.1 1365.4 1352.4 1371.2 1384.5 1407.3 1365.7 1235.8 1209.3 1213.8 1086.6 1033.2 1040.6 1078.1 1152.9 1395.1 1258.9 1036.4 1113.6 1246.2 1263.7 1324.3 1336.7 1423.4 1431.4 1490.7 -999.0 -999.0 -999.0 -999.0 -999.0 -999.0 -999.0 -999.0 -999.0 -999.0 -999.0 -999.0 -999.0 -999.0
-999.0 -999.0 -999.0 -999.0 -999.0 -999.0 -999.0 -999.0 1241.1 1218.5 1394.1 1127.9 1251.1 1173.9 1258.9 1333.9 1326.2 1389.4 1065.8 1055.0 1126.9 1018.0 1255.6 1318.9 1268.5 1338.4 1217.8 957.3 1279.1 -999.0 -999.0 -999.0 1395.6 1375.2 -999.0 1440.6 1444.3 1399.6 1368.3 1324.1 1169.8 1014.4 1111.3 1130.8 1084.3 1204.3 1124.9 1115.7 1261.7 1344.0 1361.1 1354.8 1313.8 1526.2 1529.4 1504.7 1467.3 -999.0 -999.0 -999.0 -999.0 -999.0 -999.0 -999.0 -999.0 -999.0 -999.0 -999.0 -999.0 -999.0 -999.0
1476.4 -999.0 -999.0 -999.0 -999.0 -999.0 -999.0 -999.0 1396.0 1112.8 1339.3 1357.8 1283.1 1216.7 1236.9 1293.0 1376.7 1390.6 1340.9 929.1 1125.0 1070.0 1277.8 1315.2 1153.1 1380.4 1322.7 1299.4 1322.1 -999.0 -999.0 -999.0 1400.2 1399.2 1387.2 1410.6 1457.1 1433.3 1411.7 1202.8 962.0 879.7 1048.3 857.3 1097.6 1163.4 974.9 1169.4 1114.7 1114.5 1163.8 1370.7 1303.3 1218.2 1402.6 1429.1 1470.6 -999.0 -999.0 -999.0 -999.0 -999.0 -999.0 -999.0 -999.0 -999.0 -999.0 -999.0 -999.0 -999.0 -999.0
1300.9 1347.9 -999.0 -999.0 -999.0 -999.0 -999.0 -999.0 -999.0 1253.9 1203.5 1366.3 -999.0 1267.8 1234.2 1285.5 1322.5 1401.2 -999.0 1315.6 1386.1 1243.5 1359.9 1268.0 1240.9 1391.7 1384.8 -999.0 -999.0 -999.0 -999.0 1373.1 1393.7 1402.1 1414.6 1378.6 1367.3 1400.4 1330.8 1225.0 922.5 637.0 1065.2 762.9 1026.6 945.6 874.5 1052.0 954.9 1096.1 1236.9 1135.0 1154.6 1273.0 1443.5 1381.8 1338.8 1492.3 -999.0 -999.0 -999.0 -999.0 -999.0 -999.0 -999.0 -999.0 -999.0 -999.0 -999.0 -999.0 -999.0
1197.4 -999.0 -999.0 -999.0 -999.0 -999.0 -999.0 -999.0 -999.0 -999.0 1280.3 -999.0 -999.0 -999.0 1367.9 1268.5 1303.7 1336.4 1367.6 -999.0 -999.0 1315.3 1424.4 1198.3 1156.8 -999.0 -999.0 -999.0 -999.0 -999.0 1393.1 1315.4 1367.9 1374.0 1391.1 1325.5 1360.6 1282.3 1197.0 1281.6 1081.9 820.8 668.3 851.6 767.9 778.8 763.7 920.8 894.0 889.0 990.4 1175.5 1218.8 1215.4 1433.1 1388.4 1297.0 1344.8 -999.0 -999.0 -999.0 -999.0 -999.0 -999.0 -999.0 -999.0 -999.0 -999.0 -999.0 -999.0 -999.0
-999.0 -999.0 -999.0 -999.0 -999.0 -999.0 -999.0 -999.0 -999.0 -999.0 1358.2 1350.8 -999.0 -999.0 -999.0 1380.8 1235.5 1245.5 1298.7 -999.0 -999.0 -999.0 -999.0 1388.1 -999.0 -999.0 -999.0 -999.0 -999.0 -999.0 1435.2 1355.2 1340.2 1256.0 1170.9 1167.4 1264.3 1266.8 1315.2 1281.2 1190.1 906.6 711.4 915.0 623.0 711.3 675.5 878.5 869.5 776.6 971.3 1129.9 1223.8 1361.3 1439.3 1361.6 1280.4 1335.5 -999.0 -999.0 -999.0 -999.0 -999.0 -999.0 -999.0 -999.0 -999.0 -999.0 -999.0 -999.0 -999.0
1581.0 1583.1 1545.8 -999.0 -999.0 -999.0 -999.0 -999.0 -999.0 -999.0 -999.0 1227.7 -999.0 -999.0 -999.0 -999.0 1379.5 1259.6 1330.7 -999.0 -999.0 -999.0 -999.0 -999.0 -999.0 -999.0 -999.0 -999.0 -999.0 1472.2 1401.0 1249.3 1156.1 1134.9 1044.3 1069.3 1160.1 1200.9 1303.6 1244.6 1220.1 1035.3 574.2 539.1 594.5 671.8 905.7 1012.4 979.1 1084.1 1246.1 1093.6 1109.5 1359.4 1379.5 1309.6 1274.8 1346.3 1466.9 -999.0 -999.0 -999.0 -999.0 -999.0 -999.0 -999.0 -999.0 -999.0 -999.0 -999.0 -999.0
1325.1 1381.5 1459.6 1506.1 -999.0 -999.0 -999.0 -999.0 -999.0 -999.0 -999.0 1148.6 -999.0 -999.0 -999.0 -999.0 -999.0 -999.0 -999.0 -999.0 -999.0 -999.0 -999.0 -999.0 -999.0 -999.0 -999.0 -999.0 -999.0 1428.0 1380.5 1352.7 1297.4 1353.1 838.8 1009.8 1124.2 1029.6 1293.9 1176.7 1389.2 1188.0 713.3 482.4 671.9 811.3 567.6 547.1 680.4 852.9 969.4 1318.0 1273.8 1296.7 1220.8 1295.7 1345.2 1351.5 1447.2 1548.4 -999.0 -999.0 -999.0 -999.0 -999.0 -999.0 -999.0 -999.0 -999.0 -999.0 -999.0
1414.4 1434.1 1408.9 1458.3 -999.0 -999.0 -999.0 -999.0 -999.0 -999.0 -999.0 -999.0 -999.0 -999.0 -999.0 -999.0 -999.0 -999.0 -999.0 -999.0 -999.0 -999.0 -999.0 -999.0 -999.0 -999.0 -999.0 -999.0 1535.6 1461.8 1329.1 1392.0 1069.0 1471.6 563.0 620.3 1172.3 1130.2 1245.8 1330.3 1247.3 1302.8 1083.1 520.7 583.0 733.7 811.3 905.0 797.2 862.0 967.9 1151.3 1281.7 1312.0 1341.5 1368.7 1337.3 1423.7 1563.2 1597.9 -999.0 -999.0 -999.0 -999.0 -999.0 -999.0 -999.0 -999.0 -999.0 -999.0 -999.0
1479.8 1500.4 1495.1 1432.2 -999.0 -999.0 -999.0 -999.0 -999.0 -999.0 -999.0 -999.0 -999.0 -999.0 -999.0 -999.0 -999.0 -999.0 -999.0 -999.0 -999.0 -999.0 -999.0 -999.0 -999.0 -999.0 -999.0 -999.0 1512.6 1265.3 1335.9 1169.2 665.7 1129.0 1383.2 957.4 874.1 1049.6 1098.2 1188.5 1227.7 1285.2 1221.2 1089.4 546.9 702.8 775.5 929.6 971.5 1007.8 1178.6 1224.5 1259.0 1215.9 1366.9 1302.0 1385.0 1421.7 1545.6 1630.5 1628.6 1590.0 1567.7 -999.0 -999.0 -999.0 -999.0 -999.0 -999.0 -999.0 -999.0
1409.2 1523.3 -999.0 1425.8 1462.2 -999.0 -999.0 -999.0 -999.0 -999.0 -999.0 -999.0 -999.0 -999.0 -999.0 -999.0 -999.0 -999.0 -999.0 -999.0 -999.0 -999.0 -999.0 -999.0 -999.0 -999.0 -999.0 -999.0 1469.0 1266.4 1183.8 922.0 1253.9 1171.6 1049.4 797.5 1005.1 1110.5 812.7 1205.2 1040.4 1217.1 1281.3 1303.3 1016.4 812.4 829.3 911.3 985.8 1184.4 1221.2 1312.6 1371.5 1415.2 1396.9 1408.5 1385.3 1459.3 1525.7 1571.7 1314.0 1444.3 1363.9 1356.6 1455.8 -999.0 -999.0 -999.0 -999.0 -999.0 -999.0
1376.9 1426.9 1449.6 1384.0 -999.0 -999.0 -999.0 -999.0 -999.0 -999.0 -999.0 -999.0 -999.0 -999.0 -999.0 -999.0 -999.0 -999.0 -999.0 -999.0 -999.0 -999.0 -999.0 -999.0 -999.0 -999.0 -999.0 -999.0 1466.0 1271.2 1095.7 718.3 619.6 877.8 1163.2 1051.0 948.4 766.1 1093.5 809.7 966.1 1096.9 1160.4 1198.1 1272.4 1158.7 830.7 884.2 989.0 1099.8 1223.1 1327.7 1352.1 1392.5 1450.0 1426.7 1436.3 1496.1 1494.9 1480.8 1384.0 1130.8 1184.3 1224.5 1214.8 1315.4 1570.8 -999.0 -999.0 -999.0 -999.0
1431.9 1438.7 1397.4 1324.5 -999.0 -999.0 -999.0 -999.0 -999.0 -999.0 -999.0 -999.0 -999.0 -999.0 -999.0 -999.0 -999.0 -999.0 -999.0 -999.0 -999.0 -999.0 -999.0 -999.0 -999.0 -999.0 -999.0 -999.0 1504.0 1432.4 1100.0 904.6 1225.4 432.7 605.9 1108.4 924.0 1070.3 768.6 724.5 971.7 1115.7 1089.9 1050.2 1191.8 643.8 740.4 773.6 766.4 796.8 919.1 1254.6 1208.4 1373.4 1436.1 1440.8 1449.5 1474.9 1504.3 1519.9 1438.3 1203.1 1308.9 1364.4 1311.7 1268.5 1541.2 1369.8 -999.0 -999.0 -999.0
1446.9 1383.0 1306.8 1389.2 -999.0 -999.0 -999.0 -999.0 -999.0 -999.0 -999.0 -999.0 -999.0 -999.0 -999.0 -999.0 1620.9 1615.3 1636.9 -999.0 -999.0 -999.0 -999.0 -999.0 -999.0 -999.0 -999.0 -999.0 -999.0 1549.5 1450.1 1331.6 1104.5 1006.5 763.0 1267.7 1481.1 987.8 995.6 1024.4 1077.8 947.8 941.7 1028.5 985.5 793.3 800.8 600.6 699.9 886.7 1001.7 1026.1 1210.3 1367.7 1427.9 1457.8 1429.2 1470.5 1488.5 1085.7 1173.3 911.1 902.6 1009.1 1090.8 1323.9 1135.1 1256.8 1504.2 -999.0 -999.0
1512.4 1375.7 1413.6 -999.0 -999.0 -999.0 -999.0 -999.0 -999.0 -999.0 -999.0 -999.0 -999.0 -999.0 -999.0 -999.0 1610.1 1623.1 -999.0 -999.0 -999.0 -999.0 -999.0 -999.0 -999.0 -999.0 -999.0 -999.0 -999.0 -999.0 1509.7 1535.4 1119.4 1124.0 569.0 1147.8 1119.5 1183.8 1314.6 1300.0 1214.8 1212.4 606.2 1015.1 932.8 617.4 817.3 1078.2 1173.0 858.0 1205.4 1041.1 1265.3 1414.9 1489.7 1482.6 1454.8 1378.9 1161.4 1067.3 1137.1 1159.2 1219.5 1136.8 1038.7 1064.6 1050.8 1269.3 1258.7 -999.0 -999.0
1424.2 1377.0 -999.0 -999.0 -999.0 -999.0 -999.0 -999.0 -999.0 -999.0 -999.0 -999.0 -999.0 -999.0 -999.0 1530.3 1218.8 1320.7 1577.4 -999.0 -999.0 -999.0 -999.0 -999.0 -999.0 -999.0 -999.0 -999.0 -999.0 -999.0 1528.5 1264.5 1130.8 1093.6 1248.5 1125.8 1296.2 1317.2 1339.3 1355.8 1160.2 1234.3 1277.3 625.7 899.3 955.2 758.0 965.8 798.1 1024.8 1022.1 1215.5 1327.7 1428.8 1470.3 1526.5 1481.1 1319.5 1200.2 1263.8 1197.3 1132.1 1173.9 1127.0 1143.2 1121.2 1122.2 1367.7 1253.5 1477.8 -999.0
-999.0 -999.0 -999.0 -999.0 -999.0 -999.0 -999.0 -999.0 -999.0 -999.0 -999.0 -999.0 -999.0 -999.0 1567.0 1104.6 998.2 855.4 1554.7 -999.0 -999.0 -999.0 -999.0 -999.0 -999.0 -999.0 -999.0 -999.0 -999.0 -999.0 1514.0 1050.5 1187.0 1539.1 1339.3 1391.7 1316.0 1445.6 1425.2 1299.3 1170.1 1360.9 796.5 959.2 731.0 933.2 655.9 1162.3 1051.9 1227.0 1076.9 1265.5 1306.8 1365.8 1521.8 1535.6 1494.7 1413.9 1156.1 1139.1 1202.4 1323.1 1294.5 1301.2 1287.8 1270.7 1146.3 1179.9 1310.5 1329.7 -999.0
-999.0 -999.0 -999.0 -999.0 -999.0 -999.0 -999.0 -999.0 -999.0 -999.0 -999.0 -999.0 -999.0 1548.9 1477.0 834.5 1142.2 1306.7 -999.0 -999.0 -999.0 -999.0 -999.0 -999.0 -999.0 -999.0 -999.0 -999.0 -999.0 -999.0 -999.0 1499.5 1561.0 1595.3 1333.0 1520.8 1323.0 1470.2 1441.5 1391.3 1253.5 1373.9 845.5 804.6 683.2 711.6 669.7 750.4 771.4 886.9 1004.9 1054.9 1159.4 1405.3 1483.3 1484.8 1424.5 1396.4 1373.1 1058.0 1207.7 1453.6 1474.7 1427.5 1454.7 1450.3 1446.0 1432.7 1498.6 1488.9 1430.6
-999.0 -999.0 -999.0 -999.0 -999.0 -999.0 -999.0 -999.0 -999.0 -999.0 -999.0 -999.0 -999.0 1282.6 1062.8 1416.4 1476.4 1535.8 -999.0 -999.0 -999.0 -999.0 -999.0 -999.0 -999.0 -999.0 -999.0 -999.0 -999.0 -999.0 -999.0 -999.0 1606.9 1500.9 1539.3 1555.8 1425.1 1488.9 1466.6 1425.7 1257.9 1384.6 870.8 905.5 932.2 746.0 814.8 897.1 656.8 693.3 989.9 943.7 1108.6 1209.8 1417.4 1453.3 1408.6 1410.9 1430.8 1416.9 1434.0 1511.2 1486.4 1447.5 1418.3 1441.8 1465.8 1477.5 1489.6 1249.7 1267.5
-999.0 -999.0 -999.0 -999.0 -999.0 -999.0 -999.0 -999.0 -999.0 -999.0 -999.0 -999.0 -999.0 1281.7 1395.9 1368.7 1551.0 -999.0 -999.0 -999.0 -999.0 -999.0 -999.0 -999.0 -999.0 -999.0 -999.0 -999.0 -999.0 -999.0 -999.0 -999.0 1605.9 1502.9 1518.0 -999.0 1521.6 -999.0 1548.7 1508.8 1438.7 1447.3 1366.2 890.3 931.0 910.0 666.9 1133.9 1092.8 725.0 876.4 988.9 1081.6 1245.8 1393.0 1459.2 1484.8 1497.9 1479.4 1479.9 1432.5 1347.8 1437.8 1352.9 1400.2 1458.8 1392.6 1303.3 1366.6 1431.7 1439.9
-999.0 -999.0 -999.0 -999.0 -999.0 -999.0 -999.0 -999.0 -999.0 -999.0 -999.0 -999.0 1514.9 1566.0 1578.9 -999.0 -999.0 -999.0 -999.0 -999.0 -999.0 -999.0 -999.0 -999.0 -999.0 -999.0 -999.0 -999.0 -999.0 -999.0 -999.0 -999.0 1594.0 1584.0 1594.4 -999.0 -999.0 -999.0 1593.3 1356.5 1513.9 1382.7 1239.4 1288.5 1248.5 1119.0 822.0 817.8 1190.5 888.0 809.8 1047.1 1018.4 1170.3 1307.7 1508.6 1514.2 1527.1 1522.1 1512.7 1488.2 1456.3 1447.8 1387.3 1461.9 1401.0 1313.6 1271.0 1277.2 1312.9 1393.6
-999.0 -999.0 -999.0 -999.0 -999.0 -999.0 -999.0 -999.0 -999.0 -999.0 -999.0 -999.0 -999.0 -999.0 -999.0 -999.0 -999.0 -999.0 -999.0 -999.0 -999.0 -999.0 -999.0 -999.0 -999.0 -999.0 -999.0 -999.0 -999.0 -999.0 -999.0 -999.0 -999.0 -999.0 -999.0 -999.0 -999.0 1611.7 1563.7 1399.1 1166.3 1078.3 1063.2 1050.9 1153.5 1135.4 922.3 947.5 1075.8 1247.4 1024.7 956.6 1122.1 1233.8 1345.9 1442.6 1491.1 1484.7 1527.3 1542.0 1541.6 1537.5 1510.5 1509.9 1403.5 1167.0 1310.6 1287.0 1396.5 1413.5 1500.6
-999.0 -999.0 -999.0 -999.0 -999.0 -999.0 -999.0 -999.0 -999.0 -999.0 -999.0 -999.0 -999.0 -999.0 -999.0 -999.0 -999.0 -999.0 -999.0 -999.0 -999.0 -999.0 -999.0 -999.0 -999.0 -999.0 -999.0 -999.0 -999.0 -999.0 -999.0 -999.0 -999.0 -999.0 -999.0 -999.0 -999.0 1535.5 1451.8 1210.6 964.6 804.0 934.1 1202.2 1099.6 1321.5 1231.2 1278.3 1134.5 1071.6 1047.8 1063.5 1129.5 1262.6 1342.8 1401.1 1488.2 1487.0 1540.1 1564.4 1587.1 1576.0 1536.9 1518.7 1452.9 1129.6 1216.8 1401.4 1469.5 1512.8 1532.0
-999.0 -999.0 -999.0 -999.0 -999.0 -999.0 -999.0 -999.0 -999.0 -999.0 -999.0 -999.0 -999.0 -999.0 -999.0 -999.0 -999.0 -999.0 -999.0 -999.0 -999.0 -999.0 -999.0 -999.0 -999.0 -999.0 -999.0 -999.0 -999.0 -999.0 -999.0 -999.0 -999.0 -999.0 -999.0 -999.0 -999.0 1526.9 1500.3 1375.4 1117.3 1023.0 1088.2 1201.9 1223.2 1280.7 1213.6 1302.8 1317.5 1263.3 1427.3 1083.3 1243.6 1185.5 1319.9 1366.6 1499.5 1529.9 1536.3 1569.8 1620.4 1573.6 1560.5 1522.2 1505.5 1337.3 1291.9 1400.4 1491.0 1524.1 1556.3
