GDD/GrowingDegreeDays_1986_Actual.txt
ncols         180
nrows         290
xllcorner     -200000
yllcorner     -200000
cellsize      5000
NODATA_value    -999
[rows 64 to 95 of 290, columns 72 to 143 of 180]
-999.0 -999.0 -999.0 -999.0 -999.0 -999.0 -999.0 -999.0 1210.7 1002.6 1013.7 978.3 718.7 756.2 599.1 782.1 858.7 798.3 817.4 356.6 806.3 483.8 760.0 719.2 886.6 931.7 824.1 656.9 689.6 516.4 860.0 -999.0 -999.0 -999.0 -999.0 -999.0 -999.0 -999.0 -999.0 -999.0 -999.0 -999.0 -999.0 -999.0 -999.0 -999.0 -999.0 -999.0 -999.0 -999.0 -999.0 -999.0 -999.0 -999.0 -999.0 -999.0 -999.0 -999.0 -999.0 -999.0 -999.0 -999.0 -999.0 -999.0 -999.0 -999.0 -999.0 -999.0 -999.0 -999.0 -999.0 -999.0
-999.0 -999.0 -999.0 -999.0 -999.0 -999.0 -999.0 -999.0 -999.0 1227.3 1032.5 796.0 742.9 753.8 722.0 734.5 1074.7 947.8 913.2 690.0 643.2 612.5 749.1 843.0 766.8 813.5 852.7 793.5 828.0 884.6 1140.3 -999.0 -999.0 -999.0 -999.0 -999.0 -999.0 -999.0 -999.0 -999.0 -999.0 -999.0 -999.0 -999.0 -999.0 -999.0 -999.0 -999.0 -999.0 -999.0 -999.0 -999.0 -999.0 -999.0 -999.0 -999.0 -999.0 -999.0 -999.0 -999.0 -999.0 -999.0 -999.0 -999.0 -999.0 -999.0 -999.0 -999.0 -999.0 -999.0 -999.0 -999.0
-999.0 -999.0 -999.0 -999.0 -999.0 -999.0 -999.0 1249.9 -999.0 1253.3 1079.9 765.7 737.8 659.7 457.0 924.7 843.2 1063.0 912.1 904.4 802.2 713.7 900.8 863.7 789.2 729.0 707.7 825.8 977.7 1155.0 -999.0 -999.0 -999.0 -999.0 -999.0 -999.0 -999.0 -999.0 -999.0 -999.0 -999.0 -999.0 -999.0 -999.0 -999.0 -999.0 -999.0 -999.0 -999.0 -999.0 -999.0 -999.0 -999.0 -999.0 -999.0 -999.0 -999.0 -999.0 -999.0 -999.0 -999.0 -999.0 -999.0 -999.0 -999.0 -999.0 -999.0 -999.0 -999.0 -999.0 -999.0 -999.0
-999.0 -999.0 -999.0 -999.0 -999.0 -999.0 -999.0 1257.1 1233.7 1178.9 1158.0 751.5 1071.6 899.3 994.7 860.9 930.5 759.3 1024.1 971.8 839.8 872.6 833.3 837.9 932.6 665.3 845.5 884.7 -999.0 -999.0 -999.0 -999.0 -999.0 -999.0 -999.0 -999.0 -999.0 -999.0 -999.0 -999.0 -999.0 -999.0 -999.0 -999.0 -999.0 -999.0 -999.0 -999.0 -999.0 -999.0 -999.0 -999.0 -999.0 -999.0 -999.0 -999.0 -999.0 -999.0 -999.0 -999.0 -999.0 -999.0 -999.0 -999.0 -999.0 -999.0 -999.0 -999.0 -999.0 -999.0 -999.0 -999.0
-999.0 -999.0 -999.0 -999.0 -999.0 -999.0 -999.0 -999.0 1238.1 673.4 1171.9 936.9 873.2 884.0 1051.9 743.9 879.7 757.2 794.2 984.0 895.2 931.5 902.5 858.8 881.9 821.1 1145.6 -999.0 -999.0 -999.0 -999.0 -999.0 -999.0 -999.0 -999.0 -999.0 -999.0 -999.0 -999.0 -999.0 -999.0 -999.0 -999.0 -999.0 -999.0 -999.0 -999.0 -999.0 -999.0 -999.0 -999.0 -999.0 -999.0 -999.0 -999.0 -999.0 -999.0 -999.0 -999.0 -999.0 -999.0 -999.0 -999.0 -999.0 -999.0 -999.0 -999.0 -999.0 -999.0 -999.0 -999.0 -999.0
-999.0 -999.0 -999.0 -999.0 -999.0 -999.0 -999.0 -999.0 -999.0 1260.9 891.0 1184.5 975.5 616.2 996.3 953.9 960.5 1104.0 872.8 1016.0 878.5 827.9 1074.9 837.6 985.1 1102.3 -999.0 -999.0 -999.0 -999.0 -999.0 -999.0 -999.0 -999.0 -999.0 -999.0 -999.0 -999.0 -999.0 -999.0 -999.0 -999.0 -999.0 -999.0 -999.0 -999.0 -999.0 -999.0 -999.0 -999.0 -999.0 -999.0 -999.0 -999.0 -999.0 -999.0 -999.0 -999.0 -999.0 -999.0 -999.0 -999.0 -999.0 -999.0 -999.0 -999.0 -999.0 -999.0 -999.0 -999.0 -999.0 -999.0
-999.0 -999.0 -999.0 -999.0 -999.0 1232.5 -999.0 -999.0 1288.3 1280.7 1046.9 871.6 794.7 810.8 1013.5 942.8 748.1 884.4 970.2 1100.3 916.8 860.7 911.5 1157.4 1177.4 -999.0 -999.0 -999.0 -999.0 -999.0 -999.0 -999.0 -999.0 -999.0 -999.0 -999.0 -999.0 -999.0 -999.0 -999.0 -999.0 -999.0 -999.0 -999.0 -999.0 -999.0 -999.0 -999.0 -999.0 -999.0 -999.0 -999.0 -999.0 -999.0 -999.0 -999.0 -999.0 -999.0 -999.0 -999.0 -999.0 -999.0 -999.0 -999.0 -999.0 -999.0 -999.0 -999.0 -999.0 -999.0 -999.0 -999.0
-999.0 -999.0 -999.0 1099.1 1248.1 1139.6 1255.4 1073.3 1274.7 854.5 1212.2 614.3 747.5 783.8 808.6 681.8 723.7 748.5 1089.9 978.5 1064.9 850.1 945.3 1058.6 1193.2 -999.0 -999.0 -999.0 -999.0 -999.0 -999.0 -999.0 -999.0 -999.0 -999.0 -999.0 -999.0 -999.0 -999.0 -999.0 -999.0 -999.0 -999.0 -999.0 -999.0 -999.0 -999.0 -999.0 -999.0 -999.0 -999.0 -999.0 -999.0 -999.0 -999.0 -999.0 -999.0 -999.0 -999.0 -999.0 -999.0 -999.0 -999.0 -999.0 -999.0 -999.0 -999.0 -999.0 -999.0 -999.0 -999.0 -999.0
-999.0 -999.0 -999.0 800.6 1203.4 1208.8 1058.4 1002.3 828.7 583.2 766.6 1221.4 620.7 558.8 629.7 563.9 854.0 754.9 495.4 920.8 1114.5 1152.0 1194.4 1197.0 -999.0 -999.0 1185.9 -999.0 -999.0 -999.0 -999.0 -999.0 -999.0 -999.0 -999.0 -999.0 -999.0 -999.0 -999.0 -999.0 -999.0 -999.0 -999.0 -999.0 -999.0 -999.0 -999.0 -999.0 -999.0 -999.0 -999.0 -999.0 -999.0 -999.0 -999.0 -999.0 -999.0 -999.0 -999.0 -999.0 -999.0 -999.0 -999.0 -999.0 -999.0 -999.0 -999.0 -999.0 -999.0 -999.0 -999.0 -999.0
-999.0 -999.0 -999.0 955.8 1082.2 1219.0 1011.0 656.0 994.4 341.0 861.5 849.0 561.7 483.7 561.8 582.0 573.6 485.3 625.8 763.1 673.5 958.2 849.5 1139.7 1176.8 1170.9 1189.9 -999.0 -999.0 -999.0 -999.0 -999.0 -999.0 -999.0 -999.0 -999.0 -999.0 -999.0 -999.0 -999.0 -999.0 -999.0 -999.0 -999.0 -999.0 -999.0 -999.0 -999.0 -999.0 -999.0 -999.0 -999.0 -999.0 -999.0 -999.0 -999.0 -999.0 -999.0 -999.0 -999.0 -999.0 -999.0 -999.0 -999.0 -999.0 -999.0 -999.0 -999.0 -999.0 -999.0 -999.0 -999.0
-999.0 -999.0 -999.0 1205.6 964.3 1205.6 921.4 895.5 563.6 710.3 717.4 861.4 844.2 802.0 521.4 653.8 596.7 617.9 883.6 917.9 806.8 963.5 885.2 1101.3 1157.6 1148.8 -999.0 -999.0 -999.0 -999.0 -999.0 -999.0 -999.0 -999.0 -999.0 -999.0 -999.0 -999.0 -999.0 -999.0 -999.0 -999.0 -999.0 -999.0 -999.0 -999.0 -999.0 -999.0 -999.0 -999.0 -999.0 -999.0 -999.0 -999.0 -999.0 -999.0 -999.0 -999.0 -999.0 -999.0 -999.0 -999.0 -999.0 -999.0 -999.0 -999.0 -999.0 -999.0 -999.0 -999.0 -999.0 -999.0
-999.0 -999.0 -999.0 1131.7 1190.6 1075.1 1273.1 507.1 683.4 663.6 721.4 534.5 306.5 638.5 782.1 822.2 552.2 641.3 864.5 799.8 939.2 1011.0 1131.5 1186.7 1013.4 -999.0 -999.0 -999.0 -999.0 -999.0 -999.0 -999.0 -999.0 -999.0 -999.0 -999.0 -999.0 -999.0 -999.0 -999.0 -999.0 -999.0 -999.0 -999.0 -999.0 -999.0 -999.0 -999.0 -999.0 -999.0 -999.0 -999.0 -999.0 -999.0 -999.0 -999.0 -999.0 -999.0 -999.0 -999.0 -999.0 -999.0 -999.0 -999.0 -999.0 -999.0 -999.0 -999.0 -999.0 -999.0 -999.0 -999.0
-999.0 -999.0 1263.3 942.8 887.6 665.7 874.7 1252.9 751.8 759.0 703.2 767.2 722.0 796.2 649.8 836.5 857.9 407.9 721.9 857.9 1163.4 1185.2 1184.6 1203.5 -999.0 -999.0 -999.0 -999.0 -999.0 -999.0 1275.1 1261.2 1246.6 1284.2 -999.0 -999.0 1305.8 1163.5 1198.7 1260.5 1263.7 -999.0 -999.0 -999.0 1179.2 -999.0 1173.1 1166.5 -999.0 -999.0 -999.0 -999.0 -999.0 -999.0 -999.0 -999.0 -999.0 -999.0 -999.0 -999.0 -999.0 -999.0 -999.0 -999.0 -999.0 -999.0 -999.0 -999.0 -999.0 -999.0 -999.0 -999.0
-999.0 -999.0 -999.0 1094.3 829.8 633.9 784.3 744.8 1228.6 759.5 807.7 647.2 794.3 883.4 1156.2 972.0 733.5 775.8 894.5 1052.2 1078.4 1026.3 967.4 1207.5 -999.0 -999.0 -999.0 1303.3 1331.0 1280.2 1266.5 1252.9 1298.9 1287.3 1302.8 1292.9 1171.9 1040.8 1034.3 1150.8 1183.8 1217.5 1141.2 1009.4 966.9 1027.3 1083.7 1104.3 1104.6 -999.0 -999.0 -999.0 -999.0 -999.0 -999.0 -999.0 -999.0 -999.0 -999.0 -999.0 -999.0 -999.0 -999.0 -999.0 -999.0 -999.0 -999.0 -999.0 -999.0 -999.0 -999.0 -999.0
1136.2 -999.0 1117.3 1279.4 1201.7 1164.4 390.8 1146.8 867.0 1025.0 771.0 941.2 733.0 765.9 695.4 1002.9 1126.4 1105.6 1033.7 1184.3 984.0 1087.7 995.5 1184.4 1233.5 1237.8 1208.4 1271.3 1310.2 1177.1 1022.5 1192.2 1219.7 1116.9 1280.5 1000.0 880.6 917.7 964.1 1097.6 1012.2 1089.3 1132.2 1054.1 941.3 991.6 1034.3 894.6 1063.9 1115.2 -999.0 -999.0 -999.0 -999.0 -999.0 -999.0 -999.0 -999.0 -999.0 -999.0 -999.0 -999.0 -999.0 -999.0 -999.0 -999.0 -999.0 -999.0 -999.0 -999.0 -999.0 -999.0
-999.0 1244.6 697.9 906.6 977.8 542.7 728.3 482.2 1021.1 785.7 762.1 837.5 843.0 1010.7 609.0 715.5 722.9 1094.9 1220.0 1051.1 1186.5 1292.9 -999.0 1219.1 1173.2 1191.7 1098.0 1113.8 1164.3 1089.9 1097.6 949.2 929.7 987.8 1085.9 1031.5 1044.5 1073.6 1072.4 959.6 1062.9 1092.0 1076.3 1004.8 1006.8 998.1 1013.7 1009.8 997.3 1059.6 1124.0 -999.0 -999.0 -999.0 -999.0 -999.0 -999.0 -999.0 -999.0 -999.0 -999.0 -999.0 -999.0 -999.0 -999.0 -999.0 -999.0 -999.0 -999.0 -999.0 -999.0 -999.0
-999.0 1257.6 1079.7 811.4 710.4 966.4 485.4 584.6 946.5 845.0 669.2 599.7 612.3 822.8 818.0 653.5 762.7 834.2 1230.0 1282.0 1319.5 1335.2 1261.2 1054.9 991.8 1002.5 1027.1 1106.4 990.2 923.3 931.0 795.5 876.3 1045.0 911.2 896.1 888.3 944.3 1147.7 1151.3 1170.3 1085.6 1077.0 993.4 1018.5 990.7 1044.2 1048.2 1053.8 1039.5 1098.9 -999.0 -999.0 -999.0 -999.0 -999.0 -999.0 -999.0 -999.0 -999.0 -999.0 -999.0 -999.0 -999.0 -999.0 -999.0 -999.0 -999.0 -999.0 -999.0 -999.0 -999.0
-999.0 -999.0 824.8 484.8 845.0 666.3 1248.5 955.9 886.3 883.1 600.0 730.9 415.6 453.2 536.6 748.8 917.7 1100.9 1183.4 912.8 1104.7 1250.9 1034.3 853.2 724.9 808.8 903.3 885.1 913.4 756.0 742.0 1002.4 1004.8 1034.8 1090.4 931.8 929.3 986.7 1100.1 1152.7 1104.0 967.0 1073.0 1016.6 1038.4 952.6 1056.2 1008.3 1010.2 998.7 1066.4 -999.0 -999.0 -999.0 -999.0 -999.0 -999.0 -999.0 -999.0 -999.0 -999.0 -999.0 -999.0 -999.0 -999.0 -999.0 -999.0 -999.0 -999.0 -999.0 -999.0 -999.0
-999.0 -999.0 1075.0 1123.2 1081.5 1160.2 951.7 768.9 554.1 880.5 755.2 795.4 891.9 939.8 755.5 760.1 785.2 842.0 919.4 674.4 1130.2 965.9 978.1 825.7 610.8 685.1 855.8 829.3 805.8 666.0 824.6 1103.4 759.6 918.8 833.8 752.6 960.1 910.1 1118.2 1047.4 886.2 995.3 1021.4 1084.8 1028.8 1096.0 1082.7 966.1 1032.1 1054.5 -999.0 -999.0 -999.0 -999.0 -999.0 -999.0 -999.0 -999.0 -999.0 -999.0 -999.0 -999.0 -999.0 -999.0 -999.0 -999.0 -999.0 -999.0 -999.0 -999.0 -999.0 -999.0
1225.4 -999.0 -999.0 1310.0 1031.8 1171.3 914.4 607.4 409.9 655.4 387.6 614.0 705.9 755.8 958.6 919.6 807.5 838.3 735.6 1228.8 981.7 1022.9 629.8 816.3 814.2 553.9 749.0 745.5 762.3 858.7 1001.0 917.3 843.2 887.9 804.8 821.0 721.7 879.4 1086.1 855.9 982.7 1045.7 1037.8 912.8 1050.3 1114.4 1142.9 1064.2 1056.7 1081.8 -999.0 -999.0 -999.0 -999.0 -999.0 -999.0 -999.0 -999.0 -999.0 -999.0 -999.0 -999.0 -999.0 -999.0 -999.0 -999.0 -999.0 -999.0 -999.0 -999.0 -999.0 -999.0
1172.5 -999.0 -999.0 1187.1 1181.0 1225.9 883.5 1260.4 907.6 640.4 440.6 329.0 471.0 870.0 855.3 775.5 613.3 833.2 1145.9 918.3 899.4 869.7 687.4 746.0 788.7 578.0 828.5 875.5 894.2 933.5 612.7 869.6 851.5 510.5 691.8 791.6 765.7 967.6 972.3 1005.0 1057.8 1111.2 1102.9 1116.7 1039.4 1106.1 1115.6 1070.7 1063.2 -999.0 -999.0 -999.0 -999.0 -999.0 -999.0 -999.0 -999.0 -999.0 -999.0 -999.0 -999.0 -999.0 -999.0 -999.0 -999.0 -999.0 -999.0 -999.0 -999.0 -999.0 -999.0 -999.0
1150.9 1114.8 910.4 624.6 790.3 637.8 784.3 1068.8 736.1 346.1 376.5 895.2 709.5 858.6 695.3 562.7 597.3 790.0 1013.9 892.0 549.6 468.5 673.5 647.4 629.4 876.6 943.3 952.7 784.8 649.4 874.1 879.8 879.2 736.7 574.6 684.9 548.8 955.2 733.0 884.6 875.6 672.7 1017.2 1161.2 1050.4 1011.1 1109.0 1065.2 -999.0 -999.0 -999.0 -999.0 -999.0 -999.0 -999.0 -999.0 -999.0 -999.0 -999.0 -999.0 -999.0 -999.0 -999.0 -999.0 -999.0 -999.0 -999.0 -999.0 -999.0 -999.0 -999.0 -999.0
953.2 1162.7 662.2 1249.8 1146.5 929.1 530.6 393.7 743.7 633.0 728.2 463.3 606.0 681.5 716.5 922.8 910.1 930.8 914.3 684.1 429.0 524.4 731.1 479.7 788.8 702.3 992.0 982.1 908.2 776.7 705.0 713.3 683.5 542.7 570.8 809.8 733.4 1002.9 1000.1 1076.5 1047.7 1048.3 1111.9 1137.0 1147.2 1111.5 1094.3 1184.2 -999.0 -999.0 -999.0 -999.0 -999.0 -999.0 -999.0 -999.0 -999.0 -999.0 -999.0 -999.0 -999.0 -999.0 -999.0 -999.0 -999.0 -999.0 -999.0 -999.0 -999.0 -999.0 -999.0 -999.0
1104.1 1027.5 -999.0 1256.0 751.2 455.3 375.2 763.2 883.8 815.6 419.5 430.9 949.5 1038.7 857.1 590.8 1028.5 935.0 689.6 480.3 423.3 445.5 380.5 611.9 538.0 700.3 956.9 525.8 803.7 503.8 542.6 519.2 453.4 567.9 743.5 866.3 775.6 884.3 825.8 966.6 958.3 1055.6 1082.4 1109.8 1134.3 1178.5 1140.6 -999.0 -999.0 -999.0 -999.0 -999.0 -999.0 -999.0 -999.0 -999.0 -999.0 -999.0 -999.0 -999.0 -999.0 -999.0 -999.0 -999.0 -999.0 -999.0 -999.0 -999.0 -999.0 -999.0 -999.0 -999.0
948.3 1272.4 -999.0 585.4 857.4 781.2 1261.0 655.0 851.7 395.6 467.5 733.3 573.0 522.3 836.7 1145.3 692.9 665.7 568.1 381.6 358.1 364.0 337.8 536.3 767.9 989.0 925.0 810.8 586.3 397.3 445.2 660.5 553.8 712.7 639.8 737.8 853.4 947.3 883.9 876.2 903.3 1008.9 959.1 1103.6 1030.3 1026.3 1123.9 -999.0 -999.0 -999.0 -999.0 -999.0 -999.0 -999.0 -999.0 -999.0 -999.0 -999.0 -999.0 -999.0 -999.0 -999.0 -999.0 -999.0 -999.0 -999.0 -999.0 -999.0 -999.0 -999.0 -999.0 -999.0
1261.6 -999.0 1114.7 997.5 688.8 945.0 772.9 575.4 944.6 949.1 802.4 950.6 1099.1 1113.4 1091.5 733.0 463.6 430.2 406.3 365.7 284.4 365.2 674.7 854.0 870.9 448.1 687.9 249.8 217.4 366.3 403.2 418.1 583.8 671.3 702.3 664.8 1050.4 1061.2 1008.4 1069.9 1044.2 669.3 851.0 1147.9 1137.1 1129.8 1126.2 1207.6 -999.0 -999.0 -999.0 -999.0 -999.0 -999.0 -999.0 -999.0 -999.0 -999.0 -999.0 -999.0 -999.0 -999.0 -999.0 -999.0 -999.0 -999.0 -999.0 -999.0 -999.0 -999.0 -999.0 -999.0
-999.0 1313.9 852.2 775.5 660.6 1062.3 762.8 461.8 930.1 857.0 643.3 692.3 673.3 820.7 576.0 517.8 371.6 610.9 637.5 495.8 391.2 531.4 876.0 775.5 838.3 543.5 260.0 444.3 246.9 348.7 382.8 457.5 541.3 585.9 761.2 959.2 1073.9 1002.4 1109.5 1149.9 1029.3 1062.3 1128.2 1177.8 1072.6 1045.0 1105.0 -999.0 -999.0 -999.0 -999.0 -999.0 -999.0 -999.0 -999.0 -999.0 -999.0 -999.0 -999.0 -999.0 -999.0 -999.0 -999.0 -999.0 -999.0 -999.0 -999.0 -999.0 -999.0 -999.0 -999.0 -999.0
-999.0 1297.0 1281.3 1002.4 643.0 880.2 611.3 1048.7 1086.7 1044.8 862.1 501.2 409.0 522.9 739.8 780.7 697.2 479.1 644.5 663.4 763.3 754.5 613.1 555.2 456.7 345.9 352.2 327.6 505.1 552.3 622.5 878.5 843.1 773.2 731.4 665.3 814.7 920.9 727.6 886.5 1153.8 1073.2 958.6 923.8 908.3 1029.1 -999.0 -999.0 -999.0 -999.0 -999.0 -999.0 -999.0 -999.0 -999.0 -999.0 -999.0 -999.0 -999.0 -999.0 -999.0 -999.0 -999.0 -999.0 -999.0 -999.0 -999.0 -999.0 -999.0 -999.0 -999.0 -999.0
-999.0 1025.4 701.2 1154.0 565.2 511.3 608.0 512.9 677.6 1002.6 921.1 1070.5 1111.9 513.5 583.5 485.3 193.4 853.2 735.6 733.6 669.4 698.4 507.9 551.0 391.3 515.6 566.2 596.7 523.7 669.5 488.6 488.0 375.3 496.7 669.9 526.7 373.5 546.8 611.7 753.2 762.4 807.7 811.7 908.4 932.3 1042.3 -999.0 -999.0 -999.0 -999.0 -999.0 -999.0 -999.0 -999.0 -999.0 -999.0 -999.0 -999.0 -999.0 -999.0 -999.0 -999.0 -999.0 -999.0 -999.0 -999.0 -999.0 -999.0 -999.0 -999.0 -999.0 -999.0
1300.8 1323.6 1095.0 1321.7 1113.1 930.6 689.8 1017.1 996.2 489.2 1008.4 1076.8 1057.9 993.8 565.6 745.6 940.2 801.2 416.4 490.9 686.4 317.7 460.7 509.3 400.9 341.6 405.3 448.8 431.8 444.7 473.1 427.6 270.5 710.8 489.4 523.8 903.0 932.4 638.4 805.1 754.2 733.7 985.0 903.5 940.3 1018.6 -999.0 -999.0 -999.0 -999.0 -999.0 -999.0 -999.0 -999.0 -999.0 -999.0 -999.0 -999.0 -999.0 -999.0 -999.0 -999.0 -999.0 -999.0 -999.0 -999.0 -999.0 -999.0 -999.0 -999.0 -999.0 -999.0
-999.0 1270.7 1011.8 504.3 1090.8 1272.6 1137.4 1228.4 1289.5 1270.9 1244.7 1065.1 989.5 606.1 831.0 739.9 775.2 433.1 540.7 755.1 674.8 304.1 548.9 448.2 638.9 391.1 406.8 607.8 277.2 332.9 367.7 264.0 311.7 489.4 372.8 489.1 648.4 863.6 1039.3 994.0 804.7 928.8 1079.4 1042.5 967.2 1144.2 -999.0 -999.0 -999.0 -999.0 -999.0 -999.0 -999.0 -999.0 -999.0 -999.0 -999.0 -999.0 -999.0 -999.0 -999.0 -999.0 -999.0 -999.0 -999.0 -999.0 -999.0 -999.0 -999.0 -999.0 -999.0 -999.0
1245.6 1248.4 1153.8 802.3 1247.3 574.1 962.3 766.2 599.8 1258.0 1213.2 211.9 425.3 386.4 523.1 355.0 433.5 399.1 393.9 341.2 547.9 516.6 681.0 705.8 744.1 590.6 605.2 364.7 605.1 553.1 682.5 526.7 364.3 454.1 878.8 635.8 576.7 846.7 620.7 960.5 1093.9 1116.6 1098.7 949.0 1045.8 -999.0 -999.0 -999.0 -999.0 -999.0 -999.0 -999.0 -999.0 -999.0 -999.0 -999.0 -999.0 -999.0 -999.0 -999.0 -999.0 -999.0 -999.0 -999.0 -999.0 -999.0 -999.0 -999.0 -999.0 -999.0 -999.0 -999.0
