GDD/GrowingDegreeDays_1997_Actual.txt
ncols         180
nrows         290
xllcorner     -200000
yllcorner     -200000
cellsize      5000
NODATA_value    -999
[rows 192 to 223 of 290, columns 71 to 141 of 180]
-999.0 -999.0 -999.0 -999.0 -999.0 -999.0 -999.0 -999.0 -999.0 -999.0 -999.0 -999.0 -999.0 -999.0 -999.0 -999.0 -999.0 -999.0 -999.0 -999.0 -999.0 1924.8 1565.3 1376.3 1267.1 1079.3 1218.6 1499.3 1739.4 1898.4 1760.1 1554.0 1409.1 1324.3 1625.2 1835.8 1787.2 1662.1 1671.0 1840.7 1575.5 1686.7 1716.5 1880.7 1828.4 1968.1 2046.7 2017.5 1925.2 1948.7 2013.8 2031.8 2013.3 2002.5 1915.7 1965.2 2002.2 1973.2 1911.4 1884.0 1866.7 1826.8 1896.5 1934.4 1839.0 1866.0 1896.2 1940.3 1937.6 2028.1 2020.8
-999.0 -999.0 -999.0 -999.0 -999.0 -999.0 -999.0 -999.0 -999.0 -999.0 -999.0 -999.0 -999.0 -999.0 -999.0 -999.0 -999.0 -999.0 -999.0 -999.0 2019.5 1975.5 1646.9 1373.5 1304.6 1387.2 1427.7 1586.6 1478.7 1105.4 1382.8 1399.2 1435.7 1686.9 1810.4 1727.0 1695.9 1826.2 1829.3 1755.8 1591.8 1623.9 1691.1 1879.8 1828.2 2022.8 2045.3 1922.1 2046.3 1927.9 1906.8 1976.2 1945.8 1987.0 1936.2 2011.1 2046.6 1984.4 1971.5 1981.0 1889.3 1911.0 1815.4 1887.8 1844.1 1936.3 1934.7 1948.3 2029.1 2054.8 1989.1
-999.0 -999.0 -999.0 -999.0 -999.0 -999.0 -999.0 -999.0 -999.0 -999.0 -999.0 -999.0 -999.0 -999.0 -999.0 -999.0 -999.0 -999.0 -999.0 -999.0 1751.9 1751.8 1735.1 1681.3 1521.8 1163.9 1213.9 1332.0 1467.7 1407.8 1305.2 1252.0 1266.0 1656.9 1529.3 1445.1 1831.5 1620.8 1945.9 1860.9 1633.3 1475.5 1809.6 1819.4 2002.1 2081.4 2059.8 2031.9 1894.3 2145.3 1936.1 1926.5 1928.2 1944.8 1935.0 2010.2 2021.9 2022.7 2014.8 2054.7 2011.5 1874.4 1825.7 1853.0 1824.4 1932.7 2009.0 2036.1 2081.8 2049.9 2000.3
-999.0 -999.0 -999.0 -999.0 -999.0 -999.0 -999.0 -999.0 -999.0 -999.0 -999.0 -999.0 -999.0 -999.0 -999.0 -999.0 -999.0 -999.0 -999.0 -999.0 1837.0 1792.3 2000.5 1780.6 1537.4 1150.5 1313.9 1293.7 1528.7 1370.1 1418.9 1565.0 1488.5 1469.3 1549.4 1713.4 1870.8 1850.5 1602.9 1931.1 1863.7 1812.5 1845.0 1772.6 1961.3 2123.4 2096.7 2031.3 2061.8 2113.7 1940.6 1921.6 1927.7 1920.0 2000.8 2019.8 1960.9 1996.6 1976.8 2065.8 1976.7 1851.5 1843.0 1947.2 1967.0 1915.9 2023.4 2019.4 2130.3 2047.3 2032.7
-999.0 -999.0 -999.0 -999.0 -999.0 -999.0 -999.0 -999.0 -999.0 -999.0 -999.0 -999.0 -999.0 -999.0 -999.0 -999.0 -999.0 -999.0 -999.0 1936.4 1729.5 1451.2 1586.8 1712.4 1408.9 1330.7 1201.9 1216.8 1702.0 1673.8 1705.8 1561.4 1434.8 1621.0 1620.9 1519.9 1735.2 1848.5 1887.6 1966.4 1987.9 1947.6 1886.5 1955.1 2030.6 2087.7 2124.1 2119.3 2063.8 2018.1 2055.3 1977.7 1982.0 1927.8 2001.9 1996.5 1992.6 2038.4 2051.9 2035.6 1910.3 1918.2 1924.8 2037.3 2002.7 1990.6 2018.3 2107.8 2061.2 2058.0 2051.1
-999.0 -999.0 -999.0 -999.0 -999.0 -999.0 -999.0 -999.0 -999.0 -999.0 -999.0 -999.0 -999.0 -999.0 -999.0 -999.0 -999.0 -999.0 1804.4 1735.8 1604.0 1710.7 1777.5 1426.2 1181.3 1166.9 1386.3 1318.6 1684.7 1567.3 1674.8 1714.8 1186.0 1590.1 1541.0 1809.0 1835.1 1955.9 1954.0 1915.2 1803.4 1925.1 1778.8 1999.5 2006.1 2165.2 2175.8 2128.5 2098.9 2074.7 2081.2 2021.9 1969.7 1956.9 2076.0 2018.8 2009.2 1984.3 1979.9 1963.3 1901.9 1968.8 1924.5 2035.3 2049.8 2111.4 2106.1 2005.9 1986.4 2053.9 2050.5
-999.0 -999.0 -999.0 -999.0 -999.0 -999.0 -999.0 -999.0 -999.0 -999.0 -999.0 -999.0 -999.0 -999.0 -999.0 -999.0 1777.7 1806.8 1842.8 1967.9 1923.0 1784.8 1695.9 1346.7 1233.6 1140.1 1108.3 1331.6 1529.9 1842.2 1601.5 1671.5 1333.8 1615.1 1759.0 1812.6 1948.3 1952.2 2012.7 1907.1 1760.0 1851.3 1868.9 2125.1 2139.3 2154.3 2150.2 2069.5 2078.0 2063.2 2113.7 2026.0 1971.7 2046.2 2060.6 2051.0 1930.5 1930.8 1867.5 1822.9 1875.2 1927.5 1998.4 2059.1 2018.4 1987.7 2022.5 1992.2 2084.1 2055.4 2057.9
-999.0 -999.0 -999.0 -999.0 -999.0 -999.0 -999.0 -999.0 -999.0 -999.0 -999.0 -999.0 2082.8 2086.8 2088.2 1657.6 1565.7 1493.5 1502.3 1751.1 1760.5 1779.3 1318.8 1426.6 1267.9 1270.9 1321.9 1618.7 1739.3 1888.8 1720.9 1770.7 1249.8 1432.2 1660.1 1897.3 1886.2 1942.8 1758.6 1995.3 1816.6 1819.6 1927.9 2082.2 2206.8 2229.0 2090.7 2111.3 2105.1 2008.8 2096.6 2047.0 2049.3 2043.5 2001.3 1943.5 1992.4 1900.4 1930.7 1891.8 1819.0 1845.4 1885.3 1943.6 1937.3 1959.9 2014.1 2061.3 2011.0 2126.8 2130.9
-999.0 -999.0 -999.0 -999.0 -999.0 -999.0 -999.0 -999.0 -999.0 -999.0 -999.0 1875.3 1998.0 1847.8 1853.9 1847.2 1610.4 1667.7 1614.8 1809.3 1904.1 1532.9 1440.1 1362.1 1725.2 1227.8 1463.7 1690.2 1318.6 1608.9 1916.9 1339.2 1546.5 1658.8 2044.0 2050.0 1994.3 1705.8 1991.6 1999.7 1955.5 1961.9 1897.5 2052.4 2121.5 2266.8 2172.5 2165.8 2132.0 2054.1 2071.9 2077.0 2077.5 2066.8 1964.5 1956.1 1784.4 1938.1 1963.1 1922.3 1854.7 1922.7 1945.1 2002.5 2020.5 1981.1 2021.6 1990.7 2069.5 2125.4 2114.8
-999.0 -999.0 -999.0 -999.0 -999.0 -999.0 -999.0 -999.0 -999.0 -999.0 1832.7 1847.4 2057.4 2019.9 1970.8 1832.1 1866.0 1769.6 1844.0 1817.7 1377.5 1603.5 1740.7 1367.8 1888.3 1524.7 1443.7 1200.2 1351.2 1369.0 1613.2 1656.3 1762.4 2039.6 1628.6 1682.2 2025.2 1987.4 2064.2 2099.4 2001.3 2039.6 2084.1 2034.6 2055.3 2268.4 2227.8 2211.9 2148.9 2145.3 2142.4 2116.3 1948.6 2114.9 2036.6 1933.7 1837.7 1879.7 1938.5 1898.4 1853.4 1884.2 1870.9 1944.5 2032.2 2050.9 2072.8 1990.8 2026.8 2096.2 2024.2
-999.0 -999.0 -999.0 -999.0 -999.0 -999.0 2047.9 1772.7 1927.0 1740.7 1953.9 1961.7 1894.5 1945.0 1947.6 1708.8 1779.7 1747.6 1799.9 1602.9 1584.4 1731.7 1654.5 1646.3 1750.7 1683.1 1344.0 1315.9 1515.7 1597.6 1470.7 1694.3 1980.8 1551.8 1479.2 1748.1 1737.6 1974.6 2000.1 2118.2 2083.5 1846.7 2083.2 1939.0 2156.0 2241.7 2224.9 2190.5 1972.8 2126.3 2083.1 1756.7 2067.3 2087.6 2021.2 1895.0 1755.1 1853.5 1889.9 1899.4 1942.0 1913.0 1926.9 1983.7 2041.6 2013.7 2051.4 2016.8 1988.6 2001.6 2019.8
-999.0 -999.0 -999.0 -999.0 -999.0 1997.1 1845.4 1872.7 1845.0 1592.4 1325.8 1480.7 1554.5 1806.3 1671.4 1506.5 1609.7 1660.8 1494.3 1713.3 1774.5 1544.1 1799.5 1952.5 1802.4 1720.8 1462.4 1489.8 1551.3 1644.0 1678.4 1769.6 1662.2 998.2 1353.5 1710.4 1935.9 1884.8 2004.0 1873.4 2056.1 1994.3 2107.6 2142.3 2173.2 2182.8 2215.8 2220.9 2117.7 2075.8 1772.8 1757.4 1859.3 1983.1 1996.8 1701.8 1765.4 1808.1 1866.1 1955.5 1910.6 1927.0 1948.3 2024.2 1947.6 1979.8 2038.8 1896.7 1927.0 2036.5 2043.6
-999.0 -999.0 -999.0 2047.8 1927.2 1909.8 1815.3 1897.7 1818.4 1681.1 1668.3 1767.8 1889.6 1665.4 1776.3 1594.7 1893.6 1792.4 1568.4 1676.4 1870.3 1752.9 2015.3 1979.2 1600.2 1485.9 1582.9 1738.4 1576.0 1862.9 1935.6 1899.2 1475.6 1280.2 1294.7 1924.9 1851.9 1867.6 1872.6 1965.9 2115.0 1983.0 2064.6 2107.2 2186.5 2168.4 2253.7 2263.8 2106.5 2031.6 1769.0 1811.6 1882.2 1985.9 1899.9 1732.0 1762.4 1806.3 1900.2 1922.9 1947.6 1971.5 1984.1 1984.7 1960.3 1945.1 1979.9 1991.0 1995.9 2039.6 1966.6
-999.0 -999.0 -999.0 2067.5 -999.0 2067.4 2011.2 1854.8 1931.0 1841.3 1868.7 1811.5 1878.4 1837.4 1710.2 1871.9 1797.7 1984.0 2030.1 2036.3 2048.4 2037.9 1736.2 1795.0 1428.0 918.6 1553.4 1530.8 1551.8 1243.8 1297.3 2005.0 2033.8 1154.1 1549.9 1787.2 1748.7 1670.1 1911.7 2097.2 2157.6 1945.0 1949.1 2106.9 2205.9 2242.3 2227.3 2304.0 2138.6 1805.2 1737.1 1879.3 1946.5 1975.3 1980.4 1952.0 1851.2 1929.6 1977.5 2022.4 2047.2 2031.6 1982.1 1905.8 1966.4 2018.3 2001.3 2052.1 2037.0 1971.5 1998.0
-999.0 -999.0 -999.0 -999.0 -999.0 -999.0 1892.2 1995.0 1997.8 1902.9 1989.5 1939.8 1946.8 1893.6 1967.3 1999.4 1904.3 1978.0 1856.8 2009.0 1759.5 2008.2 1665.7 1456.4 1406.2 1239.5 1145.2 1349.2 1205.6 1109.3 1609.5 1487.5 1673.4 2142.7 1618.3 1676.9 2029.8 1988.2 2155.5 1932.1 1972.6 1732.1 1858.1 2125.7 2176.2 2237.8 2299.3 2142.6 1828.4 1909.4 1725.6 1886.3 1942.8 1894.8 1990.8 1854.7 2000.1 2003.5 2078.6 2114.8 2103.7 2044.3 2001.0 2010.5 2068.9 2085.2 2088.8 2035.0 1941.8 1889.3 1974.7
-999.0 -999.0 -999.0 -999.0 -999.0 2035.7 1996.3 1980.5 2010.3 2038.5 1872.4 1784.0 1690.1 1822.5 1935.9 1967.2 2013.2 1951.5 1693.0 2027.6 1876.9 2153.6 1948.8 1846.2 1852.4 1888.8 1558.6 1606.5 1363.9 1345.3 1215.0 1458.9 1469.6 1652.0 1298.1 1881.8 2020.4 2064.2 1927.5 1972.8 1763.4 1870.4 1874.2 2168.3 2174.4 2170.1 1830.6 1765.2 1788.4 1741.2 1916.7 1875.7 1878.3 1920.8 1987.2 1993.1 2014.9 2092.6 2168.3 2193.9 2159.1 2046.2 2017.1 1992.4 2054.8 2111.0 2092.8 1995.7 1827.8 2005.3 1976.3
-999.0 -999.0 -999.0 -999.0 2123.8 2110.5 2043.5 2026.1 2068.7 2083.7 2071.5 1969.7 2031.0 1999.3 2063.5 2035.1 1982.3 1991.5 1999.2 1757.9 2108.8 1702.3 1803.7 1770.0 1603.7 1696.5 1855.0 1812.9 1593.1 1671.3 1497.6 1574.5 1768.0 1420.4 1469.3 2035.3 1892.0 2124.8 2066.3 1892.1 1850.2 1987.5 2043.3 2148.6 2164.9 1940.4 1997.0 1818.1 1837.6 1905.9 1880.3 1919.0 1970.0 1968.6 2039.2 2076.6 2096.0 2154.6 2085.6 2261.9 2122.4 2126.3 2098.6 2104.1 2097.4 2086.9 2001.0 1870.4 1912.6 1961.7 1993.2
-999.0 -999.0 -999.0 -999.0 -999.0 -999.0 2167.0 2134.0 2136.9 2080.2 2044.6 1991.4 -999.0 -999.0 -999.0 -999.0 2038.0 2018.2 1909.9 2148.0 2257.5 2096.7 2049.9 2009.1 1954.5 2212.9 1318.3 1277.8 1713.6 1821.8 1808.4 1641.1 1593.1 1508.3 1843.0 1992.6 2030.8 2151.5 1764.7 1969.9 1872.0 2156.3 2140.5 2142.6 2144.4 1844.0 2018.9 1865.7 1884.8 1974.5 1973.3 1998.3 2024.1 2066.6 2091.6 2105.8 2106.1 2144.3 2086.1 2209.1 2129.6 2076.7 2105.0 2079.6 2054.7 1931.3 1961.4 1931.5 1918.6 1952.3 2114.7
-999.0 -999.0 -999.0 -999.0 -999.0 -999.0 2175.9 2079.5 2000.5 2164.4 1998.5 2112.6 -999.0 -999.0 -999.0 -999.0 -999.0 -999.0 -999.0 2282.9 2299.6 2244.8 2357.4 2209.6 1979.9 1648.5 1473.6 1268.8 1348.3 1537.3 1699.5 1693.2 1876.1 1692.4 1714.9 2077.1 2169.2 1811.0 1844.4 1846.7 2191.8 2207.9 2142.1 2152.6 1979.0 1879.0 1908.0 1911.1 1972.5 2012.1 2037.2 2056.0 2061.6 2060.3 2076.6 2012.3 2084.0 2125.9 2169.0 2181.6 2110.1 2074.5 2079.7 1949.3 1939.9 2048.4 1925.0 1949.1 2008.8 2055.2 2150.8
-999.0 -999.0 -999.0 -999.0 -999.0 -999.0 -999.0 -999.0 2159.3 -999.0 -999.0 -999.0 -999.0 -999.0 -999.0 -999.0 -999.0 2066.1 2096.0 2122.1 2078.1 2263.2 2360.8 2350.7 2159.0 1908.3 1590.3 1458.8 1525.1 1914.6 1927.8 1558.8 1772.9 1872.8 2083.0 2203.4 2269.6 2014.3 2064.5 2091.9 2215.8 2202.9 2115.1 2147.1 1818.6 1761.4 1891.8 1928.0 2009.9 2028.9 2040.6 2073.4 2016.3 2049.3 2019.1 2086.1 2108.2 2136.7 2149.0 2141.3 2033.2 1990.9 1936.9 1839.4 1979.1 1953.7 2144.2 2042.2 2092.0 2170.1 2172.1
-999.0 -999.0 -999.0 -999.0 -999.0 -999.0 -999.0 -999.0 -999.0 -999.0 -999.0 -999.0 -999.0 -999.0 -999.0 -999.0 -999.0 2059.0 2052.2 2232.7 2142.5 2135.4 -999.0 -999.0 2399.0 1859.4 2076.5 1877.6 1929.5 1915.8 1847.3 1743.9 2100.3 2165.9 2148.6 2219.7 2230.1 2216.8 2221.2 2220.4 2206.9 2075.1 2108.0 2040.9 1808.3 1892.3 1945.2 2007.9 2022.9 1980.0 2006.4 2055.6 2038.6 2061.5 2018.4 1960.0 1956.4 2034.1 2000.1 2101.9 2091.2 2002.8 1793.9 2002.6 2019.8 2097.3 2248.4 2115.6 2163.9 2235.2 2290.6
-999.0 -999.0 -999.0 -999.0 -999.0 -999.0 -999.0 -999.0 -999.0 -999.0 -999.0 -999.0 -999.0 -999.0 -999.0 -999.0 -999.0 -999.0 -999.0 -999.0 -999.0 -999.0 -999.0 -999.0 2349.1 2240.0 1991.0 1995.1 2141.1 2156.1 2136.8 2087.8 2192.2 2247.4 2213.5 2196.1 2207.9 2220.6 -999.0 2264.1 2225.2 2137.3 2133.0 2036.5 1849.1 1932.5 1946.4 2016.1 2103.2 2093.3 1992.2 2060.0 2026.6 1882.1 1807.1 1799.3 1778.4 1774.2 1924.3 1973.3 2000.3 2015.2 1941.6 2081.4 2099.9 2116.7 2195.6 2225.1 2260.1 2257.1 2280.4
-999.0 -999.0 -999.0 -999.0 -999.0 -999.0 -999.0 -999.0 -999.0 -999.0 -999.0 -999.0 -999.0 -999.0 -999.0 -999.0 -999.0 -999.0 -999.0 -999.0 -999.0 -999.0 -999.0 -999.0 -999.0 2252.5 2182.9 2132.1 2078.5 2052.1 2203.3 2249.6 2234.4 2297.6 -999.0 -999.0 -999.0 -999.0 2232.4 2280.0 2197.5 2179.6 2152.5 2049.9 1864.3 1947.3 1914.6 1979.9 2126.1 2015.1 2002.8 1870.1 1924.6 1726.5 1810.2 1776.8 1847.7 1854.5 1895.0 1992.3 1949.6 2170.8 2159.4 2141.3 2252.6 2211.8 2254.8 2280.4 2299.2 2386.7 2501.6
-999.0 -999.0 -999.0 -999.0 -999.0 -999.0 -999.0 -999.0 -999.0 -999.0 -999.0 -999.0 -999.0 -999.0 -999.0 -999.0 -999.0 -999.0 -999.0 -999.0 -999.0 -999.0 -999.0 -999.0 -999.0 -999.0 2241.2 2019.6 2058.2 2118.9 2072.0 2177.3 2259.4 -999.0 -999.0 -999.0 -999.0 2136.1 2050.2 1985.6 2274.7 2247.4 2208.6 1963.6 1873.9 1894.3 1901.2 1973.5 2001.8 2033.6 1873.0 1726.9 1806.5 1794.8 1868.8 1856.7 1891.5 2009.9 1983.4 2012.1 2091.5 2146.8 2204.5 2328.9 2256.6 2214.6 2222.7 2191.2 2188.1 2356.9 2421.7
-999.0 -999.0 -999.0 -999.0 -999.0 -999.0 -999.0 -999.0 -999.0 -999.0 -999.0 -999.0 -999.0 -999.0 -999.0 -999.0 -999.0 -999.0 -999.0 -999.0 -999.0 -999.0 -999.0 -999.0 -999.0 -999.0 -999.0 2204.6 2125.9 2159.2 2057.7 2199.2 2186.6 -999.0 -999.0 -999.0 2216.0 2228.4 2161.9 1977.4 2049.4 2117.0 2238.5 2096.0 2170.0 1950.3 1924.9 2021.3 1902.1 1824.5 1834.4 1865.4 1779.6 1863.5 1922.0 1960.2 2030.0 2048.4 2054.7 2048.6 2041.7 2127.5 2222.2 2222.8 2155.1 2132.2 2182.9 2184.1 2192.1 2259.0 2334.0
-999.0 -999.0 -999.0 -999.0 -999.0 -999.0 -999.0 -999.0 -999.0 -999.0 -999.0 -999.0 -999.0 -999.0 -999.0 -999.0 -999.0 -999.0 -999.0 -999.0 -999.0 -999.0 -999.0 -999.0 -999.0 -999.0 -999.0 -999.0 -999.0 -999.0 -999.0 -999.0 -999.0 -999.0 -999.0 2107.8 2221.9 2262.1 2219.6 1991.2 2162.3 2107.7 2043.4 2096.8 2122.0 2042.0 2126.0 2086.1 2034.4 1930.0 1943.9 1921.4 1902.8 1869.3 1896.2 1933.0 1813.6 1969.0 1939.1 1993.5 1999.5 2055.2 2157.5 2145.4 2125.6 2109.7 2086.3 2171.9 2214.8 2237.4 2262.6
-999.0 -999.0 -999.0 -999.0 -999.0 -999.0 -999.0 -999.0 -999.0 -999.0 -999.0 -999.0 -999.0 -999.0 -999.0 -999.0 -999.0 -999.0 -999.0 -999.0 -999.0 -999.0 -999.0 -999.0 -999.0 -999.0 -999.0 -999.0 -999.0 -999.0 -999.0 -999.0 -999.0 -999.0 -999.0 2243.8 2105.0 2157.2 1664.4 1805.9 2130.3 2068.5 2021.7 2020.7 1998.1 2120.3 2139.0 2098.5 2067.6 1948.4 1982.5 2030.0 1867.3 1841.8 1737.0 1880.5 1864.7 1750.1 1892.9 1950.5 2018.3 2106.0 2138.1 2152.2 2147.5 2133.7 2164.2 2120.6 2148.1 2224.2 2227.1
-999.0 -999.0 -999.0 -999.0 -999.0 -999.0 -999.0 -999.0 -999.0 -999.0 -999.0 -999.0 -999.0 -999.0 -999.0 -999.0 -999.0 -999.0 -999.0 -999.0 -999.0 -999.0 -999.0 -999.0 -999.0 -999.0 -999.0 -999.0 -999.0 -999.0 -999.0 -999.0 -999.0 -999.0 -999.0 2245.3 2257.7 2257.2 2048.7 1699.8 1802.6 1899.2 2011.7 1909.2 2056.7 2060.2 2098.7 1898.0 1851.5 1797.8 1872.2 1969.6 1942.1 1943.4 1922.6 1888.9 1883.8 1956.7 1956.9 1971.3 2007.0 2082.7 2133.9 2165.0 2153.0 2102.9 2136.8 2106.1 2124.8 2164.3 2107.4
-999.0 -999.0 -999.0 -999.0 -999.0 -999.0 -999.0 -999.0 -999.0 -999.0 -999.0 -999.0 -999.0 -999.0 -999.0 -999.0 -999.0 -999.0 2359.9 2213.1 2285.1 1537.9 1500.5 1520.4 1572.3 1458.6 2324.4 1808.5 2331.6 -999.0 -999.0 -999.0 -999.0 -999.0 -999.0 2253.8 2249.7 2207.4 2274.1 2103.7 1881.6 1774.1 1861.0 1967.0 2016.0 1997.7 1912.2 1770.5 1835.5 1931.9 1965.7 2010.0 1958.5 1976.0 2034.1 2076.3 2086.1 2023.0 2053.6 1976.9 1941.7 1884.1 2022.9 2104.3 2054.0 2017.6 2095.3 2024.3 2089.3 2144.3 2051.5
-999.0 -999.0 -999.0 -999.0 -999.0 -999.0 -999.0 -999.0 -999.0 -999.0 -999.0 -999.0 -999.0 -999.0 -999.0 -999.0 -999.0 -999.0 2016.0 1919.5 1719.8 1642.1 1350.4 1241.5 1349.8 1403.6 1502.2 1892.4 2124.2 2276.4 2176.3 1921.9 2115.8 2193.9 2263.9 2266.9 2266.2 2256.4 2248.0 2223.4 2146.7 1900.9 1891.0 1961.2 2036.2 1748.8 1865.3 1900.0 1851.1 1881.3 2011.8 2052.9 2075.4 2047.1 2038.0 2070.9 2071.5 2156.3 2101.3 2011.7 1983.1 1993.6 1940.7 1932.5 2019.8 2012.3 2119.5 2161.2 2068.8 2152.2 1790.8
-999.0 -999.0 -999.0 -999.0 -999.0 -999.0 -999.0 -999.0 -999.0 -999.0 -999.0 -999.0 -999.0 -999.0 -999.0 -999.0 -999.0 2418.2 2313.4 2109.0 2002.8 1826.4 1477.1 1286.0 1348.1 1496.8 1553.0 1632.1 1867.5 2002.7 2081.4 1994.3 1870.2 2150.7 2209.2 2272.6 2237.6 2111.9 2226.3 2198.3 2028.0 1991.8 1998.3 1968.4 1738.4 1913.1 1760.1 1773.0 1863.7 2020.3 2027.8 2109.8 2069.4 1978.6 2069.0 2027.5 2145.9 2102.6 2100.1 2058.0 2028.5 1904.4 1848.7 2045.5 2083.9 2080.5 1908.3 2076.9 2135.9 2115.6 2107.6
-999.0 -999.0 -999.0 -999.0 -999.0 -999.0 -999.0 -999.0 -999.0 -999.0 -999.0 -999.0 -999.0 -999.0 -999.0 -999.0 -999.0 -999.0 2325.1 2299.6 2235.3 1852.9 1750.7 1645.6 1390.1 1563.3 1716.3 1936.5 1806.9 1601.2 1810.0 2035.2 2044.3 1887.3 2107.8 2269.8 2247.6 2231.0 2134.2 2093.6 2153.8 2139.4 2074.8 2003.3 1864.6 1974.1 1809.2 1895.9 1931.4 1970.9 1989.2 2072.0 1996.2 1967.1 2003.3 2145.0 2165.3 2094.8 2203.3 2168.9 2138.6 2016.5 1914.7 1941.7 2112.5 2124.7 2045.2 2048.1 2109.1 2180.3 2184.5
