GDD/GrowingDegreeDays_1996_Actual.txt
ncols         180
nrows         290
xllcorner     -200000
yllcorner     -200000
cellsize      5000
NODATA_value    -999
[rows 160 to 191 of 290, columns 71 to 141 of 180]
-999.0 -999.0 -999.0 -999.0 -999.0 -999.0 -999.0 -999.0 -999.0 -999.0 -999.0 -999.0 -999.0 -999.0 -999.0 -999.0 -999.0 -999.0 -999.0 -999.0 -999.0 -999.0 -999.0 -999.0 -999.0 -999.0 -999.0 -999.0 -999.0 -999.0 -999.0 -999.0 -999.0 -999.0 -999.0 1610.8 1619.6 1612.7 1562.4 1320.7 1204.7 977.3 1241.9 1118.9 1496.5 1391.0 1406.2 1302.3 1243.8 1302.9 1219.7 1527.8 1528.1 1535.6 1553.4 1595.2 1519.6 1594.2 1611.3 1605.1 1639.2 1649.0 1613.5 1579.1 1559.9 1548.8 1431.2 1492.4 1569.5 1607.3 1614.8
-999.0 -999.0 -999.0 -999.0 -999.0 -999.0 -999.0 -999.0 -999.0 -999.0 -999.0 -999.0 -999.0 -999.0 -999.0 -999.0 -999.0 -999.0 -999.0 -999.0 -999.0 -999.0 -999.0 -999.0 -999.0 -999.0 -999.0 -999.0 -999.0 -999.0 -999.0 -999.0 -999.0 -999.0 -999.0 1641.7 1654.7 1668.1 1707.0 1625.4 1314.0 1486.9 1449.6 1549.6 1423.6 1168.6 1319.4 1221.4 1269.1 1198.3 1538.8 1281.6 1484.6 1401.4 1452.9 1458.8 1551.3 1576.6 1606.0 1613.9 1621.3 1620.0 1578.8 1538.6 1551.1 1570.3 1555.0 1477.6 1547.7 1615.2 1623.2
-999.0 -999.0 -999.0 -999.0 -999.0 -999.0 -999.0 -999.0 -999.0 -999.0 -999.0 -999.0 -999.0 -999.0 -999.0 -999.0 -999.0 -999.0 -999.0 -999.0 -999.0 -999.0 -999.0 -999.0 -999.0 -999.0 -999.0 -999.0 -999.0 -999.0 -999.0 -999.0 -999.0 -999.0 -999.0 1633.5 1663.4 1619.3 1735.9 1676.7 1551.2 1494.8 1524.0 1579.9 1438.7 1336.1 1339.5 1237.9 1103.7 1334.9 1425.7 1603.0 1495.5 1659.9 1603.3 1549.3 1514.5 1569.3 1579.1 1605.7 1591.9 1597.1 1568.8 1536.1 1549.4 1570.6 1572.5 1509.2 1482.3 1601.5 1682.5
-999.0 -999.0 -999.0 -999.0 -999.0 -999.0 -999.0 -999.0 -999.0 -999.0 -999.0 -999.0 -999.0 -999.0 -999.0 -999.0 -999.0 -999.0 -999.0 -999.0 -999.0 -999.0 -999.0 -999.0 -999.0 -999.0 -999.0 -999.0 -999.0 -999.0 -999.0 -999.0 -999.0 -999.0 -999.0 1655.0 1625.9 1610.1 1664.9 1660.4 1622.5 1607.7 1508.9 1387.4 1536.2 1461.0 1362.4 1028.3 1046.4 1056.6 1237.7 1458.9 1551.9 1535.9 1654.7 1701.3 1594.0 1538.5 1601.2 1616.7 1605.0 1616.7 1596.1 1575.9 1580.3 1595.9 1609.6 1521.2 1483.2 1649.6 1748.1
-999.0 -999.0 -999.0 -999.0 -999.0 -999.0 -999.0 -999.0 -999.0 -999.0 -999.0 -999.0 -999.0 -999.0 -999.0 -999.0 -999.0 -999.0 -999.0 -999.0 -999.0 -999.0 -999.0 -999.0 -999.0 -999.0 -999.0 -999.0 -999.0 -999.0 -999.0 -999.0 -999.0 -999.0 -999.0 1650.9 1651.3 1660.5 1701.3 1707.9 1683.5 1559.0 1528.1 1409.9 1347.3 1187.7 1092.8 1029.0 1233.2 1161.6 1347.7 1425.9 1576.1 1459.6 1557.6 1671.7 1709.6 1689.9 1655.5 1651.7 1631.4 1625.0 1623.6 1614.7 1611.1 1625.9 1625.2 1631.0 1590.2 1672.4 1747.7
-999.0 -999.0 -999.0 -999.0 -999.0 -999.0 -999.0 -999.0 -999.0 -999.0 -999.0 -999.0 -999.0 -999.0 -999.0 -999.0 -999.0 -999.0 -999.0 -999.0 -999.0 -999.0 -999.0 -999.0 -999.0 -999.0 -999.0 -999.0 -999.0 -999.0 -999.0 -999.0 -999.0 -999.0 -999.0 -999.0 1600.6 1637.3 1674.8 1683.8 1581.8 1377.4 1339.3 1280.5 1341.6 1363.4 1200.3 1230.6 1151.9 1273.2 1514.7 1714.2 1656.7 1611.0 1573.4 1724.5 1706.8 1624.5 1642.2 1679.1 1640.6 1648.0 1648.7 1647.9 1638.6 1642.2 1637.9 1629.1 1658.3 1671.0 1699.0
-999.0 -999.0 -999.0 -999.0 -999.0 -999.0 -999.0 -999.0 -999.0 -999.0 -999.0 -999.0 -999.0 -999.0 -999.0 -999.0 -999.0 -999.0 -999.0 -999.0 -999.0 -999.0 -999.0 -999.0 -999.0 -999.0 -999.0 -999.0 -999.0 -999.0 -999.0 -999.0 -999.0 -999.0 -999.0 1601.5 1595.6 1642.4 1678.7 1657.4 1578.5 1253.9 1210.4 1336.1 1137.5 1178.9 1267.2 1286.9 1042.8 1244.2 1287.8 1532.6 1765.8 1545.3 1690.2 1784.1 1652.9 1632.4 1682.0 1655.3 1673.8 1674.3 1666.5 1659.1 1654.0 1655.5 1550.4 1612.7 1649.3 1558.9 1605.7
-999.0 -999.0 -999.0 -999.0 -999.0 -999.0 -999.0 -999.0 -999.0 -999.0 -999.0 -999.0 -999.0 -999.0 -999.0 -999.0 -999.0 -999.0 -999.0 -999.0 -999.0 -999.0 -999.0 -999.0 -999.0 -999.0 -999.0 -999.0 -999.0 -999.0 -999.0 -999.0 -999.0 -999.0 -999.0 1606.9 1644.8 1664.0 1684.1 1515.3 1570.5 1488.0 1247.2 1454.1 1433.6 1399.3 1481.9 1448.9 1191.6 1273.6 1316.9 1625.1 1513.7 1411.3 1626.3 1568.0 1609.2 1570.3 1617.4 1653.1 1699.3 1704.9 1692.5 1680.8 1663.2 1676.3 1665.2 1607.3 1669.1 1637.9 1583.6
-999.0 -999.0 -999.0 -999.0 -999.0 -999.0 -999.0 -999.0 -999.0 -999.0 -999.0 -999.0 -999.0 -999.0 -999.0 -999.0 -999.0 -999.0 -999.0 -999.0 -999.0 -999.0 -999.0 -999.0 -999.0 -999.0 -999.0 -999.0 -999.0 -999.0 -999.0 -999.0 -999.0 -999.0 1620.4 1664.9 1655.7 1585.7 1620.1 1596.8 1626.6 1542.5 1514.3 1547.5 1572.5 1583.6 1549.2 1452.0 1212.8 1049.0 1021.3 1362.2 1277.4 1350.1 1582.5 1585.5 1666.8 1631.6 1627.3 1683.3 1724.2 1723.9 1716.6 1697.9 1671.2 1686.6 1676.8 1662.6 1661.7 1657.6 1541.7
-999.0 -999.0 -999.0 -999.0 -999.0 -999.0 -999.0 -999.0 -999.0 -999.0 -999.0 -999.0 -999.0 -999.0 -999.0 -999.0 -999.0 -999.0 -999.0 -999.0 -999.0 -999.0 -999.0 -999.0 -999.0 -999.0 -999.0 -999.0 -999.0 -999.0 -999.0 -999.0 -999.0 -999.0 -999.0 1682.2 1704.4 1668.8 1654.2 1509.6 1681.2 1681.5 1673.0 1643.3 1614.0 1629.8 1609.4 1532.2 1447.1 1122.8 995.1 963.2 1239.7 1274.4 1421.0 1555.6 1550.8 1721.4 1718.0 1648.6 1732.8 1749.9 1746.2 1714.2 1681.8 1687.7 1681.7 1657.1 1669.8 1674.2 1658.9
-999.0 -999.0 -999.0 -999.0 -999.0 -999.0 -999.0 -999.0 -999.0 -999.0 -999.0 -999.0 -999.0 -999.0 -999.0 -999.0 -999.0 -999.0 -999.0 -999.0 -999.0 -999.0 -999.0 -999.0 -999.0 -999.0 -999.0 -999.0 -999.0 -999.0 -999.0 -999.0 -999.0 -999.0 -999.0 1733.2 1737.6 1759.2 1754.4 1718.4 1704.6 1706.7 1735.4 1722.3 1743.5 1712.1 1690.4 1625.9 1458.1 1401.2 1029.0 898.0 950.8 1177.1 1361.7 1501.0 1627.9 1584.0 1669.0 1606.8 1718.4 1737.6 1749.9 1707.2 1684.9 1682.3 1657.1 1648.1 1660.9 1673.3 1639.9
-999.0 -999.0 -999.0 -999.0 -999.0 -999.0 -999.0 -999.0 -999.0 -999.0 -999.0 -999.0 -999.0 -999.0 -999.0 1661.1 1663.0 1631.1 1583.3 -999.0 -999.0 -999.0 -999.0 -999.0 -999.0 -999.0 -999.0 -999.0 -999.0 -999.0 -999.0 -999.0 -999.0 -999.0 1759.3 1811.4 1756.0 1785.3 1725.9 1727.1 1758.0 1750.9 1741.4 1762.1 1762.3 1761.5 1724.3 1657.8 1538.2 1260.0 1073.9 1066.9 1283.6 1136.1 1300.8 1635.2 1614.3 1708.8 1504.7 1541.2 1680.8 1691.9 1695.1 1673.5 1668.0 1677.3 1665.4 1635.1 1645.0 1680.2 1664.4
-999.0 -999.0 -999.0 -999.0 -999.0 -999.0 -999.0 -999.0 -999.0 -999.0 -999.0 -999.0 -999.0 -999.0 -999.0 1618.3 1585.9 1621.6 1682.3 -999.0 -999.0 -999.0 -999.0 -999.0 -999.0 -999.0 -999.0 -999.0 -999.0 -999.0 -999.0 -999.0 -999.0 1874.3 1731.7 1788.7 1768.6 1695.4 1779.8 1732.4 1779.0 1763.4 1748.7 1765.5 1748.7 1728.0 1731.6 1678.5 1585.3 1468.8 1084.5 1035.6 1302.7 1266.8 1402.7 1511.6 1757.8 1738.3 1587.8 1556.3 1642.7 1716.6 1730.9 1706.9 1667.1 1681.6 1673.1 1657.2 1621.7 1667.1 1648.7
-999.0 -999.0 -999.0 -999.0 -999.0 -999.0 -999.0 -999.0 -999.0 -999.0 -999.0 -999.0 -999.0 1584.9 1736.9 1720.7 1600.9 1639.4 1644.1 1781.4 1801.3 1787.9 -999.0 -999.0 1696.3 1782.1 -999.0 -999.0 -999.0 1805.7 1713.1 1705.3 -999.0 1887.6 1683.6 1753.0 1796.5 1791.8 1787.8 1694.8 1695.0 1669.4 1709.2 1685.4 1750.4 1670.7 1672.2 1644.7 1310.3 1570.1 1458.0 1208.3 1516.3 1441.1 1179.4 1656.6 1543.8 1681.3 1603.4 1586.8 1645.4 1690.6 1731.1 1748.2 1718.0 1719.9 1679.6 1681.5 1623.6 1675.1 1665.2
-999.0 -999.0 -999.0 -999.0 -999.0 -999.0 -999.0 -999.0 -999.0 -999.0 -999.0 -999.0 -999.0 -999.0 1726.2 1726.3 1698.5 1715.0 1743.9 1748.6 1650.8 1846.4 -999.0 1852.0 1723.7 1551.8 1661.0 1578.4 1797.5 1807.5 1447.6 1473.9 1590.2 -999.0 1776.6 1691.5 1726.5 1782.3 1771.6 1666.1 1742.4 1800.9 1791.6 1733.1 1692.0 1660.6 1564.1 1559.3 1280.7 1232.6 1292.9 1273.2 1311.1 1206.9 1267.8 1472.7 1654.5 1691.0 1525.4 1522.1 1634.9 1620.7 1707.7 1696.2 1695.4 1716.0 1681.1 1693.4 1637.1 1675.7 1675.9
-999.0 -999.0 -999.0 -999.0 -999.0 -999.0 -999.0 -999.0 -999.0 -999.0 -999.0 -999.0 -999.0 -999.0 -999.0 1738.5 1712.1 1703.8 1815.2 1868.6 1901.7 1876.8 1423.3 904.7 1669.5 1354.0 1337.7 1423.5 1567.3 1732.7 1712.3 1532.4 1393.9 1588.9 1789.8 1796.1 1724.6 1746.9 1711.7 1561.4 1657.5 1794.1 1823.5 1748.1 1687.1 1646.7 1553.8 1497.0 1142.0 1067.3 1237.7 1264.1 1390.9 1434.1 1385.4 1454.7 1639.0 1657.2 1545.0 1571.6 1593.2 1564.7 1663.5 1626.9 1694.0 1697.0 1693.1 1672.4 1571.9 1689.7 1691.8
-999.0 -999.0 -999.0 -999.0 -999.0 -999.0 -999.0 -999.0 -999.0 -999.0 -999.0 -999.0 -999.0 -999.0 -999.0 -999.0 1670.9 1794.7 1853.0 1908.0 1796.5 1532.4 664.9 1126.2 1806.7 1276.5 1534.5 1279.1 1342.7 1594.5 1729.2 1256.8 1458.5 1455.0 1644.3 1807.4 1750.6 1713.9 1740.2 1642.1 1629.9 1708.7 1742.4 1739.1 1670.2 1629.9 1574.7 1377.6 1280.1 1012.2 1197.2 1196.2 1241.8 1526.9 1414.3 1349.3 1509.8 1557.4 1533.5 1575.5 1552.0 1560.6 1639.2 1609.5 1690.9 1708.9 1684.6 1698.0 1683.8 1685.2 1700.8
-999.0 -999.0 -999.0 -999.0 -999.0 -999.0 -999.0 -999.0 -999.0 -999.0 -999.0 -999.0 -999.0 -999.0 -999.0 -999.0 -999.0 1806.0 1834.7 1675.5 1487.7 738.2 653.1 1102.7 1394.6 1399.6 1284.5 1177.9 1199.4 1216.6 1487.2 1593.7 1166.6 1409.8 1595.9 1642.3 1732.8 1739.3 1712.6 1689.4 1659.2 1702.4 1736.2 1698.6 1643.8 1606.0 1540.0 1385.1 1215.0 1125.9 1279.0 1307.4 1216.9 1367.8 1618.3 1384.6 1569.0 1531.9 1503.9 1573.1 1580.0 1600.0 1607.7 1608.8 1690.0 1717.1 1703.0 1734.9 1649.0 1688.5 1706.1
-999.0 -999.0 -999.0 -999.0 -999.0 -999.0 -999.0 -999.0 -999.0 -999.0 -999.0 -999.0 -999.0 -999.0 -999.0 -999.0 -999.0 1805.2 1714.7 1341.7 1184.3 1032.8 844.5 1359.1 1588.0 1362.2 1126.8 1088.4 1067.4 1229.9 1439.3 1615.0 1135.9 1259.5 1545.1 1624.6 1759.9 1750.5 1700.7 1617.9 1646.6 1677.2 1688.0 1689.1 1649.8 1587.8 1415.4 1337.0 1425.2 1099.1 1264.7 1247.4 1181.6 1236.5 1433.2 1542.4 1573.6 1632.0 1522.8 1490.6 1583.6 1608.2 1664.1 1663.9 1716.1 1710.2 1719.6 1739.4 1720.0 1677.3 1699.9
-999.0 -999.0 -999.0 -999.0 -999.0 -999.0 -999.0 -999.0 -999.0 -999.0 -999.0 -999.0 -999.0 -999.0 -999.0 -999.0 -999.0 1805.7 1638.4 1404.1 1396.6 991.1 1168.2 1447.6 1351.0 1472.1 1302.5 1076.8 1214.2 1053.5 1223.2 1488.3 1196.6 1198.8 1345.9 1661.2 1723.3 1757.9 1665.3 1567.3 1596.5 1662.6 1679.8 1674.2 1623.9 1491.1 1435.0 1477.4 1445.7 1249.5 1279.5 1302.9 1332.1 1423.7 1450.2 1412.9 1650.3 1567.2 1563.1 1610.0 1588.5 1641.3 1606.8 1716.0 1726.6 1716.6 1726.9 1732.0 1615.9 1692.1 1713.6
-999.0 -999.0 -999.0 -999.0 -999.0 -999.0 -999.0 -999.0 -999.0 -999.0 -999.0 -999.0 -999.0 -999.0 -999.0 -999.0 1784.4 1011.6 1522.4 1366.7 1190.6 1528.3 772.4 966.5 1060.3 1191.0 1006.6 1214.3 1168.0 1248.2 1354.6 1246.8 1044.2 1236.0 1356.8 1660.2 1745.2 1771.0 1616.7 1600.0 1634.0 1650.6 1680.8 1642.9 1528.3 1543.0 1546.9 1418.1 1312.0 1491.5 1184.5 1249.6 1480.1 1454.8 1525.1 1592.7 1601.7 1641.9 1655.3 1707.2 1617.1 1669.5 1726.5 1639.3 1730.2 1720.6 1706.1 1703.0 1612.1 1693.5 1718.5
-999.0 -999.0 -999.0 -999.0 -999.0 -999.0 -999.0 -999.0 -999.0 -999.0 -999.0 -999.0 -999.0 -999.0 1789.2 1753.1 1397.5 1483.2 1648.3 1601.2 1399.9 1630.1 1397.9 1254.4 1004.8 1037.0 936.8 1055.2 1018.3 1383.3 1216.2 1274.5 1531.8 1532.5 1625.4 1610.9 1690.3 1721.0 1615.0 1600.3 1599.6 1641.0 1616.5 1494.9 1557.8 1519.5 1574.4 1430.9 1364.8 1391.8 1453.9 1527.6 1432.9 1503.9 1558.5 1575.6 1596.6 1616.4 1710.5 1710.1 1717.8 1764.8 1754.3 1725.8 1718.3 1691.3 1709.3 1694.1 1613.3 1681.7 1721.1
-999.0 -999.0 -999.0 -999.0 -999.0 -999.0 -999.0 -999.0 -999.0 -999.0 -999.0 -999.0 -999.0 1755.4 1719.3 1715.0 1702.6 1744.0 1789.7 1768.3 1793.5 1745.7 1463.7 1300.6 1164.9 706.0 1163.9 1260.7 1231.4 1458.3 1043.6 1033.3 1164.4 1453.1 1598.0 1591.8 1616.8 1640.4 1603.6 1554.4 1592.5 1595.4 1575.4 1506.3 1467.7 1564.0 1553.3 1426.1 1437.0 1464.9 1483.2 1492.0 1501.5 1615.0 1595.9 1657.4 1736.4 1660.1 1706.2 1769.2 1811.2 1792.0 1718.1 1728.4 1712.8 1688.3 1674.8 1671.3 1567.4 1629.5 1693.3
-999.0 -999.0 -999.0 -999.0 -999.0 -999.0 -999.0 -999.0 -999.0 -999.0 -999.0 -999.0 1729.6 1577.8 1637.0 1683.0 -999.0 -999.0 -999.0 -999.0 1773.4 1199.8 1208.0 1213.1 1084.7 1188.3 1261.1 986.9 1042.4 1218.3 686.6 896.9 1158.3 1193.8 1456.1 1658.5 1620.7 1599.9 1619.9 1602.1 1608.2 1614.2 1558.2 1589.4 1463.2 1532.9 1532.3 1511.8 1495.9 1496.4 1520.9 1609.6 1623.1 1650.0 1677.6 1711.1 1758.7 1766.2 1751.9 1765.6 1767.9 1748.1 1726.8 1717.0 1659.4 1619.9 1614.7 1630.5 1580.8 1614.2 1635.6
-999.0 -999.0 -999.0 -999.0 -999.0 -999.0 -999.0 -999.0 -999.0 -999.0 -999.0 -999.0 1653.9 1419.2 1740.7 1783.8 -999.0 -999.0 -999.0 -999.0 1800.1 1379.7 1099.1 1443.6 1076.0 1090.2 1117.8 912.4 851.7 1111.1 872.0 1369.2 1340.0 1421.3 1532.1 1664.5 1657.8 1611.9 1605.5 1568.5 1526.6 1615.8 1556.9 1572.8 1555.5 1491.8 1568.1 1555.2 1616.5 1560.3 1508.4 1506.6 1530.3 1659.8 1711.9 1729.9 1736.0 1686.8 1703.9 1690.4 1684.6 1681.8 1605.1 1647.1 1512.4 1523.5 1525.5 1605.7 1586.7 1614.2 1633.2
-999.0 -999.0 -999.0 -999.0 -999.0 -999.0 -999.0 -999.0 -999.0 -999.0 -999.0 -999.0 -999.0 -999.0 -999.0 -999.0 -999.0 -999.0 -999.0 -999.0 1781.0 1283.0 1281.0 1453.2 1236.3 1370.5 914.1 982.6 1318.7 1110.1 1163.5 1315.2 1321.5 1535.1 1628.3 1702.4 1600.5 1608.1 1586.9 1575.5 1602.3 1628.8 1623.9 1619.7 1599.3 1556.9 1610.6 1638.8 1628.9 1598.2 1628.5 1588.1 1571.2 1710.8 1608.7 1541.3 1633.4 1632.5 1645.4 1698.8 1645.8 1572.1 1480.2 1511.0 1568.2 1555.9 1527.2 1586.6 1573.6 1612.9 1616.9
-999.0 -999.0 -999.0 -999.0 -999.0 -999.0 -999.0 -999.0 -999.0 -999.0 -999.0 -999.0 -999.0 -999.0 -999.0 -999.0 -999.0 -999.0 -999.0 -999.0 -999.0 1268.1 1803.9 1681.5 1354.5 1004.3 1119.1 1016.9 1038.3 1365.2 1314.7 1274.4 1580.2 1628.6 1706.3 1700.0 1666.5 1617.1 1629.3 1631.2 1643.5 1665.8 1664.1 1631.6 1641.6 1592.7 1611.9 1668.0 1514.9 1581.7 1686.4 1693.4 1679.2 1665.8 1668.5 1567.4 1546.1 1603.9 1528.9 1658.3 1673.3 1578.4 1583.3 1565.2 1576.4 1615.4 1560.9 1593.0 1612.4 1653.1 1619.9
-999.0 -999.0 -999.0 -999.0 -999.0 -999.0 -999.0 -999.0 -999.0 -999.0 -999.0 -999.0 -999.0 -999.0 -999.0 -999.0 -999.0 -999.0 -999.0 -999.0 -999.0 1565.0 1128.1 1073.8 1229.3 1271.3 1347.6 1180.2 1345.6 1341.5 1512.8 1660.3 1485.1 1666.9 1704.4 1539.1 1569.3 1601.6 1648.6 1706.5 1702.9 1640.8 1659.2 1564.9 1578.7 1600.4 1633.7 1695.1 1539.1 1504.8 1628.8 1693.4 1710.3 1684.0 1663.6 1630.5 1583.4 1542.3 1405.9 1531.6 1682.6 1653.7 1581.9 1507.4 1467.5 1511.4 1604.3 1596.6 1630.3 1662.0 1689.2
-999.0 -999.0 -999.0 -999.0 -999.0 -999.0 -999.0 -999.0 -999.0 -999.0 -999.0 -999.0 -999.0 -999.0 -999.0 -999.0 -999.0 -999.0 -999.0 -999.0 1608.2 1463.5 1590.2 962.3 1345.4 1437.0 1232.0 1268.0 1394.2 1199.3 1550.4 1682.4 1455.9 1730.2 1232.4 1455.3 1589.1 1600.2 1537.6 1659.4 1678.5 1459.1 1502.2 1562.8 1659.7 1625.7 1648.7 1685.0 1643.4 1636.4 1674.5 1706.6 1697.0 1692.7 1672.7 1614.8 1619.7 1530.5 1559.9 1624.1 1664.5 1631.1 1555.6 1480.8 1445.2 1490.6 1610.7 1621.8 1654.7 1686.5 1716.8
-999.0 -999.0 -999.0 -999.0 -999.0 -999.0 -999.0 -999.0 -999.0 -999.0 -999.0 -999.0 -999.0 -999.0 -999.0 -999.0 -999.0 -999.0 -999.0 -999.0 1801.6 1584.7 1046.7 1444.1 1751.2 1545.2 1471.2 1300.3 1153.8 1212.3 1522.5 1637.7 1594.4 1681.1 1573.2 1529.6 1467.8 1442.2 1615.1 1602.1 1612.7 1606.4 1570.1 1661.4 1668.1 1623.9 1654.2 1637.9 1646.9 1722.5 1718.8 1707.2 1698.3 1691.8 1690.2 1663.3 1650.3 1584.3 1571.2 1627.2 1653.4 1598.9 1493.6 1416.4 1495.3 1486.1 1524.8 1598.3 1683.1 1641.7 1725.2
-999.0 -999.0 -999.0 -999.0 -999.0 -999.0 -999.0 -999.0 -999.0 -999.0 -999.0 -999.0 -999.0 -999.0 -999.0 -999.0 -999.0 -999.0 -999.0 -999.0 1833.1 1433.4 1816.6 1545.5 1578.8 1481.7 1441.4 1054.0 1223.0 1145.3 1408.5 1537.7 1677.6 1684.5 1585.8 1369.6 1275.5 1168.9 1537.0 1413.5 1529.8 1542.6 1577.1 1706.5 1668.4 1648.4 1668.0 1657.5 1721.9 1748.5 1657.2 1667.0 1702.1 1685.3 1591.6 1696.6 1665.8 1632.6 1638.2 1673.4 1655.8 1577.5 1531.5 1514.6 1531.8 1532.9 1604.4 1645.4 1638.3 1652.4 1736.5
-999.0 -999.0 -999.0 -999.0 -999.0 -999.0 -999.0 -999.0 -999.0 -999.0 -999.0 -999.0 -999.0 -999.0 -999.0 -999.0 -999.0 -999.0 -999.0 -999.0 -999.0 1776.9 1466.4 1218.0 1050.6 993.8 1205.8 1202.8 1363.2 1601.3 1604.7 1657.5 1596.0 1584.2 1635.1 1500.9 1487.3 1234.9 1407.3 1502.3 1537.2 1453.1 1500.6 1682.1 1597.8 1684.7 1720.6 1577.7 1734.8 1745.9 1747.7 1702.4 1717.0 1699.4 1573.4 1630.9 1691.5 1641.1 1656.6 1668.2 1625.5 1554.6 1582.5 1598.3 1634.2 1563.0 1621.3 1583.7 1618.9 1710.8 1743.0
