GDD/GrowingDegreeDays_2004_Actual.txt
ncols         180
nrows         290
xllcorner     -200000
yllcorner     -200000
cellsize      5000
NODATA_value    -999
[rows 128 to 159 of 290, columns 71 to 141 of 180]
-999.0 1441.2 1848.9 1870.4 -999.0 -999.0 -999.0 -999.0 -999.0 -999.0 -999.0 -999.0 -999.0 1712.0 1585.3 1804.6 1537.0 1302.2 1408.2 1127.5 923.6 1054.6 919.7 1103.4 1299.6 1417.3 1373.0 1103.7 1169.1 1231.4 1494.2 1219.7 853.0 1125.3 969.8 1217.3 1241.5 1481.4 1452.5 1308.2 1372.5 1345.1 1215.7 1058.8 949.0 1021.6 1204.3 1339.4 1377.1 1516.9 1369.6 1363.6 1535.1 1653.3 -999.0 -999.0 -999.0 -999.0 -999.0 -999.0 -999.0 -999.0 -999.0 -999.0 -999.0 -999.0 -999.0 -999.0 -999.0 -999.0 -999.0
-999.0 -999.0 -999.0 -999.0 -999.0 -999.0 -999.0 -999.0 -999.0 -999.0 -999.0 -999.0 -999.0 1769.6 1867.2 1431.5 1516.9 1260.4 1390.9 1063.8 1048.0 841.0 932.0 980.3 1136.3 1208.6 1449.1 782.0 864.8 1247.1 1540.2 1201.8 954.8 1201.1 1168.4 1025.0 1316.5 1146.1 1071.8 1239.8 1070.8 1059.1 846.9 1227.9 1246.2 1186.1 1175.6 1186.5 1425.7 1624.2 1537.3 1582.3 1650.0 1714.8 1740.3 -999.0 -999.0 -999.0 -999.0 -999.0 -999.0 -999.0 -999.0 -999.0 -999.0 -999.0 -999.0 -999.0 -999.0 -999.0 -999.0
-999.0 -999.0 -999.0 -999.0 -999.0 -999.0 -999.0 -999.0 -999.0 -999.0 -999.0 -999.0 1960.5 1528.1 1373.9 1380.6 1257.3 1235.6 1322.9 1390.0 1002.1 1022.8 931.2 1013.3 1052.7 1337.4 1610.1 1280.6 1165.0 1207.3 1478.5 1480.4 1249.8 1220.5 1229.5 1178.6 928.7 1287.9 1332.1 1285.8 1299.2 844.5 1063.0 941.6 1066.1 1332.8 1273.5 1232.2 1217.2 1205.3 1568.5 1677.5 1701.3 1705.4 1761.7 -999.0 -999.0 -999.0 -999.0 -999.0 -999.0 -999.0 -999.0 -999.0 -999.0 -999.0 -999.0 -999.0 -999.0 -999.0 -999.0
-999.0 -999.0 -999.0 -999.0 -999.0 -999.0 -999.0 -999.0 -999.0 -999.0 -999.0 -999.0 1629.1 1510.9 1469.7 1036.3 1093.5 1275.6 1321.6 1010.5 1368.0 1247.7 1057.7 1200.4 1192.1 1502.1 1662.8 1456.1 1360.7 1145.5 1553.8 1507.2 1463.4 1353.9 1471.5 1074.0 1461.6 1110.0 1248.0 1446.7 870.6 1302.7 1180.8 1120.2 1229.1 1160.2 1393.1 1389.2 1177.5 1250.8 1481.6 1499.4 1578.1 1678.4 1725.4 -999.0 -999.0 -999.0 -999.0 -999.0 -999.0 -999.0 -999.0 -999.0 -999.0 -999.0 -999.0 -999.0 -999.0 -999.0 -999.0
-999.0 -999.0 -999.0 -999.0 -999.0 -999.0 -999.0 -999.0 -999.0 -999.0 -999.0 1648.6 1669.3 1607.1 1247.1 1328.0 1282.5 732.2 1104.5 1127.8 1389.6 1266.7 1229.5 1349.8 1198.9 1269.6 1487.4 1362.0 1428.7 1625.4 1684.7 1574.3 1361.8 1356.2 1124.1 1329.7 1508.9 1112.2 1386.3 1331.0 912.3 1258.9 1386.8 1468.3 1311.9 1189.0 1260.0 1236.1 1227.4 1394.3 1471.0 1556.1 1661.2 1682.1 1718.9 -999.0 -999.0 -999.0 -999.0 -999.0 -999.0 -999.0 -999.0 -999.0 -999.0 -999.0 -999.0 -999.0 -999.0 -999.0 -999.0
-999.0 -999.0 -999.0 -999.0 -999.0 -999.0 -999.0 -999.0 -999.0 -999.0 1865.7 1675.0 1465.0 1632.8 1482.9 1357.4 1419.1 1168.6 1291.7 820.0 1476.4 1538.3 1398.8 1325.1 1302.5 1289.7 1493.0 1659.4 1756.7 1489.3 1690.3 1694.0 1469.2 1416.5 1432.8 1445.1 1583.9 1354.6 1553.3 1363.1 994.7 1106.8 1113.5 1231.8 1298.7 1395.0 1431.7 1238.3 1328.6 1405.7 1455.0 1539.5 1597.0 1717.8 1748.7 1774.9 -999.0 -999.0 -999.0 -999.0 -999.0 -999.0 -999.0 -999.0 -999.0 -999.0 -999.0 -999.0 -999.0 -999.0 -999.0
-999.0 -999.0 -999.0 -999.0 -999.0 -999.0 -999.0 -999.0 -999.0 -999.0 1526.2 1147.6 1395.9 1449.2 1497.4 1514.0 1616.0 838.9 1099.3 1294.0 1337.3 1591.8 1548.9 1417.1 1466.0 1121.3 1603.5 1769.2 1781.8 1772.2 1467.8 1703.7 1463.7 1529.8 1489.4 1559.6 1562.1 1563.1 1358.1 1487.2 1251.6 1189.5 1260.8 1189.0 1352.6 1478.4 1522.2 1383.4 1446.7 1345.5 1451.9 1596.6 1727.2 1684.5 1710.5 1756.0 -999.0 -999.0 -999.0 -999.0 -999.0 -999.0 -999.0 -999.0 -999.0 -999.0 -999.0 -999.0 -999.0 -999.0 -999.0
-999.0 -999.0 -999.0 -999.0 -999.0 -999.0 -999.0 -999.0 1774.1 1694.0 1381.8 1396.3 1420.4 1356.6 1514.1 1502.8 1656.2 1185.8 1275.4 1257.6 1396.0 1445.9 1656.0 1445.4 1409.4 1518.3 1569.2 1635.1 1861.3 1819.5 1653.0 1674.7 1675.8 1640.7 1612.0 1682.4 1698.6 1561.5 1569.5 1556.5 1211.1 1304.6 1328.8 1323.3 1231.6 1410.6 1486.9 1656.3 1541.8 1482.8 1530.9 1609.0 1723.1 1718.5 1710.0 1718.0 -999.0 -999.0 -999.0 -999.0 -999.0 -999.0 -999.0 -999.0 -999.0 -999.0 -999.0 -999.0 -999.0 -999.0 -999.0
-999.0 -999.0 -999.0 -999.0 -999.0 -999.0 -999.0 -999.0 1679.9 1645.8 1728.9 1421.8 1480.0 1376.7 1564.9 1666.1 1711.5 1656.4 1504.0 1097.0 1374.7 1477.1 1668.6 1690.0 1627.5 1654.5 1677.8 1635.5 1795.2 1693.0 1796.1 1763.0 1768.5 1752.3 1769.9 1781.6 1807.2 1756.6 1611.8 1592.5 1610.0 1476.6 1418.2 1425.6 1450.2 1510.1 1789.0 1634.9 1371.4 1457.0 1600.4 1625.3 1694.2 1693.1 1776.1 1771.0 1846.1 -999.0 -999.0 -999.0 -999.0 -999.0 -999.0 -999.0 -999.0 -999.0 -999.0 -999.0 -999.0 -999.0 -999.0
-999.0 -999.0 -999.0 -999.0 -999.0 -999.0 -999.0 -999.0 1682.8 1649.0 1829.0 1523.7 1664.4 1565.8 1650.4 1725.1 1705.0 1777.2 1412.7 1399.3 1478.5 1340.9 1622.9 1677.5 1620.6 1722.7 1589.1 1274.4 1674.1 -999.0 -999.0 -999.0 1804.5 1783.3 -999.0 1846.8 1859.3 1803.6 1766.5 1728.1 1553.1 1368.8 1489.1 1506.1 1435.8 1566.4 1470.9 1465.3 1637.0 1728.2 1745.4 1741.0 1686.0 1910.4 1894.3 1860.6 1827.3 -999.0 -999.0 -999.0 -999.0 -999.0 -999.0 -999.0 -999.0 -999.0 -999.0 -999.0 -999.0 -999.0 -999.0
1901.4 -999.0 -999.0 -999.0 -999.0 -999.0 -999.0 -999.0 1876.0 1543.5 1763.1 1761.6 1701.6 1629.3 1641.8 1690.5 1778.2 1794.2 1741.7 1251.9 1490.2 1415.3 1657.8 1677.4 1486.2 1773.7 1714.8 1694.7 1724.6 -999.0 -999.0 -999.0 1808.1 1807.1 1789.2 1811.5 1872.5 1841.0 1813.9 1585.2 1292.3 1181.5 1393.0 1146.4 1436.5 1508.9 1281.8 1526.6 1467.3 1469.8 1531.7 1776.7 1684.6 1567.6 1764.1 1797.5 1844.4 -999.0 -999.0 -999.0 -999.0 -999.0 -999.0 -999.0 -999.0 -999.0 -999.0 -999.0 -999.0 -999.0 -999.0
1698.1 1746.3 -999.0 -999.0 -999.0 -999.0 -999.0 -999.0 -999.0 1723.3 1630.1 1788.5 -999.0 1704.9 1657.4 1700.1 1732.1 1819.2 -999.0 1727.0 1807.5 1646.7 1792.2 1687.1 1636.0 1803.3 1794.0 -999.0 -999.0 -999.0 -999.0 1780.6 1802.9 1805.2 1812.1 1767.7 1757.3 1792.6 1712.0 1593.8 1226.8 856.8 1402.9 1008.2 1323.8 1196.8 1123.4 1377.6 1270.2 1448.3 1620.1 1505.0 1516.4 1643.7 1837.6 1762.8 1709.2 1889.9 -999.0 -999.0 -999.0 -999.0 -999.0 -999.0 -999.0 -999.0 -999.0 -999.0 -999.0 -999.0 -999.0
1575.9 -999.0 -999.0 -999.0 -999.0 -999.0 -999.0 -999.0 -999.0 -999.0 1799.2 -999.0 -999.0 -999.0 1823.2 1696.1 1723.8 1759.3 1796.9 -999.0 -999.0 1753.4 1905.4 1666.4 1574.7 -999.0 -999.0 -999.0 -999.0 -999.0 1794.4 1715.5 1778.9 1770.4 1778.4 1698.6 1735.8 1643.8 1543.9 1640.2 1409.0 1084.0 887.3 1116.7 977.2 951.5 965.9 1212.4 1192.8 1187.6 1319.3 1541.8 1587.9 1581.1 1836.3 1778.1 1668.3 1725.3 -999.0 -999.0 -999.0 -999.0 -999.0 -999.0 -999.0 -999.0 -999.0 -999.0 -999.0 -999.0 -999.0
-999.0 -999.0 -999.0 -999.0 -999.0 -999.0 -999.0 -999.0 -999.0 -999.0 1956.1 1939.5 -999.0 -999.0 -999.0 1834.5 1658.6 1667.6 1728.2 -999.0 -999.0 -999.0 -999.0 1867.5 -999.0 -999.0 -999.0 -999.0 -999.0 -999.0 1819.1 1755.3 1749.1 1630.5 1516.1 1505.8 1612.5 1609.5 1657.7 1615.2 1516.4 1182.7 937.8 1199.0 813.8 912.2 883.9 1158.5 1154.7 1042.1 1290.4 1481.3 1589.4 1758.3 1857.1 1753.6 1648.9 1713.8 -999.0 -999.0 -999.0 -999.0 -999.0 -999.0 -999.0 -999.0 -999.0 -999.0 -999.0 -999.0 -999.0
1951.9 1956.5 1933.0 -999.0 -999.0 -999.0 -999.0 -999.0 -999.0 -999.0 -999.0 1768.1 -999.0 -999.0 -999.0 -999.0 1832.3 1693.0 1771.5 -999.0 -999.0 -999.0 -999.0 -999.0 -999.0 -999.0 -999.0 -999.0 -999.0 1809.1 1732.0 1593.2 1503.0 1468.0 1349.7 1375.8 1479.8 1514.9 1618.1 1544.5 1515.5 1328.7 769.8 731.4 801.5 900.7 1201.4 1340.5 1298.4 1427.6 1615.1 1429.4 1444.2 1745.1 1779.1 1687.9 1639.2 1721.1 1861.6 -999.0 -999.0 -999.0 -999.0 -999.0 -999.0 -999.0 -999.0 -999.0 -999.0 -999.0 -999.0
1662.8 1725.9 1839.7 1906.3 -999.0 -999.0 -999.0 -999.0 -999.0 -999.0 -999.0 1636.0 -999.0 -999.0 -999.0 -999.0 -999.0 -999.0 -999.0 -999.0 -999.0 -999.0 -999.0 -999.0 -999.0 -999.0 -999.0 -999.0 -999.0 1701.1 1640.2 1657.6 1633.4 1706.7 1088.1 1296.5 1427.8 1293.7 1576.0 1454.7 1694.7 1508.2 955.9 677.1 913.8 1116.7 810.9 756.9 920.9 1142.9 1292.5 1685.2 1611.5 1646.0 1571.6 1661.9 1717.0 1723.9 1840.5 1959.5 -999.0 -999.0 -999.0 -999.0 -999.0 -999.0 -999.0 -999.0 -999.0 -999.0 -999.0
1758.5 1826.2 1801.8 1861.2 -999.0 -999.0 -999.0 -999.0 -999.0 -999.0 -999.0 -999.0 -999.0 -999.0 -999.0 -999.0 -999.0 -999.0 -999.0 -999.0 -999.0 -999.0 -999.0 -999.0 -999.0 -999.0 -999.0 -999.0 1857.5 1722.1 1565.2 1687.2 1356.0 1838.3 743.1 802.8 1482.3 1419.0 1530.9 1642.1 1561.6 1648.7 1418.9 711.3 796.2 1013.0 1124.9 1219.3 1070.1 1162.7 1317.4 1505.7 1614.0 1652.0 1699.5 1737.5 1708.0 1812.8 1978.8 2020.6 -999.0 -999.0 -999.0 -999.0 -999.0 -999.0 -999.0 -999.0 -999.0 -999.0 -999.0
1847.5 1895.6 1897.8 1840.9 -999.0 -999.0 -999.0 -999.0 -999.0 -999.0 -999.0 -999.0 -999.0 -999.0 -999.0 -999.0 -999.0 -999.0 -999.0 -999.0 -999.0 -999.0 -999.0 -999.0 -999.0 -999.0 -999.0 -999.0 1850.0 1560.3 1635.7 1455.9 853.4 1442.9 1733.8 1222.4 1120.0 1328.7 1381.2 1492.3 1548.5 1627.7 1566.0 1404.5 734.4 948.8 1047.3 1238.6 1285.1 1333.0 1549.0 1579.0 1590.3 1537.6 1719.1 1656.0 1763.7 1818.6 1978.3 2073.6 2052.1 1985.4 1943.2 -999.0 -999.0 -999.0 -999.0 -999.0 -999.0 -999.0 -999.0
1792.7 1928.8 -999.0 1852.3 1897.2 -999.0 -999.0 -999.0 -999.0 -999.0 -999.0 -999.0 -999.0 -999.0 -999.0 -999.0 -999.0 -999.0 -999.0 -999.0 -999.0 -999.0 -999.0 -999.0 -999.0 -999.0 -999.0 -999.0 1800.4 1589.8 1501.9 1169.9 1560.5 1450.1 1317.9 1021.8 1281.6 1407.5 1038.3 1513.1 1320.2 1544.5 1629.2 1653.6 1318.5 1074.4 1100.3 1203.2 1289.9 1513.0 1530.7 1602.8 1677.9 1746.9 1743.9 1772.2 1760.5 1861.0 1955.6 2005.9 1686.3 1813.3 1704.1 1682.9 1789.8 -999.0 -999.0 -999.0 -999.0 -999.0 -999.0
1784.2 1848.8 1897.6 1844.7 -999.0 -999.0 -999.0 -999.0 -999.0 -999.0 -999.0 -999.0 -999.0 -999.0 -999.0 -999.0 -999.0 -999.0 -999.0 -999.0 -999.0 -999.0 -999.0 -999.0 -999.0 -999.0 -999.0 -999.0 1797.8 1587.5 1385.3 910.5 779.0 1072.1 1414.3 1322.6 1207.7 981.8 1386.2 1025.6 1213.0 1395.2 1485.9 1535.1 1625.3 1499.7 1094.3 1160.1 1283.5 1391.5 1481.6 1540.2 1603.1 1699.8 1794.4 1786.1 1809.3 1887.9 1891.1 1870.6 1750.4 1451.2 1503.1 1537.1 1519.0 1621.4 1902.3 -999.0 -999.0 -999.0 -999.0
1866.1 1895.4 1872.1 1807.7 -999.0 -999.0 -999.0 -999.0 -999.0 -999.0 -999.0 -999.0 -999.0 -999.0 -999.0 -999.0 -999.0 -999.0 -999.0 -999.0 -999.0 -999.0 -999.0 -999.0 -999.0 -999.0 -999.0 -999.0 1853.1 1767.2 1386.0 1143.0 1527.6 553.8 766.6 1390.4 1171.2 1358.9 986.5 926.9 1233.3 1421.6 1402.7 1360.3 1534.2 854.0 975.4 1014.9 998.6 1018.3 1130.9 1461.4 1433.0 1673.6 1773.1 1794.4 1815.9 1850.5 1884.0 1898.7 1806.3 1534.0 1647.8 1700.4 1635.4 1575.7 1869.4 1677.0 -999.0 -999.0 -999.0
1914.5 1907.6 1780.5 1863.4 -999.0 -999.0 -999.0 -999.0 -999.0 -999.0 -999.0 -999.0 -999.0 -999.0 -999.0 -999.0 2071.3 2050.9 2071.2 -999.0 -999.0 -999.0 -999.0 -999.0 -999.0 -999.0 -999.0 -999.0 -999.0 1904.3 1791.4 1652.8 1392.6 1283.6 984.3 1580.6 1826.8 1259.5 1275.9 1312.4 1379.3 1225.9 1223.2 1337.3 1287.1 1046.0 1053.5 796.8 915.0 1140.7 1256.5 1260.2 1478.3 1679.5 1763.7 1805.0 1782.4 1838.4 1864.3 1403.3 1504.3 1188.4 1176.0 1306.1 1402.3 1671.3 1451.5 1578.7 1859.1 -999.0 -999.0
1971.3 1874.9 1893.8 -999.0 -999.0 -999.0 -999.0 -999.0 -999.0 -999.0 -999.0 -999.0 -999.0 -999.0 -999.0 -999.0 2073.0 2073.4 -999.0 -999.0 -999.0 -999.0 -999.0 -999.0 -999.0 -999.0 -999.0 -999.0 -999.0 -999.0 1839.6 1869.1 1405.9 1424.4 739.1 1449.9 1420.0 1503.0 1662.1 1648.3 1552.4 1551.1 802.0 1326.1 1226.9 824.7 1074.2 1393.3 1499.7 1110.9 1516.6 1316.3 1570.8 1741.6 1824.0 1817.7 1798.2 1727.0 1487.7 1380.5 1462.9 1488.3 1557.6 1464.7 1356.5 1404.2 1395.0 1616.3 1595.4 -999.0 -999.0
1844.0 1829.0 -999.0 -999.0 -999.0 -999.0 -999.0 -999.0 -999.0 -999.0 -999.0 -999.0 -999.0 -999.0 -999.0 2024.1 1661.3 1773.9 2054.2 -999.0 -999.0 -999.0 -999.0 -999.0 -999.0 -999.0 -999.0 -999.0 -999.0 -999.0 1837.8 1549.7 1412.0 1382.7 1566.4 1423.7 1625.8 1667.3 1708.3 1728.4 1496.7 1582.6 1633.3 833.1 1189.5 1262.4 999.1 1250.2 1038.6 1324.5 1316.8 1534.3 1654.4 1757.2 1782.5 1839.9 1815.8 1653.9 1528.9 1604.9 1531.7 1459.3 1509.1 1456.3 1479.5 1465.5 1468.9 1732.0 1600.3 1860.1 -999.0
-999.0 -999.0 -999.0 -999.0 -999.0 -999.0 -999.0 -999.0 -999.0 -999.0 -999.0 -999.0 -999.0 -999.0 2078.1 1569.6 1443.9 1249.9 2075.6 -999.0 -999.0 -999.0 -999.0 -999.0 -999.0 -999.0 -999.0 -999.0 -999.0 -999.0 1849.0 1313.1 1482.0 1892.8 1671.7 1736.9 1658.9 1831.4 1835.5 1682.2 1515.6 1729.5 1049.8 1263.3 982.8 1243.5 878.7 1486.3 1359.7 1565.5 1390.3 1601.1 1638.3 1689.0 1833.9 1843.6 1832.4 1760.8 1477.6 1464.0 1539.4 1677.0 1646.9 1654.4 1638.4 1622.9 1485.4 1521.9 1671.4 1698.3 -999.0
-999.0 -999.0 -999.0 -999.0 -999.0 -999.0 -999.0 -999.0 -999.0 -999.0 -999.0 -999.0 -999.0 2042.8 1990.4 1248.0 1690.1 1879.1 -999.0 -999.0 -999.0 -999.0 -999.0 -999.0 -999.0 -999.0 -999.0 -999.0 -999.0 -999.0 -999.0 1849.5 1912.4 1953.5 1663.4 1886.8 1674.3 1861.8 1854.4 1790.0 1610.9 1742.8 1110.9 1068.5 922.6 965.2 905.0 996.0 1018.8 1165.3 1311.5 1367.2 1481.3 1747.8 1821.6 1825.0 1775.4 1749.8 1726.1 1371.2 1547.8 1826.1 1850.8 1795.5 1822.5 1817.0 1817.9 1805.2 1879.7 1871.3 1810.9
-999.0 -999.0 -999.0 -999.0 -999.0 -999.0 -999.0 -999.0 -999.0 -999.0 -999.0 -999.0 -999.0 1739.7 1498.7 1980.9 2117.2 2165.0 -999.0 -999.0 -999.0 -999.0 -999.0 -999.0 -999.0 -999.0 -999.0 -999.0 -999.0 -999.0 -999.0 -999.0 1957.6 1839.5 1893.3 1925.8 1792.1 1874.4 1858.0 1812.7 1612.4 1753.6 1142.8 1197.8 1243.5 1009.6 1100.9 1205.0 885.0 925.6 1300.8 1238.9 1434.3 1541.6 1771.3 1812.2 1775.4 1776.3 1796.7 1784.9 1807.5 1895.1 1866.5 1820.3 1787.1 1808.8 1833.9 1847.0 1863.6 1596.2 1624.4
-999.0 -999.0 -999.0 -999.0 -999.0 -999.0 -999.0 -999.0 -999.0 -999.0 -999.0 -999.0 -999.0 1714.6 1828.8 1861.3 2150.2 -999.0 -999.0 -999.0 -999.0 -999.0 -999.0 -999.0 -999.0 -999.0 -999.0 -999.0 -999.0 -999.0 -999.0 -999.0 1946.5 1836.5 1868.5 -999.0 1897.2 -999.0 1928.9 1892.6 1813.0 1826.3 1740.5 1177.6 1244.0 1233.8 928.7 1525.8 1455.2 974.2 1164.5 1305.2 1414.9 1593.8 1751.6 1822.9 1845.4 1868.4 1856.4 1861.5 1810.9 1717.1 1817.7 1719.8 1767.7 1825.3 1741.9 1642.7 1721.1 1800.4 1817.6
-999.0 -999.0 -999.0 -999.0 -999.0 -999.0 -999.0 -999.0 -999.0 -999.0 -999.0 -999.0 1973.2 2008.4 2002.3 -999.0 -999.0 -999.0 -999.0 -999.0 -999.0 -999.0 -999.0 -999.0 -999.0 -999.0 -999.0 -999.0 -999.0 -999.0 -999.0 -999.0 1941.6 1939.8 1965.6 -999.0 -999.0 -999.0 1957.4 1710.4 1894.8 1751.7 1596.7 1660.7 1629.6 1505.2 1159.8 1147.4 1580.2 1190.6 1084.8 1389.5 1351.7 1514.3 1656.6 1875.3 1881.4 1904.5 1913.9 1905.7 1880.0 1843.3 1833.3 1760.7 1839.6 1760.1 1651.9 1603.7 1618.9 1665.4 1763.5
-999.0 -999.0 -999.0 -999.0 -999.0 -999.0 -999.0 -999.0 -999.0 -999.0 -999.0 -999.0 -999.0 -999.0 -999.0 -999.0 -999.0 -999.0 -999.0 -999.0 -999.0 -999.0 -999.0 -999.0 -999.0 -999.0 -999.0 -999.0 -999.0 -999.0 -999.0 -999.0 -999.0 -999.0 -999.0 -999.0 -999.0 1970.6 1931.2 1757.8 1495.0 1397.1 1382.7 1376.1 1514.4 1517.0 1272.0 1301.5 1440.6 1623.1 1360.1 1281.1 1478.6 1584.8 1688.5 1790.0 1862.6 1870.0 1929.7 1945.6 1945.3 1939.6 1907.6 1902.5 1779.9 1502.0 1658.3 1630.6 1759.3 1781.0 1885.9
-999.0 -999.0 -999.0 -999.0 -999.0 -999.0 -999.0 -999.0 -999.0 -999.0 -999.0 -999.0 -999.0 -999.0 -999.0 -999.0 -999.0 -999.0 -999.0 -999.0 -999.0 -999.0 -999.0 -999.0 -999.0 -999.0 -999.0 -999.0 -999.0 -999.0 -999.0 -999.0 -999.0 -999.0 -999.0 -999.0 -999.0 1916.4 1817.5 1540.9 1251.9 1049.6 1214.7 1540.5 1439.3 1713.8 1619.4 1671.9 1498.3 1416.9 1386.0 1403.5 1478.8 1613.9 1675.4 1732.8 1862.0 1878.0 1946.1 1974.5 2002.0 1987.4 1944.1 1919.0 1840.5 1465.7 1562.0 1768.2 1845.7 1894.8 1919.2
-999.0 -999.0 -999.0 -999.0 -999.0 -999.0 -999.0 -999.0 -999.0 -999.0 -999.0 -999.0 -999.0 -999.0 -999.0 -999.0 -999.0 -999.0 -999.0 -999.0 -999.0 -999.0 -999.0 -999.0 -999.0 -999.0 -999.0 -999.0 -999.0 -999.0 -999.0 -999.0 -999.0 -999.0 -999.0 -999.0 -999.0 1919.1 1884.2 1742.6 1447.4 1333.5 1404.9 1537.2 1578.7 1654.8 1583.6 1683.9 1699.3 1634.8 1819.7 1423.5 1605.2 1532.0 1671.9 1724.1 1888.3 1933.3 1950.9 2000.1 2052.8 1997.0 1975.6 1930.6 1906.8 1710.5 1653.5 1772.5 1872.5 1906.4 1942.2
