GDD/GrowingDegreeDays_1995_Actual.txt
ncols         180
nrows         290
xllcorner     -200000
yllcorner     -200000
cellsize      5000
NODATA_value    -999
[rows 192 to 223 of 290, columns 71 to 141 of 180]
-999.0 -999.0 -999.0 -999.0 -999.0 -999.0 -999.0 -999.0 -999.0 -999.0 -999.0 -999.0 -999.0 -999.0 -999.0 -999.0 -999.0 -999.0 -999.0 -999.0 -999.0 1951.7 1613.4 1430.6 1322.9 1134.5 1265.2 1528.6 1743.5 1881.9 1738.6 1567.5 1465.0 1401.5 1681.2 1867.1 1824.9 1712.4 1718.8 1870.9 1634.8 1735.1 1762.3 1907.8 1859.9 1986.0 2058.8 2032.6 1944.8 1977.1 2044.0 2057.7 2049.7 2030.6 1945.6 1988.3 2018.5 1987.1 1927.3 1899.3 1881.1 1842.5 1906.8 1944.1 1858.2 1887.1 1915.1 1953.8 1950.3 2036.2 2031.7
-999.0 -999.0 -999.0 -999.0 -999.0 -999.0 -999.0 -999.0 -999.0 -999.0 -999.0 -999.0 -999.0 -999.0 -999.0 -999.0 -999.0 -999.0 -999.0 -999.0 2034.2 2011.1 1686.8 1422.3 1355.1 1426.2 1458.2 1591.6 1490.1 1158.6 1423.8 1449.3 1497.4 1743.3 1855.7 1773.9 1743.9 1857.1 1857.5 1790.9 1648.0 1680.1 1740.9 1907.5 1858.6 2034.5 2051.9 1953.4 2050.5 1942.1 1951.0 2004.1 1999.0 2019.1 1963.7 2036.8 2062.4 1997.3 1980.4 1985.6 1901.5 1921.7 1835.8 1902.2 1863.8 1950.8 1950.9 1962.6 2037.3 2063.7 2004.3
-999.0 -999.0 -999.0 -999.0 -999.0 -999.0 -999.0 -999.0 -999.0 -999.0 -999.0 -999.0 -999.0 -999.0 -999.0 -999.0 -999.0 -999.0 -999.0 -999.0 1776.6 1771.3 1734.9 1693.5 1549.3 1219.3 1258.0 1336.2 1449.0 1436.1 1359.7 1321.3 1344.5 1706.8 1597.3 1518.5 1865.0 1670.0 1953.3 1870.4 1683.5 1547.7 1846.2 1855.4 2020.0 2087.2 2058.5 2017.0 1781.6 1886.0 1901.0 1938.3 1956.9 1971.3 1958.1 2037.0 2038.3 2030.0 2015.3 2044.1 2013.1 1888.7 1844.2 1870.3 1845.8 1946.4 2017.0 2044.5 2088.1 2062.0 2016.3
-999.0 -999.0 -999.0 -999.0 -999.0 -999.0 -999.0 -999.0 -999.0 -999.0 -999.0 -999.0 -999.0 -999.0 -999.0 -999.0 -999.0 -999.0 -999.0 -999.0 1843.9 1787.8 1947.3 1777.8 1563.7 1208.2 1357.5 1323.9 1536.6 1412.2 1470.5 1613.3 1547.2 1530.1 1615.8 1765.4 1904.2 1878.8 1640.4 1933.0 1888.8 1848.5 1880.4 1815.9 1986.5 2132.2 2093.7 2004.3 1961.7 1975.5 1902.6 1925.2 1945.1 1942.6 2020.1 2039.2 1978.3 2006.2 1984.3 2055.2 1981.0 1867.7 1862.0 1956.1 1973.2 1928.2 2029.6 2028.8 2134.1 2060.2 2045.2
-999.0 -999.0 -999.0 -999.0 -999.0 -999.0 -999.0 -999.0 -999.0 -999.0 -999.0 -999.0 -999.0 -999.0 -999.0 -999.0 -999.0 -999.0 -999.0 1944.2 1751.3 1490.6 1606.3 1723.0 1454.0 1383.1 1261.8 1274.5 1722.9 1702.0 1737.8 1613.2 1504.2 1680.3 1693.5 1594.6 1783.6 1883.3 1912.4 1983.7 2007.9 1973.3 1921.3 1987.9 2059.3 2110.9 2134.0 2111.9 2044.1 2004.5 2047.9 1985.7 1996.1 1949.4 2019.2 2013.8 2007.6 2046.4 2055.3 2038.6 1922.5 1929.8 1935.5 2034.3 1997.8 1992.7 2024.0 2109.6 2070.2 2069.8 2060.8
-999.0 -999.0 -999.0 -999.0 -999.0 -999.0 -999.0 -999.0 -999.0 -999.0 -999.0 -999.0 -999.0 -999.0 -999.0 -999.0 -999.0 -999.0 1833.2 1768.0 1645.1 1733.5 1783.7 1469.1 1250.4 1237.7 1444.0 1377.8 1714.6 1605.8 1712.1 1754.7 1276.7 1657.3 1618.3 1859.2 1873.8 1986.8 1982.3 1945.3 1841.2 1953.2 1827.5 2035.3 2050.7 2206.6 2208.7 2145.6 2112.1 2110.9 2108.0 2036.8 1986.1 1979.0 2093.1 2038.3 2024.9 1998.8 1991.7 1976.3 1917.6 1978.6 1936.6 2032.7 2041.7 2103.9 2104.1 2014.4 2000.5 2065.8 2061.4
-999.0 -999.0 -999.0 -999.0 -999.0 -999.0 -999.0 -999.0 -999.0 -999.0 -999.0 -999.0 -999.0 -999.0 -999.0 -999.0 1816.1 1845.0 1876.5 1986.7 1939.4 1808.0 1725.9 1410.2 1312.0 1225.5 1192.4 1395.8 1572.8 1856.1 1644.6 1716.4 1411.7 1676.7 1813.0 1872.9 1987.8 1986.2 2041.3 1940.6 1798.5 1880.5 1911.9 2162.3 2184.9 2223.3 2208.3 2102.7 2104.3 2097.4 2137.9 2038.2 1981.6 2064.8 2089.0 2071.1 1952.9 1950.4 1888.8 1846.0 1892.4 1940.3 2005.1 2059.9 2020.5 1993.9 2027.3 2000.9 2089.3 2067.2 2067.1
-999.0 -999.0 -999.0 -999.0 -999.0 -999.0 -999.0 -999.0 -999.0 -999.0 -999.0 -999.0 2098.2 2106.7 2106.1 1710.2 1626.2 1556.2 1569.0 1793.1 1798.0 1810.8 1391.5 1498.7 1368.5 1370.0 1400.4 1666.0 1772.2 1907.0 1758.3 1807.4 1332.0 1506.6 1722.0 1943.5 1930.3 1981.0 1812.6 2032.6 1866.4 1867.1 1975.0 2130.3 2258.5 2278.9 2138.7 2142.3 2132.6 2040.0 2117.2 2058.3 2055.6 2062.5 2028.1 1970.5 2012.1 1921.7 1948.8 1910.8 1839.8 1859.9 1895.6 1951.1 1947.0 1969.7 2019.9 2064.0 2017.1 2125.1 2128.3
-999.0 -999.0 -999.0 -999.0 -999.0 -999.0 -999.0 -999.0 -999.0 -999.0 -999.0 1896.2 2015.8 1882.9 1890.4 1886.5 1671.1 1719.1 1672.6 1847.3 1929.4 1592.6 1508.4 1441.5 1815.6 1345.5 1535.3 1732.7 1385.9 1656.0 1939.3 1409.9 1606.4 1714.1 2072.8 2079.9 2029.2 1765.6 2031.2 2047.0 2012.3 2008.4 1952.5 2111.8 2193.1 2323.2 2212.0 2185.2 2152.1 2079.1 2093.1 2094.3 2092.9 2082.7 1988.7 1978.5 1813.3 1952.7 1975.8 1936.3 1872.1 1928.4 1940.4 2001.2 2023.8 1989.0 2026.7 1996.6 2068.9 2115.5 2099.7
-999.0 -999.0 -999.0 -999.0 -999.0 -999.0 -999.0 -999.0 -999.0 -999.0 1854.8 1861.8 2058.0 2035.9 1998.2 1876.4 1908.6 1818.2 1880.9 1854.0 1457.4 1658.5 1779.6 1440.9 1929.0 1594.9 1503.2 1270.2 1413.2 1434.0 1663.2 1706.7 1806.8 2066.2 1688.9 1740.9 2061.0 2029.4 2103.9 2141.9 2049.5 2083.8 2128.6 2092.6 2123.0 2318.3 2262.9 2227.0 2160.7 2163.8 2160.3 2133.3 1974.9 2128.9 2053.4 1950.5 1852.2 1887.5 1946.0 1913.5 1871.7 1895.5 1875.5 1948.9 2038.1 2055.4 2075.4 1998.2 2029.0 2080.4 1992.7
-999.0 -999.0 -999.0 -999.0 -999.0 -999.0 2084.1 1822.8 1963.3 1784.4 1965.4 1952.5 1884.7 1955.0 1974.6 1765.3 1832.9 1798.2 1838.9 1664.5 1643.6 1771.7 1699.1 1689.1 1780.3 1712.3 1390.9 1367.0 1560.1 1642.9 1530.7 1741.7 2012.5 1612.7 1548.1 1801.7 1798.8 2025.9 2046.7 2159.6 2125.8 1905.8 2128.4 1999.3 2205.5 2283.3 2260.2 2217.6 2009.2 2146.1 2104.7 1801.5 2087.8 2102.9 2035.3 1905.9 1754.6 1841.0 1891.0 1912.4 1956.5 1929.0 1940.8 1995.4 2050.6 2023.7 2057.7 2026.9 2002.4 1986.0 1947.1
-999.0 -999.0 -999.0 -999.0 -999.0 2042.0 1900.0 1924.4 1896.4 1658.0 1402.6 1523.9 1583.7 1832.0 1725.1 1578.7 1673.3 1717.7 1564.7 1758.3 1812.1 1602.6 1828.3 1963.4 1817.5 1722.5 1453.9 1509.0 1588.7 1682.5 1718.9 1806.9 1713.9 1093.7 1431.8 1766.6 1976.7 1933.9 2046.6 1929.6 2104.2 2046.4 2152.4 2186.4 2217.1 2224.9 2256.5 2259.5 2152.0 2091.2 1806.9 1802.8 1897.1 2006.4 2010.7 1723.0 1753.1 1785.4 1866.5 1966.0 1930.3 1948.4 1971.0 2041.1 1966.2 1993.2 2047.3 1914.5 1941.6 2021.6 1983.9
-999.0 -999.0 -999.0 2095.2 1976.0 1961.3 1876.3 1955.3 1882.2 1749.3 1725.3 1804.0 1914.4 1718.8 1827.1 1660.4 1933.4 1837.6 1631.8 1728.3 1903.8 1792.8 2027.5 1986.6 1632.7 1511.8 1573.7 1741.3 1608.5 1877.1 1948.8 1921.8 1537.4 1358.0 1374.5 1958.1 1892.3 1906.4 1916.3 2014.7 2169.4 2046.9 2115.0 2152.5 2228.0 2214.0 2304.3 2327.9 2169.9 2069.9 1815.6 1856.9 1917.9 2008.5 1922.1 1757.6 1770.9 1808.6 1909.3 1940.6 1970.6 1999.7 2016.9 2012.2 1980.8 1962.9 1993.9 2003.4 2004.6 2035.1 1956.6
-999.0 -999.0 -999.0 2115.6 -999.0 2113.1 2062.8 1918.5 1997.3 1904.5 1917.0 1857.5 1921.2 1892.4 1776.3 1926.9 1850.3 2019.6 2059.3 2064.8 2082.6 2066.2 1767.4 1810.5 1473.9 999.6 1582.7 1567.9 1590.8 1314.4 1364.3 2021.5 2050.5 1234.4 1609.0 1828.8 1791.8 1710.0 1936.5 2135.4 2218.4 2020.2 2007.6 2151.8 2247.0 2287.1 2291.2 2414.8 2245.9 1882.8 1801.9 1924.2 1977.0 1994.7 1999.3 1970.7 1871.8 1946.1 1994.6 2040.6 2068.9 2064.8 2033.7 1945.5 1990.8 2034.2 2016.6 2062.9 2045.8 1981.8 2007.0
-999.0 -999.0 -999.0 -999.0 -999.0 -999.0 1951.8 2051.4 2056.3 1959.4 2032.3 1983.2 1994.8 1953.9 2033.0 2057.0 1954.9 2018.6 1901.2 2039.7 1811.1 2037.5 1693.7 1485.9 1444.2 1299.9 1218.7 1410.3 1281.8 1194.8 1661.5 1551.2 1724.3 2147.3 1667.8 1728.8 2051.4 1994.5 2159.3 1974.6 2028.4 1809.4 1920.2 2168.1 2217.5 2279.6 2353.8 2231.1 1932.8 1983.5 1797.1 1933.7 1972.6 1916.3 2012.3 1887.8 2023.4 2027.2 2099.7 2133.8 2125.0 2073.2 2040.9 2040.8 2085.8 2099.2 2101.7 2048.6 1962.3 1914.3 1996.3
-999.0 -999.0 -999.0 -999.0 -999.0 2085.9 2052.5 2039.0 2062.6 2083.2 1920.3 1838.0 1758.5 1893.1 2007.3 2026.6 2057.4 1992.1 1752.0 2060.1 1913.5 2158.4 1928.5 1786.8 1819.5 1889.2 1604.8 1653.1 1435.3 1421.2 1302.7 1526.5 1539.6 1707.6 1379.2 1921.9 2052.3 2092.2 1967.1 2019.0 1829.8 1929.1 1931.4 2208.1 2211.1 2203.8 1897.8 1847.8 1871.4 1820.8 1975.7 1927.1 1919.5 1952.3 2016.3 2022.6 2042.8 2117.0 2192.0 2215.8 2179.5 2068.7 2039.7 2012.7 2068.0 2121.9 2105.6 2014.9 1859.6 2024.9 2002.4
-999.0 -999.0 -999.0 -999.0 2177.1 2150.5 2109.5 2088.8 2116.5 2122.5 2103.4 2000.7 2072.3 2067.4 2146.0 2086.6 2019.5 2034.8 2041.9 1813.5 2132.0 1742.2 1803.8 1731.6 1607.4 1721.0 1879.5 1846.9 1652.7 1725.8 1566.1 1632.9 1815.8 1502.0 1549.4 2074.3 1942.6 2163.8 2117.4 1952.2 1911.5 2038.5 2089.5 2186.6 2201.7 1970.2 2038.0 1889.6 1914.9 1978.6 1945.0 1971.9 2012.2 2003.8 2066.0 2102.7 2122.1 2177.8 2120.3 2288.8 2144.4 2139.6 2107.5 2108.9 2102.7 2093.3 2017.5 1899.1 1939.9 1986.9 2019.8
-999.0 -999.0 -999.0 -999.0 -999.0 -999.0 2224.3 2182.5 2177.1 2116.5 2065.2 1995.2 -999.0 -999.0 -999.0 -999.0 2073.6 2064.5 1965.9 2187.0 2283.1 2118.4 2056.2 2004.9 1957.6 2212.8 1392.3 1358.9 1767.6 1869.3 1859.1 1708.9 1667.8 1593.4 1901.6 2042.4 2077.0 2196.8 1849.1 2029.5 1933.9 2201.6 2187.5 2192.3 2194.1 1902.5 2067.1 1937.2 1971.8 2059.0 2038.0 2050.6 2066.6 2101.1 2121.0 2135.0 2133.8 2171.1 2120.1 2230.4 2144.4 2085.0 2105.5 2081.1 2052.9 1933.1 1974.0 1956.3 1947.7 1979.2 2134.3
-999.0 -999.0 -999.0 -999.0 -999.0 -999.0 2219.1 2117.7 2040.5 2195.5 2020.1 2110.0 -999.0 -999.0 -999.0 -999.0 -999.0 -999.0 -999.0 2330.6 2334.5 2261.0 2357.2 2215.9 2002.3 1699.7 1545.0 1353.2 1435.0 1621.8 1786.2 1782.3 1940.4 1770.4 1792.2 2129.2 2220.5 1887.9 1915.6 1913.4 2235.5 2250.6 2192.8 2210.9 2041.2 1944.6 1971.6 1978.8 2049.0 2087.8 2097.2 2105.9 2104.5 2101.4 2115.3 2054.5 2119.8 2157.3 2193.4 2195.2 2115.9 2074.2 2072.2 1953.6 1945.2 2031.1 1940.6 1974.8 2034.8 2079.0 2173.1
-999.0 -999.0 -999.0 -999.0 -999.0 -999.0 -999.0 -999.0 2194.2 -999.0 -999.0 -999.0 -999.0 -999.0 -999.0 -999.0 -999.0 2122.4 2159.9 2190.5 2139.0 2269.3 2360.3 2361.3 2181.2 1944.5 1651.4 1535.6 1607.7 1976.2 2014.3 1675.5 1855.2 1943.4 2139.0 2255.3 2330.1 2096.7 2126.5 2142.7 2257.1 2245.2 2163.7 2199.2 1891.4 1841.1 1962.4 1992.5 2070.3 2087.5 2095.3 2122.0 2068.9 2101.2 2075.7 2137.5 2152.6 2172.2 2173.6 2152.8 2034.4 1985.1 1943.4 1859.5 1992.6 1970.3 2153.2 2066.1 2116.6 2192.2 2196.3
-999.0 -999.0 -999.0 -999.0 -999.0 -999.0 -999.0 -999.0 -999.0 -999.0 -999.0 -999.0 -999.0 -999.0 -999.0 -999.0 -999.0 2116.4 2120.0 2297.1 2222.3 2210.4 -999.0 -999.0 2423.2 1910.8 2101.1 1923.0 1981.8 1980.7 1928.2 1834.9 2161.9 2222.5 2203.4 2272.0 2289.0 2279.6 2273.6 2265.7 2245.9 2121.7 2154.1 2093.7 1880.0 1964.8 2012.6 2064.8 2075.1 2034.1 2058.9 2105.2 2091.5 2121.4 2097.9 2048.7 2029.7 2083.6 2035.6 2117.5 2090.4 1997.5 1814.3 2016.7 2037.9 2114.7 2259.5 2138.1 2186.6 2258.9 2322.1
-999.0 -999.0 -999.0 -999.0 -999.0 -999.0 -999.0 -999.0 -999.0 -999.0 -999.0 -999.0 -999.0 -999.0 -999.0 -999.0 -999.0 -999.0 -999.0 -999.0 -999.0 -999.0 -999.0 -999.0 2384.0 2275.3 2022.3 2033.0 2186.5 2210.7 2199.9 2153.3 2249.4 2300.6 2268.4 2250.4 2261.7 2273.0 -999.0 2306.2 2261.2 2177.6 2174.1 2086.4 1914.0 1994.2 2006.7 2068.3 2145.2 2134.0 2042.7 2107.3 2083.3 1964.7 1934.4 1954.0 1888.9 1850.3 1968.0 2001.3 2018.4 2029.2 1964.5 2099.4 2119.3 2138.6 2214.8 2244.0 2278.5 2278.2 2314.1
-999.0 -999.0 -999.0 -999.0 -999.0 -999.0 -999.0 -999.0 -999.0 -999.0 -999.0 -999.0 -999.0 -999.0 -999.0 -999.0 -999.0 -999.0 -999.0 -999.0 -999.0 -999.0 -999.0 -999.0 -999.0 2301.0 2225.4 2175.5 2135.0 2122.9 2271.7 2311.6 2301.1 2349.9 -999.0 -999.0 -999.0 -999.0 2279.4 2320.6 2229.6 2212.0 2188.5 2093.0 1922.0 2002.5 1973.1 2032.6 2164.0 2059.3 2048.8 1923.7 1979.9 1813.5 1933.4 1927.3 1951.4 1925.4 1943.0 2025.4 1980.7 2187.9 2176.5 2160.3 2268.2 2232.7 2275.2 2298.8 2316.0 2393.9 2482.9
-999.0 -999.0 -999.0 -999.0 -999.0 -999.0 -999.0 -999.0 -999.0 -999.0 -999.0 -999.0 -999.0 -999.0 -999.0 -999.0 -999.0 -999.0 -999.0 -999.0 -999.0 -999.0 -999.0 -999.0 -999.0 -999.0 2286.6 2075.2 2120.7 2196.5 2163.6 2252.0 2320.9 -999.0 -999.0 -999.0 -999.0 2195.9 2108.1 2045.6 2295.2 2271.9 2236.6 2000.9 1919.9 1947.3 1962.3 2032.5 2054.4 2079.8 1926.4 1779.5 1840.0 1849.5 1949.1 1950.1 1971.4 2067.5 2031.4 2052.1 2123.6 2171.7 2221.7 2339.2 2272.7 2240.2 2248.6 2218.4 2211.0 2368.7 2427.6
-999.0 -999.0 -999.0 -999.0 -999.0 -999.0 -999.0 -999.0 -999.0 -999.0 -999.0 -999.0 -999.0 -999.0 -999.0 -999.0 -999.0 -999.0 -999.0 -999.0 -999.0 -999.0 -999.0 -999.0 -999.0 -999.0 -999.0 2253.7 2183.3 2240.9 2168.5 2285.5 2280.7 -999.0 -999.0 -999.0 2293.2 2291.4 2219.7 2042.1 2098.7 2153.4 2257.4 2094.5 2163.3 1990.9 1981.9 2077.8 1964.1 1888.5 1890.2 1902.9 1797.4 1895.5 1977.2 2023.5 2087.3 2099.0 2101.4 2091.7 2082.0 2158.3 2239.8 2229.1 2179.8 2170.2 2216.9 2213.6 2217.6 2278.9 2353.3
-999.0 -999.0 -999.0 -999.0 -999.0 -999.0 -999.0 -999.0 -999.0 -999.0 -999.0 -999.0 -999.0 -999.0 -999.0 -999.0 -999.0 -999.0 -999.0 -999.0 -999.0 -999.0 -999.0 -999.0 -999.0 -999.0 -999.0 -999.0 -999.0 -999.0 -999.0 -999.0 -999.0 -999.0 -999.0 2228.8 2316.3 2330.1 2274.4 2052.1 2207.2 2148.8 2071.1 2081.4 2101.4 2077.1 2172.7 2139.4 2089.7 1989.2 1996.7 1967.5 1940.5 1913.9 1951.0 1989.7 1879.1 2021.9 1992.7 2044.8 2046.5 2096.3 2188.4 2175.0 2159.4 2149.0 2125.3 2204.5 2242.0 2258.3 2277.3
-999.0 -999.0 -999.0 -999.0 -999.0 -999.0 -999.0 -999.0 -999.0 -999.0 -999.0 -999.0 -999.0 -999.0 -999.0 -999.0 -999.0 -999.0 -999.0 -999.0 -999.0 -999.0 -999.0 -999.0 -999.0 -999.0 -999.0 -999.0 -999.0 -999.0 -999.0 -999.0 -999.0 -999.0 -999.0 2369.2 2206.2 2222.5 1746.9 1874.5 2175.8 2115.7 2064.3 2047.8 2027.6 2163.5 2192.2 2156.2 2125.9 2010.3 2037.1 2076.5 1924.6 1899.6 1801.6 1938.1 1923.7 1817.6 1950.7 2004.6 2068.8 2149.9 2179.4 2192.9 2187.3 2167.8 2193.6 2156.7 2180.6 2242.3 2230.5
-999.0 -999.0 -999.0 -999.0 -999.0 -999.0 -999.0 -999.0 -999.0 -999.0 -999.0 -999.0 -999.0 -999.0 -999.0 -999.0 -999.0 -999.0 -999.0 -999.0 -999.0 -999.0 -999.0 -999.0 -999.0 -999.0 -999.0 -999.0 -999.0 -999.0 -999.0 -999.0 -999.0 -999.0 -999.0 2331.5 2329.2 2302.7 2084.0 1763.0 1868.0 1966.1 2069.9 1967.5 2104.6 2118.5 2165.6 1982.2 1935.7 1877.8 1937.8 2022.1 1995.1 1995.1 1975.1 1943.2 1938.5 2007.8 2010.2 2025.7 2060.7 2133.3 2184.6 2211.1 2203.7 2142.8 2164.6 2149.1 2164.3 2197.1 2140.2
-999.0 -999.0 -999.0 -999.0 -999.0 -999.0 -999.0 -999.0 -999.0 -999.0 -999.0 -999.0 -999.0 -999.0 -999.0 -999.0 -999.0 -999.0 2407.1 2294.6 2374.9 1693.9 1662.2 1655.4 1678.4 1565.3 2385.4 1909.1 2390.2 -999.0 -999.0 -999.0 -999.0 -999.0 -999.0 2312.4 2305.5 2249.9 2297.8 2137.1 1939.2 1849.5 1930.3 2024.0 2073.7 2068.0 2006.1 1893.2 1950.3 2014.3 2023.4 2049.6 2006.5 2023.8 2075.3 2113.2 2122.7 2067.0 2098.7 2029.6 2000.8 1949.0 2086.3 2167.1 2130.5 2099.1 2153.6 2079.3 2134.9 2185.4 2097.2
-999.0 -999.0 -999.0 -999.0 -999.0 -999.0 -999.0 -999.0 -999.0 -999.0 -999.0 -999.0 -999.0 -999.0 -999.0 -999.0 -999.0 -999.0 2039.7 1998.9 1850.2 1859.8 1586.0 1412.0 1475.3 1506.1 1601.1 1980.6 2179.5 2297.1 2194.1 1962.1 2153.6 2223.7 2302.1 2314.6 2314.7 2298.6 2283.9 2257.9 2182.6 1952.4 1944.9 2014.9 2094.1 1841.6 1979.2 2071.5 2021.3 1980.2 2069.9 2087.7 2113.6 2089.4 2073.8 2102.2 2098.9 2181.8 2140.5 2062.8 2040.3 2055.3 2013.5 2015.8 2128.8 2136.9 2195.8 2218.0 2122.8 2198.2 1856.6
-999.0 -999.0 -999.0 -999.0 -999.0 -999.0 -999.0 -999.0 -999.0 -999.0 -999.0 -999.0 -999.0 -999.0 -999.0 -999.0 -999.0 2364.4 2299.1 2163.3 2110.6 2024.8 1697.9 1448.5 1464.2 1570.1 1604.2 1700.6 1917.5 2017.4 2086.7 2024.8 1918.2 2177.2 2242.9 2314.5 2282.6 2160.9 2267.1 2234.6 2061.9 2011.9 2019.8 2010.2 1812.8 1992.2 1874.1 1924.1 1987.8 2095.8 2089.6 2154.2 2111.8 2025.7 2100.9 2058.3 2143.8 2114.8 2137.0 2102.8 2082.8 1972.2 1927.1 2122.8 2175.7 2178.0 1999.0 2144.8 2192.3 2168.2 2157.9
-999.0 -999.0 -999.0 -999.0 -999.0 -999.0 -999.0 -999.0 -999.0 -999.0 -999.0 -999.0 -999.0 -999.0 -999.0 -999.0 -999.0 -999.0 2350.9 2347.4 2312.6 1978.7 1884.6 1760.1 1493.9 1612.9 1711.9 1952.3 1857.7 1653.8 1839.5 2065.9 2085.5 1942.0 2152.2 2311.5 2292.5 2275.0 2181.0 2138.5 2177.7 2114.5 2057.0 2032.4 1926.9 2044.9 1900.3 1973.9 1959.1 2020.9 2052.1 2126.7 2051.5 2021.8 2049.8 2177.2 2180.8 2119.8 2238.2 2207.5 2187.7 2079.3 1988.5 2021.2 2194.0 2211.9 2130.1 2120.7 2170.0 2234.3 2235.2
