GDD/GrowingDegreeDays_1971_Actual.txt
ncols         180
nrows         290
xllcorner     -200000
yllcorner     -200000
cellsize      5000
NODATA_value    -999
[rows 160 to 191 of 290, columns 71 to 141 of 180]
-999.0 -999.0 -999.0 -999.0 -999.0 -999.0 -999.0 -999.0 -999.0 -999.0 -999.0 -999.0 -999.0 -999.0 -999.0 -999.0 -999.0 -999.0 -999.0 -999.0 -999.0 -999.0 -999.0 -999.0 -999.0 -999.0 -999.0 -999.0 -999.0 -999.0 -999.0 -999.0 -999.0 -999.0 -999.0 1731.3 1692.9 1657.1 1610.8 1382.5 1280.0 1071.1 1314.1 1206.3 1549.1 1446.5 1454.2 1338.8 1277.6 1340.5 1282.8 1589.1 1568.9 1551.0 1562.8 1595.5 1524.8 1593.8 1616.7 1627.9 1670.0 1678.1 1636.0 1589.8 1566.6 1548.1 1434.2 1486.1 1552.9 1587.8 1594.8
-999.0 -999.0 -999.0 -999.0 -999.0 -999.0 -999.0 -999.0 -999.0 -999.0 -999.0 -999.0 -999.0 -999.0 -999.0 -999.0 -999.0 -999.0 -999.0 -999.0 -999.0 -999.0 -999.0 -999.0 -999.0 -999.0 -999.0 -999.0 -999.0 -999.0 -999.0 -999.0 -999.0 -999.0 -999.0 1738.8 1687.3 1677.5 1707.2 1639.0 1376.2 1541.9 1521.1 1608.4 1488.9 1255.5 1382.6 1241.2 1283.5 1233.4 1562.1 1338.7 1529.2 1445.4 1492.7 1488.9 1558.3 1566.9 1599.1 1626.5 1635.1 1637.1 1592.1 1550.3 1556.7 1566.5 1549.7 1478.7 1539.1 1597.0 1607.6
-999.0 -999.0 -999.0 -999.0 -999.0 -999.0 -999.0 -999.0 -999.0 -999.0 -999.0 -999.0 -999.0 -999.0 -999.0 -999.0 -999.0 -999.0 -999.0 -999.0 -999.0 -999.0 -999.0 -999.0 -999.0 -999.0 -999.0 -999.0 -999.0 -999.0 -999.0 -999.0 -999.0 -999.0 -999.0 1741.5 1697.2 1627.3 1730.5 1683.3 1586.5 1553.0 1602.4 1648.4 1513.5 1415.6 1419.0 1249.8 1122.9 1347.5 1441.5 1627.8 1546.2 1718.7 1664.5 1603.2 1542.2 1568.3 1580.7 1612.1 1590.9 1604.1 1579.9 1550.0 1556.0 1568.7 1568.9 1509.1 1486.3 1599.9 1684.1
-999.0 -999.0 -999.0 -999.0 -999.0 -999.0 -999.0 -999.0 -999.0 -999.0 -999.0 -999.0 -999.0 -999.0 -999.0 -999.0 -999.0 -999.0 -999.0 -999.0 -999.0 -999.0 -999.0 -999.0 -999.0 -999.0 -999.0 -999.0 -999.0 -999.0 -999.0 -999.0 -999.0 -999.0 -999.0 1700.1 1659.6 1630.7 1683.3 1684.9 1654.8 1660.8 1586.6 1479.3 1607.7 1527.1 1421.0 1083.2 1081.0 1093.3 1271.7 1495.7 1600.7 1592.3 1715.2 1758.7 1636.9 1559.8 1614.2 1623.1 1608.5 1623.7 1605.6 1585.7 1590.0 1605.6 1621.0 1537.8 1516.1 1692.4 1796.4
-999.0 -999.0 -999.0 -999.0 -999.0 -999.0 -999.0 -999.0 -999.0 -999.0 -999.0 -999.0 -999.0 -999.0 -999.0 -999.0 -999.0 -999.0 -999.0 -999.0 -999.0 -999.0 -999.0 -999.0 -999.0 -999.0 -999.0 -999.0 -999.0 -999.0 -999.0 -999.0 -999.0 -999.0 -999.0 1708.1 1686.9 1687.3 1730.7 1731.9 1721.7 1621.5 1604.6 1506.0 1444.0 1271.3 1163.6 1083.3 1255.3 1193.9 1384.9 1472.4 1614.0 1502.3 1604.0 1715.7 1748.0 1731.3 1693.6 1671.7 1642.8 1636.9 1640.0 1630.4 1626.7 1645.4 1642.8 1658.8 1635.7 1739.5 1815.3
-999.0 -999.0 -999.0 -999.0 -999.0 -999.0 -999.0 -999.0 -999.0 -999.0 -999.0 -999.0 -999.0 -999.0 -999.0 -999.0 -999.0 -999.0 -999.0 -999.0 -999.0 -999.0 -999.0 -999.0 -999.0 -999.0 -999.0 -999.0 -999.0 -999.0 -999.0 -999.0 -999.0 -999.0 -999.0 -999.0 1666.3 1680.0 1718.3 1737.6 1648.6 1460.6 1427.7 1385.8 1450.0 1442.6 1263.2 1269.0 1181.9 1301.3 1544.6 1747.9 1687.3 1634.9 1609.7 1747.5 1735.7 1677.6 1692.9 1708.6 1655.6 1663.6 1669.4 1665.2 1655.7 1657.4 1652.8 1646.5 1684.3 1712.8 1752.4
-999.0 -999.0 -999.0 -999.0 -999.0 -999.0 -999.0 -999.0 -999.0 -999.0 -999.0 -999.0 -999.0 -999.0 -999.0 -999.0 -999.0 -999.0 -999.0 -999.0 -999.0 -999.0 -999.0 -999.0 -999.0 -999.0 -999.0 -999.0 -999.0 -999.0 -999.0 -999.0 -999.0 -999.0 -999.0 1752.0 1678.2 1691.4 1721.7 1714.8 1647.0 1344.3 1299.6 1417.2 1250.9 1267.3 1324.4 1327.1 1097.2 1283.2 1337.6 1587.3 1757.9 1571.5 1707.4 1790.8 1682.7 1666.9 1721.8 1681.6 1692.1 1692.1 1687.1 1678.2 1666.7 1660.3 1560.4 1624.7 1649.7 1560.3 1600.5
-999.0 -999.0 -999.0 -999.0 -999.0 -999.0 -999.0 -999.0 -999.0 -999.0 -999.0 -999.0 -999.0 -999.0 -999.0 -999.0 -999.0 -999.0 -999.0 -999.0 -999.0 -999.0 -999.0 -999.0 -999.0 -999.0 -999.0 -999.0 -999.0 -999.0 -999.0 -999.0 -999.0 -999.0 -999.0 1755.8 1726.0 1716.0 1728.6 1588.4 1642.6 1559.1 1335.1 1535.9 1514.7 1475.1 1549.3 1505.4 1252.7 1318.4 1354.8 1644.6 1523.2 1430.2 1643.4 1585.3 1640.6 1601.2 1644.3 1674.0 1725.1 1732.9 1717.8 1698.8 1666.9 1674.9 1663.5 1598.1 1638.0 1591.8 1535.2
-999.0 -999.0 -999.0 -999.0 -999.0 -999.0 -999.0 -999.0 -999.0 -999.0 -999.0 -999.0 -999.0 -999.0 -999.0 -999.0 -999.0 -999.0 -999.0 -999.0 -999.0 -999.0 -999.0 -999.0 -999.0 -999.0 -999.0 -999.0 -999.0 -999.0 -999.0 -999.0 -999.0 -999.0 1755.0 1759.7 1744.6 1657.9 1673.9 1664.6 1701.5 1624.8 1598.9 1645.3 1676.1 1688.6 1648.1 1542.2 1294.8 1123.3 1087.9 1382.6 1291.9 1361.7 1589.4 1604.0 1699.7 1664.3 1655.4 1712.4 1758.6 1768.8 1754.1 1720.5 1680.4 1688.8 1673.5 1646.6 1627.7 1607.3 1468.5
-999.0 -999.0 -999.0 -999.0 -999.0 -999.0 -999.0 -999.0 -999.0 -999.0 -999.0 -999.0 -999.0 -999.0 -999.0 -999.0 -999.0 -999.0 -999.0 -999.0 -999.0 -999.0 -999.0 -999.0 -999.0 -999.0 -999.0 -999.0 -999.0 -999.0 -999.0 -999.0 -999.0 -999.0 -999.0 1744.7 1786.6 1743.2 1718.1 1587.7 1763.4 1765.3 1757.2 1749.4 1751.4 1790.5 1764.3 1655.0 1537.1 1207.8 1068.7 1017.3 1253.1 1283.3 1429.5 1571.4 1581.7 1746.2 1744.0 1681.3 1777.1 1811.5 1803.5 1743.2 1697.4 1689.1 1670.6 1629.2 1621.3 1596.2 1531.8
-999.0 -999.0 -999.0 -999.0 -999.0 -999.0 -999.0 -999.0 -999.0 -999.0 -999.0 -999.0 -999.0 -999.0 -999.0 -999.0 -999.0 -999.0 -999.0 -999.0 -999.0 -999.0 -999.0 -999.0 -999.0 -999.0 -999.0 -999.0 -999.0 -999.0 -999.0 -999.0 -999.0 -999.0 -999.0 1819.4 1825.1 1819.6 1801.3 1773.8 1776.4 1780.6 1811.1 1823.1 1900.1 1927.6 1882.8 1767.1 1559.9 1467.0 1099.9 965.2 997.7 1190.5 1372.8 1526.6 1652.9 1602.6 1685.4 1633.4 1756.6 1794.9 1810.2 1741.7 1703.9 1682.9 1642.7 1616.5 1614.7 1598.2 1534.3
-999.0 -999.0 -999.0 -999.0 -999.0 -999.0 -999.0 -999.0 -999.0 -999.0 -999.0 -999.0 -999.0 -999.0 -999.0 1855.4 1813.7 1785.2 1772.6 -999.0 -999.0 -999.0 -999.0 -999.0 -999.0 -999.0 -999.0 -999.0 -999.0 -999.0 -999.0 -999.0 -999.0 -999.0 1867.0 1916.5 1867.0 1860.0 1779.9 1774.1 1803.6 1808.4 1811.5 1851.8 1897.0 1942.4 1895.6 1785.7 1628.8 1332.2 1136.4 1113.3 1290.1 1159.3 1336.9 1695.4 1673.4 1725.5 1525.5 1560.4 1697.3 1713.0 1721.0 1705.2 1685.1 1675.7 1651.6 1610.1 1609.0 1631.4 1609.8
-999.0 -999.0 -999.0 -999.0 -999.0 -999.0 -999.0 -999.0 -999.0 -999.0 -999.0 -999.0 -999.0 -999.0 -999.0 1771.3 1682.3 1707.6 1813.5 -999.0 -999.0 -999.0 -999.0 -999.0 -999.0 -999.0 -999.0 -999.0 -999.0 -999.0 -999.0 -999.0 -999.0 1928.7 1823.6 1881.1 1875.6 1801.9 1844.5 1781.6 1814.2 1815.4 1811.4 1837.0 1848.9 1843.2 1857.3 1782.0 1657.3 1516.2 1140.4 1079.1 1306.2 1285.3 1449.6 1610.8 1862.1 1774.4 1602.5 1565.2 1644.3 1720.0 1732.9 1699.1 1662.2 1670.2 1657.1 1635.3 1597.4 1633.8 1615.5
-999.0 -999.0 -999.0 -999.0 -999.0 -999.0 -999.0 -999.0 -999.0 -999.0 -999.0 -999.0 -999.0 1848.8 1931.0 1845.4 1680.1 1690.4 1727.3 1888.3 1973.8 2016.7 -999.0 -999.0 1869.4 1933.1 -999.0 -999.0 -999.0 1870.7 1778.0 1770.8 -999.0 1913.0 1763.0 1846.9 1894.6 1846.4 1841.9 1751.2 1749.7 1738.8 1775.6 1741.0 1811.3 1753.0 1766.2 1732.1 1393.1 1599.1 1473.2 1235.6 1508.5 1447.6 1243.0 1714.5 1613.0 1715.8 1609.6 1583.7 1639.6 1685.6 1737.0 1674.0 1672.3 1694.9 1659.5 1666.0 1612.2 1651.3 1639.0
-999.0 -999.0 -999.0 -999.0 -999.0 -999.0 -999.0 -999.0 -999.0 -999.0 -999.0 -999.0 -999.0 -999.0 1950.2 1881.8 1786.2 1758.6 1781.9 1809.0 1769.5 2006.4 -999.0 1976.4 1830.7 1642.1 1738.8 1663.7 1869.0 1851.9 1501.2 1525.8 1634.2 -999.0 1853.3 1811.7 1820.4 1843.5 1819.3 1704.9 1795.0 1888.1 1874.6 1783.9 1750.8 1725.7 1668.9 1668.1 1366.4 1291.5 1323.7 1291.3 1320.7 1226.3 1297.1 1504.4 1662.2 1691.3 1523.6 1515.4 1614.8 1601.8 1694.7 1661.5 1659.3 1688.3 1657.2 1678.7 1633.2 1659.3 1655.1
-999.0 -999.0 -999.0 -999.0 -999.0 -999.0 -999.0 -999.0 -999.0 -999.0 -999.0 -999.0 -999.0 -999.0 -999.0 1943.9 1838.4 1762.3 1841.7 1877.1 1910.8 1974.1 1573.3 1077.8 1703.0 1395.8 1395.6 1479.3 1634.6 1775.4 1734.3 1573.2 1452.5 1641.8 1842.3 1857.1 1808.3 1816.9 1737.4 1563.7 1675.2 1883.4 1908.2 1801.1 1733.3 1709.0 1661.9 1612.7 1237.3 1146.3 1281.8 1280.5 1387.1 1435.3 1400.2 1447.4 1607.2 1632.0 1535.8 1553.5 1565.0 1532.4 1635.1 1600.2 1667.8 1671.7 1669.5 1639.1 1539.7 1679.6 1674.4
-999.0 -999.0 -999.0 -999.0 -999.0 -999.0 -999.0 -999.0 -999.0 -999.0 -999.0 -999.0 -999.0 -999.0 -999.0 -999.0 1856.2 1901.1 1901.3 1911.7 1803.3 1602.0 833.2 1222.9 1783.2 1308.2 1555.1 1326.7 1391.3 1628.6 1747.8 1327.4 1512.4 1516.9 1684.1 1840.9 1809.5 1767.5 1749.3 1629.6 1642.0 1763.8 1801.3 1783.8 1712.6 1677.9 1642.3 1460.2 1343.2 1084.4 1232.8 1212.4 1245.3 1511.5 1416.2 1332.0 1417.9 1511.2 1524.1 1574.5 1528.4 1529.3 1607.4 1584.8 1663.2 1680.8 1659.7 1674.3 1682.0 1675.2 1684.2
-999.0 -999.0 -999.0 -999.0 -999.0 -999.0 -999.0 -999.0 -999.0 -999.0 -999.0 -999.0 -999.0 -999.0 -999.0 -999.0 -999.0 1963.8 1918.4 1715.8 1497.3 876.7 796.2 1177.8 1411.3 1413.4 1325.9 1220.2 1230.2 1261.8 1529.5 1646.3 1265.0 1485.4 1639.6 1692.0 1782.6 1782.9 1737.0 1694.5 1673.1 1719.7 1760.8 1730.6 1679.4 1642.4 1579.1 1430.5 1255.1 1159.3 1289.6 1304.7 1222.3 1358.5 1583.9 1388.7 1545.8 1497.2 1501.8 1584.8 1595.2 1580.6 1577.8 1582.2 1661.6 1689.3 1677.5 1709.6 1641.9 1675.3 1687.1
-999.0 -999.0 -999.0 -999.0 -999.0 -999.0 -999.0 -999.0 -999.0 -999.0 -999.0 -999.0 -999.0 -999.0 -999.0 -999.0 -999.0 1984.7 1832.0 1450.8 1299.5 1173.6 949.5 1382.3 1587.2 1393.0 1179.2 1095.5 1055.1 1245.5 1487.4 1678.3 1236.4 1345.6 1589.0 1669.5 1798.1 1786.6 1727.8 1639.6 1651.9 1673.3 1693.9 1708.5 1677.4 1617.2 1451.6 1361.1 1428.5 1127.8 1274.1 1250.4 1187.0 1236.0 1410.3 1513.3 1546.7 1603.9 1519.1 1505.4 1582.4 1584.6 1630.8 1635.2 1690.5 1685.8 1688.6 1691.2 1663.1 1638.6 1674.5
-999.0 -999.0 -999.0 -999.0 -999.0 -999.0 -999.0 -999.0 -999.0 -999.0 -999.0 -999.0 -999.0 -999.0 -999.0 -999.0 -999.0 1974.9 1765.8 1520.3 1530.2 1167.1 1275.6 1505.2 1400.9 1496.1 1324.4 1055.3 1143.1 1080.4 1287.4 1548.9 1292.9 1330.1 1429.0 1706.5 1768.4 1793.3 1697.6 1598.6 1607.6 1654.3 1677.2 1685.2 1648.1 1532.0 1463.2 1453.1 1424.2 1274.1 1294.8 1303.5 1319.9 1398.6 1420.8 1388.3 1612.5 1540.8 1537.9 1590.3 1571.0 1617.2 1580.3 1688.3 1704.1 1691.7 1696.7 1691.5 1585.8 1667.9 1685.3
-999.0 -999.0 -999.0 -999.0 -999.0 -999.0 -999.0 -999.0 -999.0 -999.0 -999.0 -999.0 -999.0 -999.0 -999.0 -999.0 1962.2 1214.2 1630.3 1487.3 1339.2 1629.8 952.0 1114.0 1170.3 1265.3 1072.5 1216.9 1168.3 1291.3 1411.8 1322.3 1141.5 1327.7 1431.3 1704.1 1785.9 1807.0 1655.8 1632.1 1659.2 1654.1 1679.7 1650.2 1553.5 1577.9 1572.1 1395.8 1296.9 1488.2 1210.6 1260.5 1454.0 1423.6 1486.5 1565.5 1578.1 1601.4 1610.3 1689.6 1623.6 1668.8 1706.6 1615.7 1706.5 1694.5 1678.2 1674.4 1596.0 1672.5 1694.5
-999.0 -999.0 -999.0 -999.0 -999.0 -999.0 -999.0 -999.0 -999.0 -999.0 -999.0 -999.0 -999.0 -999.0 1969.7 1897.1 1555.6 1610.5 1745.2 1731.3 1554.2 1752.6 1547.8 1410.6 1152.1 1144.1 1034.3 1130.6 1097.6 1455.7 1319.5 1347.4 1566.0 1566.2 1664.5 1661.4 1736.2 1757.6 1653.3 1629.6 1627.7 1655.0 1623.0 1509.0 1568.9 1541.9 1595.1 1436.6 1363.3 1394.6 1456.1 1518.3 1419.2 1468.8 1516.7 1540.1 1555.5 1580.0 1671.7 1723.8 1790.4 1795.4 1747.0 1702.8 1690.7 1662.5 1681.6 1669.1 1594.9 1657.1 1695.6
-999.0 -999.0 -999.0 -999.0 -999.0 -999.0 -999.0 -999.0 -999.0 -999.0 -999.0 -999.0 -999.0 1926.5 1846.3 1825.9 1820.5 1876.8 1937.7 1898.0 1904.4 1874.7 1618.7 1457.5 1299.3 852.0 1249.4 1345.3 1319.2 1533.8 1163.2 1112.6 1197.9 1476.7 1643.3 1649.1 1669.5 1683.4 1640.4 1590.5 1619.9 1611.1 1584.8 1514.7 1476.3 1559.2 1547.9 1426.0 1431.0 1459.9 1483.3 1486.7 1481.6 1571.7 1553.6 1606.0 1739.9 1637.6 1697.8 1798.9 1888.0 1822.8 1712.8 1703.1 1681.4 1658.5 1649.5 1648.6 1548.1 1602.7 1664.7
-999.0 -999.0 -999.0 -999.0 -999.0 -999.0 -999.0 -999.0 -999.0 -999.0 -999.0 -999.0 1966.3 1754.7 1763.4 1801.5 -999.0 -999.0 -999.0 -999.0 1937.9 1390.4 1372.8 1352.7 1209.1 1287.9 1337.7 1096.9 1152.9 1302.5 807.9 957.3 1156.1 1257.9 1546.5 1729.4 1680.9 1648.0 1655.3 1631.0 1630.3 1625.0 1562.7 1579.6 1460.6 1515.5 1515.1 1495.9 1480.7 1484.4 1510.6 1586.1 1588.0 1607.3 1639.1 1687.6 1756.6 1749.0 1734.3 1756.9 1773.0 1749.0 1712.8 1686.7 1626.0 1589.7 1586.7 1603.0 1554.4 1584.1 1607.4
-999.0 -999.0 -999.0 -999.0 -999.0 -999.0 -999.0 -999.0 -999.0 -999.0 -999.0 -999.0 1933.5 1645.0 1904.2 1969.2 -999.0 -999.0 -999.0 -999.0 2008.1 1549.1 1260.5 1539.6 1186.5 1195.9 1208.8 1022.6 974.0 1195.7 966.1 1385.7 1363.3 1487.8 1631.0 1746.3 1717.8 1656.8 1642.9 1607.4 1564.6 1623.6 1547.5 1551.0 1535.0 1478.1 1549.9 1535.9 1592.2 1539.3 1493.0 1485.5 1502.6 1618.0 1664.4 1684.6 1702.7 1652.7 1662.8 1647.2 1658.5 1663.2 1582.5 1610.6 1484.0 1492.7 1496.4 1570.6 1554.9 1583.2 1606.0
-999.0 -999.0 -999.0 -999.0 -999.0 -999.0 -999.0 -999.0 -999.0 -999.0 -999.0 -999.0 -999.0 -999.0 -999.0 -999.0 -999.0 -999.0 -999.0 -999.0 2016.1 1481.0 1424.8 1543.2 1333.2 1446.0 1020.7 1062.5 1375.4 1195.5 1237.7 1367.0 1379.4 1591.8 1697.9 1764.0 1649.6 1642.6 1628.2 1638.4 1664.6 1634.5 1593.9 1574.7 1564.4 1534.4 1583.6 1608.8 1601.2 1570.8 1595.5 1557.1 1540.9 1675.6 1574.2 1507.5 1591.7 1588.0 1598.7 1652.7 1609.3 1535.2 1436.2 1462.9 1523.3 1519.0 1495.3 1551.2 1544.3 1584.5 1594.8
-999.0 -999.0 -999.0 -999.0 -999.0 -999.0 -999.0 -999.0 -999.0 -999.0 -999.0 -999.0 -999.0 -999.0 -999.0 -999.0 -999.0 -999.0 -999.0 -999.0 -999.0 1488.0 1927.2 1770.6 1453.6 1122.3 1182.9 1080.2 1116.6 1414.4 1379.9 1346.2 1618.0 1668.4 1747.1 1737.9 1693.7 1644.9 1666.7 1680.5 1678.8 1665.3 1633.3 1592.6 1603.3 1557.2 1570.8 1620.3 1488.1 1555.9 1647.1 1647.5 1640.3 1628.2 1633.8 1538.5 1515.1 1564.0 1494.9 1622.4 1632.2 1519.4 1517.8 1498.0 1521.7 1574.2 1524.4 1552.6 1584.1 1629.8 1606.6
-999.0 -999.0 -999.0 -999.0 -999.0 -999.0 -999.0 -999.0 -999.0 -999.0 -999.0 -999.0 -999.0 -999.0 -999.0 -999.0 -999.0 -999.0 -999.0 -999.0 -999.0 1765.5 1323.0 1232.9 1351.0 1360.5 1409.1 1254.9 1403.5 1394.5 1560.2 1706.1 1550.1 1708.5 1735.6 1582.6 1607.1 1624.5 1684.1 1736.0 1718.6 1630.4 1635.3 1544.6 1549.1 1557.9 1575.4 1624.7 1508.9 1488.1 1593.2 1644.9 1664.1 1640.6 1623.9 1592.7 1549.8 1512.7 1396.1 1525.4 1660.9 1596.3 1517.6 1443.0 1420.9 1478.0 1569.4 1563.2 1617.8 1660.0 1691.4
-999.0 -999.0 -999.0 -999.0 -999.0 -999.0 -999.0 -999.0 -999.0 -999.0 -999.0 -999.0 -999.0 -999.0 -999.0 -999.0 -999.0 -999.0 -999.0 -999.0 1842.3 1648.4 1714.5 1147.9 1487.9 1523.2 1324.7 1352.6 1457.3 1280.0 1607.1 1744.8 1536.8 1768.2 1302.8 1496.5 1621.1 1630.6 1569.5 1673.8 1669.2 1431.8 1461.1 1523.6 1617.3 1582.9 1600.3 1637.6 1619.4 1610.5 1633.6 1659.0 1654.6 1654.4 1633.6 1576.5 1579.8 1499.3 1536.7 1628.9 1660.6 1582.2 1492.3 1419.1 1397.3 1452.7 1574.0 1600.8 1667.1 1729.2 1754.3
-999.0 -999.0 -999.0 -999.0 -999.0 -999.0 -999.0 -999.0 -999.0 -999.0 -999.0 -999.0 -999.0 -999.0 -999.0 -999.0 -999.0 -999.0 -999.0 -999.0 2034.2 1765.6 1214.0 1587.1 1865.3 1608.4 1532.0 1378.9 1246.8 1299.5 1583.3 1697.9 1655.3 1713.4 1602.1 1547.0 1478.7 1467.7 1617.3 1596.3 1586.4 1542.6 1503.0 1598.7 1623.8 1598.5 1640.4 1638.1 1654.2 1700.3 1676.9 1665.2 1664.3 1659.5 1655.1 1624.4 1612.0 1549.1 1541.9 1612.2 1625.2 1530.7 1423.7 1359.5 1439.1 1439.0 1484.8 1575.4 1705.4 1709.6 1787.7
-999.0 -999.0 -999.0 -999.0 -999.0 -999.0 -999.0 -999.0 -999.0 -999.0 -999.0 -999.0 -999.0 -999.0 -999.0 -999.0 -999.0 -999.0 -999.0 -999.0 2101.8 1654.5 1897.9 1643.6 1648.8 1499.7 1468.6 1138.2 1289.6 1220.0 1457.6 1577.7 1704.8 1702.3 1606.5 1397.6 1297.0 1207.1 1531.4 1414.1 1505.8 1495.0 1516.2 1640.9 1617.9 1621.5 1670.1 1691.3 1757.1 1758.2 1650.7 1652.7 1680.1 1656.0 1568.5 1664.7 1634.9 1601.9 1604.1 1638.5 1613.5 1515.2 1460.5 1449.4 1471.5 1476.5 1549.4 1602.2 1631.4 1687.5 1759.1
-999.0 -999.0 -999.0 -999.0 -999.0 -999.0 -999.0 -999.0 -999.0 -999.0 -999.0 -999.0 -999.0 -999.0 -999.0 -999.0 -999.0 -999.0 -999.0 -999.0 -999.0 1852.4 1556.6 1357.4 1162.6 1056.4 1237.7 1248.1 1399.5 1613.0 1632.5 1675.4 1615.3 1598.4 1638.5 1515.1 1498.8 1269.1 1418.5 1492.2 1517.8 1431.3 1462.3 1610.7 1539.6 1649.0 1723.5 1628.9 1794.2 1802.2 1791.5 1726.2 1716.8 1680.7 1558.4 1619.7 1676.0 1616.1 1621.6 1625.6 1578.1 1497.1 1515.5 1532.0 1572.1 1521.0 1587.4 1547.1 1592.2 1697.4 1730.9
