GDD/GrowingDegreeDays_1979_Actual.txt
ncols         180
nrows         290
xllcorner     -200000
yllcorner     -200000
cellsize      5000
NODATA_value    -999
[rows 64 to 95 of 290, columns 71 to 141 of 180]
-999.0 -999.0 -999.0 -999.0 -999.0 -999.0 -999.0 -999.0 -999.0 1190.9 1004.5 1017.2 991.0 755.6 792.1 641.5 817.1 888.9 834.6 853.6 402.8 843.7 527.3 795.7 756.0 915.4 960.0 859.4 698.9 729.6 561.7 891.6 -999.0 -999.0 -999.0 -999.0 -999.0 -999.0 -999.0 -999.0 -999.0 -999.0 -999.0 -999.0 -999.0 -999.0 -999.0 -999.0 -999.0 -999.0 -999.0 -999.0 -999.0 -999.0 -999.0 -999.0 -999.0 -999.0 -999.0 -999.0 -999.0 -999.0 -999.0 -999.0 -999.0 -999.0 -999.0 -999.0 -999.0 -999.0 -999.0
-999.0 -999.0 -999.0 -999.0 -999.0 -999.0 -999.0 -999.0 -999.0 -999.0 1206.8 1032.4 818.9 771.9 786.4 759.6 774.4 1087.7 973.1 942.6 733.1 686.7 655.6 787.6 875.6 806.1 851.7 888.8 832.3 862.5 914.8 1148.0 -999.0 -999.0 -999.0 -999.0 -999.0 -999.0 -999.0 -999.0 -999.0 -999.0 -999.0 -999.0 -999.0 -999.0 -999.0 -999.0 -999.0 -999.0 -999.0 -999.0 -999.0 -999.0 -999.0 -999.0 -999.0 -999.0 -999.0 -999.0 -999.0 -999.0 -999.0 -999.0 -999.0 -999.0 -999.0 -999.0 -999.0 -999.0 -999.0
-999.0 -999.0 -999.0 -999.0 -999.0 -999.0 -999.0 -999.0 1227.5 -999.0 1230.2 1072.5 785.2 761.0 691.3 504.1 950.3 876.7 1081.5 945.1 938.4 843.4 756.8 931.9 897.0 829.0 772.0 750.9 861.3 1001.2 1163.2 -999.0 -999.0 -999.0 -999.0 -999.0 -999.0 -999.0 -999.0 -999.0 -999.0 -999.0 -999.0 -999.0 -999.0 -999.0 -999.0 -999.0 -999.0 -999.0 -999.0 -999.0 -999.0 -999.0 -999.0 -999.0 -999.0 -999.0 -999.0 -999.0 -999.0 -999.0 -999.0 -999.0 -999.0 -999.0 -999.0 -999.0 -999.0 -999.0 -999.0
-999.0 -999.0 -999.0 -999.0 -999.0 -999.0 -999.0 -999.0 1234.6 1212.9 1163.2 1139.6 762.4 1058.6 914.3 1008.8 891.5 958.5 803.4 1053.4 1003.7 881.0 910.4 872.7 876.1 962.7 711.0 881.0 916.6 -999.0 -999.0 -999.0 -999.0 -999.0 -999.0 -999.0 -999.0 -999.0 -999.0 -999.0 -999.0 -999.0 -999.0 -999.0 -999.0 -999.0 -999.0 -999.0 -999.0 -999.0 -999.0 -999.0 -999.0 -999.0 -999.0 -999.0 -999.0 -999.0 -999.0 -999.0 -999.0 -999.0 -999.0 -999.0 -999.0 -999.0 -999.0 -999.0 -999.0 -999.0 -999.0
-999.0 -999.0 -999.0 -999.0 -999.0 -999.0 -999.0 -999.0 -999.0 1216.8 703.3 1148.6 928.5 877.4 899.8 1060.9 783.5 915.6 805.9 842.1 1009.6 933.9 968.9 939.4 895.7 915.7 858.0 1154.7 -999.0 -999.0 -999.0 -999.0 -999.0 -999.0 -999.0 -999.0 -999.0 -999.0 -999.0 -999.0 -999.0 -999.0 -999.0 -999.0 -999.0 -999.0 -999.0 -999.0 -999.0 -999.0 -999.0 -999.0 -999.0 -999.0 -999.0 -999.0 -999.0 -999.0 -999.0 -999.0 -999.0 -999.0 -999.0 -999.0 -999.0 -999.0 -999.0 -999.0 -999.0 -999.0 -999.0
-999.0 -999.0 -999.0 -999.0 -999.0 -999.0 -999.0 -999.0 -999.0 -999.0 1238.0 902.9 1161.0 978.1 648.5 1012.5 980.9 994.2 1135.6 933.9 1088.1 927.9 875.0 1101.7 877.0 1011.8 1117.2 -999.0 -999.0 -999.0 -999.0 -999.0 -999.0 -999.0 -999.0 -999.0 -999.0 -999.0 -999.0 -999.0 -999.0 -999.0 -999.0 -999.0 -999.0 -999.0 -999.0 -999.0 -999.0 -999.0 -999.0 -999.0 -999.0 -999.0 -999.0 -999.0 -999.0 -999.0 -999.0 -999.0 -999.0 -999.0 -999.0 -999.0 -999.0 -999.0 -999.0 -999.0 -999.0 -999.0 -999.0
-999.0 -999.0 -999.0 -999.0 -999.0 -999.0 1216.5 -999.0 -999.0 1267.9 1260.0 1049.1 890.5 821.7 840.2 1032.1 971.5 794.5 930.2 1022.3 1150.8 966.1 905.5 948.6 1173.9 1189.5 -999.0 -999.0 -999.0 -999.0 -999.0 -999.0 -999.0 -999.0 -999.0 -999.0 -999.0 -999.0 -999.0 -999.0 -999.0 -999.0 -999.0 -999.0 -999.0 -999.0 -999.0 -999.0 -999.0 -999.0 -999.0 -999.0 -999.0 -999.0 -999.0 -999.0 -999.0 -999.0 -999.0 -999.0 -999.0 -999.0 -999.0 -999.0 -999.0 -999.0 -999.0 -999.0 -999.0 -999.0 -999.0
-999.0 -999.0 -999.0 -999.0 1094.6 1231.0 1136.1 1237.1 1076.0 1258.8 880.0 1203.9 652.0 782.4 819.9 846.9 725.1 770.2 796.3 1121.6 1020.5 1098.5 895.5 982.0 1085.6 1204.9 -999.0 -999.0 -999.0 -999.0 -999.0 -999.0 -999.0 -999.0 -999.0 -999.0 -999.0 -999.0 -999.0 -999.0 -999.0 -999.0 -999.0 -999.0 -999.0 -999.0 -999.0 -999.0 -999.0 -999.0 -999.0 -999.0 -999.0 -999.0 -999.0 -999.0 -999.0 -999.0 -999.0 -999.0 -999.0 -999.0 -999.0 -999.0 -999.0 -999.0 -999.0 -999.0 -999.0 -999.0 -999.0
-999.0 -999.0 -999.0 -999.0 824.6 1188.6 1193.9 1059.9 1012.2 858.1 623.7 803.2 1217.4 662.5 604.5 675.2 613.1 891.7 801.0 549.0 958.0 1137.2 1174.6 1215.6 1217.8 -999.0 -999.0 1165.6 -999.0 -999.0 -999.0 -999.0 -999.0 -999.0 -999.0 -999.0 -999.0 -999.0 -999.0 -999.0 -999.0 -999.0 -999.0 -999.0 -999.0 -999.0 -999.0 -999.0 -999.0 -999.0 -999.0 -999.0 -999.0 -999.0 -999.0 -999.0 -999.0 -999.0 -999.0 -999.0 -999.0 -999.0 -999.0 -999.0 -999.0 -999.0 -999.0 -999.0 -999.0 -999.0 -999.0
-999.0 -999.0 -999.0 -999.0 967.4 1079.9 1202.4 1017.3 692.7 1009.5 375.0 895.3 885.8 609.8 535.3 612.7 631.5 624.6 537.7 676.0 806.1 721.2 995.5 902.3 1173.4 1199.7 1180.5 1182.0 -999.0 -999.0 -999.0 -999.0 -999.0 -999.0 -999.0 -999.0 -999.0 -999.0 -999.0 -999.0 -999.0 -999.0 -999.0 -999.0 -999.0 -999.0 -999.0 -999.0 -999.0 -999.0 -999.0 -999.0 -999.0 -999.0 -999.0 -999.0 -999.0 -999.0 -999.0 -999.0 -999.0 -999.0 -999.0 -999.0 -999.0 -999.0 -999.0 -999.0 -999.0 -999.0 -999.0
-999.0 -999.0 -999.0 -999.0 1196.9 976.3 1194.0 939.6 920.0 604.2 751.5 761.1 902.5 887.7 849.2 575.7 704.1 648.2 668.9 919.7 950.3 846.8 1010.0 954.8 1151.5 1189.5 1169.4 -999.0 -999.0 -999.0 -999.0 -999.0 -999.0 -999.0 -999.0 -999.0 -999.0 -999.0 -999.0 -999.0 -999.0 -999.0 -999.0 -999.0 -999.0 -999.0 -999.0 -999.0 -999.0 -999.0 -999.0 -999.0 -999.0 -999.0 -999.0 -999.0 -999.0 -999.0 -999.0 -999.0 -999.0 -999.0 -999.0 -999.0 -999.0 -999.0 -999.0 -999.0 -999.0 -999.0 -999.0
-999.0 -999.0 -999.0 -999.0 1137.2 1186.5 1081.5 1261.7 543.7 726.1 709.2 769.1 587.4 352.6 694.7 834.0 868.8 605.7 690.2 902.4 845.0 984.7 1086.8 1227.5 1243.7 1060.7 -999.0 -999.0 -999.0 -999.0 -999.0 -999.0 -999.0 -999.0 -999.0 -999.0 -999.0 -999.0 -999.0 -999.0 -999.0 -999.0 -999.0 -999.0 -999.0 -999.0 -999.0 -999.0 -999.0 -999.0 -999.0 -999.0 -999.0 -999.0 -999.0 -999.0 -999.0 -999.0 -999.0 -999.0 -999.0 -999.0 -999.0 -999.0 -999.0 -999.0 -999.0 -999.0 -999.0 -999.0 -999.0
-999.0 -999.0 -999.0 1266.0 977.2 923.7 710.1 906.0 1247.5 794.8 806.5 757.0 822.7 780.2 856.6 714.5 885.3 897.6 460.5 767.0 901.0 1197.1 1249.3 1270.9 1252.0 -999.0 -999.0 -999.0 -999.0 -999.0 -999.0 1290.5 1270.2 1249.4 1294.9 -999.0 -999.0 1328.0 1198.1 1226.8 1280.0 1276.2 -999.0 -999.0 -999.0 1191.3 -999.0 1162.6 1145.8 -999.0 -999.0 -999.0 -999.0 -999.0 -999.0 -999.0 -999.0 -999.0 -999.0 -999.0 -999.0 -999.0 -999.0 -999.0 -999.0 -999.0 -999.0 -999.0 -999.0 -999.0 -999.0
-999.0 -999.0 -999.0 -999.0 1124.2 882.2 684.6 827.8 789.2 1232.8 812.9 863.3 709.4 859.9 951.4 1208.8 1019.9 776.6 812.7 923.3 1076.0 1109.5 1066.6 1010.3 1225.6 -999.0 -999.0 -999.0 1317.9 1346.3 1302.4 1286.5 1280.5 1322.4 1310.6 1326.9 1320.8 1211.2 1085.1 1075.0 1180.7 1204.4 1227.9 1158.3 1036.9 994.8 1042.4 1084.5 1097.1 1098.7 -999.0 -999.0 -999.0 -999.0 -999.0 -999.0 -999.0 -999.0 -999.0 -999.0 -999.0 -999.0 -999.0 -999.0 -999.0 -999.0 -999.0 -999.0 -999.0 -999.0 -999.0
-999.0 1140.9 -999.0 1139.2 1296.1 1218.7 1178.0 430.9 1168.2 922.3 1067.7 835.2 995.9 806.7 854.7 801.4 1062.8 1140.0 1117.4 1046.3 1190.3 1010.5 1105.5 1003.9 1180.6 1244.1 1244.0 1227.7 1288.1 1325.0 1206.5 1064.5 1223.2 1253.5 1160.7 1314.9 1054.9 941.6 973.8 1012.7 1131.2 1045.6 1113.9 1154.4 1081.3 974.4 1015.4 1049.5 915.6 1074.7 1131.0 -999.0 -999.0 -999.0 -999.0 -999.0 -999.0 -999.0 -999.0 -999.0 -999.0 -999.0 -999.0 -999.0 -999.0 -999.0 -999.0 -999.0 -999.0 -999.0 -999.0
-999.0 -999.0 1241.3 747.4 944.1 1007.0 591.4 784.4 542.5 1083.6 860.8 829.9 901.3 913.6 1088.9 717.4 793.9 769.5 1109.1 1217.4 1060.5 1190.1 1291.9 -999.0 1257.9 1197.9 1209.9 1128.6 1146.6 1195.1 1127.6 1135.7 1000.9 990.4 1055.7 1144.4 1086.1 1098.0 1123.8 1117.2 1009.1 1099.6 1123.7 1109.0 1039.8 1040.6 1028.8 1039.3 1033.8 1022.1 1087.4 1150.5 -999.0 -999.0 -999.0 -999.0 -999.0 -999.0 -999.0 -999.0 -999.0 -999.0 -999.0 -999.0 -999.0 -999.0 -999.0 -999.0 -999.0 -999.0 -999.0
1134.6 -999.0 1247.5 1085.2 846.7 751.1 993.0 534.5 656.2 1021.4 921.4 739.9 667.2 683.0 893.8 892.4 721.3 809.0 865.2 1215.1 1249.7 1304.7 1332.3 1273.5 1090.9 1032.0 1041.0 1066.6 1140.6 1036.0 976.4 983.4 859.3 942.4 1110.8 984.6 961.7 952.6 1002.9 1190.5 1190.7 1206.6 1122.3 1113.3 1036.2 1056.1 1025.9 1072.5 1074.4 1080.1 1072.0 1131.3 -999.0 -999.0 -999.0 -999.0 -999.0 -999.0 -999.0 -999.0 -999.0 -999.0 -999.0 -999.0 -999.0 -999.0 -999.0 -999.0 -999.0 -999.0 -999.0
749.1 -999.0 -999.0 846.7 510.9 870.3 704.5 1258.1 1007.6 954.3 947.8 665.8 793.3 480.6 522.5 604.5 801.4 950.7 1107.1 1166.9 908.9 1103.9 1255.4 1063.2 903.2 785.2 866.0 954.3 939.2 966.9 820.4 808.5 1051.0 1057.4 1090.4 1142.3 992.4 989.0 1041.5 1147.2 1195.5 1145.5 1014.1 1113.1 1061.2 1078.3 992.8 1087.5 1038.3 1039.5 1032.4 1100.9 -999.0 -999.0 -999.0 -999.0 -999.0 -999.0 -999.0 -999.0 -999.0 -999.0 -999.0 -999.0 -999.0 -999.0 -999.0 -999.0 -999.0 -999.0 -999.0
891.9 -999.0 -999.0 1067.7 1110.1 1073.6 1151.9 976.0 819.7 610.8 934.8 814.6 851.0 940.9 983.5 808.8 809.1 826.0 870.6 936.6 707.6 1133.8 996.3 1015.0 879.1 677.5 750.7 913.1 889.9 869.7 736.6 884.9 1141.5 824.8 977.0 898.6 820.8 1015.6 969.0 1165.1 1095.4 944.2 1041.6 1064.3 1125.4 1070.4 1130.1 1112.3 996.7 1059.0 1083.2 -999.0 -999.0 -999.0 -999.0 -999.0 -999.0 -999.0 -999.0 -999.0 -999.0 -999.0 -999.0 -999.0 -999.0 -999.0 -999.0 -999.0 -999.0 -999.0 -999.0
1184.5 1207.0 -999.0 -999.0 1280.7 1028.8 1153.7 932.1 648.7 454.1 709.1 438.8 669.1 760.4 809.6 997.0 957.8 850.5 873.6 774.4 1228.5 1009.2 1053.7 692.9 871.9 872.2 626.0 815.7 814.4 834.7 921.8 1049.1 970.3 899.0 944.1 867.2 883.3 789.7 939.6 1132.8 918.3 1033.7 1089.3 1082.2 963.3 1091.8 1147.4 1169.6 1085.9 1076.9 1106.9 -999.0 -999.0 -999.0 -999.0 -999.0 -999.0 -999.0 -999.0 -999.0 -999.0 -999.0 -999.0 -999.0 -999.0 -999.0 -999.0 -999.0 -999.0 -999.0 -999.0
1028.2 1157.3 -999.0 -999.0 1148.1 1141.9 1187.4 895.3 1245.2 936.9 687.5 491.6 374.6 528.0 916.4 904.6 827.3 668.2 875.0 1158.9 955.1 941.5 918.6 750.0 806.9 849.3 651.3 893.5 938.8 963.9 993.3 684.1 921.9 898.3 576.0 758.0 854.4 831.5 1020.7 1027.2 1057.3 1104.8 1153.4 1146.3 1159.8 1084.2 1142.0 1142.8 1083.8 1076.9 -999.0 -999.0 -999.0 -999.0 -999.0 -999.0 -999.0 -999.0 -999.0 -999.0 -999.0 -999.0 -999.0 -999.0 -999.0 -999.0 -999.0 -999.0 -999.0 -999.0 -999.0
987.4 1137.7 1097.9 896.5 609.3 756.4 637.7 795.0 1067.1 772.6 383.7 421.1 934.8 762.4 908.9 755.8 625.9 659.1 841.0 1045.1 936.8 613.1 535.6 739.6 717.0 702.5 940.0 1003.5 1011.9 857.8 726.9 933.1 924.4 908.1 789.2 644.4 753.6 621.2 1010.0 801.9 946.8 936.2 738.4 1069.5 1211.6 1099.8 1054.5 1140.7 1084.4 -999.0 -999.0 -999.0 -999.0 -999.0 -999.0 -999.0 -999.0 -999.0 -999.0 -999.0 -999.0 -999.0 -999.0 -999.0 -999.0 -999.0 -999.0 -999.0 -999.0 -999.0 -999.0
1196.0 955.1 1137.7 667.1 1153.7 1059.6 897.1 545.0 417.7 776.0 673.4 771.6 512.9 661.2 742.8 784.7 980.5 966.2 978.9 961.0 744.7 494.1 592.1 796.1 552.9 858.1 776.9 1051.1 1041.8 975.9 852.1 780.6 777.5 742.5 610.6 642.3 873.7 801.4 1053.8 1052.1 1124.3 1096.0 1096.9 1159.5 1187.8 1187.8 1147.7 1129.7 1213.0 -999.0 -999.0 -999.0 -999.0 -999.0 -999.0 -999.0 -999.0 -999.0 -999.0 -999.0 -999.0 -999.0 -999.0 -999.0 -999.0 -999.0 -999.0 -999.0 -999.0 -999.0 -999.0
-999.0 1086.0 1013.9 -999.0 1181.2 736.0 460.6 390.5 783.6 903.3 846.7 461.3 479.4 987.2 1077.4 926.7 678.7 1086.3 989.9 753.4 545.3 487.5 512.8 446.9 688.2 617.0 777.3 1019.6 607.1 883.4 594.8 631.2 599.5 527.0 644.6 813.8 928.2 842.4 945.1 893.2 1022.4 1015.8 1105.9 1130.2 1154.0 1171.5 1208.6 1180.3 -999.0 -999.0 -999.0 -999.0 -999.0 -999.0 -999.0 -999.0 -999.0 -999.0 -999.0 -999.0 -999.0 -999.0 -999.0 -999.0 -999.0 -999.0 -999.0 -999.0 -999.0 -999.0 -999.0
1248.0 946.6 1234.7 -999.0 597.4 848.8 787.3 1224.6 680.6 873.6 430.9 508.1 779.1 627.8 586.9 911.6 1199.9 779.4 737.3 632.2 439.8 416.5 424.5 401.9 616.1 849.7 1055.1 992.1 849.4 683.4 489.2 535.4 748.5 638.9 790.0 718.3 808.0 914.8 1003.8 948.4 941.8 967.2 1064.6 1015.9 1148.4 1074.7 1073.5 1163.7 -999.0 -999.0 -999.0 -999.0 -999.0 -999.0 -999.0 -999.0 -999.0 -999.0 -999.0 -999.0 -999.0 -999.0 -999.0 -999.0 -999.0 -999.0 -999.0 -999.0 -999.0 -999.0 -999.0
1043.4 1232.5 -999.0 1093.2 986.3 703.5 942.2 788.9 598.2 955.6 962.2 833.9 976.5 1118.3 1140.2 1130.9 811.6 535.3 493.9 463.3 419.4 330.6 423.5 742.2 921.0 948.8 542.2 780.1 312.4 292.7 462.1 497.1 507.6 675.0 753.7 780.8 741.4 1098.5 1109.3 1064.3 1123.0 1102.6 751.2 923.6 1195.9 1178.3 1163.1 1158.5 1242.5 -999.0 -999.0 -999.0 -999.0 -999.0 -999.0 -999.0 -999.0 -999.0 -999.0 -999.0 -999.0 -999.0 -999.0 -999.0 -999.0 -999.0 -999.0 -999.0 -999.0 -999.0 -999.0
-999.0 -999.0 1283.9 865.7 792.4 681.2 1052.3 779.8 483.4 936.9 875.9 676.4 732.1 719.6 868.7 635.4 581.1 429.9 666.6 687.5 545.4 437.4 586.9 926.0 844.9 914.4 637.7 328.9 545.5 319.7 443.1 484.4 562.3 634.0 672.4 839.6 1023.3 1124.6 1058.5 1161.5 1197.7 1090.4 1141.1 1203.0 1232.1 1120.8 1087.3 1144.0 -999.0 -999.0 -999.0 -999.0 -999.0 -999.0 -999.0 -999.0 -999.0 -999.0 -999.0 -999.0 -999.0 -999.0 -999.0 -999.0 -999.0 -999.0 -999.0 -999.0 -999.0 -999.0 -999.0
-999.0 -999.0 1270.7 1254.6 1003.7 664.7 891.8 631.2 1041.2 1074.4 1038.7 879.2 535.0 450.4 568.2 789.6 829.5 747.5 530.0 687.1 697.9 788.4 787.2 669.2 627.4 536.1 421.6 431.3 407.5 609.6 666.0 755.0 999.2 922.4 847.5 813.7 750.5 891.1 988.6 800.9 943.5 1202.4 1144.9 1037.7 991.8 965.7 1075.3 -999.0 -999.0 -999.0 -999.0 -999.0 -999.0 -999.0 -999.0 -999.0 -999.0 -999.0 -999.0 -999.0 -999.0 -999.0 -999.0 -999.0 -999.0 -999.0 -999.0 -999.0 -999.0 -999.0 -999.0
-999.0 -999.0 1030.1 727.6 1140.4 584.5 529.8 625.3 526.3 689.2 992.1 922.1 1067.5 1112.2 555.2 627.9 532.4 222.4 884.7 767.6 754.0 678.9 716.7 555.3 615.5 461.1 597.8 654.1 689.4 623.2 778.7 608.6 607.7 467.3 589.1 758.9 615.0 451.3 634.5 694.8 822.7 834.9 885.6 890.9 974.4 988.9 1092.2 -999.0 -999.0 -999.0 -999.0 -999.0 -999.0 -999.0 -999.0 -999.0 -999.0 -999.0 -999.0 -999.0 -999.0 -999.0 -999.0 -999.0 -999.0 -999.0 -999.0 -999.0 -999.0 -999.0 -999.0
-999.0 1286.6 1301.7 1091.9 1294.0 1106.2 940.3 708.2 1008.6 979.8 491.9 992.4 1065.1 1058.1 1009.0 607.6 786.0 961.7 833.4 453.2 517.2 697.9 334.3 504.0 569.2 467.0 409.9 483.5 533.3 521.2 539.9 573.1 526.5 345.1 801.2 579.9 616.1 986.5 1014.3 728.2 882.5 833.0 815.0 1050.8 970.9 1001.3 1076.0 -999.0 -999.0 -999.0 -999.0 -999.0 -999.0 -999.0 -999.0 -999.0 -999.0 -999.0 -999.0 -999.0 -999.0 -999.0 -999.0 -999.0 -999.0 -999.0 -999.0 -999.0 -999.0 -999.0 -999.0
-999.0 -999.0 1254.2 1020.7 523.6 1091.0 1250.5 1127.5 1196.8 1234.1 1208.0 1199.8 1054.7 995.0 640.8 861.0 777.0 806.9 474.0 577.7 778.1 701.5 332.7 597.4 504.9 706.5 462.6 485.1 695.1 346.9 414.4 454.2 336.3 389.4 581.0 455.9 579.9 743.9 950.7 1110.9 1062.1 883.8 998.0 1143.7 1107.9 1032.6 1206.5 -999.0 -999.0 -999.0 -999.0 -999.0 -999.0 -999.0 -999.0 -999.0 -999.0 -999.0 -999.0 -999.0 -999.0 -999.0 -999.0 -999.0 -999.0 -999.0 -999.0 -999.0 -999.0 -999.0 -999.0
1231.4 1234.2 1235.3 1148.3 828.4 1235.2 602.3 978.9 791.3 613.3 1210.6 1183.7 217.2 458.7 421.9 560.7 393.9 472.6 436.0 429.6 373.7 583.0 556.7 723.5 757.5 804.7 666.4 688.0 443.8 697.5 647.0 778.2 620.9 449.3 545.3 960.5 732.2 674.8 933.6 715.9 1032.6 1158.7 1180.4 1164.4 1020.2 1115.1 -999.0 -999.0 -999.0 -999.0 -999.0 -999.0 -999.0 -999.0 -999.0 -999.0 -999.0 -999.0 -999.0 -999.0 -999.0 -999.0 -999.0 -999.0 -999.0 -999.0 -999.0 -999.0 -999.0 -999.0 -999.0
