GDD/GrowingDegreeDays_1973_Actual.txt
ncols         180
nrows         290
xllcorner     -200000
yllcorner     -200000
cellsize      5000
NODATA_value    -999
[rows 192 to 223 of 290, columns 71 to 141 of 180]
-999.0 -999.0 -999.0 -999.0 -999.0 -999.0 -999.0 -999.0 -999.0 -999.0 -999.0 -999.0 -999.0 -999.0 -999.0 -999.0 -999.0 -999.0 -999.0 -999.0 -999.0 1633.3 1380.5 1213.0 1072.0 905.4 997.3 1219.3 1429.7 1559.0 1447.1 1282.5 1184.4 1128.7 1351.3 1514.5 1484.7 1395.1 1407.5 1546.6 1343.2 1431.5 1449.9 1572.2 1535.6 1652.2 1736.2 1747.6 1689.7 1736.8 1783.4 1764.0 1720.9 1691.8 1616.2 1672.8 1695.2 1645.3 1580.5 1552.6 1534.5 1495.2 1545.3 1576.2 1501.8 1529.7 1560.2 1597.6 1606.0 1691.5 1690.0
-999.0 -999.0 -999.0 -999.0 -999.0 -999.0 -999.0 -999.0 -999.0 -999.0 -999.0 -999.0 -999.0 -999.0 -999.0 -999.0 -999.0 -999.0 -999.0 -999.0 1670.4 1696.7 1430.5 1201.4 1096.7 1130.1 1158.3 1298.0 1240.9 972.8 1166.6 1172.2 1201.2 1392.9 1492.7 1434.2 1417.5 1524.1 1533.6 1485.9 1378.7 1403.7 1449.4 1581.7 1540.7 1698.3 1726.3 1672.7 1770.2 1677.0 1680.9 1702.5 1645.7 1671.3 1648.1 1736.9 1743.8 1652.4 1623.9 1633.0 1556.5 1565.3 1489.3 1544.7 1509.6 1585.7 1592.4 1609.9 1681.8 1709.7 1661.7
-999.0 -999.0 -999.0 -999.0 -999.0 -999.0 -999.0 -999.0 -999.0 -999.0 -999.0 -999.0 -999.0 -999.0 -999.0 -999.0 -999.0 -999.0 -999.0 -999.0 1465.7 1456.0 1434.9 1380.6 1212.8 976.4 1017.7 1105.7 1246.9 1193.8 1111.2 1069.1 1079.8 1373.6 1281.4 1223.1 1527.8 1363.6 1619.3 1552.0 1419.2 1302.8 1545.0 1542.9 1685.2 1748.3 1722.1 1692.5 1492.0 1595.1 1605.1 1623.7 1617.4 1632.8 1652.0 1728.4 1708.5 1681.9 1648.8 1700.2 1658.8 1541.0 1501.2 1520.2 1498.2 1588.4 1657.8 1689.1 1732.6 1708.3 1667.3
-999.0 -999.0 -999.0 -999.0 -999.0 -999.0 -999.0 -999.0 -999.0 -999.0 -999.0 -999.0 -999.0 -999.0 -999.0 -999.0 -999.0 -999.0 -999.0 -999.0 1552.6 1490.3 1647.7 1462.4 1224.6 974.9 1093.8 1079.6 1273.8 1153.9 1192.4 1303.3 1241.7 1229.7 1304.3 1437.5 1567.2 1549.9 1350.7 1603.6 1579.9 1553.6 1571.7 1509.0 1658.5 1782.7 1748.8 1669.8 1636.9 1656.2 1590.8 1597.7 1603.1 1602.3 1685.2 1688.8 1626.9 1663.9 1643.6 1709.2 1631.9 1526.1 1516.1 1596.8 1612.3 1580.9 1675.2 1679.4 1780.2 1709.8 1690.3
-999.0 -999.0 -999.0 -999.0 -999.0 -999.0 -999.0 -999.0 -999.0 -999.0 -999.0 -999.0 -999.0 -999.0 -999.0 -999.0 -999.0 -999.0 -999.0 1667.7 1469.5 1246.6 1401.3 1478.8 1192.8 1123.7 1023.3 1030.5 1405.9 1384.5 1416.6 1303.5 1211.9 1370.5 1379.8 1292.4 1475.2 1559.9 1589.6 1652.6 1678.4 1652.3 1602.9 1653.8 1712.3 1757.8 1780.6 1763.4 1711.8 1690.4 1733.4 1651.9 1646.0 1606.1 1672.8 1666.4 1654.7 1688.5 1697.5 1682.2 1580.1 1579.0 1582.3 1674.4 1642.9 1644.3 1671.5 1748.6 1713.4 1702.3 1694.9
-999.0 -999.0 -999.0 -999.0 -999.0 -999.0 -999.0 -999.0 -999.0 -999.0 -999.0 -999.0 -999.0 -999.0 -999.0 -999.0 -999.0 -999.0 1565.3 1484.6 1357.8 1443.8 1521.6 1265.7 1051.1 1017.9 1161.4 1108.7 1389.9 1286.6 1380.8 1430.6 1034.9 1344.2 1315.5 1565.9 1572.4 1655.4 1654.1 1628.1 1545.0 1637.5 1515.0 1684.9 1691.3 1828.1 1839.3 1794.5 1766.3 1761.8 1768.0 1696.3 1643.1 1631.6 1730.3 1686.2 1670.8 1644.4 1636.8 1623.7 1571.0 1618.1 1590.3 1686.4 1692.0 1743.3 1736.5 1659.9 1641.4 1680.0 1676.9
-999.0 -999.0 -999.0 -999.0 -999.0 -999.0 -999.0 -999.0 -999.0 -999.0 -999.0 -999.0 -999.0 -999.0 -999.0 -999.0 1543.5 1537.7 1547.8 1641.2 1609.2 1503.5 1440.9 1176.9 1075.1 990.0 961.8 1118.3 1263.5 1507.5 1327.6 1401.9 1146.8 1374.2 1523.0 1619.5 1701.5 1660.3 1707.7 1627.4 1511.1 1577.3 1587.3 1792.4 1810.6 1844.6 1846.1 1764.3 1761.3 1744.7 1780.7 1701.9 1659.3 1707.5 1706.4 1715.4 1609.5 1603.4 1549.9 1511.5 1546.7 1587.1 1658.0 1705.1 1673.5 1643.4 1665.2 1640.2 1710.2 1680.7 1682.9
-999.0 -999.0 -999.0 -999.0 -999.0 -999.0 -999.0 -999.0 -999.0 -999.0 -999.0 -999.0 1833.9 1815.3 1800.3 1434.8 1327.1 1253.3 1245.6 1466.6 1498.8 1523.6 1151.8 1210.0 1070.6 1065.8 1109.2 1336.3 1441.3 1570.3 1445.1 1492.9 1093.0 1235.3 1436.5 1659.8 1643.6 1662.5 1501.6 1678.3 1540.7 1551.5 1637.6 1775.8 1895.3 1910.8 1797.9 1810.1 1815.6 1712.7 1765.0 1728.7 1755.0 1712.7 1669.8 1628.2 1663.8 1584.7 1602.8 1566.7 1503.7 1519.8 1554.1 1601.1 1597.0 1615.4 1656.3 1691.1 1655.3 1747.8 1742.8
-999.0 -999.0 -999.0 -999.0 -999.0 -999.0 -999.0 -999.0 -999.0 -999.0 -999.0 1651.4 1719.5 1574.5 1571.9 1554.9 1343.5 1386.9 1347.4 1530.9 1641.0 1354.5 1245.4 1141.3 1403.9 1027.3 1208.5 1389.7 1121.0 1354.9 1603.0 1155.6 1321.3 1412.5 1728.1 1750.5 1706.5 1465.5 1683.4 1676.2 1640.5 1648.6 1620.7 1771.1 1844.8 1962.1 1853.0 1845.3 1823.8 1751.6 1747.0 1741.8 1742.6 1725.6 1639.6 1635.3 1503.3 1625.8 1637.0 1592.7 1532.7 1575.9 1590.4 1641.2 1659.9 1631.9 1667.5 1641.6 1709.4 1747.5 1737.3
-999.0 -999.0 -999.0 -999.0 -999.0 -999.0 -999.0 -999.0 -999.0 -999.0 1618.3 1590.7 1723.9 1678.7 1649.8 1548.0 1586.8 1505.5 1564.1 1540.3 1218.4 1405.5 1484.0 1154.8 1561.5 1269.9 1205.1 1024.3 1146.2 1168.2 1360.8 1404.8 1499.2 1724.1 1398.7 1445.1 1711.4 1680.1 1742.1 1774.1 1683.3 1719.1 1774.6 1756.6 1790.2 1954.0 1894.1 1874.5 1818.6 1813.1 1795.9 1765.1 1619.3 1733.9 1692.4 1623.1 1562.9 1602.1 1634.2 1583.8 1534.0 1547.4 1529.6 1593.1 1670.7 1698.6 1721.8 1654.3 1686.7 1736.0 1668.4
-999.0 -999.0 -999.0 -999.0 -999.0 -999.0 1851.2 1603.8 1705.6 1537.7 1680.2 1642.0 1571.3 1637.5 1648.2 1469.3 1544.9 1507.7 1538.3 1352.0 1360.4 1487.0 1416.8 1398.7 1473.8 1417.6 1152.9 1127.2 1276.7 1347.1 1257.0 1448.0 1682.4 1342.4 1283.2 1480.4 1466.7 1674.1 1693.8 1789.5 1759.7 1574.0 1773.5 1665.2 1850.2 1912.7 1888.9 1856.7 1672.6 1775.6 1732.6 1470.7 1706.2 1709.6 1681.2 1607.8 1534.7 1625.2 1617.2 1591.7 1607.2 1571.3 1575.4 1624.0 1680.0 1677.9 1719.2 1681.4 1656.3 1669.9 1685.2
-999.0 -999.0 -999.0 -999.0 -999.0 1799.7 1640.0 1645.1 1607.5 1399.4 1168.9 1266.0 1315.9 1539.4 1443.8 1321.9 1415.2 1451.5 1314.4 1475.1 1522.4 1339.4 1540.2 1660.2 1535.1 1467.5 1263.4 1270.0 1309.6 1385.7 1425.1 1518.9 1441.0 931.8 1182.0 1438.3 1620.5 1592.3 1696.9 1596.2 1746.9 1700.8 1794.0 1822.2 1851.1 1857.2 1881.5 1880.4 1779.0 1718.5 1466.3 1465.2 1546.7 1644.7 1673.4 1463.5 1564.5 1616.0 1602.2 1636.0 1581.6 1576.7 1586.8 1650.9 1601.5 1641.5 1696.8 1582.8 1603.0 1697.9 1704.6
-999.0 -999.0 -999.0 1896.2 1769.8 1722.0 1609.9 1649.2 1586.7 1474.5 1456.6 1525.3 1619.1 1439.9 1539.9 1405.5 1658.4 1575.7 1388.8 1463.0 1608.4 1515.1 1727.9 1699.2 1392.1 1289.7 1351.3 1458.3 1322.9 1560.5 1622.8 1612.0 1295.0 1148.9 1144.7 1618.2 1562.9 1585.9 1598.4 1680.6 1817.3 1708.8 1767.3 1796.4 1861.5 1851.3 1916.0 1913.0 1777.8 1696.3 1468.9 1508.5 1579.5 1673.2 1610.3 1485.2 1525.5 1561.7 1612.5 1606.0 1605.4 1597.7 1590.6 1606.1 1606.5 1607.4 1644.1 1657.7 1668.7 1720.8 1676.9
-999.0 -999.0 -999.0 1925.8 -999.0 1864.0 1793.2 1634.1 1694.9 1617.3 1628.7 1574.2 1624.3 1589.3 1491.9 1642.3 1601.0 1745.9 1770.5 1762.6 1755.8 1750.6 1522.2 1575.9 1271.7 871.0 1328.3 1299.2 1313.8 1086.4 1119.0 1675.5 1732.9 1068.1 1367.5 1533.6 1494.7 1437.9 1632.6 1790.8 1858.8 1685.3 1676.7 1798.3 1885.0 1925.9 1897.3 1928.2 1792.4 1529.0 1459.3 1579.1 1660.3 1694.8 1689.8 1656.3 1574.8 1632.0 1660.7 1682.5 1681.3 1631.2 1547.8 1527.9 1613.5 1669.2 1661.5 1705.2 1704.9 1678.5 1722.6
-999.0 -999.0 -999.0 -999.0 -999.0 -999.0 1688.7 1758.5 1763.8 1672.4 1734.6 1685.1 1680.6 1632.8 1714.8 1754.6 1713.8 1750.6 1644.4 1747.9 1527.1 1728.8 1475.6 1324.0 1265.1 1113.5 1032.1 1178.4 1076.4 1004.4 1374.3 1280.1 1445.5 1851.8 1426.6 1459.4 1737.3 1698.1 1829.9 1656.7 1699.5 1505.8 1600.7 1814.1 1866.2 1942.5 2007.1 1819.7 1553.0 1607.6 1455.3 1598.3 1670.5 1640.7 1702.3 1576.7 1684.3 1684.4 1742.0 1763.2 1736.0 1657.0 1595.5 1625.6 1705.7 1739.8 1741.5 1691.9 1626.5 1601.3 1680.0
-999.0 -999.0 -999.0 -999.0 -999.0 1863.3 1782.1 1728.8 1748.6 1777.2 1639.7 1570.5 1494.7 1588.6 1680.9 1733.9 1822.0 1770.1 1514.7 1764.4 1637.0 1858.9 1704.4 1628.8 1616.2 1624.9 1357.0 1395.2 1213.6 1201.0 1097.1 1266.8 1292.4 1439.2 1159.1 1608.9 1718.6 1759.0 1652.9 1693.0 1524.6 1603.9 1606.6 1843.6 1873.2 1877.3 1608.7 1525.1 1518.1 1465.5 1605.3 1588.3 1608.6 1649.3 1688.0 1685.5 1696.1 1757.4 1826.1 1845.9 1798.5 1679.9 1643.7 1633.7 1708.4 1787.1 1760.5 1666.4 1534.6 1670.6 1656.0
-999.0 -999.0 -999.0 -999.0 1964.8 1930.3 1857.4 1804.7 1802.0 1805.3 1802.6 1744.5 1814.4 1791.1 1833.6 1843.5 1818.7 1791.0 1761.6 1546.6 1826.9 1496.0 1583.8 1553.3 1406.7 1468.3 1587.5 1560.1 1399.4 1468.8 1331.3 1380.6 1548.3 1260.3 1282.9 1707.8 1583.5 1796.8 1763.0 1626.6 1587.9 1699.0 1729.8 1803.9 1852.2 1678.7 1720.5 1555.5 1548.8 1594.2 1578.3 1616.3 1668.3 1669.0 1729.5 1760.2 1764.0 1806.8 1765.9 1909.8 1778.8 1749.4 1714.4 1726.1 1740.6 1749.1 1679.7 1567.8 1600.8 1642.8 1668.8
-999.0 -999.0 -999.0 -999.0 -999.0 -999.0 1979.0 1892.2 1846.0 1812.0 1811.7 1798.5 -999.0 -999.0 -999.0 -999.0 1892.3 1809.3 1675.8 1864.7 1951.0 1825.5 1793.7 1750.6 1690.0 1870.7 1149.6 1128.6 1485.0 1585.9 1580.8 1447.5 1406.1 1325.5 1577.6 1666.8 1681.7 1813.6 1517.3 1689.9 1620.5 1836.9 1814.9 1810.0 1830.4 1596.9 1726.1 1584.8 1589.8 1660.1 1658.0 1682.8 1706.1 1743.6 1770.3 1779.5 1765.9 1786.9 1734.0 1852.0 1771.7 1703.0 1720.0 1705.8 1707.5 1630.6 1649.4 1610.5 1608.7 1648.6 1768.6
-999.0 -999.0 -999.0 -999.0 -999.0 -999.0 1997.2 1853.8 1764.0 1917.0 1808.1 1948.0 -999.0 -999.0 -999.0 -999.0 -999.0 -999.0 -999.0 1969.7 1996.1 1977.4 2074.4 1934.9 1727.3 1401.5 1234.1 1104.1 1185.4 1351.0 1495.4 1494.4 1633.3 1468.7 1481.9 1752.1 1814.7 1548.3 1581.6 1607.5 1885.0 1892.5 1836.9 1846.7 1689.6 1602.7 1612.8 1609.0 1661.2 1694.9 1713.7 1731.7 1734.8 1733.6 1746.6 1687.0 1735.3 1764.4 1802.5 1811.8 1729.5 1687.7 1706.7 1602.6 1615.8 1706.0 1623.4 1624.9 1674.6 1723.5 1789.9
-999.0 -999.0 -999.0 -999.0 -999.0 -999.0 -999.0 -999.0 1949.2 -999.0 -999.0 -999.0 -999.0 -999.0 -999.0 -999.0 -999.0 1838.7 1824.4 1860.1 1847.2 2043.6 2115.1 2093.4 1908.4 1638.4 1336.9 1248.5 1325.9 1651.5 1681.2 1387.0 1543.8 1609.4 1785.0 1881.5 1938.6 1741.3 1794.3 1823.6 1921.6 1905.5 1820.2 1819.7 1549.8 1496.5 1590.5 1615.6 1690.3 1709.4 1721.8 1748.3 1702.8 1724.4 1692.4 1740.8 1749.6 1771.1 1780.0 1760.4 1644.4 1606.0 1570.4 1508.7 1615.4 1612.6 1771.8 1693.9 1730.7 1794.3 1784.9
-999.0 -999.0 -999.0 -999.0 -999.0 -999.0 -999.0 -999.0 -999.0 -999.0 -999.0 -999.0 -999.0 -999.0 -999.0 -999.0 -999.0 1846.8 1834.0 1994.6 1932.0 1865.2 -999.0 -999.0 2154.7 1648.9 1774.9 1604.3 1651.0 1649.4 1603.2 1520.9 1797.1 1837.4 1849.1 1933.3 1960.9 1955.9 1967.9 1962.5 1935.4 1808.2 1801.5 1735.2 1533.2 1597.1 1632.1 1680.3 1705.6 1674.6 1698.7 1741.4 1727.6 1738.4 1701.9 1659.0 1638.7 1686.8 1646.9 1710.3 1679.3 1596.6 1448.1 1610.5 1592.6 1659.9 1826.5 1745.7 1786.0 1849.2 1916.6
-999.0 -999.0 -999.0 -999.0 -999.0 -999.0 -999.0 -999.0 -999.0 -999.0 -999.0 -999.0 -999.0 -999.0 -999.0 -999.0 -999.0 -999.0 -999.0 -999.0 -999.0 -999.0 -999.0 -999.0 2124.7 1977.7 1732.2 1705.2 1815.2 1832.5 1819.6 1782.4 1884.1 1946.6 1941.8 1953.3 1988.9 1999.4 -999.0 2023.8 1972.7 1864.4 1834.7 1737.0 1568.8 1621.5 1629.1 1693.8 1774.4 1766.7 1689.0 1740.8 1717.0 1604.3 1550.3 1568.8 1529.0 1487.2 1572.6 1592.6 1614.2 1625.9 1579.2 1677.7 1637.4 1641.8 1773.5 1828.2 1871.6 1876.2 1930.2
-999.0 -999.0 -999.0 -999.0 -999.0 -999.0 -999.0 -999.0 -999.0 -999.0 -999.0 -999.0 -999.0 -999.0 -999.0 -999.0 -999.0 -999.0 -999.0 -999.0 -999.0 -999.0 -999.0 -999.0 -999.0 2014.8 1907.1 1827.0 1756.9 1735.9 1853.8 1903.2 1944.7 2023.9 -999.0 -999.0 -999.0 -999.0 2013.2 2033.4 1928.5 1902.9 1859.4 1754.4 1587.8 1637.3 1599.9 1654.2 1791.1 1703.6 1689.9 1575.8 1624.5 1474.6 1543.6 1528.5 1573.8 1547.0 1548.8 1610.1 1582.6 1768.3 1769.8 1749.5 1816.1 1774.3 1830.3 1872.4 1903.1 1976.1 2054.4
-999.0 -999.0 -999.0 -999.0 -999.0 -999.0 -999.0 -999.0 -999.0 -999.0 -999.0 -999.0 -999.0 -999.0 -999.0 -999.0 -999.0 -999.0 -999.0 -999.0 -999.0 -999.0 -999.0 -999.0 -999.0 -999.0 1989.0 1774.9 1783.4 1817.6 1770.3 1874.4 1970.3 -999.0 -999.0 -999.0 -999.0 1899.3 1812.8 1757.8 1950.5 1946.7 1911.0 1699.1 1612.2 1601.8 1575.0 1619.1 1669.0 1715.4 1580.3 1448.5 1499.1 1499.4 1570.4 1564.3 1584.7 1666.5 1635.4 1648.1 1709.7 1759.1 1813.8 1923.1 1835.9 1794.5 1826.9 1804.2 1804.9 1952.5 2025.1
-999.0 -999.0 -999.0 -999.0 -999.0 -999.0 -999.0 -999.0 -999.0 -999.0 -999.0 -999.0 -999.0 -999.0 -999.0 -999.0 -999.0 -999.0 -999.0 -999.0 -999.0 -999.0 -999.0 -999.0 -999.0 -999.0 -999.0 1976.7 1899.7 1930.2 1835.7 1950.7 1959.3 -999.0 -999.0 -999.0 1910.4 1900.5 1846.3 1727.9 1781.8 1828.1 1929.9 1812.7 1866.7 1662.8 1600.9 1659.4 1585.8 1542.7 1546.8 1549.6 1469.7 1537.8 1599.9 1633.5 1687.9 1701.2 1707.3 1697.8 1682.2 1746.6 1817.7 1813.4 1728.8 1705.0 1794.5 1794.8 1809.2 1878.4 1959.2
-999.0 -999.0 -999.0 -999.0 -999.0 -999.0 -999.0 -999.0 -999.0 -999.0 -999.0 -999.0 -999.0 -999.0 -999.0 -999.0 -999.0 -999.0 -999.0 -999.0 -999.0 -999.0 -999.0 -999.0 -999.0 -999.0 -999.0 -999.0 -999.0 -999.0 -999.0 -999.0 -999.0 -999.0 -999.0 1880.4 1872.0 1885.7 1865.3 1701.0 1844.2 1810.7 1768.1 1808.8 1825.6 1733.2 1786.8 1743.4 1705.9 1627.9 1642.0 1624.3 1596.6 1565.0 1588.4 1612.6 1519.6 1636.7 1617.7 1666.6 1657.0 1694.4 1762.2 1739.4 1696.8 1701.9 1705.9 1790.0 1825.4 1850.3 1880.7
-999.0 -999.0 -999.0 -999.0 -999.0 -999.0 -999.0 -999.0 -999.0 -999.0 -999.0 -999.0 -999.0 -999.0 -999.0 -999.0 -999.0 -999.0 -999.0 -999.0 -999.0 -999.0 -999.0 -999.0 -999.0 -999.0 -999.0 -999.0 -999.0 -999.0 -999.0 -999.0 -999.0 -999.0 -999.0 1994.7 1790.3 1805.0 1415.2 1538.1 1811.8 1787.9 1762.8 1749.2 1715.5 1792.3 1809.5 1770.0 1729.7 1636.1 1684.3 1756.7 1636.0 1576.8 1475.6 1577.9 1559.6 1467.6 1578.2 1625.0 1674.7 1743.1 1761.6 1765.6 1759.3 1777.9 1817.2 1766.8 1783.3 1833.0 1830.4
-999.0 -999.0 -999.0 -999.0 -999.0 -999.0 -999.0 -999.0 -999.0 -999.0 -999.0 -999.0 -999.0 -999.0 -999.0 -999.0 -999.0 -999.0 -999.0 -999.0 -999.0 -999.0 -999.0 -999.0 -999.0 -999.0 -999.0 -999.0 -999.0 -999.0 -999.0 -999.0 -999.0 -999.0 -999.0 1964.3 1912.2 1878.6 1701.9 1461.9 1569.1 1683.5 1775.9 1668.0 1761.9 1758.7 1792.0 1625.0 1565.6 1515.7 1595.4 1698.1 1678.8 1652.7 1623.0 1592.0 1581.2 1634.6 1631.5 1643.1 1675.7 1741.3 1786.5 1817.7 1813.0 1775.1 1806.4 1762.9 1776.5 1789.9 1736.9
-999.0 -999.0 -999.0 -999.0 -999.0 -999.0 -999.0 -999.0 -999.0 -999.0 -999.0 -999.0 -999.0 -999.0 -999.0 -999.0 -999.0 -999.0 2180.6 2060.5 2072.5 1381.5 1330.4 1346.4 1386.7 1300.2 1998.6 1592.9 2093.8 -999.0 -999.0 -999.0 -999.0 -999.0 -999.0 1953.6 1907.1 1854.7 1913.5 1791.4 1641.9 1589.1 1655.1 1710.2 1731.4 1718.3 1661.0 1553.0 1586.4 1638.7 1663.9 1691.7 1642.7 1667.1 1713.5 1747.4 1752.2 1697.1 1715.0 1654.1 1631.1 1592.1 1708.9 1780.4 1752.1 1729.8 1768.6 1695.5 1739.9 1774.1 1690.4
-999.0 -999.0 -999.0 -999.0 -999.0 -999.0 -999.0 -999.0 -999.0 -999.0 -999.0 -999.0 -999.0 -999.0 -999.0 -999.0 -999.0 -999.0 1768.5 1710.4 1510.1 1398.7 1158.0 1089.0 1172.3 1207.1 1287.4 1597.5 1831.4 1971.1 1900.0 1699.6 1857.2 1929.7 1980.0 1959.5 1932.5 1912.9 1909.2 1897.5 1846.5 1661.6 1652.1 1694.2 1745.9 1528.8 1638.0 1706.4 1662.8 1627.3 1706.7 1728.4 1754.3 1719.5 1727.1 1754.8 1742.2 1803.3 1758.4 1683.1 1661.9 1673.4 1640.7 1644.4 1746.7 1768.7 1791.3 1801.2 1720.3 1777.8 1489.3
-999.0 -999.0 -999.0 -999.0 -999.0 -999.0 -999.0 -999.0 -999.0 -999.0 -999.0 -999.0 -999.0 -999.0 -999.0 -999.0 -999.0 2075.6 1962.5 1795.1 1699.7 1538.8 1258.3 1128.1 1172.0 1270.6 1310.7 1368.8 1557.8 1695.3 1761.7 1701.2 1600.5 1845.0 1905.5 1954.5 1915.2 1804.0 1896.2 1869.4 1731.5 1702.1 1712.7 1695.0 1515.6 1654.6 1549.3 1589.4 1646.6 1729.6 1723.9 1782.6 1738.4 1633.4 1752.3 1721.9 1786.2 1760.8 1763.1 1718.4 1692.9 1601.3 1562.7 1720.1 1763.1 1758.6 1603.7 1723.6 1763.1 1742.7 1731.4
-999.0 -999.0 -999.0 -999.0 -999.0 -999.0 -999.0 -999.0 -999.0 -999.0 -999.0 -999.0 -999.0 -999.0 -999.0 -999.0 -999.0 -999.0 2022.3 1971.1 1901.1 1580.9 1498.9 1420.4 1221.3 1344.0 1437.1 1605.7 1507.3 1378.2 1546.0 1715.9 1727.8 1620.5 1811.1 1941.8 1922.8 1907.9 1817.1 1769.3 1811.8 1802.4 1768.8 1735.0 1618.2 1700.0 1574.8 1636.4 1639.2 1675.5 1693.8 1756.7 1679.4 1643.3 1687.4 1802.9 1812.0 1785.3 1866.7 1807.2 1780.6 1688.0 1610.5 1628.1 1741.7 1734.3 1678.8 1689.5 1733.0 1787.2 1791.6
