GDD/GrowingDegreeDays_1989_Actual.txt
ncols         180
nrows         290
xllcorner     -200000
yllcorner     -200000
cellsize      5000
NODATA_value    -999
[rows 160 to 191 of 290, columns 71 to 141 of 180]
-999.0 -999.0 -999.0 -999.0 -999.0 -999.0 -999.0 -999.0 -999.0 -999.0 -999.0 -999.0 -999.0 -999.0 -999.0 -999.0 -999.0 -999.0 -999.0 -999.0 -999.0 -999.0 -999.0 -999.0 -999.0 -999.0 -999.0 -999.0 -999.0 -999.0 -999.0 -999.0 -999.0 -999.0 -999.0 1850.4 1812.4 1782.6 1735.3 1476.3 1364.5 1144.4 1410.2 1293.6 1688.2 1574.3 1587.8 1462.8 1398.9 1471.4 1400.7 1737.9 1737.3 1737.2 1760.3 1803.8 1721.8 1801.7 1822.4 1806.2 1849.9 1899.4 1861.5 1814.8 1789.0 1768.6 1640.0 1696.6 1765.3 1798.2 1806.8
-999.0 -999.0 -999.0 -999.0 -999.0 -999.0 -999.0 -999.0 -999.0 -999.0 -999.0 -999.0 -999.0 -999.0 -999.0 -999.0 -999.0 -999.0 -999.0 -999.0 -999.0 -999.0 -999.0 -999.0 -999.0 -999.0 -999.0 -999.0 -999.0 -999.0 -999.0 -999.0 -999.0 -999.0 -999.0 1850.2 1802.1 1810.9 1839.4 1769.7 1479.9 1674.3 1644.4 1750.2 1619.9 1359.1 1501.8 1355.5 1412.0 1358.3 1733.5 1474.6 1695.8 1610.4 1672.0 1674.7 1761.9 1779.3 1814.9 1836.2 1851.8 1861.3 1816.3 1775.4 1779.9 1789.4 1768.5 1684.7 1745.4 1800.7 1818.4
-999.0 -999.0 -999.0 -999.0 -999.0 -999.0 -999.0 -999.0 -999.0 -999.0 -999.0 -999.0 -999.0 -999.0 -999.0 -999.0 -999.0 -999.0 -999.0 -999.0 -999.0 -999.0 -999.0 -999.0 -999.0 -999.0 -999.0 -999.0 -999.0 -999.0 -999.0 -999.0 -999.0 -999.0 -999.0 1854.3 1823.6 1774.2 1876.8 1834.6 1737.2 1692.1 1735.6 1794.5 1648.3 1539.2 1535.3 1367.4 1240.2 1497.9 1614.1 1819.6 1717.1 1912.8 1860.4 1795.0 1737.8 1780.5 1794.1 1832.0 1841.7 1836.7 1805.8 1773.4 1777.2 1789.6 1788.0 1719.6 1690.9 1813.8 1911.5
-999.0 -999.0 -999.0 -999.0 -999.0 -999.0 -999.0 -999.0 -999.0 -999.0 -999.0 -999.0 -999.0 -999.0 -999.0 -999.0 -999.0 -999.0 -999.0 -999.0 -999.0 -999.0 -999.0 -999.0 -999.0 -999.0 -999.0 -999.0 -999.0 -999.0 -999.0 -999.0 -999.0 -999.0 -999.0 1871.6 1818.8 1791.4 1848.9 1879.6 1835.3 1822.9 1728.4 1603.6 1755.5 1667.4 1553.2 1192.9 1198.8 1219.3 1423.7 1667.5 1777.4 1770.4 1916.9 1964.4 1836.4 1763.8 1832.5 1852.8 1845.3 1856.0 1829.8 1808.7 1811.1 1827.8 1842.8 1751.7 1729.2 1927.0 2044.2
-999.0 -999.0 -999.0 -999.0 -999.0 -999.0 -999.0 -999.0 -999.0 -999.0 -999.0 -999.0 -999.0 -999.0 -999.0 -999.0 -999.0 -999.0 -999.0 -999.0 -999.0 -999.0 -999.0 -999.0 -999.0 -999.0 -999.0 -999.0 -999.0 -999.0 -999.0 -999.0 -999.0 -999.0 -999.0 1877.0 1849.9 1852.4 1906.6 1919.4 1904.4 1781.9 1748.9 1632.4 1563.9 1380.9 1273.3 1194.4 1386.1 1322.0 1535.6 1633.7 1791.1 1656.1 1782.5 1913.3 1956.3 1942.7 1910.2 1895.7 1869.1 1859.2 1860.8 1848.2 1845.2 1865.3 1864.5 1883.8 1861.1 1979.9 2068.6
-999.0 -999.0 -999.0 -999.0 -999.0 -999.0 -999.0 -999.0 -999.0 -999.0 -999.0 -999.0 -999.0 -999.0 -999.0 -999.0 -999.0 -999.0 -999.0 -999.0 -999.0 -999.0 -999.0 -999.0 -999.0 -999.0 -999.0 -999.0 -999.0 -999.0 -999.0 -999.0 -999.0 -999.0 -999.0 -999.0 1826.5 1846.7 1891.7 1912.5 1809.5 1595.2 1551.0 1498.0 1562.4 1568.3 1379.8 1395.2 1305.9 1435.1 1702.2 1931.0 1876.6 1805.0 1779.6 1939.1 1938.6 1881.4 1903.0 1928.4 1871.1 1878.9 1883.2 1877.7 1868.6 1875.3 1872.3 1870.5 1916.4 1953.3 2000.4
-999.0 -999.0 -999.0 -999.0 -999.0 -999.0 -999.0 -999.0 -999.0 -999.0 -999.0 -999.0 -999.0 -999.0 -999.0 -999.0 -999.0 -999.0 -999.0 -999.0 -999.0 -999.0 -999.0 -999.0 -999.0 -999.0 -999.0 -999.0 -999.0 -999.0 -999.0 -999.0 -999.0 -999.0 -999.0 1925.3 1843.3 1861.7 1897.4 1887.0 1809.4 1463.0 1412.1 1542.6 1348.1 1376.4 1447.8 1457.9 1213.2 1412.1 1453.5 1713.3 1993.0 1743.6 1889.2 1983.9 1881.2 1871.5 1932.6 1890.6 1900.1 1898.2 1887.6 1880.1 1872.9 1871.7 1765.4 1842.8 1877.1 1784.5 1834.4
-999.0 -999.0 -999.0 -999.0 -999.0 -999.0 -999.0 -999.0 -999.0 -999.0 -999.0 -999.0 -999.0 -999.0 -999.0 -999.0 -999.0 -999.0 -999.0 -999.0 -999.0 -999.0 -999.0 -999.0 -999.0 -999.0 -999.0 -999.0 -999.0 -999.0 -999.0 -999.0 -999.0 -999.0 -999.0 1931.3 1898.2 1888.9 1905.2 1745.1 1804.8 1710.0 1449.0 1677.9 1654.4 1609.9 1690.8 1650.1 1379.1 1453.5 1490.5 1822.6 1701.3 1581.1 1822.1 1764.8 1833.3 1793.4 1841.8 1872.3 1919.0 1919.6 1900.6 1885.0 1862.9 1879.3 1870.2 1806.7 1860.8 1816.2 1762.3
-999.0 -999.0 -999.0 -999.0 -999.0 -999.0 -999.0 -999.0 -999.0 -999.0 -999.0 -999.0 -999.0 -999.0 -999.0 -999.0 -999.0 -999.0 -999.0 -999.0 -999.0 -999.0 -999.0 -999.0 -999.0 -999.0 -999.0 -999.0 -999.0 -999.0 -999.0 -999.0 -999.0 -999.0 1920.7 1930.5 1915.3 1818.6 1837.0 1826.6 1864.9 1777.1 1744.4 1792.5 1828.4 1841.1 1796.2 1684.8 1420.9 1245.9 1216.1 1541.0 1438.8 1510.4 1769.2 1785.1 1890.0 1855.3 1845.8 1899.5 1931.3 1926.6 1910.2 1887.1 1859.2 1884.6 1875.2 1856.7 1841.0 1825.1 1703.0
-999.0 -999.0 -999.0 -999.0 -999.0 -999.0 -999.0 -999.0 -999.0 -999.0 -999.0 -999.0 -999.0 -999.0 -999.0 -999.0 -999.0 -999.0 -999.0 -999.0 -999.0 -999.0 -999.0 -999.0 -999.0 -999.0 -999.0 -999.0 -999.0 -999.0 -999.0 -999.0 -999.0 -999.0 -999.0 1916.8 1957.6 1915.0 1888.8 1736.4 1922.9 1923.8 1919.4 1907.1 1901.5 1942.5 1913.8 1803.1 1686.4 1336.9 1198.1 1147.5 1400.1 1430.3 1594.5 1754.9 1760.7 1943.2 1934.2 1853.1 1927.8 1934.4 1923.8 1884.6 1859.6 1874.7 1873.6 1844.9 1848.6 1845.6 1815.2
-999.0 -999.0 -999.0 -999.0 -999.0 -999.0 -999.0 -999.0 -999.0 -999.0 -999.0 -999.0 -999.0 -999.0 -999.0 -999.0 -999.0 -999.0 -999.0 -999.0 -999.0 -999.0 -999.0 -999.0 -999.0 -999.0 -999.0 -999.0 -999.0 -999.0 -999.0 -999.0 -999.0 -999.0 -999.0 1980.6 1983.4 1992.6 1975.9 1943.4 1940.6 1942.0 1978.8 1984.6 2051.2 2075.0 2031.2 1920.0 1705.9 1618.1 1226.7 1087.8 1123.7 1333.0 1533.3 1703.2 1842.8 1783.7 1867.3 1800.3 1903.3 1907.7 1918.2 1853.6 1844.7 1858.3 1841.4 1833.1 1847.8 1852.7 1796.5
-999.0 -999.0 -999.0 -999.0 -999.0 -999.0 -999.0 -999.0 -999.0 -999.0 -999.0 -999.0 -999.0 -999.0 -999.0 1923.2 1870.2 1835.4 1832.8 -999.0 -999.0 -999.0 -999.0 -999.0 -999.0 -999.0 -999.0 -999.0 -999.0 -999.0 -999.0 -999.0 -999.0 -999.0 2002.8 2060.9 2021.4 2034.0 1951.1 1950.0 1976.1 1976.1 1977.9 2012.0 2039.7 2078.8 2036.7 1936.5 1783.9 1466.6 1262.8 1244.8 1441.1 1300.5 1489.6 1882.7 1855.8 1919.9 1695.5 1726.2 1852.6 1831.4 1785.7 1745.9 1802.3 1844.1 1851.6 1828.2 1842.5 1878.0 1855.9
-999.0 -999.0 -999.0 -999.0 -999.0 -999.0 -999.0 -999.0 -999.0 -999.0 -999.0 -999.0 -999.0 -999.0 -999.0 1839.4 1736.5 1757.2 1880.2 -999.0 -999.0 -999.0 -999.0 -999.0 -999.0 -999.0 -999.0 -999.0 -999.0 -999.0 -999.0 -999.0 -999.0 2085.6 1947.8 2031.0 2064.5 1984.0 2033.5 1963.3 1989.0 1981.7 1973.9 1991.1 1977.8 1957.7 1988.1 1929.8 1814.8 1672.5 1265.0 1207.5 1460.3 1437.3 1617.2 1778.3 2050.5 1975.0 1792.5 1744.4 1812.2 1856.2 1803.3 1744.9 1793.5 1845.8 1861.5 1860.0 1829.4 1875.9 1855.3
-999.0 -999.0 -999.0 -999.0 -999.0 -999.0 -999.0 -999.0 -999.0 -999.0 -999.0 -999.0 -999.0 1921.3 2012.3 1930.5 1752.7 1763.2 1807.2 1988.2 2084.1 2133.6 -999.0 -999.0 1984.8 2048.8 -999.0 -999.0 -999.0 2076.8 1958.8 1939.9 -999.0 2081.6 1909.6 2013.4 2095.7 2053.7 2041.0 1930.2 1922.4 1903.5 1935.9 1886.1 1945.1 1868.5 1896.1 1872.6 1516.0 1765.4 1632.7 1377.6 1692.4 1625.0 1387.8 1906.8 1797.8 1925.2 1814.2 1784.8 1832.3 1860.1 1887.2 1859.9 1852.7 1891.3 1876.8 1900.9 1847.5 1894.8 1881.2
-999.0 -999.0 -999.0 -999.0 -999.0 -999.0 -999.0 -999.0 -999.0 -999.0 -999.0 -999.0 -999.0 -999.0 2033.6 1971.9 1875.9 1849.9 1877.8 1906.5 1861.7 2117.6 -999.0 2103.8 1949.1 1734.7 1845.2 1808.3 2056.7 2044.8 1646.1 1669.3 1783.6 -999.0 2010.0 1964.4 1999.7 2039.3 2017.5 1884.7 1974.4 2063.8 2041.3 1928.3 1885.9 1862.9 1777.9 1767.6 1478.6 1429.5 1474.7 1445.5 1483.3 1379.5 1456.7 1693.8 1882.0 1920.2 1735.5 1729.6 1839.8 1813.8 1892.7 1855.0 1858.3 1901.1 1882.6 1913.6 1863.3 1902.6 1901.6
-999.0 -999.0 -999.0 -999.0 -999.0 -999.0 -999.0 -999.0 -999.0 -999.0 -999.0 -999.0 -999.0 -999.0 -999.0 2038.8 1935.6 1863.6 1946.7 1975.8 2008.7 2081.4 1657.1 1123.3 1840.8 1499.4 1502.7 1613.0 1788.3 1951.9 1910.9 1729.5 1585.7 1796.4 2014.2 2043.2 1987.8 2003.0 1927.0 1734.7 1849.2 2057.4 2080.4 1964.9 1885.9 1855.0 1763.6 1692.3 1337.9 1280.0 1434.2 1439.5 1562.4 1606.3 1565.6 1653.5 1847.4 1875.4 1765.1 1791.9 1819.0 1777.3 1864.1 1812.4 1885.4 1897.9 1903.9 1876.9 1777.0 1935.6 1926.5
-999.0 -999.0 -999.0 -999.0 -999.0 -999.0 -999.0 -999.0 -999.0 -999.0 -999.0 -999.0 -999.0 -999.0 -999.0 -999.0 1957.3 2013.8 2014.9 2018.9 1901.6 1695.1 869.0 1303.8 1962.1 1434.1 1714.2 1453.7 1527.6 1798.4 1934.5 1460.3 1673.3 1673.4 1857.3 2035.0 1979.9 1946.1 1938.6 1809.5 1815.9 1937.0 1975.5 1959.3 1878.5 1836.3 1784.8 1580.1 1475.5 1214.3 1384.4 1369.1 1409.2 1702.2 1599.7 1547.9 1687.4 1765.2 1764.2 1828.6 1784.7 1782.0 1847.7 1810.0 1893.9 1916.5 1899.4 1919.3 1924.4 1926.4 1938.3
-999.0 -999.0 -999.0 -999.0 -999.0 -999.0 -999.0 -999.0 -999.0 -999.0 -999.0 -999.0 -999.0 -999.0 -999.0 -999.0 -999.0 2084.2 2040.4 1827.3 1589.7 925.4 850.7 1281.4 1589.7 1605.9 1483.9 1359.4 1370.9 1400.4 1707.2 1851.5 1400.3 1641.2 1806.6 1845.1 1950.1 1967.5 1926.7 1882.4 1855.0 1901.7 1941.4 1911.6 1855.3 1814.8 1744.5 1584.3 1400.2 1307.7 1458.5 1483.3 1395.1 1552.2 1817.8 1611.8 1799.6 1746.6 1741.8 1849.9 1857.4 1831.7 1819.4 1816.0 1900.5 1931.4 1921.5 1960.2 1884.0 1924.6 1941.5
-999.0 -999.0 -999.0 -999.0 -999.0 -999.0 -999.0 -999.0 -999.0 -999.0 -999.0 -999.0 -999.0 -999.0 -999.0 -999.0 -999.0 2108.8 1952.7 1541.6 1376.2 1244.0 1019.0 1533.6 1846.3 1637.2 1340.8 1259.3 1220.3 1403.4 1668.9 1908.2 1384.6 1468.9 1744.7 1840.3 1987.7 1982.0 1921.0 1824.9 1834.5 1852.6 1871.2 1891.0 1862.1 1800.3 1619.6 1530.1 1611.6 1283.6 1452.3 1433.9 1369.1 1427.4 1627.4 1751.8 1793.5 1851.8 1748.5 1739.1 1831.0 1829.5 1878.0 1877.8 1935.1 1930.6 1937.8 1945.0 1917.2 1890.0 1928.8
-999.0 -999.0 -999.0 -999.0 -999.0 -999.0 -999.0 -999.0 -999.0 -999.0 -999.0 -999.0 -999.0 -999.0 -999.0 -999.0 -999.0 2102.6 1887.9 1629.6 1650.5 1249.5 1370.5 1660.6 1588.7 1718.7 1508.1 1240.5 1361.3 1230.2 1435.6 1730.5 1420.8 1416.9 1552.8 1894.7 1962.5 1996.2 1892.6 1784.7 1791.5 1835.8 1857.7 1874.2 1839.7 1708.7 1641.5 1659.9 1630.2 1454.7 1485.5 1511.2 1541.8 1628.9 1644.0 1601.1 1847.0 1766.2 1756.9 1815.1 1803.3 1858.7 1820.0 1937.5 1950.5 1939.2 1950.5 1948.3 1833.6 1925.5 1944.7
-999.0 -999.0 -999.0 -999.0 -999.0 -999.0 -999.0 -999.0 -999.0 -999.0 -999.0 -999.0 -999.0 -999.0 -999.0 -999.0 2081.0 1263.9 1746.1 1599.7 1451.9 1786.8 1006.6 1184.5 1276.3 1404.7 1204.8 1386.1 1333.2 1434.5 1556.9 1457.6 1256.7 1445.4 1572.8 1896.9 1990.4 2016.5 1852.1 1826.6 1853.8 1846.6 1874.9 1846.8 1737.6 1758.4 1759.9 1601.0 1494.7 1704.8 1399.6 1479.9 1730.5 1682.0 1722.7 1775.1 1790.2 1828.7 1819.4 1896.2 1837.5 1901.8 1953.3 1857.7 1957.5 1946.2 1932.0 1930.5 1843.5 1930.4 1954.4
-999.0 -999.0 -999.0 -999.0 -999.0 -999.0 -999.0 -999.0 -999.0 -999.0 -999.0 -999.0 -999.0 -999.0 2070.9 2002.5 1639.0 1713.1 1871.8 1867.3 1682.2 1888.7 1606.2 1462.8 1227.1 1250.1 1144.4 1255.1 1208.6 1571.1 1416.3 1482.4 1744.7 1744.3 1852.1 1852.2 1939.4 1966.2 1852.9 1828.6 1825.4 1856.2 1823.0 1697.4 1761.1 1724.5 1789.1 1632.7 1562.3 1603.6 1685.3 1775.9 1687.2 1730.9 1758.0 1771.1 1802.1 1816.8 1889.5 1927.0 1989.0 2024.1 1993.9 1953.8 1944.8 1915.4 1938.4 1925.4 1843.2 1915.2 1957.3
-999.0 -999.0 -999.0 -999.0 -999.0 -999.0 -999.0 -999.0 -999.0 -999.0 -999.0 -999.0 -999.0 2017.4 1934.9 1923.3 1928.7 1999.6 2070.3 2036.5 2043.3 1985.4 1660.5 1499.2 1378.0 929.5 1373.3 1485.9 1448.1 1656.1 1247.8 1236.8 1352.0 1661.0 1838.3 1843.8 1868.8 1887.9 1841.7 1786.1 1818.9 1814.0 1786.0 1711.3 1668.5 1762.0 1752.7 1624.9 1638.7 1679.5 1714.2 1729.0 1730.3 1826.7 1796.6 1848.3 1980.9 1881.6 1930.3 2019.4 2097.2 2057.4 1957.9 1956.8 1935.5 1912.5 1901.8 1900.9 1791.8 1855.4 1924.7
-999.0 -999.0 -999.0 -999.0 -999.0 -999.0 -999.0 -999.0 -999.0 -999.0 -999.0 -999.0 2058.7 1829.7 1845.7 1894.5 -999.0 -999.0 -999.0 -999.0 2072.5 1456.7 1429.4 1419.4 1290.7 1403.7 1474.8 1206.6 1267.5 1426.7 896.9 1092.2 1339.4 1414.6 1724.5 1934.0 1883.2 1848.8 1856.2 1829.6 1829.7 1830.8 1768.4 1794.4 1662.4 1725.1 1724.3 1707.8 1697.3 1707.0 1741.4 1831.0 1835.3 1856.1 1886.3 1931.2 1998.9 2001.5 1988.0 2011.4 2021.2 2001.7 1967.0 1942.9 1878.8 1840.7 1836.1 1852.1 1801.1 1837.3 1863.5
-999.0 -999.0 -999.0 -999.0 -999.0 -999.0 -999.0 -999.0 -999.0 -999.0 -999.0 -999.0 2023.4 1708.9 1996.9 2073.9 -999.0 -999.0 -999.0 -999.0 2148.2 1651.9 1329.2 1658.5 1279.7 1309.4 1341.5 1136.3 1077.6 1319.5 1073.5 1561.4 1545.1 1671.3 1821.1 1953.0 1926.9 1860.5 1840.5 1794.4 1749.2 1832.4 1765.3 1777.3 1755.3 1690.3 1768.7 1756.5 1821.7 1768.2 1719.7 1715.0 1734.3 1859.7 1909.0 1933.7 1954.9 1908.0 1933.0 1923.5 1920.6 1921.9 1830.8 1864.5 1721.3 1732.7 1735.2 1820.3 1803.6 1836.2 1862.4
-999.0 -999.0 -999.0 -999.0 -999.0 -999.0 -999.0 -999.0 -999.0 -999.0 -999.0 -999.0 -999.0 -999.0 -999.0 -999.0 -999.0 -999.0 -999.0 -999.0 2163.1 1582.3 1525.7 1671.3 1448.4 1612.0 1166.4 1217.6 1537.9 1322.1 1370.2 1524.5 1542.9 1787.2 1904.1 1980.1 1857.8 1854.7 1828.1 1815.7 1840.7 1847.7 1835.9 1827.1 1800.4 1760.0 1814.1 1843.3 1836.2 1804.5 1834.6 1792.4 1773.3 1918.8 1807.4 1737.9 1836.7 1839.3 1858.8 1922.1 1869.7 1785.7 1674.9 1703.6 1771.4 1764.5 1735.5 1799.8 1791.9 1838.5 1851.2
-999.0 -999.0 -999.0 -999.0 -999.0 -999.0 -999.0 -999.0 -999.0 -999.0 -999.0 -999.0 -999.0 -999.0 -999.0 -999.0 -999.0 -999.0 -999.0 -999.0 -999.0 1608.5 2097.3 1923.0 1579.8 1243.3 1375.6 1264.0 1247.1 1572.2 1528.8 1490.6 1810.0 1870.6 1959.3 1956.4 1915.3 1870.3 1889.2 1892.7 1881.8 1888.5 1878.8 1845.1 1846.3 1792.8 1814.6 1872.8 1720.0 1790.4 1891.7 1896.0 1883.6 1868.9 1873.3 1769.7 1748.1 1808.1 1734.5 1875.4 1889.1 1773.4 1779.5 1751.7 1773.8 1829.5 1769.9 1801.0 1834.2 1885.1 1861.3
-999.0 -999.0 -999.0 -999.0 -999.0 -999.0 -999.0 -999.0 -999.0 -999.0 -999.0 -999.0 -999.0 -999.0 -999.0 -999.0 -999.0 -999.0 -999.0 -999.0 -999.0 1915.8 1406.9 1298.5 1438.7 1487.7 1585.0 1415.0 1567.6 1548.9 1734.9 1894.1 1723.3 1911.0 1948.7 1785.3 1822.5 1854.3 1917.0 1978.3 1949.2 1855.2 1868.6 1774.2 1782.7 1797.2 1831.9 1896.1 1748.8 1715.9 1832.8 1893.7 1913.1 1886.9 1866.3 1832.5 1787.9 1748.5 1618.3 1765.3 1911.6 1856.2 1778.4 1693.3 1663.4 1726.4 1824.8 1814.3 1867.9 1909.0 1945.4
-999.0 -999.0 -999.0 -999.0 -999.0 -999.0 -999.0 -999.0 -999.0 -999.0 -999.0 -999.0 -999.0 -999.0 -999.0 -999.0 -999.0 -999.0 -999.0 -999.0 1964.9 1759.5 1832.6 1182.6 1560.4 1647.4 1452.1 1495.9 1620.0 1411.1 1775.9 1918.3 1695.9 1973.0 1453.7 1685.2 1836.9 1855.6 1785.2 1904.6 1900.0 1643.5 1676.8 1750.0 1855.6 1820.9 1851.6 1900.1 1866.7 1851.4 1883.4 1911.6 1903.3 1899.7 1877.6 1815.4 1820.4 1733.2 1776.5 1872.6 1904.5 1833.0 1744.7 1666.1 1641.3 1703.0 1837.8 1859.0 1910.2 1956.4 1993.8
-999.0 -999.0 -999.0 -999.0 -999.0 -999.0 -999.0 -999.0 -999.0 -999.0 -999.0 -999.0 -999.0 -999.0 -999.0 -999.0 -999.0 -999.0 -999.0 -999.0 2156.0 1867.4 1263.3 1678.7 1993.8 1743.1 1681.7 1517.0 1371.1 1430.7 1751.9 1872.1 1834.4 1913.9 1797.1 1735.3 1662.1 1662.2 1838.3 1819.4 1811.2 1772.9 1730.2 1838.6 1863.9 1828.4 1871.3 1872.0 1888.7 1953.7 1940.2 1921.7 1913.5 1902.9 1899.1 1868.0 1855.9 1788.4 1782.1 1856.6 1868.6 1777.9 1669.8 1602.6 1695.8 1701.2 1752.4 1839.8 1950.5 1911.8 2011.7
-999.0 -999.0 -999.0 -999.0 -999.0 -999.0 -999.0 -999.0 -999.0 -999.0 -999.0 -999.0 -999.0 -999.0 -999.0 -999.0 -999.0 -999.0 -999.0 -999.0 2216.2 1724.5 2024.6 1760.7 1783.4 1639.6 1617.9 1248.4 1421.8 1347.6 1622.8 1760.4 1904.5 1908.8 1802.8 1564.0 1455.1 1365.8 1740.5 1612.2 1721.7 1719.4 1752.3 1896.0 1867.6 1860.0 1900.8 1912.3 1985.7 2002.6 1895.1 1896.0 1929.1 1902.0 1801.9 1908.5 1874.8 1839.1 1846.3 1886.8 1861.9 1764.0 1713.1 1707.8 1740.9 1762.3 1853.7 1892.8 1892.9 1923.5 2011.7
-999.0 -999.0 -999.0 -999.0 -999.0 -999.0 -999.0 -999.0 -999.0 -999.0 -999.0 -999.0 -999.0 -999.0 -999.0 -999.0 -999.0 -999.0 -999.0 -999.0 -999.0 1966.8 1651.0 1442.2 1251.1 1168.3 1374.5 1379.5 1553.9 1804.8 1844.2 1891.8 1816.6 1801.3 1847.3 1706.2 1690.6 1435.4 1609.7 1703.1 1736.1 1649.4 1699.1 1884.9 1802.8 1904.3 1964.6 1841.2 2017.7 2030.4 2024.2 1960.6 1963.1 1930.3 1790.6 1850.4 1908.3 1849.2 1860.3 1872.0 1825.5 1745.7 1773.3 1801.8 1858.4 1824.6 1911.5 1843.8 1870.3 1975.2 2012.4
