GDD/GrowingDegreeDays_1969_Actual.txt
ncols         180
nrows         290
xllcorner     -200000
yllcorner     -200000
cellsize      5000
NODATA_value    -999
[rows 160 to 191 of 290, columns 71 to 141 of 180]
-999.0 -999.0 -999.0 -999.0 -999.0 -999.0 -999.0 -999.0 -999.0 -999.0 -999.0 -999.0 -999.0 -999.0 -999.0 -999.0 -999.0 -999.0 -999.0 -999.0 -999.0 -999.0 -999.0 -999.0 -999.0 -999.0 -999.0 -999.0 -999.0 -999.0 -999.0 -999.0 -999.0 -999.0 -999.0 1659.8 1645.0 1629.4 1598.0 1390.0 1293.4 1094.1 1323.1 1218.5 1545.5 1448.9 1455.0 1348.3 1291.9 1352.0 1292.9 1573.0 1563.1 1555.3 1569.4 1601.4 1537.0 1599.4 1615.6 1599.4 1635.3 1675.9 1642.9 1602.4 1581.1 1566.5 1461.8 1501.3 1545.0 1564.6 1580.1
-999.0 -999.0 -999.0 -999.0 -999.0 -999.0 -999.0 -999.0 -999.0 -999.0 -999.0 -999.0 -999.0 -999.0 -999.0 -999.0 -999.0 -999.0 -999.0 -999.0 -999.0 -999.0 -999.0 -999.0 -999.0 -999.0 -999.0 -999.0 -999.0 -999.0 -999.0 -999.0 -999.0 -999.0 -999.0 1679.1 1653.8 1658.5 1688.2 1630.8 1385.3 1540.7 1515.4 1597.9 1487.7 1265.0 1379.7 1251.5 1297.6 1250.2 1557.6 1350.0 1529.1 1455.3 1500.5 1499.3 1568.1 1583.0 1610.1 1619.6 1626.4 1635.8 1598.8 1562.1 1569.1 1581.1 1564.1 1491.0 1524.7 1557.3 1582.9
-999.0 -999.0 -999.0 -999.0 -999.0 -999.0 -999.0 -999.0 -999.0 -999.0 -999.0 -999.0 -999.0 -999.0 -999.0 -999.0 -999.0 -999.0 -999.0 -999.0 -999.0 -999.0 -999.0 -999.0 -999.0 -999.0 -999.0 -999.0 -999.0 -999.0 -999.0 -999.0 -999.0 -999.0 -999.0 1687.5 1669.9 1611.9 1712.0 1676.7 1588.0 1550.5 1587.9 1633.2 1510.1 1416.9 1404.9 1259.0 1145.6 1363.1 1451.4 1622.9 1545.3 1698.1 1646.8 1593.8 1547.6 1580.9 1591.0 1612.4 1596.2 1609.0 1586.3 1559.5 1566.9 1582.3 1581.5 1522.3 1490.3 1580.7 1662.8
-999.0 -999.0 -999.0 -999.0 -999.0 -999.0 -999.0 -999.0 -999.0 -999.0 -999.0 -999.0 -999.0 -999.0 -999.0 -999.0 -999.0 -999.0 -999.0 -999.0 -999.0 -999.0 -999.0 -999.0 -999.0 -999.0 -999.0 -999.0 -999.0 -999.0 -999.0 -999.0 -999.0 -999.0 -999.0 1681.0 1636.7 1612.0 1672.4 1685.6 1655.3 1653.4 1577.9 1475.8 1596.4 1524.8 1426.5 1108.6 1110.2 1123.9 1294.0 1500.3 1591.6 1583.7 1688.4 1727.0 1624.6 1562.9 1612.9 1622.1 1611.3 1626.7 1610.3 1592.1 1596.9 1612.0 1625.3 1548.3 1522.8 1671.0 1754.7
-999.0 -999.0 -999.0 -999.0 -999.0 -999.0 -999.0 -999.0 -999.0 -999.0 -999.0 -999.0 -999.0 -999.0 -999.0 -999.0 -999.0 -999.0 -999.0 -999.0 -999.0 -999.0 -999.0 -999.0 -999.0 -999.0 -999.0 -999.0 -999.0 -999.0 -999.0 -999.0 -999.0 -999.0 -999.0 1679.1 1668.4 1675.2 1717.6 1721.9 1712.5 1618.2 1593.4 1499.7 1442.8 1283.9 1183.9 1111.1 1275.2 1217.8 1396.9 1477.0 1605.6 1499.8 1592.7 1694.1 1719.8 1695.7 1664.1 1658.2 1639.8 1637.0 1641.6 1633.3 1631.7 1647.7 1644.1 1655.8 1631.0 1711.3 1771.9
-999.0 -999.0 -999.0 -999.0 -999.0 -999.0 -999.0 -999.0 -999.0 -999.0 -999.0 -999.0 -999.0 -999.0 -999.0 -999.0 -999.0 -999.0 -999.0 -999.0 -999.0 -999.0 -999.0 -999.0 -999.0 -999.0 -999.0 -999.0 -999.0 -999.0 -999.0 -999.0 -999.0 -999.0 -999.0 -999.0 1656.1 1676.3 1709.1 1724.1 1640.5 1467.7 1431.4 1388.6 1445.3 1443.5 1277.8 1286.8 1207.3 1319.0 1544.0 1727.3 1675.2 1621.7 1600.5 1725.8 1705.1 1630.3 1642.3 1682.1 1648.1 1660.6 1667.8 1666.6 1659.6 1662.7 1659.5 1653.4 1683.4 1704.3 1733.6
-999.0 -999.0 -999.0 -999.0 -999.0 -999.0 -999.0 -999.0 -999.0 -999.0 -999.0 -999.0 -999.0 -999.0 -999.0 -999.0 -999.0 -999.0 -999.0 -999.0 -999.0 -999.0 -999.0 -999.0 -999.0 -999.0 -999.0 -999.0 -999.0 -999.0 -999.0 -999.0 -999.0 -999.0 -999.0 1708.4 1665.8 1687.6 1714.3 1704.9 1641.9 1357.6 1315.0 1425.8 1260.2 1278.7 1329.6 1337.1 1124.7 1302.3 1347.4 1576.0 1750.9 1577.8 1696.6 1766.9 1661.1 1632.3 1678.6 1660.5 1680.9 1687.3 1684.9 1680.5 1672.4 1670.3 1584.5 1644.3 1669.3 1590.1 1624.0
-999.0 -999.0 -999.0 -999.0 -999.0 -999.0 -999.0 -999.0 -999.0 -999.0 -999.0 -999.0 -999.0 -999.0 -999.0 -999.0 -999.0 -999.0 -999.0 -999.0 -999.0 -999.0 -999.0 -999.0 -999.0 -999.0 -999.0 -999.0 -999.0 -999.0 -999.0 -999.0 -999.0 -999.0 -999.0 1715.8 1709.9 1706.8 1720.0 1591.7 1638.7 1563.0 1348.3 1541.9 1516.3 1471.0 1526.1 1495.6 1271.1 1336.9 1370.4 1638.9 1536.7 1452.8 1643.9 1585.5 1628.1 1588.5 1628.3 1661.7 1712.3 1723.3 1712.8 1700.1 1677.3 1689.6 1680.4 1630.8 1678.3 1639.5 1584.7
-999.0 -999.0 -999.0 -999.0 -999.0 -999.0 -999.0 -999.0 -999.0 -999.0 -999.0 -999.0 -999.0 -999.0 -999.0 -999.0 -999.0 -999.0 -999.0 -999.0 -999.0 -999.0 -999.0 -999.0 -999.0 -999.0 -999.0 -999.0 -999.0 -999.0 -999.0 -999.0 -999.0 -999.0 1693.7 1721.3 1724.0 1651.6 1669.5 1658.3 1689.2 1619.0 1594.1 1634.0 1659.9 1664.3 1620.7 1529.2 1308.9 1152.3 1119.6 1402.8 1318.3 1385.0 1594.2 1601.3 1681.6 1652.3 1647.8 1701.8 1742.0 1754.3 1747.1 1721.4 1690.4 1703.6 1692.2 1677.0 1674.9 1659.6 1531.9
-999.0 -999.0 -999.0 -999.0 -999.0 -999.0 -999.0 -999.0 -999.0 -999.0 -999.0 -999.0 -999.0 -999.0 -999.0 -999.0 -999.0 -999.0 -999.0 -999.0 -999.0 -999.0 -999.0 -999.0 -999.0 -999.0 -999.0 -999.0 -999.0 -999.0 -999.0 -999.0 -999.0 -999.0 -999.0 1709.5 1754.9 1726.0 1706.9 1585.4 1737.7 1739.2 1735.5 1726.7 1721.7 1750.2 1724.3 1633.0 1536.3 1232.7 1102.3 1053.6 1280.7 1308.8 1446.8 1574.7 1579.6 1728.8 1728.3 1674.8 1758.1 1791.2 1789.9 1743.2 1705.6 1705.0 1693.2 1665.3 1666.0 1649.6 1594.4
-999.0 -999.0 -999.0 -999.0 -999.0 -999.0 -999.0 -999.0 -999.0 -999.0 -999.0 -999.0 -999.0 -999.0 -999.0 -999.0 -999.0 -999.0 -999.0 -999.0 -999.0 -999.0 -999.0 -999.0 -999.0 -999.0 -999.0 -999.0 -999.0 -999.0 -999.0 -999.0 -999.0 -999.0 -999.0 1762.4 1777.2 1791.6 1781.7 1755.2 1753.9 1754.7 1785.0 1792.0 1847.7 1864.6 1827.6 1733.6 1555.2 1478.8 1131.0 1002.5 1033.8 1219.4 1391.0 1531.3 1646.7 1602.2 1678.6 1637.7 1745.8 1779.7 1795.9 1742.5 1713.0 1700.3 1670.6 1653.0 1656.8 1649.8 1596.6
-999.0 -999.0 -999.0 -999.0 -999.0 -999.0 -999.0 -999.0 -999.0 -999.0 -999.0 -999.0 -999.0 -999.0 -999.0 1693.3 1672.5 1655.0 1636.5 -999.0 -999.0 -999.0 -999.0 -999.0 -999.0 -999.0 -999.0 -999.0 -999.0 -999.0 -999.0 -999.0 -999.0 -999.0 1765.9 1830.3 1807.6 1819.4 1758.1 1755.2 1782.1 1783.8 1787.0 1818.4 1848.4 1883.6 1843.3 1753.0 1620.9 1347.9 1163.8 1144.5 1314.6 1186.6 1351.0 1672.7 1653.3 1711.4 1535.5 1573.4 1699.2 1713.5 1722.6 1712.6 1698.8 1693.9 1678.5 1646.0 1650.0 1673.8 1662.2
-999.0 -999.0 -999.0 -999.0 -999.0 -999.0 -999.0 -999.0 -999.0 -999.0 -999.0 -999.0 -999.0 -999.0 -999.0 1634.6 1572.7 1607.2 1690.8 -999.0 -999.0 -999.0 -999.0 -999.0 -999.0 -999.0 -999.0 -999.0 -999.0 -999.0 -999.0 -999.0 -999.0 1847.8 1728.3 1808.4 1830.2 1765.2 1810.3 1760.5 1793.4 1789.5 1785.8 1806.8 1810.8 1805.3 1815.2 1753.0 1647.3 1519.7 1163.0 1108.6 1329.7 1307.1 1456.7 1585.1 1810.1 1752.6 1610.4 1580.8 1654.2 1722.0 1734.7 1709.5 1680.1 1690.0 1681.5 1667.4 1636.9 1673.7 1662.3
-999.0 -999.0 -999.0 -999.0 -999.0 -999.0 -999.0 -999.0 -999.0 -999.0 -999.0 -999.0 -999.0 1665.9 1763.2 1712.6 1582.8 1602.3 1627.3 1761.9 1821.9 1851.4 -999.0 -999.0 1748.4 1814.0 -999.0 -999.0 -999.0 1815.2 1714.6 1712.8 -999.0 1849.1 1712.1 1797.2 1853.6 1818.8 1813.8 1733.0 1734.6 1724.4 1755.1 1720.0 1782.2 1732.5 1742.9 1713.2 1400.1 1588.7 1472.5 1254.5 1521.6 1466.9 1259.9 1693.1 1602.6 1707.3 1620.0 1600.7 1650.3 1694.2 1737.4 1691.3 1691.3 1711.5 1684.1 1692.4 1646.0 1684.8 1677.2
-999.0 -999.0 -999.0 -999.0 -999.0 -999.0 -999.0 -999.0 -999.0 -999.0 -999.0 -999.0 -999.0 -999.0 1778.0 1744.2 1677.2 1664.8 1684.2 1698.8 1649.3 1864.4 -999.0 1852.7 1735.1 1574.3 1673.8 1621.8 1825.4 1817.9 1491.8 1511.1 1605.0 -999.0 1807.2 1769.3 1786.0 1812.6 1797.0 1694.4 1774.1 1855.7 1841.0 1753.9 1721.0 1708.7 1653.4 1652.3 1371.9 1289.2 1316.8 1302.6 1343.9 1257.9 1326.1 1520.5 1667.1 1696.2 1545.7 1541.1 1631.8 1622.6 1704.8 1677.3 1679.0 1704.8 1680.1 1701.4 1661.4 1684.5 1685.4
-999.0 -999.0 -999.0 -999.0 -999.0 -999.0 -999.0 -999.0 -999.0 -999.0 -999.0 -999.0 -999.0 -999.0 -999.0 1787.7 1714.5 1664.0 1737.8 1765.5 1793.6 1859.9 1487.5 1032.7 1642.5 1371.7 1377.2 1464.4 1611.4 1749.0 1715.1 1569.3 1450.1 1626.4 1810.4 1833.0 1783.8 1789.1 1726.3 1572.7 1671.9 1849.9 1871.7 1776.9 1716.4 1697.3 1647.3 1599.7 1247.3 1140.6 1264.5 1290.5 1410.3 1464.1 1434.0 1480.3 1630.5 1649.7 1558.6 1576.4 1591.0 1564.3 1655.8 1625.3 1685.8 1690.7 1688.8 1664.9 1575.7 1692.4 1695.7
-999.0 -999.0 -999.0 -999.0 -999.0 -999.0 -999.0 -999.0 -999.0 -999.0 -999.0 -999.0 -999.0 -999.0 -999.0 -999.0 1712.7 1773.8 1786.2 1801.2 1703.0 1525.7 806.0 1190.7 1727.3 1297.0 1535.5 1328.0 1391.9 1613.5 1727.3 1344.2 1530.6 1531.8 1679.9 1831.7 1788.9 1751.9 1741.5 1637.0 1643.6 1746.4 1778.1 1764.6 1701.8 1671.6 1637.3 1465.2 1354.2 1097.3 1240.6 1232.0 1275.0 1537.4 1451.2 1371.3 1491.4 1550.0 1546.6 1591.0 1556.2 1560.0 1630.6 1610.9 1681.6 1697.6 1678.0 1685.2 1668.8 1672.6 1698.8
-999.0 -999.0 -999.0 -999.0 -999.0 -999.0 -999.0 -999.0 -999.0 -999.0 -999.0 -999.0 -999.0 -999.0 -999.0 -999.0 -999.0 1816.5 1796.1 1626.3 1428.5 849.4 779.4 1153.3 1386.9 1399.7 1325.3 1232.1 1245.3 1272.7 1522.6 1637.8 1321.0 1531.5 1641.1 1684.9 1764.8 1767.5 1730.3 1694.0 1672.9 1712.2 1745.4 1719.4 1674.3 1641.7 1582.6 1445.2 1276.6 1183.4 1312.3 1330.8 1254.0 1389.0 1597.7 1395.8 1555.6 1525.8 1518.8 1585.9 1601.6 1602.4 1604.3 1609.3 1680.8 1705.4 1692.2 1712.4 1632.3 1672.5 1701.7
-999.0 -999.0 -999.0 -999.0 -999.0 -999.0 -999.0 -999.0 -999.0 -999.0 -999.0 -999.0 -999.0 -999.0 -999.0 -999.0 -999.0 1830.0 1715.6 1383.0 1248.2 1134.2 925.1 1346.1 1552.9 1383.3 1191.0 1128.4 1094.0 1264.1 1479.7 1653.5 1264.2 1359.9 1577.4 1658.9 1780.7 1772.9 1721.7 1643.6 1654.3 1673.7 1687.9 1698.5 1673.0 1619.1 1465.8 1383.0 1447.9 1157.3 1303.3 1281.3 1219.5 1266.4 1430.1 1519.6 1553.5 1610.8 1529.3 1513.8 1592.4 1603.9 1649.7 1656.9 1706.5 1702.1 1705.4 1705.3 1676.1 1659.4 1698.5
-999.0 -999.0 -999.0 -999.0 -999.0 -999.0 -999.0 -999.0 -999.0 -999.0 -999.0 -999.0 -999.0 -999.0 -999.0 -999.0 -999.0 1824.0 1659.2 1449.9 1465.1 1125.0 1231.9 1457.6 1374.2 1477.2 1331.0 1099.5 1196.1 1108.7 1293.3 1533.1 1291.8 1304.5 1413.0 1694.3 1751.6 1778.8 1693.7 1605.9 1615.2 1658.0 1673.8 1680.8 1648.9 1537.9 1473.9 1472.3 1447.3 1303.1 1326.6 1337.6 1351.9 1423.9 1436.8 1393.1 1601.1 1549.3 1550.0 1599.2 1586.3 1632.3 1602.2 1703.2 1717.5 1709.1 1718.6 1715.3 1623.9 1701.4 1718.1
-999.0 -999.0 -999.0 -999.0 -999.0 -999.0 -999.0 -999.0 -999.0 -999.0 -999.0 -999.0 -999.0 -999.0 -999.0 -999.0 1793.4 1124.4 1539.7 1417.3 1278.7 1560.7 915.0 1076.8 1145.2 1252.6 1082.7 1239.3 1195.6 1298.2 1404.9 1320.1 1147.3 1316.7 1423.3 1689.8 1768.9 1791.5 1654.9 1633.9 1658.4 1657.5 1680.3 1653.7 1561.1 1576.5 1568.9 1417.4 1328.5 1512.4 1245.1 1296.0 1480.9 1448.2 1494.4 1523.3 1549.1 1607.9 1610.3 1679.0 1618.9 1669.6 1713.2 1637.9 1722.1 1716.1 1704.9 1706.1 1635.9 1707.9 1729.0
-999.0 -999.0 -999.0 -999.0 -999.0 -999.0 -999.0 -999.0 -999.0 -999.0 -999.0 -999.0 -999.0 -999.0 1749.5 1711.2 1422.4 1496.3 1640.7 1633.1 1472.9 1669.3 1473.0 1346.8 1119.5 1130.0 1036.0 1136.0 1106.0 1436.4 1307.3 1341.5 1550.1 1554.1 1648.2 1650.3 1724.4 1748.4 1654.5 1634.2 1631.7 1659.7 1633.1 1526.4 1577.3 1547.4 1594.1 1454.6 1392.6 1425.7 1485.1 1543.1 1450.4 1494.5 1536.5 1550.9 1603.6 1614.5 1667.3 1698.8 1734.7 1766.5 1746.5 1716.6 1712.0 1690.9 1712.2 1703.7 1637.9 1697.8 1734.8
-999.0 -999.0 -999.0 -999.0 -999.0 -999.0 -999.0 -999.0 -999.0 -999.0 -999.0 -999.0 -999.0 1690.9 1632.1 1637.0 1656.4 1727.5 1793.4 1777.8 1800.5 1777.9 1539.8 1390.0 1257.7 844.9 1237.1 1333.1 1314.5 1508.3 1158.4 1116.9 1203.7 1477.4 1637.4 1646.0 1667.3 1683.2 1645.8 1601.5 1629.1 1625.8 1601.2 1537.2 1496.9 1571.0 1555.1 1447.5 1458.6 1488.3 1510.6 1515.9 1511.6 1594.8 1580.6 1627.7 1757.4 1671.2 1699.9 1763.0 1819.4 1792.7 1718.1 1719.6 1705.5 1690.3 1684.4 1685.5 1596.8 1651.8 1709.6
-999.0 -999.0 -999.0 -999.0 -999.0 -999.0 -999.0 -999.0 -999.0 -999.0 -999.0 -999.0 1718.1 1529.5 1545.0 1600.0 -999.0 -999.0 -999.0 -999.0 1819.2 1317.2 1308.8 1299.1 1173.9 1261.9 1316.6 1092.8 1149.4 1292.5 816.1 965.4 1165.6 1271.8 1554.8 1725.5 1679.8 1653.5 1663.7 1645.6 1647.2 1645.2 1589.8 1605.9 1490.1 1529.9 1517.5 1510.3 1505.9 1512.8 1537.5 1607.8 1610.2 1628.8 1658.7 1701.6 1763.6 1764.0 1746.8 1759.7 1764.0 1750.3 1727.0 1710.1 1662.0 1633.5 1632.6 1648.9 1608.9 1640.1 1662.5
-999.0 -999.0 -999.0 -999.0 -999.0 -999.0 -999.0 -999.0 -999.0 -999.0 -999.0 -999.0 1686.4 1425.4 1666.0 1735.3 -999.0 -999.0 -999.0 -999.0 1876.2 1472.7 1211.5 1485.5 1156.5 1173.1 1189.8 1012.7 965.8 1182.3 965.0 1377.1 1364.6 1494.4 1637.9 1742.2 1716.9 1664.6 1656.8 1632.1 1595.5 1653.2 1590.8 1597.6 1570.1 1504.7 1560.0 1551.9 1610.0 1564.7 1522.8 1517.5 1532.6 1637.4 1679.1 1702.8 1721.9 1680.4 1699.1 1691.1 1685.9 1688.2 1616.6 1647.0 1534.9 1548.7 1554.2 1627.7 1614.3 1643.2 1664.6
-999.0 -999.0 -999.0 -999.0 -999.0 -999.0 -999.0 -999.0 -999.0 -999.0 -999.0 -999.0 -999.0 -999.0 -999.0 -999.0 -999.0 -999.0 -999.0 -999.0 1878.2 1402.5 1366.7 1488.5 1294.3 1407.6 1002.1 1043.4 1341.3 1167.2 1220.1 1357.0 1376.8 1587.7 1694.8 1758.4 1655.9 1655.5 1648.0 1664.5 1690.0 1669.8 1654.7 1649.1 1612.1 1564.4 1601.7 1624.1 1619.4 1595.3 1620.5 1584.3 1569.7 1689.8 1596.7 1540.8 1622.3 1622.3 1636.0 1688.0 1645.2 1577.5 1486.3 1514.5 1576.6 1579.0 1558.8 1614.9 1609.5 1648.4 1656.7
-999.0 -999.0 -999.0 -999.0 -999.0 -999.0 -999.0 -999.0 -999.0 -999.0 -999.0 -999.0 -999.0 -999.0 -999.0 -999.0 -999.0 -999.0 -999.0 -999.0 -999.0 1404.7 1837.6 1701.1 1404.8 1097.3 1155.5 1057.6 1089.9 1371.7 1351.9 1332.5 1600.8 1656.6 1734.9 1732.1 1698.2 1659.3 1686.6 1707.0 1705.5 1699.2 1689.0 1662.0 1647.8 1588.4 1595.4 1641.0 1519.2 1581.4 1666.5 1671.5 1663.1 1653.2 1657.5 1569.8 1551.4 1598.8 1534.7 1650.9 1661.3 1564.1 1567.2 1551.3 1579.5 1634.6 1591.1 1619.3 1650.5 1692.9 1671.0
-999.0 -999.0 -999.0 -999.0 -999.0 -999.0 -999.0 -999.0 -999.0 -999.0 -999.0 -999.0 -999.0 -999.0 -999.0 -999.0 -999.0 -999.0 -999.0 -999.0 -999.0 1667.1 1260.2 1185.3 1299.1 1319.4 1369.1 1227.4 1370.5 1362.5 1527.9 1672.5 1533.3 1690.8 1722.4 1585.8 1615.3 1640.8 1703.4 1761.8 1742.5 1663.5 1677.4 1590.4 1584.4 1581.7 1599.2 1652.0 1536.9 1516.0 1616.8 1668.7 1688.1 1669.2 1652.9 1624.1 1586.1 1550.8 1439.2 1558.7 1683.0 1634.1 1570.0 1506.0 1488.9 1548.8 1638.4 1634.0 1684.4 1722.0 1750.9
-999.0 -999.0 -999.0 -999.0 -999.0 -999.0 -999.0 -999.0 -999.0 -999.0 -999.0 -999.0 -999.0 -999.0 -999.0 -999.0 -999.0 -999.0 -999.0 -999.0 1714.2 1558.4 1635.3 1096.2 1418.4 1469.2 1290.6 1322.4 1426.6 1259.8 1574.3 1708.3 1517.0 1742.6 1310.1 1501.0 1625.3 1641.9 1590.9 1696.1 1693.5 1479.5 1507.1 1559.8 1634.4 1587.1 1602.9 1654.4 1635.8 1629.1 1655.1 1682.7 1678.6 1679.4 1663.9 1611.8 1614.8 1539.5 1571.7 1649.2 1677.0 1619.9 1551.4 1488.4 1472.3 1531.2 1650.8 1674.0 1727.0 1780.0 1806.3
-999.0 -999.0 -999.0 -999.0 -999.0 -999.0 -999.0 -999.0 -999.0 -999.0 -999.0 -999.0 -999.0 -999.0 -999.0 -999.0 -999.0 -999.0 -999.0 -999.0 1891.7 1667.0 1162.3 1518.5 1782.7 1552.5 1488.7 1349.6 1228.1 1281.1 1554.4 1666.4 1630.8 1692.4 1594.0 1544.9 1483.3 1482.1 1629.0 1616.3 1610.4 1576.4 1539.9 1624.4 1634.3 1584.9 1610.9 1635.6 1659.6 1708.6 1693.3 1689.6 1687.1 1681.2 1681.7 1656.7 1646.9 1588.7 1581.4 1642.0 1650.1 1577.4 1490.1 1435.9 1522.4 1529.3 1577.4 1658.0 1766.5 1757.6 1833.6
-999.0 -999.0 -999.0 -999.0 -999.0 -999.0 -999.0 -999.0 -999.0 -999.0 -999.0 -999.0 -999.0 -999.0 -999.0 -999.0 -999.0 -999.0 -999.0 -999.0 1953.2 1557.7 1804.5 1577.6 1590.0 1456.2 1433.8 1124.5 1272.3 1209.7 1439.0 1557.5 1680.1 1682.7 1596.1 1399.2 1307.0 1226.0 1541.6 1436.6 1527.0 1524.2 1549.9 1666.3 1638.4 1626.7 1660.7 1680.9 1745.6 1754.2 1664.4 1671.8 1703.0 1681.5 1601.5 1692.2 1666.2 1635.0 1640.1 1672.6 1650.9 1570.9 1530.4 1530.0 1562.9 1584.4 1664.7 1699.9 1709.5 1749.1 1816.9
-999.0 -999.0 -999.0 -999.0 -999.0 -999.0 -999.0 -999.0 -999.0 -999.0 -999.0 -999.0 -999.0 -999.0 -999.0 -999.0 -999.0 -999.0 -999.0 -999.0 -999.0 1736.4 1478.0 1302.6 1131.9 1045.9 1222.4 1234.5 1382.3 1590.0 1609.7 1651.9 1596.7 1585.3 1625.3 1509.9 1497.2 1282.7 1428.2 1502.4 1529.4 1456.4 1497.9 1651.1 1584.5 1672.5 1728.0 1633.8 1780.8 1790.6 1783.7 1729.9 1733.6 1705.4 1591.9 1644.7 1695.2 1647.8 1657.9 1665.9 1626.8 1559.9 1585.0 1610.8 1662.3 1637.2 1710.1 1652.4 1679.9 1772.1 1802.3
