GDD/GrowingDegreeDays_2010_Actual.txt
ncols         180
nrows         290
xllcorner     -200000
yllcorner     -200000
cellsize      5000
NODATA_value    -999
[rows 160 to 191 of 290, columns 71 to 141 of 180]
-999.0 -999.0 -999.0 -999.0 -999.0 -999.0 -999.0 -999.0 -999.0 -999.0 -999.0 -999.0 -999.0 -999.0 -999.0 -999.0 -999.0 -999.0 -999.0 -999.0 -999.0 -999.0 -999.0 -999.0 -999.0 -999.0 -999.0 -999.0 -999.0 -999.0 -999.0 -999.0 -999.0 -999.0 -999.0 1666.8 1646.4 1631.2 1596.1 1359.9 1253.3 1032.9 1296.0 1184.1 1561.7 1453.5 1456.3 1337.4 1285.7 1367.2 1302.4 1621.7 1620.9 1622.7 1641.6 1688.9 1625.1 1714.1 1735.8 1718.8 1756.7 1798.3 1766.4 1727.6 1709.2 1699.3 1582.2 1643.4 1713.9 1751.5 1761.0
-999.0 -999.0 -999.0 -999.0 -999.0 -999.0 -999.0 -999.0 -999.0 -999.0 -999.0 -999.0 -999.0 -999.0 -999.0 -999.0 -999.0 -999.0 -999.0 -999.0 -999.0 -999.0 -999.0 -999.0 -999.0 -999.0 -999.0 -999.0 -999.0 -999.0 -999.0 -999.0 -999.0 -999.0 -999.0 1678.9 1653.7 1668.9 1701.0 1636.4 1357.5 1533.9 1499.5 1600.0 1485.2 1240.4 1381.1 1242.7 1302.8 1261.8 1624.0 1378.3 1585.7 1502.9 1559.7 1570.9 1669.7 1706.4 1738.5 1738.1 1745.4 1756.9 1720.9 1687.3 1699.6 1718.0 1704.3 1631.8 1695.9 1755.7 1770.7
-999.0 -999.0 -999.0 -999.0 -999.0 -999.0 -999.0 -999.0 -999.0 -999.0 -999.0 -999.0 -999.0 -999.0 -999.0 -999.0 -999.0 -999.0 -999.0 -999.0 -999.0 -999.0 -999.0 -999.0 -999.0 -999.0 -999.0 -999.0 -999.0 -999.0 -999.0 -999.0 -999.0 -999.0 -999.0 1685.5 1672.7 1637.1 1734.2 1692.1 1592.3 1541.8 1574.1 1631.9 1503.7 1408.6 1413.7 1257.1 1138.4 1404.1 1522.8 1705.9 1603.0 1781.7 1728.3 1678.1 1643.2 1697.1 1704.7 1729.3 1716.8 1729.9 1708.3 1685.5 1698.1 1719.8 1723.9 1664.6 1639.8 1757.8 1842.0
-999.0 -999.0 -999.0 -999.0 -999.0 -999.0 -999.0 -999.0 -999.0 -999.0 -999.0 -999.0 -999.0 -999.0 -999.0 -999.0 -999.0 -999.0 -999.0 -999.0 -999.0 -999.0 -999.0 -999.0 -999.0 -999.0 -999.0 -999.0 -999.0 -999.0 -999.0 -999.0 -999.0 -999.0 -999.0 1708.9 1662.4 1644.3 1694.2 1713.1 1673.9 1657.2 1566.3 1451.5 1601.2 1528.3 1428.3 1082.1 1097.5 1126.0 1336.5 1563.7 1658.9 1649.8 1776.9 1832.5 1728.6 1668.9 1729.5 1741.8 1731.1 1750.8 1735.1 1720.7 1731.7 1754.3 1773.9 1691.6 1663.1 1837.1 1936.4
-999.0 -999.0 -999.0 -999.0 -999.0 -999.0 -999.0 -999.0 -999.0 -999.0 -999.0 -999.0 -999.0 -999.0 -999.0 -999.0 -999.0 -999.0 -999.0 -999.0 -999.0 -999.0 -999.0 -999.0 -999.0 -999.0 -999.0 -999.0 -999.0 -999.0 -999.0 -999.0 -999.0 -999.0 -999.0 1712.2 1694.5 1697.3 1740.0 1748.1 1732.1 1609.4 1576.9 1474.8 1419.1 1254.2 1153.9 1084.5 1286.2 1228.1 1438.8 1530.7 1679.7 1557.2 1669.8 1793.9 1840.4 1832.3 1799.6 1786.4 1763.9 1761.4 1768.4 1765.0 1767.3 1794.8 1797.6 1815.9 1785.8 1881.9 1954.4
-999.0 -999.0 -999.0 -999.0 -999.0 -999.0 -999.0 -999.0 -999.0 -999.0 -999.0 -999.0 -999.0 -999.0 -999.0 -999.0 -999.0 -999.0 -999.0 -999.0 -999.0 -999.0 -999.0 -999.0 -999.0 -999.0 -999.0 -999.0 -999.0 -999.0 -999.0 -999.0 -999.0 -999.0 -999.0 -999.0 1672.5 1692.2 1725.6 1738.5 1637.2 1424.1 1377.4 1339.0 1415.4 1433.8 1261.5 1285.1 1203.5 1335.8 1594.2 1809.3 1764.2 1709.6 1681.3 1829.7 1830.4 1776.1 1795.4 1821.9 1774.8 1786.8 1795.5 1799.7 1798.2 1810.8 1814.9 1812.3 1846.1 1868.7 1904.8
-999.0 -999.0 -999.0 -999.0 -999.0 -999.0 -999.0 -999.0 -999.0 -999.0 -999.0 -999.0 -999.0 -999.0 -999.0 -999.0 -999.0 -999.0 -999.0 -999.0 -999.0 -999.0 -999.0 -999.0 -999.0 -999.0 -999.0 -999.0 -999.0 -999.0 -999.0 -999.0 -999.0 -999.0 -999.0 1742.1 1686.0 1703.4 1729.3 1716.3 1636.0 1302.3 1248.4 1383.4 1205.8 1246.5 1324.9 1343.9 1100.6 1308.4 1350.8 1611.6 1876.3 1662.1 1796.6 1882.6 1786.1 1779.0 1831.1 1795.0 1808.5 1812.5 1810.7 1810.9 1810.1 1818.5 1725.3 1794.7 1820.9 1730.4 1771.7
-999.0 -999.0 -999.0 -999.0 -999.0 -999.0 -999.0 -999.0 -999.0 -999.0 -999.0 -999.0 -999.0 -999.0 -999.0 -999.0 -999.0 -999.0 -999.0 -999.0 -999.0 -999.0 -999.0 -999.0 -999.0 -999.0 -999.0 -999.0 -999.0 -999.0 -999.0 -999.0 -999.0 -999.0 -999.0 1756.0 1737.2 1723.0 1733.3 1584.5 1635.0 1543.9 1294.8 1511.9 1501.8 1467.8 1552.0 1522.5 1264.8 1344.6 1384.8 1706.6 1609.1 1518.4 1737.7 1677.4 1743.6 1709.0 1753.6 1785.2 1835.3 1844.3 1834.5 1827.1 1810.0 1832.2 1828.6 1767.1 1812.9 1771.5 1720.5
-999.0 -999.0 -999.0 -999.0 -999.0 -999.0 -999.0 -999.0 -999.0 -999.0 -999.0 -999.0 -999.0 -999.0 -999.0 -999.0 -999.0 -999.0 -999.0 -999.0 -999.0 -999.0 -999.0 -999.0 -999.0 -999.0 -999.0 -999.0 -999.0 -999.0 -999.0 -999.0 -999.0 -999.0 1756.7 1777.8 1757.1 1662.7 1672.8 1664.0 1695.6 1614.0 1582.6 1627.0 1663.6 1679.5 1642.9 1547.5 1299.7 1128.1 1100.7 1441.6 1350.5 1433.5 1678.3 1691.6 1791.1 1762.9 1757.4 1816.4 1856.8 1863.2 1856.9 1841.2 1817.7 1842.0 1834.1 1814.4 1797.2 1783.0 1667.0
-999.0 -999.0 -999.0 -999.0 -999.0 -999.0 -999.0 -999.0 -999.0 -999.0 -999.0 -999.0 -999.0 -999.0 -999.0 -999.0 -999.0 -999.0 -999.0 -999.0 -999.0 -999.0 -999.0 -999.0 -999.0 -999.0 -999.0 -999.0 -999.0 -999.0 -999.0 -999.0 -999.0 -999.0 -999.0 1784.4 1804.3 1754.5 1725.2 1584.2 1755.1 1754.9 1747.5 1735.0 1728.4 1762.9 1739.1 1647.3 1549.1 1214.3 1076.9 1034.3 1304.9 1341.3 1500.6 1651.6 1660.7 1837.7 1838.9 1776.3 1862.8 1881.0 1877.6 1853.5 1830.4 1840.7 1831.1 1799.6 1799.5 1798.6 1772.5
-999.0 -999.0 -999.0 -999.0 -999.0 -999.0 -999.0 -999.0 -999.0 -999.0 -999.0 -999.0 -999.0 -999.0 -999.0 -999.0 -999.0 -999.0 -999.0 -999.0 -999.0 -999.0 -999.0 -999.0 -999.0 -999.0 -999.0 -999.0 -999.0 -999.0 -999.0 -999.0 -999.0 -999.0 -999.0 1843.0 1833.0 1829.8 1812.5 1781.0 1774.7 1774.3 1804.9 1806.9 1862.1 1877.6 1834.6 1740.7 1557.3 1489.4 1105.0 969.0 1012.2 1233.7 1430.3 1588.0 1725.4 1684.4 1778.0 1729.5 1845.0 1861.1 1878.6 1854.0 1842.6 1835.1 1802.0 1785.3 1792.8 1797.3 1749.2
-999.0 -999.0 -999.0 -999.0 -999.0 -999.0 -999.0 -999.0 -999.0 -999.0 -999.0 -999.0 -999.0 -999.0 -999.0 1679.3 1655.6 1638.7 1624.3 -999.0 -999.0 -999.0 -999.0 -999.0 -999.0 -999.0 -999.0 -999.0 -999.0 -999.0 -999.0 -999.0 -999.0 -999.0 1850.8 1904.7 1855.3 1859.3 1785.2 1783.6 1807.0 1809.6 1805.6 1833.5 1851.7 1875.1 1819.7 1732.9 1613.4 1331.3 1137.8 1129.4 1338.8 1190.5 1370.7 1733.1 1718.2 1804.1 1610.0 1657.3 1801.0 1813.3 1829.9 1839.7 1836.2 1830.4 1807.3 1771.0 1775.6 1809.6 1792.5
-999.0 -999.0 -999.0 -999.0 -999.0 -999.0 -999.0 -999.0 -999.0 -999.0 -999.0 -999.0 -999.0 -999.0 -999.0 1602.3 1523.9 1565.4 1667.7 -999.0 -999.0 -999.0 -999.0 -999.0 -999.0 -999.0 -999.0 -999.0 -999.0 -999.0 -999.0 -999.0 -999.0 1906.9 1793.5 1858.7 1865.9 1796.0 1847.7 1789.2 1820.1 1817.2 1804.1 1817.0 1799.3 1760.4 1744.6 1689.4 1624.9 1525.5 1134.7 1086.3 1355.4 1328.4 1485.2 1618.6 1878.6 1843.5 1696.7 1670.2 1761.2 1842.9 1864.7 1846.6 1818.1 1824.8 1807.1 1784.7 1746.2 1794.6 1782.3
-999.0 -999.0 -999.0 -999.0 -999.0 -999.0 -999.0 -999.0 -999.0 -999.0 -999.0 -999.0 -999.0 1653.1 1752.9 1684.7 1519.8 1533.4 1574.2 1743.4 1828.7 1874.2 -999.0 -999.0 1806.3 1890.9 -999.0 -999.0 -999.0 1866.9 1768.4 1759.0 -999.0 1895.0 1731.0 1818.9 1883.4 1855.1 1850.7 1758.3 1756.2 1737.9 1766.6 1720.1 1766.3 1669.4 1633.4 1611.7 1339.6 1621.8 1511.3 1264.4 1582.7 1512.8 1260.8 1753.0 1654.5 1793.8 1712.5 1702.0 1765.4 1819.3 1869.9 1828.9 1826.6 1846.1 1804.3 1799.9 1740.6 1796.8 1799.1
-999.0 -999.0 -999.0 -999.0 -999.0 -999.0 -999.0 -999.0 -999.0 -999.0 -999.0 -999.0 -999.0 -999.0 1771.6 1727.2 1612.9 1580.1 1620.8 1667.9 1638.6 1876.1 -999.0 1901.9 1790.3 1625.3 1737.1 1635.1 1812.1 1814.7 1480.0 1510.6 1617.1 -999.0 1802.7 1752.8 1792.4 1838.3 1827.1 1717.7 1798.8 1873.2 1858.4 1764.3 1712.0 1671.4 1569.6 1578.8 1340.6 1314.6 1364.8 1340.4 1382.5 1276.7 1344.2 1567.0 1748.2 1793.7 1634.2 1638.6 1753.0 1743.8 1836.8 1809.5 1811.0 1838.1 1800.1 1807.4 1751.5 1798.1 1811.5
-999.0 -999.0 -999.0 -999.0 -999.0 -999.0 -999.0 -999.0 -999.0 -999.0 -999.0 -999.0 -999.0 -999.0 -999.0 1775.2 1662.7 1588.4 1685.9 1751.9 1815.7 1867.4 1473.0 977.1 1684.6 1381.1 1378.3 1442.0 1564.3 1721.9 1716.8 1564.2 1426.7 1613.5 1799.0 1813.9 1769.5 1797.6 1744.2 1585.4 1692.1 1869.0 1893.6 1797.4 1728.3 1694.7 1621.7 1582.7 1233.8 1163.6 1325.0 1341.9 1468.3 1511.1 1465.0 1540.0 1723.1 1753.9 1660.1 1691.4 1710.4 1680.9 1785.1 1749.4 1818.3 1821.7 1814.4 1781.1 1674.5 1820.1 1830.6
-999.0 -999.0 -999.0 -999.0 -999.0 -999.0 -999.0 -999.0 -999.0 -999.0 -999.0 -999.0 -999.0 -999.0 -999.0 -999.0 1677.3 1737.6 1762.0 1808.5 1732.5 1541.3 729.5 1177.0 1792.1 1294.9 1551.8 1292.4 1344.8 1598.0 1736.9 1304.7 1510.3 1499.9 1646.9 1791.9 1763.7 1745.1 1755.7 1654.9 1660.9 1767.3 1803.6 1794.6 1728.4 1699.3 1664.6 1489.3 1398.0 1118.8 1292.2 1279.8 1323.7 1616.1 1509.5 1438.6 1585.7 1652.7 1658.5 1722.5 1676.4 1679.6 1759.7 1734.7 1814.5 1832.5 1807.7 1819.7 1814.6 1817.2 1841.6
-999.0 -999.0 -999.0 -999.0 -999.0 -999.0 -999.0 -999.0 -999.0 -999.0 -999.0 -999.0 -999.0 -999.0 -999.0 -999.0 -999.0 1806.9 1794.7 1629.6 1432.3 789.5 734.3 1169.6 1425.2 1427.2 1321.3 1197.4 1202.6 1230.3 1518.4 1649.3 1268.9 1497.2 1607.7 1647.0 1741.9 1763.7 1741.5 1715.1 1693.1 1737.1 1775.6 1752.2 1709.5 1684.1 1636.3 1507.9 1356.1 1267.8 1398.6 1407.3 1318.6 1489.3 1746.2 1493.8 1665.8 1635.6 1637.3 1743.8 1751.8 1734.8 1732.1 1734.7 1815.4 1842.6 1827.5 1856.3 1774.4 1819.6 1846.6
-999.0 -999.0 -999.0 -999.0 -999.0 -999.0 -999.0 -999.0 -999.0 -999.0 -999.0 -999.0 -999.0 -999.0 -999.0 -999.0 -999.0 1834.4 1718.0 1364.1 1235.1 1134.3 929.7 1427.1 1622.6 1415.4 1174.7 1091.8 1044.7 1230.2 1475.9 1674.2 1214.6 1312.8 1549.9 1636.1 1774.2 1778.5 1736.5 1658.7 1674.2 1693.2 1711.4 1734.4 1717.3 1670.3 1512.5 1450.0 1577.9 1252.3 1399.0 1360.0 1295.0 1381.0 1608.7 1688.0 1690.8 1743.7 1649.3 1640.7 1732.2 1737.6 1786.6 1790.3 1844.0 1839.6 1842.9 1847.6 1816.9 1796.6 1838.9
-999.0 -999.0 -999.0 -999.0 -999.0 -999.0 -999.0 -999.0 -999.0 -999.0 -999.0 -999.0 -999.0 -999.0 -999.0 -999.0 -999.0 1835.0 1658.9 1442.1 1481.1 1115.9 1266.0 1532.3 1411.0 1516.9 1334.7 1060.1 1159.5 1056.4 1260.3 1535.5 1253.3 1257.8 1380.7 1695.4 1758.3 1796.7 1710.8 1617.4 1631.1 1676.3 1697.9 1718.3 1693.2 1576.7 1520.6 1551.7 1554.3 1389.4 1411.8 1423.0 1452.6 1572.3 1618.1 1555.7 1763.3 1672.6 1661.4 1718.9 1707.1 1763.3 1729.8 1842.6 1856.7 1846.9 1855.6 1852.2 1740.3 1829.6 1855.0
-999.0 -999.0 -999.0 -999.0 -999.0 -999.0 -999.0 -999.0 -999.0 -999.0 -999.0 -999.0 -999.0 -999.0 -999.0 -999.0 1804.3 1057.1 1526.6 1399.2 1254.0 1587.8 870.1 1053.9 1128.7 1243.3 1042.2 1211.4 1153.7 1262.5 1383.0 1288.3 1090.7 1283.3 1404.7 1703.4 1790.5 1819.2 1674.1 1653.9 1682.5 1683.9 1713.7 1694.1 1598.7 1620.9 1624.3 1473.8 1391.0 1613.9 1304.0 1368.5 1597.9 1580.8 1654.3 1706.4 1705.6 1733.0 1725.7 1799.1 1737.9 1799.3 1852.2 1766.8 1860.8 1852.1 1838.7 1836.5 1747.3 1831.4 1863.6
-999.0 -999.0 -999.0 -999.0 -999.0 -999.0 -999.0 -999.0 -999.0 -999.0 -999.0 -999.0 -999.0 -999.0 1773.5 1726.8 1400.2 1478.2 1633.9 1627.6 1455.6 1675.8 1469.0 1330.1 1074.3 1086.9 977.5 1080.7 1036.9 1396.4 1252.4 1310.8 1556.4 1561.6 1664.8 1666.6 1748.9 1779.8 1678.0 1657.4 1657.2 1692.6 1668.1 1556.5 1620.7 1588.1 1650.5 1507.6 1451.4 1500.6 1576.9 1652.5 1550.3 1614.1 1666.4 1683.0 1707.6 1716.6 1788.8 1820.8 1870.8 1908.6 1885.3 1854.0 1848.1 1823.6 1845.6 1832.3 1752.2 1822.8 1866.5
-999.0 -999.0 -999.0 -999.0 -999.0 -999.0 -999.0 -999.0 -999.0 -999.0 -999.0 -999.0 -999.0 1709.7 1653.9 1656.2 1665.9 1733.6 1803.9 1783.7 1804.2 1774.4 1512.3 1358.0 1218.4 763.4 1193.5 1292.4 1262.0 1469.7 1081.4 1054.9 1168.7 1481.3 1656.1 1664.7 1690.9 1710.8 1671.2 1621.6 1656.3 1657.5 1636.9 1570.6 1532.7 1625.4 1620.2 1504.2 1523.3 1566.3 1598.9 1610.7 1609.5 1713.8 1695.9 1748.6 1862.5 1771.2 1815.9 1895.0 1966.9 1936.3 1850.8 1856.8 1840.4 1823.1 1813.0 1813.3 1708.5 1771.2 1838.8
-999.0 -999.0 -999.0 -999.0 -999.0 -999.0 -999.0 -999.0 -999.0 -999.0 -999.0 -999.0 1715.5 1530.4 1562.0 1619.5 -999.0 -999.0 -999.0 -999.0 1820.1 1265.5 1260.4 1256.6 1121.0 1222.7 1282.8 1025.6 1083.7 1249.7 719.6 893.3 1133.6 1249.0 1565.1 1756.1 1706.8 1678.7 1688.6 1667.5 1670.9 1676.7 1622.2 1650.3 1529.1 1592.0 1596.1 1585.1 1576.9 1588.4 1622.4 1710.2 1717.2 1741.4 1773.4 1816.5 1873.6 1874.5 1860.7 1879.8 1892.2 1880.9 1857.7 1842.9 1789.2 1755.9 1754.0 1771.8 1722.2 1756.2 1781.1
-999.0 -999.0 -999.0 -999.0 -999.0 -999.0 -999.0 -999.0 -999.0 -999.0 -999.0 -999.0 1669.1 1407.5 1685.7 1763.2 -999.0 -999.0 -999.0 -999.0 1876.6 1437.6 1147.8 1467.5 1101.1 1119.4 1138.7 942.8 893.8 1144.7 898.7 1374.8 1361.5 1503.6 1660.5 1779.2 1752.8 1695.2 1678.2 1639.1 1597.8 1679.5 1622.9 1637.3 1619.0 1558.6 1635.0 1624.8 1690.5 1643.1 1598.5 1597.9 1619.4 1744.8 1792.3 1816.0 1833.4 1785.8 1802.7 1793.8 1798.5 1808.1 1730.6 1769.5 1641.6 1658.7 1665.7 1748.9 1730.2 1758.2 1779.1
-999.0 -999.0 -999.0 -999.0 -999.0 -999.0 -999.0 -999.0 -999.0 -999.0 -999.0 -999.0 -999.0 -999.0 -999.0 -999.0 -999.0 -999.0 -999.0 -999.0 1875.4 1354.0 1319.9 1468.7 1256.6 1387.9 929.7 985.8 1344.2 1150.8 1203.8 1353.9 1375.6 1612.7 1728.7 1801.1 1695.1 1695.4 1669.2 1654.9 1678.7 1691.9 1690.5 1686.0 1659.9 1618.1 1667.8 1696.2 1693.8 1670.6 1705.5 1670.1 1657.8 1798.7 1695.7 1631.5 1724.9 1723.7 1735.7 1795.9 1753.7 1682.8 1582.7 1620.1 1691.2 1694.6 1676.5 1740.3 1725.3 1761.0 1765.4
-999.0 -999.0 -999.0 -999.0 -999.0 -999.0 -999.0 -999.0 -999.0 -999.0 -999.0 -999.0 -999.0 -999.0 -999.0 -999.0 -999.0 -999.0 -999.0 -999.0 -999.0 1350.3 1827.5 1691.0 1373.3 1027.7 1103.1 1003.8 1063.8 1396.4 1359.4 1328.2 1629.8 1693.5 1780.1 1782.3 1752.4 1717.3 1730.7 1725.1 1717.1 1728.3 1729.0 1701.1 1699.6 1642.2 1648.9 1698.9 1567.0 1648.4 1753.4 1765.3 1762.7 1755.2 1762.8 1664.1 1645.3 1702.8 1629.1 1763.4 1779.3 1672.9 1681.7 1665.9 1696.7 1761.8 1720.1 1754.6 1771.4 1803.6 1771.4
-999.0 -999.0 -999.0 -999.0 -999.0 -999.0 -999.0 -999.0 -999.0 -999.0 -999.0 -999.0 -999.0 -999.0 -999.0 -999.0 -999.0 -999.0 -999.0 -999.0 -999.0 1632.9 1184.7 1105.0 1244.7 1279.2 1347.8 1196.0 1375.6 1373.6 1555.0 1706.3 1553.2 1732.6 1772.3 1627.1 1660.7 1700.5 1757.5 1806.7 1778.2 1694.6 1710.1 1626.3 1632.3 1638.1 1647.1 1688.7 1578.9 1568.5 1692.3 1758.7 1785.9 1769.6 1755.0 1726.9 1689.0 1655.0 1523.6 1663.5 1803.6 1754.0 1680.3 1607.8 1586.2 1656.5 1767.7 1761.9 1793.9 1815.8 1841.5
-999.0 -999.0 -999.0 -999.0 -999.0 -999.0 -999.0 -999.0 -999.0 -999.0 -999.0 -999.0 -999.0 -999.0 -999.0 -999.0 -999.0 -999.0 -999.0 -999.0 1693.2 1516.2 1602.5 999.6 1364.3 1439.3 1251.6 1299.0 1427.9 1238.8 1593.4 1735.9 1533.1 1795.9 1313.6 1543.0 1675.2 1689.5 1632.0 1741.3 1736.4 1499.1 1531.1 1600.6 1698.4 1660.6 1672.2 1707.6 1693.5 1697.2 1732.3 1767.8 1770.7 1776.9 1761.7 1714.2 1732.2 1654.6 1687.1 1769.3 1798.5 1736.7 1655.0 1581.6 1560.2 1626.0 1761.9 1780.6 1813.2 1844.3 1875.1
-999.0 -999.0 -999.0 -999.0 -999.0 -999.0 -999.0 -999.0 -999.0 -999.0 -999.0 -999.0 -999.0 -999.0 -999.0 -999.0 -999.0 -999.0 -999.0 -999.0 1883.3 1634.7 1077.2 1476.7 1766.7 1529.8 1472.4 1325.9 1191.9 1257.3 1566.3 1689.6 1658.9 1743.9 1652.2 1614.9 1548.5 1527.5 1685.0 1664.7 1657.0 1622.3 1582.2 1682.5 1704.5 1670.3 1705.2 1703.0 1720.8 1786.3 1774.9 1769.3 1770.8 1771.4 1776.3 1762.7 1770.6 1713.2 1695.9 1757.3 1769.7 1685.7 1580.1 1515.2 1608.1 1613.4 1662.7 1742.8 1836.1 1796.7 1884.7
-999.0 -999.0 -999.0 -999.0 -999.0 -999.0 -999.0 -999.0 -999.0 -999.0 -999.0 -999.0 -999.0 -999.0 -999.0 -999.0 -999.0 -999.0 -999.0 -999.0 1937.9 1509.2 1790.9 1548.5 1564.9 1428.0 1410.9 1065.2 1243.7 1174.0 1443.4 1578.6 1720.2 1737.7 1659.3 1453.9 1351.2 1240.7 1597.6 1472.9 1575.4 1571.9 1602.0 1733.8 1707.3 1699.8 1736.6 1744.8 1812.0 1828.4 1731.9 1742.6 1777.2 1760.2 1676.0 1789.8 1775.1 1750.2 1751.7 1785.7 1762.7 1671.2 1622.8 1617.6 1647.9 1664.8 1748.4 1783.7 1777.8 1804.3 1883.4
-999.0 -999.0 -999.0 -999.0 -999.0 -999.0 -999.0 -999.0 -999.0 -999.0 -999.0 -999.0 -999.0 -999.0 -999.0 -999.0 -999.0 -999.0 -999.0 -999.0 -999.0 1719.4 1441.3 1243.9 1052.0 961.8 1171.6 1192.7 1369.0 1602.4 1631.5 1686.0 1631.8 1628.7 1686.7 1571.2 1561.6 1306.4 1471.5 1557.3 1587.9 1505.1 1550.7 1721.2 1643.6 1737.6 1789.9 1673.8 1838.8 1855.1 1853.7 1796.7 1799.2 1772.9 1652.5 1720.8 1788.3 1742.0 1756.6 1767.8 1724.7 1649.9 1679.5 1704.5 1755.2 1715.4 1792.6 1730.3 1754.8 1851.6 1884.3
