GDD/GrowingDegreeDays_1999_Actual.txt
ncols         180
nrows         290
xllcorner     -200000
yllcorner     -200000
cellsize      5000
NODATA_value    -999
[rows 160 to 191 of 290, columns 71 to 141 of 180]
-999.0 -999.0 -999.0 -999.0 -999.0 -999.0 -999.0 -999.0 -999.0 -999.0 -999.0 -999.0 -999.0 -999.0 -999.0 -999.0 -999.0 -999.0 -999.0 -999.0 -999.0 -999.0 -999.0 -999.0 -999.0 -999.0 -999.0 -999.0 -999.0 -999.0 -999.0 -999.0 -999.0 -999.0 -999.0 1946.8 1949.7 1935.3 1871.2 1579.2 1435.0 1169.3 1497.0 1351.5 1814.4 1687.1 1702.9 1575.5 1500.8 1571.9 1467.0 1850.8 1850.6 1858.2 1878.4 1929.8 1831.2 1914.4 1939.0 1940.2 1982.0 2006.6 1978.9 1955.8 1931.7 1905.4 1750.3 1818.9 1901.9 1942.3 1969.4
-999.0 -999.0 -999.0 -999.0 -999.0 -999.0 -999.0 -999.0 -999.0 -999.0 -999.0 -999.0 -999.0 -999.0 -999.0 -999.0 -999.0 -999.0 -999.0 -999.0 -999.0 -999.0 -999.0 -999.0 -999.0 -999.0 -999.0 -999.0 -999.0 -999.0 -999.0 -999.0 -999.0 -999.0 -999.0 1976.7 1982.8 1992.2 2024.4 1926.1 1562.3 1776.5 1741.7 1866.4 1718.5 1403.4 1595.3 1480.0 1539.2 1444.8 1869.3 1546.9 1799.2 1692.4 1754.0 1759.2 1864.4 1871.9 1915.8 1962.2 1980.1 1985.9 1964.5 1951.3 1949.6 1944.1 1907.1 1801.9 1870.3 1939.5 1976.7
-999.0 -999.0 -999.0 -999.0 -999.0 -999.0 -999.0 -999.0 -999.0 -999.0 -999.0 -999.0 -999.0 -999.0 -999.0 -999.0 -999.0 -999.0 -999.0 -999.0 -999.0 -999.0 -999.0 -999.0 -999.0 -999.0 -999.0 -999.0 -999.0 -999.0 -999.0 -999.0 -999.0 -999.0 -999.0 1961.4 1991.3 1933.9 2051.6 1978.2 1835.0 1778.3 1822.7 1897.3 1732.3 1610.6 1619.2 1504.7 1337.8 1617.8 1735.5 1953.9 1818.1 2012.0 1944.2 1876.1 1822.3 1879.3 1904.5 1960.0 1977.3 1967.2 1959.3 1958.5 1955.4 1946.8 1932.1 1844.8 1803.8 1951.1 2068.0
-999.0 -999.0 -999.0 -999.0 -999.0 -999.0 -999.0 -999.0 -999.0 -999.0 -999.0 -999.0 -999.0 -999.0 -999.0 -999.0 -999.0 -999.0 -999.0 -999.0 -999.0 -999.0 -999.0 -999.0 -999.0 -999.0 -999.0 -999.0 -999.0 -999.0 -999.0 -999.0 -999.0 -999.0 -999.0 1969.3 1947.7 1926.4 1971.7 1971.9 1908.4 1904.7 1803.2 1666.5 1849.3 1761.7 1646.2 1241.5 1263.1 1273.1 1498.8 1775.3 1886.8 1858.9 2012.5 2067.6 1927.8 1858.6 1945.5 1980.5 1976.2 1991.3 1978.4 1969.0 1968.9 1972.9 1976.8 1865.9 1817.7 2032.1 2165.3
-999.0 -999.0 -999.0 -999.0 -999.0 -999.0 -999.0 -999.0 -999.0 -999.0 -999.0 -999.0 -999.0 -999.0 -999.0 -999.0 -999.0 -999.0 -999.0 -999.0 -999.0 -999.0 -999.0 -999.0 -999.0 -999.0 -999.0 -999.0 -999.0 -999.0 -999.0 -999.0 -999.0 -999.0 -999.0 1977.4 1982.3 1985.7 2013.3 1987.9 1967.2 1847.6 1827.3 1694.1 1622.4 1426.2 1313.6 1237.3 1482.3 1392.5 1624.3 1717.2 1899.0 1755.7 1881.6 2025.4 2073.7 2054.0 2016.4 2017.5 1999.5 1995.3 1999.1 1993.7 1988.7 1999.0 1992.8 2000.6 1953.2 2064.3 2166.6
-999.0 -999.0 -999.0 -999.0 -999.0 -999.0 -999.0 -999.0 -999.0 -999.0 -999.0 -999.0 -999.0 -999.0 -999.0 -999.0 -999.0 -999.0 -999.0 -999.0 -999.0 -999.0 -999.0 -999.0 -999.0 -999.0 -999.0 -999.0 -999.0 -999.0 -999.0 -999.0 -999.0 -999.0 -999.0 -999.0 1943.2 1968.2 1996.6 1992.0 1873.6 1643.0 1608.7 1538.8 1616.4 1644.0 1442.3 1477.5 1378.5 1522.4 1811.2 2034.9 1968.2 1927.9 1892.0 2084.9 2073.8 1980.0 2002.7 2048.3 2004.3 2018.7 2021.6 2022.2 2011.2 2011.4 2003.8 1994.2 2036.0 2059.7 2102.6
-999.0 -999.0 -999.0 -999.0 -999.0 -999.0 -999.0 -999.0 -999.0 -999.0 -999.0 -999.0 -999.0 -999.0 -999.0 -999.0 -999.0 -999.0 -999.0 -999.0 -999.0 -999.0 -999.0 -999.0 -999.0 -999.0 -999.0 -999.0 -999.0 -999.0 -999.0 -999.0 -999.0 -999.0 -999.0 2006.5 1961.4 1983.5 2014.3 1980.7 1887.4 1504.9 1463.0 1620.8 1369.0 1414.8 1521.7 1546.7 1244.9 1479.6 1510.8 1767.6 2064.7 1831.9 2024.6 2159.6 2017.9 1997.6 2055.0 2018.4 2042.1 2045.2 2038.6 2031.1 2023.9 2021.8 1890.6 1970.0 2022.9 1918.3 1981.9
-999.0 -999.0 -999.0 -999.0 -999.0 -999.0 -999.0 -999.0 -999.0 -999.0 -999.0 -999.0 -999.0 -999.0 -999.0 -999.0 -999.0 -999.0 -999.0 -999.0 -999.0 -999.0 -999.0 -999.0 -999.0 -999.0 -999.0 -999.0 -999.0 -999.0 -999.0 -999.0 -999.0 -999.0 -999.0 2021.6 2019.4 2008.6 2024.2 1819.9 1886.5 1795.8 1525.1 1776.6 1738.8 1689.2 1780.8 1748.2 1424.8 1517.4 1553.4 1906.2 1778.5 1666.8 1943.7 1893.2 1966.2 1919.5 1972.3 2014.2 2071.2 2079.8 2065.8 2053.6 2033.3 2046.6 2032.7 1964.7 2045.4 2010.2 1947.1
-999.0 -999.0 -999.0 -999.0 -999.0 -999.0 -999.0 -999.0 -999.0 -999.0 -999.0 -999.0 -999.0 -999.0 -999.0 -999.0 -999.0 -999.0 -999.0 -999.0 -999.0 -999.0 -999.0 -999.0 -999.0 -999.0 -999.0 -999.0 -999.0 -999.0 -999.0 -999.0 -999.0 -999.0 1993.8 2043.6 2017.3 1913.1 1947.7 1922.3 1956.9 1860.2 1834.4 1881.6 1912.4 1927.1 1881.1 1760.2 1455.4 1249.0 1204.8 1615.3 1502.2 1596.9 1897.8 1914.8 2026.3 1984.9 1978.6 2048.3 2097.6 2098.9 2091.6 2072.1 2041.9 2060.9 2048.0 2032.6 2033.7 2031.9 1891.1
-999.0 -999.0 -999.0 -999.0 -999.0 -999.0 -999.0 -999.0 -999.0 -999.0 -999.0 -999.0 -999.0 -999.0 -999.0 -999.0 -999.0 -999.0 -999.0 -999.0 -999.0 -999.0 -999.0 -999.0 -999.0 -999.0 -999.0 -999.0 -999.0 -999.0 -999.0 -999.0 -999.0 -999.0 -999.0 2043.1 2063.0 2013.9 1990.9 1813.4 2020.1 2015.1 2019.9 1995.5 1976.8 2013.7 1979.8 1868.0 1753.6 1342.6 1182.8 1138.6 1469.8 1513.3 1702.4 1876.4 1875.4 2092.0 2089.6 2003.6 2107.3 2129.8 2125.8 2090.9 2054.4 2061.8 2055.0 2025.1 2042.6 2049.4 2030.5
-999.0 -999.0 -999.0 -999.0 -999.0 -999.0 -999.0 -999.0 -999.0 -999.0 -999.0 -999.0 -999.0 -999.0 -999.0 -999.0 -999.0 -999.0 -999.0 -999.0 -999.0 -999.0 -999.0 -999.0 -999.0 -999.0 -999.0 -999.0 -999.0 -999.0 -999.0 -999.0 -999.0 -999.0 -999.0 2087.4 2087.9 2108.4 2097.8 2055.5 2042.6 2051.2 2092.6 2089.9 2139.5 2141.2 2093.9 1986.8 1769.0 1692.4 1229.2 1067.7 1127.9 1398.2 1629.5 1803.4 1965.0 1923.4 2030.5 1950.9 2088.1 2112.4 2130.7 2083.5 2059.1 2054.8 2024.0 2013.0 2028.6 2044.8 2001.5
-999.0 -999.0 -999.0 -999.0 -999.0 -999.0 -999.0 -999.0 -999.0 -999.0 -999.0 -999.0 -999.0 -999.0 -999.0 1988.7 1995.2 1964.5 1911.9 -999.0 -999.0 -999.0 -999.0 -999.0 -999.0 -999.0 -999.0 -999.0 -999.0 -999.0 -999.0 -999.0 -999.0 -999.0 2082.6 2140.7 2090.4 2132.8 2056.5 2055.8 2102.4 2103.0 2100.4 2134.2 2147.1 2166.6 2114.6 2020.7 1868.1 1517.7 1286.9 1274.0 1536.1 1350.4 1548.9 1959.9 1939.5 2073.8 1824.1 1869.1 2041.0 2054.2 2062.0 2045.0 2040.2 2047.9 2032.1 1995.6 2007.4 2049.5 2028.1
-999.0 -999.0 -999.0 -999.0 -999.0 -999.0 -999.0 -999.0 -999.0 -999.0 -999.0 -999.0 -999.0 -999.0 -999.0 1934.4 1904.9 1948.3 2017.9 -999.0 -999.0 -999.0 -999.0 -999.0 -999.0 -999.0 -999.0 -999.0 -999.0 -999.0 -999.0 -999.0 -999.0 2224.4 2042.4 2111.3 2105.4 2030.1 2123.5 2063.3 2129.3 2118.2 2107.1 2130.3 2119.3 2099.9 2105.1 2038.9 1922.8 1781.1 1303.4 1239.8 1561.6 1512.1 1674.2 1806.6 2108.2 2097.8 1921.4 1886.6 1992.3 2079.6 2092.4 2072.3 2032.3 2049.1 2040.2 2022.2 1978.9 2034.5 2011.1
-999.0 -999.0 -999.0 -999.0 -999.0 -999.0 -999.0 -999.0 -999.0 -999.0 -999.0 -999.0 -999.0 1895.3 2063.9 2042.8 1908.8 1953.4 1957.3 2105.6 2127.1 2117.9 -999.0 -999.0 2013.6 2105.9 -999.0 -999.0 -999.0 2158.5 2045.8 2047.5 -999.0 2245.2 2010.7 2093.6 2146.5 2144.4 2140.6 2034.4 2036.1 2009.4 2058.2 2029.6 2111.7 2032.7 2032.7 1997.4 1588.7 1904.1 1766.6 1450.5 1829.1 1731.1 1401.4 1985.5 1849.7 2028.0 1940.3 1925.8 1998.6 2045.3 2077.2 2102.6 2082.3 2092.6 2045.0 2050.3 1979.5 2042.8 2034.3
-999.0 -999.0 -999.0 -999.0 -999.0 -999.0 -999.0 -999.0 -999.0 -999.0 -999.0 -999.0 -999.0 -999.0 2051.5 2045.4 2008.8 2023.4 2050.3 2046.3 1936.6 2161.6 -999.0 2184.1 2039.7 1827.1 1945.5 1888.4 2147.6 2159.7 1738.5 1774.8 1916.6 -999.0 2130.6 2031.6 2074.7 2139.4 2130.6 2014.0 2100.3 2166.5 2152.2 2077.6 2028.5 2011.7 1907.7 1908.6 1552.0 1479.9 1553.0 1527.9 1574.8 1439.9 1513.3 1766.8 1992.9 2043.8 1849.1 1853.0 1999.9 1972.4 2062.3 2047.1 2053.9 2084.9 2044.7 2058.6 1987.9 2040.3 2045.7
-999.0 -999.0 -999.0 -999.0 -999.0 -999.0 -999.0 -999.0 -999.0 -999.0 -999.0 -999.0 -999.0 -999.0 -999.0 2061.6 2022.5 2007.2 2115.0 2155.2 2184.9 2182.9 1669.5 1067.9 1986.4 1607.1 1584.9 1702.1 1874.8 2075.0 2059.2 1851.6 1671.1 1914.4 2148.5 2155.6 2077.9 2105.3 2068.9 1898.1 2006.9 2158.4 2190.3 2102.8 2034.3 1995.3 1901.1 1840.4 1383.4 1278.1 1483.1 1516.2 1677.5 1729.2 1668.0 1753.7 1980.0 2006.4 1875.4 1923.6 1973.3 1930.6 2028.1 1974.7 2058.4 2062.6 2056.7 2028.6 1901.4 2047.3 2059.3
-999.0 -999.0 -999.0 -999.0 -999.0 -999.0 -999.0 -999.0 -999.0 -999.0 -999.0 -999.0 -999.0 -999.0 -999.0 -999.0 1979.4 2107.3 2157.2 2204.8 2087.8 1801.3 789.4 1342.0 2154.4 1528.2 1839.5 1530.6 1609.5 1923.0 2091.1 1525.2 1760.3 1764.4 1987.1 2175.4 2120.8 2071.7 2100.5 1988.9 1970.8 2061.3 2098.7 2095.8 2017.3 1972.9 1912.4 1676.6 1546.9 1217.0 1434.7 1433.2 1489.2 1842.4 1708.4 1630.2 1834.6 1889.9 1861.5 1925.0 1921.9 1927.6 2004.3 1959.4 2054.4 2076.7 2041.6 2051.1 2021.3 2030.7 2064.6
-999.0 -999.0 -999.0 -999.0 -999.0 -999.0 -999.0 -999.0 -999.0 -999.0 -999.0 -999.0 -999.0 -999.0 -999.0 -999.0 -999.0 2126.1 2146.3 1960.7 1736.0 887.9 786.5 1328.3 1685.2 1687.4 1544.6 1413.6 1442.9 1471.8 1820.9 1974.6 1455.1 1761.9 1950.3 2008.2 2109.5 2104.6 2067.8 2040.8 2002.9 2049.4 2089.5 2047.5 1985.2 1940.6 1863.3 1675.7 1461.0 1351.3 1537.2 1574.3 1460.6 1649.8 1956.7 1675.9 1902.2 1856.7 1820.8 1908.7 1926.0 1955.0 1959.9 1956.2 2053.0 2083.9 2063.7 2096.1 1979.5 2034.0 2070.3
-999.0 -999.0 -999.0 -999.0 -999.0 -999.0 -999.0 -999.0 -999.0 -999.0 -999.0 -999.0 -999.0 -999.0 -999.0 -999.0 -999.0 2130.3 2020.1 1582.4 1383.9 1212.6 1021.8 1661.2 1919.7 1650.2 1356.1 1310.5 1288.0 1491.8 1768.7 2022.2 1413.6 1557.6 1897.3 1980.2 2134.2 2118.7 2054.6 1953.3 1982.4 2009.9 2023.4 2034.9 1994.2 1920.2 1707.7 1608.3 1715.6 1320.6 1521.6 1500.6 1418.1 1485.5 1732.5 1865.8 1901.6 1969.8 1834.9 1797.1 1915.4 1951.1 2021.0 2020.4 2083.6 2075.3 2083.5 2103.7 2077.0 2026.1 2061.4
-999.0 -999.0 -999.0 -999.0 -999.0 -999.0 -999.0 -999.0 -999.0 -999.0 -999.0 -999.0 -999.0 -999.0 -999.0 -999.0 -999.0 2136.3 1939.6 1664.5 1646.0 1169.1 1401.6 1752.4 1631.0 1778.6 1570.6 1300.7 1472.2 1271.0 1489.4 1829.6 1465.3 1455.7 1639.9 2017.6 2089.5 2125.0 2012.5 1894.3 1923.8 1989.9 2013.0 2020.4 1967.2 1807.5 1730.4 1761.9 1735.7 1512.9 1548.1 1573.4 1608.1 1720.0 1751.4 1706.0 1989.8 1883.3 1869.8 1925.2 1909.9 1984.6 1946.6 2080.8 2095.9 2083.8 2094.9 2093.8 1939.8 2033.1 2073.3
-999.0 -999.0 -999.0 -999.0 -999.0 -999.0 -999.0 -999.0 -999.0 -999.0 -999.0 -999.0 -999.0 -999.0 -999.0 -999.0 2121.2 1214.5 1812.2 1632.8 1441.5 1846.5 922.0 1152.9 1269.2 1431.4 1210.2 1467.8 1411.7 1509.9 1644.4 1513.1 1260.7 1495.7 1645.2 2014.6 2112.3 2139.8 1955.6 1938.6 1976.4 1989.1 2025.3 1988.6 1860.2 1879.0 1869.9 1685.7 1568.8 1804.6 1432.8 1511.7 1790.6 1757.3 1839.3 1918.9 1925.3 1967.4 1962.9 2020.3 1936.1 2012.4 2087.3 1986.1 2100.6 2093.1 2072.7 2059.6 1932.4 2031.3 2079.8
-999.0 -999.0 -999.0 -999.0 -999.0 -999.0 -999.0 -999.0 -999.0 -999.0 -999.0 -999.0 -999.0 -999.0 2142.3 2094.7 1682.0 1773.8 1954.1 1895.6 1679.1 1954.2 1671.6 1501.8 1201.3 1243.9 1130.4 1277.4 1231.1 1676.8 1468.0 1542.3 1858.4 1859.4 1971.3 1953.5 2046.2 2079.5 1954.7 1940.5 1937.0 1981.7 1952.5 1811.4 1895.7 1849.5 1906.7 1721.2 1641.5 1687.4 1779.8 1864.2 1737.2 1817.5 1877.1 1891.8 1908.9 1933.3 2037.6 2030.6 2060.0 2126.3 2118.9 2092.3 2089.5 2064.0 2080.9 2054.5 1947.2 2033.0 2091.8
-999.0 -999.0 -999.0 -999.0 -999.0 -999.0 -999.0 -999.0 -999.0 -999.0 -999.0 -999.0 -999.0 2119.0 2068.1 2055.1 2032.4 2072.6 2112.2 2065.5 2093.1 2065.1 1748.9 1558.6 1395.3 849.9 1410.8 1555.6 1504.8 1772.0 1256.1 1239.3 1402.7 1765.5 1940.1 1932.9 1958.9 1984.5 1937.6 1878.4 1922.5 1923.5 1900.2 1819.7 1779.9 1897.7 1879.2 1720.4 1732.2 1776.2 1816.3 1822.5 1817.7 1949.8 1920.0 1993.2 2074.4 1986.7 2044.2 2121.8 2177.0 2155.4 2069.9 2092.7 2081.9 2056.5 2040.1 2033.9 1903.7 1983.7 2068.9
-999.0 -999.0 -999.0 -999.0 -999.0 -999.0 -999.0 -999.0 -999.0 -999.0 -999.0 -999.0 2119.2 1932.1 1985.0 2024.6 -999.0 -999.0 -999.0 -999.0 2077.4 1420.1 1437.5 1448.9 1296.9 1425.8 1528.1 1207.3 1263.9 1471.2 826.5 1072.1 1395.5 1446.2 1779.6 2017.2 1964.0 1934.6 1955.6 1930.1 1934.9 1940.4 1872.9 1911.4 1764.3 1850.6 1848.9 1820.5 1802.7 1808.3 1843.4 1949.9 1959.1 1988.0 2018.0 2056.0 2110.3 2120.7 2106.2 2124.6 2124.8 2094.6 2079.8 2080.0 2016.6 1972.5 1968.7 1988.9 1930.5 1976.5 2009.2
-999.0 -999.0 -999.0 -999.0 -999.0 -999.0 -999.0 -999.0 -999.0 -999.0 -999.0 -999.0 2049.0 1766.7 2111.6 2146.7 -999.0 -999.0 -999.0 -999.0 2084.8 1629.3 1307.2 1729.0 1283.7 1301.3 1335.3 1092.7 1018.0 1327.5 1041.3 1655.2 1624.1 1726.2 1872.2 2024.7 2008.0 1948.3 1935.7 1885.6 1834.1 1938.4 1862.9 1879.1 1863.9 1791.9 1886.0 1869.9 1944.9 1878.5 1816.2 1814.8 1841.8 1996.3 2059.5 2078.2 2087.7 2032.3 2053.8 2035.0 2029.0 2023.0 1938.9 2002.1 1841.8 1857.2 1860.0 1961.1 1943.6 1986.6 2020.7
-999.0 -999.0 -999.0 -999.0 -999.0 -999.0 -999.0 -999.0 -999.0 -999.0 -999.0 -999.0 -999.0 -999.0 -999.0 -999.0 -999.0 -999.0 -999.0 -999.0 2077.9 1525.5 1529.8 1741.3 1476.8 1639.1 1082.7 1163.6 1575.9 1314.1 1388.1 1583.2 1594.7 1857.4 1973.1 2061.6 1940.7 1950.3 1916.2 1889.1 1917.6 1948.9 1929.3 1915.0 1903.9 1862.4 1930.4 1966.5 1954.6 1918.2 1956.6 1907.0 1884.8 2053.9 1932.2 1853.1 1966.8 1973.6 2004.2 2059.1 1992.5 1910.0 1808.4 1849.4 1916.9 1898.5 1863.0 1938.5 1930.3 1990.9 2017.8
-999.0 -999.0 -999.0 -999.0 -999.0 -999.0 -999.0 -999.0 -999.0 -999.0 -999.0 -999.0 -999.0 -999.0 -999.0 -999.0 -999.0 -999.0 -999.0 -999.0 -999.0 1527.3 2152.9 2013.6 1621.9 1191.5 1320.7 1203.3 1229.8 1631.4 1572.2 1525.0 1900.6 1962.0 2057.5 2054.6 2023.6 1986.0 1981.5 1959.5 1967.7 1988.6 1973.2 1928.8 1950.2 1901.3 1928.1 1996.1 1813.4 1893.3 2017.5 2027.0 2011.7 1995.1 1999.6 1880.8 1859.6 1939.8 1863.4 2016.1 2030.7 1932.8 1961.3 1930.0 1932.0 1974.0 1904.0 1944.0 1975.6 2039.9 2024.2
-999.0 -999.0 -999.0 -999.0 -999.0 -999.0 -999.0 -999.0 -999.0 -999.0 -999.0 -999.0 -999.0 -999.0 -999.0 -999.0 -999.0 -999.0 -999.0 -999.0 -999.0 1888.4 1358.8 1291.9 1474.7 1519.3 1610.1 1402.6 1608.4 1605.8 1809.0 1979.2 1774.8 2001.8 2052.9 1863.6 1902.7 1973.2 2008.7 2051.4 2034.8 1951.7 1967.9 1859.7 1878.7 1908.1 1955.0 2037.0 1841.7 1796.7 1943.0 2023.4 2045.0 2015.8 1992.5 1954.4 1903.1 1860.8 1698.4 1840.6 2030.5 2016.5 1952.6 1856.7 1796.8 1845.9 1959.1 1949.4 1997.1 2043.5 2088.9
-999.0 -999.0 -999.0 -999.0 -999.0 -999.0 -999.0 -999.0 -999.0 -999.0 -999.0 -999.0 -999.0 -999.0 -999.0 -999.0 -999.0 -999.0 -999.0 -999.0 1950.1 1776.1 1923.5 1165.9 1631.3 1724.9 1466.5 1512.5 1668.3 1426.3 1843.6 1980.0 1724.2 2070.8 1480.1 1762.6 1916.2 1932.1 1860.7 1992.2 2001.1 1729.4 1768.8 1851.0 1970.5 1933.4 1961.6 2010.4 1957.0 1942.6 1987.6 2031.3 2025.8 2022.7 2000.0 1934.0 1942.5 1842.3 1876.2 1945.1 2003.5 1970.0 1887.4 1808.2 1766.8 1824.3 1972.5 1986.7 2024.6 2060.0 2104.6
-999.0 -999.0 -999.0 -999.0 -999.0 -999.0 -999.0 -999.0 -999.0 -999.0 -999.0 -999.0 -999.0 -999.0 -999.0 -999.0 -999.0 -999.0 -999.0 -999.0 2170.3 1916.2 1266.4 1759.5 2118.4 1844.7 1751.4 1549.7 1371.7 1443.5 1813.9 1934.7 1891.9 2013.1 1899.3 1866.6 1795.1 1750.1 1946.4 1922.6 1923.7 1897.0 1845.2 1964.0 1979.5 1926.6 1954.1 1932.5 1950.0 2034.1 2025.7 2025.4 2022.0 2017.2 2017.9 1987.7 1976.3 1901.6 1888.6 1958.3 2001.0 1916.4 1795.1 1717.5 1829.1 1826.8 1878.2 1964.8 2059.0 1993.1 2105.4
-999.0 -999.0 -999.0 -999.0 -999.0 -999.0 -999.0 -999.0 -999.0 -999.0 -999.0 -999.0 -999.0 -999.0 -999.0 -999.0 -999.0 -999.0 -999.0 -999.0 2204.7 1731.0 2181.4 1865.0 1889.4 1745.8 1705.2 1247.1 1459.7 1366.4 1694.5 1843.6 2004.9 2016.4 1911.3 1671.1 1561.3 1409.4 1849.3 1694.5 1826.5 1834.5 1870.5 2024.7 1981.6 1954.0 1966.3 1947.9 2038.1 2067.5 1957.9 1977.3 2021.6 2003.0 1892.4 2021.9 1987.5 1953.4 1965.2 2012.9 1997.2 1899.2 1848.2 1840.9 1878.0 1903.7 2001.4 2037.2 2010.6 2016.5 2126.7
-999.0 -999.0 -999.0 -999.0 -999.0 -999.0 -999.0 -999.0 -999.0 -999.0 -999.0 -999.0 -999.0 -999.0 -999.0 -999.0 -999.0 -999.0 -999.0 -999.0 -999.0 2151.2 1778.2 1466.3 1249.3 1171.9 1426.7 1432.1 1638.0 1937.5 1963.7 2013.1 1912.0 1887.8 1953.7 1809.1 1797.4 1478.9 1686.2 1794.8 1833.1 1733.1 1789.1 2004.4 1903.7 2001.3 2037.6 1868.4 2060.4 2078.4 2080.0 2022.5 2034.4 2009.5 1863.4 1934.5 2011.4 1956.9 1980.6 2000.2 1954.4 1872.4 1913.2 1944.9 2010.3 1961.0 2056.3 1975.2 1991.3 2096.4 2136.4
