GDD/GrowingDegreeDays_1997_Actual.txt
ncols         180
nrows         290
xllcorner     -200000
yllcorner     -200000
cellsize      5000
NODATA_value    -999
[rows 64 to 95 of 290, columns 71 to 141 of 180]
-999.0 -999.0 -999.0 -999.0 -999.0 -999.0 -999.0 -999.0 -999.0 1611.4 1363.0 1389.6 1347.6 1013.8 1040.3 828.0 1017.8 1102.1 1027.8 1066.4 543.3 1058.9 701.7 1013.9 970.6 1171.3 1226.7 1096.8 901.4 948.7 735.6 1114.6 -999.0 -999.0 -999.0 -999.0 -999.0 -999.0 -999.0 -999.0 -999.0 -999.0 -999.0 -999.0 -999.0 -999.0 -999.0 -999.0 -999.0 -999.0 -999.0 -999.0 -999.0 -999.0 -999.0 -999.0 -999.0 -999.0 -999.0 -999.0 -999.0 -999.0 -999.0 -999.0 -999.0 -999.0 -999.0 -999.0 -999.0 -999.0 -999.0
-999.0 -999.0 -999.0 -999.0 -999.0 -999.0 -999.0 -999.0 -999.0 -999.0 1627.0 1390.5 1098.2 1019.1 1021.6 958.2 956.7 1349.5 1192.2 1162.3 913.3 868.3 843.1 1007.1 1129.7 1032.6 1093.3 1149.2 1073.8 1099.2 1149.8 1446.5 -999.0 -999.0 -999.0 -999.0 -999.0 -999.0 -999.0 -999.0 -999.0 -999.0 -999.0 -999.0 -999.0 -999.0 -999.0 -999.0 -999.0 -999.0 -999.0 -999.0 -999.0 -999.0 -999.0 -999.0 -999.0 -999.0 -999.0 -999.0 -999.0 -999.0 -999.0 -999.0 -999.0 -999.0 -999.0 -999.0 -999.0 -999.0 -999.0
-999.0 -999.0 -999.0 -999.0 -999.0 -999.0 -999.0 -999.0 1629.3 -999.0 1651.4 1434.9 1046.1 1005.1 912.9 667.6 1183.5 1084.1 1344.7 1176.3 1171.6 1058.2 959.2 1184.1 1147.6 1057.0 991.8 971.6 1102.8 1265.3 1467.7 -999.0 -999.0 -999.0 -999.0 -999.0 -999.0 -999.0 -999.0 -999.0 -999.0 -999.0 -999.0 -999.0 -999.0 -999.0 -999.0 -999.0 -999.0 -999.0 -999.0 -999.0 -999.0 -999.0 -999.0 -999.0 -999.0 -999.0 -999.0 -999.0 -999.0 -999.0 -999.0 -999.0 -999.0 -999.0 -999.0 -999.0 -999.0 -999.0 -999.0
-999.0 -999.0 -999.0 -999.0 -999.0 -999.0 -999.0 -999.0 1631.9 1601.4 1544.4 1536.3 1031.1 1408.6 1191.0 1285.0 1116.4 1193.9 1001.3 1326.9 1271.8 1108.0 1150.6 1105.6 1114.6 1235.7 910.0 1111.6 1152.4 -999.0 -999.0 -999.0 -999.0 -999.0 -999.0 -999.0 -999.0 -999.0 -999.0 -999.0 -999.0 -999.0 -999.0 -999.0 -999.0 -999.0 -999.0 -999.0 -999.0 -999.0 -999.0 -999.0 -999.0 -999.0 -999.0 -999.0 -999.0 -999.0 -999.0 -999.0 -999.0 -999.0 -999.0 -999.0 -999.0 -999.0 -999.0 -999.0 -999.0 -999.0 -999.0
-999.0 -999.0 -999.0 -999.0 -999.0 -999.0 -999.0 -999.0 -999.0 1595.4 914.4 1532.0 1258.0 1173.3 1174.7 1367.0 996.3 1155.6 1015.3 1057.4 1293.0 1185.3 1225.9 1190.6 1139.1 1165.1 1079.4 1462.3 -999.0 -999.0 -999.0 -999.0 -999.0 -999.0 -999.0 -999.0 -999.0 -999.0 -999.0 -999.0 -999.0 -999.0 -999.0 -999.0 -999.0 -999.0 -999.0 -999.0 -999.0 -999.0 -999.0 -999.0 -999.0 -999.0 -999.0 -999.0 -999.0 -999.0 -999.0 -999.0 -999.0 -999.0 -999.0 -999.0 -999.0 -999.0 -999.0 -999.0 -999.0 -999.0 -999.0
-999.0 -999.0 -999.0 -999.0 -999.0 -999.0 -999.0 -999.0 -999.0 -999.0 1623.4 1160.9 1547.4 1285.3 863.4 1313.0 1263.3 1264.5 1438.3 1144.8 1309.2 1153.4 1098.3 1405.6 1109.7 1271.2 1401.9 -999.0 -999.0 -999.0 -999.0 -999.0 -999.0 -999.0 -999.0 -999.0 -999.0 -999.0 -999.0 -999.0 -999.0 -999.0 -999.0 -999.0 -999.0 -999.0 -999.0 -999.0 -999.0 -999.0 -999.0 -999.0 -999.0 -999.0 -999.0 -999.0 -999.0 -999.0 -999.0 -999.0 -999.0 -999.0 -999.0 -999.0 -999.0 -999.0 -999.0 -999.0 -999.0 -999.0 -999.0
-999.0 -999.0 -999.0 -999.0 -999.0 -999.0 1646.0 -999.0 -999.0 1650.9 1651.2 1354.8 1149.8 1068.4 1097.2 1340.7 1257.1 1017.4 1177.4 1275.6 1424.9 1200.1 1132.3 1207.1 1506.3 1499.4 -999.0 -999.0 -999.0 -999.0 -999.0 -999.0 -999.0 -999.0 -999.0 -999.0 -999.0 -999.0 -999.0 -999.0 -999.0 -999.0 -999.0 -999.0 -999.0 -999.0 -999.0 -999.0 -999.0 -999.0 -999.0 -999.0 -999.0 -999.0 -999.0 -999.0 -999.0 -999.0 -999.0 -999.0 -999.0 -999.0 -999.0 -999.0 -999.0 -999.0 -999.0 -999.0 -999.0 -999.0 -999.0
-999.0 -999.0 -999.0 -999.0 1557.0 1741.9 1570.9 1688.5 1426.1 1658.1 1135.2 1575.9 857.1 1013.4 1067.4 1101.5 947.3 998.4 1030.3 1437.0 1290.9 1388.9 1118.4 1238.0 1361.6 1506.6 -999.0 -999.0 -999.0 -999.0 -999.0 -999.0 -999.0 -999.0 -999.0 -999.0 -999.0 -999.0 -999.0 -999.0 -999.0 -999.0 -999.0 -999.0 -999.0 -999.0 -999.0 -999.0 -999.0 -999.0 -999.0 -999.0 -999.0 -999.0 -999.0 -999.0 -999.0 -999.0 -999.0 -999.0 -999.0 -999.0 -999.0 -999.0 -999.0 -999.0 -999.0 -999.0 -999.0 -999.0 -999.0
-999.0 -999.0 -999.0 -999.0 1164.5 1697.1 1672.4 1433.2 1349.2 1139.1 830.9 1047.4 1611.7 867.5 800.9 892.0 822.8 1170.7 1048.2 731.0 1226.9 1465.1 1510.3 1558.7 1538.9 -999.0 -999.0 1476.7 -999.0 -999.0 -999.0 -999.0 -999.0 -999.0 -999.0 -999.0 -999.0 -999.0 -999.0 -999.0 -999.0 -999.0 -999.0 -999.0 -999.0 -999.0 -999.0 -999.0 -999.0 -999.0 -999.0 -999.0 -999.0 -999.0 -999.0 -999.0 -999.0 -999.0 -999.0 -999.0 -999.0 -999.0 -999.0 -999.0 -999.0 -999.0 -999.0 -999.0 -999.0 -999.0 -999.0
-999.0 -999.0 -999.0 -999.0 1329.1 1481.4 1638.1 1360.5 930.4 1333.0 553.8 1174.3 1157.6 806.5 708.8 805.4 844.8 833.5 728.0 885.0 1039.1 929.0 1281.1 1149.2 1490.5 1495.6 1461.8 1482.5 -999.0 -999.0 -999.0 -999.0 -999.0 -999.0 -999.0 -999.0 -999.0 -999.0 -999.0 -999.0 -999.0 -999.0 -999.0 -999.0 -999.0 -999.0 -999.0 -999.0 -999.0 -999.0 -999.0 -999.0 -999.0 -999.0 -999.0 -999.0 -999.0 -999.0 -999.0 -999.0 -999.0 -999.0 -999.0 -999.0 -999.0 -999.0 -999.0 -999.0 -999.0 -999.0 -999.0
-999.0 -999.0 -999.0 -999.0 1627.6 1321.2 1603.3 1245.1 1195.7 801.2 991.7 1005.7 1176.5 1150.9 1091.5 752.5 914.1 854.5 879.8 1197.7 1230.9 1083.7 1292.9 1206.3 1461.6 1492.3 1444.4 -999.0 -999.0 -999.0 -999.0 -999.0 -999.0 -999.0 -999.0 -999.0 -999.0 -999.0 -999.0 -999.0 -999.0 -999.0 -999.0 -999.0 -999.0 -999.0 -999.0 -999.0 -999.0 -999.0 -999.0 -999.0 -999.0 -999.0 -999.0 -999.0 -999.0 -999.0 -999.0 -999.0 -999.0 -999.0 -999.0 -999.0 -999.0 -999.0 -999.0 -999.0 -999.0 -999.0 -999.0
-999.0 -999.0 -999.0 -999.0 1534.4 1619.4 1453.9 1680.5 720.0 908.0 901.0 994.2 772.3 489.4 900.9 1068.8 1111.4 793.0 898.0 1178.3 1101.7 1268.3 1381.1 1552.6 1566.9 1284.8 -999.0 -999.0 -999.0 -999.0 -999.0 -999.0 -999.0 -999.0 -999.0 -999.0 -999.0 -999.0 -999.0 -999.0 -999.0 -999.0 -999.0 -999.0 -999.0 -999.0 -999.0 -999.0 -999.0 -999.0 -999.0 -999.0 -999.0 -999.0 -999.0 -999.0 -999.0 -999.0 -999.0 -999.0 -999.0 -999.0 -999.0 -999.0 -999.0 -999.0 -999.0 -999.0 -999.0 -999.0 -999.0
-999.0 -999.0 -999.0 1693.6 1315.3 1265.1 964.5 1183.3 1610.7 968.5 983.7 937.9 1034.8 990.5 1085.2 902.0 1129.0 1153.2 619.6 999.8 1183.5 1566.1 1622.8 1619.8 1556.7 -999.0 -999.0 -999.0 -999.0 -999.0 -999.0 1563.2 1546.9 1518.3 1547.6 -999.0 -999.0 1586.4 1420.6 1481.6 1576.0 1580.9 -999.0 -999.0 -999.0 1462.0 -999.0 1490.5 1526.2 -999.0 -999.0 -999.0 -999.0 -999.0 -999.0 -999.0 -999.0 -999.0 -999.0 -999.0 -999.0 -999.0 -999.0 -999.0 -999.0 -999.0 -999.0 -999.0 -999.0 -999.0 -999.0
-999.0 -999.0 -999.0 -999.0 1572.2 1211.9 930.5 1078.6 992.0 1546.0 984.5 1058.6 889.8 1088.3 1196.9 1524.9 1293.1 1003.6 1060.1 1208.0 1406.8 1422.4 1340.0 1239.9 1516.0 -999.0 -999.0 -999.0 1587.4 1625.6 1599.0 1580.5 1568.0 1584.8 1573.9 1588.6 1577.5 1438.8 1295.9 1310.2 1470.3 1519.2 1578.5 1456.3 1273.2 1219.7 1313.3 1403.2 1453.8 1441.8 -999.0 -999.0 -999.0 -999.0 -999.0 -999.0 -999.0 -999.0 -999.0 -999.0 -999.0 -999.0 -999.0 -999.0 -999.0 -999.0 -999.0 -999.0 -999.0 -999.0 -999.0
-999.0 1530.3 -999.0 1558.6 1834.2 1709.0 1596.8 599.6 1476.9 1120.5 1321.4 1025.4 1252.6 1011.9 1061.3 977.9 1347.2 1498.1 1480.9 1369.4 1543.9 1271.4 1363.8 1228.5 1456.6 1550.9 1579.3 1531.1 1582.4 1627.0 1471.0 1288.0 1499.0 1522.3 1395.3 1596.7 1240.9 1101.3 1169.4 1241.8 1417.7 1313.0 1411.8 1460.1 1353.7 1211.4 1282.0 1353.3 1187.8 1403.3 1459.4 -999.0 -999.0 -999.0 -999.0 -999.0 -999.0 -999.0 -999.0 -999.0 -999.0 -999.0 -999.0 -999.0 -999.0 -999.0 -999.0 -999.0 -999.0 -999.0 -999.0
-999.0 -999.0 1688.8 1020.4 1327.8 1405.9 824.9 1010.2 692.0 1333.7 1049.1 1019.0 1128.5 1155.0 1368.8 879.8 1000.3 1005.9 1457.8 1594.4 1364.5 1496.5 1610.5 -999.0 1540.1 1481.4 1534.3 1414.8 1421.5 1463.4 1371.4 1385.1 1202.7 1176.6 1254.8 1372.5 1292.8 1296.7 1346.2 1359.4 1228.4 1361.8 1398.6 1376.4 1280.7 1279.6 1274.2 1305.9 1315.6 1309.0 1392.7 1450.9 -999.0 -999.0 -999.0 -999.0 -999.0 -999.0 -999.0 -999.0 -999.0 -999.0 -999.0 -999.0 -999.0 -999.0 -999.0 -999.0 -999.0 -999.0 -999.0
1540.2 -999.0 1687.8 1497.2 1184.6 1050.5 1359.8 732.8 827.3 1249.9 1117.1 911.4 848.1 883.5 1140.5 1132.7 931.9 1061.5 1138.4 1608.9 1652.3 1668.7 1696.1 1580.6 1337.8 1290.3 1311.4 1340.3 1425.3 1266.1 1181.5 1191.0 1027.6 1121.6 1332.0 1157.9 1126.7 1114.2 1188.7 1449.0 1458.8 1484.8 1377.6 1368.0 1262.9 1272.3 1239.9 1321.3 1348.2 1378.6 1385.5 1432.2 -999.0 -999.0 -999.0 -999.0 -999.0 -999.0 -999.0 -999.0 -999.0 -999.0 -999.0 -999.0 -999.0 -999.0 -999.0 -999.0 -999.0 -999.0 -999.0
1008.8 -999.0 -999.0 1154.9 750.2 1211.8 990.3 1683.3 1277.3 1176.1 1168.6 846.5 1016.5 640.5 691.3 794.7 1049.0 1250.1 1456.3 1532.0 1177.3 1402.4 1584.7 1310.9 1115.3 972.0 1087.1 1204.0 1169.0 1189.8 995.0 976.6 1293.4 1291.1 1312.4 1372.3 1173.0 1170.8 1243.3 1383.3 1449.1 1387.2 1222.1 1368.8 1302.6 1289.3 1178.3 1319.4 1287.9 1326.2 1314.5 1375.0 -999.0 -999.0 -999.0 -999.0 -999.0 -999.0 -999.0 -999.0 -999.0 -999.0 -999.0 -999.0 -999.0 -999.0 -999.0 -999.0 -999.0 -999.0 -999.0
1231.0 -999.0 -999.0 1444.1 1537.2 1497.3 1592.3 1307.2 1058.4 788.5 1183.9 1039.2 1093.4 1214.2 1280.4 1054.8 1055.4 1079.9 1131.6 1201.5 903.5 1444.6 1245.6 1267.1 1089.4 840.2 940.8 1148.9 1111.9 1074.5 905.7 1089.2 1429.2 997.9 1177.7 1072.3 972.2 1212.2 1137.2 1382.8 1298.6 1110.0 1256.3 1304.4 1388.9 1288.2 1353.2 1350.9 1233.1 1336.4 1355.2 -999.0 -999.0 -999.0 -999.0 -999.0 -999.0 -999.0 -999.0 -999.0 -999.0 -999.0 -999.0 -999.0 -999.0 -999.0 -999.0 -999.0 -999.0 -999.0 -999.0
1673.4 1645.1 -999.0 -999.0 1750.8 1395.3 1580.0 1264.9 877.9 631.1 926.4 602.4 873.4 994.3 1062.8 1308.4 1255.6 1113.3 1134.6 999.7 1587.0 1267.7 1323.7 855.3 1068.5 1078.9 782.1 1015.6 1021.1 1035.4 1151.8 1313.1 1196.8 1104.9 1152.8 1047.0 1065.9 933.8 1087.5 1301.0 1067.5 1229.8 1317.8 1312.6 1154.6 1320.0 1401.1 1457.4 1374.1 1354.0 1364.9 -999.0 -999.0 -999.0 -999.0 -999.0 -999.0 -999.0 -999.0 -999.0 -999.0 -999.0 -999.0 -999.0 -999.0 -999.0 -999.0 -999.0 -999.0 -999.0 -999.0
1482.1 1617.7 -999.0 -999.0 1589.7 1583.2 1657.8 1227.2 1687.7 1249.8 919.8 678.1 535.9 715.4 1187.0 1160.8 1063.9 868.7 1141.2 1517.4 1213.4 1171.2 1150.4 930.5 981.3 1046.4 812.6 1117.4 1186.2 1204.1 1244.2 840.6 1140.3 1117.6 709.1 915.1 1037.4 998.0 1217.1 1229.4 1265.2 1330.3 1395.9 1380.2 1400.7 1303.9 1393.9 1419.9 1378.8 1343.3 -999.0 -999.0 -999.0 -999.0 -999.0 -999.0 -999.0 -999.0 -999.0 -999.0 -999.0 -999.0 -999.0 -999.0 -999.0 -999.0 -999.0 -999.0 -999.0 -999.0 -999.0
1434.7 1604.5 1549.6 1258.3 920.4 1153.2 948.7 1113.4 1456.0 1046.0 562.3 602.5 1229.9 990.2 1155.5 946.7 791.2 845.7 1088.0 1355.6 1180.5 769.9 687.7 941.4 910.1 884.5 1184.4 1264.1 1280.9 1066.6 898.9 1161.6 1152.3 1139.5 967.5 780.6 914.5 747.2 1226.7 951.7 1125.6 1113.3 858.2 1276.1 1466.4 1326.8 1275.6 1397.8 1350.1 -999.0 -999.0 -999.0 -999.0 -999.0 -999.0 -999.0 -999.0 -999.0 -999.0 -999.0 -999.0 -999.0 -999.0 -999.0 -999.0 -999.0 -999.0 -999.0 -999.0 -999.0 -999.0
1701.1 1336.2 1582.4 962.0 1724.1 1599.5 1314.7 815.8 634.6 1054.4 907.8 1023.8 694.5 858.3 938.1 963.2 1196.1 1187.4 1224.9 1199.6 929.1 639.3 769.0 1032.8 722.5 1090.4 968.8 1324.1 1339.7 1242.3 1070.2 970.5 968.8 925.2 760.5 794.7 1076.0 963.0 1287.0 1278.2 1367.0 1328.7 1318.5 1399.4 1441.5 1460.4 1423.0 1381.5 1485.6 -999.0 -999.0 -999.0 -999.0 -999.0 -999.0 -999.0 -999.0 -999.0 -999.0 -999.0 -999.0 -999.0 -999.0 -999.0 -999.0 -999.0 -999.0 -999.0 -999.0 -999.0 -999.0
-999.0 1530.5 1394.7 -999.0 1713.8 1089.4 721.2 613.5 1091.9 1230.1 1136.5 640.9 646.1 1256.4 1348.7 1108.3 794.2 1313.3 1196.0 920.3 698.5 645.5 685.6 603.6 890.6 795.3 972.0 1301.1 833.1 1165.4 765.9 799.5 766.7 692.8 836.3 1024.4 1135.6 993.8 1130.6 1062.0 1236.7 1221.7 1338.0 1374.1 1410.7 1450.5 1499.3 1449.1 -999.0 -999.0 -999.0 -999.0 -999.0 -999.0 -999.0 -999.0 -999.0 -999.0 -999.0 -999.0 -999.0 -999.0 -999.0 -999.0 -999.0 -999.0 -999.0 -999.0 -999.0 -999.0 -999.0
1750.8 1321.2 1723.3 -999.0 853.2 1213.8 1125.0 1702.2 930.4 1168.3 606.9 690.8 995.3 788.3 720.3 1083.8 1466.6 902.0 868.0 788.5 588.3 566.8 582.7 557.5 814.4 1107.3 1374.9 1319.5 1233.7 912.8 653.1 696.5 960.3 836.0 1039.1 900.8 984.1 1101.1 1222.3 1142.9 1124.3 1153.0 1284.5 1224.7 1416.6 1326.2 1330.9 1442.9 -999.0 -999.0 -999.0 -999.0 -999.0 -999.0 -999.0 -999.0 -999.0 -999.0 -999.0 -999.0 -999.0 -999.0 -999.0 -999.0 -999.0 -999.0 -999.0 -999.0 -999.0 -999.0 -999.0
1421.3 1699.9 -999.0 1498.3 1345.5 989.2 1319.1 1097.7 834.2 1270.4 1253.7 1067.0 1233.7 1395.5 1404.4 1376.6 945.6 635.5 615.3 611.0 575.2 471.3 589.7 985.2 1203.2 1219.7 698.2 1012.4 445.6 396.7 621.5 644.8 648.7 858.2 953.4 970.1 909.5 1368.5 1396.8 1318.7 1364.2 1323.8 862.3 1092.6 1487.2 1478.7 1466.9 1437.9 1511.2 -999.0 -999.0 -999.0 -999.0 -999.0 -999.0 -999.0 -999.0 -999.0 -999.0 -999.0 -999.0 -999.0 -999.0 -999.0 -999.0 -999.0 -999.0 -999.0 -999.0 -999.0 -999.0
-999.0 -999.0 1743.9 1170.0 1094.0 950.2 1446.7 1073.9 689.3 1232.6 1121.5 852.6 897.4 877.1 1061.0 777.8 714.4 554.2 855.4 896.3 733.6 607.4 782.7 1211.1 1079.7 1155.3 801.9 448.4 718.6 452.2 581.8 590.4 674.9 789.7 829.6 1038.6 1284.6 1409.4 1349.8 1465.6 1477.8 1310.5 1357.4 1450.0 1533.6 1404.9 1350.4 1399.4 -999.0 -999.0 -999.0 -999.0 -999.0 -999.0 -999.0 -999.0 -999.0 -999.0 -999.0 -999.0 -999.0 -999.0 -999.0 -999.0 -999.0 -999.0 -999.0 -999.0 -999.0 -999.0 -999.0
-999.0 -999.0 1729.7 1735.8 1395.2 941.6 1221.7 871.5 1378.3 1396.5 1309.4 1075.4 648.0 551.7 705.8 981.1 1048.1 966.1 704.7 916.5 941.7 1049.5 1036.6 863.8 796.1 685.5 556.8 574.9 549.2 777.8 802.8 845.4 1153.5 1138.2 1044.4 993.8 916.7 1078.7 1216.2 973.1 1151.5 1488.3 1390.4 1257.1 1224.6 1204.6 1326.9 -999.0 -999.0 -999.0 -999.0 -999.0 -999.0 -999.0 -999.0 -999.0 -999.0 -999.0 -999.0 -999.0 -999.0 -999.0 -999.0 -999.0 -999.0 -999.0 -999.0 -999.0 -999.0 -999.0 -999.0
-999.0 -999.0 1402.4 1030.2 1620.5 866.0 773.7 863.6 725.6 895.9 1229.6 1099.6 1253.0 1323.9 679.4 801.1 710.1 317.1 1179.4 1032.3 1021.0 930.3 968.3 731.5 791.0 608.2 769.8 839.3 870.6 763.7 919.0 669.8 669.6 548.7 700.5 923.4 738.7 529.9 739.8 827.0 998.7 1020.4 1090.2 1091.1 1220.1 1254.5 1378.3 -999.0 -999.0 -999.0 -999.0 -999.0 -999.0 -999.0 -999.0 -999.0 -999.0 -999.0 -999.0 -999.0 -999.0 -999.0 -999.0 -999.0 -999.0 -999.0 -999.0 -999.0 -999.0 -999.0 -999.0
-999.0 1727.4 1800.8 1550.7 1860.5 1570.6 1309.1 967.6 1309.6 1231.0 610.8 1126.9 1176.0 1203.3 1242.4 825.3 1069.3 1278.2 1100.6 619.2 714.0 959.4 501.4 678.5 743.7 618.8 546.0 630.2 671.4 632.0 609.3 608.5 579.4 402.5 963.9 700.6 722.0 1135.8 1167.4 842.8 1060.7 1020.1 1022.9 1338.2 1231.1 1256.0 1317.7 -999.0 -999.0 -999.0 -999.0 -999.0 -999.0 -999.0 -999.0 -999.0 -999.0 -999.0 -999.0 -999.0 -999.0 -999.0 -999.0 -999.0 -999.0 -999.0 -999.0 -999.0 -999.0 -999.0 -999.0
-999.0 -999.0 1723.2 1429.8 806.9 1546.3 1748.6 1510.8 1566.0 1560.9 1458.6 1289.1 1000.9 993.4 774.1 1208.3 1100.1 1091.1 641.4 767.2 1052.1 947.6 484.7 796.6 672.3 903.4 596.5 615.9 858.0 421.2 450.5 412.4 341.3 451.4 690.4 554.1 673.4 832.5 1087.6 1342.1 1304.9 1103.9 1317.3 1479.3 1402.1 1243.9 1454.7 -999.0 -999.0 -999.0 -999.0 -999.0 -999.0 -999.0 -999.0 -999.0 -999.0 -999.0 -999.0 -999.0 -999.0 -999.0 -999.0 -999.0 -999.0 -999.0 -999.0 -999.0 -999.0 -999.0 -999.0
1703.4 1702.8 1708.7 1606.3 1166.4 1716.5 839.9 1282.2 1011.3 764.7 1450.2 1245.5 178.8 410.0 506.1 765.4 567.2 653.9 600.7 596.8 540.2 794.6 762.6 966.1 986.8 1017.8 824.7 844.9 549.4 836.8 729.8 817.6 664.7 523.1 649.5 1177.4 862.8 771.8 1103.8 854.1 1286.1 1477.9 1525.1 1486.1 1240.2 1307.9 -999.0 -999.0 -999.0 -999.0 -999.0 -999.0 -999.0 -999.0 -999.0 -999.0 -999.0 -999.0 -999.0 -999.0 -999.0 -999.0 -999.0 -999.0 -999.0 -999.0 -999.0 -999.0 -999.0 -999.0 -999.0
