GDD/GrowingDegreeDays_1975_Actual.txt
ncols         180
nrows         290
xllcorner     -200000
yllcorner     -200000
cellsize      5000
NODATA_value    -999
[rows 128 to 159 of 290, columns 71 to 141 of 180]
-999.0 1285.2 1591.7 1633.9 -999.0 -999.0 -999.0 -999.0 -999.0 -999.0 -999.0 -999.0 -999.0 1460.7 1335.0 1498.0 1309.6 1157.6 1243.3 1037.8 893.1 973.5 874.8 989.8 1114.1 1190.0 1146.6 969.5 1028.9 1085.5 1285.7 1086.1 842.0 1028.0 911.8 1082.6 1103.9 1278.0 1259.6 1153.0 1203.1 1180.1 1086.8 976.0 896.0 939.0 1055.2 1153.4 1191.5 1294.9 1186.2 1172.7 1275.9 1362.2 -999.0 -999.0 -999.0 -999.0 -999.0 -999.0 -999.0 -999.0 -999.0 -999.0 -999.0 -999.0 -999.0 -999.0 -999.0 -999.0 -999.0
-999.0 -999.0 -999.0 -999.0 -999.0 -999.0 -999.0 -999.0 -999.0 -999.0 -999.0 -999.0 -999.0 1505.8 1551.2 1221.1 1298.6 1130.9 1237.4 1000.5 987.6 832.5 884.9 912.0 1015.1 1063.1 1229.6 782.8 843.7 1101.8 1316.3 1072.5 918.8 1097.2 1057.8 958.1 1164.7 1037.1 987.3 1102.3 985.6 979.8 835.4 1081.3 1070.1 1011.4 1017.9 1043.2 1229.4 1387.8 1325.7 1347.3 1377.2 1440.1 1498.7 -999.0 -999.0 -999.0 -999.0 -999.0 -999.0 -999.0 -999.0 -999.0 -999.0 -999.0 -999.0 -999.0 -999.0 -999.0 -999.0
-999.0 -999.0 -999.0 -999.0 -999.0 -999.0 -999.0 -999.0 -999.0 -999.0 -999.0 -999.0 1729.4 1330.9 1179.6 1190.3 1115.6 1112.9 1186.3 1232.7 953.2 961.8 891.8 947.8 979.3 1181.8 1386.0 1144.1 1064.3 1086.8 1282.1 1285.9 1129.3 1110.9 1106.2 1069.7 898.9 1137.3 1170.6 1129.9 1140.4 839.5 978.9 886.1 941.5 1089.0 1077.5 1074.1 1086.5 1087.8 1354.5 1429.8 1446.6 1464.3 1534.4 -999.0 -999.0 -999.0 -999.0 -999.0 -999.0 -999.0 -999.0 -999.0 -999.0 -999.0 -999.0 -999.0 -999.0 -999.0 -999.0
-999.0 -999.0 -999.0 -999.0 -999.0 -999.0 -999.0 -999.0 -999.0 -999.0 -999.0 -999.0 1423.4 1300.4 1253.5 950.2 1001.5 1144.3 1179.9 953.4 1211.6 1121.3 989.9 1099.3 1095.8 1326.9 1455.1 1291.2 1221.8 1058.3 1354.3 1319.2 1290.3 1209.4 1289.4 998.2 1276.6 1014.7 1110.6 1249.8 852.3 1159.3 1056.0 1003.3 1061.6 1005.4 1172.9 1190.1 1064.1 1128.3 1295.4 1318.3 1400.3 1479.2 1518.9 -999.0 -999.0 -999.0 -999.0 -999.0 -999.0 -999.0 -999.0 -999.0 -999.0 -999.0 -999.0 -999.0 -999.0 -999.0 -999.0
-999.0 -999.0 -999.0 -999.0 -999.0 -999.0 -999.0 -999.0 -999.0 -999.0 -999.0 1393.9 1398.5 1347.8 1093.4 1155.1 1128.5 758.1 1015.7 1029.0 1229.8 1138.5 1120.5 1221.9 1111.5 1163.7 1327.4 1233.5 1285.0 1429.7 1469.7 1381.5 1220.3 1211.8 1035.0 1179.7 1305.5 1013.9 1217.5 1171.3 882.3 1114.1 1191.0 1252.2 1134.2 1044.4 1101.8 1096.4 1107.8 1239.6 1295.7 1370.4 1467.5 1477.1 1511.8 -999.0 -999.0 -999.0 -999.0 -999.0 -999.0 -999.0 -999.0 -999.0 -999.0 -999.0 -999.0 -999.0 -999.0 -999.0 -999.0
-999.0 -999.0 -999.0 -999.0 -999.0 -999.0 -999.0 -999.0 -999.0 -999.0 1577.1 1358.1 1205.0 1363.8 1271.6 1175.1 1212.9 1053.4 1164.3 828.8 1289.6 1328.2 1248.0 1207.7 1194.8 1181.7 1333.8 1467.2 1552.6 1346.2 1491.8 1482.5 1304.1 1257.4 1260.9 1263.8 1359.3 1184.8 1340.0 1203.5 942.1 1009.8 1002.0 1077.5 1128.9 1204.6 1244.1 1112.9 1188.6 1252.8 1288.1 1350.3 1397.2 1482.4 1515.8 1554.4 -999.0 -999.0 -999.0 -999.0 -999.0 -999.0 -999.0 -999.0 -999.0 -999.0 -999.0 -999.0 -999.0 -999.0 -999.0
-999.0 -999.0 -999.0 -999.0 -999.0 -999.0 -999.0 -999.0 -999.0 -999.0 1290.0 978.2 1161.3 1236.4 1299.0 1297.4 1363.9 829.9 1029.9 1183.5 1215.6 1376.4 1361.9 1281.2 1317.7 1059.2 1418.7 1552.6 1580.4 1576.4 1331.0 1494.1 1297.9 1341.0 1303.9 1351.7 1347.5 1343.1 1195.9 1298.0 1121.2 1060.2 1100.5 1051.2 1177.7 1276.7 1316.5 1222.3 1276.2 1209.1 1285.8 1390.9 1485.9 1447.8 1475.6 1528.2 -999.0 -999.0 -999.0 -999.0 -999.0 -999.0 -999.0 -999.0 -999.0 -999.0 -999.0 -999.0 -999.0 -999.0 -999.0
-999.0 -999.0 -999.0 -999.0 -999.0 -999.0 -999.0 -999.0 1549.1 1452.5 1178.7 1176.8 1195.1 1171.2 1312.5 1300.3 1424.9 1086.3 1158.1 1145.4 1250.7 1279.0 1447.2 1298.3 1272.9 1347.3 1387.2 1441.2 1644.4 1606.1 1462.5 1470.2 1458.6 1424.3 1398.2 1452.9 1461.8 1347.7 1357.4 1354.9 1089.3 1129.3 1142.8 1152.7 1100.8 1239.1 1295.9 1421.9 1339.1 1305.7 1351.0 1409.6 1497.4 1492.6 1486.0 1504.0 -999.0 -999.0 -999.0 -999.0 -999.0 -999.0 -999.0 -999.0 -999.0 -999.0 -999.0 -999.0 -999.0 -999.0 -999.0
-999.0 -999.0 -999.0 -999.0 -999.0 -999.0 -999.0 -999.0 1451.4 1384.7 1431.6 1210.8 1244.3 1180.1 1342.3 1430.2 1480.8 1439.6 1317.5 1021.9 1221.0 1294.3 1456.2 1476.9 1432.8 1445.4 1461.9 1432.9 1566.3 1485.7 1578.4 1549.2 1537.9 1509.0 1522.4 1536.3 1564.5 1521.3 1401.3 1382.6 1386.8 1270.5 1224.7 1236.8 1268.5 1322.3 1534.1 1404.0 1202.1 1274.9 1408.2 1437.3 1499.7 1513.6 1572.9 1542.7 1577.0 -999.0 -999.0 -999.0 -999.0 -999.0 -999.0 -999.0 -999.0 -999.0 -999.0 -999.0 -999.0 -999.0 -999.0
-999.0 -999.0 -999.0 -999.0 -999.0 -999.0 -999.0 -999.0 1426.5 1363.2 1498.1 1282.3 1396.5 1320.3 1395.9 1463.1 1461.6 1530.6 1244.9 1238.2 1290.3 1185.3 1419.5 1476.6 1429.0 1488.4 1377.5 1146.4 1466.3 -999.0 -999.0 -999.0 1570.5 1528.3 -999.0 1588.7 1606.1 1568.4 1532.2 1487.6 1345.0 1202.2 1287.9 1300.2 1258.8 1360.0 1290.4 1271.8 1385.6 1473.1 1528.4 1542.6 1501.9 1696.4 1688.9 1617.9 1575.5 -999.0 -999.0 -999.0 -999.0 -999.0 -999.0 -999.0 -999.0 -999.0 -999.0 -999.0 -999.0 -999.0 -999.0
1703.0 -999.0 -999.0 -999.0 -999.0 -999.0 -999.0 -999.0 1566.4 1276.4 1460.3 1495.1 1448.9 1394.3 1393.5 1417.8 1504.0 1534.4 1501.5 1142.9 1297.6 1221.9 1412.0 1450.5 1301.1 1516.8 1473.5 1482.2 1537.3 -999.0 -999.0 -999.0 1577.9 1545.9 1521.7 1560.3 1619.4 1601.9 1579.4 1385.0 1159.7 1072.7 1213.3 1032.6 1248.6 1300.0 1138.8 1316.1 1267.4 1283.6 1365.4 1568.3 1488.6 1395.7 1547.5 1549.8 1596.3 -999.0 -999.0 -999.0 -999.0 -999.0 -999.0 -999.0 -999.0 -999.0 -999.0 -999.0 -999.0 -999.0 -999.0
1501.5 1565.7 -999.0 -999.0 -999.0 -999.0 -999.0 -999.0 -999.0 1420.6 1368.5 1529.4 -999.0 1486.3 1424.1 1430.8 1442.4 1533.5 -999.0 1515.6 1560.7 1390.3 1462.6 1396.9 1391.6 1551.4 1565.0 -999.0 -999.0 -999.0 -999.0 1584.6 1557.5 1540.4 1548.3 1529.5 1535.7 1567.3 1501.0 1402.3 1120.2 854.1 1215.3 931.7 1157.2 1070.3 1026.6 1220.0 1139.7 1267.9 1413.1 1336.0 1332.9 1414.7 1559.1 1498.5 1466.7 1623.4 -999.0 -999.0 -999.0 -999.0 -999.0 -999.0 -999.0 -999.0 -999.0 -999.0 -999.0 -999.0 -999.0
1383.8 -999.0 -999.0 -999.0 -999.0 -999.0 -999.0 -999.0 -999.0 -999.0 1472.5 -999.0 -999.0 -999.0 1578.9 1438.7 1423.2 1457.2 1539.0 -999.0 -999.0 1497.9 1562.8 1400.0 1355.9 -999.0 -999.0 -999.0 -999.0 -999.0 1636.8 1515.4 1516.2 1516.6 1527.3 1474.0 1516.0 1445.8 1370.4 1440.6 1258.1 1006.1 857.3 993.6 910.4 901.6 914.8 1089.4 1077.0 1069.5 1165.7 1331.8 1359.0 1349.2 1524.5 1470.7 1401.8 1466.1 -999.0 -999.0 -999.0 -999.0 -999.0 -999.0 -999.0 -999.0 -999.0 -999.0 -999.0 -999.0 -999.0
-999.0 -999.0 -999.0 -999.0 -999.0 -999.0 -999.0 -999.0 -999.0 -999.0 1551.2 1561.0 -999.0 -999.0 -999.0 1562.2 1374.6 1370.7 1458.8 -999.0 -999.0 -999.0 -999.0 1612.3 -999.0 -999.0 -999.0 -999.0 -999.0 -999.0 1644.4 1557.1 1532.4 1418.3 1328.0 1324.7 1412.6 1415.1 1457.6 1427.2 1344.2 1076.8 890.2 1043.3 790.0 865.4 849.4 1037.2 1038.0 958.2 1127.7 1265.6 1349.0 1476.2 1529.0 1434.7 1364.0 1433.9 -999.0 -999.0 -999.0 -999.0 -999.0 -999.0 -999.0 -999.0 -999.0 -999.0 -999.0 -999.0 -999.0
1774.4 1795.6 1748.8 -999.0 -999.0 -999.0 -999.0 -999.0 -999.0 -999.0 -999.0 1432.5 -999.0 -999.0 -999.0 -999.0 1531.4 1410.9 1499.4 -999.0 -999.0 -999.0 -999.0 -999.0 -999.0 -999.0 -999.0 -999.0 -999.0 1676.2 1574.4 1424.6 1335.5 1301.1 1213.9 1233.8 1310.6 1339.0 1432.8 1380.2 1363.0 1189.9 772.0 726.1 765.0 840.8 1055.8 1162.6 1131.1 1216.3 1350.1 1218.4 1240.2 1461.7 1470.7 1394.5 1351.7 1425.5 1570.2 -999.0 -999.0 -999.0 -999.0 -999.0 -999.0 -999.0 -999.0 -999.0 -999.0 -999.0 -999.0
1512.2 1527.0 1616.3 1679.4 -999.0 -999.0 -999.0 -999.0 -999.0 -999.0 -999.0 1351.7 -999.0 -999.0 -999.0 -999.0 -999.0 -999.0 -999.0 -999.0 -999.0 -999.0 -999.0 -999.0 -999.0 -999.0 -999.0 -999.0 -999.0 1576.6 1507.4 1473.4 1441.7 1502.2 1035.6 1181.2 1264.5 1170.5 1410.7 1301.6 1499.4 1326.7 874.3 674.1 834.5 969.5 772.2 755.0 862.6 992.8 1084.6 1387.8 1362.0 1395.8 1333.9 1383.2 1404.4 1414.8 1550.6 1677.5 -999.0 -999.0 -999.0 -999.0 -999.0 -999.0 -999.0 -999.0 -999.0 -999.0 -999.0
1554.3 1583.1 1571.3 1632.4 -999.0 -999.0 -999.0 -999.0 -999.0 -999.0 -999.0 -999.0 -999.0 -999.0 -999.0 -999.0 -999.0 -999.0 -999.0 -999.0 -999.0 -999.0 -999.0 -999.0 -999.0 -999.0 -999.0 -999.0 1699.0 1570.4 1432.4 1497.2 1229.5 1612.7 781.3 811.4 1312.4 1268.5 1370.6 1437.2 1372.3 1430.8 1220.9 730.0 793.9 914.0 982.5 1060.6 956.7 996.9 1074.9 1234.7 1358.3 1404.8 1432.8 1439.5 1395.1 1467.9 1632.5 1695.2 -999.0 -999.0 -999.0 -999.0 -999.0 -999.0 -999.0 -999.0 -999.0 -999.0 -999.0
1607.3 1646.9 1659.7 1627.4 -999.0 -999.0 -999.0 -999.0 -999.0 -999.0 -999.0 -999.0 -999.0 -999.0 -999.0 -999.0 -999.0 -999.0 -999.0 -999.0 -999.0 -999.0 -999.0 -999.0 -999.0 -999.0 -999.0 -999.0 1678.8 1417.1 1462.8 1298.9 852.6 1290.3 1510.1 1120.7 1058.5 1199.4 1238.8 1324.3 1360.9 1422.3 1386.6 1285.5 787.0 899.6 944.5 1070.5 1099.7 1120.0 1258.1 1297.5 1342.5 1323.9 1455.8 1380.8 1430.9 1462.0 1601.5 1699.9 1695.1 1648.0 1626.5 -999.0 -999.0 -999.0 -999.0 -999.0 -999.0 -999.0 -999.0
1570.2 1703.3 -999.0 1631.8 1678.6 -999.0 -999.0 -999.0 -999.0 -999.0 -999.0 -999.0 -999.0 -999.0 -999.0 -999.0 -999.0 -999.0 -999.0 -999.0 -999.0 -999.0 -999.0 -999.0 -999.0 -999.0 -999.0 -999.0 1637.4 1424.6 1333.2 1073.2 1369.2 1292.4 1196.5 983.8 1180.4 1256.6 985.4 1340.9 1194.3 1367.0 1448.9 1480.7 1210.0 1004.0 1002.6 1061.0 1111.7 1263.0 1270.8 1336.4 1416.7 1488.0 1487.9 1483.3 1441.1 1506.0 1585.7 1636.8 1392.2 1482.0 1405.4 1389.6 1472.2 -999.0 -999.0 -999.0 -999.0 -999.0 -999.0
1533.7 1624.0 1639.5 1614.2 -999.0 -999.0 -999.0 -999.0 -999.0 -999.0 -999.0 -999.0 -999.0 -999.0 -999.0 -999.0 -999.0 -999.0 -999.0 -999.0 -999.0 -999.0 -999.0 -999.0 -999.0 -999.0 -999.0 -999.0 1633.2 1408.0 1224.4 887.1 801.0 1011.6 1276.0 1214.5 1134.4 960.2 1247.6 984.7 1121.8 1250.1 1325.7 1369.7 1431.1 1319.8 1013.9 1044.4 1115.6 1188.2 1261.5 1335.0 1390.2 1464.4 1535.6 1513.5 1508.9 1559.4 1580.0 1565.5 1451.7 1204.4 1227.3 1239.5 1226.9 1309.9 1530.5 -999.0 -999.0 -999.0 -999.0
1596.1 1626.2 1599.7 1575.2 -999.0 -999.0 -999.0 -999.0 -999.0 -999.0 -999.0 -999.0 -999.0 -999.0 -999.0 -999.0 -999.0 -999.0 -999.0 -999.0 -999.0 -999.0 -999.0 -999.0 -999.0 -999.0 -999.0 -999.0 1662.4 1538.7 1219.0 1045.1 1354.1 664.7 814.4 1276.3 1126.4 1273.8 969.2 917.3 1133.4 1266.3 1259.2 1232.7 1356.7 858.5 931.3 943.5 924.7 936.2 1023.8 1299.5 1281.3 1453.1 1527.8 1536.1 1543.6 1573.1 1609.7 1613.6 1518.4 1282.5 1348.2 1369.7 1308.6 1260.8 1486.8 1363.7 -999.0 -999.0 -999.0
1628.9 1603.9 1517.8 1621.0 -999.0 -999.0 -999.0 -999.0 -999.0 -999.0 -999.0 -999.0 -999.0 -999.0 -999.0 -999.0 1707.2 1685.4 1724.6 -999.0 -999.0 -999.0 -999.0 -999.0 -999.0 -999.0 -999.0 -999.0 -999.0 1682.5 1545.2 1421.1 1262.5 1212.0 990.7 1434.4 1652.8 1210.4 1202.6 1212.8 1255.1 1132.8 1130.6 1214.6 1168.3 987.7 983.7 800.2 878.1 1027.1 1119.3 1141.0 1310.2 1461.8 1528.7 1561.9 1541.3 1586.4 1604.2 1240.2 1299.1 1045.4 1018.2 1092.1 1156.8 1355.2 1186.9 1297.3 1547.4 -999.0 -999.0
1700.1 1581.0 1618.4 -999.0 -999.0 -999.0 -999.0 -999.0 -999.0 -999.0 -999.0 -999.0 -999.0 -999.0 -999.0 -999.0 1665.9 1653.0 -999.0 -999.0 -999.0 -999.0 -999.0 -999.0 -999.0 -999.0 -999.0 -999.0 -999.0 -999.0 1599.9 1599.3 1265.4 1310.2 800.9 1290.9 1289.2 1367.2 1491.5 1473.9 1399.0 1395.8 842.0 1209.1 1130.4 841.1 1003.9 1230.6 1306.8 1014.7 1315.5 1172.6 1377.5 1518.2 1596.2 1594.9 1572.1 1508.5 1319.3 1227.3 1268.2 1264.9 1303.4 1222.6 1142.3 1185.3 1178.1 1333.7 1344.6 -999.0 -999.0
1585.7 1557.1 -999.0 -999.0 -999.0 -999.0 -999.0 -999.0 -999.0 -999.0 -999.0 -999.0 -999.0 -999.0 -999.0 1661.1 1319.1 1395.6 1668.0 -999.0 -999.0 -999.0 -999.0 -999.0 -999.0 -999.0 -999.0 -999.0 -999.0 -999.0 1619.6 1352.8 1248.5 1232.7 1354.9 1263.8 1428.6 1478.2 1518.4 1536.0 1360.4 1424.7 1454.2 865.5 1121.2 1169.4 963.0 1134.4 973.3 1176.8 1167.3 1336.1 1440.9 1538.4 1585.2 1640.7 1598.7 1451.1 1344.5 1391.0 1316.7 1250.7 1278.1 1222.9 1232.7 1235.5 1243.6 1423.1 1345.5 1598.7 -999.0
-999.0 -999.0 -999.0 -999.0 -999.0 -999.0 -999.0 -999.0 -999.0 -999.0 -999.0 -999.0 -999.0 -999.0 1737.5 1282.9 1148.0 1019.9 1698.3 -999.0 -999.0 -999.0 -999.0 -999.0 -999.0 -999.0 -999.0 -999.0 -999.0 -999.0 1650.5 1184.8 1289.0 1600.5 1429.1 1498.0 1447.1 1608.3 1627.4 1511.8 1383.8 1548.0 1017.7 1174.4 972.7 1175.5 888.5 1317.7 1211.7 1361.6 1226.7 1388.4 1424.0 1483.1 1630.7 1647.4 1603.0 1522.8 1300.5 1284.5 1331.6 1427.3 1389.0 1372.4 1341.1 1323.4 1240.3 1275.0 1405.6 1463.5 -999.0
-999.0 -999.0 -999.0 -999.0 -999.0 -999.0 -999.0 -999.0 -999.0 -999.0 -999.0 -999.0 -999.0 1734.6 1627.4 1008.8 1323.0 1511.7 -999.0 -999.0 -999.0 -999.0 -999.0 -999.0 -999.0 -999.0 -999.0 -999.0 -999.0 -999.0 -999.0 1628.6 1643.5 1653.6 1430.8 1601.7 1439.1 1631.1 1672.1 1613.2 1470.3 1565.3 1064.9 1028.3 920.4 951.7 902.1 951.5 958.7 1054.1 1157.2 1200.2 1288.1 1508.9 1589.0 1588.6 1517.2 1495.1 1486.7 1225.5 1357.5 1561.2 1555.1 1483.3 1490.5 1481.1 1496.7 1503.9 1570.3 1580.4 1526.1
-999.0 -999.0 -999.0 -999.0 -999.0 -999.0 -999.0 -999.0 -999.0 -999.0 -999.0 -999.0 -999.0 1458.6 1217.6 1550.4 1670.9 1779.0 -999.0 -999.0 -999.0 -999.0 -999.0 -999.0 -999.0 -999.0 -999.0 -999.0 -999.0 -999.0 -999.0 -999.0 1723.7 1578.6 1613.8 1626.8 1522.8 1639.1 1676.5 1629.3 1457.3 1563.3 1084.3 1123.4 1146.7 964.6 1024.1 1094.2 868.9 891.8 1144.3 1095.7 1246.0 1335.7 1524.8 1560.6 1515.2 1516.5 1543.9 1547.2 1570.1 1628.6 1579.6 1512.7 1475.8 1496.4 1537.6 1553.2 1555.5 1325.2 1325.0
-999.0 -999.0 -999.0 -999.0 -999.0 -999.0 -999.0 -999.0 -999.0 -999.0 -999.0 -999.0 -999.0 1447.1 1504.6 1516.6 1779.1 -999.0 -999.0 -999.0 -999.0 -999.0 -999.0 -999.0 -999.0 -999.0 -999.0 -999.0 -999.0 -999.0 -999.0 -999.0 1762.8 1606.8 1594.4 -999.0 1661.4 -999.0 1757.3 1695.9 1598.8 1604.5 1531.4 1103.8 1149.0 1122.3 903.8 1323.3 1264.9 924.3 1045.9 1136.5 1224.7 1372.6 1504.2 1584.3 1635.8 1631.8 1601.0 1603.7 1566.1 1486.0 1545.3 1450.6 1484.6 1552.5 1521.5 1426.6 1448.6 1471.9 1451.7
-999.0 -999.0 -999.0 -999.0 -999.0 -999.0 -999.0 -999.0 -999.0 -999.0 -999.0 -999.0 1714.3 1717.3 1701.6 -999.0 -999.0 -999.0 -999.0 -999.0 -999.0 -999.0 -999.0 -999.0 -999.0 -999.0 -999.0 -999.0 -999.0 -999.0 -999.0 -999.0 1776.9 1732.3 1705.3 -999.0 -999.0 -999.0 1802.6 1552.2 1662.6 1538.5 1413.4 1463.7 1436.1 1327.6 1066.8 1050.3 1359.1 1069.4 994.8 1198.9 1167.1 1305.3 1431.2 1625.5 1654.2 1658.9 1645.7 1631.6 1608.5 1577.2 1562.0 1501.9 1568.1 1532.0 1467.1 1408.8 1376.7 1374.4 1408.7
-999.0 -999.0 -999.0 -999.0 -999.0 -999.0 -999.0 -999.0 -999.0 -999.0 -999.0 -999.0 -999.0 -999.0 -999.0 -999.0 -999.0 -999.0 -999.0 -999.0 -999.0 -999.0 -999.0 -999.0 -999.0 -999.0 -999.0 -999.0 -999.0 -999.0 -999.0 -999.0 -999.0 -999.0 -999.0 -999.0 -999.0 1827.4 1779.0 1590.7 1353.6 1265.3 1246.3 1239.4 1336.4 1327.0 1145.4 1163.6 1262.0 1400.9 1196.3 1126.2 1265.3 1354.1 1458.2 1554.6 1615.8 1613.7 1649.4 1658.0 1658.6 1651.7 1624.2 1618.7 1528.5 1324.4 1453.8 1413.8 1485.0 1472.0 1519.3
-999.0 -999.0 -999.0 -999.0 -999.0 -999.0 -999.0 -999.0 -999.0 -999.0 -999.0 -999.0 -999.0 -999.0 -999.0 -999.0 -999.0 -999.0 -999.0 -999.0 -999.0 -999.0 -999.0 -999.0 -999.0 -999.0 -999.0 -999.0 -999.0 -999.0 -999.0 -999.0 -999.0 -999.0 -999.0 -999.0 -999.0 1743.8 1648.4 1409.7 1165.2 1005.7 1120.0 1357.4 1280.2 1482.4 1409.8 1453.9 1319.5 1255.8 1221.4 1229.7 1281.7 1381.4 1450.7 1507.1 1606.2 1610.9 1660.1 1684.5 1713.1 1695.4 1652.3 1630.7 1572.7 1287.3 1360.7 1507.4 1553.9 1575.9 1566.9
-999.0 -999.0 -999.0 -999.0 -999.0 -999.0 -999.0 -999.0 -999.0 -999.0 -999.0 -999.0 -999.0 -999.0 -999.0 -999.0 -999.0 -999.0 -999.0 -999.0 -999.0 -999.0 -999.0 -999.0 -999.0 -999.0 -999.0 -999.0 -999.0 -999.0 -999.0 -999.0 -999.0 -999.0 -999.0 -999.0 -999.0 1685.8 1661.5 1543.6 1304.3 1211.3 1262.8 1361.0 1396.5 1448.1 1392.6 1471.6 1481.0 1429.6 1568.8 1256.1 1396.6 1332.1 1442.1 1486.9 1614.5 1647.0 1656.2 1686.5 1754.8 1676.2 1667.2 1634.0 1617.6 1466.5 1423.9 1509.2 1578.3 1600.7 1610.8
