GDD/GrowingDegreeDays_2007_Actual.txt
ncols         180
nrows         290
xllcorner     -200000
yllcorner     -200000
cellsize      5000
NODATA_value    -999
[rows 96 to 127 of 290, columns 71 to 141 of 180]
1402.8 1450.8 1633.5 1731.5 1268.6 1618.5 842.5 874.5 1205.5 1492.4 896.7 453.6 427.8 378.4 697.1 856.2 941.1 644.9 741.6 605.9 568.8 889.3 880.5 895.9 1178.3 1042.4 1243.8 947.8 735.0 821.3 740.0 855.1 901.3 799.6 742.5 868.1 952.1 814.3 814.9 1212.4 1354.0 1480.8 1504.2 1269.2 1394.0 -999.0 -999.0 -999.0 -999.0 -999.0 -999.0 -999.0 -999.0 -999.0 -999.0 -999.0 -999.0 -999.0 -999.0 -999.0 -999.0 -999.0 -999.0 -999.0 -999.0 -999.0 -999.0 -999.0 -999.0 -999.0 -999.0
1357.5 1172.9 1666.1 1724.5 1259.6 1499.7 1044.5 1241.5 1521.6 1549.9 1040.6 595.3 1384.5 619.4 860.8 717.0 962.8 716.9 1031.2 849.9 980.8 984.0 505.1 966.3 933.2 1057.8 1109.6 1155.1 769.9 965.7 1091.5 989.1 741.3 942.8 842.6 1037.5 984.5 1049.4 1178.5 1393.2 1387.4 1364.0 1421.3 1579.4 -999.0 -999.0 -999.0 -999.0 -999.0 -999.0 -999.0 -999.0 -999.0 -999.0 -999.0 -999.0 -999.0 -999.0 -999.0 -999.0 -999.0 -999.0 -999.0 -999.0 -999.0 -999.0 -999.0 -999.0 -999.0 -999.0 -999.0
1428.4 1668.2 1026.6 1244.7 1165.3 825.2 593.6 1589.7 1706.9 681.7 1245.0 1330.4 623.9 818.8 607.2 855.5 655.3 1113.0 1243.1 1345.3 1350.6 1345.6 1238.4 912.0 1205.2 990.3 907.9 1229.5 1052.3 912.0 1141.1 1132.6 983.0 996.1 1127.1 1021.3 1133.4 1357.5 1451.0 1501.3 1380.3 1477.8 1567.6 1578.8 -999.0 -999.0 -999.0 -999.0 -999.0 -999.0 -999.0 -999.0 -999.0 -999.0 -999.0 -999.0 -999.0 -999.0 -999.0 -999.0 -999.0 -999.0 -999.0 -999.0 -999.0 -999.0 -999.0 -999.0 -999.0 -999.0 -999.0
1391.1 1002.7 1409.0 1179.3 1120.6 1653.6 1678.4 -999.0 1386.8 672.1 876.5 553.0 1037.6 1229.8 945.0 1062.7 1104.5 1089.1 1023.6 957.5 894.4 770.4 459.1 674.9 954.3 943.9 1270.8 1410.3 1545.5 1031.9 944.2 1169.6 1174.0 1136.0 1327.6 1275.1 1336.9 1442.1 1447.2 1428.7 1414.9 1341.9 1374.1 -999.0 -999.0 -999.0 -999.0 -999.0 -999.0 -999.0 -999.0 -999.0 -999.0 -999.0 -999.0 -999.0 -999.0 -999.0 -999.0 -999.0 -999.0 -999.0 -999.0 -999.0 -999.0 -999.0 -999.0 -999.0 -999.0 -999.0 -999.0
1742.9 1450.6 1310.3 1455.1 1062.6 1555.3 -999.0 1723.9 1445.6 1693.1 1153.9 1354.1 910.5 462.0 970.3 870.2 1044.8 744.2 562.6 683.7 924.9 1343.1 1230.0 1368.1 1058.5 1166.8 1147.7 995.0 1087.2 1135.9 1074.8 1237.2 1402.5 1381.2 1491.1 1482.3 1379.7 1342.3 1389.1 1400.7 1398.9 1527.0 1520.9 -999.0 -999.0 -999.0 -999.0 -999.0 -999.0 -999.0 -999.0 -999.0 -999.0 -999.0 -999.0 -999.0 -999.0 -999.0 -999.0 -999.0 -999.0 -999.0 -999.0 -999.0 -999.0 -999.0 -999.0 -999.0 -999.0 -999.0 -999.0
1697.2 1534.4 1793.9 1311.9 1671.2 -999.0 1777.4 1740.5 1549.2 501.8 942.5 334.6 863.8 1141.1 1293.4 900.8 828.3 955.9 749.9 1015.0 787.0 668.6 839.3 1401.3 1037.4 829.1 769.5 1027.6 1027.4 1560.8 1303.8 1504.6 1570.0 1581.4 1542.6 1222.1 1224.4 1227.5 1290.9 1297.2 1403.7 1538.0 1651.9 -999.0 -999.0 -999.0 -999.0 -999.0 -999.0 -999.0 -999.0 -999.0 -999.0 -999.0 -999.0 -999.0 -999.0 -999.0 -999.0 -999.0 -999.0 -999.0 -999.0 -999.0 -999.0 -999.0 -999.0 -999.0 -999.0 -999.0 -999.0
1732.6 1673.7 915.6 1844.1 -999.0 1818.7 -999.0 1276.7 1097.5 869.7 1680.9 626.5 952.4 903.5 1126.4 458.7 995.0 435.0 937.3 1001.0 530.6 1153.5 1646.1 969.2 594.3 545.5 1113.4 1119.8 1088.8 1218.0 1429.7 1523.2 1534.1 1514.4 1123.6 1311.3 1349.8 1435.3 1413.0 1438.6 1571.4 1659.5 -999.0 -999.0 -999.0 -999.0 -999.0 -999.0 -999.0 -999.0 -999.0 -999.0 -999.0 -999.0 -999.0 -999.0 -999.0 -999.0 -999.0 -999.0 -999.0 -999.0 -999.0 -999.0 -999.0 -999.0 -999.0 -999.0 -999.0 -999.0 -999.0
674.6 838.2 1276.1 1842.9 -999.0 -999.0 1641.2 1608.5 1663.0 1593.4 1135.8 562.7 1442.6 1165.8 525.8 916.8 923.7 601.1 532.7 716.5 1361.8 770.6 805.3 593.7 757.3 986.4 705.0 699.7 1082.1 1341.6 1544.5 1534.6 1390.1 1073.5 1370.5 1512.4 1493.9 1669.9 1656.2 1633.9 -999.0 -999.0 -999.0 -999.0 -999.0 -999.0 -999.0 -999.0 -999.0 -999.0 -999.0 -999.0 -999.0 -999.0 -999.0 -999.0 -999.0 -999.0 -999.0 -999.0 -999.0 -999.0 -999.0 -999.0 -999.0 -999.0 -999.0 -999.0 -999.0 -999.0 -999.0
981.2 1383.6 1652.6 1814.2 -999.0 1804.4 1596.5 1396.2 1165.9 1445.2 1151.9 1576.9 1591.3 1272.6 959.9 1130.1 1357.6 1333.7 1119.6 846.0 566.3 1058.1 850.9 948.4 775.2 690.3 947.0 1030.9 1271.9 1457.7 1539.4 1548.9 1311.5 1420.4 1639.3 1658.7 1707.3 1669.6 1694.6 -999.0 -999.0 -999.0 -999.0 -999.0 -999.0 -999.0 -999.0 -999.0 -999.0 -999.0 -999.0 -999.0 -999.0 -999.0 -999.0 -999.0 -999.0 -999.0 -999.0 -999.0 -999.0 -999.0 -999.0 -999.0 -999.0 -999.0 -999.0 -999.0 -999.0 -999.0 -999.0
1586.6 1245.4 1590.6 -999.0 -999.0 1772.1 1177.7 1337.2 1103.4 1425.4 1633.1 1329.7 871.1 873.7 1019.2 1184.9 1067.6 734.2 1120.8 856.5 1245.1 1094.6 830.5 1217.4 1514.0 1531.5 1392.9 1504.4 1573.7 1517.6 1506.3 1685.0 1548.6 1638.5 1704.8 1507.0 1604.7 1525.4 1607.4 -999.0 -999.0 -999.0 -999.0 -999.0 -999.0 -999.0 -999.0 -999.0 -999.0 -999.0 -999.0 -999.0 -999.0 -999.0 -999.0 -999.0 -999.0 -999.0 -999.0 -999.0 -999.0 -999.0 -999.0 -999.0 -999.0 -999.0 -999.0 -999.0 -999.0 -999.0 -999.0
-999.0 -999.0 -999.0 -999.0 1810.7 1327.7 1290.5 1175.5 1311.3 1196.3 866.1 924.2 702.4 1249.6 891.0 1556.6 796.0 1428.0 626.1 1186.5 894.5 530.5 1046.6 1305.7 1125.7 1255.7 1540.0 1549.9 1644.3 1701.4 1583.5 1694.5 1717.2 1603.8 1616.4 1603.3 1538.7 1605.4 1577.7 1699.9 -999.0 -999.0 -999.0 -999.0 -999.0 -999.0 -999.0 -999.0 -999.0 -999.0 -999.0 -999.0 -999.0 -999.0 -999.0 -999.0 -999.0 -999.0 -999.0 -999.0 -999.0 -999.0 -999.0 -999.0 -999.0 -999.0 -999.0 -999.0 -999.0 -999.0 -999.0
-999.0 -999.0 -999.0 -999.0 1747.9 1728.9 1270.7 1137.9 1622.5 1046.0 1346.8 1601.4 1102.7 848.1 947.1 1735.9 854.3 961.5 887.4 1180.6 778.9 985.0 906.3 725.8 1059.3 1180.8 1272.7 1383.9 1436.5 1367.6 1315.2 1207.7 1299.6 1539.3 1688.4 1615.2 1374.2 1524.2 1379.2 1488.0 1561.3 -999.0 -999.0 -999.0 -999.0 -999.0 -999.0 -999.0 -999.0 -999.0 -999.0 -999.0 -999.0 -999.0 -999.0 -999.0 -999.0 -999.0 -999.0 -999.0 -999.0 -999.0 -999.0 -999.0 -999.0 -999.0 -999.0 -999.0 -999.0 -999.0 -999.0
-999.0 -999.0 -999.0 1812.4 1745.0 1634.4 1205.4 1447.6 1185.5 1189.7 1377.5 1632.2 1019.8 961.7 703.9 1608.3 972.8 1154.7 1096.4 1195.4 1030.0 1544.8 1344.7 1257.1 1299.0 1495.4 1274.6 1061.5 854.4 979.7 1078.0 1257.0 1400.0 1302.5 1648.7 1466.6 1389.8 1380.2 1398.1 1451.8 1531.0 1645.7 -999.0 -999.0 -999.0 -999.0 -999.0 -999.0 -999.0 -999.0 -999.0 -999.0 -999.0 -999.0 -999.0 -999.0 -999.0 -999.0 -999.0 -999.0 -999.0 -999.0 -999.0 -999.0 -999.0 -999.0 -999.0 -999.0 -999.0 -999.0 -999.0
-999.0 -999.0 1800.4 -999.0 1679.5 1466.6 1595.7 1161.0 993.0 1607.4 1714.0 1250.9 784.1 1142.2 1791.5 1496.3 502.3 1432.4 1432.8 1311.4 1255.0 1463.6 1527.0 1640.6 1568.7 1217.0 800.2 853.3 1041.0 1151.1 1370.4 1426.6 1446.3 1353.3 1488.3 1494.3 1627.7 1735.0 1732.6 1728.1 1728.8 -999.0 -999.0 -999.0 -999.0 -999.0 -999.0 -999.0 -999.0 -999.0 -999.0 -999.0 -999.0 -999.0 -999.0 -999.0 -999.0 -999.0 -999.0 -999.0 -999.0 -999.0 -999.0 -999.0 -999.0 -999.0 -999.0 -999.0 -999.0 -999.0 -999.0
-999.0 1796.8 1328.0 -999.0 1747.1 1688.3 1518.7 1479.3 1527.6 1504.2 915.0 1560.9 973.5 946.0 978.1 1364.5 1635.7 799.3 1393.3 1617.0 1712.3 1718.9 1744.9 1779.8 1798.6 1362.3 1615.3 1656.0 1649.8 1458.3 1301.3 1425.7 1429.1 1523.4 1605.5 1606.7 1760.2 -999.0 -999.0 -999.0 -999.0 -999.0 -999.0 -999.0 -999.0 -999.0 -999.0 -999.0 -999.0 -999.0 -999.0 -999.0 -999.0 -999.0 -999.0 -999.0 -999.0 -999.0 -999.0 -999.0 -999.0 -999.0 -999.0 -999.0 -999.0 -999.0 -999.0 -999.0 -999.0 -999.0 -999.0
1756.1 1486.7 1626.7 -999.0 1315.2 1709.4 1406.3 1559.3 1821.1 1097.3 1076.3 907.6 868.5 1739.8 1066.4 1082.3 1750.8 1366.8 1279.9 1532.7 1500.9 1417.5 1349.7 1272.6 1729.2 1811.0 1813.1 1733.6 1619.3 1488.5 1338.3 1419.5 1438.6 1450.6 1618.6 -999.0 -999.0 -999.0 -999.0 -999.0 -999.0 -999.0 -999.0 -999.0 -999.0 -999.0 -999.0 -999.0 -999.0 -999.0 -999.0 -999.0 -999.0 -999.0 -999.0 -999.0 -999.0 -999.0 -999.0 -999.0 -999.0 -999.0 -999.0 -999.0 -999.0 -999.0 -999.0 -999.0 -999.0 -999.0 -999.0
949.6 1499.9 -999.0 1711.6 1680.5 1231.5 1566.2 1767.0 1104.5 1445.7 1021.2 948.6 1298.2 1523.6 1100.1 1110.5 1835.8 1819.6 1768.0 1664.6 1524.4 1430.6 1162.4 1080.7 1451.3 1669.4 1825.9 1883.8 1726.8 1692.7 1602.6 1564.5 1352.6 1398.8 1717.3 -999.0 -999.0 -999.0 -999.0 -999.0 -999.0 -999.0 -999.0 -999.0 -999.0 -999.0 -999.0 -999.0 -999.0 -999.0 -999.0 -999.0 -999.0 -999.0 -999.0 -999.0 -999.0 -999.0 -999.0 -999.0 -999.0 -999.0 -999.0 -999.0 -999.0 -999.0 -999.0 -999.0 -999.0 -999.0 -999.0
1792.0 1802.8 -999.0 1784.3 1019.2 1444.0 -999.0 1636.0 1169.2 1403.8 1118.8 1279.9 1215.7 1809.5 1803.9 1559.4 1694.5 1685.8 1521.7 1714.9 883.3 898.5 1046.9 1075.4 1415.3 1745.3 1800.3 1949.8 1969.7 1857.5 1802.0 1695.8 1725.3 -999.0 -999.0 -999.0 -999.0 -999.0 1685.0 1684.6 1668.2 1776.3 -999.0 -999.0 -999.0 -999.0 -999.0 -999.0 -999.0 -999.0 -999.0 -999.0 -999.0 -999.0 -999.0 -999.0 -999.0 -999.0 -999.0 -999.0 -999.0 -999.0 -999.0 -999.0 -999.0 -999.0 -999.0 -999.0 -999.0 -999.0 -999.0
1506.1 -999.0 -999.0 1311.3 1732.9 1121.2 -999.0 1664.6 1046.3 1466.2 1759.0 930.0 1812.7 1948.3 1925.6 1850.0 1635.3 1436.8 1166.2 1506.1 1470.6 1581.9 1555.6 1591.0 1507.6 1532.8 1563.4 1693.2 1812.1 1701.3 1618.0 1659.7 1771.1 1805.2 1837.1 -999.0 -999.0 1803.5 1695.3 1574.7 1680.2 1697.1 1721.7 1782.2 -999.0 -999.0 -999.0 -999.0 -999.0 -999.0 -999.0 -999.0 -999.0 -999.0 -999.0 -999.0 -999.0 -999.0 -999.0 -999.0 -999.0 -999.0 -999.0 -999.0 -999.0 -999.0 -999.0 -999.0 -999.0 -999.0 -999.0
1877.0 -999.0 -999.0 1801.9 1433.1 1207.6 1779.0 1454.0 1674.2 1473.5 1366.4 1286.2 1854.6 1721.5 1438.5 1449.6 1472.3 1707.3 1713.5 1671.7 1730.9 1655.9 1639.1 1612.7 1519.5 1416.2 1438.1 1547.2 1405.6 1366.2 1595.0 1681.9 1721.7 1728.7 1705.8 1793.2 1744.7 1618.1 1576.0 1632.3 1542.3 1326.9 1378.8 1290.3 1715.2 -999.0 -999.0 -999.0 -999.0 -999.0 -999.0 -999.0 -999.0 -999.0 -999.0 -999.0 -999.0 -999.0 -999.0 -999.0 -999.0 -999.0 -999.0 -999.0 -999.0 -999.0 -999.0 -999.0 -999.0 -999.0 -999.0
-999.0 -999.0 -999.0 1538.7 1076.8 1498.2 1378.5 1797.7 1461.8 1542.2 1749.4 1805.0 -999.0 1426.9 1076.9 1451.8 1596.5 1742.5 1729.0 1805.4 1857.8 1653.6 1661.4 1605.5 1391.2 1334.5 1309.2 1403.6 1470.6 1485.4 1545.6 1527.3 1517.4 1415.1 1587.7 1703.8 1494.7 1536.0 1477.3 1504.2 1344.0 1157.8 1139.6 1095.6 1317.1 1275.9 1252.1 1688.2 -999.0 -999.0 -999.0 -999.0 -999.0 -999.0 -999.0 -999.0 -999.0 -999.0 -999.0 -999.0 -999.0 -999.0 -999.0 -999.0 -999.0 -999.0 -999.0 -999.0 -999.0 -999.0 -999.0
-999.0 -999.0 -999.0 1539.8 1583.1 1687.2 1148.0 1852.6 -999.0 1825.3 1635.3 1840.0 -999.0 1345.8 909.8 1322.6 1424.2 1687.0 1830.1 1740.5 1724.8 1880.4 1819.9 1717.9 1570.3 1295.3 1252.8 1249.4 1374.6 1373.2 1274.2 1217.3 1075.2 1223.0 1516.6 1615.3 1440.2 1408.1 1357.7 950.7 898.6 1102.7 1119.6 1216.5 1256.3 1254.6 1494.9 1554.3 -999.0 -999.0 -999.0 -999.0 -999.0 -999.0 -999.0 -999.0 -999.0 -999.0 -999.0 -999.0 -999.0 -999.0 -999.0 -999.0 -999.0 -999.0 -999.0 -999.0 -999.0 -999.0 -999.0
-999.0 -999.0 -999.0 -999.0 1604.4 1398.2 1610.2 1919.0 -999.0 -999.0 1800.8 1920.2 1780.4 1411.1 1121.7 1541.7 1456.5 1306.3 1500.3 1533.7 1625.1 1456.8 1712.5 1853.4 1687.7 1514.7 1314.0 1223.9 1093.6 1212.8 1035.8 1006.5 1161.7 1263.2 1261.7 1339.4 1273.0 1153.0 1065.1 1104.1 941.2 1090.6 1167.5 1214.9 1519.3 1511.7 1407.6 1424.8 1527.9 -999.0 -999.0 -999.0 -999.0 -999.0 -999.0 -999.0 -999.0 -999.0 -999.0 -999.0 -999.0 -999.0 -999.0 -999.0 -999.0 -999.0 -999.0 -999.0 -999.0 -999.0 -999.0
-999.0 -999.0 -999.0 1856.6 1520.5 1458.6 -999.0 -999.0 -999.0 -999.0 -999.0 1940.0 1902.3 1360.3 1459.2 1690.1 1504.0 1328.7 1236.1 1351.9 1470.1 1411.3 1413.4 1580.2 1724.6 1469.2 1239.8 1291.5 1262.1 1204.3 1047.9 1116.0 1214.6 1179.9 1193.5 954.5 1008.7 1153.1 1182.7 1305.5 1159.0 1198.2 1274.0 1230.7 1456.5 1536.1 1559.4 1607.3 1680.7 -999.0 -999.0 -999.0 -999.0 -999.0 -999.0 -999.0 -999.0 -999.0 -999.0 -999.0 -999.0 -999.0 -999.0 -999.0 -999.0 -999.0 -999.0 -999.0 -999.0 -999.0 -999.0
-999.0 1917.2 -999.0 1371.8 1525.6 1813.8 1903.5 1539.7 1400.4 -999.0 -999.0 -999.0 1913.0 1610.6 1646.1 1653.4 1611.5 1478.6 1295.9 1216.9 1176.8 1166.0 1294.2 1347.3 1452.9 1704.1 1299.4 1350.3 1345.1 1303.5 1343.4 1335.0 1080.7 1180.8 938.8 740.5 853.7 1056.0 1077.8 1348.2 1325.7 1352.8 1320.2 1270.4 1430.3 1527.8 1606.7 1613.1 1592.9 1615.7 -999.0 -999.0 -999.0 -999.0 -999.0 -999.0 -999.0 -999.0 -999.0 -999.0 -999.0 -999.0 -999.0 -999.0 -999.0 -999.0 -999.0 -999.0 -999.0 -999.0 -999.0
-999.0 -999.0 1880.4 1311.0 1500.8 1868.0 1445.3 1186.4 1050.3 1810.2 -999.0 -999.0 -999.0 1894.2 1813.8 1813.4 1740.0 1651.5 1555.4 1317.2 1251.3 1259.7 1351.7 1365.2 1364.2 1371.5 1443.2 1391.9 1367.4 1183.4 1250.4 1031.6 1346.8 1173.4 1212.5 1209.2 881.3 925.9 1158.4 1277.1 1438.2 1471.8 1457.7 1424.2 1494.4 1546.0 1641.3 1584.4 1526.4 1596.5 1671.6 -999.0 -999.0 -999.0 -999.0 -999.0 -999.0 -999.0 -999.0 -999.0 -999.0 -999.0 -999.0 -999.0 -999.0 -999.0 -999.0 -999.0 -999.0 -999.0 -999.0
-999.0 -999.0 1702.2 1470.3 1261.3 1879.7 1877.1 1332.1 1214.7 1894.8 -999.0 -999.0 -999.0 -999.0 -999.0 1848.1 1809.6 1815.0 1762.1 1617.0 1491.3 1311.8 1069.9 1106.6 1250.6 1327.8 1411.1 1292.6 1290.3 1239.1 1311.3 1075.6 1353.7 1221.3 1129.4 1257.4 1509.0 1365.4 1474.6 1371.1 1541.3 1440.2 1505.0 1661.0 1667.1 1658.7 1642.8 1671.0 1460.4 1478.4 1583.6 1703.5 -999.0 -999.0 -999.0 -999.0 -999.0 -999.0 -999.0 -999.0 -999.0 -999.0 -999.0 -999.0 -999.0 -999.0 -999.0 -999.0 -999.0 -999.0 -999.0
-999.0 -999.0 1579.9 1308.8 1461.1 -999.0 1896.2 1736.2 970.3 1679.2 -999.0 -999.0 -999.0 -999.0 -999.0 1864.4 1734.6 1561.7 1652.7 1403.2 1151.3 1172.6 1012.9 980.0 1061.8 1257.0 1168.8 1246.2 1291.8 1104.9 1052.1 1378.9 643.8 1116.6 879.6 1189.3 1036.7 1125.3 1544.9 1352.0 1505.8 1586.1 1634.8 1607.5 1479.8 1430.1 1532.1 1493.6 1684.2 1521.7 1372.7 1625.7 1635.7 1746.4 -999.0 -999.0 -999.0 -999.0 -999.0 -999.0 -999.0 -999.0 -999.0 -999.0 -999.0 -999.0 -999.0 -999.0 -999.0 -999.0 -999.0
-999.0 -999.0 1596.2 1576.6 1835.8 -999.0 -999.0 1425.5 1076.5 1271.3 -999.0 -999.0 -999.0 -999.0 -999.0 1879.1 1807.5 1600.3 1608.0 1490.6 1282.6 1385.5 1254.7 1228.1 1057.1 1155.1 1129.2 1196.2 999.0 713.3 897.6 1030.6 554.2 704.5 1067.5 1045.4 1264.1 1493.6 1404.5 1354.8 1494.9 1462.6 1470.6 1606.0 1536.8 1529.3 1371.0 1112.1 1361.1 1497.3 1457.1 1425.7 1622.2 1704.4 -999.0 -999.0 -999.0 -999.0 -999.0 -999.0 -999.0 -999.0 -999.0 -999.0 -999.0 -999.0 -999.0 -999.0 -999.0 -999.0 -999.0
-999.0 -999.0 1747.5 1705.1 -999.0 -999.0 -999.0 1869.8 1608.6 1517.3 -999.0 -999.0 -999.0 -999.0 -999.0 1862.5 1786.9 1648.1 1590.4 1528.8 1424.5 1290.7 980.6 876.9 1078.7 1008.7 1212.8 1212.5 1170.7 891.9 1205.4 772.8 872.9 1026.7 939.5 917.3 1370.3 1220.7 1431.9 1343.2 1374.3 1592.1 1467.0 1402.0 1398.8 1457.9 963.6 960.4 1062.8 1474.6 1449.9 1413.8 1522.1 1591.7 -999.0 -999.0 -999.0 -999.0 -999.0 -999.0 -999.0 -999.0 -999.0 -999.0 -999.0 -999.0 -999.0 -999.0 -999.0 -999.0 -999.0
-999.0 1439.0 1531.4 1253.3 1986.3 -999.0 -999.0 -999.0 -999.0 -999.0 -999.0 -999.0 -999.0 -999.0 1707.9 1721.3 1583.5 1561.9 1499.8 1383.5 1406.1 1218.6 1152.6 968.4 1130.5 1178.9 997.1 1082.8 900.4 834.4 857.2 655.7 717.9 1090.5 1009.0 962.7 1097.9 1257.8 1239.8 1457.6 1363.2 1307.9 1500.8 1349.0 1350.7 1084.3 1054.1 853.9 1045.1 1475.9 1512.9 1574.1 1479.4 1550.4 -999.0 -999.0 -999.0 -999.0 -999.0 -999.0 -999.0 -999.0 -999.0 -999.0 -999.0 -999.0 -999.0 -999.0 -999.0 -999.0 -999.0
-999.0 1332.7 1362.1 1560.2 1970.8 -999.0 -999.0 -999.0 -999.0 -999.0 -999.0 -999.0 -999.0 -999.0 1393.8 1720.9 1530.1 1328.0 1191.6 1216.6 1317.1 1308.5 1256.4 1432.3 1281.2 987.1 959.6 1050.4 1038.4 1156.3 1290.2 704.6 1102.1 1054.3 1095.2 1077.2 1158.2 1295.9 1480.4 1227.8 1298.4 1313.6 1361.0 1298.9 1123.9 1015.0 1123.1 1030.2 1092.6 1457.1 1627.1 1611.6 1407.8 1629.4 -999.0 -999.0 -999.0 -999.0 -999.0 -999.0 -999.0 -999.0 -999.0 -999.0 -999.0 -999.0 -999.0 -999.0 -999.0 -999.0 -999.0
