GDD/GrowingDegreeDays_1969_Actual.txt
ncols         180
nrows         290
xllcorner     -200000
yllcorner     -200000
cellsize      5000
NODATA_value    -999
[rows 96 to 127 of 290, columns 71 to 141 of 180]
1238.1 1275.9 1407.3 1482.4 1180.1 1421.2 887.8 920.5 1166.6 1393.6 1020.6 694.6 697.3 624.7 853.1 928.1 968.0 735.4 802.9 688.5 652.1 902.4 901.0 919.8 1128.0 1044.4 1196.8 990.5 824.5 876.8 814.2 924.9 962.9 878.9 828.4 920.4 975.9 872.6 868.7 1141.4 1233.1 1315.8 1321.6 1152.8 1217.9 -999.0 -999.0 -999.0 -999.0 -999.0 -999.0 -999.0 -999.0 -999.0 -999.0 -999.0 -999.0 -999.0 -999.0 -999.0 -999.0 -999.0 -999.0 -999.0 -999.0 -999.0 -999.0 -999.0 -999.0 -999.0 -999.0
1212.9 1093.1 1433.8 1479.0 1171.9 1338.7 1028.6 1171.1 1373.0 1417.0 1097.9 781.8 1382.3 798.3 960.4 822.1 986.0 791.6 1013.8 873.3 958.2 962.2 601.7 969.3 953.7 1055.0 1111.8 1152.1 855.5 971.1 1055.4 1011.5 831.0 979.5 901.3 1037.6 995.6 1038.1 1124.0 1262.5 1250.9 1228.5 1253.4 1341.6 -999.0 -999.0 -999.0 -999.0 -999.0 -999.0 -999.0 -999.0 -999.0 -999.0 -999.0 -999.0 -999.0 -999.0 -999.0 -999.0 -999.0 -999.0 -999.0 -999.0 -999.0 -999.0 -999.0 -999.0 -999.0 -999.0 -999.0
1259.2 1427.3 1000.8 1153.7 1103.1 863.0 684.8 1398.4 1488.9 793.4 1213.5 1290.6 778.5 923.3 739.4 916.0 750.6 1077.2 1153.2 1210.0 1195.6 1196.9 1145.0 929.6 1139.1 1000.6 962.9 1197.8 1060.3 944.7 1107.0 1110.4 1005.3 1014.1 1101.4 1025.8 1103.5 1252.9 1310.8 1337.2 1246.2 1301.7 1344.0 1331.9 -999.0 -999.0 -999.0 -999.0 -999.0 -999.0 -999.0 -999.0 -999.0 -999.0 -999.0 -999.0 -999.0 -999.0 -999.0 -999.0 -999.0 -999.0 -999.0 -999.0 -999.0 -999.0 -999.0 -999.0 -999.0 -999.0 -999.0
1225.1 971.3 1254.7 1100.1 1063.2 1421.6 1440.9 -999.0 1267.5 776.1 944.6 701.5 1073.3 1190.1 977.0 1049.0 1071.4 1058.4 1011.3 957.3 898.0 806.9 569.4 749.4 953.4 946.6 1198.3 1302.8 1390.9 1036.1 972.9 1133.7 1135.8 1110.1 1237.4 1203.3 1254.0 1322.8 1312.8 1290.2 1269.5 1206.8 1209.1 -999.0 -999.0 -999.0 -999.0 -999.0 -999.0 -999.0 -999.0 -999.0 -999.0 -999.0 -999.0 -999.0 -999.0 -999.0 -999.0 -999.0 -999.0 -999.0 -999.0 -999.0 -999.0 -999.0 -999.0 -999.0 -999.0 -999.0 -999.0
1458.9 1269.8 1177.6 1273.9 1010.2 1348.6 -999.0 1477.2 1305.7 1482.7 1137.0 1279.3 969.0 593.0 976.1 896.6 1021.5 810.1 661.2 759.3 940.1 1224.2 1158.9 1256.7 1033.1 1098.3 1102.9 1007.8 1074.0 1106.3 1064.9 1181.6 1296.7 1281.5 1349.7 1345.3 1294.4 1257.2 1270.6 1267.6 1253.4 1318.1 1298.0 -999.0 -999.0 -999.0 -999.0 -999.0 -999.0 -999.0 -999.0 -999.0 -999.0 -999.0 -999.0 -999.0 -999.0 -999.0 -999.0 -999.0 -999.0 -999.0 -999.0 -999.0 -999.0 -999.0 -999.0 -999.0 -999.0 -999.0 -999.0
1421.3 1313.4 1480.7 1154.8 1397.8 -999.0 1502.9 1489.4 1370.0 621.6 976.2 487.8 914.7 1090.2 1176.0 901.4 854.5 957.0 816.7 1020.2 856.9 766.0 904.8 1295.6 1038.4 879.5 834.2 1025.3 1027.2 1389.0 1221.5 1363.8 1418.1 1420.3 1384.7 1166.2 1170.1 1164.9 1192.4 1185.4 1248.9 1302.6 1362.8 -999.0 -999.0 -999.0 -999.0 -999.0 -999.0 -999.0 -999.0 -999.0 -999.0 -999.0 -999.0 -999.0 -999.0 -999.0 -999.0 -999.0 -999.0 -999.0 -999.0 -999.0 -999.0 -999.0 -999.0 -999.0 -999.0 -999.0 -999.0
1447.9 1398.0 876.4 1480.6 -999.0 1518.9 -999.0 1189.1 1068.7 911.5 1462.5 719.1 960.8 910.6 1045.0 527.8 943.8 530.5 960.5 1027.9 667.6 1135.8 1466.3 1006.5 714.3 666.0 1083.6 1089.7 1070.6 1160.1 1304.6 1372.0 1385.7 1371.3 1101.8 1221.6 1246.4 1305.3 1271.9 1282.9 1374.1 1386.1 -999.0 -999.0 -999.0 -999.0 -999.0 -999.0 -999.0 -999.0 -999.0 -999.0 -999.0 -999.0 -999.0 -999.0 -999.0 -999.0 -999.0 -999.0 -999.0 -999.0 -999.0 -999.0 -999.0 -999.0 -999.0 -999.0 -999.0 -999.0 -999.0
712.9 827.8 1112.3 1473.4 -999.0 -999.0 1432.6 1417.9 1451.1 1401.6 1088.4 655.8 1277.3 1080.1 581.8 849.0 844.8 649.6 645.0 842.7 1325.0 891.3 894.0 719.4 842.3 1003.9 793.4 788.0 1066.3 1244.6 1383.8 1378.1 1283.2 1067.5 1265.5 1362.6 1357.7 1475.1 1432.1 1350.8 -999.0 -999.0 -999.0 -999.0 -999.0 -999.0 -999.0 -999.0 -999.0 -999.0 -999.0 -999.0 -999.0 -999.0 -999.0 -999.0 -999.0 -999.0 -999.0 -999.0 -999.0 -999.0 -999.0 -999.0 -999.0 -999.0 -999.0 -999.0 -999.0 -999.0 -999.0
938.5 1203.1 1364.9 1468.5 -999.0 1508.0 1392.8 1267.0 1105.6 1296.0 1093.2 1371.0 1374.7 1154.0 911.2 974.3 1106.9 1160.4 1096.8 963.4 763.9 1111.7 935.2 991.6 861.0 794.2 978.2 1030.7 1194.5 1327.8 1386.3 1390.8 1225.9 1297.6 1439.6 1458.1 1496.7 1466.7 1456.7 -999.0 -999.0 -999.0 -999.0 -999.0 -999.0 -999.0 -999.0 -999.0 -999.0 -999.0 -999.0 -999.0 -999.0 -999.0 -999.0 -999.0 -999.0 -999.0 -999.0 -999.0 -999.0 -999.0 -999.0 -999.0 -999.0 -999.0 -999.0 -999.0 -999.0 -999.0 -999.0
1335.3 1102.9 1324.7 -999.0 -999.0 1485.5 1104.4 1211.7 1042.1 1272.8 1419.8 1215.7 895.2 889.3 972.4 1052.0 966.6 771.6 1093.7 947.6 1232.4 1117.3 915.2 1174.9 1374.5 1392.3 1289.1 1345.4 1395.7 1374.3 1384.0 1498.0 1389.9 1440.4 1481.3 1356.5 1425.0 1369.5 1420.3 -999.0 -999.0 -999.0 -999.0 -999.0 -999.0 -999.0 -999.0 -999.0 -999.0 -999.0 -999.0 -999.0 -999.0 -999.0 -999.0 -999.0 -999.0 -999.0 -999.0 -999.0 -999.0 -999.0 -999.0 -999.0 -999.0 -999.0 -999.0 -999.0 -999.0 -999.0 -999.0
-999.0 -999.0 -999.0 -999.0 1492.7 1190.0 1174.7 1092.8 1173.4 1102.9 888.2 939.4 775.9 1167.4 913.5 1357.4 834.9 1277.9 728.8 1151.5 964.1 679.2 1064.7 1232.6 1114.3 1215.7 1384.1 1349.1 1428.2 1493.7 1443.4 1508.8 1500.7 1415.3 1423.7 1422.8 1398.5 1433.2 1400.5 1457.3 -999.0 -999.0 -999.0 -999.0 -999.0 -999.0 -999.0 -999.0 -999.0 -999.0 -999.0 -999.0 -999.0 -999.0 -999.0 -999.0 -999.0 -999.0 -999.0 -999.0 -999.0 -999.0 -999.0 -999.0 -999.0 -999.0 -999.0 -999.0 -999.0 -999.0 -999.0
-999.0 -999.0 -999.0 -999.0 1454.3 1459.6 1163.7 1072.2 1393.6 1005.5 1228.5 1406.9 1077.5 904.2 984.4 1525.5 910.3 978.0 925.7 1133.0 869.4 1035.3 972.3 828.9 1065.7 1145.3 1178.8 1220.2 1284.1 1260.9 1235.8 1159.1 1213.0 1367.6 1465.2 1433.8 1296.3 1384.6 1268.1 1322.0 1349.4 -999.0 -999.0 -999.0 -999.0 -999.0 -999.0 -999.0 -999.0 -999.0 -999.0 -999.0 -999.0 -999.0 -999.0 -999.0 -999.0 -999.0 -999.0 -999.0 -999.0 -999.0 -999.0 -999.0 -999.0 -999.0 -999.0 -999.0 -999.0 -999.0 -999.0
-999.0 -999.0 -999.0 1486.2 1455.5 1398.2 1121.4 1290.6 1110.6 1120.4 1259.0 1436.9 1031.3 996.1 813.6 1452.2 1005.0 1111.7 1055.8 1117.5 1030.6 1425.1 1279.0 1204.3 1226.3 1346.3 1181.7 1026.8 894.1 990.9 1055.6 1170.1 1272.6 1213.6 1446.4 1332.4 1284.4 1273.6 1272.4 1293.7 1330.1 1389.1 -999.0 -999.0 -999.0 -999.0 -999.0 -999.0 -999.0 -999.0 -999.0 -999.0 -999.0 -999.0 -999.0 -999.0 -999.0 -999.0 -999.0 -999.0 -999.0 -999.0 -999.0 -999.0 -999.0 -999.0 -999.0 -999.0 -999.0 -999.0 -999.0
-999.0 -999.0 1474.1 -999.0 1416.3 1286.9 1386.1 1096.5 985.1 1408.0 1490.9 1188.8 870.0 1136.7 1574.0 1369.0 640.3 1290.6 1257.3 1145.3 1146.8 1331.8 1381.8 1455.5 1408.1 1168.8 869.9 899.8 1027.3 1103.5 1245.8 1275.2 1302.1 1250.0 1338.0 1340.2 1422.5 1484.9 1476.1 1466.8 1456.7 -999.0 -999.0 -999.0 -999.0 -999.0 -999.0 -999.0 -999.0 -999.0 -999.0 -999.0 -999.0 -999.0 -999.0 -999.0 -999.0 -999.0 -999.0 -999.0 -999.0 -999.0 -999.0 -999.0 -999.0 -999.0 -999.0 -999.0 -999.0 -999.0 -999.0
-999.0 1475.2 1166.0 -999.0 1473.3 1442.2 1334.0 1311.8 1346.6 1342.1 954.0 1392.5 1009.1 1037.6 1051.6 1286.4 1444.5 861.9 1235.2 1349.4 1444.4 1483.8 1515.7 1547.4 1564.2 1269.1 1427.2 1446.9 1439.5 1312.8 1209.3 1292.1 1301.1 1365.9 1417.1 1408.2 1494.0 -999.0 -999.0 -999.0 -999.0 -999.0 -999.0 -999.0 -999.0 -999.0 -999.0 -999.0 -999.0 -999.0 -999.0 -999.0 -999.0 -999.0 -999.0 -999.0 -999.0 -999.0 -999.0 -999.0 -999.0 -999.0 -999.0 -999.0 -999.0 -999.0 -999.0 -999.0 -999.0 -999.0 -999.0
1442.7 1270.2 1368.2 -999.0 1191.8 1464.3 1254.8 1362.2 1546.0 1063.7 1055.0 934.8 921.4 1568.5 1102.7 1090.5 1528.1 1256.7 1186.3 1342.4 1329.5 1288.5 1252.2 1207.0 1524.4 1559.5 1554.7 1496.5 1418.2 1334.2 1237.3 1295.6 1309.6 1322.8 1431.9 -999.0 -999.0 -999.0 -999.0 -999.0 -999.0 -999.0 -999.0 -999.0 -999.0 -999.0 -999.0 -999.0 -999.0 -999.0 -999.0 -999.0 -999.0 -999.0 -999.0 -999.0 -999.0 -999.0 -999.0 -999.0 -999.0 -999.0 -999.0 -999.0 -999.0 -999.0 -999.0 -999.0 -999.0 -999.0 -999.0
910.9 1277.4 -999.0 1442.5 1437.3 1135.3 1350.4 1493.0 1058.7 1294.8 1010.1 956.2 1184.5 1353.8 1073.6 1088.8 1596.9 1580.8 1522.0 1444.6 1352.2 1297.4 1122.3 1070.1 1321.0 1458.9 1554.6 1586.2 1480.3 1460.6 1410.2 1395.3 1254.7 1280.0 1477.5 -999.0 -999.0 -999.0 -999.0 -999.0 -999.0 -999.0 -999.0 -999.0 -999.0 -999.0 -999.0 -999.0 -999.0 -999.0 -999.0 -999.0 -999.0 -999.0 -999.0 -999.0 -999.0 -999.0 -999.0 -999.0 -999.0 -999.0 -999.0 -999.0 -999.0 -999.0 -999.0 -999.0 -999.0 -999.0 -999.0
1473.8 1481.4 -999.0 1478.7 976.5 1259.1 -999.0 1394.5 1099.0 1269.6 1074.2 1175.3 1127.8 1528.3 1525.4 1378.2 1485.8 1483.8 1357.5 1471.5 911.1 927.2 1034.9 1059.1 1292.2 1502.9 1528.9 1622.1 1630.8 1562.9 1534.5 1476.2 1497.2 -999.0 -999.0 -999.0 -999.0 -999.0 1432.6 1434.6 1428.2 1505.1 -999.0 -999.0 -999.0 -999.0 -999.0 -999.0 -999.0 -999.0 -999.0 -999.0 -999.0 -999.0 -999.0 -999.0 -999.0 -999.0 -999.0 -999.0 -999.0 -999.0 -999.0 -999.0 -999.0 -999.0 -999.0 -999.0 -999.0 -999.0 -999.0
1276.4 -999.0 -999.0 1152.0 1436.5 1029.9 -999.0 1404.6 1014.4 1314.4 1506.5 945.8 1529.8 1629.3 1625.0 1580.7 1437.2 1303.0 1113.0 1330.3 1306.2 1386.8 1378.0 1415.4 1374.0 1368.5 1375.9 1453.0 1523.9 1450.7 1402.5 1435.3 1517.0 1542.8 1558.0 -999.0 -999.0 1521.2 1448.6 1372.1 1445.6 1468.4 1488.9 1505.7 -999.0 -999.0 -999.0 -999.0 -999.0 -999.0 -999.0 -999.0 -999.0 -999.0 -999.0 -999.0 -999.0 -999.0 -999.0 -999.0 -999.0 -999.0 -999.0 -999.0 -999.0 -999.0 -999.0 -999.0 -999.0 -999.0 -999.0
1531.2 -999.0 -999.0 1466.5 1222.0 1074.8 1458.9 1258.3 1425.9 1321.3 1256.6 1199.8 1569.9 1481.9 1305.3 1314.1 1321.4 1473.0 1476.3 1451.9 1486.1 1433.4 1432.7 1425.8 1371.3 1279.1 1285.7 1353.8 1248.8 1211.2 1371.6 1438.6 1463.2 1507.1 1512.0 1544.1 1502.0 1415.8 1385.1 1417.8 1367.2 1230.0 1261.9 1192.7 1445.2 -999.0 -999.0 -999.0 -999.0 -999.0 -999.0 -999.0 -999.0 -999.0 -999.0 -999.0 -999.0 -999.0 -999.0 -999.0 -999.0 -999.0 -999.0 -999.0 -999.0 -999.0 -999.0 -999.0 -999.0 -999.0 -999.0
-999.0 -999.0 -999.0 1275.8 969.0 1245.9 1179.8 1480.9 1283.7 1370.0 1533.8 1562.9 -999.0 1290.4 1057.0 1308.3 1394.3 1491.3 1481.3 1560.1 1600.6 1439.0 1455.1 1415.7 1252.9 1182.6 1182.0 1250.2 1273.3 1239.4 1319.5 1345.4 1352.9 1313.5 1436.8 1495.0 1350.6 1375.7 1334.8 1347.1 1241.4 1121.1 1109.0 1073.6 1205.0 1146.3 1078.1 1321.3 -999.0 -999.0 -999.0 -999.0 -999.0 -999.0 -999.0 -999.0 -999.0 -999.0 -999.0 -999.0 -999.0 -999.0 -999.0 -999.0 -999.0 -999.0 -999.0 -999.0 -999.0 -999.0 -999.0
-999.0 -999.0 -999.0 1270.5 1294.3 1358.9 1018.2 1504.1 -999.0 1549.5 1444.6 1575.8 -999.0 1238.7 941.0 1221.9 1280.5 1454.2 1559.5 1559.7 1551.9 1617.6 1565.3 1491.7 1370.6 1153.8 1141.7 1146.1 1215.0 1192.6 1146.8 1139.6 1067.4 1191.5 1383.9 1438.2 1320.1 1296.8 1260.3 983.0 943.8 1085.5 1099.3 1168.3 1186.7 1161.4 1276.7 1284.0 -999.0 -999.0 -999.0 -999.0 -999.0 -999.0 -999.0 -999.0 -999.0 -999.0 -999.0 -999.0 -999.0 -999.0 -999.0 -999.0 -999.0 -999.0 -999.0 -999.0 -999.0 -999.0 -999.0
-999.0 -999.0 -999.0 -999.0 1319.6 1178.2 1317.5 1530.6 -999.0 -999.0 1514.8 1598.9 1506.2 1279.1 1088.9 1368.8 1303.1 1202.3 1346.1 1398.1 1461.9 1332.8 1483.9 1566.4 1453.9 1332.1 1196.8 1133.4 1039.5 1114.9 1004.0 990.3 1115.0 1224.0 1212.6 1255.8 1207.8 1126.1 1065.3 1089.6 972.3 1077.7 1134.6 1176.3 1378.8 1357.1 1257.9 1233.4 1276.0 -999.0 -999.0 -999.0 -999.0 -999.0 -999.0 -999.0 -999.0 -999.0 -999.0 -999.0 -999.0 -999.0 -999.0 -999.0 -999.0 -999.0 -999.0 -999.0 -999.0 -999.0 -999.0
-999.0 -999.0 -999.0 1503.0 1273.2 1229.0 -999.0 -999.0 -999.0 -999.0 -999.0 1604.2 1604.3 1245.1 1319.5 1471.4 1338.1 1217.9 1159.5 1247.8 1329.3 1288.0 1280.4 1386.9 1480.9 1314.7 1155.3 1180.7 1148.2 1114.7 1017.3 1042.2 1113.5 1137.0 1155.0 991.3 1026.3 1123.7 1147.2 1228.6 1117.6 1145.7 1215.4 1214.2 1372.3 1393.1 1372.6 1358.9 1376.7 -999.0 -999.0 -999.0 -999.0 -999.0 -999.0 -999.0 -999.0 -999.0 -999.0 -999.0 -999.0 -999.0 -999.0 -999.0 -999.0 -999.0 -999.0 -999.0 -999.0 -999.0 -999.0
-999.0 1537.1 -999.0 1187.8 1286.0 1477.7 1528.4 1274.1 1199.2 -999.0 -999.0 -999.0 1603.5 1404.4 1434.1 1441.8 1411.9 1323.4 1199.9 1144.5 1114.7 1105.6 1194.7 1232.4 1307.2 1478.5 1212.5 1220.6 1166.7 1178.7 1227.2 1243.8 1062.2 1140.1 983.6 834.8 914.2 1056.7 1073.5 1260.4 1226.2 1249.7 1256.6 1278.5 1397.8 1401.2 1411.7 1373.6 1335.2 1345.0 -999.0 -999.0 -999.0 -999.0 -999.0 -999.0 -999.0 -999.0 -999.0 -999.0 -999.0 -999.0 -999.0 -999.0 -999.0 -999.0 -999.0 -999.0 -999.0 -999.0 -999.0
-999.0 -999.0 1528.9 1156.3 1281.2 1525.4 1239.8 1075.5 1000.3 1508.0 -999.0 -999.0 -999.0 1576.9 1530.2 1536.0 1490.1 1437.9 1373.2 1212.4 1157.8 1155.7 1227.4 1244.5 1249.9 1266.1 1333.5 1274.8 1218.9 1110.5 1174.8 1040.5 1257.8 1151.1 1204.2 1185.9 939.4 966.2 1129.3 1208.3 1310.8 1334.4 1340.8 1351.5 1404.6 1406.6 1440.5 1377.3 1316.4 1348.5 1379.9 -999.0 -999.0 -999.0 -999.0 -999.0 -999.0 -999.0 -999.0 -999.0 -999.0 -999.0 -999.0 -999.0 -999.0 -999.0 -999.0 -999.0 -999.0 -999.0 -999.0
-999.0 -999.0 1413.8 1266.7 1125.6 1536.9 1540.9 1191.2 1126.0 1586.0 -999.0 -999.0 -999.0 -999.0 -999.0 1543.6 1530.2 1540.2 1507.9 1411.6 1328.2 1196.6 1034.2 1068.6 1173.3 1236.3 1307.8 1223.2 1202.7 1166.3 1225.6 1079.1 1277.0 1192.6 1150.6 1219.1 1371.3 1272.4 1347.8 1273.8 1380.1 1310.2 1352.4 1461.2 1480.8 1470.7 1445.4 1444.0 1288.3 1279.7 1329.3 1390.1 -999.0 -999.0 -999.0 -999.0 -999.0 -999.0 -999.0 -999.0 -999.0 -999.0 -999.0 -999.0 -999.0 -999.0 -999.0 -999.0 -999.0 -999.0 -999.0
-999.0 -999.0 1339.8 1163.5 1257.2 -999.0 1555.2 1461.9 956.1 1430.2 -999.0 -999.0 -999.0 -999.0 -999.0 1538.3 1465.4 1366.9 1432.1 1271.9 1101.4 1113.9 1002.5 984.6 1045.9 1186.7 1132.7 1190.1 1215.5 1087.3 1062.0 1305.7 766.2 1113.8 944.0 1156.1 1046.1 1112.3 1393.9 1260.1 1357.2 1394.9 1427.0 1420.7 1350.4 1319.9 1377.7 1332.8 1428.0 1296.6 1189.9 1342.4 1335.0 1396.7 -999.0 -999.0 -999.0 -999.0 -999.0 -999.0 -999.0 -999.0 -999.0 -999.0 -999.0 -999.0 -999.0 -999.0 -999.0 -999.0 -999.0
-999.0 -999.0 1362.5 1349.3 1511.5 -999.0 -999.0 1244.9 1017.4 1146.6 -999.0 -999.0 -999.0 -999.0 -999.0 1542.4 1508.7 1387.3 1400.2 1327.7 1191.8 1262.3 1173.5 1158.8 1044.8 1113.3 1096.4 1151.0 1020.4 809.2 954.9 1062.2 691.2 803.3 1066.0 1049.5 1205.8 1372.2 1304.6 1260.8 1348.6 1322.2 1328.7 1425.2 1392.4 1398.9 1285.9 1083.6 1213.8 1261.5 1228.8 1221.1 1340.1 1383.2 -999.0 -999.0 -999.0 -999.0 -999.0 -999.0 -999.0 -999.0 -999.0 -999.0 -999.0 -999.0 -999.0 -999.0 -999.0 -999.0 -999.0
-999.0 -999.0 1472.8 1448.8 -999.0 -999.0 -999.0 1533.5 1365.3 1306.6 -999.0 -999.0 -999.0 -999.0 -999.0 1535.5 1498.0 1417.3 1387.8 1350.9 1285.9 1199.3 987.2 916.5 1061.0 1012.1 1142.3 1158.3 1144.5 947.8 1163.8 856.3 928.1 1033.5 968.7 955.1 1273.5 1176.4 1315.7 1250.1 1268.1 1410.4 1332.1 1296.5 1315.8 1389.8 1038.1 992.2 1024.1 1256.8 1234.2 1228.1 1299.2 1333.4 -999.0 -999.0 -999.0 -999.0 -999.0 -999.0 -999.0 -999.0 -999.0 -999.0 -999.0 -999.0 -999.0 -999.0 -999.0 -999.0 -999.0
-999.0 1243.7 1321.3 1136.2 1610.4 -999.0 -999.0 -999.0 -999.0 -999.0 -999.0 -999.0 -999.0 -999.0 1426.9 1447.6 1367.2 1364.1 1329.3 1256.2 1272.3 1148.9 1106.6 983.1 1101.4 1145.1 1046.3 1089.9 947.9 897.7 912.1 755.1 800.8 1069.7 1013.1 983.6 1081.3 1192.4 1178.9 1323.9 1260.0 1223.3 1354.5 1262.2 1282.9 1130.1 1097.5 920.6 1023.3 1283.2 1302.2 1349.9 1289.6 1323.7 -999.0 -999.0 -999.0 -999.0 -999.0 -999.0 -999.0 -999.0 -999.0 -999.0 -999.0 -999.0 -999.0 -999.0 -999.0 -999.0 -999.0
-999.0 1157.3 1186.0 1313.2 1584.1 -999.0 -999.0 -999.0 -999.0 -999.0 -999.0 -999.0 -999.0 -999.0 1233.8 1460.7 1343.9 1215.7 1124.3 1143.9 1212.4 1208.9 1177.0 1300.4 1204.9 1018.7 1026.1 1075.0 1045.3 1122.9 1209.9 787.1 1075.0 1036.5 1066.0 1057.4 1117.4 1213.1 1337.7 1168.5 1214.8 1225.7 1259.6 1222.7 1110.8 1045.4 1115.4 1035.5 1062.6 1291.2 1398.0 1390.6 1253.7 1382.1 -999.0 -999.0 -999.0 -999.0 -999.0 -999.0 -999.0 -999.0 -999.0 -999.0 -999.0 -999.0 -999.0 -999.0 -999.0 -999.0 -999.0
