GDD/GrowingDegreeDays_2006_Actual.txt
ncols         180
nrows         290
xllcorner     -200000
yllcorner     -200000
cellsize      5000
NODATA_value    -999
[rows 96 to 127 of 290, columns 71 to 141 of 180]
1439.2 1498.1 1683.4 1787.4 1374.2 1682.1 1000.5 1019.6 1293.5 1552.7 1028.7 623.5 619.8 575.7 891.6 1019.7 1087.8 827.6 920.2 801.2 765.0 1074.2 1083.7 1099.8 1349.8 1218.2 1382.9 1119.1 929.2 1012.4 946.2 1065.3 1124.0 1034.4 971.5 1077.6 1141.4 1008.2 1008.6 1378.3 1513.0 1633.8 1648.2 1413.8 1483.3 -999.0 -999.0 -999.0 -999.0 -999.0 -999.0 -999.0 -999.0 -999.0 -999.0 -999.0 -999.0 -999.0 -999.0 -999.0 -999.0 -999.0 -999.0 -999.0 -999.0 -999.0 -999.0 -999.0 -999.0 -999.0 -999.0
1411.7 1270.2 1712.4 1773.1 1365.3 1580.2 1167.2 1309.0 1562.4 1597.1 1145.3 768.6 1482.5 816.4 1030.4 892.7 1108.1 896.3 1178.3 1021.9 1136.4 1154.7 720.6 1161.5 1132.7 1230.9 1251.4 1290.1 948.0 1115.6 1225.9 1169.1 959.9 1145.4 1051.7 1217.6 1167.5 1221.8 1338.5 1535.3 1538.4 1524.4 1552.8 1657.4 -999.0 -999.0 -999.0 -999.0 -999.0 -999.0 -999.0 -999.0 -999.0 -999.0 -999.0 -999.0 -999.0 -999.0 -999.0 -999.0 -999.0 -999.0 -999.0 -999.0 -999.0 -999.0 -999.0 -999.0 -999.0 -999.0 -999.0
1471.6 1694.5 1143.3 1341.6 1288.6 978.5 739.3 1599.4 1707.8 817.9 1312.1 1420.8 807.9 991.1 797.6 1014.5 835.7 1249.1 1364.8 1450.8 1457.4 1462.5 1380.6 1101.7 1368.5 1167.7 1080.1 1360.2 1196.3 1071.6 1277.6 1295.7 1167.6 1178.6 1299.0 1201.5 1297.4 1492.2 1578.6 1631.0 1531.8 1625.2 1671.1 1636.6 -999.0 -999.0 -999.0 -999.0 -999.0 -999.0 -999.0 -999.0 -999.0 -999.0 -999.0 -999.0 -999.0 -999.0 -999.0 -999.0 -999.0 -999.0 -999.0 -999.0 -999.0 -999.0 -999.0 -999.0 -999.0 -999.0 -999.0
1435.4 1096.6 1473.5 1288.1 1231.9 1670.0 1675.2 -999.0 1403.8 803.9 1008.2 728.9 1179.1 1347.5 1093.8 1200.2 1234.1 1219.5 1164.6 1107.8 1056.9 955.4 659.8 883.7 1143.3 1123.1 1398.4 1516.6 1628.2 1181.2 1109.6 1321.1 1331.8 1299.9 1476.2 1435.6 1488.1 1568.4 1579.1 1573.5 1569.4 1503.9 1490.6 -999.0 -999.0 -999.0 -999.0 -999.0 -999.0 -999.0 -999.0 -999.0 -999.0 -999.0 -999.0 -999.0 -999.0 -999.0 -999.0 -999.0 -999.0 -999.0 -999.0 -999.0 -999.0 -999.0 -999.0 -999.0 -999.0 -999.0 -999.0
1779.0 1504.3 1364.3 1487.4 1143.4 1560.5 -999.0 1693.0 1467.5 1719.2 1252.5 1435.1 1053.7 640.4 1115.3 1034.1 1177.7 908.5 744.8 868.2 1090.1 1456.8 1345.1 1475.3 1214.5 1298.4 1283.9 1157.8 1241.4 1291.1 1231.2 1370.5 1521.4 1512.6 1621.5 1622.0 1534.1 1499.3 1537.8 1554.7 1559.1 1647.1 1601.8 -999.0 -999.0 -999.0 -999.0 -999.0 -999.0 -999.0 -999.0 -999.0 -999.0 -999.0 -999.0 -999.0 -999.0 -999.0 -999.0 -999.0 -999.0 -999.0 -999.0 -999.0 -999.0 -999.0 -999.0 -999.0 -999.0 -999.0 -999.0
1741.3 1580.0 1787.3 1345.9 1637.2 -999.0 1733.2 1716.7 1583.0 659.4 1076.3 497.2 1009.7 1263.2 1392.6 1045.6 975.5 1098.2 923.4 1160.7 959.2 848.8 1000.1 1494.7 1180.1 1003.6 963.2 1198.3 1201.3 1668.6 1441.1 1606.9 1664.7 1684.8 1669.8 1409.4 1413.0 1407.5 1461.9 1469.3 1547.1 1625.2 1688.3 -999.0 -999.0 -999.0 -999.0 -999.0 -999.0 -999.0 -999.0 -999.0 -999.0 -999.0 -999.0 -999.0 -999.0 -999.0 -999.0 -999.0 -999.0 -999.0 -999.0 -999.0 -999.0 -999.0 -999.0 -999.0 -999.0 -999.0 -999.0
1784.3 1725.9 1043.3 1824.1 -999.0 1760.4 -999.0 1353.2 1205.8 1004.3 1722.2 788.5 1076.5 1048.8 1238.5 612.6 1107.2 601.3 1091.8 1146.6 709.3 1273.9 1687.5 1099.8 772.3 750.5 1277.3 1287.3 1260.9 1376.8 1563.6 1640.1 1646.1 1636.8 1312.1 1504.2 1533.2 1576.2 1551.8 1573.1 1676.1 1700.6 -999.0 -999.0 -999.0 -999.0 -999.0 -999.0 -999.0 -999.0 -999.0 -999.0 -999.0 -999.0 -999.0 -999.0 -999.0 -999.0 -999.0 -999.0 -999.0 -999.0 -999.0 -999.0 -999.0 -999.0 -999.0 -999.0 -999.0 -999.0 -999.0
860.8 1015.6 1365.4 1812.2 -999.0 -999.0 1685.4 1672.2 1715.0 1642.7 1226.1 713.7 1516.7 1270.8 679.4 1024.0 1033.5 763.7 711.6 893.8 1457.7 935.3 959.1 765.6 933.3 1152.3 910.8 912.3 1259.4 1495.4 1679.0 1667.4 1540.1 1259.4 1515.3 1646.9 1625.8 1748.1 1733.5 1715.1 -999.0 -999.0 -999.0 -999.0 -999.0 -999.0 -999.0 -999.0 -999.0 -999.0 -999.0 -999.0 -999.0 -999.0 -999.0 -999.0 -999.0 -999.0 -999.0 -999.0 -999.0 -999.0 -999.0 -999.0 -999.0 -999.0 -999.0 -999.0 -999.0 -999.0 -999.0
1123.6 1470.7 1678.2 1780.3 -999.0 1771.0 1635.7 1481.3 1271.8 1515.5 1249.0 1615.3 1635.1 1350.2 1066.4 1202.4 1408.6 1403.8 1230.8 1009.6 747.4 1196.7 1011.8 1101.5 955.7 883.5 1117.0 1199.1 1420.6 1599.0 1686.9 1692.8 1474.6 1555.1 1743.4 1773.0 1803.8 1739.7 1751.2 -999.0 -999.0 -999.0 -999.0 -999.0 -999.0 -999.0 -999.0 -999.0 -999.0 -999.0 -999.0 -999.0 -999.0 -999.0 -999.0 -999.0 -999.0 -999.0 -999.0 -999.0 -999.0 -999.0 -999.0 -999.0 -999.0 -999.0 -999.0 -999.0 -999.0 -999.0 -999.0
1613.0 1295.7 1564.8 -999.0 -999.0 1757.1 1276.1 1420.7 1200.5 1503.2 1683.9 1394.3 991.2 1006.5 1136.5 1267.5 1167.6 883.9 1224.6 997.7 1358.4 1231.1 1000.3 1343.6 1610.7 1616.1 1488.0 1594.5 1669.3 1649.0 1670.0 1826.4 1679.8 1742.7 1793.3 1615.6 1707.8 1635.4 1681.4 -999.0 -999.0 -999.0 -999.0 -999.0 -999.0 -999.0 -999.0 -999.0 -999.0 -999.0 -999.0 -999.0 -999.0 -999.0 -999.0 -999.0 -999.0 -999.0 -999.0 -999.0 -999.0 -999.0 -999.0 -999.0 -999.0 -999.0 -999.0 -999.0 -999.0 -999.0 -999.0
-999.0 -999.0 -999.0 -999.0 1741.4 1371.4 1375.1 1266.0 1372.5 1273.4 989.1 1040.6 856.4 1346.9 1033.0 1601.7 936.6 1487.8 784.3 1288.8 1062.4 706.9 1184.0 1428.8 1266.8 1368.3 1619.3 1620.4 1719.1 1807.6 1747.8 1836.2 1829.5 1707.7 1714.1 1726.1 1697.2 1752.2 1682.2 1754.4 -999.0 -999.0 -999.0 -999.0 -999.0 -999.0 -999.0 -999.0 -999.0 -999.0 -999.0 -999.0 -999.0 -999.0 -999.0 -999.0 -999.0 -999.0 -999.0 -999.0 -999.0 -999.0 -999.0 -999.0 -999.0 -999.0 -999.0 -999.0 -999.0 -999.0 -999.0
-999.0 -999.0 -999.0 -999.0 1703.8 1741.4 1349.8 1231.9 1650.6 1137.1 1390.0 1640.1 1214.6 992.0 1081.1 1789.5 1001.7 1091.6 1021.3 1277.9 927.3 1112.4 1058.3 905.3 1199.7 1313.6 1413.8 1521.4 1545.2 1493.1 1473.0 1377.4 1454.7 1659.1 1795.7 1773.8 1575.6 1698.4 1546.4 1620.6 1642.1 -999.0 -999.0 -999.0 -999.0 -999.0 -999.0 -999.0 -999.0 -999.0 -999.0 -999.0 -999.0 -999.0 -999.0 -999.0 -999.0 -999.0 -999.0 -999.0 -999.0 -999.0 -999.0 -999.0 -999.0 -999.0 -999.0 -999.0 -999.0 -999.0 -999.0
-999.0 -999.0 -999.0 1724.7 1709.1 1653.4 1289.9 1510.4 1270.2 1257.4 1432.6 1670.5 1138.3 1093.6 863.8 1682.3 1105.8 1259.2 1203.5 1268.3 1101.0 1551.7 1429.0 1357.7 1400.5 1586.9 1409.9 1233.5 1043.8 1160.1 1254.3 1413.3 1541.9 1456.1 1780.1 1634.2 1562.1 1550.1 1561.9 1601.2 1628.3 1683.0 -999.0 -999.0 -999.0 -999.0 -999.0 -999.0 -999.0 -999.0 -999.0 -999.0 -999.0 -999.0 -999.0 -999.0 -999.0 -999.0 -999.0 -999.0 -999.0 -999.0 -999.0 -999.0 -999.0 -999.0 -999.0 -999.0 -999.0 -999.0 -999.0
-999.0 -999.0 1722.9 -999.0 1666.4 1503.0 1644.3 1253.3 1094.8 1627.4 1736.1 1326.8 922.2 1257.9 1835.3 1564.4 669.9 1500.1 1508.1 1383.5 1306.3 1493.5 1581.0 1691.3 1628.7 1325.6 970.5 1037.1 1220.1 1327.4 1511.9 1549.8 1577.2 1484.2 1617.6 1625.2 1731.3 1819.7 1804.4 1795.3 1781.3 -999.0 -999.0 -999.0 -999.0 -999.0 -999.0 -999.0 -999.0 -999.0 -999.0 -999.0 -999.0 -999.0 -999.0 -999.0 -999.0 -999.0 -999.0 -999.0 -999.0 -999.0 -999.0 -999.0 -999.0 -999.0 -999.0 -999.0 -999.0 -999.0 -999.0
-999.0 1758.7 1327.7 -999.0 1746.5 1720.3 1578.2 1512.6 1539.1 1534.3 1037.4 1597.4 1100.9 1086.7 1114.0 1443.1 1684.3 955.0 1478.3 1669.1 1739.1 1741.6 1779.0 1815.7 1828.1 1466.1 1675.0 1728.5 1747.2 1587.7 1443.4 1559.9 1573.2 1645.0 1700.3 1679.1 1793.0 -999.0 -999.0 -999.0 -999.0 -999.0 -999.0 -999.0 -999.0 -999.0 -999.0 -999.0 -999.0 -999.0 -999.0 -999.0 -999.0 -999.0 -999.0 -999.0 -999.0 -999.0 -999.0 -999.0 -999.0 -999.0 -999.0 -999.0 -999.0 -999.0 -999.0 -999.0 -999.0 -999.0 -999.0
1758.7 1501.9 1623.7 -999.0 1380.9 1756.7 1468.2 1575.8 1788.9 1169.9 1178.3 1050.1 1013.0 1763.3 1181.3 1193.1 1797.2 1460.3 1374.4 1602.5 1574.3 1500.5 1446.8 1385.6 1805.4 1838.1 1853.9 1785.2 1686.2 1590.2 1475.3 1561.6 1589.9 1591.5 1710.6 -999.0 -999.0 -999.0 -999.0 -999.0 -999.0 -999.0 -999.0 -999.0 -999.0 -999.0 -999.0 -999.0 -999.0 -999.0 -999.0 -999.0 -999.0 -999.0 -999.0 -999.0 -999.0 -999.0 -999.0 -999.0 -999.0 -999.0 -999.0 -999.0 -999.0 -999.0 -999.0 -999.0 -999.0 -999.0 -999.0
1053.5 1526.6 -999.0 1713.5 1708.4 1319.2 1577.0 1757.8 1176.3 1482.4 1150.8 1082.1 1358.5 1545.8 1200.8 1215.9 1859.3 1855.7 1803.3 1713.8 1591.3 1516.3 1293.2 1230.3 1555.7 1735.4 1870.1 1918.9 1773.5 1750.8 1682.1 1656.5 1491.9 1501.2 1750.3 -999.0 -999.0 -999.0 -999.0 -999.0 -999.0 -999.0 -999.0 -999.0 -999.0 -999.0 -999.0 -999.0 -999.0 -999.0 -999.0 -999.0 -999.0 -999.0 -999.0 -999.0 -999.0 -999.0 -999.0 -999.0 -999.0 -999.0 -999.0 -999.0 -999.0 -999.0 -999.0 -999.0 -999.0 -999.0 -999.0
1800.8 1792.4 -999.0 1756.9 1123.0 1479.1 -999.0 1638.2 1237.8 1472.2 1236.1 1354.1 1277.5 1777.3 1798.4 1602.2 1707.3 1712.4 1583.8 1763.5 1042.9 1056.5 1198.5 1229.7 1533.6 1815.7 1852.5 1990.3 2008.8 1899.6 1857.3 1762.9 1811.1 -999.0 -999.0 -999.0 -999.0 -999.0 1729.1 1767.2 1764.2 1856.7 -999.0 -999.0 -999.0 -999.0 -999.0 -999.0 -999.0 -999.0 -999.0 -999.0 -999.0 -999.0 -999.0 -999.0 -999.0 -999.0 -999.0 -999.0 -999.0 -999.0 -999.0 -999.0 -999.0 -999.0 -999.0 -999.0 -999.0 -999.0 -999.0
1525.3 -999.0 -999.0 1335.6 1753.3 1190.3 -999.0 1657.6 1140.7 1531.2 1799.1 1049.2 1797.8 1883.1 1867.1 1837.8 1656.2 1497.1 1272.5 1577.1 1557.9 1649.7 1636.8 1682.6 1621.0 1635.6 1647.0 1762.8 1864.5 1758.8 1695.1 1740.0 1836.6 1877.6 1875.0 -999.0 -999.0 1841.9 1790.4 1730.7 1840.0 1842.3 1836.8 1858.8 -999.0 -999.0 -999.0 -999.0 -999.0 -999.0 -999.0 -999.0 -999.0 -999.0 -999.0 -999.0 -999.0 -999.0 -999.0 -999.0 -999.0 -999.0 -999.0 -999.0 -999.0 -999.0 -999.0 -999.0 -999.0 -999.0 -999.0
1842.1 -999.0 -999.0 1775.9 1492.6 1283.5 1783.4 1481.5 1670.2 1528.6 1439.6 1345.6 1819.4 1693.3 1454.6 1497.0 1533.9 1733.9 1747.5 1701.6 1752.2 1696.8 1694.3 1687.7 1618.7 1533.8 1551.7 1645.2 1521.8 1476.7 1682.9 1778.6 1795.8 1826.3 1778.7 1848.8 1803.7 1715.1 1724.2 1813.3 1744.5 1544.0 1571.7 1471.9 1832.9 -999.0 -999.0 -999.0 -999.0 -999.0 -999.0 -999.0 -999.0 -999.0 -999.0 -999.0 -999.0 -999.0 -999.0 -999.0 -999.0 -999.0 -999.0 -999.0 -999.0 -999.0 -999.0 -999.0 -999.0 -999.0 -999.0
-999.0 -999.0 -999.0 1526.2 1183.3 1573.5 1443.2 1777.8 1473.8 1569.6 1772.7 1806.6 -999.0 1469.5 1199.9 1538.1 1668.8 1792.0 1810.4 1828.8 1816.7 1681.6 1703.6 1672.7 1498.6 1472.5 1451.1 1526.0 1573.8 1562.4 1641.1 1643.1 1638.6 1547.8 1696.3 1802.8 1616.7 1671.8 1649.7 1691.2 1557.9 1395.1 1383.9 1337.1 1524.4 1472.0 1420.4 1782.6 -999.0 -999.0 -999.0 -999.0 -999.0 -999.0 -999.0 -999.0 -999.0 -999.0 -999.0 -999.0 -999.0 -999.0 -999.0 -999.0 -999.0 -999.0 -999.0 -999.0 -999.0 -999.0 -999.0
-999.0 -999.0 -999.0 1517.9 1628.1 1746.7 1218.2 1800.3 -999.0 1790.0 1631.9 1820.6 -999.0 1427.7 1080.5 1453.9 1546.9 1770.0 1888.5 1767.5 1759.0 1868.6 1841.8 1765.7 1648.7 1432.9 1398.5 1385.6 1486.9 1480.6 1403.1 1363.4 1244.0 1361.0 1624.0 1736.4 1588.2 1563.7 1536.3 1186.9 1151.8 1344.1 1365.2 1456.8 1495.6 1494.8 1690.7 1701.8 -999.0 -999.0 -999.0 -999.0 -999.0 -999.0 -999.0 -999.0 -999.0 -999.0 -999.0 -999.0 -999.0 -999.0 -999.0 -999.0 -999.0 -999.0 -999.0 -999.0 -999.0 -999.0 -999.0
-999.0 -999.0 -999.0 -999.0 1643.0 1462.0 1606.1 1858.8 -999.0 -999.0 1733.7 1850.4 1761.5 1498.4 1272.7 1654.6 1582.7 1440.8 1589.6 1598.9 1671.3 1519.0 1754.1 1900.4 1750.6 1606.1 1433.5 1349.8 1233.4 1342.8 1199.8 1183.8 1324.8 1414.1 1411.1 1492.8 1443.2 1344.5 1278.0 1327.2 1186.8 1328.2 1401.1 1453.2 1737.9 1739.5 1640.8 1612.0 1649.6 -999.0 -999.0 -999.0 -999.0 -999.0 -999.0 -999.0 -999.0 -999.0 -999.0 -999.0 -999.0 -999.0 -999.0 -999.0 -999.0 -999.0 -999.0 -999.0 -999.0 -999.0 -999.0
-999.0 -999.0 -999.0 1838.2 1556.0 1493.3 -999.0 -999.0 -999.0 -999.0 -999.0 1852.3 1875.8 1449.2 1578.2 1792.1 1617.0 1453.5 1355.5 1451.8 1548.3 1492.1 1499.6 1669.1 1793.3 1565.0 1351.3 1389.4 1359.3 1322.9 1203.7 1285.7 1382.6 1341.5 1354.6 1156.3 1214.8 1356.8 1401.1 1522.6 1377.6 1416.0 1496.4 1479.4 1701.2 1771.3 1777.3 1793.9 1809.1 -999.0 -999.0 -999.0 -999.0 -999.0 -999.0 -999.0 -999.0 -999.0 -999.0 -999.0 -999.0 -999.0 -999.0 -999.0 -999.0 -999.0 -999.0 -999.0 -999.0 -999.0 -999.0
-999.0 1784.7 -999.0 1421.4 1565.2 1820.0 1894.7 1552.0 1424.9 -999.0 -999.0 -999.0 1866.3 1640.6 1717.8 1745.7 1699.6 1574.4 1405.7 1334.5 1302.6 1296.7 1416.3 1470.9 1559.6 1769.6 1398.9 1429.9 1404.8 1398.2 1458.1 1462.4 1244.9 1343.3 1139.8 967.9 1076.0 1269.6 1304.2 1562.0 1522.3 1549.4 1535.4 1525.8 1708.4 1772.7 1814.1 1814.4 1788.5 1804.4 -999.0 -999.0 -999.0 -999.0 -999.0 -999.0 -999.0 -999.0 -999.0 -999.0 -999.0 -999.0 -999.0 -999.0 -999.0 -999.0 -999.0 -999.0 -999.0 -999.0 -999.0
-999.0 -999.0 1829.6 1377.4 1548.5 1866.0 1475.7 1279.4 1166.7 1786.0 -999.0 -999.0 -999.0 1851.4 1817.9 1852.5 1795.6 1710.7 1622.1 1429.2 1384.7 1404.1 1486.6 1492.7 1484.8 1480.5 1538.7 1493.4 1458.1 1312.4 1387.0 1200.7 1500.1 1360.9 1408.9 1401.0 1096.3 1129.2 1332.6 1461.1 1620.7 1661.9 1662.6 1658.4 1746.4 1772.9 1834.6 1783.1 1745.7 1805.7 1830.9 -999.0 -999.0 -999.0 -999.0 -999.0 -999.0 -999.0 -999.0 -999.0 -999.0 -999.0 -999.0 -999.0 -999.0 -999.0 -999.0 -999.0 -999.0 -999.0 -999.0
-999.0 -999.0 1658.9 1508.3 1319.4 1862.8 1865.5 1415.1 1313.6 1869.2 -999.0 -999.0 -999.0 -999.0 -999.0 1853.5 1846.8 1834.3 1799.8 1689.5 1588.6 1447.1 1229.9 1260.5 1387.1 1454.1 1525.7 1417.8 1428.5 1396.0 1465.3 1259.4 1531.0 1419.4 1339.3 1449.8 1657.1 1494.5 1565.8 1502.4 1706.0 1642.9 1709.9 1856.5 1860.1 1846.0 1821.1 1844.5 1662.0 1683.3 1760.7 1840.0 -999.0 -999.0 -999.0 -999.0 -999.0 -999.0 -999.0 -999.0 -999.0 -999.0 -999.0 -999.0 -999.0 -999.0 -999.0 -999.0 -999.0 -999.0 -999.0
-999.0 -999.0 1547.6 1347.4 1464.7 -999.0 1864.7 1768.6 1118.6 1704.9 -999.0 -999.0 -999.0 -999.0 -999.0 1852.6 1781.4 1641.6 1714.3 1506.8 1286.0 1312.6 1179.6 1155.1 1226.3 1401.4 1316.0 1386.3 1440.2 1283.4 1232.8 1545.4 884.6 1318.8 1109.8 1387.8 1237.3 1299.3 1653.0 1504.3 1691.6 1780.7 1836.2 1806.0 1677.4 1620.6 1708.2 1672.5 1844.1 1696.8 1565.6 1788.5 1762.6 1824.4 -999.0 -999.0 -999.0 -999.0 -999.0 -999.0 -999.0 -999.0 -999.0 -999.0 -999.0 -999.0 -999.0 -999.0 -999.0 -999.0 -999.0
-999.0 -999.0 1569.6 1565.0 1771.6 -999.0 -999.0 1470.8 1211.8 1367.5 -999.0 -999.0 -999.0 -999.0 -999.0 1869.5 1865.1 1694.5 1690.7 1585.5 1400.4 1497.9 1389.2 1373.3 1222.6 1314.4 1293.1 1355.2 1182.2 929.3 1096.4 1231.5 796.9 945.1 1281.3 1252.9 1437.2 1630.4 1551.6 1525.1 1681.8 1667.4 1672.4 1785.1 1706.9 1675.4 1530.5 1311.1 1543.2 1663.3 1632.1 1622.3 1779.5 1816.2 -999.0 -999.0 -999.0 -999.0 -999.0 -999.0 -999.0 -999.0 -999.0 -999.0 -999.0 -999.0 -999.0 -999.0 -999.0 -999.0 -999.0
-999.0 -999.0 1733.8 1680.1 -999.0 -999.0 -999.0 1842.3 1650.8 1565.5 -999.0 -999.0 -999.0 -999.0 -999.0 1860.7 1806.5 1728.9 1680.5 1621.8 1523.3 1407.4 1142.6 1059.6 1245.3 1189.7 1371.1 1376.8 1339.3 1095.0 1377.9 1000.1 1091.4 1239.7 1164.5 1135.7 1534.1 1394.2 1587.5 1524.0 1567.6 1770.3 1653.9 1586.0 1556.4 1581.6 1149.0 1164.2 1273.5 1656.7 1635.7 1613.9 1708.3 1729.1 -999.0 -999.0 -999.0 -999.0 -999.0 -999.0 -999.0 -999.0 -999.0 -999.0 -999.0 -999.0 -999.0 -999.0 -999.0 -999.0 -999.0
-999.0 1426.6 1557.4 1284.4 1898.3 -999.0 -999.0 -999.0 -999.0 -999.0 -999.0 -999.0 -999.0 -999.0 1703.7 1751.6 1653.9 1657.7 1601.4 1497.4 1515.6 1351.9 1298.9 1144.0 1292.8 1342.6 1189.0 1266.9 1107.0 1046.0 1063.1 888.6 951.3 1298.4 1225.1 1179.5 1296.4 1439.9 1430.5 1642.6 1565.4 1516.8 1683.9 1535.9 1508.8 1250.4 1226.2 1068.2 1258.4 1664.7 1701.3 1760.6 1672.5 1686.8 -999.0 -999.0 -999.0 -999.0 -999.0 -999.0 -999.0 -999.0 -999.0 -999.0 -999.0 -999.0 -999.0 -999.0 -999.0 -999.0 -999.0
-999.0 1339.1 1406.8 1558.0 1886.2 -999.0 -999.0 -999.0 -999.0 -999.0 -999.0 -999.0 -999.0 -999.0 1475.5 1799.5 1640.8 1457.0 1328.1 1351.4 1445.5 1442.1 1400.3 1566.4 1435.1 1175.8 1161.8 1249.1 1239.4 1334.7 1449.2 929.3 1294.3 1256.4 1295.2 1283.7 1356.3 1484.1 1661.6 1443.1 1514.0 1537.8 1567.4 1499.9 1320.9 1209.5 1307.6 1239.8 1299.6 1640.5 1799.2 1788.7 1601.0 1760.5 -999.0 -999.0 -999.0 -999.0 -999.0 -999.0 -999.0 -999.0 -999.0 -999.0 -999.0 -999.0 -999.0 -999.0 -999.0 -999.0 -999.0
