GDD/GrowingDegreeDays_1982_Actual.txt
ncols         180
nrows         290
xllcorner     -200000
yllcorner     -200000
cellsize      5000
NODATA_value    -999
[rows 192 to 223 of 290, columns 71 to 141 of 180]
-999.0 -999.0 -999.0 -999.0 -999.0 -999.0 -999.0 -999.0 -999.0 -999.0 -999.0 -999.0 -999.0 -999.0 -999.0 -999.0 -999.0 -999.0 -999.0 -999.0 -999.0 1729.6 1475.8 1302.5 1158.0 973.4 1078.5 1305.3 1502.2 1629.5 1524.2 1366.2 1264.7 1203.6 1436.0 1601.0 1572.5 1485.0 1498.6 1638.2 1433.0 1518.1 1524.9 1619.6 1587.9 1733.4 1816.5 1810.8 1760.0 1813.7 1858.4 1846.3 1824.0 1814.8 1741.4 1786.7 1808.7 1770.0 1708.4 1679.6 1663.5 1626.0 1679.0 1709.4 1632.2 1659.3 1683.0 1720.3 1732.9 1818.1 1816.0
-999.0 -999.0 -999.0 -999.0 -999.0 -999.0 -999.0 -999.0 -999.0 -999.0 -999.0 -999.0 -999.0 -999.0 -999.0 -999.0 -999.0 -999.0 -999.0 -999.0 1851.2 1745.7 1510.2 1287.7 1187.5 1225.6 1251.1 1374.0 1296.8 1015.4 1240.0 1250.7 1283.0 1477.5 1577.3 1521.8 1505.0 1615.0 1625.5 1577.4 1468.6 1492.1 1528.3 1643.7 1606.0 1782.1 1809.0 1741.0 1841.9 1749.8 1749.0 1787.4 1755.0 1797.2 1768.1 1843.3 1851.5 1775.5 1747.3 1755.0 1681.8 1696.6 1621.2 1676.9 1641.3 1717.3 1719.1 1737.5 1808.3 1837.1 1785.7
-999.0 -999.0 -999.0 -999.0 -999.0 -999.0 -999.0 -999.0 -999.0 -999.0 -999.0 -999.0 -999.0 -999.0 -999.0 -999.0 -999.0 -999.0 -999.0 -999.0 1604.0 1561.8 1527.4 1482.7 1327.3 1060.1 1094.5 1170.8 1281.3 1248.4 1179.1 1139.1 1151.8 1458.3 1365.9 1308.9 1615.1 1451.9 1711.1 1643.5 1512.1 1392.5 1632.6 1627.6 1769.2 1833.3 1815.9 1787.4 1587.1 1684.0 1697.8 1722.4 1730.3 1755.4 1764.2 1829.0 1814.0 1803.5 1758.1 1807.2 1782.3 1670.2 1632.8 1655.4 1631.3 1718.0 1782.7 1813.0 1855.0 1830.1 1791.0
-999.0 -999.0 -999.0 -999.0 -999.0 -999.0 -999.0 -999.0 -999.0 -999.0 -999.0 -999.0 -999.0 -999.0 -999.0 -999.0 -999.0 -999.0 -999.0 -999.0 1655.7 1586.5 1734.0 1558.8 1340.2 1057.6 1179.2 1150.6 1334.6 1225.9 1276.4 1390.8 1327.0 1312.0 1387.0 1521.1 1653.4 1640.1 1440.0 1698.2 1677.0 1650.5 1668.0 1606.7 1754.0 1876.0 1853.0 1774.5 1740.2 1764.0 1702.4 1712.8 1722.2 1725.3 1805.3 1801.1 1743.2 1785.2 1754.4 1817.9 1754.5 1651.9 1646.5 1735.3 1754.6 1718.2 1801.8 1799.4 1893.7 1824.7 1814.1
-999.0 -999.0 -999.0 -999.0 -999.0 -999.0 -999.0 -999.0 -999.0 -999.0 -999.0 -999.0 -999.0 -999.0 -999.0 -999.0 -999.0 -999.0 -999.0 1753.6 1555.3 1323.4 1457.6 1547.4 1283.1 1215.6 1099.9 1104.6 1489.0 1478.2 1517.0 1402.0 1300.7 1453.4 1457.5 1369.4 1556.6 1648.6 1683.7 1751.6 1778.4 1754.3 1706.7 1761.1 1819.7 1866.9 1891.8 1875.5 1825.2 1796.2 1833.3 1769.4 1769.0 1732.0 1792.1 1779.4 1776.3 1812.6 1822.0 1807.4 1701.3 1701.5 1709.6 1817.4 1790.3 1784.2 1800.1 1866.9 1826.8 1820.6 1818.5
-999.0 -999.0 -999.0 -999.0 -999.0 -999.0 -999.0 -999.0 -999.0 -999.0 -999.0 -999.0 -999.0 -999.0 -999.0 -999.0 -999.0 -999.0 1633.2 1562.1 1439.9 1518.8 1581.6 1329.2 1120.5 1091.8 1251.4 1197.0 1487.9 1402.0 1500.5 1537.5 1113.1 1427.5 1386.8 1624.9 1639.9 1739.4 1749.5 1730.8 1651.8 1746.6 1626.6 1798.2 1807.3 1947.1 1956.9 1914.0 1893.2 1890.0 1887.6 1817.9 1765.3 1762.5 1860.2 1799.1 1788.4 1767.8 1764.5 1749.0 1688.6 1733.2 1696.5 1810.6 1828.2 1885.3 1875.2 1787.8 1764.2 1800.4 1798.6
-999.0 -999.0 -999.0 -999.0 -999.0 -999.0 -999.0 -999.0 -999.0 -999.0 -999.0 -999.0 -999.0 -999.0 -999.0 -999.0 1590.8 1598.3 1616.8 1719.6 1689.7 1583.1 1520.0 1252.7 1150.0 1058.4 1030.4 1208.3 1369.2 1621.5 1448.2 1512.3 1238.0 1458.9 1586.8 1665.6 1758.7 1744.8 1807.6 1735.4 1624.2 1691.9 1702.6 1912.8 1932.8 1959.9 1961.4 1888.3 1889.2 1880.9 1913.4 1819.9 1768.1 1844.9 1891.0 1798.7 1717.7 1725.0 1674.9 1635.8 1666.1 1695.7 1753.9 1814.8 1803.8 1782.9 1803.6 1774.0 1841.9 1804.5 1808.1
-999.0 -999.0 -999.0 -999.0 -999.0 -999.0 -999.0 -999.0 -999.0 -999.0 -999.0 -999.0 1866.6 1845.2 1836.4 1479.4 1383.6 1320.0 1318.4 1545.6 1583.5 1611.5 1234.5 1295.1 1146.9 1145.3 1195.8 1431.1 1540.2 1675.4 1554.6 1597.9 1177.6 1321.2 1510.8 1722.4 1716.1 1755.6 1608.3 1794.9 1657.5 1669.3 1758.3 1902.3 2024.7 2032.8 1917.4 1935.9 1930.8 1837.8 1894.0 1849.3 1881.1 1842.7 1794.3 1711.4 1773.1 1707.7 1733.4 1696.0 1627.2 1636.0 1665.1 1723.6 1730.5 1753.9 1796.4 1829.6 1788.7 1871.3 1863.8
-999.0 -999.0 -999.0 -999.0 -999.0 -999.0 -999.0 -999.0 -999.0 -999.0 -999.0 1693.0 1761.0 1609.8 1610.9 1603.6 1402.1 1451.4 1419.3 1610.3 1728.8 1450.8 1336.3 1225.5 1492.1 1102.4 1300.6 1482.7 1212.8 1456.7 1704.9 1251.4 1419.5 1506.4 1816.2 1838.8 1800.3 1568.9 1796.8 1796.5 1759.8 1771.3 1743.7 1899.2 1970.1 2093.3 1989.2 1983.9 1952.1 1879.3 1876.5 1870.9 1873.4 1862.3 1769.0 1756.0 1620.2 1756.3 1771.9 1728.0 1663.0 1706.5 1719.8 1775.8 1801.1 1774.1 1808.3 1782.8 1848.5 1869.8 1845.6
-999.0 -999.0 -999.0 -999.0 -999.0 -999.0 -999.0 -999.0 -999.0 -999.0 1658.3 1641.8 1783.9 1734.1 1700.1 1600.8 1640.8 1567.9 1632.2 1618.3 1306.6 1502.9 1577.0 1239.7 1650.6 1358.5 1295.9 1103.8 1238.3 1262.1 1461.1 1507.7 1603.4 1827.6 1499.6 1546.5 1818.5 1792.8 1859.6 1895.0 1809.1 1845.1 1902.4 1886.1 1918.9 2090.4 2036.6 2025.3 1972.6 1955.6 1934.9 1908.0 1765.4 1891.2 1834.3 1757.4 1694.9 1733.3 1768.5 1722.7 1670.3 1683.4 1666.1 1734.4 1813.5 1834.4 1859.3 1797.3 1828.2 1869.8 1795.2
-999.0 -999.0 -999.0 -999.0 -999.0 -999.0 1883.8 1632.8 1740.7 1575.9 1726.6 1700.9 1637.7 1696.8 1700.1 1523.6 1597.8 1566.9 1604.1 1428.2 1446.0 1577.4 1506.0 1486.6 1560.9 1507.3 1241.2 1213.5 1370.4 1443.3 1355.9 1553.7 1792.6 1452.1 1392.2 1591.3 1579.3 1794.9 1815.0 1916.8 1889.4 1701.7 1903.4 1795.4 1988.3 2054.9 2033.4 2004.0 1823.0 1934.1 1889.8 1615.7 1859.0 1865.2 1827.9 1749.3 1673.5 1763.7 1754.7 1737.0 1752.8 1717.2 1723.7 1773.0 1828.0 1810.3 1846.0 1830.5 1815.1 1810.5 1833.0
-999.0 -999.0 -999.0 -999.0 -999.0 1830.5 1673.3 1680.2 1642.3 1442.5 1217.6 1326.3 1380.0 1594.2 1494.5 1372.8 1464.4 1504.9 1376.0 1545.9 1598.7 1422.9 1624.7 1744.8 1621.9 1556.1 1352.4 1360.5 1401.8 1479.8 1522.4 1623.4 1553.9 1007.3 1289.7 1554.9 1739.8 1715.6 1826.2 1727.1 1881.3 1833.9 1929.3 1959.7 1992.9 2001.7 2029.4 2033.7 1937.4 1892.6 1634.3 1616.7 1692.9 1791.1 1821.1 1603.8 1709.8 1764.6 1751.2 1788.2 1733.0 1733.3 1744.3 1809.8 1753.8 1784.7 1835.7 1727.3 1756.3 1839.1 1846.9
-999.0 -999.0 -999.0 1906.2 1790.1 1755.7 1646.2 1687.3 1621.9 1514.3 1500.9 1573.5 1666.0 1490.0 1581.9 1445.6 1689.9 1609.3 1436.3 1524.7 1677.9 1593.2 1810.3 1784.2 1480.1 1378.7 1440.3 1546.6 1412.8 1648.8 1717.6 1717.4 1404.3 1255.2 1254.3 1743.8 1688.2 1713.7 1729.3 1814.8 1955.7 1848.0 1905.3 1934.7 2004.5 1997.7 2072.8 2078.4 1940.4 1862.6 1628.5 1660.4 1724.8 1818.0 1755.0 1628.0 1671.9 1711.4 1765.4 1761.6 1764.7 1765.5 1764.4 1774.3 1765.3 1758.8 1789.1 1798.2 1805.8 1845.4 1782.4
-999.0 -999.0 -999.0 1930.6 -999.0 1894.0 1830.1 1667.7 1730.6 1653.1 1665.6 1615.8 1664.4 1627.8 1528.5 1669.2 1607.5 1750.7 1801.4 1817.0 1826.6 1831.2 1606.0 1665.0 1360.5 920.3 1416.0 1384.3 1397.2 1160.8 1194.5 1779.1 1852.4 1167.6 1495.1 1666.4 1625.3 1571.9 1765.2 1931.0 2001.9 1825.8 1817.9 1938.7 2028.4 2068.6 2050.0 2103.4 1963.1 1688.9 1612.2 1727.7 1801.2 1832.4 1834.7 1806.7 1727.0 1790.0 1823.0 1848.0 1848.0 1808.9 1744.7 1701.5 1775.5 1824.8 1810.9 1846.7 1835.5 1785.4 1786.4
-999.0 -999.0 -999.0 -999.0 -999.0 -999.0 1714.9 1786.7 1791.6 1704.0 1770.0 1720.7 1716.8 1668.9 1748.6 1779.6 1715.6 1740.8 1669.5 1800.6 1590.8 1807.9 1563.2 1416.2 1357.2 1193.6 1100.5 1256.7 1141.2 1059.1 1453.2 1370.0 1556.1 1988.9 1553.5 1589.7 1872.9 1834.9 1973.5 1795.6 1840.3 1644.2 1738.8 1955.1 2005.7 2070.3 2143.8 1984.5 1714.4 1767.6 1605.6 1746.1 1807.0 1765.0 1847.5 1725.4 1843.5 1847.8 1910.9 1940.6 1913.4 1837.5 1781.4 1804.0 1871.3 1895.0 1898.2 1839.0 1757.8 1714.0 1770.1
-999.0 -999.0 -999.0 -999.0 -999.0 1865.7 1807.5 1760.3 1775.2 1809.9 1665.9 1596.0 1523.2 1617.3 1710.0 1763.7 1855.1 1804.1 1554.5 1818.6 1698.1 1936.9 1788.1 1719.2 1703.5 1708.0 1441.0 1471.1 1276.1 1259.3 1155.9 1336.8 1378.4 1551.2 1267.2 1736.5 1854.4 1903.4 1794.8 1834.7 1664.0 1744.7 1747.6 1990.4 2014.3 2012.1 1745.6 1676.6 1673.7 1617.4 1757.9 1736.7 1752.2 1792.4 1838.0 1838.1 1855.6 1928.6 2002.3 2027.3 1986.4 1864.3 1825.9 1808.2 1872.1 1936.8 1912.2 1812.1 1662.6 1794.8 1762.6
-999.0 -999.0 -999.0 -999.0 1955.7 1893.2 1888.2 1846.4 1839.7 1837.6 1821.5 1753.4 1829.9 1815.2 1863.9 1880.4 1857.8 1833.5 1810.6 1603.3 1890.9 1565.9 1662.7 1637.6 1492.3 1550.1 1665.4 1629.8 1459.3 1519.4 1391.1 1435.2 1610.1 1351.7 1393.5 1834.2 1716.9 1950.0 1922.1 1778.4 1731.4 1840.7 1876.4 1951.6 2000.5 1818.8 1866.1 1705.5 1700.3 1746.8 1730.0 1769.6 1821.6 1820.0 1877.5 1909.3 1926.1 1983.3 1941.5 2083.6 1966.4 1948.0 1908.7 1914.0 1918.5 1913.1 1835.8 1711.0 1735.8 1766.0 1783.6
-999.0 -999.0 -999.0 -999.0 -999.0 -999.0 2001.1 1925.9 1884.7 1840.7 1814.2 1781.8 -999.0 -999.0 -999.0 -999.0 1936.4 1854.7 1722.3 1919.6 2010.1 1883.0 1862.0 1832.7 1773.2 1962.7 1223.8 1196.1 1550.0 1638.7 1638.1 1507.3 1473.3 1412.9 1681.6 1785.0 1815.8 1972.4 1686.6 1851.4 1769.0 1985.2 1965.0 1961.4 1981.8 1737.8 1872.2 1734.5 1739.9 1810.6 1812.5 1838.3 1862.2 1902.6 1925.4 1939.8 1935.4 1965.0 1915.8 2037.4 1974.3 1918.5 1927.6 1903.0 1894.8 1802.0 1811.6 1758.3 1747.3 1783.9 1890.5
-999.0 -999.0 -999.0 -999.0 -999.0 -999.0 2007.7 1884.3 1800.2 1942.5 1802.6 1921.8 -999.0 -999.0 -999.0 -999.0 -999.0 -999.0 -999.0 2033.9 2043.0 1978.2 2122.9 2039.9 1811.9 1484.6 1310.2 1172.8 1250.6 1408.2 1530.8 1527.7 1689.7 1558.9 1581.4 1866.0 1951.4 1696.5 1740.3 1759.7 2040.4 2045.7 1993.0 2003.4 1839.9 1752.7 1763.2 1760.3 1816.2 1845.2 1870.3 1888.5 1893.1 1897.1 1913.0 1857.3 1914.2 1950.5 1990.2 2019.2 1975.1 1947.6 1908.9 1794.1 1807.3 1892.7 1784.7 1777.5 1820.4 1864.3 1920.0
-999.0 -999.0 -999.0 -999.0 -999.0 -999.0 -999.0 -999.0 1974.0 -999.0 -999.0 -999.0 -999.0 -999.0 -999.0 -999.0 -999.0 1883.2 1895.7 1954.5 1899.8 1945.9 2095.5 2177.9 1981.2 1712.0 1411.8 1326.9 1396.7 1705.8 1700.9 1415.3 1607.5 1701.7 1883.3 1996.4 2075.9 1883.7 1940.9 1973.0 2072.6 2059.2 1975.2 1977.7 1700.2 1646.4 1743.9 1771.0 1849.5 1867.9 1880.1 1911.5 1864.6 1891.8 1863.4 1922.1 1940.9 1964.9 1977.7 1983.9 1921.6 1995.2 1818.7 1709.3 1823.7 1807.4 1948.5 1854.1 1882.2 1940.6 1924.5
-999.0 -999.0 -999.0 -999.0 -999.0 -999.0 -999.0 -999.0 -999.0 -999.0 -999.0 -999.0 -999.0 -999.0 -999.0 -999.0 -999.0 1906.6 1917.4 2110.1 2031.8 2051.6 -999.0 -999.0 2209.9 1715.5 1856.3 1687.4 1729.6 1718.2 1660.8 1588.1 1890.4 1948.5 1951.0 2039.7 2088.9 2099.2 2113.9 2112.4 2086.8 1958.2 1954.9 1888.3 1685.5 1752.4 1791.3 1842.0 1867.0 1834.7 1857.4 1892.0 1878.0 1904.0 1874.0 1839.6 1841.4 1881.3 1840.0 1931.7 1940.6 1865.1 1684.5 1832.9 1834.5 1902.7 2027.5 1915.5 1943.2 2001.9 2058.7
-999.0 -999.0 -999.0 -999.0 -999.0 -999.0 -999.0 -999.0 -999.0 -999.0 -999.0 -999.0 -999.0 -999.0 -999.0 -999.0 -999.0 -999.0 -999.0 -999.0 -999.0 -999.0 -999.0 -999.0 2198.0 2062.2 1813.0 1786.6 1909.3 1924.0 1914.9 1886.9 2002.8 2073.2 2060.1 2075.1 2124.8 2145.8 -999.0 2172.4 2110.9 2004.8 1987.2 1889.7 1724.2 1783.1 1794.9 1861.2 1937.1 1926.1 1846.7 1895.6 1872.0 1765.9 1713.4 1726.2 1689.3 1662.1 1757.1 1794.6 1835.4 1856.2 1792.8 1891.6 1891.4 1905.0 1972.2 1998.0 2027.2 2025.0 2064.7
-999.0 -999.0 -999.0 -999.0 -999.0 -999.0 -999.0 -999.0 -999.0 -999.0 -999.0 -999.0 -999.0 -999.0 -999.0 -999.0 -999.0 -999.0 -999.0 -999.0 -999.0 -999.0 -999.0 -999.0 -999.0 2101.0 1996.6 1919.3 1855.8 1840.9 1971.4 2027.0 2064.1 2156.3 -999.0 -999.0 -999.0 -999.0 2160.2 2179.1 2062.8 2031.5 2009.8 1911.5 1746.5 1805.9 1774.1 1829.4 1954.0 1854.7 1852.3 1735.3 1788.3 1631.8 1704.1 1685.7 1733.3 1715.1 1725.0 1798.1 1773.3 1968.5 1953.3 1920.1 2005.9 1980.0 2021.7 2042.7 2056.7 2127.7 2186.0
-999.0 -999.0 -999.0 -999.0 -999.0 -999.0 -999.0 -999.0 -999.0 -999.0 -999.0 -999.0 -999.0 -999.0 -999.0 -999.0 -999.0 -999.0 -999.0 -999.0 -999.0 -999.0 -999.0 -999.0 -999.0 -999.0 2084.3 1871.4 1884.9 1934.0 1893.2 1993.9 2099.6 -999.0 -999.0 -999.0 -999.0 2049.1 1964.5 1908.8 2086.7 2081.3 2062.4 1857.9 1769.8 1769.3 1759.3 1824.1 1852.4 1883.7 1740.9 1604.4 1659.7 1658.4 1731.2 1723.2 1747.8 1838.2 1807.3 1825.9 1892.7 1936.9 1968.2 2049.7 1982.1 1972.7 2013.0 1979.6 1967.7 2108.0 2169.9
-999.0 -999.0 -999.0 -999.0 -999.0 -999.0 -999.0 -999.0 -999.0 -999.0 -999.0 -999.0 -999.0 -999.0 -999.0 -999.0 -999.0 -999.0 -999.0 -999.0 -999.0 -999.0 -999.0 -999.0 -999.0 -999.0 -999.0 2077.5 2002.3 2047.2 1958.5 2069.8 2082.1 -999.0 -999.0 -999.0 2069.7 2058.3 2006.8 1885.4 1929.3 1976.8 2089.1 1961.7 2019.9 1827.7 1787.0 1868.0 1769.8 1706.1 1705.0 1710.7 1629.1 1700.2 1761.6 1795.2 1852.8 1867.5 1869.9 1863.2 1851.7 1915.3 1975.6 1955.1 1874.0 1885.6 1986.0 1967.3 1973.4 2036.2 2115.2
-999.0 -999.0 -999.0 -999.0 -999.0 -999.0 -999.0 -999.0 -999.0 -999.0 -999.0 -999.0 -999.0 -999.0 -999.0 -999.0 -999.0 -999.0 -999.0 -999.0 -999.0 -999.0 -999.0 -999.0 -999.0 -999.0 -999.0 -999.0 -999.0 -999.0 -999.0 -999.0 -999.0 -999.0 -999.0 2036.3 2034.8 2050.2 2031.3 1862.7 2009.2 1971.1 1924.4 1953.7 1971.3 1893.9 1962.7 1928.4 1882.0 1791.3 1802.2 1780.7 1752.7 1720.4 1744.5 1771.0 1671.0 1795.3 1773.7 1824.4 1815.4 1853.5 1926.5 1901.6 1857.3 1870.1 1870.0 1953.0 1983.9 2009.4 2044.1
-999.0 -999.0 -999.0 -999.0 -999.0 -999.0 -999.0 -999.0 -999.0 -999.0 -999.0 -999.0 -999.0 -999.0 -999.0 -999.0 -999.0 -999.0 -999.0 -999.0 -999.0 -999.0 -999.0 -999.0 -999.0 -999.0 -999.0 -999.0 -999.0 -999.0 -999.0 -999.0 -999.0 -999.0 -999.0 2146.2 1947.4 1974.8 1577.8 1697.7 1972.8 1940.9 1909.8 1903.0 1869.8 1951.1 1978.4 1945.4 1898.6 1792.0 1841.0 1901.4 1770.1 1724.2 1621.6 1729.7 1709.1 1611.4 1729.1 1779.3 1830.8 1898.3 1920.4 1926.0 1918.5 1925.9 1960.0 1912.5 1926.4 1995.2 2006.9
-999.0 -999.0 -999.0 -999.0 -999.0 -999.0 -999.0 -999.0 -999.0 -999.0 -999.0 -999.0 -999.0 -999.0 -999.0 -999.0 -999.0 -999.0 -999.0 -999.0 -999.0 -999.0 -999.0 -999.0 -999.0 -999.0 -999.0 -999.0 -999.0 -999.0 -999.0 -999.0 -999.0 -999.0 -999.0 2113.9 2075.6 2058.2 1875.3 1616.6 1721.2 1820.8 1910.2 1816.2 1919.6 1917.7 1957.6 1785.7 1721.3 1665.2 1747.7 1844.2 1817.8 1800.9 1773.8 1740.0 1727.8 1782.9 1779.6 1792.1 1822.3 1882.5 1934.3 1968.7 1960.8 1917.2 1945.5 1906.4 1908.1 1945.8 1906.0
-999.0 -999.0 -999.0 -999.0 -999.0 -999.0 -999.0 -999.0 -999.0 -999.0 -999.0 -999.0 -999.0 -999.0 -999.0 -999.0 -999.0 -999.0 2256.3 2139.5 2159.9 1460.3 1409.0 1426.0 1468.6 1382.1 2094.4 1680.1 2192.8 -999.0 -999.0 -999.0 -999.0 -999.0 -999.0 2101.6 2065.2 2022.8 2076.2 1949.9 1792.9 1728.1 1793.8 1857.6 1884.4 1875.8 1817.0 1707.1 1743.0 1796.8 1826.1 1865.1 1800.1 1818.5 1866.2 1894.3 1894.1 1840.7 1859.3 1797.0 1771.6 1726.7 1852.0 1913.7 1885.6 1863.4 1909.0 1841.2 1882.2 1931.0 1854.4
-999.0 -999.0 -999.0 -999.0 -999.0 -999.0 -999.0 -999.0 -999.0 -999.0 -999.0 -999.0 -999.0 -999.0 -999.0 -999.0 -999.0 -999.0 1849.2 1795.0 1593.2 1479.6 1238.9 1167.3 1249.5 1286.4 1369.5 1685.7 1921.7 2065.2 1996.4 1805.3 1984.3 2071.8 2127.4 2107.6 2086.8 2073.3 2070.5 2055.7 2001.7 1808.6 1798.3 1845.0 1901.7 1676.8 1792.8 1869.4 1823.5 1784.0 1870.4 1900.9 1900.9 1873.0 1878.3 1897.2 1876.5 1945.1 1898.3 1820.4 1801.0 1816.0 1778.6 1775.3 1880.0 1898.5 1937.8 1957.4 1873.6 1941.7 1637.3
-999.0 -999.0 -999.0 -999.0 -999.0 -999.0 -999.0 -999.0 -999.0 -999.0 -999.0 -999.0 -999.0 -999.0 -999.0 -999.0 -999.0 2165.7 2061.4 1892.7 1788.5 1624.0 1341.2 1207.5 1247.9 1346.7 1388.2 1452.8 1647.4 1781.4 1848.0 1805.1 1724.4 1986.3 2048.1 2098.3 2067.3 1957.8 2050.9 2026.6 1886.0 1852.2 1858.3 1841.3 1659.3 1808.1 1697.8 1743.5 1805.9 1892.8 1884.0 1942.4 1889.2 1790.5 1904.0 1859.6 1916.4 1890.4 1892.9 1847.5 1828.5 1737.1 1696.1 1860.6 1902.0 1896.5 1740.1 1876.1 1922.8 1903.9 1894.9
-999.0 -999.0 -999.0 -999.0 -999.0 -999.0 -999.0 -999.0 -999.0 -999.0 -999.0 -999.0 -999.0 -999.0 -999.0 -999.0 -999.0 -999.0 2122.8 2070.0 1995.3 1667.4 1584.1 1505.2 1300.3 1421.4 1502.8 1691.4 1597.4 1467.2 1641.0 1824.1 1851.2 1753.6 1948.7 2086.5 2074.2 2062.3 1972.9 1930.8 1972.6 1954.3 1903.5 1868.6 1761.4 1854.8 1725.0 1792.0 1795.2 1833.8 1848.2 1907.7 1828.6 1793.4 1833.7 1945.8 1947.5 1899.3 1982.1 1934.7 1918.2 1826.7 1747.9 1769.7 1885.3 1875.4 1819.8 1841.4 1893.7 1954.0 1961.9
