GDD/GrowingDegreeDays_2008_Actual.txt
ncols         180
nrows         290
xllcorner     -200000
yllcorner     -200000
cellsize      5000
NODATA_value    -999
[rows 160 to 191 of 290, columns 71 to 141 of 180]
-999.0 -999.0 -999.0 -999.0 -999.0 -999.0 -999.0 -999.0 -999.0 -999.0 -999.0 -999.0 -999.0 -999.0 -999.0 -999.0 -999.0 -999.0 -999.0 -999.0 -999.0 -999.0 -999.0 -999.0 -999.0 -999.0 -999.0 -999.0 -999.0 -999.0 -999.0 -999.0 -999.0 -999.0 -999.0 1829.8 1804.0 1783.0 1733.6 1445.5 1321.9 1074.5 1382.1 1250.1 1683.5 1550.1 1550.5 1410.3 1343.0 1427.8 1349.0 1719.6 1714.5 1713.2 1732.9 1781.5 1694.6 1787.2 1817.2 1800.7 1837.4 1886.3 1854.1 1809.7 1780.0 1758.6 1615.6 1679.9 1761.7 1803.6 1817.6
-999.0 -999.0 -999.0 -999.0 -999.0 -999.0 -999.0 -999.0 -999.0 -999.0 -999.0 -999.0 -999.0 -999.0 -999.0 -999.0 -999.0 -999.0 -999.0 -999.0 -999.0 -999.0 -999.0 -999.0 -999.0 -999.0 -999.0 -999.0 -999.0 -999.0 -999.0 -999.0 -999.0 -999.0 -999.0 1829.8 1799.0 1812.3 1834.8 1753.5 1440.8 1666.6 1643.3 1752.5 1599.8 1304.7 1458.2 1303.0 1368.9 1303.8 1719.9 1434.5 1671.4 1565.0 1626.9 1631.3 1742.3 1772.3 1812.2 1830.0 1850.0 1857.9 1813.8 1773.9 1779.4 1786.9 1759.8 1665.5 1738.3 1803.3 1821.4
-999.0 -999.0 -999.0 -999.0 -999.0 -999.0 -999.0 -999.0 -999.0 -999.0 -999.0 -999.0 -999.0 -999.0 -999.0 -999.0 -999.0 -999.0 -999.0 -999.0 -999.0 -999.0 -999.0 -999.0 -999.0 -999.0 -999.0 -999.0 -999.0 -999.0 -999.0 -999.0 -999.0 -999.0 -999.0 1830.8 1822.1 1776.5 1870.5 1815.0 1712.0 1677.8 1737.7 1797.2 1624.3 1492.0 1491.3 1321.0 1181.7 1470.9 1594.1 1813.0 1689.0 1880.9 1801.1 1735.5 1702.6 1770.0 1783.8 1814.0 1846.8 1835.3 1805.3 1775.3 1779.0 1790.4 1784.7 1705.1 1668.8 1797.8 1886.6
-999.0 -999.0 -999.0 -999.0 -999.0 -999.0 -999.0 -999.0 -999.0 -999.0 -999.0 -999.0 -999.0 -999.0 -999.0 -999.0 -999.0 -999.0 -999.0 -999.0 -999.0 -999.0 -999.0 -999.0 -999.0 -999.0 -999.0 -999.0 -999.0 -999.0 -999.0 -999.0 -999.0 -999.0 -999.0 1842.3 1809.2 1785.9 1831.9 1838.1 1802.3 1806.8 1706.4 1565.4 1730.9 1631.0 1508.7 1117.3 1131.6 1156.0 1383.8 1637.2 1744.0 1723.9 1854.5 1910.7 1796.8 1739.7 1819.9 1844.2 1842.8 1853.8 1831.1 1811.0 1815.2 1831.4 1842.0 1734.3 1691.3 1869.3 1954.7
-999.0 -999.0 -999.0 -999.0 -999.0 -999.0 -999.0 -999.0 -999.0 -999.0 -999.0 -999.0 -999.0 -999.0 -999.0 -999.0 -999.0 -999.0 -999.0 -999.0 -999.0 -999.0 -999.0 -999.0 -999.0 -999.0 -999.0 -999.0 -999.0 -999.0 -999.0 -999.0 -999.0 -999.0 -999.0 1861.5 1843.9 1847.3 1894.9 1885.2 1874.7 1755.7 1716.9 1583.3 1514.5 1318.0 1200.6 1119.3 1341.4 1265.7 1494.9 1593.2 1762.7 1610.7 1732.9 1874.4 1933.2 1923.9 1894.3 1890.6 1867.1 1858.9 1864.4 1852.6 1851.5 1874.1 1870.3 1878.5 1828.9 1912.1 1979.2
-999.0 -999.0 -999.0 -999.0 -999.0 -999.0 -999.0 -999.0 -999.0 -999.0 -999.0 -999.0 -999.0 -999.0 -999.0 -999.0 -999.0 -999.0 -999.0 -999.0 -999.0 -999.0 -999.0 -999.0 -999.0 -999.0 -999.0 -999.0 -999.0 -999.0 -999.0 -999.0 -999.0 -999.0 -999.0 -999.0 1824.5 1846.0 1885.2 1891.8 1775.4 1554.4 1505.5 1442.2 1514.6 1522.5 1318.3 1343.8 1244.3 1385.8 1668.7 1912.3 1851.8 1777.2 1737.3 1910.8 1919.5 1852.4 1881.8 1923.9 1872.0 1885.6 1891.7 1889.7 1883.1 1892.4 1892.2 1878.1 1907.4 1917.6 1953.3
-999.0 -999.0 -999.0 -999.0 -999.0 -999.0 -999.0 -999.0 -999.0 -999.0 -999.0 -999.0 -999.0 -999.0 -999.0 -999.0 -999.0 -999.0 -999.0 -999.0 -999.0 -999.0 -999.0 -999.0 -999.0 -999.0 -999.0 -999.0 -999.0 -999.0 -999.0 -999.0 -999.0 -999.0 -999.0 1911.4 1838.2 1865.3 1900.0 1875.6 1783.9 1406.3 1354.8 1497.0 1273.9 1307.6 1387.7 1406.2 1131.2 1356.3 1388.2 1665.4 1972.2 1721.2 1873.7 1973.7 1870.2 1862.0 1929.1 1890.3 1909.4 1913.5 1904.4 1900.7 1897.3 1899.6 1785.3 1862.0 1887.4 1769.0 1819.9
-999.0 -999.0 -999.0 -999.0 -999.0 -999.0 -999.0 -999.0 -999.0 -999.0 -999.0 -999.0 -999.0 -999.0 -999.0 -999.0 -999.0 -999.0 -999.0 -999.0 -999.0 -999.0 -999.0 -999.0 -999.0 -999.0 -999.0 -999.0 -999.0 -999.0 -999.0 -999.0 -999.0 -999.0 -999.0 1932.0 1910.2 1897.0 1908.5 1720.4 1779.6 1678.7 1380.7 1631.5 1604.8 1557.4 1645.4 1602.9 1314.0 1401.2 1435.2 1788.5 1667.2 1560.9 1816.0 1740.8 1819.8 1778.6 1836.5 1876.6 1935.4 1942.0 1925.4 1916.5 1895.8 1914.2 1893.8 1815.6 1880.9 1826.8 1761.5
-999.0 -999.0 -999.0 -999.0 -999.0 -999.0 -999.0 -999.0 -999.0 -999.0 -999.0 -999.0 -999.0 -999.0 -999.0 -999.0 -999.0 -999.0 -999.0 -999.0 -999.0 -999.0 -999.0 -999.0 -999.0 -999.0 -999.0 -999.0 -999.0 -999.0 -999.0 -999.0 -999.0 -999.0 1944.0 1962.0 1941.7 1818.1 1830.2 1805.1 1838.7 1739.0 1700.6 1742.9 1785.3 1796.2 1746.9 1625.7 1348.7 1160.0 1123.7 1496.8 1382.0 1472.6 1753.7 1757.8 1870.8 1843.2 1840.4 1908.6 1946.4 1951.9 1950.3 1933.4 1903.9 1926.8 1900.6 1871.0 1859.4 1840.6 1705.3
-999.0 -999.0 -999.0 -999.0 -999.0 -999.0 -999.0 -999.0 -999.0 -999.0 -999.0 -999.0 -999.0 -999.0 -999.0 -999.0 -999.0 -999.0 -999.0 -999.0 -999.0 -999.0 -999.0 -999.0 -999.0 -999.0 -999.0 -999.0 -999.0 -999.0 -999.0 -999.0 -999.0 -999.0 -999.0 1949.9 1983.9 1921.7 1882.4 1696.9 1885.6 1885.3 1888.7 1870.6 1854.1 1889.9 1852.0 1738.3 1633.2 1255.6 1101.1 1046.2 1340.8 1375.4 1557.1 1723.9 1727.0 1934.5 1934.6 1853.8 1944.5 1967.5 1974.8 1949.1 1920.4 1928.4 1910.2 1869.2 1868.3 1863.7 1832.5
-999.0 -999.0 -999.0 -999.0 -999.0 -999.0 -999.0 -999.0 -999.0 -999.0 -999.0 -999.0 -999.0 -999.0 -999.0 -999.0 -999.0 -999.0 -999.0 -999.0 -999.0 -999.0 -999.0 -999.0 -999.0 -999.0 -999.0 -999.0 -999.0 -999.0 -999.0 -999.0 -999.0 -999.0 -999.0 2001.2 1982.6 1991.7 1965.8 1919.3 1907.6 1906.8 1957.5 1957.7 2009.2 2016.7 1965.3 1850.9 1638.4 1566.1 1133.5 977.3 1021.4 1261.2 1482.5 1658.8 1812.3 1753.8 1860.9 1803.5 1933.4 1951.5 1978.5 1955.7 1938.5 1924.5 1880.0 1855.3 1862.1 1866.8 1808.6
-999.0 -999.0 -999.0 -999.0 -999.0 -999.0 -999.0 -999.0 -999.0 -999.0 -999.0 -999.0 -999.0 -999.0 -999.0 1939.3 1918.3 1897.0 1883.7 -999.0 -999.0 -999.0 -999.0 -999.0 -999.0 -999.0 -999.0 -999.0 -999.0 -999.0 -999.0 -999.0 -999.0 -999.0 2033.9 2071.5 1994.4 2008.6 1919.8 1919.8 1950.9 1950.4 1957.2 1989.3 1995.1 2014.2 1950.2 1850.3 1713.9 1388.0 1168.5 1155.3 1385.1 1218.5 1419.3 1822.2 1790.8 1890.0 1663.9 1722.4 1890.7 1900.4 1926.7 1943.1 1932.9 1915.5 1887.5 1840.7 1844.8 1883.5 1863.7
-999.0 -999.0 -999.0 -999.0 -999.0 -999.0 -999.0 -999.0 -999.0 -999.0 -999.0 -999.0 -999.0 -999.0 -999.0 1843.1 1767.8 1819.9 1950.2 -999.0 -999.0 -999.0 -999.0 -999.0 -999.0 -999.0 -999.0 -999.0 -999.0 -999.0 -999.0 -999.0 -999.0 2078.6 1947.3 2014.8 2018.5 1929.4 2003.3 1930.8 1965.9 1954.0 1954.9 1971.6 1940.3 1889.8 1870.2 1810.7 1737.7 1612.4 1167.1 1108.6 1403.5 1370.9 1549.5 1683.0 1973.3 1935.3 1770.0 1738.0 1845.0 1937.0 1965.7 1946.5 1906.4 1906.7 1887.1 1857.9 1810.7 1866.0 1851.7
-999.0 -999.0 -999.0 -999.0 -999.0 -999.0 -999.0 -999.0 -999.0 -999.0 -999.0 -999.0 -999.0 1872.5 1987.0 1919.3 1754.4 1800.3 1855.6 2050.4 2136.9 2173.8 -999.0 -999.0 2014.3 2111.7 -999.0 -999.0 -999.0 2062.4 1938.1 1926.0 -999.0 2068.8 1870.5 1972.8 2050.4 2012.2 2008.1 1887.5 1889.8 1872.2 1914.8 1860.5 1913.5 1800.7 1760.3 1736.1 1414.2 1719.7 1583.6 1303.0 1660.4 1577.6 1291.2 1836.4 1718.3 1881.1 1787.3 1772.1 1843.4 1906.0 1965.0 1908.4 1909.4 1931.9 1884.3 1876.0 1801.0 1867.6 1870.7
-999.0 -999.0 -999.0 -999.0 -999.0 -999.0 -999.0 -999.0 -999.0 -999.0 -999.0 -999.0 -999.0 -999.0 1988.2 1930.4 1861.4 1872.2 1929.9 1968.7 1909.7 2177.6 -999.0 2150.5 1989.2 1787.1 1921.8 1798.8 2002.1 1999.6 1600.2 1633.6 1755.4 -999.0 1971.2 1906.5 1945.0 1997.1 1987.5 1845.8 1950.9 2043.8 2022.1 1906.3 1846.9 1805.2 1684.3 1690.8 1413.2 1375.9 1424.8 1387.9 1430.2 1305.9 1378.8 1623.1 1832.5 1883.7 1696.8 1699.2 1829.9 1818.7 1924.8 1888.3 1890.5 1923.8 1880.8 1884.5 1810.0 1867.8 1884.4
-999.0 -999.0 -999.0 -999.0 -999.0 -999.0 -999.0 -999.0 -999.0 -999.0 -999.0 -999.0 -999.0 -999.0 -999.0 1994.7 1916.9 1879.8 2004.8 2063.6 2112.5 2163.0 1656.4 1052.4 1876.4 1501.5 1495.2 1571.3 1710.7 1897.3 1891.8 1708.2 1541.4 1759.2 1969.9 1986.9 1929.6 1953.1 1889.5 1691.8 1817.9 2028.0 2057.4 1943.9 1862.3 1826.7 1731.8 1677.0 1286.0 1212.0 1390.2 1392.9 1524.5 1563.4 1509.5 1589.1 1786.7 1824.3 1720.5 1760.0 1788.8 1754.0 1869.5 1821.3 1902.7 1908.4 1900.3 1851.9 1720.1 1893.8 1908.6
-999.0 -999.0 -999.0 -999.0 -999.0 -999.0 -999.0 -999.0 -999.0 -999.0 -999.0 -999.0 -999.0 -999.0 -999.0 -999.0 1938.8 2043.7 2081.4 2124.1 2012.6 1753.1 783.4 1278.7 2006.2 1398.4 1700.4 1394.5 1458.0 1756.4 1926.7 1415.6 1654.8 1633.6 1791.7 1952.9 1918.8 1893.2 1907.0 1774.9 1779.5 1898.7 1942.7 1937.8 1860.2 1823.5 1776.3 1563.5 1455.3 1147.5 1338.4 1314.8 1350.2 1669.9 1540.6 1464.5 1633.7 1708.7 1716.1 1788.8 1741.6 1747.9 1839.7 1806.2 1900.7 1921.3 1894.1 1898.1 1886.4 1899.8 1924.0
-999.0 -999.0 -999.0 -999.0 -999.0 -999.0 -999.0 -999.0 -999.0 -999.0 -999.0 -999.0 -999.0 -999.0 -999.0 -999.0 -999.0 2109.7 2100.0 1898.7 1653.7 880.4 779.7 1261.6 1544.6 1541.9 1421.7 1282.5 1293.1 1328.6 1679.6 1851.9 1389.3 1639.0 1756.8 1788.4 1901.7 1922.8 1892.6 1850.7 1819.9 1866.0 1906.8 1880.7 1832.0 1799.0 1733.9 1575.2 1394.4 1291.8 1437.3 1443.7 1329.8 1492.4 1767.8 1502.3 1718.8 1685.2 1681.6 1794.6 1810.1 1804.3 1803.8 1806.7 1901.1 1933.1 1917.8 1949.0 1852.5 1903.4 1929.5
-999.0 -999.0 -999.0 -999.0 -999.0 -999.0 -999.0 -999.0 -999.0 -999.0 -999.0 -999.0 -999.0 -999.0 -999.0 -999.0 -999.0 2126.4 1984.4 1549.0 1382.8 1236.5 1002.3 1579.9 1760.7 1515.0 1243.5 1160.8 1115.7 1332.0 1635.2 1895.2 1335.5 1429.2 1702.6 1788.7 1950.3 1950.7 1889.2 1784.7 1795.4 1808.3 1822.2 1850.7 1835.6 1775.6 1583.0 1502.8 1633.2 1268.2 1425.6 1381.9 1291.2 1344.3 1555.4 1681.3 1728.4 1796.7 1681.6 1668.3 1785.3 1802.2 1863.7 1869.6 1932.6 1927.0 1936.9 1944.9 1912.4 1880.3 1922.1
-999.0 -999.0 -999.0 -999.0 -999.0 -999.0 -999.0 -999.0 -999.0 -999.0 -999.0 -999.0 -999.0 -999.0 -999.0 -999.0 -999.0 2110.6 1890.2 1613.6 1645.4 1206.1 1375.4 1685.0 1514.3 1637.9 1430.6 1126.0 1253.0 1128.4 1368.6 1704.6 1361.6 1356.8 1493.0 1848.5 1921.1 1968.0 1858.8 1739.1 1743.9 1785.1 1803.2 1832.8 1811.0 1659.5 1584.6 1618.9 1602.4 1397.2 1433.7 1449.1 1464.0 1558.9 1578.8 1529.1 1798.6 1702.9 1695.0 1760.2 1758.8 1831.1 1794.2 1927.2 1942.3 1931.8 1950.8 1953.0 1826.5 1929.2 1944.9
-999.0 -999.0 -999.0 -999.0 -999.0 -999.0 -999.0 -999.0 -999.0 -999.0 -999.0 -999.0 -999.0 -999.0 -999.0 -999.0 2066.6 1173.9 1713.9 1546.3 1363.9 1748.7 903.8 1109.2 1190.8 1321.6 1095.9 1297.6 1237.8 1363.5 1507.6 1399.1 1170.8 1385.3 1516.5 1859.3 1959.6 1993.4 1814.4 1784.8 1813.3 1804.9 1838.5 1818.2 1705.1 1713.2 1695.9 1526.9 1433.1 1675.5 1323.8 1391.8 1636.1 1593.3 1666.6 1730.7 1737.6 1776.5 1766.7 1840.4 1775.9 1866.4 1937.0 1837.2 1951.8 1941.7 1931.1 1933.9 1836.8 1934.1 1955.4
-999.0 -999.0 -999.0 -999.0 -999.0 -999.0 -999.0 -999.0 -999.0 -999.0 -999.0 -999.0 -999.0 -999.0 2021.6 1968.7 1576.0 1663.7 1834.8 1806.1 1591.9 1843.3 1591.3 1425.7 1134.5 1148.5 1022.8 1142.2 1096.5 1517.0 1353.9 1433.6 1730.4 1724.6 1830.8 1820.5 1913.1 1941.3 1814.8 1786.0 1781.9 1819.4 1788.5 1654.7 1733.8 1684.3 1738.1 1567.3 1503.5 1555.3 1643.8 1725.4 1592.7 1653.6 1709.8 1725.1 1752.7 1764.7 1840.2 1858.7 1916.8 1984.9 1975.1 1942.1 1936.9 1907.9 1934.7 1922.3 1832.9 1913.1 1956.8
-999.0 -999.0 -999.0 -999.0 -999.0 -999.0 -999.0 -999.0 -999.0 -999.0 -999.0 -999.0 -999.0 1925.1 1868.3 1877.8 1890.8 1965.1 2031.1 1983.3 1995.5 1962.1 1648.8 1463.6 1300.3 777.4 1268.4 1376.0 1347.0 1605.3 1168.8 1163.3 1301.3 1642.9 1823.2 1816.1 1836.2 1853.2 1801.5 1737.8 1776.0 1774.8 1749.1 1672.1 1627.9 1735.1 1717.6 1571.7 1591.7 1638.7 1673.1 1678.8 1668.8 1782.5 1756.7 1803.8 1927.7 1836.3 1883.0 1966.8 2048.2 2023.6 1934.6 1944.7 1925.9 1902.4 1888.9 1887.1 1769.4 1844.4 1921.0
-999.0 -999.0 -999.0 -999.0 -999.0 -999.0 -999.0 -999.0 -999.0 -999.0 -999.0 -999.0 1901.4 1694.1 1751.2 1830.8 -999.0 -999.0 -999.0 -999.0 2021.9 1364.2 1351.0 1344.1 1189.6 1303.8 1374.3 1070.3 1144.4 1346.8 757.9 992.9 1282.9 1369.7 1705.1 1913.7 1847.4 1805.0 1813.5 1781.2 1786.8 1794.2 1732.0 1769.1 1623.5 1694.3 1690.0 1667.9 1656.8 1665.5 1700.5 1795.0 1797.8 1819.9 1850.1 1887.6 1953.5 1973.7 1965.3 1985.8 1993.1 1970.2 1948.7 1930.0 1863.7 1823.6 1817.4 1832.9 1780.3 1820.9 1850.2
-999.0 -999.0 -999.0 -999.0 -999.0 -999.0 -999.0 -999.0 -999.0 -999.0 -999.0 -999.0 1823.2 1530.8 1892.2 2000.2 -999.0 -999.0 -999.0 -999.0 2088.3 1559.5 1217.1 1583.2 1163.0 1185.7 1212.3 991.1 938.8 1226.9 956.1 1523.8 1511.5 1648.4 1806.4 1928.6 1890.9 1814.9 1790.2 1737.3 1691.3 1796.8 1741.7 1762.9 1733.8 1653.0 1733.8 1710.8 1785.4 1724.9 1669.9 1664.1 1684.1 1822.2 1876.4 1907.8 1930.5 1883.1 1920.7 1913.1 1900.1 1894.0 1799.8 1844.3 1690.9 1707.3 1711.8 1807.5 1784.6 1819.8 1845.8
-999.0 -999.0 -999.0 -999.0 -999.0 -999.0 -999.0 -999.0 -999.0 -999.0 -999.0 -999.0 -999.0 -999.0 -999.0 -999.0 -999.0 -999.0 -999.0 -999.0 2079.6 1444.8 1398.1 1574.9 1334.5 1494.9 978.1 1047.6 1455.4 1227.9 1291.1 1468.3 1489.2 1755.9 1875.9 1949.1 1810.5 1803.0 1769.2 1752.8 1781.8 1813.9 1837.4 1837.3 1788.8 1722.9 1767.5 1785.7 1780.4 1752.2 1791.7 1746.6 1726.7 1881.3 1756.4 1691.2 1806.9 1811.8 1835.8 1904.5 1846.6 1755.2 1635.6 1669.3 1746.4 1745.4 1719.5 1791.1 1774.1 1817.9 1826.4
-999.0 -999.0 -999.0 -999.0 -999.0 -999.0 -999.0 -999.0 -999.0 -999.0 -999.0 -999.0 -999.0 -999.0 -999.0 -999.0 -999.0 -999.0 -999.0 -999.0 -999.0 1418.0 1982.4 1837.4 1469.5 1083.0 1178.0 1073.4 1139.3 1521.4 1470.2 1424.0 1775.6 1837.0 1927.8 1916.5 1868.0 1813.4 1827.6 1831.0 1829.8 1855.7 1876.7 1849.7 1832.7 1750.3 1747.2 1791.0 1633.6 1719.6 1840.8 1857.8 1847.8 1833.8 1836.3 1721.9 1709.6 1777.9 1694.6 1847.5 1863.9 1744.2 1755.0 1724.0 1751.1 1820.8 1765.3 1802.9 1825.1 1863.6 1829.0
-999.0 -999.0 -999.0 -999.0 -999.0 -999.0 -999.0 -999.0 -999.0 -999.0 -999.0 -999.0 -999.0 -999.0 -999.0 -999.0 -999.0 -999.0 -999.0 -999.0 -999.0 1758.5 1232.3 1159.8 1323.7 1366.6 1454.4 1283.0 1492.9 1490.4 1694.6 1861.3 1666.5 1870.0 1907.5 1718.5 1749.4 1784.0 1847.0 1917.6 1903.1 1806.3 1826.4 1733.4 1742.5 1737.9 1740.3 1780.9 1636.1 1615.1 1762.9 1842.4 1878.0 1856.7 1836.1 1800.8 1758.4 1714.1 1565.4 1725.1 1882.5 1827.0 1747.8 1659.5 1624.8 1697.8 1820.8 1812.3 1850.7 1871.4 1903.4
-999.0 -999.0 -999.0 -999.0 -999.0 -999.0 -999.0 -999.0 -999.0 -999.0 -999.0 -999.0 -999.0 -999.0 -999.0 -999.0 -999.0 -999.0 -999.0 -999.0 1877.0 1652.5 1753.6 1053.1 1471.8 1553.6 1334.3 1390.7 1543.3 1320.6 1724.7 1882.8 1626.0 1932.8 1353.8 1606.2 1758.6 1777.3 1704.9 1845.7 1849.2 1569.5 1598.1 1685.2 1807.3 1753.3 1759.9 1795.3 1763.5 1753.9 1803.4 1849.8 1855.2 1859.4 1846.9 1789.9 1814.0 1719.8 1753.8 1837.9 1854.7 1786.7 1709.4 1625.5 1594.7 1663.6 1817.5 1834.6 1864.2 1890.3 1928.7
-999.0 -999.0 -999.0 -999.0 -999.0 -999.0 -999.0 -999.0 -999.0 -999.0 -999.0 -999.0 -999.0 -999.0 -999.0 -999.0 -999.0 -999.0 -999.0 -999.0 2112.6 1808.5 1148.9 1613.0 1957.5 1663.2 1590.4 1415.7 1261.3 1330.6 1683.7 1818.9 1770.9 1861.1 1735.1 1672.9 1590.7 1578.9 1775.2 1755.9 1751.3 1711.3 1660.3 1781.0 1807.5 1753.2 1778.5 1761.7 1776.4 1848.4 1841.4 1846.6 1849.7 1843.1 1857.7 1846.6 1861.0 1791.8 1764.3 1818.0 1810.4 1721.2 1619.5 1546.3 1649.6 1652.5 1704.4 1790.9 1886.8 1825.2 1932.9
-999.0 -999.0 -999.0 -999.0 -999.0 -999.0 -999.0 -999.0 -999.0 -999.0 -999.0 -999.0 -999.0 -999.0 -999.0 -999.0 -999.0 -999.0 -999.0 -999.0 2182.8 1660.9 2003.1 1700.3 1713.1 1542.7 1519.1 1119.3 1314.7 1230.2 1528.5 1681.3 1841.5 1849.1 1739.4 1483.3 1365.4 1254.3 1669.9 1529.5 1651.9 1648.7 1684.8 1840.4 1804.9 1786.4 1803.8 1789.7 1861.2 1883.8 1777.4 1799.4 1854.8 1834.9 1739.1 1874.8 1858.3 1823.2 1824.6 1854.9 1815.4 1715.6 1669.7 1662.5 1694.7 1710.3 1805.1 1841.3 1824.6 1842.6 1938.9
-999.0 -999.0 -999.0 -999.0 -999.0 -999.0 -999.0 -999.0 -999.0 -999.0 -999.0 -999.0 -999.0 -999.0 -999.0 -999.0 -999.0 -999.0 -999.0 -999.0 -999.0 1945.2 1593.0 1342.5 1118.3 1008.6 1239.1 1259.2 1456.2 1725.3 1745.7 1802.3 1735.0 1721.1 1777.9 1626.9 1614.3 1328.2 1522.7 1626.2 1664.2 1567.6 1619.3 1821.8 1729.1 1829.9 1869.2 1706.3 1892.9 1915.7 1913.2 1847.9 1867.8 1850.2 1715.2 1783.7 1857.0 1808.9 1828.6 1840.1 1787.7 1701.7 1733.0 1761.0 1819.9 1769.7 1849.5 1772.6 1802.9 1909.0 1947.4
