GDD/GrowingDegreeDays_1965_Actual.txt
ncols         180
nrows         290
xllcorner     -200000
yllcorner     -200000
cellsize      5000
NODATA_value    -999
[rows 128 to 159 of 290, columns 72 to 143 of 180]
1089.2 1373.8 1407.3 -999.0 -999.0 -999.0 -999.0 -999.0 -999.0 -999.0 -999.0 -999.0 1221.0 1120.6 1277.3 1102.2 955.2 1033.4 834.2 687.3 770.7 674.5 800.1 938.8 1034.1 1007.5 817.9 861.8 906.1 1091.9 894.2 634.4 828.2 704.6 884.7 906.4 1077.3 1067.0 975.0 1033.1 1006.3 906.2 793.9 711.3 762.7 887.1 979.4 1010.2 1103.9 1001.0 990.3 1093.0 1173.9 -999.0 -999.0 -999.0 -999.0 -999.0 -999.0 -999.0 -999.0 -999.0 -999.0 -999.0 -999.0 -999.0 -999.0 -999.0 -999.0 -999.0 -999.0 -999.0
-999.0 -999.0 -999.0 -999.0 -999.0 -999.0 -999.0 -999.0 -999.0 -999.0 -999.0 -999.0 1270.5 1325.2 1023.2 1091.7 929.8 1025.2 793.6 779.2 622.1 678.9 711.5 825.2 883.4 1052.9 591.1 651.6 915.1 1116.0 876.9 714.8 896.9 858.3 755.3 966.4 841.1 792.8 918.2 801.0 794.5 637.4 909.4 909.4 859.4 863.8 878.1 1051.8 1197.6 1136.8 1159.0 1192.1 1249.6 1293.7 -999.0 -999.0 -999.0 -999.0 -999.0 -999.0 -999.0 -999.0 -999.0 -999.0 -999.0 -999.0 -999.0 -999.0 -999.0 -999.0 -999.0 -999.0
-999.0 -999.0 -999.0 -999.0 -999.0 -999.0 -999.0 -999.0 -999.0 -999.0 -999.0 1471.2 1122.7 988.7 995.7 920.4 911.4 974.2 1012.7 738.1 748.6 679.8 741.0 777.6 980.6 1180.2 949.9 869.8 890.1 1075.4 1078.4 930.4 911.2 908.4 871.8 692.8 942.7 977.0 943.2 954.7 637.9 792.8 704.0 787.4 971.2 951.4 921.3 915.0 907.2 1161.0 1231.2 1243.8 1262.0 1323.5 -999.0 -999.0 -999.0 -999.0 -999.0 -999.0 -999.0 -999.0 -999.0 -999.0 -999.0 -999.0 -999.0 -999.0 -999.0 -999.0 -999.0 -999.0
-999.0 -999.0 -999.0 -999.0 -999.0 -999.0 -999.0 -999.0 -999.0 -999.0 -999.0 1209.1 1103.7 1061.4 764.4 810.0 942.3 965.5 735.2 977.8 895.4 774.6 888.6 889.3 1109.4 1230.5 1077.0 1010.0 852.4 1137.6 1106.1 1081.9 1006.4 1083.2 798.5 1073.6 818.4 918.3 1054.8 649.9 973.1 871.9 832.5 921.4 889.2 1048.3 1038.2 895.5 947.2 1100.9 1113.7 1174.5 1251.2 1301.9 -999.0 -999.0 -999.0 -999.0 -999.0 -999.0 -999.0 -999.0 -999.0 -999.0 -999.0 -999.0 -999.0 -999.0 -999.0 -999.0 -999.0 -999.0
-999.0 -999.0 -999.0 -999.0 -999.0 -999.0 -999.0 -999.0 -999.0 -999.0 1187.6 1198.1 1153.2 915.3 971.9 940.0 550.8 808.1 812.4 984.5 903.3 901.6 1001.5 902.5 952.0 1102.3 1010.0 1056.1 1194.5 1238.0 1161.4 1014.3 1008.2 836.6 979.8 1101.0 819.0 1021.6 978.6 682.1 928.3 1007.1 1077.2 980.7 902.1 957.5 939.1 937.4 1054.2 1100.6 1162.6 1241.3 1252.1 1297.2 -999.0 -999.0 -999.0 -999.0 -999.0 -999.0 -999.0 -999.0 -999.0 -999.0 -999.0 -999.0 -999.0 -999.0 -999.0 -999.0 -999.0 -999.0
-999.0 -999.0 -999.0 -999.0 -999.0 -999.0 -999.0 -999.0 -999.0 1348.4 1159.0 1021.5 1171.2 1087.5 1001.8 1038.0 864.0 955.4 613.7 1070.3 1112.6 1026.6 987.0 973.3 960.5 1100.0 1212.8 1280.3 1094.4 1245.9 1249.9 1090.4 1052.4 1056.7 1060.2 1152.4 988.5 1138.3 1009.4 747.6 821.1 817.5 904.2 964.8 1043.8 1081.3 950.7 1016.1 1069.6 1096.0 1150.9 1191.4 1275.0 1308.7 1344.6 -999.0 -999.0 -999.0 -999.0 -999.0 -999.0 -999.0 -999.0 -999.0 -999.0 -999.0 -999.0 -999.0 -999.0 -999.0 -999.0 -999.0
-999.0 -999.0 -999.0 -999.0 -999.0 -999.0 -999.0 -999.0 -999.0 1096.0 805.0 979.8 1051.1 1114.9 1126.5 1190.0 636.6 829.2 963.6 997.9 1158.3 1133.7 1051.4 1083.9 836.1 1169.8 1272.2 1265.3 1278.9 1082.9 1253.5 1081.0 1128.6 1096.6 1144.7 1141.5 1141.3 1002.5 1101.0 932.3 872.3 917.7 874.7 1006.5 1106.7 1147.4 1058.1 1106.6 1035.3 1101.5 1196.8 1285.5 1250.5 1275.2 1324.3 -999.0 -999.0 -999.0 -999.0 -999.0 -999.0 -999.0 -999.0 -999.0 -999.0 -999.0 -999.0 -999.0 -999.0 -999.0 -999.0 -999.0
-999.0 -999.0 -999.0 -999.0 -999.0 -999.0 -999.0 1317.1 1238.1 998.9 993.9 1009.6 989.0 1125.6 1120.7 1239.0 904.3 956.5 935.3 1031.6 1058.0 1210.4 1066.7 1034.6 1102.1 1137.2 1168.7 1318.1 1303.0 1204.1 1230.4 1233.4 1209.5 1188.5 1240.9 1249.8 1145.6 1156.1 1155.5 902.2 941.4 957.7 975.7 933.1 1072.2 1128.8 1254.1 1180.4 1142.9 1172.2 1218.6 1295.7 1288.8 1283.5 1303.7 -999.0 -999.0 -999.0 -999.0 -999.0 -999.0 -999.0 -999.0 -999.0 -999.0 -999.0 -999.0 -999.0 -999.0 -999.0 -999.0 -999.0
-999.0 -999.0 -999.0 -999.0 -999.0 -999.0 -999.0 1232.4 1185.0 1235.7 1027.7 1056.6 996.9 1152.4 1243.7 1307.2 1255.3 1109.5 821.5 1008.8 1072.4 1221.1 1241.5 1173.1 1179.1 1205.6 1174.9 1285.0 1216.4 1316.8 1306.1 1306.8 1289.2 1304.0 1319.1 1344.3 1305.8 1196.6 1182.3 1188.8 1080.1 1038.9 1057.2 1097.6 1156.5 1354.3 1241.4 1068.3 1131.5 1234.8 1246.5 1291.9 1292.9 1345.5 1334.2 1374.8 -999.0 -999.0 -999.0 -999.0 -999.0 -999.0 -999.0 -999.0 -999.0 -999.0 -999.0 -999.0 -999.0 -999.0 -999.0 -999.0
-999.0 -999.0 -999.0 -999.0 -999.0 -999.0 -999.0 1215.6 1170.2 1297.9 1095.8 1198.3 1128.3 1203.7 1275.2 1284.8 1329.4 1042.3 1034.1 1078.1 974.9 1190.3 1247.0 1142.5 1207.8 1129.1 918.2 1212.1 -999.0 -999.0 -999.0 1338.6 1307.6 -999.0 1368.5 1380.8 1347.9 1318.2 1279.8 1149.9 1015.8 1099.4 1118.0 1089.5 1192.7 1125.8 1115.3 1242.3 1318.0 1345.9 1343.8 1292.4 1455.9 1448.0 1400.6 1370.0 -999.0 -999.0 -999.0 -999.0 -999.0 -999.0 -999.0 -999.0 -999.0 -999.0 -999.0 -999.0 -999.0 -999.0 -999.0 -999.0
-999.0 -999.0 -999.0 -999.0 -999.0 -999.0 -999.0 1342.9 1088.1 1257.1 1286.2 1242.5 1193.7 1199.1 1229.7 1312.4 1331.0 1289.6 948.7 1088.7 1015.0 1186.9 1218.2 1068.3 1256.9 1222.7 1231.9 1280.4 -999.0 -999.0 -999.0 1343.9 1323.3 1307.7 1343.2 1393.0 1376.7 1359.6 1181.8 970.4 889.4 1028.3 856.6 1074.1 1128.4 977.2 1150.6 1109.6 1122.1 1183.5 1363.8 1282.7 1192.5 1334.5 1341.5 1389.2 -999.0 -999.0 -999.0 -999.0 -999.0 -999.0 -999.0 -999.0 -999.0 -999.0 -999.0 -999.0 -999.0 -999.0 -999.0 -999.0
1303.7 -999.0 -999.0 -999.0 -999.0 -999.0 -999.0 -999.0 1214.6 1166.5 1312.2 -999.0 1271.9 1224.4 1237.5 1250.5 1329.9 -999.0 1294.8 1330.8 1175.1 1238.5 1173.0 1160.8 1298.9 1310.8 -999.0 -999.0 -999.0 -999.0 1339.3 1320.8 1315.2 1329.9 1313.7 1317.1 1345.6 1288.8 1197.8 931.5 656.9 1025.6 747.8 981.5 901.5 859.6 1049.9 975.5 1094.6 1223.4 1144.6 1139.9 1220.3 1355.0 1300.2 1276.5 1423.0 -999.0 -999.0 -999.0 -999.0 -999.0 -999.0 -999.0 -999.0 -999.0 -999.0 -999.0 -999.0 -999.0 -999.0 -999.0
-999.0 -999.0 -999.0 -999.0 -999.0 -999.0 -999.0 -999.0 -999.0 1259.5 -999.0 -999.0 -999.0 1358.5 1242.2 1231.1 1260.6 1324.1 -999.0 -999.0 1274.3 1331.3 1176.8 1133.6 -999.0 -999.0 -999.0 -999.0 -999.0 1384.2 1277.2 1283.1 1291.7 1307.9 1259.7 1298.7 1234.0 1163.8 1232.5 1059.9 817.4 659.5 809.9 725.1 718.6 735.8 919.4 908.3 899.5 988.8 1142.0 1170.0 1165.1 1331.1 1284.6 1222.7 1286.0 -999.0 -999.0 -999.0 -999.0 -999.0 -999.0 -999.0 -999.0 -999.0 -999.0 -999.0 -999.0 -999.0 -999.0 -999.0
-999.0 -999.0 -999.0 -999.0 -999.0 -999.0 -999.0 -999.0 -999.0 1335.2 1343.8 -999.0 -999.0 -999.0 1350.9 1187.9 1180.3 1252.3 -999.0 -999.0 -999.0 -999.0 1369.4 -999.0 -999.0 -999.0 -999.0 -999.0 -999.0 1401.7 1326.1 1305.9 1202.8 1120.4 1116.9 1200.4 1203.9 1245.7 1218.7 1138.4 884.6 691.8 858.9 594.4 679.4 662.8 865.9 868.1 782.4 953.9 1083.0 1162.1 1287.3 1334.1 1250.9 1191.9 1261.1 -999.0 -999.0 -999.0 -999.0 -999.0 -999.0 -999.0 -999.0 -999.0 -999.0 -999.0 -999.0 -999.0 -999.0 -999.0
1520.3 1485.3 -999.0 -999.0 -999.0 -999.0 -999.0 -999.0 -999.0 -999.0 1240.2 -999.0 -999.0 -999.0 -999.0 1326.8 1216.3 1289.4 -999.0 -999.0 -999.0 -999.0 -999.0 -999.0 -999.0 -999.0 -999.0 -999.0 1435.5 1349.0 1213.3 1130.0 1096.0 1009.7 1028.9 1099.9 1130.0 1223.1 1170.8 1153.3 987.3 554.9 517.2 576.3 655.3 882.3 988.0 959.8 1041.4 1168.0 1042.0 1061.2 1268.9 1277.3 1213.1 1183.3 1259.6 1394.9 -999.0 -999.0 -999.0 -999.0 -999.0 -999.0 -999.0 -999.0 -999.0 -999.0 -999.0 -999.0 -999.0 -999.0
1298.3 1379.5 1435.0 -999.0 -999.0 -999.0 -999.0 -999.0 -999.0 -999.0 1180.4 -999.0 -999.0 -999.0 -999.0 -999.0 -999.0 -999.0 -999.0 -999.0 -999.0 -999.0 -999.0 -999.0 -999.0 -999.0 -999.0 -999.0 1357.9 1295.5 1265.0 1231.6 1282.2 833.4 971.6 1054.0 968.9 1202.0 1095.2 1286.7 1111.5 654.2 436.1 672.5 798.4 576.7 560.8 678.8 821.2 916.7 1210.5 1183.3 1213.2 1154.7 1207.0 1238.5 1255.6 1373.7 1487.5 -999.0 -999.0 -999.0 -999.0 -999.0 -999.0 -999.0 -999.0 -999.0 -999.0 -999.0 -999.0 -999.0
1368.3 1350.8 1399.5 -999.0 -999.0 -999.0 -999.0 -999.0 -999.0 -999.0 -999.0 -999.0 -999.0 -999.0 -999.0 -999.0 -999.0 -999.0 -999.0 -999.0 -999.0 -999.0 -999.0 -999.0 -999.0 -999.0 -999.0 1471.5 1364.9 1232.4 1291.8 1030.7 1378.0 570.9 601.9 1095.9 1061.3 1162.1 1227.4 1164.0 1212.9 1009.0 514.7 603.4 732.4 800.2 885.3 780.1 825.8 911.7 1067.7 1186.5 1226.3 1253.6 1266.2 1233.3 1309.3 1460.9 1516.3 -999.0 -999.0 -999.0 -999.0 -999.0 -999.0 -999.0 -999.0 -999.0 -999.0 -999.0 -999.0 -999.0
1433.3 1432.4 1394.7 -999.0 -999.0 -999.0 -999.0 -999.0 -999.0 -999.0 -999.0 -999.0 -999.0 -999.0 -999.0 -999.0 -999.0 -999.0 -999.0 -999.0 -999.0 -999.0 -999.0 -999.0 -999.0 -999.0 -999.0 1457.3 1222.2 1262.4 1106.2 662.0 1077.0 1279.3 909.8 854.4 993.6 1033.1 1115.5 1151.5 1207.4 1171.1 1080.7 586.6 712.2 761.6 895.4 927.8 952.4 1086.9 1125.9 1169.6 1151.6 1280.1 1215.7 1273.4 1308.3 1437.4 1528.2 1529.2 1490.7 1473.7 -999.0 -999.0 -999.0 -999.0 -999.0 -999.0 -999.0 -999.0 -999.0 -999.0
1470.9 -999.0 1397.7 1435.8 -999.0 -999.0 -999.0 -999.0 -999.0 -999.0 -999.0 -999.0 -999.0 -999.0 -999.0 -999.0 -999.0 -999.0 -999.0 -999.0 -999.0 -999.0 -999.0 -999.0 -999.0 -999.0 -999.0 1428.3 1230.7 1147.7 897.0 1163.8 1082.2 984.0 781.6 969.9 1043.5 784.8 1127.8 988.5 1154.4 1232.2 1265.5 1017.6 821.8 823.5 886.3 939.6 1084.0 1092.1 1155.6 1237.0 1309.8 1310.8 1313.8 1286.1 1351.8 1424.6 1473.0 1250.1 1339.0 1269.0 1258.3 1342.1 -999.0 -999.0 -999.0 -999.0 -999.0 -999.0 -999.0 -999.0
1397.9 1408.5 1378.6 -999.0 -999.0 -999.0 -999.0 -999.0 -999.0 -999.0 -999.0 -999.0 -999.0 -999.0 -999.0 -999.0 -999.0 -999.0 -999.0 -999.0 -999.0 -999.0 -999.0 -999.0 -999.0 -999.0 -999.0 1429.0 1224.4 1055.3 715.4 613.3 818.0 1059.5 998.5 924.1 757.0 1033.7 782.3 919.3 1043.5 1117.4 1162.1 1224.9 1123.8 835.0 868.8 941.6 1012.4 1079.5 1152.9 1209.8 1287.0 1357.8 1342.6 1345.5 1397.2 1419.0 1408.1 1305.5 1073.7 1101.1 1119.2 1114.2 1203.1 1424.1 -999.0 -999.0 -999.0 -999.0 -999.0 -999.0
1403.1 1373.7 1344.6 -999.0 -999.0 -999.0 -999.0 -999.0 -999.0 -999.0 -999.0 -999.0 -999.0 -999.0 -999.0 -999.0 -999.0 -999.0 -999.0 -999.0 -999.0 -999.0 -999.0 -999.0 -999.0 -999.0 -999.0 1450.8 1345.9 1056.2 880.6 1158.1 463.2 613.1 1051.3 908.0 1048.0 766.0 712.9 929.7 1059.8 1056.2 1035.1 1152.8 665.1 745.4 761.8 742.5 756.7 851.8 1119.5 1106.7 1276.0 1352.3 1364.4 1376.3 1407.0 1442.5 1448.9 1364.3 1146.8 1213.2 1240.1 1188.8 1153.1 1377.4 1256.8 -999.0 -999.0 -999.0 -999.0 -999.0
1385.2 1306.1 1388.2 -999.0 -999.0 -999.0 -999.0 -999.0 -999.0 -999.0 -999.0 -999.0 -999.0 -999.0 -999.0 1519.0 1519.6 1558.9 -999.0 -999.0 -999.0 -999.0 -999.0 -999.0 -999.0 -999.0 -999.0 -999.0 1474.2 1352.6 1238.4 1075.9 1014.4 795.8 1208.2 1398.1 990.4 991.3 1002.8 1044.8 935.7 938.5 1017.3 974.8 799.4 797.8 605.9 691.7 855.4 950.6 974.5 1138.0 1287.4 1355.1 1390.5 1374.2 1418.3 1435.1 1092.6 1153.3 904.9 879.6 963.7 1034.1 1228.3 1066.0 1162.0 1384.1 -999.0 -999.0 -999.0 -999.0
1365.7 1394.2 -999.0 -999.0 -999.0 -999.0 -999.0 -999.0 -999.0 -999.0 -999.0 -999.0 -999.0 -999.0 -999.0 1474.7 1479.2 -999.0 -999.0 -999.0 -999.0 -999.0 -999.0 -999.0 -999.0 -999.0 -999.0 -999.0 -999.0 1399.4 1401.6 1085.0 1118.8 620.7 1105.8 1087.4 1151.2 1265.4 1247.9 1179.7 1181.8 642.1 1007.8 932.2 637.1 812.3 1038.7 1117.1 843.6 1135.7 1007.6 1205.3 1345.3 1423.3 1426.0 1406.2 1346.6 1166.5 1082.5 1124.0 1123.8 1165.2 1091.7 1015.6 1055.7 1036.9 1163.4 1166.9 -999.0 -999.0 -999.0 -999.0
1339.9 -999.0 -999.0 -999.0 -999.0 -999.0 -999.0 -999.0 -999.0 -999.0 -999.0 -999.0 -999.0 -999.0 1442.0 1144.2 1220.8 1468.8 -999.0 -999.0 -999.0 -999.0 -999.0 -999.0 -999.0 -999.0 -999.0 -999.0 -999.0 1416.6 1174.6 1078.3 1057.4 1178.6 1094.9 1241.4 1265.4 1285.2 1298.9 1140.9 1206.9 1237.6 662.7 911.4 950.1 757.3 944.3 791.8 1002.6 999.2 1163.6 1270.7 1370.4 1417.8 1471.6 1435.8 1296.5 1195.0 1241.6 1174.2 1113.0 1142.5 1093.4 1108.0 1106.8 1097.2 1241.7 1164.6 1426.0 -999.0 -999.0 -999.0
-999.0 -999.0 -999.0 -999.0 -999.0 -999.0 -999.0 -999.0 -999.0 -999.0 -999.0 -999.0 -999.0 1492.1 1083.6 963.5 848.1 1467.8 -999.0 -999.0 -999.0 -999.0 -999.0 -999.0 -999.0 -999.0 -999.0 -999.0 -999.0 1443.0 1022.9 1125.3 1420.1 1257.1 1316.3 1256.8 1381.7 1364.2 1255.1 1156.2 1322.9 825.6 972.0 759.4 937.4 672.2 1111.6 1028.5 1176.1 1056.7 1215.4 1257.0 1320.5 1464.1 1482.8 1444.7 1369.5 1158.2 1148.2 1197.8 1290.2 1253.2 1242.8 1226.7 1208.3 1103.4 1116.4 1244.4 1306.5 -999.0 -999.0 -999.0
-999.0 -999.0 -999.0 -999.0 -999.0 -999.0 -999.0 -999.0 -999.0 -999.0 -999.0 -999.0 1481.3 1388.9 825.0 1096.9 1268.1 -999.0 -999.0 -999.0 -999.0 -999.0 -999.0 -999.0 -999.0 -999.0 -999.0 -999.0 -999.0 -999.0 1441.5 1469.2 1485.5 1274.0 1424.6 1261.3 1410.3 1385.3 1335.0 1236.8 1342.0 876.3 837.5 715.7 738.4 697.6 764.0 779.5 886.7 993.6 1039.5 1128.4 1346.0 1426.9 1431.7 1367.4 1347.4 1340.5 1096.6 1233.8 1431.9 1418.4 1352.7 1376.3 1365.5 1355.4 1347.6 1410.1 1421.0 1377.7 1365.1 -999.0
-999.0 -999.0 -999.0 -999.0 -999.0 -999.0 -999.0 -999.0 -999.0 -999.0 -999.0 -999.0 1230.8 1012.8 1310.1 1400.7 1497.9 -999.0 -999.0 -999.0 -999.0 -999.0 -999.0 -999.0 -999.0 -999.0 -999.0 -999.0 -999.0 -999.0 -999.0 1555.9 1434.0 1469.6 1462.6 1349.9 1432.9 1429.2 1380.6 1238.6 1348.0 902.4 939.8 957.9 775.8 841.8 916.7 686.3 715.3 982.9 940.0 1088.5 1180.4 1367.3 1410.7 1373.0 1373.2 1398.0 1406.2 1442.5 1499.1 1439.3 1372.9 1340.5 1356.6 1384.1 1394.9 1400.0 1190.5 1199.3 1289.7 -999.0
-999.0 -999.0 -999.0 -999.0 -999.0 -999.0 -999.0 -999.0 -999.0 -999.0 -999.0 -999.0 1217.3 1275.5 1278.5 1501.8 -999.0 -999.0 -999.0 -999.0 -999.0 -999.0 -999.0 -999.0 -999.0 -999.0 -999.0 -999.0 -999.0 -999.0 -999.0 1594.6 1464.6 1458.3 -999.0 1465.5 -999.0 1526.4 1466.3 1386.0 1397.7 1332.7 930.2 971.4 945.3 718.0 1135.5 1087.0 753.0 888.8 982.7 1069.9 1214.8 1349.2 1439.2 1502.3 1492.6 1452.2 1455.7 1424.0 1347.9 1399.4 1303.3 1332.9 1388.3 1348.6 1263.5 1296.8 1331.1 1322.5 1258.3 1258.8
-999.0 -999.0 -999.0 -999.0 -999.0 -999.0 -999.0 -999.0 -999.0 -999.0 -999.0 1454.7 1457.9 1445.3 -999.0 -999.0 -999.0 -999.0 -999.0 -999.0 -999.0 -999.0 -999.0 -999.0 -999.0 -999.0 -999.0 -999.0 -999.0 -999.0 -999.0 1599.5 1564.4 1537.2 -999.0 -999.0 -999.0 1570.4 1347.2 1456.5 1344.9 1227.6 1275.1 1245.9 1140.9 880.9 865.4 1174.6 909.3 838.2 1045.9 1018.0 1151.4 1276.5 1472.3 1510.6 1512.3 1492.4 1476.8 1454.8 1424.2 1407.8 1346.3 1404.6 1359.5 1288.3 1240.6 1225.5 1235.5 1281.6 1331.8 1392.3
-999.0 -999.0 -999.0 -999.0 -999.0 -999.0 -999.0 -999.0 -999.0 -999.0 -999.0 -999.0 -999.0 -999.0 -999.0 -999.0 -999.0 -999.0 -999.0 -999.0 -999.0 -999.0 -999.0 -999.0 -999.0 -999.0 -999.0 -999.0 -999.0 -999.0 -999.0 -999.0 -999.0 -999.0 -999.0 -999.0 1591.0 1550.4 1389.5 1176.5 1095.1 1079.0 1072.5 1158.1 1144.2 967.9 987.8 1090.4 1228.7 1045.4 982.1 1114.6 1198.9 1302.0 1396.7 1458.2 1456.9 1491.2 1497.7 1497.2 1491.0 1462.9 1455.1 1363.6 1164.6 1281.5 1248.8 1325.3 1324.5 1379.0 1391.4 1429.9
-999.0 -999.0 -999.0 -999.0 -999.0 -999.0 -999.0 -999.0 -999.0 -999.0 -999.0 -999.0 -999.0 -999.0 -999.0 -999.0 -999.0 -999.0 -999.0 -999.0 -999.0 -999.0 -999.0 -999.0 -999.0 -999.0 -999.0 -999.0 -999.0 -999.0 -999.0 -999.0 -999.0 -999.0 -999.0 -999.0 1529.8 1447.6 1234.2 1003.6 848.1 969.9 1198.9 1114.0 1297.4 1225.4 1269.3 1149.2 1101.0 1079.9 1094.1 1138.9 1228.8 1295.4 1349.9 1440.6 1445.5 1492.7 1514.8 1545.6 1532.3 1490.5 1465.4 1405.3 1131.2 1198.4 1338.9 1388.9 1415.6 1418.3 1413.1 1426.6
-999.0 -999.0 -999.0 -999.0 -999.0 -999.0 -999.0 -999.0 -999.0 -999.0 -999.0 -999.0 -999.0 -999.0 -999.0 -999.0 -999.0 -999.0 -999.0 -999.0 -999.0 -999.0 -999.0 -999.0 -999.0 -999.0 -999.0 -999.0 -999.0 -999.0 -999.0 -999.0 -999.0 -999.0 -999.0 -999.0 1491.7 1470.6 1360.7 1136.5 1051.3 1105.4 1203.7 1224.3 1265.5 1211.0 1288.5 1304.1 1270.9 1430.8 1151.1 1266.1 1184.4 1283.1 1323.7 1442.0 1468.3 1478.4 1510.7 1581.6 1518.8 1507.6 1467.0 1446.0 1300.3 1258.4 1340.4 1410.0 1436.1 1451.4 1428.3 1430.0
