GDD/GrowingDegreeDays_1988_Actual.txt
ncols         180
nrows         290
xllcorner     -200000
yllcorner     -200000
cellsize      5000
NODATA_value    -999
[rows 128 to 159 of 290, columns 71 to 141 of 180]
-999.0 1268.3 1594.3 1634.5 -999.0 -999.0 -999.0 -999.0 -999.0 -999.0 -999.0 -999.0 -999.0 1441.6 1312.1 1488.2 1287.4 1121.7 1211.9 994.0 830.4 919.1 805.3 935.2 1073.9 1162.3 1120.1 922.7 982.7 1040.3 1251.2 1028.2 738.0 938.6 811.9 1007.7 1031.5 1219.3 1200.3 1084.8 1130.8 1111.8 1016.9 897.1 806.1 861.5 997.8 1101.4 1138.6 1250.0 1134.7 1126.4 1251.6 1358.4 -999.0 -999.0 -999.0 -999.0 -999.0 -999.0 -999.0 -999.0 -999.0 -999.0 -999.0 -999.0 -999.0 -999.0 -999.0 -999.0 -999.0
-999.0 -999.0 -999.0 -999.0 -999.0 -999.0 -999.0 -999.0 -999.0 -999.0 -999.0 -999.0 -999.0 1474.7 1536.1 1190.4 1274.2 1094.0 1201.1 945.7 928.1 750.7 812.1 843.8 961.1 1016.2 1196.1 691.6 763.6 1055.9 1282.5 1010.2 821.0 995.9 963.5 867.0 1095.4 961.4 905.4 1034.0 904.1 900.1 729.6 1022.5 1019.9 961.4 967.0 987.1 1181.9 1348.1 1279.0 1301.9 1341.1 1415.3 1476.0 -999.0 -999.0 -999.0 -999.0 -999.0 -999.0 -999.0 -999.0 -999.0 -999.0 -999.0 -999.0 -999.0 -999.0 -999.0 -999.0
-999.0 -999.0 -999.0 -999.0 -999.0 -999.0 -999.0 -999.0 -999.0 -999.0 -999.0 -999.0 1687.7 1285.7 1142.8 1156.5 1079.5 1071.9 1142.4 1184.5 882.5 892.3 814.2 880.5 917.6 1137.0 1357.3 1094.8 1008.9 1032.0 1235.9 1232.1 1054.0 1023.2 1023.4 992.6 802.6 1070.4 1107.9 1069.8 1085.3 742.9 909.2 800.8 880.6 1069.2 1049.0 1026.6 1027.3 1020.6 1300.5 1371.8 1384.2 1406.6 1491.1 -999.0 -999.0 -999.0 -999.0 -999.0 -999.0 -999.0 -999.0 -999.0 -999.0 -999.0 -999.0 -999.0 -999.0 -999.0 -999.0
-999.0 -999.0 -999.0 -999.0 -999.0 -999.0 -999.0 -999.0 -999.0 -999.0 -999.0 -999.0 1385.8 1264.8 1222.0 903.3 957.3 1102.8 1130.0 878.6 1140.5 1047.7 919.3 1041.8 1041.6 1289.0 1425.4 1245.1 1167.8 994.6 1309.1 1266.8 1228.8 1138.8 1224.8 918.3 1219.1 940.8 1046.8 1198.2 756.2 1109.4 997.8 942.9 1022.2 971.7 1154.4 1156.3 1004.8 1064.2 1233.6 1237.8 1297.8 1382.2 1455.5 -999.0 -999.0 -999.0 -999.0 -999.0 -999.0 -999.0 -999.0 -999.0 -999.0 -999.0 -999.0 -999.0 -999.0 -999.0 -999.0
-999.0 -999.0 -999.0 -999.0 -999.0 -999.0 -999.0 -999.0 -999.0 -999.0 -999.0 1372.5 1377.9 1327.9 1060.0 1127.8 1097.3 670.2 957.6 959.4 1146.3 1057.5 1056.0 1168.0 1054.9 1109.4 1284.1 1177.2 1230.3 1387.5 1430.4 1336.2 1159.8 1149.2 962.8 1116.9 1253.2 943.8 1162.8 1115.1 792.5 1059.4 1144.4 1213.2 1095.1 1000.2 1061.7 1047.2 1051.4 1188.0 1236.1 1295.3 1371.7 1384.5 1445.8 -999.0 -999.0 -999.0 -999.0 -999.0 -999.0 -999.0 -999.0 -999.0 -999.0 -999.0 -999.0 -999.0 -999.0 -999.0 -999.0
-999.0 -999.0 -999.0 -999.0 -999.0 -999.0 -999.0 -999.0 -999.0 -999.0 1562.8 1337.9 1177.1 1350.5 1257.4 1164.3 1208.9 1014.9 1112.1 731.9 1240.3 1295.0 1195.8 1153.4 1140.6 1125.9 1287.8 1426.5 1507.7 1284.6 1449.5 1442.8 1251.4 1203.1 1206.8 1210.6 1316.0 1128.9 1295.7 1150.2 863.7 943.6 937.3 1025.3 1084.0 1168.2 1209.5 1062.4 1139.4 1203.6 1232.0 1287.0 1324.3 1417.1 1459.8 1514.1 -999.0 -999.0 -999.0 -999.0 -999.0 -999.0 -999.0 -999.0 -999.0 -999.0 -999.0 -999.0 -999.0 -999.0 -999.0
-999.0 -999.0 -999.0 -999.0 -999.0 -999.0 -999.0 -999.0 -999.0 -999.0 1267.8 935.5 1129.9 1213.2 1290.8 1307.6 1383.1 767.4 973.6 1112.6 1146.8 1345.7 1324.4 1233.4 1274.7 997.5 1382.1 1520.7 1510.7 1512.2 1269.5 1454.9 1246.4 1296.0 1257.2 1310.0 1306.6 1303.2 1144.3 1253.1 1065.0 1002.1 1049.4 996.7 1137.8 1248.2 1291.5 1183.8 1236.9 1155.6 1235.0 1340.0 1438.9 1398.0 1427.1 1489.7 -999.0 -999.0 -999.0 -999.0 -999.0 -999.0 -999.0 -999.0 -999.0 -999.0 -999.0 -999.0 -999.0 -999.0 -999.0
-999.0 -999.0 -999.0 -999.0 -999.0 -999.0 -999.0 -999.0 1515.3 1428.2 1150.8 1145.5 1163.1 1140.9 1300.8 1297.1 1433.8 1056.5 1116.0 1088.3 1196.3 1233.9 1417.8 1258.2 1229.6 1310.1 1350.3 1408.8 1572.6 1540.8 1411.7 1429.3 1421.3 1386.1 1362.4 1422.8 1433.6 1311.7 1319.6 1315.7 1032.6 1077.6 1096.3 1111.9 1061.3 1216.3 1275.7 1403.7 1306.5 1262.4 1304.8 1361.4 1452.7 1445.5 1437.2 1454.4 -999.0 -999.0 -999.0 -999.0 -999.0 -999.0 -999.0 -999.0 -999.0 -999.0 -999.0 -999.0 -999.0 -999.0 -999.0
-999.0 -999.0 -999.0 -999.0 -999.0 -999.0 -999.0 -999.0 1429.2 1368.1 1420.5 1181.0 1218.0 1150.5 1330.8 1433.7 1500.0 1462.6 1306.8 972.2 1177.4 1257.3 1435.3 1462.0 1412.2 1422.9 1436.0 1396.5 1522.8 1434.0 1534.5 1510.6 1501.7 1474.6 1492.5 1514.8 1548.7 1503.0 1371.1 1348.8 1352.8 1230.5 1185.2 1204.5 1250.3 1318.5 1543.7 1387.8 1160.8 1232.6 1366.8 1391.9 1446.1 1450.4 1508.6 1485.6 1553.5 -999.0 -999.0 -999.0 -999.0 -999.0 -999.0 -999.0 -999.0 -999.0 -999.0 -999.0 -999.0 -999.0 -999.0
-999.0 -999.0 -999.0 -999.0 -999.0 -999.0 -999.0 -999.0 1414.3 1356.4 1499.4 1267.0 1386.0 1305.0 1389.4 1468.4 1479.4 1558.3 1232.4 1211.1 1261.2 1144.7 1401.0 1466.1 1414.2 1473.6 1350.2 1092.1 1427.6 -999.0 -999.0 -999.0 1536.5 1494.1 -999.0 1578.2 1603.8 1560.2 1512.3 1460.4 1308.6 1155.8 1249.7 1269.9 1237.6 1358.7 1278.1 1245.1 1358.1 1443.1 1493.5 1503.4 1449.0 1643.9 1630.2 1575.2 1540.5 -999.0 -999.0 -999.0 -999.0 -999.0 -999.0 -999.0 -999.0 -999.0 -999.0 -999.0 -999.0 -999.0 -999.0
1654.8 -999.0 -999.0 -999.0 -999.0 -999.0 -999.0 -999.0 1564.2 1268.7 1477.0 1519.0 1453.9 1387.4 1386.6 1419.9 1515.7 1547.5 1505.0 1107.0 1272.8 1189.3 1394.9 1439.0 1278.6 1506.5 1453.6 1454.2 1505.1 -999.0 -999.0 -999.0 1546.8 1516.2 1498.8 1547.8 1611.8 1585.8 1560.2 1348.4 1107.6 1014.9 1169.3 977.8 1217.8 1278.4 1102.9 1286.7 1227.7 1239.4 1320.4 1534.5 1450.2 1349.3 1505.7 1517.2 1566.6 -999.0 -999.0 -999.0 -999.0 -999.0 -999.0 -999.0 -999.0 -999.0 -999.0 -999.0 -999.0 -999.0 -999.0
1451.4 1518.3 -999.0 -999.0 -999.0 -999.0 -999.0 -999.0 -999.0 1423.1 1379.0 1553.2 -999.0 1483.4 1420.0 1430.1 1446.8 1538.5 -999.0 1506.8 1551.0 1370.7 1448.7 1381.6 1375.5 1538.6 1548.5 -999.0 -999.0 -999.0 -999.0 1556.1 1529.9 1514.4 1526.8 1509.8 1512.8 1542.8 1474.6 1367.0 1064.2 759.5 1165.3 855.9 1107.4 1015.1 967.1 1172.1 1084.3 1220.8 1372.6 1290.5 1295.5 1393.1 1545.9 1477.2 1441.0 1613.7 -999.0 -999.0 -999.0 -999.0 -999.0 -999.0 -999.0 -999.0 -999.0 -999.0 -999.0 -999.0 -999.0
1321.0 -999.0 -999.0 -999.0 -999.0 -999.0 -999.0 -999.0 -999.0 -999.0 1479.0 -999.0 -999.0 -999.0 1579.4 1438.3 1425.9 1461.3 1538.3 -999.0 -999.0 1484.9 1551.0 1382.8 1336.2 -999.0 -999.0 -999.0 -999.0 -999.0 1618.0 1487.7 1487.2 1489.0 1504.3 1447.7 1491.5 1417.0 1333.4 1408.2 1210.4 939.5 762.1 922.5 824.1 813.6 830.7 1026.5 1014.3 1007.8 1110.0 1297.2 1339.8 1343.4 1540.6 1474.5 1390.5 1456.5 -999.0 -999.0 -999.0 -999.0 -999.0 -999.0 -999.0 -999.0 -999.0 -999.0 -999.0 -999.0 -999.0
-999.0 -999.0 -999.0 -999.0 -999.0 -999.0 -999.0 -999.0 -999.0 -999.0 1557.1 1568.0 -999.0 -999.0 -999.0 1567.9 1377.7 1374.5 1459.6 -999.0 -999.0 -999.0 -999.0 1607.8 -999.0 -999.0 -999.0 -999.0 -999.0 -999.0 1632.7 1536.3 1507.8 1386.3 1289.9 1286.3 1380.7 1383.4 1430.1 1394.7 1299.7 1015.3 802.0 971.7 672.6 762.8 744.4 964.4 968.7 880.6 1072.2 1230.9 1334.5 1495.4 1565.0 1444.6 1354.5 1421.3 -999.0 -999.0 -999.0 -999.0 -999.0 -999.0 -999.0 -999.0 -999.0 -999.0 -999.0 -999.0 -999.0
1722.0 1748.9 1707.9 -999.0 -999.0 -999.0 -999.0 -999.0 -999.0 -999.0 -999.0 1443.3 -999.0 -999.0 -999.0 -999.0 1542.1 1420.0 1506.3 -999.0 -999.0 -999.0 -999.0 -999.0 -999.0 -999.0 -999.0 -999.0 -999.0 1677.3 1566.2 1403.1 1303.5 1264.2 1169.0 1190.2 1270.3 1304.7 1409.0 1346.6 1320.3 1132.8 658.0 596.3 636.4 726.5 973.7 1090.9 1064.1 1160.8 1315.3 1176.1 1206.1 1466.5 1484.9 1394.6 1340.2 1410.5 1556.4 -999.0 -999.0 -999.0 -999.0 -999.0 -999.0 -999.0 -999.0 -999.0 -999.0 -999.0 -999.0
1450.5 1479.9 1577.7 1646.9 -999.0 -999.0 -999.0 -999.0 -999.0 -999.0 -999.0 1372.7 -999.0 -999.0 -999.0 -999.0 -999.0 -999.0 -999.0 -999.0 -999.0 -999.0 -999.0 -999.0 -999.0 -999.0 -999.0 -999.0 -999.0 1592.4 1510.8 1463.1 1420.4 1483.4 980.4 1133.5 1221.8 1126.2 1391.4 1263.8 1471.2 1273.5 784.2 533.5 711.6 868.8 642.2 623.9 760.4 919.0 1025.1 1360.3 1330.3 1372.6 1313.0 1367.5 1393.7 1400.9 1518.9 1650.1 -999.0 -999.0 -999.0 -999.0 -999.0 -999.0 -999.0 -999.0 -999.0 -999.0 -999.0
1509.3 1547.4 1537.6 1601.3 -999.0 -999.0 -999.0 -999.0 -999.0 -999.0 -999.0 -999.0 -999.0 -999.0 -999.0 -999.0 -999.0 -999.0 -999.0 -999.0 -999.0 -999.0 -999.0 -999.0 -999.0 -999.0 -999.0 -999.0 1716.7 1595.2 1442.3 1492.6 1194.6 1605.4 689.1 721.6 1273.2 1227.9 1339.7 1406.6 1327.7 1376.5 1145.5 588.2 661.1 806.0 882.2 975.3 869.7 922.4 1015.5 1192.1 1324.8 1373.8 1409.7 1424.6 1381.4 1457.0 1615.8 1672.8 -999.0 -999.0 -999.0 -999.0 -999.0 -999.0 -999.0 -999.0 -999.0 -999.0 -999.0
1594.2 1621.8 1626.3 1593.7 -999.0 -999.0 -999.0 -999.0 -999.0 -999.0 -999.0 -999.0 -999.0 -999.0 -999.0 -999.0 -999.0 -999.0 -999.0 -999.0 -999.0 -999.0 -999.0 -999.0 -999.0 -999.0 -999.0 -999.0 1675.7 1416.5 1462.7 1275.4 783.6 1259.0 1496.0 1068.4 997.3 1146.2 1186.2 1271.3 1301.8 1354.7 1293.0 1171.2 636.6 783.3 841.6 985.2 1024.5 1054.3 1209.3 1255.1 1305.3 1283.5 1429.8 1359.9 1423.6 1448.3 1581.9 1674.2 1673.5 1635.3 1615.3 -999.0 -999.0 -999.0 -999.0 -999.0 -999.0 -999.0 -999.0
1537.9 1671.8 -999.0 1593.9 1643.0 -999.0 -999.0 -999.0 -999.0 -999.0 -999.0 -999.0 -999.0 -999.0 -999.0 -999.0 -999.0 -999.0 -999.0 -999.0 -999.0 -999.0 -999.0 -999.0 -999.0 -999.0 -999.0 -999.0 1601.1 1405.3 1319.3 1038.1 1344.0 1255.8 1148.5 918.7 1123.8 1199.6 901.8 1269.5 1107.8 1284.7 1350.9 1363.3 1097.7 897.8 905.3 975.2 1036.2 1200.9 1214.1 1291.0 1382.1 1461.2 1455.0 1461.3 1431.6 1491.8 1558.8 1608.5 1357.9 1460.2 1378.4 1362.9 1456.3 -999.0 -999.0 -999.0 -999.0 -999.0 -999.0
1494.6 1585.6 1596.3 1565.4 -999.0 -999.0 -999.0 -999.0 -999.0 -999.0 -999.0 -999.0 -999.0 -999.0 -999.0 -999.0 -999.0 -999.0 -999.0 -999.0 -999.0 -999.0 -999.0 -999.0 -999.0 -999.0 -999.0 -999.0 1596.3 1391.3 1206.8 833.1 719.7 955.5 1230.0 1161.2 1072.6 876.3 1171.6 876.5 1019.6 1155.5 1229.4 1266.7 1331.4 1228.3 917.6 956.7 1039.2 1118.9 1200.5 1284.6 1348.2 1430.4 1502.7 1484.8 1490.6 1543.7 1556.9 1539.7 1422.8 1161.4 1191.0 1206.4 1199.1 1297.1 1534.7 -999.0 -999.0 -999.0 -999.0
1559.7 1587.0 1550.9 1519.0 -999.0 -999.0 -999.0 -999.0 -999.0 -999.0 -999.0 -999.0 -999.0 -999.0 -999.0 -999.0 -999.0 -999.0 -999.0 -999.0 -999.0 -999.0 -999.0 -999.0 -999.0 -999.0 -999.0 -999.0 1665.5 1555.0 1212.1 1014.6 1327.5 541.5 724.9 1230.6 1065.6 1209.6 874.6 800.8 1032.2 1172.7 1165.0 1135.5 1265.3 732.3 824.6 844.0 826.0 842.6 944.4 1245.0 1228.9 1417.2 1498.7 1510.3 1520.6 1551.5 1589.0 1590.8 1490.9 1242.9 1315.0 1341.4 1284.5 1240.4 1483.8 1352.5 -999.0 -999.0 -999.0
1598.4 1559.7 1477.5 1574.0 -999.0 -999.0 -999.0 -999.0 -999.0 -999.0 -999.0 -999.0 -999.0 -999.0 -999.0 -999.0 1726.2 1713.1 1754.7 -999.0 -999.0 -999.0 -999.0 -999.0 -999.0 -999.0 -999.0 -999.0 -999.0 1709.8 1550.7 1408.8 1232.2 1176.0 941.5 1422.0 1649.1 1150.4 1125.6 1124.1 1162.6 1036.8 1035.2 1120.3 1071.7 881.9 880.8 670.9 768.6 943.8 1046.3 1072.3 1255.8 1423.1 1499.4 1536.4 1514.4 1560.7 1576.8 1187.0 1251.8 980.5 952.8 1039.6 1111.3 1322.9 1147.0 1261.2 1519.0 -999.0 -999.0
1696.2 1527.2 1580.8 -999.0 -999.0 -999.0 -999.0 -999.0 -999.0 -999.0 -999.0 -999.0 -999.0 -999.0 -999.0 -999.0 1684.3 1677.4 -999.0 -999.0 -999.0 -999.0 -999.0 -999.0 -999.0 -999.0 -999.0 -999.0 -999.0 -999.0 1592.1 1586.7 1233.0 1286.6 732.9 1300.3 1282.1 1332.6 1439.2 1403.9 1316.5 1311.6 711.6 1112.5 1027.0 705.1 896.0 1139.0 1228.8 929.0 1251.9 1105.8 1327.2 1483.2 1571.9 1573.2 1545.4 1474.4 1268.8 1170.0 1216.5 1214.3 1257.8 1175.0 1089.4 1127.4 1107.6 1278.4 1296.0 -999.0 -999.0
1577.0 1533.8 -999.0 -999.0 -999.0 -999.0 -999.0 -999.0 -999.0 -999.0 -999.0 -999.0 -999.0 -999.0 -999.0 1668.2 1317.7 1399.2 1681.5 -999.0 -999.0 -999.0 -999.0 -999.0 -999.0 -999.0 -999.0 -999.0 -999.0 -999.0 1602.8 1318.4 1214.1 1203.7 1359.3 1283.6 1445.5 1452.7 1457.8 1457.5 1271.7 1340.7 1370.4 733.2 1004.5 1046.4 835.9 1030.3 870.5 1094.5 1090.1 1276.1 1396.6 1510.3 1566.9 1624.4 1574.7 1411.4 1295.5 1344.1 1265.9 1196.6 1228.9 1174.2 1187.8 1186.0 1193.2 1411.5 1311.8 1566.0 -999.0
-999.0 -999.0 -999.0 -999.0 -999.0 -999.0 -999.0 -999.0 -999.0 -999.0 -999.0 -999.0 -999.0 -999.0 1743.2 1266.1 1125.7 991.8 1704.0 -999.0 -999.0 -999.0 -999.0 -999.0 -999.0 -999.0 -999.0 -999.0 -999.0 -999.0 1630.3 1141.6 1252.9 1592.2 1423.4 1509.7 1440.5 1572.5 1540.9 1406.4 1286.3 1470.7 912.4 1069.2 840.9 1031.7 739.1 1214.5 1118.9 1287.3 1150.4 1330.5 1378.7 1449.2 1615.3 1633.8 1580.9 1487.7 1247.5 1228.3 1278.9 1381.1 1345.2 1335.1 1309.6 1298.0 1226.6 1302.1 1400.0 1413.1 -999.0
-999.0 -999.0 -999.0 -999.0 -999.0 -999.0 -999.0 -999.0 -999.0 -999.0 -999.0 -999.0 -999.0 1746.1 1635.4 980.4 1292.2 1488.4 -999.0 -999.0 -999.0 -999.0 -999.0 -999.0 -999.0 -999.0 -999.0 -999.0 -999.0 -999.0 -999.0 1599.1 1616.9 1633.0 1401.8 1592.3 1414.5 1585.5 1558.3 1492.8 1373.8 1489.2 964.5 920.8 787.6 810.3 760.4 831.0 849.1 962.5 1077.6 1128.7 1229.0 1471.5 1563.5 1563.4 1482.4 1453.1 1440.5 1163.9 1302.4 1521.2 1521.3 1454.6 1470.7 1467.5 1494.1 1511.2 1563.6 1549.2 1492.6
-999.0 -999.0 -999.0 -999.0 -999.0 -999.0 -999.0 -999.0 -999.0 -999.0 -999.0 -999.0 -999.0 1472.8 1222.5 1546.7 1636.9 1757.5 -999.0 -999.0 -999.0 -999.0 -999.0 -999.0 -999.0 -999.0 -999.0 -999.0 -999.0 -999.0 -999.0 -999.0 1678.7 1533.6 1576.0 1598.1 1492.3 1592.5 1593.2 1537.7 1372.7 1493.6 989.1 1025.1 1041.3 840.8 904.2 981.9 741.0 775.7 1062.8 1018.8 1181.5 1281.2 1484.8 1522.9 1473.3 1471.3 1499.9 1502.9 1527.9 1590.3 1543.3 1479.8 1446.0 1464.9 1503.5 1524.9 1531.1 1291.7 1293.8
-999.0 -999.0 -999.0 -999.0 -999.0 -999.0 -999.0 -999.0 -999.0 -999.0 -999.0 -999.0 -999.0 1481.6 1559.8 1539.2 1767.3 -999.0 -999.0 -999.0 -999.0 -999.0 -999.0 -999.0 -999.0 -999.0 -999.0 -999.0 -999.0 -999.0 -999.0 -999.0 1694.5 1539.1 1542.9 -999.0 1610.9 -999.0 1689.9 1626.8 1536.3 1544.3 1467.6 1009.9 1047.0 1006.3 754.3 1201.4 1161.7 811.0 958.5 1060.1 1156.8 1316.5 1457.3 1541.7 1592.5 1588.0 1555.9 1560.2 1521.0 1437.1 1502.9 1403.1 1435.2 1494.0 1445.5 1353.9 1399.5 1440.0 1431.2
-999.0 -999.0 -999.0 -999.0 -999.0 -999.0 -999.0 -999.0 -999.0 -999.0 -999.0 -999.0 1745.6 1774.7 1775.9 -999.0 -999.0 -999.0 -999.0 -999.0 -999.0 -999.0 -999.0 -999.0 -999.0 -999.0 -999.0 -999.0 -999.0 -999.0 -999.0 -999.0 1710.8 1669.1 1656.1 -999.0 -999.0 -999.0 1728.4 1484.0 1608.7 1482.1 1346.6 1395.5 1352.4 1213.1 910.5 899.8 1252.5 972.3 901.6 1125.0 1097.0 1247.1 1382.1 1586.2 1610.8 1613.3 1601.1 1586.3 1564.1 1532.6 1516.5 1450.4 1513.9 1459.0 1371.9 1321.0 1312.6 1328.7 1383.5
-999.0 -999.0 -999.0 -999.0 -999.0 -999.0 -999.0 -999.0 -999.0 -999.0 -999.0 -999.0 -999.0 -999.0 -999.0 -999.0 -999.0 -999.0 -999.0 -999.0 -999.0 -999.0 -999.0 -999.0 -999.0 -999.0 -999.0 -999.0 -999.0 -999.0 -999.0 -999.0 -999.0 -999.0 -999.0 -999.0 -999.0 1745.5 1702.8 1525.5 1287.1 1195.5 1176.8 1165.9 1257.7 1226.6 1014.3 1036.4 1159.4 1322.3 1117.3 1050.0 1202.3 1303.2 1418.9 1520.4 1574.4 1564.1 1601.6 1613.2 1616.6 1611.5 1580.6 1572.5 1468.2 1244.4 1371.4 1334.8 1422.6 1422.8 1488.6
-999.0 -999.0 -999.0 -999.0 -999.0 -999.0 -999.0 -999.0 -999.0 -999.0 -999.0 -999.0 -999.0 -999.0 -999.0 -999.0 -999.0 -999.0 -999.0 -999.0 -999.0 -999.0 -999.0 -999.0 -999.0 -999.0 -999.0 -999.0 -999.0 -999.0 -999.0 -999.0 -999.0 -999.0 -999.0 -999.0 -999.0 1687.5 1583.8 1344.4 1090.7 924.5 1051.9 1309.4 1212.7 1412.1 1320.2 1366.2 1232.7 1176.3 1147.2 1162.0 1221.1 1332.9 1410.6 1466.3 1562.9 1561.1 1609.6 1637.6 1669.5 1657.6 1613.4 1585.6 1516.9 1209.9 1281.9 1437.5 1491.8 1520.9 1525.1
-999.0 -999.0 -999.0 -999.0 -999.0 -999.0 -999.0 -999.0 -999.0 -999.0 -999.0 -999.0 -999.0 -999.0 -999.0 -999.0 -999.0 -999.0 -999.0 -999.0 -999.0 -999.0 -999.0 -999.0 -999.0 -999.0 -999.0 -999.0 -999.0 -999.0 -999.0 -999.0 -999.0 -999.0 -999.0 -999.0 -999.0 1650.7 1617.7 1494.4 1243.7 1145.8 1204.3 1313.5 1337.9 1381.9 1316.0 1398.2 1409.2 1362.1 1521.1 1192.1 1342.4 1276.1 1391.2 1433.8 1566.6 1593.2 1603.9 1634.8 1700.9 1649.8 1637.8 1587.9 1561.8 1397.6 1349.8 1436.0 1507.8 1532.4 1554.1
