GDD/GrowingDegreeDays_1970_Actual.txt
ncols         180
nrows         290
xllcorner     -200000
yllcorner     -200000
cellsize      5000
NODATA_value    -999
[rows 128 to 159 of 290, columns 71 to 141 of 180]
-999.0 1247.3 1543.8 1576.7 -999.0 -999.0 -999.0 -999.0 -999.0 -999.0 -999.0 -999.0 -999.0 1422.1 1320.0 1481.2 1304.9 1156.3 1238.3 1034.8 881.0 968.7 867.3 998.5 1142.0 1241.6 1216.2 1021.6 1061.6 1103.9 1290.9 1088.9 814.0 1010.9 887.0 1074.6 1097.2 1271.3 1259.9 1166.8 1228.6 1200.1 1095.9 977.0 888.3 940.9 1068.2 1160.5 1192.5 1288.6 1183.7 1169.6 1269.2 1342.7 -999.0 -999.0 -999.0 -999.0 -999.0 -999.0 -999.0 -999.0 -999.0 -999.0 -999.0 -999.0 -999.0 -999.0 -999.0 -999.0 -999.0
-999.0 -999.0 -999.0 -999.0 -999.0 -999.0 -999.0 -999.0 -999.0 -999.0 -999.0 -999.0 -999.0 1474.5 1531.1 1224.7 1299.1 1135.3 1235.7 997.8 981.3 817.4 876.7 911.2 1030.9 1092.2 1266.3 785.9 847.9 1116.9 1319.6 1074.3 897.4 1073.1 1039.8 943.4 1159.4 1034.3 984.8 1111.1 990.8 982.6 811.8 1087.9 1075.6 1014.7 1023.4 1047.9 1227.2 1376.0 1315.6 1335.4 1367.5 1416.9 1449.8 -999.0 -999.0 -999.0 -999.0 -999.0 -999.0 -999.0 -999.0 -999.0 -999.0 -999.0 -999.0 -999.0 -999.0 -999.0 -999.0
-999.0 -999.0 -999.0 -999.0 -999.0 -999.0 -999.0 -999.0 -999.0 -999.0 -999.0 -999.0 1676.8 1320.3 1187.0 1197.1 1125.8 1120.9 1187.1 1228.1 943.8 954.2 882.1 946.3 985.0 1198.2 1400.7 1163.3 1078.5 1097.7 1283.4 1281.6 1121.2 1096.3 1094.2 1062.9 880.6 1135.5 1171.3 1135.3 1146.7 814.6 977.9 874.0 938.6 1095.9 1085.8 1078.7 1085.0 1083.5 1337.8 1407.3 1420.1 1429.7 1481.3 -999.0 -999.0 -999.0 -999.0 -999.0 -999.0 -999.0 -999.0 -999.0 -999.0 -999.0 -999.0 -999.0 -999.0 -999.0 -999.0
-999.0 -999.0 -999.0 -999.0 -999.0 -999.0 -999.0 -999.0 -999.0 -999.0 -999.0 -999.0 1400.5 1300.1 1262.9 960.3 1013.0 1153.9 1180.6 943.1 1196.9 1110.8 985.1 1104.4 1103.0 1331.7 1454.9 1298.3 1229.8 1065.7 1352.0 1315.7 1284.0 1202.3 1279.8 992.6 1271.0 1013.4 1112.6 1249.3 829.7 1162.7 1060.3 1008.5 1072.0 1017.1 1183.5 1194.3 1064.9 1122.4 1279.3 1292.7 1353.5 1423.2 1461.7 -999.0 -999.0 -999.0 -999.0 -999.0 -999.0 -999.0 -999.0 -999.0 -999.0 -999.0 -999.0 -999.0 -999.0 -999.0 -999.0
-999.0 -999.0 -999.0 -999.0 -999.0 -999.0 -999.0 -999.0 -999.0 -999.0 -999.0 1370.2 1391.9 1354.2 1113.4 1175.4 1146.8 748.2 1018.6 1024.5 1203.7 1120.0 1121.2 1224.3 1117.2 1168.8 1327.7 1237.6 1286.3 1424.2 1460.7 1376.9 1221.4 1211.1 1036.3 1179.5 1300.9 1015.5 1217.0 1171.3 864.0 1116.9 1193.8 1254.5 1143.0 1054.2 1109.8 1100.6 1107.7 1232.1 1280.4 1342.7 1420.2 1426.9 1459.7 -999.0 -999.0 -999.0 -999.0 -999.0 -999.0 -999.0 -999.0 -999.0 -999.0 -999.0 -999.0 -999.0 -999.0 -999.0 -999.0
-999.0 -999.0 -999.0 -999.0 -999.0 -999.0 -999.0 -999.0 -999.0 -999.0 1530.7 1349.5 1218.9 1376.1 1293.2 1205.3 1245.1 1072.2 1170.3 812.8 1298.8 1351.3 1257.0 1214.5 1199.2 1186.3 1331.5 1455.2 1531.8 1340.8 1481.3 1474.0 1305.4 1261.8 1262.5 1263.9 1355.3 1187.1 1332.5 1199.7 928.1 1003.1 999.6 1081.9 1134.1 1208.8 1246.0 1117.8 1189.0 1246.4 1277.1 1332.2 1371.6 1452.0 1474.7 1499.1 -999.0 -999.0 -999.0 -999.0 -999.0 -999.0 -999.0 -999.0 -999.0 -999.0 -999.0 -999.0 -999.0 -999.0 -999.0
-999.0 -999.0 -999.0 -999.0 -999.0 -999.0 -999.0 -999.0 -999.0 -999.0 1280.1 993.4 1180.3 1254.5 1322.6 1333.9 1400.9 839.9 1040.4 1175.0 1211.0 1396.8 1370.3 1285.1 1318.7 1065.3 1412.7 1529.3 1546.4 1549.7 1329.0 1484.8 1301.1 1342.4 1306.1 1350.2 1345.6 1341.0 1196.1 1285.3 1105.6 1046.5 1096.8 1051.1 1178.9 1274.4 1314.5 1226.1 1277.8 1209.7 1280.8 1378.7 1468.8 1431.0 1446.0 1478.8 -999.0 -999.0 -999.0 -999.0 -999.0 -999.0 -999.0 -999.0 -999.0 -999.0 -999.0 -999.0 -999.0 -999.0 -999.0
-999.0 -999.0 -999.0 -999.0 -999.0 -999.0 -999.0 -999.0 1485.8 1417.4 1187.0 1194.5 1214.9 1192.9 1334.0 1330.0 1449.8 1114.3 1175.4 1153.4 1256.3 1288.7 1445.2 1298.1 1273.5 1348.3 1384.5 1429.3 1606.7 1576.6 1452.3 1462.1 1452.7 1422.0 1396.2 1445.7 1452.8 1346.6 1349.9 1336.7 1064.7 1107.3 1135.1 1152.5 1101.0 1233.6 1290.6 1418.5 1345.8 1311.9 1350.6 1402.4 1483.9 1475.9 1457.1 1452.5 -999.0 -999.0 -999.0 -999.0 -999.0 -999.0 -999.0 -999.0 -999.0 -999.0 -999.0 -999.0 -999.0 -999.0 -999.0
-999.0 -999.0 -999.0 -999.0 -999.0 -999.0 -999.0 -999.0 1400.8 1367.4 1433.2 1229.1 1263.4 1202.0 1360.9 1450.2 1503.8 1464.3 1342.8 1043.2 1234.8 1302.5 1448.5 1457.1 1422.6 1442.1 1460.0 1428.8 1542.3 1465.3 1548.4 1527.2 1519.5 1494.9 1506.9 1520.3 1546.0 1506.7 1392.5 1367.3 1361.1 1252.8 1217.7 1234.2 1260.3 1303.7 1506.0 1402.1 1221.8 1292.1 1410.4 1432.9 1484.5 1487.8 1533.5 1489.8 1506.4 -999.0 -999.0 -999.0 -999.0 -999.0 -999.0 -999.0 -999.0 -999.0 -999.0 -999.0 -999.0 -999.0 -999.0
-999.0 -999.0 -999.0 -999.0 -999.0 -999.0 -999.0 -999.0 1385.4 1354.3 1494.1 1295.2 1403.6 1335.3 1412.0 1480.6 1485.4 1548.9 1275.7 1261.9 1308.3 1202.8 1417.1 1460.9 1420.9 1484.9 1384.3 1159.6 1451.5 -999.0 -999.0 -999.0 1545.9 1510.7 -999.0 1570.4 1584.5 1553.1 1517.5 1470.9 1336.4 1199.1 1284.4 1296.7 1252.4 1339.4 1279.0 1278.5 1399.9 1481.3 1524.8 1535.3 1493.4 1668.9 1656.4 1587.8 1530.6 -999.0 -999.0 -999.0 -999.0 -999.0 -999.0 -999.0 -999.0 -999.0 -999.0 -999.0 -999.0 -999.0 -999.0
1556.6 -999.0 -999.0 -999.0 -999.0 -999.0 -999.0 -999.0 1513.5 1265.8 1448.0 1480.4 1439.6 1393.9 1403.2 1436.4 1517.8 1545.5 1510.4 1163.7 1316.7 1249.0 1425.5 1452.8 1309.1 1511.2 1466.8 1466.8 1504.1 -999.0 -999.0 -999.0 1553.3 1529.6 1511.1 1546.3 1597.8 1582.9 1562.4 1382.3 1166.3 1079.7 1218.4 1037.9 1248.4 1293.4 1142.4 1322.1 1282.5 1299.1 1372.3 1565.1 1494.2 1410.7 1553.5 1551.0 1575.0 -999.0 -999.0 -999.0 -999.0 -999.0 -999.0 -999.0 -999.0 -999.0 -999.0 -999.0 -999.0 -999.0 -999.0
1404.5 1458.6 -999.0 -999.0 -999.0 -999.0 -999.0 -999.0 -999.0 1388.9 1348.4 1499.2 -999.0 1460.4 1418.0 1439.0 1456.8 1538.3 -999.0 1506.9 1557.6 1415.9 1501.3 1423.6 1400.5 1536.9 1540.6 -999.0 -999.0 -999.0 -999.0 1556.9 1543.0 1535.0 1543.0 1522.6 1524.4 1552.8 1495.0 1402.5 1132.7 843.5 1221.6 932.9 1165.6 1079.4 1037.0 1232.7 1159.1 1286.2 1423.5 1354.5 1360.7 1449.4 1588.8 1524.6 1479.4 1611.3 -999.0 -999.0 -999.0 -999.0 -999.0 -999.0 -999.0 -999.0 -999.0 -999.0 -999.0 -999.0 -999.0
1317.5 -999.0 -999.0 -999.0 -999.0 -999.0 -999.0 -999.0 -999.0 -999.0 1430.3 -999.0 -999.0 -999.0 1543.3 1433.2 1433.8 1464.4 1528.2 -999.0 -999.0 1509.9 1590.3 1425.0 1362.8 -999.0 -999.0 -999.0 -999.0 -999.0 1600.8 1501.0 1513.5 1516.3 1525.8 1474.7 1510.7 1446.9 1375.5 1441.4 1268.7 1017.4 848.0 1003.0 910.4 901.6 919.4 1108.6 1100.2 1097.1 1195.1 1362.8 1401.6 1404.7 1582.2 1523.1 1438.1 1480.1 -999.0 -999.0 -999.0 -999.0 -999.0 -999.0 -999.0 -999.0 -999.0 -999.0 -999.0 -999.0 -999.0
-999.0 -999.0 -999.0 -999.0 -999.0 -999.0 -999.0 -999.0 -999.0 -999.0 1497.1 1507.1 -999.0 -999.0 -999.0 1534.0 1378.5 1379.2 1449.9 -999.0 -999.0 -999.0 -999.0 1599.8 -999.0 -999.0 -999.0 -999.0 -999.0 -999.0 1619.7 1548.8 1531.5 1428.4 1343.0 1337.8 1418.4 1421.2 1461.7 1432.3 1350.8 1090.4 885.9 1054.4 773.7 863.6 846.5 1058.5 1064.1 981.5 1166.1 1309.4 1401.2 1540.0 1606.2 1498.7 1414.2 1459.5 -999.0 -999.0 -999.0 -999.0 -999.0 -999.0 -999.0 -999.0 -999.0 -999.0 -999.0 -999.0 -999.0
1683.5 1701.2 1657.9 -999.0 -999.0 -999.0 -999.0 -999.0 -999.0 -999.0 -999.0 1388.0 -999.0 -999.0 -999.0 -999.0 1507.8 1401.8 1479.1 -999.0 -999.0 -999.0 -999.0 -999.0 -999.0 -999.0 -999.0 -999.0 -999.0 1646.2 1565.3 1436.0 1355.8 1321.5 1234.9 1254.0 1324.4 1353.6 1444.6 1391.4 1369.3 1197.3 740.0 690.0 749.8 839.4 1076.4 1185.2 1160.3 1250.1 1387.9 1268.5 1298.9 1526.0 1538.2 1457.3 1403.8 1455.0 1573.0 -999.0 -999.0 -999.0 -999.0 -999.0 -999.0 -999.0 -999.0 -999.0 -999.0 -999.0 -999.0
1453.3 1477.9 1557.1 1607.8 -999.0 -999.0 -999.0 -999.0 -999.0 -999.0 -999.0 1316.0 -999.0 -999.0 -999.0 -999.0 -999.0 -999.0 -999.0 -999.0 -999.0 -999.0 -999.0 -999.0 -999.0 -999.0 -999.0 -999.0 -999.0 1567.2 1517.4 1490.9 1457.1 1506.5 1057.1 1200.8 1282.2 1196.8 1429.4 1323.1 1501.4 1325.5 854.2 610.6 847.0 988.6 759.3 740.5 873.6 1027.3 1130.6 1437.3 1417.6 1453.8 1393.7 1436.0 1452.5 1451.5 1552.2 1661.8 -999.0 -999.0 -999.0 -999.0 -999.0 -999.0 -999.0 -999.0 -999.0 -999.0 -999.0
1530.1 1557.1 1533.5 1574.2 -999.0 -999.0 -999.0 -999.0 -999.0 -999.0 -999.0 -999.0 -999.0 -999.0 -999.0 -999.0 -999.0 -999.0 -999.0 -999.0 -999.0 -999.0 -999.0 -999.0 -999.0 -999.0 -999.0 -999.0 1674.7 1573.1 1459.2 1517.8 1259.3 1604.3 777.9 813.7 1326.5 1290.6 1390.3 1451.1 1381.8 1425.6 1218.8 692.6 783.5 924.9 998.0 1086.3 982.2 1033.5 1124.8 1289.8 1411.4 1454.1 1478.5 1483.1 1438.6 1505.6 1650.7 1695.5 -999.0 -999.0 -999.0 -999.0 -999.0 -999.0 -999.0 -999.0 -999.0 -999.0 -999.0
1599.9 1621.3 1615.5 1567.2 -999.0 -999.0 -999.0 -999.0 -999.0 -999.0 -999.0 -999.0 -999.0 -999.0 -999.0 -999.0 -999.0 -999.0 -999.0 -999.0 -999.0 -999.0 -999.0 -999.0 -999.0 -999.0 -999.0 -999.0 1669.4 1442.7 1493.5 1336.9 878.5 1307.8 1508.1 1142.6 1082.0 1224.1 1262.0 1340.6 1369.9 1421.4 1381.0 1285.0 770.4 908.4 961.7 1099.3 1134.0 1161.1 1302.1 1343.3 1389.0 1370.3 1494.8 1423.2 1469.5 1497.3 1634.3 1722.7 1701.9 1653.6 1634.8 -999.0 -999.0 -999.0 -999.0 -999.0 -999.0 -999.0 -999.0
1541.6 1654.8 -999.0 1569.1 1603.5 -999.0 -999.0 -999.0 -999.0 -999.0 -999.0 -999.0 -999.0 -999.0 -999.0 -999.0 -999.0 -999.0 -999.0 -999.0 -999.0 -999.0 -999.0 -999.0 -999.0 -999.0 -999.0 -999.0 1643.9 1459.9 1381.0 1128.9 1397.0 1316.3 1219.3 1009.6 1205.6 1277.7 1006.4 1350.2 1207.7 1368.9 1441.6 1471.6 1222.6 1023.3 1025.4 1089.8 1144.1 1293.7 1304.6 1369.8 1452.1 1523.2 1519.6 1516.3 1475.4 1534.9 1634.6 1699.4 1447.3 1519.2 1439.3 1422.4 1501.3 -999.0 -999.0 -999.0 -999.0 -999.0 -999.0
1504.3 1574.3 1588.0 1550.8 -999.0 -999.0 -999.0 -999.0 -999.0 -999.0 -999.0 -999.0 -999.0 -999.0 -999.0 -999.0 -999.0 -999.0 -999.0 -999.0 -999.0 -999.0 -999.0 -999.0 -999.0 -999.0 -999.0 -999.0 1650.8 1456.8 1293.4 941.7 831.6 1048.8 1300.5 1241.1 1165.4 985.1 1266.2 1001.2 1137.8 1260.5 1331.5 1373.4 1431.1 1334.1 1038.4 1073.1 1148.5 1220.4 1290.4 1362.9 1420.7 1495.7 1563.8 1544.4 1543.1 1597.9 1635.7 1634.4 1512.5 1268.3 1285.9 1296.0 1284.4 1366.4 1584.5 -999.0 -999.0 -999.0 -999.0
1557.8 1578.7 1551.0 1513.5 -999.0 -999.0 -999.0 -999.0 -999.0 -999.0 -999.0 -999.0 -999.0 -999.0 -999.0 -999.0 -999.0 -999.0 -999.0 -999.0 -999.0 -999.0 -999.0 -999.0 -999.0 -999.0 -999.0 -999.0 1682.3 1589.2 1297.6 1118.3 1394.2 659.4 832.2 1301.4 1158.0 1296.1 992.5 929.1 1151.3 1277.9 1272.0 1248.3 1365.4 861.3 946.4 964.6 943.5 958.3 1053.9 1328.8 1315.3 1482.1 1557.8 1568.6 1578.4 1610.7 1652.9 1660.9 1566.5 1341.4 1401.5 1422.4 1369.0 1326.3 1543.4 1414.4 -999.0 -999.0 -999.0
1577.9 1553.7 1472.3 1552.1 -999.0 -999.0 -999.0 -999.0 -999.0 -999.0 -999.0 -999.0 -999.0 -999.0 -999.0 -999.0 1663.7 1647.5 1677.3 -999.0 -999.0 -999.0 -999.0 -999.0 -999.0 -999.0 -999.0 -999.0 -999.0 1717.2 1598.1 1477.1 1311.3 1249.5 1024.6 1454.6 1653.4 1237.3 1227.3 1233.7 1270.5 1154.6 1153.2 1232.5 1186.7 1005.2 1002.6 798.3 889.9 1059.0 1155.4 1178.5 1343.4 1491.4 1560.3 1594.3 1574.9 1620.0 1638.0 1293.3 1351.7 1098.8 1071.7 1152.3 1220.3 1410.9 1244.7 1331.0 1544.4 -999.0 -999.0
1628.7 1521.5 1554.6 -999.0 -999.0 -999.0 -999.0 -999.0 -999.0 -999.0 -999.0 -999.0 -999.0 -999.0 -999.0 -999.0 1637.4 1631.3 -999.0 -999.0 -999.0 -999.0 -999.0 -999.0 -999.0 -999.0 -999.0 -999.0 -999.0 -999.0 1637.7 1637.0 1316.8 1348.5 824.8 1331.6 1322.7 1391.5 1499.3 1477.8 1406.3 1402.8 842.4 1224.3 1144.3 831.8 1016.9 1247.2 1325.5 1046.5 1343.9 1211.4 1408.5 1548.3 1627.8 1629.8 1606.3 1542.8 1362.4 1277.2 1318.7 1319.2 1358.5 1283.2 1207.2 1244.4 1222.4 1339.2 1330.8 -999.0 -999.0
1544.3 1503.9 -999.0 -999.0 -999.0 -999.0 -999.0 -999.0 -999.0 -999.0 -999.0 -999.0 -999.0 -999.0 -999.0 1622.6 1318.4 1391.8 1633.8 -999.0 -999.0 -999.0 -999.0 -999.0 -999.0 -999.0 -999.0 -999.0 -999.0 -999.0 1640.9 1400.3 1305.1 1283.9 1401.8 1314.9 1467.7 1498.6 1518.7 1526.4 1366.1 1427.7 1455.4 863.2 1123.6 1162.6 961.5 1149.4 994.4 1207.3 1202.2 1367.0 1472.1 1573.1 1623.7 1678.2 1635.0 1490.3 1389.4 1431.9 1365.5 1304.5 1335.5 1289.3 1304.3 1300.6 1286.2 1423.0 1336.4 1587.2 -999.0
-999.0 -999.0 -999.0 -999.0 -999.0 -999.0 -999.0 -999.0 -999.0 -999.0 -999.0 -999.0 -999.0 -999.0 1686.8 1272.8 1153.5 1026.3 1649.8 -999.0 -999.0 -999.0 -999.0 -999.0 -999.0 -999.0 -999.0 -999.0 -999.0 -999.0 1654.7 1236.3 1343.1 1635.2 1478.4 1542.7 1491.0 1617.4 1596.5 1482.1 1380.9 1542.1 1037.1 1186.9 966.8 1150.8 867.8 1320.0 1233.6 1381.1 1259.4 1416.0 1456.8 1520.4 1669.0 1686.7 1641.0 1559.3 1347.5 1333.7 1378.7 1471.1 1441.7 1440.1 1429.0 1407.3 1296.7 1304.7 1422.7 1469.4 -999.0
-999.0 -999.0 -999.0 -999.0 -999.0 -999.0 -999.0 -999.0 -999.0 -999.0 -999.0 -999.0 -999.0 1681.0 1594.8 1016.9 1296.9 1461.9 -999.0 -999.0 -999.0 -999.0 -999.0 -999.0 -999.0 -999.0 -999.0 -999.0 -999.0 -999.0 -999.0 1640.3 1669.7 1689.7 1486.0 1652.9 1507.1 1652.4 1618.3 1561.4 1458.6 1559.8 1087.6 1046.4 918.3 941.8 895.2 965.2 980.9 1086.9 1194.6 1241.7 1329.1 1543.3 1625.2 1625.8 1556.3 1532.0 1522.9 1274.6 1402.5 1599.0 1601.9 1550.4 1581.6 1567.3 1552.4 1539.9 1596.2 1598.8 1547.9
-999.0 -999.0 -999.0 -999.0 -999.0 -999.0 -999.0 -999.0 -999.0 -999.0 -999.0 -999.0 -999.0 1435.9 1223.8 1522.6 1600.8 1695.4 -999.0 -999.0 -999.0 -999.0 -999.0 -999.0 -999.0 -999.0 -999.0 -999.0 -999.0 -999.0 -999.0 -999.0 1741.3 1619.4 1655.8 1674.9 1593.8 1672.6 1657.9 1606.4 1459.0 1563.8 1111.9 1149.4 1167.7 979.4 1046.1 1122.1 880.9 910.3 1184.6 1140.2 1288.9 1376.1 1556.8 1594.1 1550.7 1550.5 1577.6 1580.0 1605.8 1665.8 1622.2 1568.7 1544.4 1558.4 1583.3 1591.0 1590.7 1373.0 1375.3
-999.0 -999.0 -999.0 -999.0 -999.0 -999.0 -999.0 -999.0 -999.0 -999.0 -999.0 -999.0 -999.0 1434.2 1506.9 1497.5 1703.5 -999.0 -999.0 -999.0 -999.0 -999.0 -999.0 -999.0 -999.0 -999.0 -999.0 -999.0 -999.0 -999.0 -999.0 -999.0 1773.8 1634.0 1628.0 -999.0 1677.1 -999.0 1748.7 1691.1 1606.6 1611.6 1542.1 1136.7 1178.4 1152.0 915.2 1346.7 1295.9 950.6 1087.8 1181.3 1267.9 1409.4 1534.9 1614.2 1663.6 1661.2 1632.9 1636.3 1600.2 1526.3 1587.0 1500.1 1533.4 1592.1 1553.5 1464.8 1490.7 1518.1 1505.4
-999.0 -999.0 -999.0 -999.0 -999.0 -999.0 -999.0 -999.0 -999.0 -999.0 -999.0 -999.0 1661.5 1684.9 1684.4 -999.0 -999.0 -999.0 -999.0 -999.0 -999.0 -999.0 -999.0 -999.0 -999.0 -999.0 -999.0 -999.0 -999.0 -999.0 -999.0 -999.0 1781.0 1739.6 1714.1 -999.0 -999.0 -999.0 1790.8 1569.8 1675.6 1556.3 1433.5 1479.0 1452.0 1350.0 1084.8 1070.4 1384.9 1109.9 1034.5 1243.2 1213.5 1345.2 1461.7 1649.8 1678.6 1686.3 1677.5 1664.9 1643.1 1614.3 1602.3 1544.6 1607.4 1565.5 1498.7 1445.3 1421.1 1425.4 1466.5
-999.0 -999.0 -999.0 -999.0 -999.0 -999.0 -999.0 -999.0 -999.0 -999.0 -999.0 -999.0 -999.0 -999.0 -999.0 -999.0 -999.0 -999.0 -999.0 -999.0 -999.0 -999.0 -999.0 -999.0 -999.0 -999.0 -999.0 -999.0 -999.0 -999.0 -999.0 -999.0 -999.0 -999.0 -999.0 -999.0 -999.0 1804.7 1773.1 1611.4 1390.7 1300.6 1276.6 1267.2 1360.3 1352.4 1175.0 1195.0 1296.8 1431.1 1242.3 1175.2 1309.0 1390.3 1484.1 1576.5 1640.8 1643.0 1682.6 1694.3 1694.5 1689.6 1662.4 1657.9 1567.1 1370.6 1489.8 1453.8 1524.3 1517.1 1569.2
-999.0 -999.0 -999.0 -999.0 -999.0 -999.0 -999.0 -999.0 -999.0 -999.0 -999.0 -999.0 -999.0 -999.0 -999.0 -999.0 -999.0 -999.0 -999.0 -999.0 -999.0 -999.0 -999.0 -999.0 -999.0 -999.0 -999.0 -999.0 -999.0 -999.0 -999.0 -999.0 -999.0 -999.0 -999.0 -999.0 -999.0 1740.6 1661.0 1450.4 1215.3 1044.3 1149.9 1370.5 1305.3 1500.9 1433.1 1476.7 1353.7 1298.0 1269.1 1279.0 1327.0 1415.9 1472.4 1524.3 1628.7 1640.9 1693.8 1720.1 1748.2 1732.4 1692.0 1669.0 1610.7 1335.8 1404.0 1543.6 1590.8 1615.1 1612.6
-999.0 -999.0 -999.0 -999.0 -999.0 -999.0 -999.0 -999.0 -999.0 -999.0 -999.0 -999.0 -999.0 -999.0 -999.0 -999.0 -999.0 -999.0 -999.0 -999.0 -999.0 -999.0 -999.0 -999.0 -999.0 -999.0 -999.0 -999.0 -999.0 -999.0 -999.0 -999.0 -999.0 -999.0 -999.0 -999.0 -999.0 1705.1 1684.7 1579.2 1348.0 1252.8 1288.6 1375.2 1415.1 1470.2 1419.7 1495.1 1506.0 1462.2 1602.9 1313.1 1439.0 1372.9 1469.3 1510.8 1640.5 1674.9 1690.6 1726.0 1787.8 1719.5 1710.6 1673.2 1653.7 1505.9 1465.2 1546.3 1615.2 1638.3 1651.2
