GDD/GrowingDegreeDays_1982_Actual.txt
ncols         180
nrows         290
xllcorner     -200000
yllcorner     -200000
cellsize      5000
NODATA_value    -999
[rows 160 to 191 of 290, columns 71 to 141 of 180]
-999.0 -999.0 -999.0 -999.0 -999.0 -999.0 -999.0 -999.0 -999.0 -999.0 -999.0 -999.0 -999.0 -999.0 -999.0 -999.0 -999.0 -999.0 -999.0 -999.0 -999.0 -999.0 -999.0 -999.0 -999.0 -999.0 -999.0 -999.0 -999.0 -999.0 -999.0 -999.0 -999.0 -999.0 -999.0 1719.3 1700.7 1683.3 1645.8 1414.7 1310.0 1101.1 1347.2 1240.5 1596.2 1491.8 1500.9 1385.7 1325.7 1394.7 1341.3 1659.7 1639.5 1621.5 1631.2 1662.1 1579.8 1637.1 1664.8 1672.5 1711.6 1760.4 1728.8 1685.6 1663.7 1649.9 1539.5 1595.3 1665.5 1702.3 1712.3
-999.0 -999.0 -999.0 -999.0 -999.0 -999.0 -999.0 -999.0 -999.0 -999.0 -999.0 -999.0 -999.0 -999.0 -999.0 -999.0 -999.0 -999.0 -999.0 -999.0 -999.0 -999.0 -999.0 -999.0 -999.0 -999.0 -999.0 -999.0 -999.0 -999.0 -999.0 -999.0 -999.0 -999.0 -999.0 1714.6 1691.3 1714.2 1751.3 1688.9 1414.0 1586.1 1557.3 1650.2 1530.7 1294.7 1420.3 1283.4 1333.0 1284.6 1626.5 1399.0 1592.4 1506.3 1553.7 1547.0 1609.0 1592.2 1628.8 1696.3 1719.8 1729.3 1685.5 1646.6 1653.6 1670.5 1657.4 1588.2 1652.5 1708.8 1721.7
-999.0 -999.0 -999.0 -999.0 -999.0 -999.0 -999.0 -999.0 -999.0 -999.0 -999.0 -999.0 -999.0 -999.0 -999.0 -999.0 -999.0 -999.0 -999.0 -999.0 -999.0 -999.0 -999.0 -999.0 -999.0 -999.0 -999.0 -999.0 -999.0 -999.0 -999.0 -999.0 -999.0 -999.0 -999.0 1704.7 1703.8 1676.9 1787.2 1746.5 1644.6 1599.2 1637.1 1690.1 1557.4 1455.5 1448.8 1291.5 1171.8 1406.6 1509.5 1689.7 1596.7 1769.6 1711.2 1649.0 1591.8 1610.8 1633.3 1714.8 1719.1 1709.6 1676.3 1645.9 1652.9 1671.1 1676.1 1621.1 1600.6 1713.7 1795.6
-999.0 -999.0 -999.0 -999.0 -999.0 -999.0 -999.0 -999.0 -999.0 -999.0 -999.0 -999.0 -999.0 -999.0 -999.0 -999.0 -999.0 -999.0 -999.0 -999.0 -999.0 -999.0 -999.0 -999.0 -999.0 -999.0 -999.0 -999.0 -999.0 -999.0 -999.0 -999.0 -999.0 -999.0 -999.0 1700.3 1684.4 1682.9 1744.5 1762.2 1723.6 1715.8 1628.3 1514.2 1651.4 1570.5 1465.7 1130.3 1131.8 1149.3 1338.4 1552.0 1646.1 1642.7 1757.2 1799.3 1689.5 1623.3 1689.0 1721.5 1719.9 1727.0 1702.4 1681.5 1687.3 1705.8 1724.7 1645.5 1627.5 1797.8 1891.0
-999.0 -999.0 -999.0 -999.0 -999.0 -999.0 -999.0 -999.0 -999.0 -999.0 -999.0 -999.0 -999.0 -999.0 -999.0 -999.0 -999.0 -999.0 -999.0 -999.0 -999.0 -999.0 -999.0 -999.0 -999.0 -999.0 -999.0 -999.0 -999.0 -999.0 -999.0 -999.0 -999.0 -999.0 -999.0 1718.6 1722.5 1737.9 1790.3 1797.5 1784.8 1675.4 1642.9 1537.0 1478.2 1310.6 1208.7 1130.5 1307.5 1246.4 1438.7 1526.6 1667.1 1544.5 1653.1 1771.7 1808.2 1793.8 1766.6 1759.0 1737.7 1731.4 1733.6 1722.8 1722.4 1743.0 1743.8 1761.8 1741.6 1839.2 1911.7
-999.0 -999.0 -999.0 -999.0 -999.0 -999.0 -999.0 -999.0 -999.0 -999.0 -999.0 -999.0 -999.0 -999.0 -999.0 -999.0 -999.0 -999.0 -999.0 -999.0 -999.0 -999.0 -999.0 -999.0 -999.0 -999.0 -999.0 -999.0 -999.0 -999.0 -999.0 -999.0 -999.0 -999.0 -999.0 -999.0 1723.8 1738.4 1775.3 1791.4 1696.3 1505.2 1462.9 1415.8 1476.9 1481.5 1307.8 1319.1 1233.4 1350.1 1590.6 1797.3 1753.5 1686.4 1663.5 1809.6 1804.2 1747.4 1766.3 1791.9 1743.9 1752.0 1758.0 1755.5 1748.8 1755.9 1755.2 1753.4 1792.6 1822.1 1862.4
-999.0 -999.0 -999.0 -999.0 -999.0 -999.0 -999.0 -999.0 -999.0 -999.0 -999.0 -999.0 -999.0 -999.0 -999.0 -999.0 -999.0 -999.0 -999.0 -999.0 -999.0 -999.0 -999.0 -999.0 -999.0 -999.0 -999.0 -999.0 -999.0 -999.0 -999.0 -999.0 -999.0 -999.0 -999.0 1783.3 1730.5 1750.1 1778.6 1767.1 1694.3 1381.5 1334.0 1451.1 1277.2 1306.5 1369.8 1377.8 1147.0 1330.7 1362.2 1600.2 1871.2 1655.4 1779.4 1858.0 1758.7 1747.6 1801.6 1765.2 1774.6 1775.2 1767.7 1764.0 1758.4 1758.9 1665.2 1734.7 1764.7 1681.8 1725.6
-999.0 -999.0 -999.0 -999.0 -999.0 -999.0 -999.0 -999.0 -999.0 -999.0 -999.0 -999.0 -999.0 -999.0 -999.0 -999.0 -999.0 -999.0 -999.0 -999.0 -999.0 -999.0 -999.0 -999.0 -999.0 -999.0 -999.0 -999.0 -999.0 -999.0 -999.0 -999.0 -999.0 -999.0 -999.0 1784.1 1773.8 1769.2 1780.7 1636.9 1690.3 1605.6 1363.2 1558.3 1550.8 1525.1 1599.4 1559.6 1308.4 1372.0 1402.2 1708.1 1615.5 1517.8 1727.2 1663.1 1718.8 1681.2 1725.6 1754.6 1798.3 1800.9 1785.2 1774.6 1754.9 1773.1 1762.0 1706.3 1758.3 1720.8 1675.0
-999.0 -999.0 -999.0 -999.0 -999.0 -999.0 -999.0 -999.0 -999.0 -999.0 -999.0 -999.0 -999.0 -999.0 -999.0 -999.0 -999.0 -999.0 -999.0 -999.0 -999.0 -999.0 -999.0 -999.0 -999.0 -999.0 -999.0 -999.0 -999.0 -999.0 -999.0 -999.0 -999.0 -999.0 1762.1 1790.9 1796.8 1706.1 1715.4 1707.1 1743.3 1666.2 1632.3 1670.4 1720.1 1754.1 1713.3 1601.3 1350.3 1178.0 1138.5 1449.5 1363.2 1439.7 1672.4 1678.9 1770.2 1740.8 1733.6 1784.0 1812.3 1811.9 1800.2 1781.7 1759.1 1783.1 1773.0 1756.5 1749.3 1740.8 1635.4
-999.0 -999.0 -999.0 -999.0 -999.0 -999.0 -999.0 -999.0 -999.0 -999.0 -999.0 -999.0 -999.0 -999.0 -999.0 -999.0 -999.0 -999.0 -999.0 -999.0 -999.0 -999.0 -999.0 -999.0 -999.0 -999.0 -999.0 -999.0 -999.0 -999.0 -999.0 -999.0 -999.0 -999.0 -999.0 1765.4 1828.5 1792.0 1764.5 1627.1 1793.2 1796.7 1799.4 1799.2 1817.3 1885.7 1851.2 1723.2 1603.4 1266.1 1122.8 1074.3 1322.1 1355.7 1510.2 1651.1 1656.1 1818.4 1813.4 1744.8 1812.2 1819.0 1811.3 1785.7 1766.4 1779.9 1776.8 1751.2 1757.5 1765.4 1749.5
-999.0 -999.0 -999.0 -999.0 -999.0 -999.0 -999.0 -999.0 -999.0 -999.0 -999.0 -999.0 -999.0 -999.0 -999.0 -999.0 -999.0 -999.0 -999.0 -999.0 -999.0 -999.0 -999.0 -999.0 -999.0 -999.0 -999.0 -999.0 -999.0 -999.0 -999.0 -999.0 -999.0 -999.0 -999.0 1815.1 1835.5 1856.6 1844.0 1813.6 1813.6 1818.0 1862.5 1883.2 1970.2 2034.6 1978.0 1837.8 1623.9 1533.8 1156.0 1020.3 1057.5 1259.5 1450.5 1605.7 1730.8 1675.2 1753.7 1699.9 1795.8 1796.3 1804.1 1772.0 1764.6 1770.2 1750.2 1740.0 1754.4 1765.3 1721.8
-999.0 -999.0 -999.0 -999.0 -999.0 -999.0 -999.0 -999.0 -999.0 -999.0 -999.0 -999.0 -999.0 -999.0 -999.0 1820.7 1790.2 1765.1 1743.6 -999.0 -999.0 -999.0 -999.0 -999.0 -999.0 -999.0 -999.0 -999.0 -999.0 -999.0 -999.0 -999.0 -999.0 -999.0 1829.0 1892.2 1869.4 1886.3 1817.7 1815.6 1843.1 1850.2 1865.4 1911.7 1954.7 2008.0 1961.2 1848.5 1695.7 1392.7 1194.3 1173.9 1359.8 1225.9 1409.7 1767.4 1739.5 1794.4 1597.8 1634.0 1756.5 1746.3 1736.0 1725.9 1741.6 1761.4 1759.4 1733.7 1744.9 1777.8 1759.5
-999.0 -999.0 -999.0 -999.0 -999.0 -999.0 -999.0 -999.0 -999.0 -999.0 -999.0 -999.0 -999.0 -999.0 -999.0 1751.6 1676.9 1705.9 1800.1 -999.0 -999.0 -999.0 -999.0 -999.0 -999.0 -999.0 -999.0 -999.0 -999.0 -999.0 -999.0 -999.0 -999.0 1912.9 1778.9 1868.7 1910.4 1835.4 1884.7 1823.2 1853.6 1854.0 1861.5 1892.4 1904.5 1901.7 1907.1 1836.1 1722.0 1582.9 1196.8 1137.4 1375.7 1354.7 1525.6 1676.9 1918.6 1843.4 1685.8 1649.2 1722.0 1777.8 1767.5 1726.8 1725.1 1759.6 1767.2 1758.3 1727.8 1770.8 1752.0
-999.0 -999.0 -999.0 -999.0 -999.0 -999.0 -999.0 -999.0 -999.0 -999.0 -999.0 -999.0 -999.0 1807.3 1908.1 1837.8 1683.6 1698.7 1724.0 1873.4 1941.5 1971.5 -999.0 -999.0 1823.0 1886.3 -999.0 -999.0 -999.0 1909.0 1799.3 1783.8 -999.0 1914.3 1756.3 1856.0 1938.5 1901.6 1888.6 1789.4 1793.2 1787.5 1826.2 1786.3 1863.1 1822.9 1821.6 1784.5 1443.0 1655.4 1531.2 1293.5 1582.9 1524.2 1303.7 1774.3 1685.1 1799.0 1703.7 1680.6 1730.3 1770.0 1804.5 1743.6 1756.7 1795.5 1777.0 1792.2 1742.7 1785.6 1773.1
-999.0 -999.0 -999.0 -999.0 -999.0 -999.0 -999.0 -999.0 -999.0 -999.0 -999.0 -999.0 -999.0 -999.0 1935.6 1888.3 1792.0 1765.8 1783.1 1802.0 1748.6 1971.1 -999.0 1944.1 1798.3 1604.3 1708.6 1663.1 1902.9 1894.5 1527.2 1543.0 1638.3 -999.0 1848.1 1806.3 1840.7 1882.3 1866.7 1747.9 1841.5 1935.2 1920.6 1813.9 1775.7 1777.9 1707.8 1700.3 1406.1 1324.7 1354.4 1342.4 1384.7 1287.6 1362.5 1581.5 1752.2 1790.2 1628.0 1625.4 1721.4 1709.3 1792.3 1757.8 1763.0 1799.7 1782.6 1815.0 1770.1 1794.2 1788.2
-999.0 -999.0 -999.0 -999.0 -999.0 -999.0 -999.0 -999.0 -999.0 -999.0 -999.0 -999.0 -999.0 -999.0 -999.0 1941.4 1840.4 1767.2 1844.8 1876.2 1908.4 1951.1 1539.5 1036.5 1697.5 1388.5 1393.2 1491.3 1658.3 1809.8 1761.8 1593.5 1457.3 1647.0 1846.8 1871.0 1830.5 1846.6 1781.6 1613.3 1724.0 1924.6 1952.1 1847.5 1779.5 1761.3 1695.8 1635.4 1271.3 1166.5 1298.0 1326.7 1451.9 1492.9 1455.5 1537.1 1710.7 1739.8 1650.4 1674.9 1690.5 1658.0 1752.2 1714.7 1783.5 1794.0 1801.1 1784.0 1688.3 1814.0 1806.8
-999.0 -999.0 -999.0 -999.0 -999.0 -999.0 -999.0 -999.0 -999.0 -999.0 -999.0 -999.0 -999.0 -999.0 -999.0 -999.0 1842.5 1897.9 1902.8 1915.3 1808.6 1596.0 797.2 1211.6 1803.1 1317.8 1573.8 1342.7 1412.2 1652.5 1769.8 1338.2 1520.6 1522.7 1696.4 1865.4 1833.0 1798.7 1794.8 1681.5 1693.1 1809.2 1847.4 1836.5 1766.0 1733.5 1693.3 1504.2 1388.5 1120.5 1272.7 1265.1 1308.5 1577.6 1483.3 1433.8 1554.4 1632.6 1647.9 1711.3 1658.7 1658.2 1731.6 1706.5 1784.4 1805.0 1791.6 1806.6 1797.5 1801.0 1815.6
-999.0 -999.0 -999.0 -999.0 -999.0 -999.0 -999.0 -999.0 -999.0 -999.0 -999.0 -999.0 -999.0 -999.0 -999.0 -999.0 -999.0 1951.2 1917.6 1721.5 1499.7 857.7 775.9 1177.6 1434.8 1445.8 1349.0 1241.2 1252.2 1278.9 1549.5 1672.5 1267.9 1486.1 1653.7 1717.2 1814.1 1820.3 1784.4 1746.2 1727.2 1774.1 1812.3 1785.0 1736.5 1701.5 1636.9 1487.8 1308.9 1212.5 1351.1 1373.4 1292.5 1440.6 1678.7 1489.5 1659.9 1617.8 1628.2 1740.8 1744.8 1716.5 1708.4 1708.9 1787.5 1815.5 1807.3 1837.0 1762.1 1799.4 1818.3
-999.0 -999.0 -999.0 -999.0 -999.0 -999.0 -999.0 -999.0 -999.0 -999.0 -999.0 -999.0 -999.0 -999.0 -999.0 -999.0 -999.0 1968.2 1831.7 1456.9 1305.0 1172.9 936.5 1397.4 1634.5 1437.8 1204.8 1128.1 1090.4 1269.8 1506.6 1707.7 1249.5 1352.0 1608.0 1699.8 1839.6 1833.1 1777.1 1694.2 1708.2 1732.3 1748.1 1760.4 1735.6 1677.8 1508.8 1420.2 1494.1 1186.8 1343.7 1323.6 1260.4 1318.4 1506.5 1621.1 1659.3 1715.3 1633.2 1634.6 1721.0 1717.8 1760.5 1763.4 1815.5 1812.0 1818.1 1823.5 1794.3 1769.8 1806.7
-999.0 -999.0 -999.0 -999.0 -999.0 -999.0 -999.0 -999.0 -999.0 -999.0 -999.0 -999.0 -999.0 -999.0 -999.0 -999.0 -999.0 1964.5 1776.0 1543.0 1555.3 1172.4 1278.1 1520.4 1426.1 1534.4 1355.2 1098.9 1201.1 1102.3 1296.5 1563.0 1296.1 1327.3 1446.1 1748.4 1811.5 1842.5 1749.6 1655.7 1667.3 1715.1 1733.4 1742.1 1710.1 1585.9 1515.0 1516.4 1492.8 1342.4 1369.0 1385.4 1406.3 1494.8 1519.8 1484.1 1710.7 1640.5 1643.4 1704.4 1694.6 1743.2 1706.9 1814.5 1826.5 1817.1 1830.0 1825.3 1716.8 1801.1 1821.2
-999.0 -999.0 -999.0 -999.0 -999.0 -999.0 -999.0 -999.0 -999.0 -999.0 -999.0 -999.0 -999.0 -999.0 -999.0 -999.0 1935.2 1198.0 1651.4 1530.8 1379.4 1651.0 939.3 1102.9 1171.8 1277.8 1085.8 1245.9 1194.6 1292.7 1408.0 1323.7 1143.2 1334.7 1454.1 1745.8 1833.5 1860.0 1709.5 1688.7 1718.1 1717.0 1742.7 1715.0 1616.1 1629.0 1617.1 1453.9 1363.6 1568.7 1282.9 1341.3 1548.0 1522.3 1588.6 1646.3 1661.5 1696.2 1698.7 1789.5 1722.6 1781.9 1827.3 1741.9 1833.4 1825.2 1812.8 1810.6 1726.1 1804.1 1829.0
-999.0 -999.0 -999.0 -999.0 -999.0 -999.0 -999.0 -999.0 -999.0 -999.0 -999.0 -999.0 -999.0 -999.0 1901.7 1849.5 1524.2 1603.9 1765.5 1776.8 1599.5 1762.4 1533.8 1399.5 1145.6 1147.4 1039.6 1141.7 1092.8 1412.1 1275.3 1338.3 1580.3 1590.0 1694.6 1700.3 1784.6 1811.2 1708.6 1688.5 1688.7 1720.0 1691.8 1577.7 1633.8 1599.2 1647.5 1496.7 1434.0 1475.1 1545.1 1615.3 1517.2 1573.3 1625.7 1645.6 1675.1 1689.7 1756.8 1808.7 1852.9 1887.9 1863.8 1829.2 1822.1 1796.6 1817.8 1805.7 1728.1 1793.8 1833.4
-999.0 -999.0 -999.0 -999.0 -999.0 -999.0 -999.0 -999.0 -999.0 -999.0 -999.0 -999.0 -999.0 1840.0 1769.0 1769.0 1785.4 1861.5 1935.9 1913.3 1921.2 1871.1 1603.5 1446.2 1295.3 845.0 1258.9 1369.9 1324.9 1486.8 1114.0 1097.3 1204.8 1504.9 1680.6 1692.5 1718.7 1738.0 1698.8 1650.6 1683.1 1680.7 1655.3 1587.5 1546.0 1628.4 1611.3 1493.8 1508.5 1546.0 1575.1 1584.9 1585.0 1680.5 1667.7 1714.0 1839.7 1753.0 1798.7 1879.5 1949.3 1918.0 1832.7 1833.5 1815.0 1794.6 1782.4 1781.0 1681.6 1741.3 1804.2
-999.0 -999.0 -999.0 -999.0 -999.0 -999.0 -999.0 -999.0 -999.0 -999.0 -999.0 -999.0 1871.0 1658.9 1676.3 1731.8 -999.0 -999.0 -999.0 -999.0 1934.3 1375.2 1359.4 1344.0 1203.2 1289.3 1347.2 1111.6 1157.9 1289.2 788.3 948.5 1168.3 1283.2 1585.8 1775.4 1731.4 1703.9 1713.0 1691.9 1694.3 1696.0 1638.2 1660.8 1537.0 1585.1 1572.6 1564.8 1562.8 1573.4 1605.5 1686.7 1695.4 1718.3 1751.5 1792.8 1855.9 1865.3 1851.5 1872.3 1883.2 1868.9 1843.7 1823.2 1764.4 1728.7 1723.4 1737.4 1692.1 1724.5 1747.6
-999.0 -999.0 -999.0 -999.0 -999.0 -999.0 -999.0 -999.0 -999.0 -999.0 -999.0 -999.0 1835.9 1546.5 1810.7 1889.5 -999.0 -999.0 -999.0 -999.0 1990.0 1537.7 1247.6 1537.7 1179.3 1192.4 1209.2 1020.1 965.0 1188.9 956.3 1397.5 1385.3 1524.5 1676.0 1793.9 1771.8 1714.9 1700.7 1663.7 1624.5 1698.2 1636.0 1645.4 1622.6 1555.1 1618.6 1609.1 1675.5 1631.1 1590.4 1587.4 1608.8 1725.5 1772.4 1800.4 1822.2 1780.1 1801.1 1794.4 1796.2 1802.5 1725.2 1755.4 1622.9 1631.8 1634.3 1711.0 1693.9 1724.0 1746.3
-999.0 -999.0 -999.0 -999.0 -999.0 -999.0 -999.0 -999.0 -999.0 -999.0 -999.0 -999.0 -999.0 -999.0 -999.0 -999.0 -999.0 -999.0 -999.0 -999.0 1989.3 1459.7 1411.5 1537.5 1324.8 1445.4 1009.8 1054.0 1365.6 1181.6 1235.3 1380.6 1403.1 1632.5 1745.5 1817.6 1708.2 1706.8 1689.7 1686.3 1711.3 1712.0 1701.5 1694.5 1663.2 1620.1 1661.7 1683.5 1683.9 1662.9 1696.1 1662.2 1648.6 1780.7 1679.2 1622.5 1716.1 1718.8 1735.8 1792.4 1754.3 1687.8 1590.9 1614.3 1670.8 1662.9 1634.9 1692.9 1684.3 1725.4 1734.3
-999.0 -999.0 -999.0 -999.0 -999.0 -999.0 -999.0 -999.0 -999.0 -999.0 -999.0 -999.0 -999.0 -999.0 -999.0 -999.0 -999.0 -999.0 -999.0 -999.0 -999.0 1462.7 1921.1 1760.7 1439.0 1108.6 1176.3 1070.7 1100.0 1398.4 1381.0 1363.7 1656.0 1713.1 1796.0 1794.6 1758.8 1718.0 1740.2 1753.6 1745.0 1748.0 1739.4 1710.0 1704.6 1647.5 1652.5 1694.6 1570.7 1648.1 1747.9 1758.3 1751.6 1741.1 1747.6 1653.3 1638.2 1692.7 1628.2 1759.5 1777.2 1682.8 1706.9 1667.8 1675.6 1723.5 1665.1 1691.7 1723.3 1768.7 1743.4
-999.0 -999.0 -999.0 -999.0 -999.0 -999.0 -999.0 -999.0 -999.0 -999.0 -999.0 -999.0 -999.0 -999.0 -999.0 -999.0 -999.0 -999.0 -999.0 -999.0 -999.0 1742.9 1294.0 1200.7 1318.8 1343.2 1403.8 1251.5 1402.3 1396.2 1584.4 1750.2 1594.8 1754.8 1785.7 1640.4 1675.1 1702.0 1760.4 1825.1 1802.7 1712.6 1721.6 1639.3 1645.5 1648.6 1652.1 1685.1 1583.2 1577.0 1695.6 1755.4 1779.2 1760.1 1744.5 1713.8 1674.8 1640.2 1526.5 1667.1 1803.8 1757.6 1701.8 1613.7 1572.7 1624.3 1713.3 1704.2 1755.6 1793.0 1824.1
-999.0 -999.0 -999.0 -999.0 -999.0 -999.0 -999.0 -999.0 -999.0 -999.0 -999.0 -999.0 -999.0 -999.0 -999.0 -999.0 -999.0 -999.0 -999.0 -999.0 1812.5 1626.1 1693.1 1099.9 1436.4 1501.9 1318.1 1355.2 1468.5 1292.6 1648.5 1813.1 1588.6 1809.9 1337.2 1550.6 1686.3 1706.6 1644.6 1756.5 1754.3 1517.2 1542.6 1613.2 1713.5 1681.0 1692.5 1715.5 1702.4 1707.1 1744.5 1774.5 1770.4 1771.0 1755.3 1700.6 1708.1 1629.1 1673.5 1765.9 1796.9 1732.0 1654.0 1576.2 1545.6 1598.9 1722.1 1743.1 1796.4 1846.8 1875.2
-999.0 -999.0 -999.0 -999.0 -999.0 -999.0 -999.0 -999.0 -999.0 -999.0 -999.0 -999.0 -999.0 -999.0 -999.0 -999.0 -999.0 -999.0 -999.0 -999.0 2014.9 1752.6 1199.9 1562.1 1838.4 1600.4 1537.6 1388.2 1258.0 1318.6 1626.8 1761.2 1705.5 1744.2 1641.3 1598.6 1536.5 1535.0 1693.3 1677.6 1670.9 1633.3 1592.3 1693.8 1723.7 1702.8 1739.7 1722.6 1741.2 1806.4 1795.7 1784.8 1779.1 1770.1 1773.8 1750.3 1741.1 1681.5 1679.9 1750.1 1761.8 1677.1 1573.9 1507.1 1590.3 1587.9 1635.0 1720.3 1832.5 1813.9 1898.3
-999.0 -999.0 -999.0 -999.0 -999.0 -999.0 -999.0 -999.0 -999.0 -999.0 -999.0 -999.0 -999.0 -999.0 -999.0 -999.0 -999.0 -999.0 -999.0 -999.0 2090.7 1657.3 1913.3 1645.4 1650.3 1511.3 1486.7 1150.5 1308.1 1241.6 1494.3 1625.1 1750.2 1741.6 1649.9 1444.2 1347.2 1261.7 1604.8 1489.5 1587.9 1584.6 1612.0 1741.6 1721.4 1724.6 1761.4 1766.2 1833.8 1852.1 1757.1 1761.1 1795.9 1772.7 1686.7 1786.8 1759.6 1727.2 1736.0 1775.4 1750.7 1658.9 1609.4 1601.1 1625.6 1635.7 1715.6 1760.2 1771.2 1808.6 1884.3
-999.0 -999.0 -999.0 -999.0 -999.0 -999.0 -999.0 -999.0 -999.0 -999.0 -999.0 -999.0 -999.0 -999.0 -999.0 -999.0 -999.0 -999.0 -999.0 -999.0 -999.0 1889.2 1578.6 1360.3 1169.5 1076.3 1265.9 1274.7 1430.0 1649.6 1671.5 1719.2 1659.6 1644.4 1689.0 1569.5 1559.5 1326.0 1487.7 1571.9 1603.0 1521.4 1559.1 1717.7 1649.0 1755.9 1818.0 1708.0 1870.0 1886.1 1880.0 1819.4 1826.6 1799.8 1677.4 1731.1 1785.9 1734.8 1748.5 1758.9 1715.9 1639.8 1663.2 1683.6 1730.7 1686.8 1757.0 1705.0 1740.7 1839.9 1871.2
