GDD/GrowingDegreeDays_1991_Actual.txt
ncols         180
nrows         290
xllcorner     -200000
yllcorner     -200000
cellsize      5000
NODATA_value    -999
[rows 128 to 159 of 290, columns 71 to 141 of 180]
-999.0 1240.4 1614.8 1630.8 -999.0 -999.0 -999.0 -999.0 -999.0 -999.0 -999.0 -999.0 -999.0 1462.9 1365.5 1577.1 1337.4 1133.3 1223.3 987.4 822.7 924.6 811.5 952.3 1102.0 1186.6 1139.8 925.5 988.4 1043.6 1264.5 1038.4 743.3 951.8 833.5 1041.1 1068.7 1276.3 1257.5 1140.6 1200.8 1183.4 1072.8 938.5 838.2 888.3 1030.7 1140.4 1169.2 1280.8 1151.6 1147.7 1298.6 1407.1 -999.0 -999.0 -999.0 -999.0 -999.0 -999.0 -999.0 -999.0 -999.0 -999.0 -999.0 -999.0 -999.0 -999.0 -999.0 -999.0 -999.0
-999.0 -999.0 -999.0 -999.0 -999.0 -999.0 -999.0 -999.0 -999.0 -999.0 -999.0 -999.0 -999.0 1530.9 1625.4 1242.0 1315.4 1094.9 1204.7 928.6 913.8 750.4 817.5 851.0 971.7 1024.5 1222.7 688.4 752.8 1059.3 1306.3 1023.6 818.8 1000.7 982.5 882.6 1128.6 996.1 939.7 1080.5 947.3 938.9 764.0 1071.5 1065.5 998.9 1001.0 1017.9 1213.6 1372.4 1284.3 1312.2 1385.5 1449.0 1469.3 -999.0 -999.0 -999.0 -999.0 -999.0 -999.0 -999.0 -999.0 -999.0 -999.0 -999.0 -999.0 -999.0 -999.0 -999.0 -999.0
-999.0 -999.0 -999.0 -999.0 -999.0 -999.0 -999.0 -999.0 -999.0 -999.0 -999.0 -999.0 1701.1 1316.7 1189.3 1195.4 1091.0 1072.5 1144.3 1199.5 873.2 889.8 815.3 877.4 905.8 1136.4 1371.0 1089.1 995.1 1030.5 1259.1 1260.8 1059.3 1029.0 1040.0 1008.8 816.4 1111.1 1151.3 1114.9 1127.9 759.6 935.7 832.0 912.9 1104.3 1082.2 1054.7 1045.9 1031.9 1319.4 1403.0 1436.7 1442.8 1488.9 -999.0 -999.0 -999.0 -999.0 -999.0 -999.0 -999.0 -999.0 -999.0 -999.0 -999.0 -999.0 -999.0 -999.0 -999.0 -999.0
-999.0 -999.0 -999.0 -999.0 -999.0 -999.0 -999.0 -999.0 -999.0 -999.0 -999.0 -999.0 1396.8 1300.2 1270.6 904.6 953.8 1105.0 1142.1 881.2 1175.4 1071.5 916.0 1030.8 1021.4 1281.5 1424.3 1243.3 1163.6 984.3 1329.1 1287.8 1247.8 1152.0 1254.0 928.1 1254.6 966.1 1079.4 1249.7 778.2 1129.9 1029.0 974.9 1054.8 1004.7 1193.3 1188.4 1016.3 1073.0 1259.2 1271.8 1341.2 1423.1 1459.8 -999.0 -999.0 -999.0 -999.0 -999.0 -999.0 -999.0 -999.0 -999.0 -999.0 -999.0 -999.0 -999.0 -999.0 -999.0 -999.0
-999.0 -999.0 -999.0 -999.0 -999.0 -999.0 -999.0 -999.0 -999.0 -999.0 -999.0 1368.5 1415.8 1386.7 1087.1 1155.3 1113.3 666.4 959.4 976.7 1193.3 1084.3 1055.3 1157.0 1029.3 1087.2 1275.5 1169.5 1226.4 1398.8 1448.7 1351.6 1166.9 1162.0 970.0 1142.2 1300.2 970.4 1197.2 1149.0 808.3 1089.4 1195.3 1262.4 1128.4 1026.1 1084.2 1067.0 1061.7 1201.9 1263.3 1330.3 1415.8 1431.7 1463.4 -999.0 -999.0 -999.0 -999.0 -999.0 -999.0 -999.0 -999.0 -999.0 -999.0 -999.0 -999.0 -999.0 -999.0 -999.0 -999.0
-999.0 -999.0 -999.0 -999.0 -999.0 -999.0 -999.0 -999.0 -999.0 -999.0 1554.1 1361.5 1221.4 1416.6 1308.8 1193.7 1235.9 1018.2 1120.0 730.0 1264.0 1307.5 1197.9 1139.7 1120.7 1111.1 1288.4 1435.7 1522.9 1283.2 1457.8 1461.9 1264.3 1218.2 1234.0 1245.7 1370.1 1176.8 1346.1 1175.8 869.7 955.1 962.2 1061.8 1119.4 1201.0 1233.6 1074.4 1150.4 1219.9 1258.5 1325.0 1372.7 1478.6 1506.2 1531.1 -999.0 -999.0 -999.0 -999.0 -999.0 -999.0 -999.0 -999.0 -999.0 -999.0 -999.0 -999.0 -999.0 -999.0 -999.0
-999.0 -999.0 -999.0 -999.0 -999.0 -999.0 -999.0 -999.0 -999.0 -999.0 1261.7 937.3 1175.0 1266.7 1347.7 1350.4 1413.3 750.8 959.5 1132.6 1163.1 1361.3 1331.3 1221.8 1266.0 977.4 1393.0 1544.5 1549.7 1536.6 1266.9 1473.0 1263.9 1320.8 1286.2 1350.0 1356.2 1363.3 1185.1 1282.8 1071.8 1006.3 1065.6 1023.9 1168.1 1281.2 1320.4 1203.5 1256.3 1170.9 1259.0 1382.4 1496.6 1465.6 1493.8 1535.4 -999.0 -999.0 -999.0 -999.0 -999.0 -999.0 -999.0 -999.0 -999.0 -999.0 -999.0 -999.0 -999.0 -999.0 -999.0
-999.0 -999.0 -999.0 -999.0 -999.0 -999.0 -999.0 -999.0 1546.2 1458.6 1150.8 1161.2 1205.1 1179.1 1343.7 1328.2 1449.5 1037.7 1109.2 1094.2 1209.0 1247.2 1435.5 1248.6 1221.8 1319.8 1367.0 1429.9 1620.3 1580.4 1429.9 1449.0 1451.1 1420.4 1396.6 1459.2 1478.2 1362.3 1365.7 1342.8 1036.8 1089.6 1113.1 1134.8 1079.6 1239.1 1304.2 1444.0 1342.2 1293.3 1336.4 1401.1 1499.7 1504.9 1510.6 1524.6 -999.0 -999.0 -999.0 -999.0 -999.0 -999.0 -999.0 -999.0 -999.0 -999.0 -999.0 -999.0 -999.0 -999.0 -999.0
-999.0 -999.0 -999.0 -999.0 -999.0 -999.0 -999.0 -999.0 1445.4 1411.3 1478.3 1196.9 1258.7 1186.9 1363.0 1457.9 1503.3 1454.8 1302.5 956.3 1193.0 1281.4 1453.1 1473.4 1424.1 1447.2 1467.0 1425.7 1563.1 1464.4 1555.9 1528.8 1534.6 1520.8 1538.2 1549.0 1572.1 1529.4 1398.2 1373.1 1380.2 1257.0 1207.9 1230.9 1271.7 1341.1 1578.7 1431.3 1202.2 1276.5 1401.9 1416.9 1474.9 1483.9 1571.7 1584.6 1640.4 -999.0 -999.0 -999.0 -999.0 -999.0 -999.0 -999.0 -999.0 -999.0 -999.0 -999.0 -999.0 -999.0 -999.0
-999.0 -999.0 -999.0 -999.0 -999.0 -999.0 -999.0 -999.0 1427.1 1403.2 1579.2 1305.6 1429.9 1344.2 1426.9 1501.8 1492.1 1557.9 1217.8 1206.9 1282.6 1171.0 1424.8 1498.7 1441.2 1515.7 1389.9 1112.7 1451.8 -999.0 -999.0 -999.0 1565.9 1546.0 -999.0 1608.1 1608.3 1564.0 1532.6 1489.0 1337.4 1181.6 1283.6 1306.5 1262.5 1388.9 1304.4 1284.2 1423.7 1503.5 1519.7 1512.1 1465.2 1669.1 1674.2 1656.4 1618.6 -999.0 -999.0 -999.0 -999.0 -999.0 -999.0 -999.0 -999.0 -999.0 -999.0 -999.0 -999.0 -999.0 -999.0
1626.6 -999.0 -999.0 -999.0 -999.0 -999.0 -999.0 -999.0 1574.9 1291.5 1525.3 1542.8 1465.4 1391.8 1407.2 1462.5 1546.3 1559.9 1506.9 1076.9 1289.5 1237.8 1458.6 1492.6 1321.7 1560.7 1499.8 1473.9 1493.2 -999.0 -999.0 -999.0 1572.0 1572.7 1559.6 1579.1 1622.0 1598.3 1577.7 1367.4 1123.0 1038.0 1210.8 1013.4 1255.5 1322.1 1131.9 1323.9 1269.0 1269.9 1323.9 1536.4 1456.7 1364.7 1546.8 1578.3 1622.8 -999.0 -999.0 -999.0 -999.0 -999.0 -999.0 -999.0 -999.0 -999.0 -999.0 -999.0 -999.0 -999.0 -999.0
1451.1 1496.1 -999.0 -999.0 -999.0 -999.0 -999.0 -999.0 -999.0 1434.5 1384.8 1550.1 -999.0 1441.1 1407.0 1458.3 1495.8 1575.4 -999.0 1487.6 1566.3 1433.0 1567.8 1473.4 1430.2 1576.8 1563.6 -999.0 -999.0 -999.0 -999.0 1546.2 1572.4 1581.0 1591.4 1549.6 1536.0 1567.0 1496.1 1389.4 1080.7 783.6 1222.2 904.6 1156.8 1055.1 991.4 1186.2 1098.5 1243.8 1389.7 1293.6 1304.2 1412.9 1579.6 1522.1 1480.5 1633.9 -999.0 -999.0 -999.0 -999.0 -999.0 -999.0 -999.0 -999.0 -999.0 -999.0 -999.0 -999.0 -999.0
1350.1 -999.0 -999.0 -999.0 -999.0 -999.0 -999.0 -999.0 -999.0 -999.0 1459.3 -999.0 -999.0 -999.0 1540.3 1441.7 1479.5 1513.9 1543.4 -999.0 -999.0 1515.7 1652.9 1429.5 1357.2 -999.0 -999.0 -999.0 -999.0 -999.0 1568.5 1499.9 1557.0 1559.4 1575.8 1506.9 1536.0 1451.7 1363.0 1445.4 1242.2 974.2 810.7 989.1 876.4 851.0 856.4 1045.0 1029.6 1033.4 1138.3 1320.8 1358.2 1344.8 1554.8 1516.0 1431.2 1478.7 -999.0 -999.0 -999.0 -999.0 -999.0 -999.0 -999.0 -999.0 -999.0 -999.0 -999.0 -999.0 -999.0
-999.0 -999.0 -999.0 -999.0 -999.0 -999.0 -999.0 -999.0 -999.0 -999.0 1534.5 1526.9 -999.0 -999.0 -999.0 1553.7 1410.4 1420.8 1473.2 -999.0 -999.0 -999.0 -999.0 1606.4 -999.0 -999.0 -999.0 -999.0 -999.0 -999.0 1614.5 1551.8 1539.9 1446.7 1368.9 1364.4 1445.0 1436.8 1480.5 1445.3 1353.3 1063.4 853.8 1056.1 743.4 812.4 785.9 1006.3 1002.8 913.8 1113.3 1268.3 1356.2 1480.7 1551.0 1482.3 1409.3 1466.3 -999.0 -999.0 -999.0 -999.0 -999.0 -999.0 -999.0 -999.0 -999.0 -999.0 -999.0 -999.0 -999.0
1767.3 1712.4 1670.3 -999.0 -999.0 -999.0 -999.0 -999.0 -999.0 -999.0 -999.0 1404.2 -999.0 -999.0 -999.0 -999.0 1554.6 1435.8 1506.2 -999.0 -999.0 -999.0 -999.0 -999.0 -999.0 -999.0 -999.0 -999.0 -999.0 1638.9 1575.8 1436.6 1339.9 1315.5 1243.3 1274.3 1339.3 1368.1 1466.6 1412.6 1389.0 1196.7 720.1 679.6 725.7 791.2 1035.0 1147.7 1114.8 1217.3 1379.1 1228.7 1242.9 1481.3 1496.9 1432.3 1404.6 1477.9 1596.3 -999.0 -999.0 -999.0 -999.0 -999.0 -999.0 -999.0 -999.0 -999.0 -999.0 -999.0 -999.0
1457.6 1443.2 1579.4 1646.2 -999.0 -999.0 -999.0 -999.0 -999.0 -999.0 -999.0 1325.3 -999.0 -999.0 -999.0 -999.0 -999.0 -999.0 -999.0 -999.0 -999.0 -999.0 -999.0 -999.0 -999.0 -999.0 -999.0 -999.0 -999.0 1585.1 1544.5 1525.4 1468.2 1521.1 994.4 1173.8 1286.6 1186.9 1446.1 1351.2 1570.2 1354.0 859.7 624.4 802.4 939.7 693.8 674.8 807.3 984.2 1101.5 1453.6 1411.9 1427.5 1346.8 1422.9 1475.7 1485.3 1581.1 1679.5 -999.0 -999.0 -999.0 -999.0 -999.0 -999.0 -999.0 -999.0 -999.0 -999.0 -999.0
1553.8 1582.0 1555.8 1609.1 -999.0 -999.0 -999.0 -999.0 -999.0 -999.0 -999.0 -999.0 -999.0 -999.0 -999.0 -999.0 -999.0 -999.0 -999.0 -999.0 -999.0 -999.0 -999.0 -999.0 -999.0 -999.0 -999.0 -999.0 1698.9 1620.0 1491.2 1559.1 1224.4 1630.1 691.5 729.8 1319.9 1286.5 1401.9 1503.4 1424.0 1467.6 1239.0 662.1 718.5 862.9 943.2 1037.8 923.0 984.3 1087.9 1279.2 1421.9 1442.5 1467.7 1496.7 1471.0 1560.7 1699.2 1731.8 -999.0 -999.0 -999.0 -999.0 -999.0 -999.0 -999.0 -999.0 -999.0 -999.0 -999.0
1631.4 1651.0 1649.0 1590.1 -999.0 -999.0 -999.0 -999.0 -999.0 -999.0 -999.0 -999.0 -999.0 -999.0 -999.0 -999.0 -999.0 -999.0 -999.0 -999.0 -999.0 -999.0 -999.0 -999.0 -999.0 -999.0 -999.0 -999.0 1690.1 1445.2 1521.3 1339.7 801.4 1283.0 1533.5 1083.7 1012.6 1201.7 1255.9 1351.9 1392.8 1445.2 1374.3 1235.3 684.5 836.9 910.2 1062.1 1092.1 1111.6 1259.7 1308.0 1364.8 1329.9 1486.8 1430.3 1520.8 1562.1 1687.7 1769.5 1766.0 1724.3 1697.6 -999.0 -999.0 -999.0 -999.0 -999.0 -999.0 -999.0 -999.0
1560.9 1680.0 -999.0 1595.7 1629.1 -999.0 -999.0 -999.0 -999.0 -999.0 -999.0 -999.0 -999.0 -999.0 -999.0 -999.0 -999.0 -999.0 -999.0 -999.0 -999.0 -999.0 -999.0 -999.0 -999.0 -999.0 -999.0 -999.0 1655.6 1461.9 1383.7 1085.6 1416.6 1314.0 1191.8 931.6 1149.0 1263.0 964.0 1366.0 1201.4 1375.8 1433.8 1450.4 1162.8 953.8 967.1 1044.4 1101.7 1261.7 1242.5 1299.9 1411.8 1502.8 1509.9 1535.3 1524.4 1603.4 1671.5 1717.2 1461.4 1587.8 1502.3 1489.0 1577.6 -999.0 -999.0 -999.0 -999.0 -999.0 -999.0
1529.0 1598.0 1634.8 1573.5 -999.0 -999.0 -999.0 -999.0 -999.0 -999.0 -999.0 -999.0 -999.0 -999.0 -999.0 -999.0 -999.0 -999.0 -999.0 -999.0 -999.0 -999.0 -999.0 -999.0 -999.0 -999.0 -999.0 -999.0 1652.8 1457.3 1275.3 861.5 756.7 1014.2 1295.7 1194.9 1092.1 905.1 1249.4 965.6 1126.9 1254.1 1315.1 1349.1 1421.4 1305.2 969.7 1017.0 1104.3 1174.2 1227.6 1285.6 1369.4 1471.3 1560.5 1556.2 1577.1 1643.4 1645.1 1631.4 1536.1 1287.8 1336.4 1368.7 1348.6 1430.2 1663.9 -999.0 -999.0 -999.0 -999.0
1607.4 1636.4 1601.0 1530.4 -999.0 -999.0 -999.0 -999.0 -999.0 -999.0 -999.0 -999.0 -999.0 -999.0 -999.0 -999.0 -999.0 -999.0 -999.0 -999.0 -999.0 -999.0 -999.0 -999.0 -999.0 -999.0 -999.0 -999.0 1683.6 1612.6 1275.3 1060.8 1389.7 575.0 739.2 1252.9 1059.4 1215.8 911.4 870.9 1128.4 1273.9 1245.2 1202.7 1344.6 782.7 877.0 906.0 888.4 898.1 989.1 1284.6 1267.9 1467.8 1554.7 1575.6 1593.9 1624.9 1656.6 1673.3 1592.6 1359.4 1461.3 1511.3 1454.2 1398.5 1644.9 1473.6 -999.0 -999.0 -999.0
1652.0 1637.9 1525.1 1587.8 -999.0 -999.0 -999.0 -999.0 -999.0 -999.0 -999.0 -999.0 -999.0 -999.0 -999.0 -999.0 1767.0 1751.3 1764.6 -999.0 -999.0 -999.0 -999.0 -999.0 -999.0 -999.0 -999.0 -999.0 -999.0 1737.1 1640.5 1514.7 1271.0 1163.3 898.2 1406.5 1621.8 1124.9 1141.9 1177.8 1234.1 1102.2 1095.9 1183.3 1138.6 939.4 943.7 735.2 828.4 1011.3 1108.7 1125.2 1311.0 1486.5 1562.8 1601.2 1578.3 1621.5 1641.3 1252.2 1333.3 1079.2 1069.3 1174.9 1253.6 1483.8 1293.0 1398.9 1635.3 -999.0 -999.0
1699.7 1604.1 1624.8 -999.0 -999.0 -999.0 -999.0 -999.0 -999.0 -999.0 -999.0 -999.0 -999.0 -999.0 -999.0 -999.0 1764.5 1772.0 -999.0 -999.0 -999.0 -999.0 -999.0 -999.0 -999.0 -999.0 -999.0 -999.0 -999.0 -999.0 1705.9 1726.4 1289.9 1281.8 681.6 1271.0 1246.3 1326.1 1470.6 1461.6 1377.1 1374.0 751.3 1172.4 1089.7 762.2 963.9 1224.0 1313.4 995.3 1331.0 1168.2 1393.8 1554.2 1638.9 1635.6 1608.2 1533.7 1320.7 1233.0 1299.4 1321.3 1382.6 1305.4 1214.0 1251.5 1247.6 1442.4 1417.5 -999.0 -999.0
1607.8 1572.8 -999.0 -999.0 -999.0 -999.0 -999.0 -999.0 -999.0 -999.0 -999.0 -999.0 -999.0 -999.0 -999.0 1695.2 1385.1 1486.2 1732.5 -999.0 -999.0 -999.0 -999.0 -999.0 -999.0 -999.0 -999.0 -999.0 -999.0 -999.0 1721.3 1455.6 1303.6 1249.5 1386.9 1243.4 1422.1 1462.1 1501.5 1524.8 1325.5 1400.0 1441.4 773.8 1058.0 1114.3 902.5 1109.9 936.5 1169.7 1165.8 1355.4 1471.4 1581.8 1631.1 1687.4 1640.5 1479.0 1362.4 1423.4 1360.3 1298.2 1341.3 1299.1 1320.1 1307.8 1314.2 1564.0 1428.9 1631.1 -999.0
-999.0 -999.0 -999.0 -999.0 -999.0 -999.0 -999.0 -999.0 -999.0 -999.0 -999.0 -999.0 -999.0 -999.0 1733.8 1275.9 1160.3 997.1 1715.8 -999.0 -999.0 -999.0 -999.0 -999.0 -999.0 -999.0 -999.0 -999.0 -999.0 -999.0 1702.4 1227.4 1360.0 1707.1 1490.3 1532.8 1458.9 1605.8 1603.4 1477.3 1340.1 1525.5 949.6 1117.9 888.2 1097.0 803.9 1312.6 1200.7 1378.8 1227.9 1416.4 1460.2 1523.3 1685.3 1698.0 1657.8 1578.4 1324.0 1305.5 1367.3 1486.8 1461.2 1472.2 1465.7 1454.4 1339.5 1392.9 1493.7 1475.9 -999.0
-999.0 -999.0 -999.0 -999.0 -999.0 -999.0 -999.0 -999.0 -999.0 -999.0 -999.0 -999.0 -999.0 1716.8 1652.1 983.2 1316.6 1478.4 -999.0 -999.0 -999.0 -999.0 -999.0 -999.0 -999.0 -999.0 -999.0 -999.0 -999.0 -999.0 -999.0 1680.7 1740.0 1769.6 1496.2 1681.1 1483.8 1643.3 1629.7 1577.5 1420.6 1531.7 996.5 960.7 839.7 871.0 823.5 900.9 921.6 1044.8 1163.8 1214.3 1318.8 1568.8 1648.8 1652.9 1596.4 1569.7 1542.3 1231.5 1374.2 1617.7 1640.9 1597.6 1628.2 1629.1 1632.8 1624.8 1675.7 1647.2 1585.3
-999.0 -999.0 -999.0 -999.0 -999.0 -999.0 -999.0 -999.0 -999.0 -999.0 -999.0 -999.0 -999.0 1466.7 1244.9 1594.3 1643.8 1699.4 -999.0 -999.0 -999.0 -999.0 -999.0 -999.0 -999.0 -999.0 -999.0 -999.0 -999.0 -999.0 -999.0 -999.0 1788.7 1679.5 1713.5 1727.0 1596.0 1666.0 1648.9 1604.9 1423.8 1540.4 1022.6 1064.4 1095.6 905.1 976.7 1063.7 810.8 848.5 1154.1 1108.6 1273.6 1376.8 1588.6 1633.3 1597.3 1596.6 1607.3 1586.8 1601.3 1676.9 1654.0 1617.4 1591.4 1616.9 1643.3 1653.9 1661.9 1415.9 1431.7
-999.0 -999.0 -999.0 -999.0 -999.0 -999.0 -999.0 -999.0 -999.0 -999.0 -999.0 -999.0 -999.0 1470.2 1587.5 1553.2 1715.0 -999.0 -999.0 -999.0 -999.0 -999.0 -999.0 -999.0 -999.0 -999.0 -999.0 -999.0 -999.0 -999.0 -999.0 -999.0 1791.9 1683.7 1694.9 -999.0 1695.6 -999.0 1727.2 1686.2 1610.6 1613.7 1534.4 1050.7 1096.4 1078.5 825.4 1320.5 1269.4 884.0 1041.4 1157.4 1250.4 1414.9 1568.0 1648.8 1691.1 1692.6 1660.7 1654.9 1602.3 1516.6 1605.9 1523.4 1572.8 1632.4 1565.9 1476.5 1538.2 1601.5 1608.7
-999.0 -999.0 -999.0 -999.0 -999.0 -999.0 -999.0 -999.0 -999.0 -999.0 -999.0 -999.0 1688.7 1742.8 1759.7 -999.0 -999.0 -999.0 -999.0 -999.0 -999.0 -999.0 -999.0 -999.0 -999.0 -999.0 -999.0 -999.0 -999.0 -999.0 -999.0 -999.0 1780.0 1766.5 1770.4 -999.0 -999.0 -999.0 1772.0 1532.7 1689.8 1557.1 1416.0 1466.8 1429.8 1304.7 989.8 986.5 1375.1 1056.2 974.2 1216.0 1189.1 1340.0 1481.7 1696.5 1715.0 1719.5 1707.9 1693.3 1660.7 1624.5 1615.5 1556.1 1632.6 1574.8 1488.3 1443.5 1449.1 1483.7 1563.5
-999.0 -999.0 -999.0 -999.0 -999.0 -999.0 -999.0 -999.0 -999.0 -999.0 -999.0 -999.0 -999.0 -999.0 -999.0 -999.0 -999.0 -999.0 -999.0 -999.0 -999.0 -999.0 -999.0 -999.0 -999.0 -999.0 -999.0 -999.0 -999.0 -999.0 -999.0 -999.0 -999.0 -999.0 -999.0 -999.0 -999.0 1786.5 1737.1 1574.2 1340.5 1250.2 1236.6 1224.8 1333.7 1320.0 1096.3 1123.3 1254.6 1422.8 1192.3 1124.1 1289.7 1401.6 1511.4 1611.1 1671.2 1668.9 1721.5 1728.9 1713.1 1703.4 1675.3 1675.4 1573.8 1340.5 1483.5 1460.4 1568.2 1583.3 1668.8
-999.0 -999.0 -999.0 -999.0 -999.0 -999.0 -999.0 -999.0 -999.0 -999.0 -999.0 -999.0 -999.0 -999.0 -999.0 -999.0 -999.0 -999.0 -999.0 -999.0 -999.0 -999.0 -999.0 -999.0 -999.0 -999.0 -999.0 -999.0 -999.0 -999.0 -999.0 -999.0 -999.0 -999.0 -999.0 -999.0 -999.0 1707.2 1620.9 1384.6 1130.6 962.8 1101.0 1383.4 1278.1 1505.8 1414.7 1461.4 1311.0 1240.5 1216.0 1230.6 1296.5 1427.6 1500.6 1557.7 1656.6 1662.2 1722.7 1738.3 1745.9 1733.8 1699.0 1682.8 1620.9 1303.5 1390.4 1572.3 1640.6 1683.5 1700.3
-999.0 -999.0 -999.0 -999.0 -999.0 -999.0 -999.0 -999.0 -999.0 -999.0 -999.0 -999.0 -999.0 -999.0 -999.0 -999.0 -999.0 -999.0 -999.0 -999.0 -999.0 -999.0 -999.0 -999.0 -999.0 -999.0 -999.0 -999.0 -999.0 -999.0 -999.0 -999.0 -999.0 -999.0 -999.0 -999.0 -999.0 1700.2 1673.6 1551.7 1291.0 1193.8 1263.3 1382.8 1405.2 1462.3 1392.4 1480.0 1492.1 1435.1 1597.6 1248.7 1409.6 1349.7 1482.9 1528.4 1665.9 1695.3 1696.4 1707.7 1750.6 1718.5 1716.5 1685.9 1672.5 1507.5 1463.1 1574.0 1664.2 1696.2 1725.9
