GDD/GrowingDegreeDays_1986_Actual.txt
ncols         180
nrows         290
xllcorner     -200000
yllcorner     -200000
cellsize      5000
NODATA_value    -999
[rows 96 to 127 of 290, columns 72 to 143 of 180]
1031.5 1174.3 1256.2 935.1 1196.8 650.8 687.4 943.9 1191.3 787.3 462.6 463.9 402.7 616.9 693.8 738.0 512.5 582.7 477.8 447.4 692.4 692.7 713.0 930.2 831.2 981.0 758.4 590.3 641.1 582.4 691.8 735.9 652.4 602.3 697.4 759.1 651.4 649.4 945.7 1044.3 1129.4 1136.9 961.0 1031.1 -999.0 -999.0 -999.0 -999.0 -999.0 -999.0 -999.0 -999.0 -999.0 -999.0 -999.0 -999.0 -999.0 -999.0 -999.0 -999.0 -999.0 -999.0 -999.0 -999.0 -999.0 -999.0 -999.0 -999.0 -999.0 -999.0 -999.0 -999.0
839.6 1203.1 1253.8 929.2 1111.0 790.3 941.6 1167.3 1222.1 876.6 550.6 1162.1 562.2 724.1 590.3 759.2 568.0 797.7 658.5 750.0 756.5 406.8 776.3 764.3 848.3 882.9 917.1 615.9 731.0 818.9 775.4 599.9 753.8 673.8 817.5 772.0 816.1 914.1 1067.3 1058.4 1037.6 1068.8 1163.1 -999.0 -999.0 -999.0 -999.0 -999.0 -999.0 -999.0 -999.0 -999.0 -999.0 -999.0 -999.0 -999.0 -999.0 -999.0 -999.0 -999.0 -999.0 -999.0 -999.0 -999.0 -999.0 -999.0 -999.0 -999.0 -999.0 -999.0 -999.0 -999.0
1194.9 747.7 910.7 859.7 621.5 456.1 1184.1 1287.5 571.0 995.4 1068.9 541.4 684.3 506.7 682.6 524.6 861.8 949.5 1016.2 1003.8 1006.3 955.7 737.7 967.6 792.1 728.0 968.2 827.1 708.3 877.2 884.2 777.8 789.1 885.5 800.3 876.8 1030.6 1101.2 1141.0 1051.3 1113.4 1162.2 1149.3 -999.0 -999.0 -999.0 -999.0 -999.0 -999.0 -999.0 -999.0 -999.0 -999.0 -999.0 -999.0 -999.0 -999.0 -999.0 -999.0 -999.0 -999.0 -999.0 -999.0 -999.0 -999.0 -999.0 -999.0 -999.0 -999.0 -999.0 -999.0 -999.0
715.8 1012.8 855.8 818.0 1201.0 1224.7 -999.0 1043.6 544.0 706.6 464.3 828.5 957.3 739.8 820.7 849.5 841.8 794.6 742.6 685.9 595.8 371.8 542.1 748.3 729.1 984.8 1090.7 1186.0 807.9 740.9 914.1 918.4 891.7 1028.7 985.9 1022.8 1091.0 1097.8 1090.1 1077.1 1017.7 1023.1 -999.0 -999.0 -999.0 -999.0 -999.0 -999.0 -999.0 -999.0 -999.0 -999.0 -999.0 -999.0 -999.0 -999.0 -999.0 -999.0 -999.0 -999.0 -999.0 -999.0 -999.0 -999.0 -999.0 -999.0 -999.0 -999.0 -999.0 -999.0 -999.0 -999.0
1026.4 930.4 1036.8 762.2 1119.6 -999.0 1263.9 1078.5 1271.0 893.8 1041.0 716.3 365.2 738.0 661.6 795.4 582.8 448.8 545.0 725.3 1028.9 950.8 1054.7 816.9 884.6 885.8 782.3 853.3 888.6 842.1 965.6 1083.6 1072.1 1148.0 1137.0 1060.6 1027.4 1060.3 1068.7 1066.0 1149.5 1129.3 -999.0 -999.0 -999.0 -999.0 -999.0 -999.0 -999.0 -999.0 -999.0 -999.0 -999.0 -999.0 -999.0 -999.0 -999.0 -999.0 -999.0 -999.0 -999.0 -999.0 -999.0 -999.0 -999.0 -999.0 -999.0 -999.0 -999.0 -999.0 -999.0 -999.0
1073.8 1256.0 908.6 1169.6 -999.0 1283.8 1273.5 1148.1 393.5 728.9 276.2 665.0 851.3 947.4 665.7 622.1 732.4 595.8 810.0 638.6 541.1 671.3 1084.9 813.6 650.1 606.7 804.9 806.6 1194.8 1013.4 1158.8 1205.8 1218.1 1188.9 955.5 954.1 951.0 988.3 984.8 1063.1 1156.1 1224.5 -999.0 -999.0 -999.0 -999.0 -999.0 -999.0 -999.0 -999.0 -999.0 -999.0 -999.0 -999.0 -999.0 -999.0 -999.0 -999.0 -999.0 -999.0 -999.0 -999.0 -999.0 -999.0 -999.0 -999.0 -999.0 -999.0 -999.0 -999.0 -999.0 -999.0
1167.0 626.3 1257.4 -999.0 1298.9 -999.0 947.4 825.4 666.7 1248.9 479.7 716.5 668.0 809.2 319.1 712.9 329.3 744.6 826.6 464.7 918.8 1260.8 770.0 487.4 444.7 869.9 876.0 855.3 952.3 1107.0 1172.7 1183.3 1172.3 888.8 1025.4 1050.3 1109.6 1079.5 1082.0 1175.4 1230.8 -999.0 -999.0 -999.0 -999.0 -999.0 -999.0 -999.0 -999.0 -999.0 -999.0 -999.0 -999.0 -999.0 -999.0 -999.0 -999.0 -999.0 -999.0 -999.0 -999.0 -999.0 -999.0 -999.0 -999.0 -999.0 -999.0 -999.0 -999.0 -999.0 -999.0 -999.0
584.0 867.4 1251.9 -999.0 -999.0 1206.5 1191.7 1233.7 1184.4 851.8 424.1 1057.0 842.9 359.7 608.5 610.4 432.4 437.6 632.2 1145.3 664.0 658.2 490.7 611.6 782.9 568.7 563.2 852.4 1047.5 1194.9 1183.5 1080.0 848.2 1069.5 1179.1 1163.0 1285.1 1261.2 1225.9 -999.0 -999.0 -999.0 -999.0 -999.0 -999.0 -999.0 -999.0 -999.0 -999.0 -999.0 -999.0 -999.0 -999.0 -999.0 -999.0 -999.0 -999.0 -999.0 -999.0 -999.0 -999.0 -999.0 -999.0 -999.0 -999.0 -999.0 -999.0 -999.0 -999.0 -999.0 -999.0 -999.0
964.9 1138.6 1249.6 -999.0 1288.1 1163.2 1034.9 873.5 1078.6 862.0 1159.4 1159.5 917.5 663.3 734.0 880.8 948.6 892.1 755.3 550.3 902.7 705.9 765.4 631.8 569.2 760.3 816.8 996.4 1139.1 1203.1 1200.3 1018.6 1100.2 1259.6 1286.3 1319.5 1284.7 1294.2 -999.0 -999.0 -999.0 -999.0 -999.0 -999.0 -999.0 -999.0 -999.0 -999.0 -999.0 -999.0 -999.0 -999.0 -999.0 -999.0 -999.0 -999.0 -999.0 -999.0 -999.0 -999.0 -999.0 -999.0 -999.0 -999.0 -999.0 -999.0 -999.0 -999.0 -999.0 -999.0 -999.0 -999.0
862.7 1098.0 -999.0 -999.0 1269.8 866.1 992.8 827.4 1070.6 1212.2 986.7 644.5 635.9 720.0 808.4 729.3 543.2 898.6 753.8 1049.4 907.6 685.2 965.9 1183.0 1208.4 1101.7 1161.6 1213.4 1190.2 1202.3 1321.7 1198.5 1253.8 1299.2 1160.4 1234.6 1181.9 1247.9 -999.0 -999.0 -999.0 -999.0 -999.0 -999.0 -999.0 -999.0 -999.0 -999.0 -999.0 -999.0 -999.0 -999.0 -999.0 -999.0 -999.0 -999.0 -999.0 -999.0 -999.0 -999.0 -999.0 -999.0 -999.0 -999.0 -999.0 -999.0 -999.0 -999.0 -999.0 -999.0 -999.0 -999.0
-999.0 -999.0 -999.0 1279.9 956.9 946.8 874.4 981.8 900.5 652.4 690.5 521.4 916.8 649.2 1117.0 581.6 1069.8 514.4 974.2 748.2 451.0 838.6 1026.0 904.1 1029.5 1215.3 1176.2 1255.3 1324.0 1274.8 1341.7 1322.2 1219.9 1225.8 1220.8 1173.5 1237.4 1224.6 1291.5 -999.0 -999.0 -999.0 -999.0 -999.0 -999.0 -999.0 -999.0 -999.0 -999.0 -999.0 -999.0 -999.0 -999.0 -999.0 -999.0 -999.0 -999.0 -999.0 -999.0 -999.0 -999.0 -999.0 -999.0 -999.0 -999.0 -999.0 -999.0 -999.0 -999.0 -999.0 -999.0 -999.0
-999.0 -999.0 -999.0 1242.2 1246.6 933.3 844.1 1199.2 780.3 996.5 1173.1 816.5 631.9 705.2 1265.5 643.7 738.0 701.7 932.7 633.1 786.2 725.4 589.5 846.7 947.0 999.9 1053.9 1102.0 1066.2 1039.8 952.8 1004.7 1162.6 1266.1 1228.6 1056.7 1171.1 1065.7 1131.7 1174.5 -999.0 -999.0 -999.0 -999.0 -999.0 -999.0 -999.0 -999.0 -999.0 -999.0 -999.0 -999.0 -999.0 -999.0 -999.0 -999.0 -999.0 -999.0 -999.0 -999.0 -999.0 -999.0 -999.0 -999.0 -999.0 -999.0 -999.0 -999.0 -999.0 -999.0 -999.0 -999.0
-999.0 -999.0 1276.4 1242.4 1177.8 884.2 1065.4 873.5 875.9 1009.7 1189.9 756.1 715.8 530.6 1181.6 735.3 878.2 846.4 926.0 805.8 1190.9 1043.9 981.5 1013.8 1151.5 988.2 826.5 672.0 769.3 835.6 954.9 1064.9 996.5 1246.5 1120.6 1067.0 1059.5 1065.2 1096.7 1149.3 1236.8 -999.0 -999.0 -999.0 -999.0 -999.0 -999.0 -999.0 -999.0 -999.0 -999.0 -999.0 -999.0 -999.0 -999.0 -999.0 -999.0 -999.0 -999.0 -999.0 -999.0 -999.0 -999.0 -999.0 -999.0 -999.0 -999.0 -999.0 -999.0 -999.0 -999.0 -999.0
-999.0 1264.4 -999.0 1197.8 1059.3 1162.3 852.8 729.2 1163.7 1236.1 911.8 578.8 842.0 1306.4 1103.9 387.3 1071.2 1081.2 1005.9 966.9 1123.5 1168.5 1247.8 1194.6 941.5 632.7 669.2 807.6 886.6 1036.4 1063.3 1093.0 1032.8 1126.2 1131.9 1224.7 1299.9 1292.1 1284.7 1281.9 -999.0 -999.0 -999.0 -999.0 -999.0 -999.0 -999.0 -999.0 -999.0 -999.0 -999.0 -999.0 -999.0 -999.0 -999.0 -999.0 -999.0 -999.0 -999.0 -999.0 -999.0 -999.0 -999.0 -999.0 -999.0 -999.0 -999.0 -999.0 -999.0 -999.0 -999.0 -999.0
1269.4 934.4 -999.0 1253.6 1224.8 1109.4 1078.9 1104.0 1086.0 663.4 1116.4 708.9 693.6 722.4 1009.2 1200.3 606.1 1044.4 1215.5 1289.6 1296.5 1318.1 1343.9 1348.5 1028.9 1215.3 1248.8 1247.0 1109.6 995.3 1082.1 1089.1 1155.6 1207.6 1204.6 1307.7 -999.0 -999.0 -999.0 -999.0 -999.0 -999.0 -999.0 -999.0 -999.0 -999.0 -999.0 -999.0 -999.0 -999.0 -999.0 -999.0 -999.0 -999.0 -999.0 -999.0 -999.0 -999.0 -999.0 -999.0 -999.0 -999.0 -999.0 -999.0 -999.0 -999.0 -999.0 -999.0 -999.0 -999.0 -999.0 -999.0
1048.3 1148.9 -999.0 948.1 1250.9 1033.6 1137.6 1315.6 790.6 771.9 644.6 626.0 1245.8 779.0 803.9 1282.0 1001.7 959.8 1150.6 1134.3 1079.3 1031.1 975.0 1298.2 1348.5 1354.3 1299.6 1219.3 1130.0 1025.0 1086.5 1100.8 1107.2 1216.7 -999.0 -999.0 -999.0 -999.0 -999.0 -999.0 -999.0 -999.0 -999.0 -999.0 -999.0 -999.0 -999.0 -999.0 -999.0 -999.0 -999.0 -999.0 -999.0 -999.0 -999.0 -999.0 -999.0 -999.0 -999.0 -999.0 -999.0 -999.0 -999.0 -999.0 -999.0 -999.0 -999.0 -999.0 -999.0 -999.0 -999.0 -999.0
1056.4 -999.0 1222.6 1214.2 906.5 1154.8 1288.8 802.9 1039.0 724.4 653.5 907.3 1088.2 792.5 816.4 1362.4 1353.3 1312.6 1240.9 1145.6 1083.5 888.7 826.4 1097.9 1249.8 1364.8 1400.7 1284.4 1266.8 1208.3 1189.4 1046.1 1071.4 1284.1 -999.0 -999.0 -999.0 -999.0 -999.0 -999.0 -999.0 -999.0 -999.0 -999.0 -999.0 -999.0 -999.0 -999.0 -999.0 -999.0 -999.0 -999.0 -999.0 -999.0 -999.0 -999.0 -999.0 -999.0 -999.0 -999.0 -999.0 -999.0 -999.0 -999.0 -999.0 -999.0 -999.0 -999.0 -999.0 -999.0 -999.0 -999.0
1275.2 -999.0 1271.7 740.4 1048.2 -999.0 1184.7 852.2 1016.7 797.1 889.4 847.7 1281.6 1281.4 1125.5 1250.4 1256.5 1136.3 1268.0 668.5 685.0 797.0 820.6 1070.9 1304.2 1344.7 1428.0 1442.2 1379.3 1347.8 1281.6 1315.1 -999.0 -999.0 -999.0 -999.0 -999.0 1244.9 1247.4 1239.0 1325.1 -999.0 -999.0 -999.0 -999.0 -999.0 -999.0 -999.0 -999.0 -999.0 -999.0 -999.0 -999.0 -999.0 -999.0 -999.0 -999.0 -999.0 -999.0 -999.0 -999.0 -999.0 -999.0 -999.0 -999.0 -999.0 -999.0 -999.0 -999.0 -999.0 -999.0 -999.0
-999.0 -999.0 935.4 1246.7 821.9 -999.0 1198.3 765.8 1069.5 1265.9 667.4 1284.6 1387.2 1379.0 1344.7 1203.6 1071.5 879.4 1115.6 1091.1 1175.0 1162.6 1192.5 1136.0 1155.8 1174.3 1248.5 1331.6 1261.4 1207.9 1237.5 1329.0 1385.7 1398.4 -999.0 -999.0 1340.3 1262.7 1175.4 1255.5 1282.0 1307.6 1326.9 -999.0 -999.0 -999.0 -999.0 -999.0 -999.0 -999.0 -999.0 -999.0 -999.0 -999.0 -999.0 -999.0 -999.0 -999.0 -999.0 -999.0 -999.0 -999.0 -999.0 -999.0 -999.0 -999.0 -999.0 -999.0 -999.0 -999.0 -999.0 -999.0
-999.0 -999.0 1276.8 1028.9 877.2 1278.0 1042.4 1203.1 1081.7 1012.0 948.1 1336.2 1237.8 1047.7 1068.2 1089.1 1259.3 1266.4 1235.7 1275.5 1222.6 1217.0 1203.4 1141.7 1068.0 1082.8 1157.0 1051.6 1017.5 1180.2 1237.2 1257.1 1307.5 1297.1 1353.8 1312.3 1221.2 1186.9 1220.1 1153.5 1006.2 1049.3 978.0 1267.6 -999.0 -999.0 -999.0 -999.0 -999.0 -999.0 -999.0 -999.0 -999.0 -999.0 -999.0 -999.0 -999.0 -999.0 -999.0 -999.0 -999.0 -999.0 -999.0 -999.0 -999.0 -999.0 -999.0 -999.0 -999.0 -999.0 -999.0 -999.0
-999.0 -999.0 1078.5 772.5 1071.1 981.5 1277.2 1048.5 1132.2 1319.8 1341.5 -999.0 1046.1 803.1 1076.0 1177.5 1286.1 1271.0 1345.4 1386.9 1221.7 1231.5 1187.8 1036.6 992.1 980.4 1050.2 1092.3 1099.6 1147.9 1141.1 1134.5 1081.7 1212.1 1291.4 1146.5 1182.7 1128.2 1135.6 1014.7 884.7 874.7 838.8 994.7 958.4 933.3 1224.3 -999.0 -999.0 -999.0 -999.0 -999.0 -999.0 -999.0 -999.0 -999.0 -999.0 -999.0 -999.0 -999.0 -999.0 -999.0 -999.0 -999.0 -999.0 -999.0 -999.0 -999.0 -999.0 -999.0 -999.0 -999.0
-999.0 -999.0 1071.2 1116.4 1191.6 805.5 1296.2 -999.0 1311.9 1182.6 1351.6 -999.0 992.2 686.7 991.2 1063.7 1250.6 1352.8 1342.2 1333.7 1406.1 1344.7 1256.8 1157.2 961.2 934.4 934.4 1024.6 1029.4 956.7 922.6 826.6 944.8 1156.8 1226.5 1108.5 1089.1 1042.0 735.0 691.2 844.1 854.6 923.1 957.8 954.2 1113.3 1137.0 -999.0 -999.0 -999.0 -999.0 -999.0 -999.0 -999.0 -999.0 -999.0 -999.0 -999.0 -999.0 -999.0 -999.0 -999.0 -999.0 -999.0 -999.0 -999.0 -999.0 -999.0 -999.0 -999.0 -999.0 -999.0
-999.0 -999.0 -999.0 1122.9 975.4 1104.0 1319.0 -999.0 -999.0 1274.2 1372.8 1268.1 1033.2 844.5 1148.6 1095.1 1006.6 1140.9 1178.8 1246.7 1110.9 1266.8 1350.4 1238.0 1123.1 980.0 911.8 816.0 906.8 786.0 774.1 893.2 963.1 969.4 1027.6 980.8 892.9 822.2 843.7 717.6 831.5 888.3 925.2 1156.5 1149.8 1059.5 1045.3 1097.0 -999.0 -999.0 -999.0 -999.0 -999.0 -999.0 -999.0 -999.0 -999.0 -999.0 -999.0 -999.0 -999.0 -999.0 -999.0 -999.0 -999.0 -999.0 -999.0 -999.0 -999.0 -999.0 -999.0 -999.0
-999.0 -999.0 1297.6 1055.6 1007.9 -999.0 -999.0 -999.0 -999.0 -999.0 1379.9 1377.7 999.2 1094.6 1260.3 1128.9 1020.0 947.2 1030.0 1113.6 1075.0 1059.2 1163.8 1268.0 1092.4 922.8 949.5 917.7 890.7 795.3 865.8 942.0 909.2 919.6 742.7 781.2 884.3 901.0 977.7 862.9 900.0 974.8 966.8 1142.9 1182.7 1172.1 1169.8 1199.1 -999.0 -999.0 -999.0 -999.0 -999.0 -999.0 -999.0 -999.0 -999.0 -999.0 -999.0 -999.0 -999.0 -999.0 -999.0 -999.0 -999.0 -999.0 -999.0 -999.0 -999.0 -999.0 -999.0 -999.0
1322.6 -999.0 958.8 1060.1 1260.2 1310.3 1036.4 956.2 -999.0 -999.0 -999.0 1383.0 1171.2 1216.1 1227.1 1198.8 1110.6 979.8 916.0 881.1 871.1 967.2 1005.4 1082.3 1261.4 966.4 975.9 928.5 946.7 1009.5 1010.6 831.4 910.9 734.3 579.3 661.2 809.8 821.6 1005.7 975.3 1010.3 1020.8 1034.0 1166.5 1193.2 1210.0 1176.6 1142.3 1154.6 -999.0 -999.0 -999.0 -999.0 -999.0 -999.0 -999.0 -999.0 -999.0 -999.0 -999.0 -999.0 -999.0 -999.0 -999.0 -999.0 -999.0 -999.0 -999.0 -999.0 -999.0 -999.0 -999.0
-999.0 1312.6 922.8 1049.3 1305.3 1001.7 829.8 742.6 1270.5 -999.0 -999.0 -999.0 1361.7 1313.9 1323.1 1278.9 1220.2 1153.2 981.5 914.7 905.9 992.7 1013.4 1019.1 1027.6 1082.1 1027.2 978.6 868.8 941.6 791.3 1029.2 910.8 954.1 940.5 683.3 714.7 887.6 968.8 1079.8 1111.9 1122.4 1131.0 1194.3 1200.3 1239.9 1171.0 1111.6 1150.3 1193.9 -999.0 -999.0 -999.0 -999.0 -999.0 -999.0 -999.0 -999.0 -999.0 -999.0 -999.0 -999.0 -999.0 -999.0 -999.0 -999.0 -999.0 -999.0 -999.0 -999.0 -999.0 -999.0
-999.0 1185.2 1031.6 887.6 1315.5 1316.3 948.6 874.6 1345.6 -999.0 -999.0 -999.0 -999.0 -999.0 1334.0 1320.9 1329.9 1295.8 1188.9 1090.3 941.7 782.3 822.7 933.5 998.9 1072.5 985.4 964.3 925.5 989.1 829.9 1044.7 950.9 893.4 973.3 1141.0 1038.6 1125.6 1045.7 1169.0 1100.8 1149.1 1265.7 1282.9 1267.8 1238.5 1240.0 1073.6 1070.7 1135.8 1217.0 -999.0 -999.0 -999.0 -999.0 -999.0 -999.0 -999.0 -999.0 -999.0 -999.0 -999.0 -999.0 -999.0 -999.0 -999.0 -999.0 -999.0 -999.0 -999.0 -999.0 -999.0
-999.0 1103.1 924.7 1018.2 -999.0 1330.9 1229.3 701.2 1189.2 -999.0 -999.0 -999.0 -999.0 -999.0 1340.0 1263.5 1152.4 1218.9 1044.7 858.5 868.3 750.5 731.9 794.7 944.8 889.1 951.6 977.0 836.5 805.9 1057.4 508.1 864.5 685.7 907.7 786.5 850.0 1165.0 1030.6 1158.8 1218.5 1242.8 1219.3 1131.3 1091.5 1152.2 1109.0 1224.4 1091.7 982.7 1166.8 1175.2 1258.8 -999.0 -999.0 -999.0 -999.0 -999.0 -999.0 -999.0 -999.0 -999.0 -999.0 -999.0 -999.0 -999.0 -999.0 -999.0 -999.0 -999.0 -999.0 -999.0
-999.0 1125.2 1109.4 1285.6 -999.0 -999.0 1009.2 775.8 913.0 -999.0 -999.0 -999.0 -999.0 -999.0 1352.8 1316.9 1186.1 1190.7 1110.5 964.8 1034.5 934.2 914.4 790.0 863.6 852.9 915.7 770.6 551.2 694.0 797.9 434.1 544.3 813.3 793.7 945.7 1099.3 1049.9 1028.7 1147.1 1125.7 1122.6 1219.5 1166.8 1155.4 1029.2 826.7 985.9 1053.8 1028.6 1033.1 1182.7 1247.7 -999.0 -999.0 -999.0 -999.0 -999.0 -999.0 -999.0 -999.0 -999.0 -999.0 -999.0 -999.0 -999.0 -999.0 -999.0 -999.0 -999.0 -999.0 -999.0
-999.0 1243.1 1205.4 -999.0 -999.0 -999.0 1312.9 1138.7 1086.9 -999.0 -999.0 -999.0 -999.0 -999.0 1346.2 1327.4 1223.2 1176.9 1142.3 1077.3 971.5 736.9 657.5 802.0 750.2 902.3 933.2 893.1 688.4 910.9 593.7 666.8 777.6 710.8 693.5 1023.0 911.9 1069.1 1014.7 1044.8 1205.8 1112.8 1065.1 1061.5 1099.8 728.9 712.9 772.3 1046.8 1035.4 1040.5 1137.5 1194.7 -999.0 -999.0 -999.0 -999.0 -999.0 -999.0 -999.0 -999.0 -999.0 -999.0 -999.0 -999.0 -999.0 -999.0 -999.0 -999.0 -999.0 -999.0 -999.0
1006.2 1080.1 882.9 1396.2 -999.0 -999.0 -999.0 -999.0 -999.0 -999.0 -999.0 -999.0 -999.0 1213.4 1243.4 1161.7 1155.3 1112.0 1039.3 1061.6 918.0 861.3 724.1 835.3 862.7 721.9 797.2 680.6 633.1 646.9 495.3 540.3 813.2 755.4 723.8 823.8 941.4 930.1 1091.7 1027.0 990.4 1128.9 1019.2 1019.2 821.9 792.5 635.3 768.1 1072.2 1106.8 1174.1 1129.1 1189.0 -999.0 -999.0 -999.0 -999.0 -999.0 -999.0 -999.0 -999.0 -999.0 -999.0 -999.0 -999.0 -999.0 -999.0 -999.0 -999.0 -999.0 -999.0 -999.0
921.0 948.5 1076.8 1371.7 -999.0 -999.0 -999.0 -999.0 -999.0 -999.0 -999.0 -999.0 -999.0 999.5 1246.2 1123.5 988.3 890.7 911.0 984.0 974.4 933.4 1054.7 941.4 723.2 692.5 764.4 766.6 852.0 947.1 523.8 811.8 774.8 806.4 798.9 862.1 966.2 1101.3 922.3 972.5 985.9 1021.4 975.2 842.8 759.5 835.6 764.8 810.8 1075.3 1207.3 1215.1 1084.0 1250.7 -999.0 -999.0 -999.0 -999.0 -999.0 -999.0 -999.0 -999.0 -999.0 -999.0 -999.0 -999.0 -999.0 -999.0 -999.0 -999.0 -999.0 -999.0 -999.0
