GDD/GrowingDegreeDays_1972_Actual.txt
ncols         180
nrows         290
xllcorner     -200000
yllcorner     -200000
cellsize      5000
NODATA_value    -999
[rows 192 to 223 of 290, columns 72 to 143 of 180]
-999.0 -999.0 -999.0 -999.0 -999.0 -999.0 -999.0 -999.0 -999.0 -999.0 -999.0 -999.0 -999.0 -999.0 -999.0 -999.0 -999.0 -999.0 -999.0 -999.0 1421.6 1169.6 989.1 827.9 646.9 746.5 983.2 1196.0 1328.8 1216.8 1050.8 943.6 880.2 1116.9 1281.5 1250.5 1161.2 1174.0 1313.8 1105.8 1194.3 1202.1 1305.2 1270.6 1415.8 1511.9 1524.6 1466.1 1503.8 1557.6 1548.3 1513.4 1489.4 1415.5 1476.2 1501.6 1455.1 1393.1 1366.3 1348.8 1309.4 1365.2 1402.4 1328.8 1364.8 1400.2 1433.8 1438.4 1525.3 1525.0 1506.8 1597.3
-999.0 -999.0 -999.0 -999.0 -999.0 -999.0 -999.0 -999.0 -999.0 -999.0 -999.0 -999.0 -999.0 -999.0 -999.0 -999.0 -999.0 -999.0 -999.0 1517.5 1463.8 1215.4 977.3 858.9 893.6 922.6 1059.7 999.0 711.1 925.9 931.6 960.5 1160.0 1259.8 1201.6 1183.0 1292.3 1302.2 1253.0 1141.0 1165.2 1203.5 1326.5 1287.2 1465.3 1503.5 1451.8 1551.7 1457.1 1464.6 1488.6 1435.3 1469.1 1448.5 1539.8 1549.7 1464.2 1437.1 1449.4 1371.1 1383.0 1304.6 1366.1 1332.9 1416.0 1423.6 1439.4 1512.2 1541.1 1493.7 1510.0 1592.1
-999.0 -999.0 -999.0 -999.0 -999.0 -999.0 -999.0 -999.0 -999.0 -999.0 -999.0 -999.0 -999.0 -999.0 -999.0 -999.0 -999.0 -999.0 -999.0 1280.2 1244.4 1214.3 1164.6 995.2 728.3 766.8 859.3 1004.8 952.4 864.2 816.3 827.0 1138.9 1042.5 981.6 1294.1 1126.9 1390.2 1319.4 1183.5 1060.5 1308.8 1303.3 1450.9 1521.8 1502.4 1475.7 1270.2 1377.9 1392.0 1413.7 1411.4 1433.3 1455.3 1533.5 1517.7 1496.4 1460.9 1514.4 1476.1 1356.4 1314.5 1336.8 1315.1 1413.4 1486.2 1515.3 1554.6 1532.7 1497.4 1526.9 1575.8
-999.0 -999.0 -999.0 -999.0 -999.0 -999.0 -999.0 -999.0 -999.0 -999.0 -999.0 -999.0 -999.0 -999.0 -999.0 -999.0 -999.0 -999.0 -999.0 1352.3 1278.3 1442.5 1249.3 1006.5 727.4 851.3 831.9 1034.8 912.2 955.0 1069.5 1003.2 988.6 1064.7 1200.2 1331.5 1316.0 1110.4 1370.7 1346.9 1320.4 1339.2 1275.8 1430.4 1562.2 1532.2 1454.9 1422.8 1445.0 1380.2 1391.7 1403.2 1406.2 1494.3 1501.1 1440.6 1477.1 1457.2 1523.5 1446.9 1336.5 1326.5 1414.1 1433.6 1403.3 1500.4 1499.3 1591.7 1526.0 1519.5 1590.2 1617.7
-999.0 -999.0 -999.0 -999.0 -999.0 -999.0 -999.0 -999.0 -999.0 -999.0 -999.0 -999.0 -999.0 -999.0 -999.0 -999.0 -999.0 -999.0 1468.1 1256.0 1026.5 1197.5 1277.2 968.3 888.6 772.4 778.2 1173.4 1155.8 1190.4 1072.5 972.2 1130.4 1138.1 1047.6 1233.9 1321.2 1353.4 1418.9 1445.4 1421.6 1371.4 1426.9 1488.9 1538.5 1566.7 1552.7 1501.8 1478.8 1521.0 1450.1 1453.3 1416.4 1488.1 1482.3 1470.8 1505.2 1514.2 1498.7 1392.0 1387.5 1388.8 1488.0 1460.7 1467.3 1497.3 1573.5 1532.3 1524.3 1527.5 1533.8 1595.6
-999.0 -999.0 -999.0 -999.0 -999.0 -999.0 -999.0 -999.0 -999.0 -999.0 -999.0 -999.0 -999.0 -999.0 -999.0 -999.0 -999.0 1351.6 1266.0 1137.6 1231.1 1320.1 1052.0 809.4 767.9 925.2 864.1 1163.2 1065.1 1163.0 1206.0 778.2 1103.1 1069.3 1318.1 1324.4 1412.7 1416.1 1391.4 1308.0 1405.4 1282.1 1458.1 1467.7 1612.8 1627.9 1584.8 1559.9 1555.4 1562.5 1502.5 1457.8 1450.6 1554.9 1508.6 1490.3 1462.8 1454.6 1439.4 1380.1 1419.5 1377.5 1488.1 1506.8 1570.7 1568.1 1487.8 1469.1 1514.6 1514.5 1545.2 1623.0
-999.0 -999.0 -999.0 -999.0 -999.0 -999.0 -999.0 -999.0 -999.0 -999.0 -999.0 -999.0 -999.0 -999.0 -999.0 1319.5 1315.8 1326.4 1424.7 1390.7 1285.1 1224.7 948.4 832.5 736.1 702.6 873.9 1035.3 1285.3 1107.5 1175.0 898.8 1132.4 1276.7 1368.2 1451.9 1416.6 1468.5 1384.5 1266.1 1338.0 1352.9 1566.3 1586.6 1624.7 1630.2 1554.2 1556.8 1542.7 1587.5 1520.7 1484.1 1534.4 1544.8 1544.3 1430.6 1422.0 1363.6 1320.8 1353.3 1382.7 1438.5 1501.8 1488.7 1467.3 1494.5 1472.3 1548.9 1521.7 1526.5 1568.6 1623.3
-999.0 -999.0 -999.0 -999.0 -999.0 -999.0 -999.0 -999.0 -999.0 -999.0 -999.0 1619.4 1598.5 1581.0 1200.3 1091.9 1019.5 1014.5 1239.5 1275.6 1302.4 916.7 980.5 824.5 815.5 862.5 1102.4 1210.7 1342.6 1215.6 1260.5 835.4 986.6 1190.3 1411.9 1397.8 1420.8 1255.1 1425.5 1278.7 1303.2 1400.9 1544.7 1665.3 1684.8 1577.2 1601.6 1620.6 1508.9 1572.8 1547.5 1576.8 1536.9 1497.4 1453.0 1486.7 1402.9 1421.2 1380.7 1310.0 1319.7 1350.5 1406.3 1412.9 1440.6 1489.1 1530.4 1496.2 1597.6 1597.4 1601.6 1621.0
-999.0 -999.0 -999.0 -999.0 -999.0 -999.0 -999.0 -999.0 -999.0 -999.0 1418.9 1489.0 1337.8 1334.2 1316.9 1101.8 1150.0 1112.2 1302.8 1420.2 1130.0 1016.0 904.9 1172.0 770.3 969.5 1152.8 870.6 1117.6 1366.7 904.3 1077.2 1168.0 1487.7 1512.5 1468.7 1222.1 1442.3 1416.0 1360.8 1399.2 1382.5 1535.4 1598.0 1725.9 1631.7 1623.0 1612.6 1542.6 1548.5 1554.5 1559.8 1543.4 1458.4 1456.1 1316.5 1444.7 1457.3 1410.9 1345.8 1390.3 1404.9 1461.4 1486.8 1461.8 1503.2 1479.8 1556.3 1603.4 1603.0 1567.1 1614.9
-999.0 -999.0 -999.0 -999.0 -999.0 -999.0 -999.0 -999.0 -999.0 1374.7 1343.5 1484.0 1436.4 1406.0 1302.1 1342.4 1263.0 1325.8 1306.4 985.0 1180.9 1257.2 915.8 1330.0 1029.7 963.3 764.2 893.8 915.4 1114.3 1159.4 1255.1 1484.5 1152.8 1201.4 1478.2 1448.4 1516.7 1551.6 1440.2 1482.0 1545.4 1522.9 1550.1 1724.2 1674.4 1641.6 1578.2 1599.0 1596.8 1572.6 1425.1 1542.0 1505.9 1439.1 1378.9 1420.3 1454.0 1403.0 1352.1 1365.5 1348.7 1418.1 1501.7 1534.4 1561.0 1493.2 1531.2 1592.7 1527.5 1539.0 1620.7
-999.0 -999.0 -999.0 -999.0 -999.0 1623.9 1356.0 1460.9 1283.2 1431.4 1390.1 1315.0 1387.2 1399.8 1215.1 1294.2 1259.4 1293.3 1106.7 1122.5 1255.9 1181.3 1160.6 1234.0 1174.7 899.6 868.3 1025.8 1095.0 1002.9 1195.5 1434.6 1092.6 1033.2 1238.3 1227.0 1447.9 1475.2 1582.4 1541.4 1343.6 1549.6 1437.1 1628.8 1696.9 1674.9 1638.7 1449.6 1566.7 1531.0 1268.3 1513.0 1517.8 1493.9 1422.4 1347.7 1445.0 1438.3 1415.3 1434.1 1398.4 1404.5 1456.3 1516.1 1513.2 1555.8 1521.9 1495.9 1520.5 1560.6 1588.2 1676.2
-999.0 -999.0 -999.0 -999.0 1564.8 1386.3 1385.9 1342.7 1128.3 891.1 995.7 1049.4 1279.1 1184.5 1061.9 1156.5 1196.0 1059.0 1226.4 1279.0 1096.0 1301.2 1422.5 1292.9 1220.1 1009.5 1013.7 1050.9 1126.4 1165.8 1261.7 1184.1 645.9 918.8 1190.6 1385.8 1362.6 1477.4 1373.7 1532.1 1482.8 1578.8 1608.2 1640.2 1647.3 1673.4 1671.2 1568.1 1512.2 1256.7 1262.3 1347.9 1451.4 1484.9 1270.5 1380.6 1437.1 1424.5 1465.0 1409.9 1409.0 1423.1 1491.1 1435.0 1477.5 1536.2 1416.3 1440.8 1548.8 1573.2 1595.2 1663.2
-999.0 -999.0 1680.3 1541.1 1478.7 1343.8 1375.0 1306.5 1194.4 1180.3 1257.7 1358.2 1176.6 1279.9 1143.4 1403.9 1318.9 1128.9 1209.6 1363.4 1270.0 1492.2 1461.4 1144.5 1038.0 1094.4 1195.1 1054.1 1291.4 1359.7 1351.1 1026.4 868.9 869.9 1370.3 1322.8 1353.3 1372.0 1462.5 1610.3 1498.4 1556.0 1585.7 1657.3 1647.2 1714.3 1703.9 1565.2 1487.7 1259.0 1305.6 1380.2 1477.7 1418.1 1292.7 1339.8 1381.6 1437.5 1434.8 1439.3 1440.3 1440.0 1451.5 1445.1 1442.4 1479.8 1495.8 1508.8 1567.2 1520.7 1485.4 1613.7
-999.0 -999.0 1712.1 -999.0 1626.4 1529.3 1341.8 1399.5 1329.9 1352.9 1304.5 1362.4 1329.1 1231.7 1385.5 1338.5 1491.2 1520.9 1516.1 1513.8 1513.2 1281.7 1337.8 1023.5 593.0 1066.8 1026.8 1029.9 789.7 829.5 1407.6 1460.3 763.2 1086.9 1276.9 1251.5 1200.7 1405.9 1579.0 1656.8 1474.5 1464.4 1591.8 1685.9 1732.9 1700.3 1708.3 1571.0 1315.5 1250.1 1375.9 1455.1 1486.8 1496.1 1472.7 1393.8 1457.6 1489.9 1517.6 1523.5 1486.0 1412.8 1375.2 1454.5 1508.7 1499.0 1546.3 1545.6 1516.1 1558.7 1569.8 1591.2
-999.0 -999.0 -999.0 -999.0 -999.0 1421.6 1447.0 1443.2 1374.2 1458.4 1418.6 1419.8 1374.2 1462.4 1503.9 1455.7 1492.3 1388.0 1497.6 1271.7 1489.9 1239.9 1091.0 1021.3 846.1 747.0 889.4 760.7 682.0 1079.1 999.3 1161.2 1564.8 1138.1 1198.4 1500.4 1469.4 1616.3 1438.2 1487.0 1287.9 1386.4 1610.6 1663.5 1746.7 1826.1 1609.8 1333.0 1400.6 1248.5 1396.0 1457.5 1415.8 1510.8 1394.6 1512.1 1513.9 1575.9 1603.3 1580.0 1508.2 1451.6 1476.2 1551.8 1583.9 1585.3 1531.8 1460.1 1432.1 1513.0 1570.8 1530.5
-999.0 -999.0 -999.0 -999.0 1649.9 1543.9 1425.2 1425.6 1486.7 1361.8 1299.4 1229.2 1332.5 1429.9 1486.7 1574.9 1518.4 1254.1 1513.8 1381.4 1622.4 1475.5 1406.7 1380.4 1373.1 1086.9 1100.4 881.9 857.7 782.9 986.0 1015.7 1158.0 877.6 1358.2 1485.8 1538.4 1431.8 1476.8 1305.1 1390.5 1395.1 1646.5 1673.4 1675.4 1401.0 1314.5 1312.0 1262.8 1409.3 1391.7 1409.7 1455.3 1518.6 1523.0 1530.8 1592.6 1663.8 1685.2 1642.9 1523.9 1487.7 1474.8 1550.8 1633.2 1603.8 1502.6 1359.3 1506.1 1485.8 1492.4 1565.7
-999.0 -999.0 -999.0 1769.7 1728.1 1661.8 1584.8 1537.8 1538.7 1544.6 1490.7 1572.2 1551.6 1598.1 1606.0 1574.6 1544.7 1509.1 1286.8 1574.1 1238.7 1334.5 1308.6 1156.4 1208.4 1318.4 1268.4 1078.0 1136.8 1038.5 1104.0 1269.6 990.9 1024.5 1471.1 1353.8 1584.2 1552.3 1411.9 1373.6 1491.8 1527.9 1608.0 1658.3 1474.2 1521.3 1355.3 1355.8 1407.1 1388.8 1428.2 1486.9 1500.6 1592.9 1619.8 1606.8 1647.8 1597.1 1744.8 1617.5 1593.0 1557.1 1569.9 1584.0 1592.7 1517.2 1395.1 1431.1 1475.3 1501.7 1537.1 1563.0
-999.0 -999.0 -999.0 -999.0 -999.0 1792.2 1688.6 1615.1 1568.9 1569.8 1560.8 -999.0 -999.0 -999.0 -999.0 1658.9 1564.0 1421.2 1610.2 1696.1 1561.3 1530.3 1493.0 1433.2 1622.3 874.1 841.5 1195.7 1292.9 1299.6 1176.2 1141.7 1068.8 1332.4 1437.1 1461.1 1605.7 1306.6 1481.1 1410.8 1641.9 1622.0 1617.6 1636.7 1392.5 1533.0 1393.6 1410.1 1487.4 1478.1 1502.9 1533.1 1582.9 1625.9 1633.2 1609.9 1629.1 1573.5 1694.8 1613.1 1543.8 1558.6 1543.2 1547.2 1463.6 1483.7 1440.4 1438.1 1481.5 1610.1 1612.3 1621.8
-999.0 -999.0 -999.0 -999.0 -999.0 1803.7 1646.9 1542.0 1694.5 1578.3 1726.4 -999.0 -999.0 -999.0 -999.0 -999.0 -999.0 -999.0 1718.1 1732.7 1688.8 1804.1 1680.6 1467.1 1137.5 964.2 825.1 908.1 1081.3 1230.0 1234.1 1380.8 1226.1 1246.0 1527.9 1602.9 1331.1 1370.0 1399.1 1695.7 1704.0 1646.8 1656.7 1488.7 1403.0 1419.7 1421.5 1484.7 1521.7 1539.0 1557.3 1564.4 1570.5 1588.8 1527.9 1577.8 1608.7 1649.1 1658.8 1576.5 1530.9 1535.3 1423.1 1444.6 1546.3 1453.5 1454.4 1507.2 1559.3 1629.8 1664.3 1623.5
-999.0 -999.0 -999.0 -999.0 -999.0 -999.0 -999.0 1740.9 -999.0 -999.0 -999.0 -999.0 -999.0 -999.0 -999.0 -999.0 1594.6 1581.4 1611.4 1582.7 1715.1 1823.1 1846.0 1653.0 1379.5 1072.8 984.6 1065.2 1397.1 1429.7 1136.6 1301.7 1378.7 1565.8 1667.9 1731.7 1530.3 1591.7 1629.6 1737.5 1721.6 1631.9 1629.9 1347.5 1296.9 1400.5 1430.7 1513.7 1535.0 1547.6 1578.2 1532.9 1561.0 1531.7 1586.0 1598.0 1619.6 1627.0 1609.9 1495.4 1461.3 1401.8 1328.2 1446.4 1442.5 1613.6 1530.1 1570.1 1635.6 1623.6 1690.3 1703.0
-999.0 -999.0 -999.0 -999.0 -999.0 -999.0 -999.0 -999.0 -999.0 -999.0 -999.0 -999.0 -999.0 -999.0 -999.0 -999.0 1613.6 1595.8 1766.7 1700.3 1684.5 -999.0 -999.0 1914.0 1391.0 1524.8 1353.4 1402.7 1402.7 1358.5 1279.4 1566.8 1624.2 1649.9 1731.8 1762.0 1764.3 1784.6 1784.9 1759.9 1622.7 1612.4 1541.4 1333.3 1405.2 1447.1 1502.3 1531.1 1500.4 1524.9 1570.4 1559.3 1576.4 1542.0 1502.6 1487.5 1534.3 1486.1 1559.2 1535.6 1455.0 1276.7 1446.4 1425.7 1497.7 1674.8 1587.3 1629.3 1695.9 1762.2 1808.4 1829.6
-999.0 -999.0 -999.0 -999.0 -999.0 -999.0 -999.0 -999.0 -999.0 -999.0 -999.0 -999.0 -999.0 -999.0 -999.0 -999.0 -999.0 -999.0 -999.0 -999.0 -999.0 -999.0 -999.0 1897.4 1740.0 1482.5 1459.9 1581.2 1600.4 1589.2 1550.6 1653.0 1733.6 1751.9 1764.7 1804.8 1821.2 -999.0 1852.7 1800.0 1682.3 1647.5 1543.7 1372.8 1433.4 1447.3 1520.1 1608.8 1602.2 1518.0 1574.4 1552.3 1436.8 1382.6 1405.3 1366.3 1316.0 1406.8 1431.2 1456.8 1471.3 1415.0 1520.4 1476.3 1480.0 1619.5 1675.5 1719.6 1725.7 1780.7 1855.0 1884.0
-999.0 -999.0 -999.0 -999.0 -999.0 -999.0 -999.0 -999.0 -999.0 -999.0 -999.0 -999.0 -999.0 -999.0 -999.0 -999.0 -999.0 -999.0 -999.0 -999.0 -999.0 -999.0 -999.0 -999.0 1778.0 1673.5 1595.0 1526.6 1511.5 1635.6 1681.5 1717.0 1812.3 -999.0 -999.0 -999.0 -999.0 1839.1 1860.4 1747.6 1715.3 1672.2 1563.1 1391.5 1452.6 1419.9 1483.0 1630.3 1532.6 1522.7 1405.9 1464.2 1302.2 1376.9 1361.0 1408.0 1377.6 1380.8 1448.0 1418.3 1618.8 1619.3 1596.8 1669.6 1625.9 1684.8 1724.7 1753.9 1836.1 1924.4 1864.5 1861.5
-999.0 -999.0 -999.0 -999.0 -999.0 -999.0 -999.0 -999.0 -999.0 -999.0 -999.0 -999.0 -999.0 -999.0 -999.0 -999.0 -999.0 -999.0 -999.0 -999.0 -999.0 -999.0 -999.0 -999.0 -999.0 1772.9 1551.5 1565.8 1610.4 1566.3 1668.0 1765.4 -999.0 -999.0 -999.0 -999.0 1719.4 1629.9 1572.6 1770.7 1759.2 1723.7 1500.8 1412.2 1412.5 1400.6 1455.5 1504.6 1551.2 1408.4 1277.3 1349.5 1342.8 1407.9 1396.8 1417.6 1505.0 1472.5 1486.7 1553.5 1607.5 1665.5 1778.4 1691.5 1653.6 1687.0 1656.2 1654.4 1809.7 1887.6 1871.6 1917.1
-999.0 -999.0 -999.0 -999.0 -999.0 -999.0 -999.0 -999.0 -999.0 -999.0 -999.0 -999.0 -999.0 -999.0 -999.0 -999.0 -999.0 -999.0 -999.0 -999.0 -999.0 -999.0 -999.0 -999.0 -999.0 -999.0 1778.2 1699.2 1743.4 1652.5 1765.3 1770.6 -999.0 -999.0 -999.0 1719.6 1715.2 1663.7 1542.2 1593.2 1637.0 1742.9 1607.4 1665.8 1471.5 1427.1 1499.6 1415.1 1364.5 1373.2 1392.0 1327.2 1391.9 1440.9 1470.7 1527.5 1540.5 1546.3 1537.8 1523.0 1592.9 1671.2 1669.6 1581.5 1568.1 1660.8 1648.1 1658.2 1729.9 1814.5 1847.9 1891.3
-999.0 -999.0 -999.0 -999.0 -999.0 -999.0 -999.0 -999.0 -999.0 -999.0 -999.0 -999.0 -999.0 -999.0 -999.0 -999.0 -999.0 -999.0 -999.0 -999.0 -999.0 -999.0 -999.0 -999.0 -999.0 -999.0 -999.0 -999.0 -999.0 -999.0 -999.0 -999.0 -999.0 -999.0 1669.1 1670.6 1697.4 1684.8 1511.9 1663.5 1622.4 1571.0 1597.4 1614.4 1541.8 1614.5 1577.5 1537.9 1455.8 1472.5 1458.7 1437.1 1403.0 1422.2 1446.2 1342.9 1469.7 1449.6 1502.3 1493.9 1535.0 1612.4 1590.3 1551.5 1557.5 1557.8 1640.5 1672.9 1698.1 1730.0 1774.7 1747.1
-999.0 -999.0 -999.0 -999.0 -999.0 -999.0 -999.0 -999.0 -999.0 -999.0 -999.0 -999.0 -999.0 -999.0 -999.0 -999.0 -999.0 -999.0 -999.0 -999.0 -999.0 -999.0 -999.0 -999.0 -999.0 -999.0 -999.0 -999.0 -999.0 -999.0 -999.0 -999.0 -999.0 -999.0 1802.7 1590.0 1622.7 1216.5 1343.7 1628.6 1596.7 1565.6 1549.2 1515.6 1605.4 1632.9 1600.5 1561.1 1463.0 1514.5 1581.5 1448.0 1399.5 1293.2 1405.2 1385.2 1284.3 1405.9 1457.3 1510.2 1584.7 1606.6 1612.2 1607.8 1625.8 1667.0 1608.6 1619.5 1677.2 1677.0 1663.6 1609.2
-999.0 -999.0 -999.0 -999.0 -999.0 -999.0 -999.0 -999.0 -999.0 -999.0 -999.0 -999.0 -999.0 -999.0 -999.0 -999.0 -999.0 -999.0 -999.0 -999.0 -999.0 -999.0 -999.0 -999.0 -999.0 -999.0 -999.0 -999.0 -999.0 -999.0 -999.0 -999.0 -999.0 -999.0 1779.0 1730.6 1711.5 1522.7 1265.0 1371.7 1481.3 1578.5 1469.8 1573.2 1573.5 1615.5 1444.2 1386.1 1333.8 1420.1 1522.0 1496.5 1478.5 1450.1 1418.0 1407.8 1464.7 1463.1 1474.3 1508.9 1577.2 1624.1 1654.2 1651.7 1618.0 1654.4 1601.7 1603.1 1629.3 1574.7 1428.0 1473.0
-999.0 -999.0 -999.0 -999.0 -999.0 -999.0 -999.0 -999.0 -999.0 -999.0 -999.0 -999.0 -999.0 -999.0 -999.0 -999.0 -999.0 1949.9 1811.6 1843.9 1145.0 1095.5 1112.2 1153.4 1065.7 1798.8 1367.7 1898.9 -999.0 -999.0 -999.0 -999.0 -999.0 -999.0 1764.6 1723.9 1680.0 1743.6 1612.5 1448.4 1386.0 1454.3 1517.5 1542.9 1534.3 1477.2 1366.1 1408.1 1468.5 1503.3 1548.0 1478.8 1495.3 1546.5 1582.6 1588.2 1530.0 1550.6 1485.4 1458.2 1413.4 1534.8 1595.0 1569.1 1561.0 1608.1 1528.0 1574.8 1613.9 1524.1 1418.8 1496.8
-999.0 -999.0 -999.0 -999.0 -999.0 -999.0 -999.0 -999.0 -999.0 -999.0 -999.0 -999.0 -999.0 -999.0 -999.0 -999.0 -999.0 1541.6 1470.4 1270.0 1164.2 920.9 849.9 932.7 968.4 1050.7 1369.8 1612.8 1755.4 1682.3 1477.5 1648.3 1721.5 1772.5 1762.0 1745.0 1734.1 1734.9 1723.3 1666.9 1467.6 1457.7 1504.2 1561.8 1333.6 1454.3 1531.3 1488.9 1455.3 1549.7 1587.9 1578.3 1545.9 1557.4 1588.2 1576.1 1644.6 1597.9 1518.2 1493.9 1504.3 1462.5 1457.7 1574.4 1601.4 1630.6 1645.6 1559.1 1620.9 1301.9 1447.7 1483.9
-999.0 -999.0 -999.0 -999.0 -999.0 -999.0 -999.0 -999.0 -999.0 -999.0 -999.0 -999.0 -999.0 -999.0 -999.0 -999.0 1889.6 1782.9 1596.4 1479.5 1311.5 1022.8 889.1 930.2 1029.0 1072.0 1139.3 1330.4 1454.2 1520.7 1470.2 1374.0 1624.9 1687.4 1751.3 1724.3 1615.8 1719.3 1693.4 1548.2 1514.5 1523.9 1505.6 1316.6 1466.1 1355.2 1404.3 1470.2 1563.2 1558.7 1617.4 1559.1 1448.4 1583.2 1553.1 1619.8 1596.5 1604.2 1557.0 1529.7 1426.6 1381.4 1550.6 1597.2 1593.3 1426.2 1561.7 1606.6 1585.5 1572.8 1540.9 1530.1
-999.0 -999.0 -999.0 -999.0 -999.0 -999.0 -999.0 -999.0 -999.0 -999.0 -999.0 -999.0 -999.0 -999.0 -999.0 -999.0 -999.0 1853.3 1791.6 1698.3 1357.0 1271.0 1188.2 981.1 1102.7 1190.2 1383.6 1285.5 1134.1 1301.9 1487.8 1506.8 1397.7 1597.2 1743.4 1735.3 1728.8 1638.5 1593.7 1641.4 1625.5 1579.7 1543.5 1423.4 1510.4 1376.8 1448.8 1458.9 1501.8 1522.8 1587.7 1500.9 1464.4 1515.4 1641.7 1653.3 1626.4 1715.3 1653.0 1625.9 1523.2 1436.7 1455.1 1579.0 1570.6 1510.5 1526.7 1577.8 1639.2 1644.8 1653.0 1620.5
