GDD/GrowingDegreeDays_1978_Actual.txt
ncols         180
nrows         290
xllcorner     -200000
yllcorner     -200000
cellsize      5000
NODATA_value    -999
[rows 64 to 95 of 290, columns 71 to 141 of 180]
-999.0 -999.0 -999.0 -999.0 -999.0 -999.0 -999.0 -999.0 -999.0 1346.9 1128.5 1140.4 1105.4 825.3 862.8 697.6 889.6 964.5 898.3 911.4 428.5 890.3 549.4 831.4 784.3 953.6 998.1 883.6 709.9 741.6 565.3 921.8 -999.0 -999.0 -999.0 -999.0 -999.0 -999.0 -999.0 -999.0 -999.0 -999.0 -999.0 -999.0 -999.0 -999.0 -999.0 -999.0 -999.0 -999.0 -999.0 -999.0 -999.0 -999.0 -999.0 -999.0 -999.0 -999.0 -999.0 -999.0 -999.0 -999.0 -999.0 -999.0 -999.0 -999.0 -999.0 -999.0 -999.0 -999.0 -999.0
-999.0 -999.0 -999.0 -999.0 -999.0 -999.0 -999.0 -999.0 -999.0 -999.0 1353.5 1147.7 897.9 843.0 857.7 829.1 845.6 1190.3 1056.2 1015.3 780.3 726.1 689.1 825.7 917.5 834.4 879.1 916.8 853.8 888.4 948.3 1211.6 -999.0 -999.0 -999.0 -999.0 -999.0 -999.0 -999.0 -999.0 -999.0 -999.0 -999.0 -999.0 -999.0 -999.0 -999.0 -999.0 -999.0 -999.0 -999.0 -999.0 -999.0 -999.0 -999.0 -999.0 -999.0 -999.0 -999.0 -999.0 -999.0 -999.0 -999.0 -999.0 -999.0 -999.0 -999.0 -999.0 -999.0 -999.0 -999.0
-999.0 -999.0 -999.0 -999.0 -999.0 -999.0 -999.0 -999.0 1383.6 -999.0 1371.2 1189.3 859.7 833.1 756.1 547.6 1040.7 954.2 1178.4 1019.2 1008.0 896.9 798.7 986.0 941.2 859.8 793.6 767.5 886.3 1043.8 1228.4 -999.0 -999.0 -999.0 -999.0 -999.0 -999.0 -999.0 -999.0 -999.0 -999.0 -999.0 -999.0 -999.0 -999.0 -999.0 -999.0 -999.0 -999.0 -999.0 -999.0 -999.0 -999.0 -999.0 -999.0 -999.0 -999.0 -999.0 -999.0 -999.0 -999.0 -999.0 -999.0 -999.0 -999.0 -999.0 -999.0 -999.0 -999.0 -999.0 -999.0
-999.0 -999.0 -999.0 -999.0 -999.0 -999.0 -999.0 -999.0 1393.0 1355.0 1291.4 1271.3 846.2 1182.3 1008.3 1109.9 973.0 1045.1 868.4 1145.0 1088.7 943.1 970.6 920.3 918.1 1010.7 727.8 909.9 948.8 -999.0 -999.0 -999.0 -999.0 -999.0 -999.0 -999.0 -999.0 -999.0 -999.0 -999.0 -999.0 -999.0 -999.0 -999.0 -999.0 -999.0 -999.0 -999.0 -999.0 -999.0 -999.0 -999.0 -999.0 -999.0 -999.0 -999.0 -999.0 -999.0 -999.0 -999.0 -999.0 -999.0 -999.0 -999.0 -999.0 -999.0 -999.0 -999.0 -999.0 -999.0 -999.0
-999.0 -999.0 -999.0 -999.0 -999.0 -999.0 -999.0 -999.0 -999.0 1366.5 761.8 1289.6 1044.5 978.2 993.7 1170.4 850.5 995.1 871.6 911.3 1099.6 1006.9 1039.4 995.2 939.7 956.5 887.0 1219.3 -999.0 -999.0 -999.0 -999.0 -999.0 -999.0 -999.0 -999.0 -999.0 -999.0 -999.0 -999.0 -999.0 -999.0 -999.0 -999.0 -999.0 -999.0 -999.0 -999.0 -999.0 -999.0 -999.0 -999.0 -999.0 -999.0 -999.0 -999.0 -999.0 -999.0 -999.0 -999.0 -999.0 -999.0 -999.0 -999.0 -999.0 -999.0 -999.0 -999.0 -999.0 -999.0 -999.0
-999.0 -999.0 -999.0 -999.0 -999.0 -999.0 -999.0 -999.0 -999.0 -999.0 1396.7 1004.5 1307.6 1091.4 712.2 1115.6 1075.4 1085.8 1244.6 1017.2 1190.2 1002.3 933.9 1180.7 917.7 1064.3 1179.0 -999.0 -999.0 -999.0 -999.0 -999.0 -999.0 -999.0 -999.0 -999.0 -999.0 -999.0 -999.0 -999.0 -999.0 -999.0 -999.0 -999.0 -999.0 -999.0 -999.0 -999.0 -999.0 -999.0 -999.0 -999.0 -999.0 -999.0 -999.0 -999.0 -999.0 -999.0 -999.0 -999.0 -999.0 -999.0 -999.0 -999.0 -999.0 -999.0 -999.0 -999.0 -999.0 -999.0 -999.0
-999.0 -999.0 -999.0 -999.0 -999.0 -999.0 1399.7 -999.0 -999.0 1438.1 1426.2 1175.1 989.3 905.8 922.8 1137.0 1063.5 859.6 1011.0 1116.2 1259.0 1042.4 965.5 1003.8 1252.6 1262.5 -999.0 -999.0 -999.0 -999.0 -999.0 -999.0 -999.0 -999.0 -999.0 -999.0 -999.0 -999.0 -999.0 -999.0 -999.0 -999.0 -999.0 -999.0 -999.0 -999.0 -999.0 -999.0 -999.0 -999.0 -999.0 -999.0 -999.0 -999.0 -999.0 -999.0 -999.0 -999.0 -999.0 -999.0 -999.0 -999.0 -999.0 -999.0 -999.0 -999.0 -999.0 -999.0 -999.0 -999.0 -999.0
-999.0 -999.0 -999.0 -999.0 1275.9 1425.6 1308.6 1425.1 1227.2 1434.5 984.6 1356.5 718.1 859.4 897.9 923.9 786.2 831.1 859.5 1224.7 1105.9 1185.3 945.6 1035.2 1144.9 1276.3 -999.0 -999.0 -999.0 -999.0 -999.0 -999.0 -999.0 -999.0 -999.0 -999.0 -999.0 -999.0 -999.0 -999.0 -999.0 -999.0 -999.0 -999.0 -999.0 -999.0 -999.0 -999.0 -999.0 -999.0 -999.0 -999.0 -999.0 -999.0 -999.0 -999.0 -999.0 -999.0 -999.0 -999.0 -999.0 -999.0 -999.0 -999.0 -999.0 -999.0 -999.0 -999.0 -999.0 -999.0 -999.0
-999.0 -999.0 -999.0 -999.0 957.7 1379.5 1380.6 1217.7 1156.3 966.0 691.9 890.8 1367.0 725.9 657.4 732.4 661.3 967.7 860.0 580.4 1027.2 1221.4 1252.0 1289.7 1286.5 -999.0 -999.0 1240.4 -999.0 -999.0 -999.0 -999.0 -999.0 -999.0 -999.0 -999.0 -999.0 -999.0 -999.0 -999.0 -999.0 -999.0 -999.0 -999.0 -999.0 -999.0 -999.0 -999.0 -999.0 -999.0 -999.0 -999.0 -999.0 -999.0 -999.0 -999.0 -999.0 -999.0 -999.0 -999.0 -999.0 -999.0 -999.0 -999.0 -999.0 -999.0 -999.0 -999.0 -999.0 -999.0 -999.0
-999.0 -999.0 -999.0 -999.0 1126.3 1250.1 1390.4 1169.0 782.4 1147.9 427.6 998.2 981.8 665.4 580.0 662.4 681.1 668.8 569.9 713.7 848.3 744.5 1037.5 920.0 1227.4 1259.8 1244.9 1254.7 -999.0 -999.0 -999.0 -999.0 -999.0 -999.0 -999.0 -999.0 -999.0 -999.0 -999.0 -999.0 -999.0 -999.0 -999.0 -999.0 -999.0 -999.0 -999.0 -999.0 -999.0 -999.0 -999.0 -999.0 -999.0 -999.0 -999.0 -999.0 -999.0 -999.0 -999.0 -999.0 -999.0 -999.0 -999.0 -999.0 -999.0 -999.0 -999.0 -999.0 -999.0 -999.0 -999.0
-999.0 -999.0 -999.0 -999.0 1399.5 1129.3 1382.6 1079.4 1051.0 676.8 839.5 844.7 1001.7 978.2 929.5 621.1 761.3 694.9 710.9 982.9 1006.3 870.2 1033.6 956.1 1186.6 1241.2 1227.5 -999.0 -999.0 -999.0 -999.0 -999.0 -999.0 -999.0 -999.0 -999.0 -999.0 -999.0 -999.0 -999.0 -999.0 -999.0 -999.0 -999.0 -999.0 -999.0 -999.0 -999.0 -999.0 -999.0 -999.0 -999.0 -999.0 -999.0 -999.0 -999.0 -999.0 -999.0 -999.0 -999.0 -999.0 -999.0 -999.0 -999.0 -999.0 -999.0 -999.0 -999.0 -999.0 -999.0 -999.0
-999.0 -999.0 -999.0 -999.0 1335.7 1387.6 1256.9 1460.4 616.4 815.6 792.1 854.9 645.9 395.0 759.4 913.3 950.1 649.8 736.7 965.0 884.1 1019.1 1090.0 1216.8 1276.3 1093.5 -999.0 -999.0 -999.0 -999.0 -999.0 -999.0 -999.0 -999.0 -999.0 -999.0 -999.0 -999.0 -999.0 -999.0 -999.0 -999.0 -999.0 -999.0 -999.0 -999.0 -999.0 -999.0 -999.0 -999.0 -999.0 -999.0 -999.0 -999.0 -999.0 -999.0 -999.0 -999.0 -999.0 -999.0 -999.0 -999.0 -999.0 -999.0 -999.0 -999.0 -999.0 -999.0 -999.0 -999.0 -999.0
-999.0 -999.0 -999.0 1494.4 1150.1 1080.5 816.4 1042.3 1426.5 888.8 898.4 839.6 911.2 859.8 945.2 780.3 976.1 985.9 494.4 815.3 953.2 1262.4 1281.6 1278.0 1294.3 -999.0 -999.0 -999.0 -999.0 -999.0 -999.0 1371.9 1355.1 1329.0 1377.4 -999.0 -999.0 1412.5 1260.6 1295.2 1360.5 1360.2 -999.0 -999.0 -999.0 1261.1 -999.0 1226.6 1211.0 -999.0 -999.0 -999.0 -999.0 -999.0 -999.0 -999.0 -999.0 -999.0 -999.0 -999.0 -999.0 -999.0 -999.0 -999.0 -999.0 -999.0 -999.0 -999.0 -999.0 -999.0 -999.0
-999.0 -999.0 -999.0 -999.0 1330.9 1027.7 788.0 949.5 891.2 1385.1 902.0 961.3 783.4 952.5 1057.6 1346.6 1137.5 859.8 891.4 1002.7 1159.6 1181.1 1124.1 1060.3 1300.9 -999.0 -999.0 -999.0 1399.7 1431.9 1391.7 1371.7 1366.3 1403.6 1395.1 1416.4 1406.5 1275.9 1135.7 1126.5 1248.1 1279.1 1311.0 1229.4 1089.6 1040.3 1093.1 1140.2 1155.6 1155.9 -999.0 -999.0 -999.0 -999.0 -999.0 -999.0 -999.0 -999.0 -999.0 -999.0 -999.0 -999.0 -999.0 -999.0 -999.0 -999.0 -999.0 -999.0 -999.0 -999.0 -999.0
-999.0 1360.0 -999.0 1353.4 1536.1 1440.3 1384.3 503.7 1339.7 1035.9 1209.8 931.5 1118.2 892.2 946.6 879.8 1189.7 1284.6 1244.8 1146.3 1291.5 1086.8 1190.8 1088.5 1280.8 1305.4 1279.6 1282.4 1367.9 1407.6 1275.8 1117.8 1300.7 1332.3 1228.1 1406.1 1104.0 973.0 1009.6 1056.4 1194.8 1100.2 1180.0 1227.6 1141.9 1020.1 1066.1 1102.5 949.3 1128.8 1188.9 -999.0 -999.0 -999.0 -999.0 -999.0 -999.0 -999.0 -999.0 -999.0 -999.0 -999.0 -999.0 -999.0 -999.0 -999.0 -999.0 -999.0 -999.0 -999.0 -999.0
-999.0 -999.0 1486.0 887.5 1122.3 1193.4 688.7 907.9 626.1 1260.8 983.1 934.2 1011.0 1018.6 1215.4 782.7 878.7 855.5 1228.1 1332.3 1148.0 1293.8 1413.8 -999.0 1340.4 1265.7 1262.2 1179.5 1210.3 1265.6 1191.6 1203.0 1052.0 1040.7 1114.0 1211.3 1139.9 1142.5 1174.9 1174.2 1054.9 1162.7 1190.5 1174.5 1095.5 1096.0 1081.7 1091.6 1082.5 1066.3 1134.5 1205.2 -999.0 -999.0 -999.0 -999.0 -999.0 -999.0 -999.0 -999.0 -999.0 -999.0 -999.0 -999.0 -999.0 -999.0 -999.0 -999.0 -999.0 -999.0 -999.0
1360.5 -999.0 1502.3 1312.8 1020.0 898.8 1184.9 629.0 760.9 1195.4 1065.0 835.6 744.2 755.1 995.5 990.6 791.4 886.8 941.2 1321.7 1354.7 1434.2 1481.2 1384.8 1166.7 1093.8 1098.6 1125.5 1213.1 1094.7 1027.3 1037.3 898.2 991.5 1180.5 1034.3 1003.0 986.3 1045.4 1260.0 1263.9 1284.5 1190.4 1180.5 1092.1 1115.1 1080.2 1130.9 1129.7 1130.5 1112.9 1178.7 -999.0 -999.0 -999.0 -999.0 -999.0 -999.0 -999.0 -999.0 -999.0 -999.0 -999.0 -999.0 -999.0 -999.0 -999.0 -999.0 -999.0 -999.0 -999.0
908.0 -999.0 -999.0 1045.2 641.3 1071.2 857.5 1496.6 1184.7 1110.6 1093.8 754.2 892.2 533.2 572.4 660.1 881.6 1047.4 1210.4 1262.0 955.6 1196.2 1383.4 1153.9 964.5 824.2 911.8 1011.2 994.8 1027.4 860.9 846.4 1120.8 1125.9 1161.6 1217.7 1043.6 1037.3 1095.5 1215.2 1270.9 1217.2 1070.3 1181.0 1120.9 1142.1 1045.7 1150.4 1090.9 1087.7 1071.8 1145.6 -999.0 -999.0 -999.0 -999.0 -999.0 -999.0 -999.0 -999.0 -999.0 -999.0 -999.0 -999.0 -999.0 -999.0 -999.0 -999.0 -999.0 -999.0 -999.0
1084.8 -999.0 -999.0 1335.4 1409.7 1360.4 1422.5 1176.5 965.7 709.2 1080.4 926.3 962.3 1059.3 1102.7 893.2 887.2 899.3 942.7 1009.6 748.2 1233.9 1083.7 1102.3 944.1 715.2 792.6 973.3 947.9 925.7 776.2 938.0 1226.9 866.2 1036.2 946.4 858.5 1072.3 1019.6 1238.3 1161.7 990.8 1102.7 1127.8 1195.7 1133.0 1202.2 1180.6 1047.5 1116.1 1138.0 -999.0 -999.0 -999.0 -999.0 -999.0 -999.0 -999.0 -999.0 -999.0 -999.0 -999.0 -999.0 -999.0 -999.0 -999.0 -999.0 -999.0 -999.0 -999.0 -999.0
1437.3 1468.2 -999.0 -999.0 1632.8 1322.5 1438.5 1131.7 770.6 535.7 816.5 504.2 754.1 850.5 900.6 1112.6 1063.4 931.9 954.3 833.8 1349.9 1100.5 1151.9 742.0 949.9 946.3 662.9 870.3 873.3 897.9 992.6 1126.4 1030.5 951.3 1000.6 915.7 932.1 826.8 989.7 1206.9 964.6 1095.1 1158.5 1150.1 1012.5 1157.0 1222.4 1248.8 1153.1 1143.1 1170.4 -999.0 -999.0 -999.0 -999.0 -999.0 -999.0 -999.0 -999.0 -999.0 -999.0 -999.0 -999.0 -999.0 -999.0 -999.0 -999.0 -999.0 -999.0 -999.0 -999.0
1252.1 1405.6 -999.0 -999.0 1458.7 1446.5 1472.6 1085.8 1481.9 1098.3 793.7 560.3 432.2 587.4 1026.9 1005.9 911.8 727.8 960.4 1280.9 1045.8 1028.0 1001.2 809.6 881.2 925.4 694.8 964.1 1019.1 1051.2 1080.8 722.8 979.7 953.2 600.7 795.9 903.8 876.8 1083.5 1087.3 1122.0 1176.8 1231.9 1221.2 1234.7 1147.6 1213.4 1217.1 1156.4 1148.0 -999.0 -999.0 -999.0 -999.0 -999.0 -999.0 -999.0 -999.0 -999.0 -999.0 -999.0 -999.0 -999.0 -999.0 -999.0 -999.0 -999.0 -999.0 -999.0 -999.0 -999.0
1202.0 1374.4 1330.7 1098.9 764.1 943.6 784.7 959.0 1267.1 904.2 455.0 487.7 1067.7 856.5 1020.1 836.1 686.7 721.4 925.4 1156.4 1030.1 660.3 574.1 799.4 773.7 754.5 1021.4 1092.8 1104.4 926.6 777.7 1002.3 988.2 968.6 833.4 674.5 794.7 648.0 1076.9 844.6 1001.1 989.9 769.0 1134.8 1293.1 1163.4 1110.9 1211.4 1154.6 -999.0 -999.0 -999.0 -999.0 -999.0 -999.0 -999.0 -999.0 -999.0 -999.0 -999.0 -999.0 -999.0 -999.0 -999.0 -999.0 -999.0 -999.0 -999.0 -999.0 -999.0 -999.0
1442.4 1152.8 1371.1 808.9 1409.5 1294.2 1088.4 656.6 504.2 907.8 781.4 887.5 582.9 745.3 830.7 871.7 1095.7 1075.0 1088.3 1064.7 812.5 534.1 636.4 863.0 592.2 929.7 833.7 1148.1 1141.9 1062.9 917.8 833.2 826.2 784.5 639.9 674.5 933.5 853.2 1133.6 1128.3 1207.6 1172.5 1170.7 1236.4 1266.1 1262.8 1212.3 1192.7 1293.6 -999.0 -999.0 -999.0 -999.0 -999.0 -999.0 -999.0 -999.0 -999.0 -999.0 -999.0 -999.0 -999.0 -999.0 -999.0 -999.0 -999.0 -999.0 -999.0 -999.0 -999.0 -999.0
-999.0 1307.0 1221.6 -999.0 1429.0 891.9 560.7 478.6 927.3 1062.5 987.8 537.4 550.4 1127.3 1223.5 1037.5 747.8 1215.3 1103.4 828.4 592.3 529.7 553.6 483.3 740.4 657.8 833.4 1116.5 655.3 963.1 634.3 669.1 633.4 555.3 681.0 872.1 1000.1 905.3 1017.8 955.0 1096.8 1085.7 1183.1 1206.8 1228.8 1243.0 1269.1 1243.8 -999.0 -999.0 -999.0 -999.0 -999.0 -999.0 -999.0 -999.0 -999.0 -999.0 -999.0 -999.0 -999.0 -999.0 -999.0 -999.0 -999.0 -999.0 -999.0 -999.0 -999.0 -999.0 -999.0
1499.2 1141.6 1482.9 -999.0 724.9 1023.8 944.4 1459.9 807.8 1026.9 510.4 591.4 897.9 716.1 661.2 1019.0 1354.9 859.7 815.2 697.2 485.0 457.6 463.4 436.0 659.3 915.0 1148.2 1085.8 931.0 735.9 524.7 569.6 805.4 679.9 851.6 770.2 873.6 994.5 1091.7 1021.9 1009.8 1034.3 1141.7 1081.0 1224.9 1135.2 1127.4 1228.2 -999.0 -999.0 -999.0 -999.0 -999.0 -999.0 -999.0 -999.0 -999.0 -999.0 -999.0 -999.0 -999.0 -999.0 -999.0 -999.0 -999.0 -999.0 -999.0 -999.0 -999.0 -999.0 -999.0
1257.5 1479.0 -999.0 1313.7 1187.0 849.3 1129.6 941.3 718.0 1129.4 1132.5 974.8 1133.6 1289.6 1305.7 1284.6 904.9 595.4 549.7 516.1 466.3 369.9 464.8 810.8 1008.3 1026.5 571.6 839.1 339.7 316.7 495.9 530.4 542.1 726.3 819.4 846.4 801.3 1206.0 1216.4 1156.1 1216.8 1190.3 795.6 983.7 1285.0 1259.5 1240.4 1228.0 1326.2 -999.0 -999.0 -999.0 -999.0 -999.0 -999.0 -999.0 -999.0 -999.0 -999.0 -999.0 -999.0 -999.0 -999.0 -999.0 -999.0 -999.0 -999.0 -999.0 -999.0 -999.0 -999.0
-999.0 -999.0 1537.9 1044.4 955.6 821.5 1257.8 934.4 587.1 1114.4 1035.2 800.1 856.6 833.8 996.5 722.3 654.7 486.9 748.1 770.7 607.8 487.3 648.1 1029.6 927.3 997.0 679.9 355.7 586.8 347.4 474.9 517.1 600.7 684.7 730.9 917.1 1115.9 1232.9 1156.7 1267.4 1302.7 1178.5 1231.1 1298.4 1331.8 1201.3 1161.4 1222.3 -999.0 -999.0 -999.0 -999.0 -999.0 -999.0 -999.0 -999.0 -999.0 -999.0 -999.0 -999.0 -999.0 -999.0 -999.0 -999.0 -999.0 -999.0 -999.0 -999.0 -999.0 -999.0 -999.0
-999.0 -999.0 1525.8 1503.1 1204.3 803.5 1069.5 763.6 1241.9 1280.7 1237.1 1042.5 637.2 532.4 660.3 906.3 947.6 849.4 598.5 777.2 790.7 893.4 886.8 741.4 687.2 581.7 457.5 466.3 440.9 656.5 718.5 816.8 1097.5 1022.4 941.2 889.4 812.9 971.3 1079.0 866.3 1022.0 1307.4 1238.8 1116.8 1064.7 1038.5 1168.1 -999.0 -999.0 -999.0 -999.0 -999.0 -999.0 -999.0 -999.0 -999.0 -999.0 -999.0 -999.0 -999.0 -999.0 -999.0 -999.0 -999.0 -999.0 -999.0 -999.0 -999.0 -999.0 -999.0 -999.0
-999.0 -999.0 1241.7 883.7 1364.3 709.2 645.8 759.2 650.4 841.3 1194.1 1107.2 1262.2 1304.1 650.8 728.8 614.4 259.7 1015.4 877.8 863.2 777.9 816.2 620.3 680.6 505.7 650.8 712.0 752.0 674.0 850.2 652.3 650.9 502.6 635.5 827.3 665.0 492.1 688.2 749.7 889.3 898.2 951.7 955.2 1049.6 1073.5 1203.4 -999.0 -999.0 -999.0 -999.0 -999.0 -999.0 -999.0 -999.0 -999.0 -999.0 -999.0 -999.0 -999.0 -999.0 -999.0 -999.0 -999.0 -999.0 -999.0 -999.0 -999.0 -999.0 -999.0 -999.0
-999.0 1542.1 1561.0 1310.3 1547.0 1317.9 1123.8 855.7 1211.9 1189.4 631.8 1203.9 1273.5 1248.9 1180.1 712.3 913.9 1112.6 961.5 521.3 595.3 802.2 387.4 566.3 633.0 516.9 451.2 529.3 582.0 566.8 584.6 618.3 565.5 374.2 879.0 627.4 672.8 1097.8 1128.6 794.0 960.0 899.0 874.9 1136.3 1046.8 1086.5 1176.9 -999.0 -999.0 -999.0 -999.0 -999.0 -999.0 -999.0 -999.0 -999.0 -999.0 -999.0 -999.0 -999.0 -999.0 -999.0 -999.0 -999.0 -999.0 -999.0 -999.0 -999.0 -999.0 -999.0 -999.0
-999.0 -999.0 1507.0 1226.1 642.7 1300.7 1489.2 1340.0 1435.0 1497.3 1483.1 1458.1 1263.0 1178.4 760.6 1011.0 907.2 939.9 551.5 666.7 897.9 805.6 384.7 672.9 565.4 790.3 514.0 537.0 769.6 383.2 452.2 492.6 365.8 420.9 626.8 495.0 634.5 825.9 1058.2 1223.6 1161.1 957.0 1081.8 1238.8 1198.1 1115.9 1314.2 -999.0 -999.0 -999.0 -999.0 -999.0 -999.0 -999.0 -999.0 -999.0 -999.0 -999.0 -999.0 -999.0 -999.0 -999.0 -999.0 -999.0 -999.0 -999.0 -999.0 -999.0 -999.0 -999.0 -999.0
1489.8 1488.9 1487.3 1379.7 999.4 1469.1 724.8 1155.0 939.8 750.6 1469.3 1427.1 284.0 553.5 504.6 664.4 466.7 556.3 512.4 501.9 436.5 671.0 636.1 823.3 858.6 909.1 749.3 771.0 494.6 777.3 716.5 861.3 676.0 486.5 588.2 1058.9 802.1 738.0 1030.6 777.2 1126.4 1262.7 1283.9 1261.7 1099.2 1203.1 -999.0 -999.0 -999.0 -999.0 -999.0 -999.0 -999.0 -999.0 -999.0 -999.0 -999.0 -999.0 -999.0 -999.0 -999.0 -999.0 -999.0 -999.0 -999.0 -999.0 -999.0 -999.0 -999.0 -999.0 -999.0
