GDD/GrowingDegreeDays_2003_Actual.txt
ncols         180
nrows         290
xllcorner     -200000
yllcorner     -200000
cellsize      5000
NODATA_value    -999
[rows 64 to 95 of 290, columns 71 to 141 of 180]
-999.0 -999.0 -999.0 -999.0 -999.0 -999.0 -999.0 -999.0 -999.0 1722.7 1469.1 1492.6 1444.1 1091.2 1128.5 905.0 1128.1 1221.7 1141.7 1191.7 606.4 1189.4 787.4 1146.8 1116.1 1367.5 1447.1 1291.4 1046.0 1081.8 833.9 1243.6 -999.0 -999.0 -999.0 -999.0 -999.0 -999.0 -999.0 -999.0 -999.0 -999.0 -999.0 -999.0 -999.0 -999.0 -999.0 -999.0 -999.0 -999.0 -999.0 -999.0 -999.0 -999.0 -999.0 -999.0 -999.0 -999.0 -999.0 -999.0 -999.0 -999.0 -999.0 -999.0 -999.0 -999.0 -999.0 -999.0 -999.0 -999.0 -999.0
-999.0 -999.0 -999.0 -999.0 -999.0 -999.0 -999.0 -999.0 -999.0 -999.0 1749.2 1507.3 1194.0 1107.9 1115.0 1053.3 1063.8 1489.4 1318.7 1289.4 1019.9 970.2 943.6 1136.4 1283.2 1200.3 1278.5 1332.7 1233.1 1247.2 1288.9 1583.3 -999.0 -999.0 -999.0 -999.0 -999.0 -999.0 -999.0 -999.0 -999.0 -999.0 -999.0 -999.0 -999.0 -999.0 -999.0 -999.0 -999.0 -999.0 -999.0 -999.0 -999.0 -999.0 -999.0 -999.0 -999.0 -999.0 -999.0 -999.0 -999.0 -999.0 -999.0 -999.0 -999.0 -999.0 -999.0 -999.0 -999.0 -999.0 -999.0
-999.0 -999.0 -999.0 -999.0 -999.0 -999.0 -999.0 -999.0 1771.5 -999.0 1786.8 1562.3 1140.4 1099.7 999.5 727.7 1303.7 1198.6 1481.0 1303.2 1299.1 1178.9 1069.6 1319.5 1286.5 1202.0 1136.1 1115.8 1252.5 1421.3 1616.9 -999.0 -999.0 -999.0 -999.0 -999.0 -999.0 -999.0 -999.0 -999.0 -999.0 -999.0 -999.0 -999.0 -999.0 -999.0 -999.0 -999.0 -999.0 -999.0 -999.0 -999.0 -999.0 -999.0 -999.0 -999.0 -999.0 -999.0 -999.0 -999.0 -999.0 -999.0 -999.0 -999.0 -999.0 -999.0 -999.0 -999.0 -999.0 -999.0 -999.0
-999.0 -999.0 -999.0 -999.0 -999.0 -999.0 -999.0 -999.0 1805.1 1788.7 1703.2 1678.7 1125.0 1545.2 1316.5 1411.1 1226.2 1312.0 1105.0 1466.1 1410.2 1231.8 1274.8 1226.5 1237.7 1370.9 1022.2 1245.7 1292.3 -999.0 -999.0 -999.0 -999.0 -999.0 -999.0 -999.0 -999.0 -999.0 -999.0 -999.0 -999.0 -999.0 -999.0 -999.0 -999.0 -999.0 -999.0 -999.0 -999.0 -999.0 -999.0 -999.0 -999.0 -999.0 -999.0 -999.0 -999.0 -999.0 -999.0 -999.0 -999.0 -999.0 -999.0 -999.0 -999.0 -999.0 -999.0 -999.0 -999.0 -999.0 -999.0
-999.0 -999.0 -999.0 -999.0 -999.0 -999.0 -999.0 -999.0 -999.0 1811.2 1042.9 1681.0 1382.5 1288.9 1292.3 1495.9 1088.8 1267.2 1117.2 1170.1 1433.1 1312.6 1349.4 1306.9 1248.2 1275.1 1187.5 1602.5 -999.0 -999.0 -999.0 -999.0 -999.0 -999.0 -999.0 -999.0 -999.0 -999.0 -999.0 -999.0 -999.0 -999.0 -999.0 -999.0 -999.0 -999.0 -999.0 -999.0 -999.0 -999.0 -999.0 -999.0 -999.0 -999.0 -999.0 -999.0 -999.0 -999.0 -999.0 -999.0 -999.0 -999.0 -999.0 -999.0 -999.0 -999.0 -999.0 -999.0 -999.0 -999.0 -999.0
-999.0 -999.0 -999.0 -999.0 -999.0 -999.0 -999.0 -999.0 -999.0 -999.0 1785.6 1281.4 1675.2 1402.7 935.6 1431.1 1376.2 1379.9 1566.3 1259.9 1440.6 1274.9 1207.0 1529.1 1207.0 1377.7 1518.3 -999.0 -999.0 -999.0 -999.0 -999.0 -999.0 -999.0 -999.0 -999.0 -999.0 -999.0 -999.0 -999.0 -999.0 -999.0 -999.0 -999.0 -999.0 -999.0 -999.0 -999.0 -999.0 -999.0 -999.0 -999.0 -999.0 -999.0 -999.0 -999.0 -999.0 -999.0 -999.0 -999.0 -999.0 -999.0 -999.0 -999.0 -999.0 -999.0 -999.0 -999.0 -999.0 -999.0 -999.0
-999.0 -999.0 -999.0 -999.0 -999.0 -999.0 1714.7 -999.0 -999.0 1781.9 1783.2 1477.5 1248.8 1154.9 1186.6 1451.4 1361.6 1105.7 1282.3 1394.0 1552.5 1314.4 1236.6 1311.6 1621.4 1615.1 -999.0 -999.0 -999.0 -999.0 -999.0 -999.0 -999.0 -999.0 -999.0 -999.0 -999.0 -999.0 -999.0 -999.0 -999.0 -999.0 -999.0 -999.0 -999.0 -999.0 -999.0 -999.0 -999.0 -999.0 -999.0 -999.0 -999.0 -999.0 -999.0 -999.0 -999.0 -999.0 -999.0 -999.0 -999.0 -999.0 -999.0 -999.0 -999.0 -999.0 -999.0 -999.0 -999.0 -999.0 -999.0
-999.0 -999.0 -999.0 -999.0 1625.8 1788.6 1627.2 1770.1 1526.4 1765.8 1228.2 1687.8 918.2 1088.6 1147.3 1184.9 1019.7 1079.0 1115.6 1555.7 1401.0 1502.8 1214.7 1338.5 1468.6 1616.6 -999.0 -999.0 -999.0 -999.0 -999.0 -999.0 -999.0 -999.0 -999.0 -999.0 -999.0 -999.0 -999.0 -999.0 -999.0 -999.0 -999.0 -999.0 -999.0 -999.0 -999.0 -999.0 -999.0 -999.0 -999.0 -999.0 -999.0 -999.0 -999.0 -999.0 -999.0 -999.0 -999.0 -999.0 -999.0 -999.0 -999.0 -999.0 -999.0 -999.0 -999.0 -999.0 -999.0 -999.0 -999.0
-999.0 -999.0 -999.0 -999.0 1230.4 1770.2 1750.5 1520.2 1442.3 1222.7 884.9 1120.9 1712.8 926.4 854.7 955.3 881.4 1256.0 1129.0 790.9 1321.0 1572.3 1612.9 1660.9 1636.2 -999.0 -999.0 1599.9 -999.0 -999.0 -999.0 -999.0 -999.0 -999.0 -999.0 -999.0 -999.0 -999.0 -999.0 -999.0 -999.0 -999.0 -999.0 -999.0 -999.0 -999.0 -999.0 -999.0 -999.0 -999.0 -999.0 -999.0 -999.0 -999.0 -999.0 -999.0 -999.0 -999.0 -999.0 -999.0 -999.0 -999.0 -999.0 -999.0 -999.0 -999.0 -999.0 -999.0 -999.0 -999.0 -999.0
-999.0 -999.0 -999.0 -999.0 1419.7 1581.1 1745.2 1452.7 987.8 1429.1 574.9 1254.5 1231.6 859.5 753.0 859.3 900.9 890.8 778.7 952.3 1115.6 998.9 1366.4 1230.8 1581.6 1580.7 1556.1 1602.4 -999.0 -999.0 -999.0 -999.0 -999.0 -999.0 -999.0 -999.0 -999.0 -999.0 -999.0 -999.0 -999.0 -999.0 -999.0 -999.0 -999.0 -999.0 -999.0 -999.0 -999.0 -999.0 -999.0 -999.0 -999.0 -999.0 -999.0 -999.0 -999.0 -999.0 -999.0 -999.0 -999.0 -999.0 -999.0 -999.0 -999.0 -999.0 -999.0 -999.0 -999.0 -999.0 -999.0
-999.0 -999.0 -999.0 -999.0 1737.8 1417.3 1702.8 1331.7 1279.6 849.2 1058.9 1070.8 1246.9 1222.9 1170.2 801.2 968.2 906.2 939.6 1278.9 1312.6 1153.9 1363.0 1273.6 1546.8 1584.3 1547.8 -999.0 -999.0 -999.0 -999.0 -999.0 -999.0 -999.0 -999.0 -999.0 -999.0 -999.0 -999.0 -999.0 -999.0 -999.0 -999.0 -999.0 -999.0 -999.0 -999.0 -999.0 -999.0 -999.0 -999.0 -999.0 -999.0 -999.0 -999.0 -999.0 -999.0 -999.0 -999.0 -999.0 -999.0 -999.0 -999.0 -999.0 -999.0 -999.0 -999.0 -999.0 -999.0 -999.0 -999.0
-999.0 -999.0 -999.0 -999.0 1638.2 1721.5 1547.8 1775.6 759.2 978.7 967.3 1058.4 812.1 507.0 975.9 1121.0 1150.3 831.3 956.7 1261.0 1179.9 1340.1 1425.1 1586.3 1634.7 1378.1 -999.0 -999.0 -999.0 -999.0 -999.0 -999.0 -999.0 -999.0 -999.0 -999.0 -999.0 -999.0 -999.0 -999.0 -999.0 -999.0 -999.0 -999.0 -999.0 -999.0 -999.0 -999.0 -999.0 -999.0 -999.0 -999.0 -999.0 -999.0 -999.0 -999.0 -999.0 -999.0 -999.0 -999.0 -999.0 -999.0 -999.0 -999.0 -999.0 -999.0 -999.0 -999.0 -999.0 -999.0 -999.0
-999.0 -999.0 -999.0 1766.0 1399.8 1351.1 1023.7 1267.8 1732.9 1071.7 1072.3 1000.6 1081.0 1019.7 1085.4 872.2 1129.7 1197.8 665.3 1086.9 1277.4 1650.2 1650.8 1624.6 1620.8 -999.0 -999.0 -999.0 -999.0 -999.0 -999.0 1751.9 1737.3 1708.9 1730.5 -999.0 -999.0 1752.3 1583.1 1643.2 1730.1 1727.9 -999.0 -999.0 -999.0 1595.7 -999.0 1579.6 1614.7 -999.0 -999.0 -999.0 -999.0 -999.0 -999.0 -999.0 -999.0 -999.0 -999.0 -999.0 -999.0 -999.0 -999.0 -999.0 -999.0 -999.0 -999.0 -999.0 -999.0 -999.0 -999.0
-999.0 -999.0 -999.0 -999.0 1669.8 1293.8 979.7 1151.3 1091.8 1709.3 1085.2 1131.1 924.5 1096.3 1134.3 1409.7 1265.2 1040.2 1143.3 1330.7 1531.2 1524.1 1411.9 1300.4 1605.2 -999.0 -999.0 -999.0 1739.8 1792.2 1757.9 1786.3 1785.2 1776.3 1754.9 1763.2 1746.2 1604.4 1451.4 1464.7 1626.8 1667.6 1717.9 1599.2 1414.1 1350.8 1431.3 1506.7 1551.6 1547.8 -999.0 -999.0 -999.0 -999.0 -999.0 -999.0 -999.0 -999.0 -999.0 -999.0 -999.0 -999.0 -999.0 -999.0 -999.0 -999.0 -999.0 -999.0 -999.0 -999.0 -999.0
-999.0 1540.1 -999.0 1596.2 1910.0 1784.7 1657.1 613.6 1586.6 1229.1 1435.6 1090.4 1307.0 1022.7 1031.3 932.2 1350.0 1565.1 1588.8 1502.6 1671.3 1372.4 1458.9 1321.5 1567.3 1673.0 1689.4 1653.7 1736.7 1811.6 1703.6 1486.6 1701.9 1711.5 1567.4 1766.4 1392.0 1243.9 1313.2 1391.3 1573.7 1460.3 1559.1 1608.3 1500.3 1347.9 1412.4 1472.3 1292.4 1507.4 1567.8 -999.0 -999.0 -999.0 -999.0 -999.0 -999.0 -999.0 -999.0 -999.0 -999.0 -999.0 -999.0 -999.0 -999.0 -999.0 -999.0 -999.0 -999.0 -999.0 -999.0
-999.0 -999.0 1663.0 985.0 1303.6 1403.2 824.4 1049.3 719.0 1429.7 1118.9 1075.1 1177.5 1189.8 1396.6 888.4 1031.4 1063.6 1559.2 1711.0 1476.0 1598.6 1701.6 -999.0 1664.6 1638.0 1687.4 1553.0 1573.4 1633.6 1552.2 1567.2 1364.6 1329.7 1406.7 1529.5 1441.8 1445.8 1497.5 1511.7 1371.5 1512.0 1549.5 1528.0 1429.0 1426.7 1414.7 1431.6 1420.1 1407.3 1493.7 1556.9 -999.0 -999.0 -999.0 -999.0 -999.0 -999.0 -999.0 -999.0 -999.0 -999.0 -999.0 -999.0 -999.0 -999.0 -999.0 -999.0 -999.0 -999.0 -999.0
1541.9 -999.0 1624.2 1377.8 1025.1 959.2 1372.3 748.8 862.5 1324.4 1182.4 957.6 885.8 919.8 1184.6 1179.3 982.4 1132.9 1225.8 1726.3 1772.7 1760.5 1760.2 1680.4 1460.7 1446.1 1470.8 1485.0 1573.2 1411.1 1323.2 1335.8 1161.1 1258.3 1479.8 1293.8 1259.8 1246.6 1326.6 1601.0 1610.4 1638.0 1529.0 1523.8 1417.4 1428.6 1393.5 1462.5 1457.9 1474.1 1482.0 1527.7 -999.0 -999.0 -999.0 -999.0 -999.0 -999.0 -999.0 -999.0 -999.0 -999.0 -999.0 -999.0 -999.0 -999.0 -999.0 -999.0 -999.0 -999.0 -999.0
1007.2 -999.0 -999.0 1015.3 541.3 1077.6 1040.2 1781.1 1352.4 1242.6 1235.6 888.5 1066.7 666.3 723.7 839.2 1115.6 1340.8 1565.5 1650.5 1283.3 1507.5 1670.1 1407.7 1218.6 1084.6 1209.2 1330.2 1291.6 1314.6 1111.4 1094.9 1435.2 1432.2 1451.2 1514.3 1303.9 1302.9 1382.6 1533.2 1602.1 1535.0 1368.8 1531.6 1467.0 1451.9 1342.5 1478.9 1418.1 1438.8 1416.2 1477.0 -999.0 -999.0 -999.0 -999.0 -999.0 -999.0 -999.0 -999.0 -999.0 -999.0 -999.0 -999.0 -999.0 -999.0 -999.0 -999.0 -999.0 -999.0 -999.0
1246.1 -999.0 -999.0 1379.8 1467.1 1498.7 1694.8 1411.3 1124.5 827.5 1254.7 1096.8 1153.6 1284.5 1356.4 1118.4 1126.9 1163.2 1223.6 1300.9 985.0 1555.2 1339.2 1371.8 1193.3 938.4 1045.4 1264.8 1224.1 1186.6 1012.7 1213.1 1578.9 1122.8 1308.7 1195.8 1088.2 1346.1 1271.7 1541.6 1449.7 1243.7 1401.1 1462.0 1557.2 1447.7 1518.4 1509.0 1372.6 1465.8 1475.6 -999.0 -999.0 -999.0 -999.0 -999.0 -999.0 -999.0 -999.0 -999.0 -999.0 -999.0 -999.0 -999.0 -999.0 -999.0 -999.0 -999.0 -999.0 -999.0 -999.0
1707.2 1670.8 -999.0 -999.0 1805.0 1451.9 1655.8 1347.9 934.2 665.5 983.9 632.9 924.6 1053.8 1125.4 1396.6 1344.8 1205.2 1247.7 1108.7 1709.2 1369.7 1427.2 937.5 1179.5 1194.9 867.6 1116.5 1123.0 1144.7 1271.7 1452.2 1342.7 1244.4 1283.5 1166.8 1186.1 1049.6 1226.5 1469.7 1216.9 1375.6 1461.1 1458.2 1298.7 1470.3 1552.3 1608.6 1523.4 1497.2 1500.3 -999.0 -999.0 -999.0 -999.0 -999.0 -999.0 -999.0 -999.0 -999.0 -999.0 -999.0 -999.0 -999.0 -999.0 -999.0 -999.0 -999.0 -999.0 -999.0 -999.0
1535.1 1670.1 -999.0 -999.0 1654.0 1652.6 1744.9 1325.9 1815.0 1363.6 991.4 722.8 565.2 759.9 1261.3 1236.1 1140.2 949.9 1264.1 1667.5 1320.1 1262.5 1238.9 1008.5 1073.2 1149.0 894.2 1217.9 1293.4 1320.0 1366.5 947.8 1281.3 1256.7 803.8 1024.7 1154.5 1117.2 1366.0 1401.2 1430.8 1478.1 1534.8 1516.2 1537.8 1439.6 1533.6 1564.2 1527.1 1492.2 -999.0 -999.0 -999.0 -999.0 -999.0 -999.0 -999.0 -999.0 -999.0 -999.0 -999.0 -999.0 -999.0 -999.0 -999.0 -999.0 -999.0 -999.0 -999.0 -999.0 -999.0
1495.7 1668.0 1619.0 1313.8 965.0 1232.7 1022.9 1257.2 1656.0 1182.3 615.3 649.6 1318.0 1049.6 1223.5 1002.2 845.3 915.8 1184.0 1473.3 1275.2 831.9 736.4 1011.7 979.4 959.2 1278.3 1366.6 1390.8 1173.1 996.4 1276.7 1274.6 1261.4 1076.1 875.6 1023.5 847.0 1364.5 1075.6 1259.0 1238.0 962.8 1399.9 1592.9 1449.7 1400.1 1531.9 1492.0 -999.0 -999.0 -999.0 -999.0 -999.0 -999.0 -999.0 -999.0 -999.0 -999.0 -999.0 -999.0 -999.0 -999.0 -999.0 -999.0 -999.0 -999.0 -999.0 -999.0 -999.0 -999.0
1759.5 1397.8 1647.4 1005.0 1840.6 1730.2 1448.8 993.9 819.4 1241.2 1015.2 1108.5 740.9 911.3 989.8 1017.1 1269.5 1265.0 1309.6 1284.0 995.1 681.5 823.0 1103.6 773.7 1169.3 1045.7 1422.5 1450.5 1353.8 1168.8 1064.3 1062.9 1017.6 843.0 887.0 1196.8 1085.8 1419.6 1406.1 1495.5 1452.5 1437.1 1517.3 1558.2 1571.9 1535.5 1503.5 1617.8 -999.0 -999.0 -999.0 -999.0 -999.0 -999.0 -999.0 -999.0 -999.0 -999.0 -999.0 -999.0 -999.0 -999.0 -999.0 -999.0 -999.0 -999.0 -999.0 -999.0 -999.0 -999.0
-999.0 1585.5 1458.1 -999.0 1816.3 1176.7 794.6 756.6 1364.1 1441.6 1270.7 692.3 685.3 1336.2 1426.2 1168.6 835.8 1386.9 1265.3 972.6 736.7 680.9 727.4 640.4 953.0 857.4 1046.7 1396.8 915.0 1272.2 838.7 877.0 838.3 750.7 901.6 1120.5 1269.9 1132.6 1249.3 1166.8 1347.2 1333.8 1450.7 1486.8 1520.2 1552.8 1610.5 1564.6 -999.0 -999.0 -999.0 -999.0 -999.0 -999.0 -999.0 -999.0 -999.0 -999.0 -999.0 -999.0 -999.0 -999.0 -999.0 -999.0 -999.0 -999.0 -999.0 -999.0 -999.0 -999.0 -999.0
1795.8 1364.8 1784.7 -999.0 902.6 1311.2 1244.1 1895.3 1084.0 1326.4 665.6 742.4 1055.4 831.6 754.9 1138.8 1538.3 943.4 907.8 825.5 607.7 587.8 608.5 586.4 869.7 1182.4 1471.9 1428.2 1373.9 982.6 700.8 755.6 1032.9 891.0 1088.5 980.4 1090.6 1220.9 1321.8 1231.4 1218.8 1256.8 1394.1 1334.4 1528.6 1430.4 1434.5 1580.6 -999.0 -999.0 -999.0 -999.0 -999.0 -999.0 -999.0 -999.0 -999.0 -999.0 -999.0 -999.0 -999.0 -999.0 -999.0 -999.0 -999.0 -999.0 -999.0 -999.0 -999.0 -999.0 -999.0
1468.6 1749.7 -999.0 1569.3 1424.2 1055.5 1432.7 1211.3 924.0 1397.1 1364.7 1145.2 1316.5 1476.2 1478.1 1444.7 982.1 652.0 628.1 621.8 583.6 472.6 609.6 1036.0 1271.3 1293.9 744.3 1082.8 450.7 385.5 659.3 695.2 699.8 924.5 1021.5 1044.8 987.0 1453.5 1456.6 1386.4 1454.2 1432.6 966.1 1201.9 1605.8 1600.9 1603.1 1592.5 1656.8 -999.0 -999.0 -999.0 -999.0 -999.0 -999.0 -999.0 -999.0 -999.0 -999.0 -999.0 -999.0 -999.0 -999.0 -999.0 -999.0 -999.0 -999.0 -999.0 -999.0 -999.0 -999.0
-999.0 -999.0 1797.2 1225.4 1151.2 1001.4 1545.3 1157.7 738.4 1333.5 1206.4 904.6 947.9 921.7 1112.1 808.9 737.5 563.1 880.9 914.0 737.6 607.3 811.1 1269.6 1133.0 1216.9 851.8 459.9 760.0 465.7 619.3 634.0 730.4 858.3 903.1 1113.3 1360.0 1480.6 1389.2 1520.7 1568.5 1425.9 1496.8 1569.8 1651.2 1530.2 1484.9 1542.5 -999.0 -999.0 -999.0 -999.0 -999.0 -999.0 -999.0 -999.0 -999.0 -999.0 -999.0 -999.0 -999.0 -999.0 -999.0 -999.0 -999.0 -999.0 -999.0 -999.0 -999.0 -999.0 -999.0
-999.0 -999.0 1777.0 1789.7 1463.3 980.1 1295.5 916.8 1470.1 1492.5 1404.8 1149.1 681.1 573.0 734.2 1017.7 1084.0 993.5 718.9 927.7 934.3 1056.4 1071.1 899.1 832.6 716.1 578.0 602.0 576.2 834.1 867.5 915.3 1234.9 1218.9 1124.3 1063.3 977.8 1143.6 1278.3 1036.9 1234.8 1598.9 1511.1 1361.6 1328.2 1325.8 1465.7 -999.0 -999.0 -999.0 -999.0 -999.0 -999.0 -999.0 -999.0 -999.0 -999.0 -999.0 -999.0 -999.0 -999.0 -999.0 -999.0 -999.0 -999.0 -999.0 -999.0 -999.0 -999.0 -999.0 -999.0
-999.0 -999.0 1450.7 1069.7 1679.9 889.4 795.8 897.9 755.7 945.5 1327.6 1195.1 1366.4 1425.5 704.9 821.3 722.1 310.0 1214.4 1052.2 1033.6 969.6 1011.1 759.1 822.8 628.2 808.8 885.4 921.4 819.7 989.2 729.5 729.2 588.0 755.3 990.2 792.0 566.1 797.1 892.3 1074.7 1103.7 1181.1 1189.2 1334.0 1391.9 1534.2 -999.0 -999.0 -999.0 -999.0 -999.0 -999.0 -999.0 -999.0 -999.0 -999.0 -999.0 -999.0 -999.0 -999.0 -999.0 -999.0 -999.0 -999.0 -999.0 -999.0 -999.0 -999.0 -999.0 -999.0
-999.0 1762.8 1841.4 1607.2 1909.3 1633.7 1373.2 1004.7 1384.6 1315.8 651.6 1271.4 1358.8 1347.1 1312.7 834.9 1081.5 1309.6 1127.0 621.9 728.9 1003.8 507.8 699.4 768.8 636.1 559.8 654.6 706.8 675.4 672.0 696.1 650.1 433.1 1030.0 751.4 776.9 1220.5 1251.9 909.8 1129.4 1083.1 1081.7 1434.3 1355.4 1410.0 1483.6 -999.0 -999.0 -999.0 -999.0 -999.0 -999.0 -999.0 -999.0 -999.0 -999.0 -999.0 -999.0 -999.0 -999.0 -999.0 -999.0 -999.0 -999.0 -999.0 -999.0 -999.0 -999.0 -999.0 -999.0
-999.0 -999.0 1761.3 1482.2 817.4 1608.0 1804.7 1579.2 1637.8 1648.2 1585.3 1514.6 1337.8 1196.9 825.0 1226.0 1109.7 1108.9 644.4 780.6 1079.6 973.6 485.2 818.0 686.6 925.6 607.2 630.5 890.9 439.4 508.5 534.6 412.0 493.1 740.9 586.3 721.4 905.7 1172.2 1421.0 1374.8 1153.9 1355.9 1568.6 1544.5 1426.4 1639.0 -999.0 -999.0 -999.0 -999.0 -999.0 -999.0 -999.0 -999.0 -999.0 -999.0 -999.0 -999.0 -999.0 -999.0 -999.0 -999.0 -999.0 -999.0 -999.0 -999.0 -999.0 -999.0 -999.0 -999.0
1716.7 1729.0 1741.6 1652.8 1207.5 1766.9 854.7 1336.1 1046.1 789.8 1556.7 1453.6 229.5 523.7 552.7 785.3 563.4 656.6 600.6 599.2 540.3 805.6 774.8 982.5 1002.9 1034.4 833.6 854.9 547.5 858.2 781.5 925.3 746.9 562.0 685.5 1230.4 909.0 820.8 1167.1 908.9 1350.9 1544.7 1595.0 1586.0 1388.0 1524.8 -999.0 -999.0 -999.0 -999.0 -999.0 -999.0 -999.0 -999.0 -999.0 -999.0 -999.0 -999.0 -999.0 -999.0 -999.0 -999.0 -999.0 -999.0 -999.0 -999.0 -999.0 -999.0 -999.0 -999.0 -999.0
