GDD/GrowingDegreeDays_1982_Actual.txt
ncols         180
nrows         290
xllcorner     -200000
yllcorner     -200000
cellsize      5000
NODATA_value    -999
[rows 64 to 95 of 290, columns 71 to 141 of 180]
-999.0 -999.0 -999.0 -999.0 -999.0 -999.0 -999.0 -999.0 -999.0 1474.6 1257.2 1258.3 1224.8 956.8 980.6 810.5 985.7 1053.0 989.3 998.6 521.2 975.1 648.4 922.7 882.2 1048.7 1093.9 982.8 813.0 841.4 667.1 1014.2 -999.0 -999.0 -999.0 -999.0 -999.0 -999.0 -999.0 -999.0 -999.0 -999.0 -999.0 -999.0 -999.0 -999.0 -999.0 -999.0 -999.0 -999.0 -999.0 -999.0 -999.0 -999.0 -999.0 -999.0 -999.0 -999.0 -999.0 -999.0 -999.0 -999.0 -999.0 -999.0 -999.0 -999.0 -999.0 -999.0 -999.0 -999.0 -999.0
-999.0 -999.0 -999.0 -999.0 -999.0 -999.0 -999.0 -999.0 -999.0 -999.0 1467.9 1259.1 1015.7 957.8 964.3 927.8 939.9 1260.8 1135.4 1093.3 866.4 814.0 780.2 911.2 1002.1 928.6 975.2 1008.5 945.4 979.7 1039.8 1288.9 -999.0 -999.0 -999.0 -999.0 -999.0 -999.0 -999.0 -999.0 -999.0 -999.0 -999.0 -999.0 -999.0 -999.0 -999.0 -999.0 -999.0 -999.0 -999.0 -999.0 -999.0 -999.0 -999.0 -999.0 -999.0 -999.0 -999.0 -999.0 -999.0 -999.0 -999.0 -999.0 -999.0 -999.0 -999.0 -999.0 -999.0 -999.0 -999.0
-999.0 -999.0 -999.0 -999.0 -999.0 -999.0 -999.0 -999.0 1522.9 -999.0 1490.6 1299.1 970.7 937.9 860.7 653.2 1121.0 1037.8 1245.2 1092.0 1077.5 971.6 880.4 1059.4 1020.1 947.2 886.4 861.1 977.3 1128.4 1307.2 -999.0 -999.0 -999.0 -999.0 -999.0 -999.0 -999.0 -999.0 -999.0 -999.0 -999.0 -999.0 -999.0 -999.0 -999.0 -999.0 -999.0 -999.0 -999.0 -999.0 -999.0 -999.0 -999.0 -999.0 -999.0 -999.0 -999.0 -999.0 -999.0 -999.0 -999.0 -999.0 -999.0 -999.0 -999.0 -999.0 -999.0 -999.0 -999.0 -999.0
-999.0 -999.0 -999.0 -999.0 -999.0 -999.0 -999.0 -999.0 1523.0 1483.7 1415.7 1365.0 940.6 1252.4 1091.5 1184.3 1053.6 1119.1 947.4 1200.2 1142.6 1009.1 1038.1 993.7 994.6 1084.7 820.1 996.8 1038.3 -999.0 -999.0 -999.0 -999.0 -999.0 -999.0 -999.0 -999.0 -999.0 -999.0 -999.0 -999.0 -999.0 -999.0 -999.0 -999.0 -999.0 -999.0 -999.0 -999.0 -999.0 -999.0 -999.0 -999.0 -999.0 -999.0 -999.0 -999.0 -999.0 -999.0 -999.0 -999.0 -999.0 -999.0 -999.0 -999.0 -999.0 -999.0 -999.0 -999.0 -999.0 -999.0
-999.0 -999.0 -999.0 -999.0 -999.0 -999.0 -999.0 -999.0 -999.0 1484.6 908.6 1368.4 1115.9 1054.4 1073.6 1238.6 936.0 1068.3 946.9 978.5 1142.1 1063.8 1099.6 1063.3 1014.9 1033.8 973.8 1293.9 -999.0 -999.0 -999.0 -999.0 -999.0 -999.0 -999.0 -999.0 -999.0 -999.0 -999.0 -999.0 -999.0 -999.0 -999.0 -999.0 -999.0 -999.0 -999.0 -999.0 -999.0 -999.0 -999.0 -999.0 -999.0 -999.0 -999.0 -999.0 -999.0 -999.0 -999.0 -999.0 -999.0 -999.0 -999.0 -999.0 -999.0 -999.0 -999.0 -999.0 -999.0 -999.0 -999.0
-999.0 -999.0 -999.0 -999.0 -999.0 -999.0 -999.0 -999.0 -999.0 -999.0 1486.2 1101.5 1366.7 1163.3 807.3 1184.0 1143.8 1150.2 1294.4 1082.8 1249.6 1062.0 999.4 1234.5 995.2 1141.1 1256.9 -999.0 -999.0 -999.0 -999.0 -999.0 -999.0 -999.0 -999.0 -999.0 -999.0 -999.0 -999.0 -999.0 -999.0 -999.0 -999.0 -999.0 -999.0 -999.0 -999.0 -999.0 -999.0 -999.0 -999.0 -999.0 -999.0 -999.0 -999.0 -999.0 -999.0 -999.0 -999.0 -999.0 -999.0 -999.0 -999.0 -999.0 -999.0 -999.0 -999.0 -999.0 -999.0 -999.0 -999.0
-999.0 -999.0 -999.0 -999.0 -999.0 -999.0 1510.7 -999.0 -999.0 1529.9 1504.1 1258.5 1073.6 990.0 1004.5 1202.0 1131.3 935.7 1077.7 1175.0 1310.0 1103.6 1032.7 1071.8 1311.9 1332.3 -999.0 -999.0 -999.0 -999.0 -999.0 -999.0 -999.0 -999.0 -999.0 -999.0 -999.0 -999.0 -999.0 -999.0 -999.0 -999.0 -999.0 -999.0 -999.0 -999.0 -999.0 -999.0 -999.0 -999.0 -999.0 -999.0 -999.0 -999.0 -999.0 -999.0 -999.0 -999.0 -999.0 -999.0 -999.0 -999.0 -999.0 -999.0 -999.0 -999.0 -999.0 -999.0 -999.0 -999.0 -999.0
-999.0 -999.0 -999.0 -999.0 1375.5 1519.3 1408.1 1506.9 1319.6 1508.2 1081.3 1417.3 814.9 944.9 977.1 998.6 867.9 907.0 932.4 1274.5 1164.7 1238.8 1017.8 1106.8 1220.4 1352.6 -999.0 -999.0 -999.0 -999.0 -999.0 -999.0 -999.0 -999.0 -999.0 -999.0 -999.0 -999.0 -999.0 -999.0 -999.0 -999.0 -999.0 -999.0 -999.0 -999.0 -999.0 -999.0 -999.0 -999.0 -999.0 -999.0 -999.0 -999.0 -999.0 -999.0 -999.0 -999.0 -999.0 -999.0 -999.0 -999.0 -999.0 -999.0 -999.0 -999.0 -999.0 -999.0 -999.0 -999.0 -999.0
-999.0 -999.0 -999.0 -999.0 1077.1 1461.2 1462.4 1304.8 1242.2 1056.2 794.3 976.3 1414.0 813.6 745.2 814.0 744.9 1033.9 932.3 665.5 1089.8 1272.6 1305.7 1346.1 1353.1 -999.0 -999.0 1324.2 -999.0 -999.0 -999.0 -999.0 -999.0 -999.0 -999.0 -999.0 -999.0 -999.0 -999.0 -999.0 -999.0 -999.0 -999.0 -999.0 -999.0 -999.0 -999.0 -999.0 -999.0 -999.0 -999.0 -999.0 -999.0 -999.0 -999.0 -999.0 -999.0 -999.0 -999.0 -999.0 -999.0 -999.0 -999.0 -999.0 -999.0 -999.0 -999.0 -999.0 -999.0 -999.0 -999.0
-999.0 -999.0 -999.0 -999.0 1230.9 1341.3 1468.1 1256.0 882.7 1218.9 517.1 1070.8 1049.8 749.7 664.8 742.3 759.6 748.2 653.4 789.7 919.1 820.8 1103.7 997.8 1292.4 1330.3 1323.4 1334.0 -999.0 -999.0 -999.0 -999.0 -999.0 -999.0 -999.0 -999.0 -999.0 -999.0 -999.0 -999.0 -999.0 -999.0 -999.0 -999.0 -999.0 -999.0 -999.0 -999.0 -999.0 -999.0 -999.0 -999.0 -999.0 -999.0 -999.0 -999.0 -999.0 -999.0 -999.0 -999.0 -999.0 -999.0 -999.0 -999.0 -999.0 -999.0 -999.0 -999.0 -999.0 -999.0 -999.0
-999.0 -999.0 -999.0 -999.0 1477.1 1226.0 1454.9 1166.2 1131.8 771.6 921.6 920.8 1062.1 1037.3 991.2 700.4 832.1 769.6 786.2 1044.4 1066.4 938.6 1094.9 1028.2 1252.1 1310.2 1303.3 -999.0 -999.0 -999.0 -999.0 -999.0 -999.0 -999.0 -999.0 -999.0 -999.0 -999.0 -999.0 -999.0 -999.0 -999.0 -999.0 -999.0 -999.0 -999.0 -999.0 -999.0 -999.0 -999.0 -999.0 -999.0 -999.0 -999.0 -999.0 -999.0 -999.0 -999.0 -999.0 -999.0 -999.0 -999.0 -999.0 -999.0 -999.0 -999.0 -999.0 -999.0 -999.0 -999.0 -999.0
-999.0 -999.0 -999.0 -999.0 1410.7 1449.8 1326.1 1506.5 714.5 901.4 875.4 926.8 724.7 466.7 824.2 966.1 1000.3 723.0 807.8 1022.5 949.3 1078.8 1150.2 1274.2 1336.3 1171.9 -999.0 -999.0 -999.0 -999.0 -999.0 -999.0 -999.0 -999.0 -999.0 -999.0 -999.0 -999.0 -999.0 -999.0 -999.0 -999.0 -999.0 -999.0 -999.0 -999.0 -999.0 -999.0 -999.0 -999.0 -999.0 -999.0 -999.0 -999.0 -999.0 -999.0 -999.0 -999.0 -999.0 -999.0 -999.0 -999.0 -999.0 -999.0 -999.0 -999.0 -999.0 -999.0 -999.0 -999.0 -999.0
-999.0 -999.0 -999.0 1575.5 1244.3 1165.3 915.4 1119.5 1471.2 971.8 976.6 911.9 970.6 917.4 987.7 831.5 1014.1 1027.6 569.1 880.4 1013.7 1310.1 1334.3 1338.2 1363.5 -999.0 -999.0 -999.0 -999.0 -999.0 -999.0 1434.9 1409.6 1386.8 1431.9 -999.0 -999.0 1455.0 1310.5 1337.6 1396.5 1403.2 -999.0 -999.0 -999.0 1298.5 -999.0 1280.2 1287.8 -999.0 -999.0 -999.0 -999.0 -999.0 -999.0 -999.0 -999.0 -999.0 -999.0 -999.0 -999.0 -999.0 -999.0 -999.0 -999.0 -999.0 -999.0 -999.0 -999.0 -999.0 -999.0
-999.0 -999.0 -999.0 -999.0 1405.2 1124.6 891.0 1031.4 975.2 1439.2 980.1 1024.5 850.3 993.4 1076.6 1336.6 1149.8 905.3 940.7 1051.3 1206.0 1234.3 1189.5 1139.5 1374.8 -999.0 -999.0 -999.0 1474.1 1508.8 1450.4 1423.5 1398.4 1445.0 1436.5 1453.1 1442.7 1317.8 1181.5 1170.0 1282.7 1317.0 1355.3 1278.6 1136.1 1079.8 1129.4 1178.6 1205.0 1212.7 -999.0 -999.0 -999.0 -999.0 -999.0 -999.0 -999.0 -999.0 -999.0 -999.0 -999.0 -999.0 -999.0 -999.0 -999.0 -999.0 -999.0 -999.0 -999.0 -999.0 -999.0
-999.0 1444.1 -999.0 1430.6 1591.5 1494.0 1433.6 594.9 1385.0 1104.8 1256.5 992.7 1156.6 932.0 958.9 880.9 1182.2 1291.2 1264.0 1182.7 1331.9 1144.9 1256.5 1171.5 1354.7 1373.9 1347.2 1346.1 1431.5 1480.9 1348.2 1182.4 1344.3 1372.2 1274.3 1430.0 1155.1 1030.6 1061.4 1099.4 1223.5 1138.1 1214.3 1250.4 1163.1 1043.8 1087.9 1127.3 989.2 1165.6 1232.1 -999.0 -999.0 -999.0 -999.0 -999.0 -999.0 -999.0 -999.0 -999.0 -999.0 -999.0 -999.0 -999.0 -999.0 -999.0 -999.0 -999.0 -999.0 -999.0 -999.0
-999.0 -999.0 1541.3 989.2 1194.2 1253.6 781.1 979.0 703.5 1275.2 1027.2 988.1 1052.4 1045.0 1203.8 791.2 891.1 891.1 1250.8 1364.4 1203.8 1345.1 1456.8 -999.0 1384.9 1323.7 1316.6 1237.2 1267.1 1325.7 1252.6 1254.8 1107.2 1094.3 1160.0 1247.5 1183.3 1194.0 1216.2 1205.5 1088.6 1181.4 1200.5 1175.0 1095.0 1095.5 1091.1 1108.5 1108.5 1102.3 1183.6 1258.0 -999.0 -999.0 -999.0 -999.0 -999.0 -999.0 -999.0 -999.0 -999.0 -999.0 -999.0 -999.0 -999.0 -999.0 -999.0 -999.0 -999.0 -999.0 -999.0
1422.5 -999.0 1546.7 1354.8 1083.9 969.8 1226.4 706.5 822.8 1207.5 1092.2 892.2 803.9 805.2 1012.7 998.8 826.8 926.3 990.7 1369.9 1415.2 1471.9 1500.6 1425.2 1216.9 1141.8 1146.0 1171.6 1256.1 1145.4 1080.9 1088.1 952.8 1040.3 1217.6 1077.3 1049.9 1039.0 1088.7 1277.8 1271.5 1276.5 1176.7 1145.8 1054.8 1087.7 1077.2 1139.0 1149.4 1164.1 1172.3 1239.7 -999.0 -999.0 -999.0 -999.0 -999.0 -999.0 -999.0 -999.0 -999.0 -999.0 -999.0 -999.0 -999.0 -999.0 -999.0 -999.0 -999.0 -999.0 -999.0
999.5 -999.0 -999.0 1105.9 720.1 1112.6 914.7 1495.9 1213.2 1140.2 1127.8 812.3 938.9 596.6 632.6 713.1 919.6 1081.3 1250.6 1320.5 1049.7 1255.8 1412.4 1196.8 1008.7 875.1 956.8 1051.3 1034.7 1065.2 909.7 897.1 1157.1 1162.7 1195.3 1244.9 1081.5 1073.4 1124.1 1227.8 1270.1 1208.8 1048.9 1105.1 1028.6 1084.0 1035.6 1153.6 1114.7 1123.3 1129.7 1205.6 -999.0 -999.0 -999.0 -999.0 -999.0 -999.0 -999.0 -999.0 -999.0 -999.0 -999.0 -999.0 -999.0 -999.0 -999.0 -999.0 -999.0 -999.0 -999.0
1157.7 -999.0 -999.0 1363.1 1404.2 1352.0 1417.1 1204.3 1013.1 771.6 1114.8 972.0 1004.3 1091.4 1129.5 934.6 931.1 948.3 996.7 1070.1 825.1 1279.2 1125.0 1134.0 976.8 761.6 837.1 1004.4 977.2 953.8 819.1 975.8 1253.1 915.3 1073.4 985.0 898.6 1096.8 1038.0 1233.1 1162.2 996.9 1075.9 1050.6 1080.9 1073.6 1178.8 1184.7 1076.3 1146.3 1177.2 -999.0 -999.0 -999.0 -999.0 -999.0 -999.0 -999.0 -999.0 -999.0 -999.0 -999.0 -999.0 -999.0 -999.0 -999.0 -999.0 -999.0 -999.0 -999.0 -999.0
1474.8 1511.3 -999.0 -999.0 1600.9 1313.5 1432.0 1164.8 832.2 605.1 872.5 572.1 813.6 901.1 945.3 1142.2 1096.7 975.2 999.7 891.4 1376.4 1139.3 1180.4 782.3 956.7 956.1 706.4 901.0 894.4 906.0 1002.5 1150.4 1074.4 998.4 1040.2 953.3 963.5 858.7 999.4 1191.0 972.3 1092.4 1139.7 1111.8 981.9 1130.4 1213.1 1254.5 1181.7 1178.0 1206.8 -999.0 -999.0 -999.0 -999.0 -999.0 -999.0 -999.0 -999.0 -999.0 -999.0 -999.0 -999.0 -999.0 -999.0 -999.0 -999.0 -999.0 -999.0 -999.0 -999.0
1301.3 1447.0 -999.0 -999.0 1458.6 1441.2 1473.5 1127.7 1487.7 1137.4 852.9 632.2 502.9 658.7 1063.4 1043.8 957.0 786.4 1001.3 1302.4 1082.3 1062.2 1031.1 840.4 888.0 932.5 733.0 983.0 1022.8 1035.3 1075.4 770.0 1027.9 1006.4 665.2 842.4 932.8 901.6 1087.5 1087.5 1118.4 1169.1 1218.8 1210.6 1228.3 1155.0 1222.4 1236.6 1196.9 1192.9 -999.0 -999.0 -999.0 -999.0 -999.0 -999.0 -999.0 -999.0 -999.0 -999.0 -999.0 -999.0 -999.0 -999.0 -999.0 -999.0 -999.0 -999.0 -999.0 -999.0 -999.0
1255.3 1417.0 1373.9 1169.2 862.1 1024.1 867.3 1019.6 1298.2 959.4 527.6 559.3 1102.2 906.8 1055.9 888.6 748.9 778.2 964.8 1181.9 1061.8 715.1 629.8 834.8 803.9 787.5 1037.3 1107.0 1111.8 940.4 809.9 1032.4 1038.3 1032.0 890.6 725.9 829.7 686.3 1079.9 857.8 998.5 992.1 799.2 1147.2 1302.8 1183.3 1140.2 1237.8 1196.2 -999.0 -999.0 -999.0 -999.0 -999.0 -999.0 -999.0 -999.0 -999.0 -999.0 -999.0 -999.0 -999.0 -999.0 -999.0 -999.0 -999.0 -999.0 -999.0 -999.0 -999.0 -999.0
1479.2 1214.7 1413.8 906.8 1473.1 1367.5 1158.3 742.9 586.7 964.8 843.5 935.7 653.9 803.3 881.5 916.0 1125.3 1104.9 1116.8 1093.1 859.1 594.6 690.6 897.4 641.8 957.0 870.0 1163.8 1165.0 1088.7 952.6 876.8 878.6 844.2 697.4 720.3 951.4 873.0 1129.8 1116.3 1174.3 1153.1 1170.1 1242.3 1279.9 1280.4 1243.0 1225.7 1321.5 -999.0 -999.0 -999.0 -999.0 -999.0 -999.0 -999.0 -999.0 -999.0 -999.0 -999.0 -999.0 -999.0 -999.0 -999.0 -999.0 -999.0 -999.0 -999.0 -999.0 -999.0 -999.0
-999.0 1357.2 1282.1 -999.0 1485.6 988.1 663.4 567.8 985.5 1107.3 1031.4 607.6 619.4 1154.3 1244.8 1067.3 798.8 1235.9 1129.3 872.2 653.0 590.4 612.5 544.2 786.8 711.2 875.4 1142.1 737.5 1026.7 698.7 721.8 684.7 608.9 722.1 891.7 1006.9 916.8 1017.5 955.4 1082.2 1078.1 1183.1 1214.5 1243.8 1265.9 1318.9 1281.2 -999.0 -999.0 -999.0 -999.0 -999.0 -999.0 -999.0 -999.0 -999.0 -999.0 -999.0 -999.0 -999.0 -999.0 -999.0 -999.0 -999.0 -999.0 -999.0 -999.0 -999.0 -999.0 -999.0
1540.1 1209.3 1525.6 -999.0 825.9 1099.4 1016.9 1483.1 876.0 1076.3 583.5 661.3 939.4 772.2 719.4 1049.6 1361.8 900.2 859.4 749.0 547.7 522.3 528.6 501.7 714.8 955.1 1181.8 1144.7 1069.5 856.5 598.6 622.1 829.9 709.1 861.5 788.6 882.7 991.8 1083.7 1020.9 1012.0 1039.1 1145.8 1096.8 1237.7 1164.6 1162.9 1272.6 -999.0 -999.0 -999.0 -999.0 -999.0 -999.0 -999.0 -999.0 -999.0 -999.0 -999.0 -999.0 -999.0 -999.0 -999.0 -999.0 -999.0 -999.0 -999.0 -999.0 -999.0 -999.0 -999.0
1323.2 1525.3 -999.0 1372.1 1254.0 929.5 1185.3 1003.8 788.8 1170.9 1169.7 1016.2 1164.3 1307.2 1319.4 1298.3 940.5 653.2 608.9 577.1 531.5 441.0 530.9 854.0 1037.4 1062.0 632.9 911.2 456.1 422.9 561.5 574.7 576.1 732.2 814.4 847.6 812.9 1184.8 1195.7 1151.8 1215.7 1193.1 822.4 1000.3 1287.4 1273.9 1269.9 1278.2 1364.9 -999.0 -999.0 -999.0 -999.0 -999.0 -999.0 -999.0 -999.0 -999.0 -999.0 -999.0 -999.0 -999.0 -999.0 -999.0 -999.0 -999.0 -999.0 -999.0 -999.0 -999.0 -999.0
-999.0 -999.0 1585.6 1121.9 1030.9 901.8 1302.8 995.7 666.7 1158.5 1080.3 852.7 900.1 877.2 1025.0 771.2 709.8 545.3 795.5 817.2 669.6 558.0 706.8 1054.7 960.4 1028.4 736.5 434.3 659.8 425.2 525.1 547.5 613.3 679.6 715.2 901.9 1104.6 1213.9 1146.8 1260.9 1310.7 1194.8 1228.7 1288.1 1323.4 1210.6 1184.3 1251.1 -999.0 -999.0 -999.0 -999.0 -999.0 -999.0 -999.0 -999.0 -999.0 -999.0 -999.0 -999.0 -999.0 -999.0 -999.0 -999.0 -999.0 -999.0 -999.0 -999.0 -999.0 -999.0 -999.0
-999.0 -999.0 1574.1 1548.5 1267.9 887.4 1128.8 836.5 1280.6 1315.3 1271.6 1081.8 696.7 592.9 713.4 938.2 976.0 886.0 656.6 824.5 841.8 938.5 931.3 793.1 736.0 637.2 521.5 531.0 505.2 692.5 726.3 781.6 1031.2 975.4 895.4 873.3 818.4 967.1 1073.6 892.6 1065.4 1329.8 1237.3 1116.9 1072.3 1047.0 1166.1 -999.0 -999.0 -999.0 -999.0 -999.0 -999.0 -999.0 -999.0 -999.0 -999.0 -999.0 -999.0 -999.0 -999.0 -999.0 -999.0 -999.0 -999.0 -999.0 -999.0 -999.0 -999.0 -999.0 -999.0
-999.0 -999.0 1309.7 973.6 1424.0 803.5 734.9 833.2 725.1 902.3 1233.6 1144.9 1285.6 1319.8 703.7 775.4 667.1 339.5 1037.0 913.5 911.2 846.6 875.8 682.3 728.1 562.3 695.2 748.3 780.0 699.4 841.3 648.9 645.7 526.7 642.1 818.0 676.8 523.0 699.0 772.4 924.7 935.3 969.5 967.0 1054.1 1068.7 1178.9 -999.0 -999.0 -999.0 -999.0 -999.0 -999.0 -999.0 -999.0 -999.0 -999.0 -999.0 -999.0 -999.0 -999.0 -999.0 -999.0 -999.0 -999.0 -999.0 -999.0 -999.0 -999.0 -999.0 -999.0
-999.0 1586.6 1605.5 1374.7 1594.4 1375.6 1185.3 923.6 1257.6 1236.6 703.2 1240.8 1296.3 1268.3 1202.6 757.6 942.4 1129.1 984.2 584.8 664.7 864.5 476.5 630.1 679.7 569.0 505.6 575.1 618.3 599.2 608.5 630.7 584.2 420.7 864.0 640.1 675.3 1044.5 1074.3 794.4 965.8 916.4 892.9 1134.4 1049.4 1081.9 1161.9 -999.0 -999.0 -999.0 -999.0 -999.0 -999.0 -999.0 -999.0 -999.0 -999.0 -999.0 -999.0 -999.0 -999.0 -999.0 -999.0 -999.0 -999.0 -999.0 -999.0 -999.0 -999.0 -999.0 -999.0
-999.0 -999.0 1549.1 1292.6 743.4 1352.9 1518.4 1380.8 1465.8 1529.4 1512.8 1485.5 1289.5 1201.8 803.8 1033.2 932.5 960.1 601.7 710.4 924.8 847.1 458.8 716.8 612.4 811.5 558.4 574.2 780.5 431.1 491.4 525.5 415.7 463.6 642.4 525.3 639.4 795.9 1006.0 1186.7 1145.7 960.3 1081.2 1228.9 1189.6 1116.3 1304.2 -999.0 -999.0 -999.0 -999.0 -999.0 -999.0 -999.0 -999.0 -999.0 -999.0 -999.0 -999.0 -999.0 -999.0 -999.0 -999.0 -999.0 -999.0 -999.0 -999.0 -999.0 -999.0 -999.0 -999.0
1489.8 1504.9 1512.3 1418.8 1063.5 1497.3 803.5 1210.2 1011.3 832.0 1507.5 1457.3 366.3 610.4 560.0 706.8 516.0 599.4 557.4 549.0 490.0 707.2 675.9 843.5 871.5 912.0 763.2 778.2 527.2 772.4 715.7 848.3 687.0 522.2 611.4 1037.3 795.5 732.6 999.4 777.5 1112.3 1245.5 1267.2 1248.6 1102.9 1204.2 -999.0 -999.0 -999.0 -999.0 -999.0 -999.0 -999.0 -999.0 -999.0 -999.0 -999.0 -999.0 -999.0 -999.0 -999.0 -999.0 -999.0 -999.0 -999.0 -999.0 -999.0 -999.0 -999.0 -999.0 -999.0
