GDD/GrowingDegreeDays_1984_Actual.txt
ncols         180
nrows         290
xllcorner     -200000
yllcorner     -200000
cellsize      5000
NODATA_value    -999
[rows 128 to 159 of 290, columns 71 to 141 of 180]
-999.0 1251.8 1552.0 1599.5 -999.0 -999.0 -999.0 -999.0 -999.0 -999.0 -999.0 -999.0 -999.0 1474.5 1350.7 1512.1 1330.0 1183.4 1272.2 1066.0 911.9 996.8 890.2 1014.2 1145.4 1226.0 1183.6 998.0 1057.0 1111.9 1307.4 1108.1 840.6 1038.4 915.3 1096.3 1118.1 1290.8 1272.4 1163.2 1205.2 1185.9 1095.9 979.4 889.4 936.1 1061.9 1157.1 1190.3 1287.2 1171.2 1149.4 1250.8 1340.9 -999.0 -999.0 -999.0 -999.0 -999.0 -999.0 -999.0 -999.0 -999.0 -999.0 -999.0 -999.0 -999.0 -999.0 -999.0 -999.0 -999.0
-999.0 -999.0 -999.0 -999.0 -999.0 -999.0 -999.0 -999.0 -999.0 -999.0 -999.0 -999.0 -999.0 1511.3 1557.8 1240.6 1321.5 1157.9 1265.3 1021.6 1007.3 840.8 898.2 928.8 1041.2 1094.5 1265.5 789.6 858.1 1129.5 1340.0 1095.8 927.0 1104.5 1067.6 966.7 1180.5 1050.8 997.5 1116.9 994.4 989.4 826.3 1098.2 1086.9 1026.3 1031.4 1049.8 1231.4 1382.7 1310.2 1320.3 1346.1 1412.4 1470.0 -999.0 -999.0 -999.0 -999.0 -999.0 -999.0 -999.0 -999.0 -999.0 -999.0 -999.0 -999.0 -999.0 -999.0 -999.0 -999.0
-999.0 -999.0 -999.0 -999.0 -999.0 -999.0 -999.0 -999.0 -999.0 -999.0 -999.0 -999.0 1720.6 1340.0 1195.4 1209.3 1137.9 1137.5 1210.0 1253.1 964.6 974.5 902.2 966.3 1001.3 1213.7 1418.9 1178.3 1096.2 1116.7 1309.3 1311.1 1149.0 1124.6 1121.3 1085.6 901.8 1154.7 1187.7 1151.2 1168.2 844.2 997.0 888.6 953.4 1123.3 1107.6 1088.9 1088.0 1077.1 1332.4 1390.5 1391.3 1413.0 1491.2 -999.0 -999.0 -999.0 -999.0 -999.0 -999.0 -999.0 -999.0 -999.0 -999.0 -999.0 -999.0 -999.0 -999.0 -999.0 -999.0
-999.0 -999.0 -999.0 -999.0 -999.0 -999.0 -999.0 -999.0 -999.0 -999.0 -999.0 -999.0 1429.9 1311.9 1267.0 961.7 1016.7 1165.1 1198.0 958.7 1213.0 1126.5 1003.5 1123.8 1124.3 1359.1 1490.1 1329.0 1259.8 1091.5 1384.3 1347.3 1314.6 1230.5 1308.1 1014.2 1296.7 1032.1 1131.8 1273.0 859.4 1193.2 1083.2 1024.6 1091.7 1038.5 1207.5 1210.3 1067.8 1118.6 1270.4 1265.5 1312.4 1390.7 1462.1 -999.0 -999.0 -999.0 -999.0 -999.0 -999.0 -999.0 -999.0 -999.0 -999.0 -999.0 -999.0 -999.0 -999.0 -999.0 -999.0
-999.0 -999.0 -999.0 -999.0 -999.0 -999.0 -999.0 -999.0 -999.0 -999.0 -999.0 1404.3 1408.0 1358.8 1107.7 1167.0 1140.2 750.5 1027.3 1036.6 1218.8 1135.2 1136.8 1247.1 1141.2 1198.9 1368.1 1279.4 1330.0 1471.1 1507.5 1413.5 1249.7 1236.8 1055.9 1201.7 1326.9 1033.7 1240.5 1195.5 892.1 1144.0 1221.7 1279.7 1165.0 1072.3 1128.1 1113.4 1113.8 1234.0 1272.5 1321.0 1387.8 1394.7 1457.3 -999.0 -999.0 -999.0 -999.0 -999.0 -999.0 -999.0 -999.0 -999.0 -999.0 -999.0 -999.0 -999.0 -999.0 -999.0 -999.0
-999.0 -999.0 -999.0 -999.0 -999.0 -999.0 -999.0 -999.0 -999.0 -999.0 1580.0 1367.6 1215.4 1373.4 1279.5 1178.0 1214.6 1062.1 1177.8 827.8 1307.8 1352.1 1269.7 1236.7 1228.8 1222.1 1383.3 1524.9 1612.1 1398.8 1536.8 1519.1 1335.3 1287.0 1287.7 1288.7 1383.1 1207.6 1362.8 1228.0 958.8 1032.8 1025.5 1106.1 1159.6 1234.5 1271.6 1132.0 1198.5 1251.2 1272.3 1317.6 1348.5 1430.6 1474.3 1522.8 -999.0 -999.0 -999.0 -999.0 -999.0 -999.0 -999.0 -999.0 -999.0 -999.0 -999.0 -999.0 -999.0 -999.0 -999.0
-999.0 -999.0 -999.0 -999.0 -999.0 -999.0 -999.0 -999.0 -999.0 -999.0 1300.7 980.6 1166.8 1246.2 1305.1 1298.5 1361.9 825.9 1042.6 1199.6 1234.1 1403.3 1389.7 1315.2 1357.0 1102.2 1476.1 1623.4 1651.6 1641.3 1380.0 1534.5 1331.4 1371.3 1332.5 1379.3 1374.3 1369.4 1222.4 1325.3 1149.7 1088.5 1132.3 1082.4 1214.5 1314.2 1353.0 1249.4 1293.4 1212.3 1278.7 1372.0 1459.6 1416.7 1446.3 1500.5 -999.0 -999.0 -999.0 -999.0 -999.0 -999.0 -999.0 -999.0 -999.0 -999.0 -999.0 -999.0 -999.0 -999.0 -999.0
-999.0 -999.0 -999.0 -999.0 -999.0 -999.0 -999.0 -999.0 1578.4 1472.6 1183.9 1171.8 1196.0 1179.3 1320.6 1307.8 1431.8 1096.7 1171.2 1162.6 1272.3 1305.0 1479.4 1338.5 1316.2 1395.0 1445.3 1515.5 1715.8 1673.1 1518.1 1514.6 1497.1 1458.1 1430.8 1483.7 1491.6 1378.3 1385.8 1384.7 1118.5 1160.9 1177.8 1193.1 1147.4 1292.8 1346.2 1461.8 1364.5 1317.4 1352.0 1401.3 1481.6 1471.2 1460.2 1470.5 -999.0 -999.0 -999.0 -999.0 -999.0 -999.0 -999.0 -999.0 -999.0 -999.0 -999.0 -999.0 -999.0 -999.0 -999.0
-999.0 -999.0 -999.0 -999.0 -999.0 -999.0 -999.0 -999.0 1470.1 1395.3 1425.9 1205.3 1241.8 1187.3 1351.3 1440.1 1492.6 1451.7 1327.0 1035.0 1244.3 1324.4 1494.1 1521.9 1478.9 1492.0 1514.0 1494.7 1631.1 1550.3 1632.2 1596.4 1576.9 1544.7 1555.4 1573.0 1603.0 1556.0 1433.5 1413.7 1417.6 1305.5 1263.4 1282.6 1329.0 1395.8 1601.9 1453.0 1231.3 1291.7 1414.6 1435.7 1489.0 1493.9 1545.4 1505.7 1533.2 -999.0 -999.0 -999.0 -999.0 -999.0 -999.0 -999.0 -999.0 -999.0 -999.0 -999.0 -999.0 -999.0 -999.0
-999.0 -999.0 -999.0 -999.0 -999.0 -999.0 -999.0 -999.0 1428.6 1364.0 1485.8 1277.0 1392.8 1325.7 1405.2 1474.0 1474.3 1541.6 1255.6 1256.1 1314.3 1216.1 1460.0 1525.9 1483.8 1533.7 1423.8 1197.9 1523.2 -999.0 -999.0 -999.0 1609.7 1562.0 -999.0 1630.4 1653.4 1611.2 1566.3 1517.3 1378.8 1236.6 1325.1 1346.6 1319.7 1436.6 1358.6 1321.0 1418.7 1492.1 1536.5 1543.4 1496.1 1679.7 1668.0 1594.4 1548.7 -999.0 -999.0 -999.0 -999.0 -999.0 -999.0 -999.0 -999.0 -999.0 -999.0 -999.0 -999.0 -999.0 -999.0
1644.0 -999.0 -999.0 -999.0 -999.0 -999.0 -999.0 -999.0 1557.1 1272.7 1442.1 1475.0 1443.1 1401.1 1405.0 1430.4 1517.1 1548.5 1519.7 1167.2 1324.6 1252.7 1447.7 1498.7 1353.4 1561.4 1517.8 1528.9 1586.6 -999.0 -999.0 -999.0 1611.4 1576.1 1554.4 1601.6 1663.8 1641.7 1612.9 1416.4 1191.6 1103.8 1249.5 1069.7 1298.8 1357.2 1191.9 1359.3 1297.3 1304.1 1377.8 1572.6 1492.2 1397.5 1543.4 1539.4 1582.0 -999.0 -999.0 -999.0 -999.0 -999.0 -999.0 -999.0 -999.0 -999.0 -999.0 -999.0 -999.0 -999.0 -999.0
1463.8 1530.7 -999.0 -999.0 -999.0 -999.0 -999.0 -999.0 -999.0 1410.7 1354.4 1510.1 -999.0 1492.9 1438.0 1446.3 1458.3 1550.1 -999.0 1539.5 1582.0 1415.0 1477.4 1420.2 1426.0 1587.2 1604.5 -999.0 -999.0 -999.0 -999.0 1613.2 1578.4 1560.8 1575.6 1562.7 1571.2 1601.0 1532.9 1431.6 1149.9 861.6 1246.1 953.8 1195.8 1108.0 1060.1 1252.9 1164.6 1288.0 1428.7 1349.7 1346.3 1430.6 1568.0 1499.2 1467.0 1619.9 -999.0 -999.0 -999.0 -999.0 -999.0 -999.0 -999.0 -999.0 -999.0 -999.0 -999.0 -999.0 -999.0
1376.4 -999.0 -999.0 -999.0 -999.0 -999.0 -999.0 -999.0 -999.0 -999.0 1463.8 -999.0 -999.0 -999.0 1587.4 1458.8 1444.8 1482.4 1565.6 -999.0 -999.0 1517.6 1561.3 1403.3 1379.0 -999.0 -999.0 -999.0 -999.0 -999.0 1663.5 1533.5 1524.9 1531.4 1548.5 1502.0 1545.5 1477.3 1400.5 1466.6 1284.7 1029.1 864.7 1017.2 925.3 914.7 928.4 1112.7 1096.6 1088.0 1183.2 1352.2 1385.8 1379.3 1553.6 1487.8 1411.7 1475.2 -999.0 -999.0 -999.0 -999.0 -999.0 -999.0 -999.0 -999.0 -999.0 -999.0 -999.0 -999.0 -999.0
-999.0 -999.0 -999.0 -999.0 -999.0 -999.0 -999.0 -999.0 -999.0 -999.0 1543.2 1556.9 -999.0 -999.0 -999.0 1583.1 1407.5 1410.7 1499.4 -999.0 -999.0 -999.0 -999.0 1616.3 -999.0 -999.0 -999.0 -999.0 -999.0 -999.0 1664.5 1570.0 1540.7 1434.6 1352.4 1353.1 1442.0 1443.1 1484.8 1451.0 1365.8 1100.3 902.2 1065.7 785.5 869.5 851.3 1055.8 1056.9 967.9 1148.3 1289.9 1380.5 1519.3 1572.0 1457.7 1375.9 1440.9 -999.0 -999.0 -999.0 -999.0 -999.0 -999.0 -999.0 -999.0 -999.0 -999.0 -999.0 -999.0 -999.0
1735.7 1725.0 1700.4 -999.0 -999.0 -999.0 -999.0 -999.0 -999.0 -999.0 -999.0 1440.2 -999.0 -999.0 -999.0 -999.0 1569.1 1465.3 1548.6 -999.0 -999.0 -999.0 -999.0 -999.0 -999.0 -999.0 -999.0 -999.0 -999.0 1698.6 1594.3 1442.6 1355.1 1322.9 1237.5 1261.2 1340.2 1370.1 1462.8 1400.1 1376.8 1208.8 767.0 715.2 754.4 839.3 1071.7 1180.3 1151.4 1236.9 1373.6 1241.9 1266.8 1497.8 1504.8 1414.9 1360.9 1424.1 1556.9 -999.0 -999.0 -999.0 -999.0 -999.0 -999.0 -999.0 -999.0 -999.0 -999.0 -999.0 -999.0
1480.0 1491.7 1575.3 1640.7 -999.0 -999.0 -999.0 -999.0 -999.0 -999.0 -999.0 1368.2 -999.0 -999.0 -999.0 -999.0 -999.0 -999.0 -999.0 -999.0 -999.0 -999.0 -999.0 -999.0 -999.0 -999.0 -999.0 -999.0 -999.0 1604.2 1531.4 1493.1 1461.5 1518.4 1052.7 1206.0 1294.4 1204.2 1450.2 1314.8 1501.9 1339.6 891.1 663.4 830.5 979.5 760.3 739.7 863.5 1007.5 1104.6 1414.5 1387.9 1422.0 1357.3 1400.1 1413.0 1409.8 1523.3 1644.5 -999.0 -999.0 -999.0 -999.0 -999.0 -999.0 -999.0 -999.0 -999.0 -999.0 -999.0
1528.0 1532.7 1526.5 1597.4 -999.0 -999.0 -999.0 -999.0 -999.0 -999.0 -999.0 -999.0 -999.0 -999.0 -999.0 -999.0 -999.0 -999.0 -999.0 -999.0 -999.0 -999.0 -999.0 -999.0 -999.0 -999.0 -999.0 -999.0 1721.0 1600.9 1461.4 1518.0 1253.3 1623.2 769.4 809.1 1341.2 1300.1 1405.1 1452.0 1377.2 1443.0 1248.3 730.3 792.2 922.2 990.2 1074.4 968.1 1012.2 1096.3 1258.1 1384.9 1427.8 1453.6 1453.8 1404.8 1466.2 1615.0 1671.2 -999.0 -999.0 -999.0 -999.0 -999.0 -999.0 -999.0 -999.0 -999.0 -999.0 -999.0
1595.4 1612.5 1618.1 1597.2 -999.0 -999.0 -999.0 -999.0 -999.0 -999.0 -999.0 -999.0 -999.0 -999.0 -999.0 -999.0 -999.0 -999.0 -999.0 -999.0 -999.0 -999.0 -999.0 -999.0 -999.0 -999.0 -999.0 -999.0 1688.0 1444.8 1484.1 1323.9 857.3 1315.5 1529.8 1143.7 1082.6 1228.1 1266.0 1343.7 1374.6 1439.4 1411.0 1319.0 796.1 911.3 956.4 1085.8 1117.6 1139.9 1278.8 1318.3 1364.5 1344.6 1474.6 1397.8 1446.3 1471.0 1596.9 1685.0 1684.3 1645.4 1629.6 -999.0 -999.0 -999.0 -999.0 -999.0 -999.0 -999.0 -999.0
1547.2 1676.3 -999.0 1611.2 1655.5 -999.0 -999.0 -999.0 -999.0 -999.0 -999.0 -999.0 -999.0 -999.0 -999.0 -999.0 -999.0 -999.0 -999.0 -999.0 -999.0 -999.0 -999.0 -999.0 -999.0 -999.0 -999.0 -999.0 1649.8 1442.0 1355.8 1099.0 1393.8 1319.6 1221.7 1003.2 1208.1 1282.7 1005.2 1357.7 1212.3 1384.6 1469.9 1505.1 1239.7 1025.1 1019.2 1078.2 1129.8 1278.3 1287.2 1351.3 1434.0 1505.9 1503.6 1497.1 1458.4 1518.7 1585.7 1629.3 1392.2 1481.7 1409.8 1397.6 1484.4 -999.0 -999.0 -999.0 -999.0 -999.0 -999.0
1511.9 1607.9 1630.9 1610.7 -999.0 -999.0 -999.0 -999.0 -999.0 -999.0 -999.0 -999.0 -999.0 -999.0 -999.0 -999.0 -999.0 -999.0 -999.0 -999.0 -999.0 -999.0 -999.0 -999.0 -999.0 -999.0 -999.0 -999.0 1644.1 1426.3 1250.1 898.7 803.3 1032.2 1304.1 1243.1 1164.0 980.4 1269.7 1001.0 1139.8 1267.9 1345.4 1389.9 1445.2 1334.9 1030.0 1059.9 1133.0 1202.7 1274.5 1348.5 1404.1 1479.1 1548.2 1526.2 1520.9 1568.4 1583.8 1565.9 1453.6 1208.1 1233.1 1247.3 1241.3 1330.9 1553.4 -999.0 -999.0 -999.0 -999.0
1576.4 1614.1 1605.8 1589.0 -999.0 -999.0 -999.0 -999.0 -999.0 -999.0 -999.0 -999.0 -999.0 -999.0 -999.0 -999.0 -999.0 -999.0 -999.0 -999.0 -999.0 -999.0 -999.0 -999.0 -999.0 -999.0 -999.0 -999.0 1666.2 1546.5 1243.9 1067.4 1376.8 649.3 824.5 1311.6 1160.5 1302.9 988.0 927.7 1149.3 1279.6 1275.1 1249.5 1367.6 857.5 936.3 948.5 927.6 939.8 1034.7 1312.5 1296.1 1465.5 1540.7 1547.5 1554.2 1580.8 1614.2 1615.4 1523.2 1290.7 1356.8 1377.4 1319.9 1275.8 1501.0 1383.0 -999.0 -999.0 -999.0
1612.5 1591.6 1519.4 1620.0 -999.0 -999.0 -999.0 -999.0 -999.0 -999.0 -999.0 -999.0 -999.0 -999.0 -999.0 -999.0 1741.7 1741.7 1786.4 -999.0 -999.0 -999.0 -999.0 -999.0 -999.0 -999.0 -999.0 -999.0 -999.0 1683.1 1552.4 1435.0 1283.1 1239.4 1025.1 1486.8 1697.6 1245.1 1225.8 1228.1 1265.6 1145.8 1145.3 1225.4 1178.9 993.0 988.3 784.3 872.6 1037.8 1133.5 1154.7 1325.0 1473.9 1541.5 1572.8 1552.6 1594.5 1608.5 1250.3 1309.3 1045.8 1019.0 1102.4 1172.9 1372.5 1203.7 1301.8 1540.7 -999.0 -999.0
1681.0 1569.2 1607.3 -999.0 -999.0 -999.0 -999.0 -999.0 -999.0 -999.0 -999.0 -999.0 -999.0 -999.0 -999.0 -999.0 1692.9 1693.9 -999.0 -999.0 -999.0 -999.0 -999.0 -999.0 -999.0 -999.0 -999.0 -999.0 -999.0 -999.0 1595.9 1591.4 1280.8 1338.7 830.3 1370.0 1358.9 1409.6 1508.4 1478.9 1402.1 1398.3 833.6 1213.0 1130.2 821.4 1001.2 1229.9 1310.6 1022.7 1325.5 1188.0 1391.0 1531.6 1608.1 1606.4 1582.1 1517.6 1331.3 1238.8 1280.5 1278.2 1318.0 1240.4 1164.5 1216.3 1205.9 1321.1 1328.1 -999.0 -999.0
1587.3 1556.1 -999.0 -999.0 -999.0 -999.0 -999.0 -999.0 -999.0 -999.0 -999.0 -999.0 -999.0 -999.0 -999.0 1669.4 1345.6 1427.5 1697.9 -999.0 -999.0 -999.0 -999.0 -999.0 -999.0 -999.0 -999.0 -999.0 -999.0 -999.0 1606.7 1350.6 1258.2 1259.2 1411.8 1349.6 1503.9 1511.9 1517.6 1519.7 1352.7 1419.3 1449.0 849.6 1107.5 1146.2 943.8 1130.3 973.7 1185.7 1179.7 1347.9 1455.0 1554.2 1600.0 1651.6 1609.0 1462.0 1356.7 1401.9 1330.4 1265.4 1295.6 1242.6 1257.4 1263.1 1260.6 1405.3 1324.7 1589.6 -999.0
-999.0 -999.0 -999.0 -999.0 -999.0 -999.0 -999.0 -999.0 -999.0 -999.0 -999.0 -999.0 -999.0 -999.0 1733.0 1297.0 1166.2 1046.4 1710.3 -999.0 -999.0 -999.0 -999.0 -999.0 -999.0 -999.0 -999.0 -999.0 -999.0 -999.0 1637.2 1192.2 1296.8 1608.5 1467.3 1550.5 1492.4 1611.0 1582.1 1464.1 1360.5 1532.7 1015.8 1168.1 948.6 1132.6 853.1 1304.5 1214.6 1366.9 1238.8 1398.8 1439.3 1499.2 1643.4 1658.1 1611.5 1529.8 1312.2 1296.6 1343.7 1438.5 1404.5 1392.7 1367.1 1346.7 1252.5 1271.2 1397.9 1459.8 -999.0
-999.0 -999.0 -999.0 -999.0 -999.0 -999.0 -999.0 -999.0 -999.0 -999.0 -999.0 -999.0 -999.0 1728.4 1623.8 1023.9 1327.2 1513.8 -999.0 -999.0 -999.0 -999.0 -999.0 -999.0 -999.0 -999.0 -999.0 -999.0 -999.0 -999.0 -999.0 1619.3 1632.2 1646.9 1449.5 1619.2 1463.7 1617.4 1591.3 1535.3 1436.8 1547.6 1065.9 1025.9 899.9 924.8 878.8 946.4 960.3 1065.1 1171.6 1216.5 1305.3 1522.7 1602.4 1597.8 1522.9 1499.6 1493.2 1237.5 1371.0 1569.3 1565.2 1499.7 1512.4 1499.6 1502.5 1498.4 1557.8 1568.5 1519.3
-999.0 -999.0 -999.0 -999.0 -999.0 -999.0 -999.0 -999.0 -999.0 -999.0 -999.0 -999.0 -999.0 1462.1 1229.5 1547.2 1658.2 1767.7 -999.0 -999.0 -999.0 -999.0 -999.0 -999.0 -999.0 -999.0 -999.0 -999.0 -999.0 -999.0 -999.0 -999.0 1696.3 1561.5 1608.8 1626.1 1536.2 1626.2 1626.1 1576.6 1431.8 1547.6 1088.2 1127.5 1148.6 961.2 1028.9 1102.5 862.6 889.0 1160.3 1113.6 1263.5 1352.3 1535.3 1567.3 1519.1 1519.5 1550.8 1556.6 1579.7 1633.2 1585.9 1521.2 1488.7 1499.5 1529.6 1540.1 1542.4 1318.3 1325.2
-999.0 -999.0 -999.0 -999.0 -999.0 -999.0 -999.0 -999.0 -999.0 -999.0 -999.0 -999.0 -999.0 1452.6 1509.7 1520.6 1767.5 -999.0 -999.0 -999.0 -999.0 -999.0 -999.0 -999.0 -999.0 -999.0 -999.0 -999.0 -999.0 -999.0 -999.0 -999.0 1717.9 1578.4 1584.0 -999.0 1651.4 -999.0 1718.6 1659.2 1575.5 1592.6 1530.5 1115.1 1160.4 1133.7 899.9 1326.7 1274.8 926.4 1063.1 1155.4 1241.9 1385.9 1515.0 1592.5 1644.2 1639.7 1611.0 1613.6 1575.3 1495.6 1550.1 1455.2 1483.3 1538.9 1496.7 1403.9 1433.6 1461.0 1451.6
-999.0 -999.0 -999.0 -999.0 -999.0 -999.0 -999.0 -999.0 -999.0 -999.0 -999.0 -999.0 1709.2 1713.5 1701.8 -999.0 -999.0 -999.0 -999.0 -999.0 -999.0 -999.0 -999.0 -999.0 -999.0 -999.0 -999.0 -999.0 -999.0 -999.0 -999.0 -999.0 1737.3 1701.8 1689.9 -999.0 -999.0 -999.0 1753.0 1530.0 1642.2 1537.0 1421.3 1472.5 1443.7 1335.1 1068.3 1051.5 1366.4 1086.3 1009.4 1217.7 1185.8 1319.9 1443.6 1632.2 1662.9 1670.4 1662.7 1646.8 1618.9 1583.2 1565.1 1500.7 1559.4 1513.6 1437.9 1379.9 1359.2 1364.5 1411.8
-999.0 -999.0 -999.0 -999.0 -999.0 -999.0 -999.0 -999.0 -999.0 -999.0 -999.0 -999.0 -999.0 -999.0 -999.0 -999.0 -999.0 -999.0 -999.0 -999.0 -999.0 -999.0 -999.0 -999.0 -999.0 -999.0 -999.0 -999.0 -999.0 -999.0 -999.0 -999.0 -999.0 -999.0 -999.0 -999.0 -999.0 1775.3 1735.4 1570.4 1352.9 1275.0 1264.2 1260.5 1353.3 1338.8 1157.1 1174.6 1276.3 1414.2 1218.5 1148.5 1285.5 1370.1 1470.9 1563.2 1625.7 1630.5 1676.6 1680.1 1669.7 1657.1 1625.2 1614.5 1520.6 1312.8 1433.9 1392.5 1465.9 1458.8 1514.4
-999.0 -999.0 -999.0 -999.0 -999.0 -999.0 -999.0 -999.0 -999.0 -999.0 -999.0 -999.0 -999.0 -999.0 -999.0 -999.0 -999.0 -999.0 -999.0 -999.0 -999.0 -999.0 -999.0 -999.0 -999.0 -999.0 -999.0 -999.0 -999.0 -999.0 -999.0 -999.0 -999.0 -999.0 -999.0 -999.0 -999.0 1721.5 1633.0 1406.2 1173.7 1019.9 1149.2 1391.2 1305.5 1497.0 1421.1 1463.9 1336.3 1277.9 1248.7 1258.5 1307.7 1399.3 1460.1 1513.8 1614.8 1624.7 1678.7 1696.7 1718.9 1702.6 1656.1 1626.2 1564.0 1278.4 1347.7 1489.6 1534.8 1556.9 1554.7
-999.0 -999.0 -999.0 -999.0 -999.0 -999.0 -999.0 -999.0 -999.0 -999.0 -999.0 -999.0 -999.0 -999.0 -999.0 -999.0 -999.0 -999.0 -999.0 -999.0 -999.0 -999.0 -999.0 -999.0 -999.0 -999.0 -999.0 -999.0 -999.0 -999.0 -999.0 -999.0 -999.0 -999.0 -999.0 -999.0 -999.0 1676.7 1648.6 1539.0 1315.8 1233.6 1294.0 1396.3 1421.0 1464.4 1407.0 1483.8 1494.8 1451.5 1601.7 1297.7 1429.3 1354.0 1456.0 1498.3 1624.7 1654.4 1659.8 1678.6 1745.2 1694.4 1676.8 1628.9 1605.9 1454.4 1410.0 1490.9 1556.8 1577.2 1587.7
