GDD/GrowingDegreeDays_1973_Actual.txt
ncols         180
nrows         290
xllcorner     -200000
yllcorner     -200000
cellsize      5000
NODATA_value    -999
[rows 64 to 95 of 290, columns 71 to 141 of 180]
-999.0 -999.0 -999.0 -999.0 -999.0 -999.0 -999.0 -999.0 -999.0 1345.9 1141.8 1141.6 1105.9 863.3 893.4 743.8 907.2 977.7 926.0 940.7 508.2 929.2 626.4 881.4 837.6 987.9 1027.5 928.5 776.0 807.0 651.4 975.6 -999.0 -999.0 -999.0 -999.0 -999.0 -999.0 -999.0 -999.0 -999.0 -999.0 -999.0 -999.0 -999.0 -999.0 -999.0 -999.0 -999.0 -999.0 -999.0 -999.0 -999.0 -999.0 -999.0 -999.0 -999.0 -999.0 -999.0 -999.0 -999.0 -999.0 -999.0 -999.0 -999.0 -999.0 -999.0 -999.0 -999.0 -999.0 -999.0
-999.0 -999.0 -999.0 -999.0 -999.0 -999.0 -999.0 -999.0 -999.0 -999.0 1338.3 1150.1 927.1 877.4 885.6 855.7 866.9 1179.3 1071.7 1039.6 830.0 782.6 750.9 877.0 960.4 887.2 925.2 960.2 904.8 943.6 1003.6 1250.3 -999.0 -999.0 -999.0 -999.0 -999.0 -999.0 -999.0 -999.0 -999.0 -999.0 -999.0 -999.0 -999.0 -999.0 -999.0 -999.0 -999.0 -999.0 -999.0 -999.0 -999.0 -999.0 -999.0 -999.0 -999.0 -999.0 -999.0 -999.0 -999.0 -999.0 -999.0 -999.0 -999.0 -999.0 -999.0 -999.0 -999.0 -999.0 -999.0
-999.0 -999.0 -999.0 -999.0 -999.0 -999.0 -999.0 -999.0 1390.0 -999.0 1348.9 1187.6 894.9 869.2 796.2 609.0 1045.3 976.8 1183.8 1046.0 1039.1 940.8 851.1 1021.4 982.9 911.3 850.7 829.0 943.2 1092.6 1270.2 -999.0 -999.0 -999.0 -999.0 -999.0 -999.0 -999.0 -999.0 -999.0 -999.0 -999.0 -999.0 -999.0 -999.0 -999.0 -999.0 -999.0 -999.0 -999.0 -999.0 -999.0 -999.0 -999.0 -999.0 -999.0 -999.0 -999.0 -999.0 -999.0 -999.0 -999.0 -999.0 -999.0 -999.0 -999.0 -999.0 -999.0 -999.0 -999.0 -999.0
-999.0 -999.0 -999.0 -999.0 -999.0 -999.0 -999.0 -999.0 1390.7 1343.3 1272.9 1252.8 881.3 1173.4 1018.4 1106.2 990.2 1060.4 907.0 1162.3 1116.7 985.3 1006.4 963.3 961.9 1043.8 793.7 965.9 1010.7 -999.0 -999.0 -999.0 -999.0 -999.0 -999.0 -999.0 -999.0 -999.0 -999.0 -999.0 -999.0 -999.0 -999.0 -999.0 -999.0 -999.0 -999.0 -999.0 -999.0 -999.0 -999.0 -999.0 -999.0 -999.0 -999.0 -999.0 -999.0 -999.0 -999.0 -999.0 -999.0 -999.0 -999.0 -999.0 -999.0 -999.0 -999.0 -999.0 -999.0 -999.0 -999.0
-999.0 -999.0 -999.0 -999.0 -999.0 -999.0 -999.0 -999.0 -999.0 1355.3 822.7 1271.2 1053.2 995.0 1006.9 1161.4 882.5 1013.9 905.6 949.3 1140.2 1045.8 1066.8 1028.3 981.0 999.2 945.9 1253.7 -999.0 -999.0 -999.0 -999.0 -999.0 -999.0 -999.0 -999.0 -999.0 -999.0 -999.0 -999.0 -999.0 -999.0 -999.0 -999.0 -999.0 -999.0 -999.0 -999.0 -999.0 -999.0 -999.0 -999.0 -999.0 -999.0 -999.0 -999.0 -999.0 -999.0 -999.0 -999.0 -999.0 -999.0 -999.0 -999.0 -999.0 -999.0 -999.0 -999.0 -999.0 -999.0 -999.0
-999.0 -999.0 -999.0 -999.0 -999.0 -999.0 -999.0 -999.0 -999.0 -999.0 1374.1 1024.5 1284.4 1092.4 760.0 1115.2 1079.6 1090.3 1231.2 1021.9 1166.3 1026.4 966.5 1190.6 963.4 1103.7 1217.1 -999.0 -999.0 -999.0 -999.0 -999.0 -999.0 -999.0 -999.0 -999.0 -999.0 -999.0 -999.0 -999.0 -999.0 -999.0 -999.0 -999.0 -999.0 -999.0 -999.0 -999.0 -999.0 -999.0 -999.0 -999.0 -999.0 -999.0 -999.0 -999.0 -999.0 -999.0 -999.0 -999.0 -999.0 -999.0 -999.0 -999.0 -999.0 -999.0 -999.0 -999.0 -999.0 -999.0 -999.0
-999.0 -999.0 -999.0 -999.0 -999.0 -999.0 1393.2 -999.0 -999.0 1424.2 1400.6 1173.7 1006.0 932.5 947.8 1136.6 1071.6 890.2 1019.9 1106.2 1231.9 1052.5 992.6 1031.8 1265.3 1287.7 -999.0 -999.0 -999.0 -999.0 -999.0 -999.0 -999.0 -999.0 -999.0 -999.0 -999.0 -999.0 -999.0 -999.0 -999.0 -999.0 -999.0 -999.0 -999.0 -999.0 -999.0 -999.0 -999.0 -999.0 -999.0 -999.0 -999.0 -999.0 -999.0 -999.0 -999.0 -999.0 -999.0 -999.0 -999.0 -999.0 -999.0 -999.0 -999.0 -999.0 -999.0 -999.0 -999.0 -999.0 -999.0
-999.0 -999.0 -999.0 -999.0 1235.2 1393.9 1294.7 1398.5 1222.0 1407.2 1008.7 1332.3 769.0 893.3 927.3 950.7 829.0 868.4 890.5 1211.2 1106.9 1185.7 979.9 1068.0 1179.5 1309.3 -999.0 -999.0 -999.0 -999.0 -999.0 -999.0 -999.0 -999.0 -999.0 -999.0 -999.0 -999.0 -999.0 -999.0 -999.0 -999.0 -999.0 -999.0 -999.0 -999.0 -999.0 -999.0 -999.0 -999.0 -999.0 -999.0 -999.0 -999.0 -999.0 -999.0 -999.0 -999.0 -999.0 -999.0 -999.0 -999.0 -999.0 -999.0 -999.0 -999.0 -999.0 -999.0 -999.0 -999.0 -999.0
-999.0 -999.0 -999.0 -999.0 953.5 1342.6 1352.3 1208.3 1152.5 986.2 750.3 922.6 1338.0 776.5 716.9 782.4 719.0 992.5 897.0 648.7 1045.4 1224.5 1259.5 1300.0 1308.4 -999.0 -999.0 1282.5 -999.0 -999.0 -999.0 -999.0 -999.0 -999.0 -999.0 -999.0 -999.0 -999.0 -999.0 -999.0 -999.0 -999.0 -999.0 -999.0 -999.0 -999.0 -999.0 -999.0 -999.0 -999.0 -999.0 -999.0 -999.0 -999.0 -999.0 -999.0 -999.0 -999.0 -999.0 -999.0 -999.0 -999.0 -999.0 -999.0 -999.0 -999.0 -999.0 -999.0 -999.0 -999.0 -999.0
-999.0 -999.0 -999.0 -999.0 1115.0 1238.6 1364.1 1164.5 827.8 1143.8 507.3 1016.2 1000.8 725.6 652.1 723.8 738.7 729.0 645.0 769.6 893.8 801.7 1066.7 972.3 1252.3 1289.8 1281.0 1294.8 -999.0 -999.0 -999.0 -999.0 -999.0 -999.0 -999.0 -999.0 -999.0 -999.0 -999.0 -999.0 -999.0 -999.0 -999.0 -999.0 -999.0 -999.0 -999.0 -999.0 -999.0 -999.0 -999.0 -999.0 -999.0 -999.0 -999.0 -999.0 -999.0 -999.0 -999.0 -999.0 -999.0 -999.0 -999.0 -999.0 -999.0 -999.0 -999.0 -999.0 -999.0 -999.0 -999.0
-999.0 -999.0 -999.0 -999.0 1358.9 1129.2 1351.4 1082.7 1060.5 741.3 881.2 883.8 1019.2 999.4 959.3 691.3 813.2 756.5 771.9 1016.4 1036.4 917.0 1062.9 1004.7 1219.8 1276.4 1269.4 -999.0 -999.0 -999.0 -999.0 -999.0 -999.0 -999.0 -999.0 -999.0 -999.0 -999.0 -999.0 -999.0 -999.0 -999.0 -999.0 -999.0 -999.0 -999.0 -999.0 -999.0 -999.0 -999.0 -999.0 -999.0 -999.0 -999.0 -999.0 -999.0 -999.0 -999.0 -999.0 -999.0 -999.0 -999.0 -999.0 -999.0 -999.0 -999.0 -999.0 -999.0 -999.0 -999.0 -999.0
-999.0 -999.0 -999.0 -999.0 1294.0 1338.9 1229.7 1415.7 693.0 870.7 847.7 896.5 711.1 478.6 808.2 947.2 983.0 720.5 799.4 1003.4 933.4 1053.7 1123.1 1247.2 1308.0 1153.1 -999.0 -999.0 -999.0 -999.0 -999.0 -999.0 -999.0 -999.0 -999.0 -999.0 -999.0 -999.0 -999.0 -999.0 -999.0 -999.0 -999.0 -999.0 -999.0 -999.0 -999.0 -999.0 -999.0 -999.0 -999.0 -999.0 -999.0 -999.0 -999.0 -999.0 -999.0 -999.0 -999.0 -999.0 -999.0 -999.0 -999.0 -999.0 -999.0 -999.0 -999.0 -999.0 -999.0 -999.0 -999.0
-999.0 -999.0 -999.0 1453.8 1130.7 1066.6 850.8 1055.3 1409.0 950.8 951.5 887.8 944.0 897.2 972.7 830.3 1004.5 1018.5 581.5 877.2 1000.3 1285.7 1309.0 1313.4 1340.4 -999.0 -999.0 -999.0 -999.0 -999.0 -999.0 1414.9 1391.7 1366.2 1416.0 -999.0 -999.0 1454.0 1303.4 1322.9 1372.0 1363.3 -999.0 -999.0 -999.0 1279.9 -999.0 1277.0 1285.2 -999.0 -999.0 -999.0 -999.0 -999.0 -999.0 -999.0 -999.0 -999.0 -999.0 -999.0 -999.0 -999.0 -999.0 -999.0 -999.0 -999.0 -999.0 -999.0 -999.0 -999.0 -999.0
-999.0 -999.0 -999.0 -999.0 1279.0 1027.6 829.7 977.5 945.8 1395.3 957.5 992.9 829.5 977.2 1071.0 1332.5 1146.4 908.0 942.6 1047.0 1192.7 1216.6 1167.8 1115.9 1351.0 -999.0 -999.0 -999.0 1458.8 1488.4 1403.9 1398.9 1387.8 1424.6 1419.4 1451.2 1444.4 1311.2 1171.3 1152.7 1251.5 1269.4 1289.5 1218.1 1099.1 1062.5 1118.2 1175.0 1204.9 1214.4 -999.0 -999.0 -999.0 -999.0 -999.0 -999.0 -999.0 -999.0 -999.0 -999.0 -999.0 -999.0 -999.0 -999.0 -999.0 -999.0 -999.0 -999.0 -999.0 -999.0 -999.0
-999.0 1317.9 -999.0 1302.3 1463.3 1380.1 1338.4 579.8 1314.5 1058.0 1199.9 958.0 1117.7 922.0 970.7 914.2 1191.0 1285.4 1255.1 1181.4 1324.2 1137.5 1238.4 1131.4 1322.5 1362.7 1354.8 1338.3 1416.7 1474.4 1337.3 1167.7 1324.9 1354.0 1260.2 1426.2 1159.3 1018.7 1039.2 1077.2 1193.8 1101.6 1165.6 1205.9 1134.7 1029.6 1077.6 1118.7 988.4 1160.9 1228.3 -999.0 -999.0 -999.0 -999.0 -999.0 -999.0 -999.0 -999.0 -999.0 -999.0 -999.0 -999.0 -999.0 -999.0 -999.0 -999.0 -999.0 -999.0 -999.0 -999.0
-999.0 -999.0 1416.0 891.0 1086.6 1156.2 732.8 920.6 673.2 1197.7 972.8 945.9 1017.8 1029.9 1210.4 829.4 914.2 902.4 1247.3 1364.8 1207.7 1351.6 1460.9 -999.0 1398.4 1304.3 1306.6 1226.8 1253.8 1311.5 1239.8 1240.0 1097.5 1084.1 1148.0 1237.9 1166.6 1153.8 1179.7 1181.1 1071.3 1159.1 1177.3 1158.8 1086.4 1089.3 1082.5 1098.5 1095.1 1085.0 1166.2 1245.0 -999.0 -999.0 -999.0 -999.0 -999.0 -999.0 -999.0 -999.0 -999.0 -999.0 -999.0 -999.0 -999.0 -999.0 -999.0 -999.0 -999.0 -999.0 -999.0
1290.0 -999.0 1425.1 1239.8 988.8 894.1 1143.8 672.9 776.0 1130.9 1030.1 853.5 781.1 795.8 1009.5 1010.3 840.5 935.8 998.0 1374.6 1429.5 1505.1 1561.4 1435.3 1211.3 1127.4 1131.8 1160.3 1241.9 1137.1 1076.2 1081.6 953.0 1035.1 1204.0 1070.5 1038.0 1015.9 1066.8 1259.9 1258.7 1266.0 1173.4 1154.4 1070.1 1095.3 1073.9 1127.4 1131.6 1138.2 1144.8 1221.1 -999.0 -999.0 -999.0 -999.0 -999.0 -999.0 -999.0 -999.0 -999.0 -999.0 -999.0 -999.0 -999.0 -999.0 -999.0 -999.0 -999.0 -999.0 -999.0
891.3 -999.0 -999.0 1008.2 671.4 1034.9 856.0 1410.8 1137.9 1072.4 1062.8 781.3 906.7 598.5 637.9 718.7 918.9 1073.9 1243.8 1324.0 1068.8 1284.3 1454.1 1212.4 1012.1 880.0 957.4 1047.8 1034.0 1064.0 915.5 902.9 1149.1 1152.9 1184.7 1232.8 1073.4 1065.0 1119.7 1227.5 1269.3 1209.5 1060.4 1139.7 1077.5 1107.4 1037.2 1140.7 1095.9 1100.1 1105.3 1189.1 -999.0 -999.0 -999.0 -999.0 -999.0 -999.0 -999.0 -999.0 -999.0 -999.0 -999.0 -999.0 -999.0 -999.0 -999.0 -999.0 -999.0 -999.0 -999.0
1032.8 -999.0 -999.0 1253.2 1305.6 1263.8 1327.1 1125.9 950.2 735.4 1054.4 928.4 963.2 1053.7 1097.6 917.7 918.1 938.1 987.6 1065.3 839.6 1286.1 1136.3 1139.1 983.0 772.4 844.1 1006.9 983.7 964.6 832.2 982.0 1244.9 921.6 1071.9 987.6 904.7 1098.7 1055.0 1253.7 1178.7 1010.5 1089.1 1088.8 1138.7 1097.0 1173.3 1166.1 1056.0 1123.3 1157.1 -999.0 -999.0 -999.0 -999.0 -999.0 -999.0 -999.0 -999.0 -999.0 -999.0 -999.0 -999.0 -999.0 -999.0 -999.0 -999.0 -999.0 -999.0 -999.0 -999.0
1330.2 1372.1 -999.0 -999.0 1494.0 1220.8 1327.2 1079.3 779.6 584.1 824.6 559.9 778.1 867.1 910.8 1102.7 1063.6 953.6 980.5 885.4 1361.1 1133.4 1174.9 794.9 963.0 962.7 720.3 909.3 911.3 934.3 1020.1 1151.4 1077.3 1005.4 1043.1 958.4 969.8 874.4 1027.8 1227.3 1000.6 1104.4 1145.0 1120.5 995.3 1129.6 1196.4 1228.0 1151.5 1148.7 1186.5 -999.0 -999.0 -999.0 -999.0 -999.0 -999.0 -999.0 -999.0 -999.0 -999.0 -999.0 -999.0 -999.0 -999.0 -999.0 -999.0 -999.0 -999.0 -999.0 -999.0
1157.9 1297.5 -999.0 -999.0 1323.3 1309.6 1343.7 1031.4 1385.9 1058.6 800.3 608.3 489.4 633.3 1013.0 997.2 917.3 758.3 969.8 1269.0 1061.4 1050.5 1023.1 846.2 896.4 939.7 744.2 987.9 1036.7 1065.0 1094.5 787.6 1033.8 1012.8 686.7 849.4 940.1 914.5 1105.9 1112.0 1136.1 1175.7 1211.7 1193.3 1202.5 1132.8 1196.4 1206.1 1159.1 1158.7 -999.0 -999.0 -999.0 -999.0 -999.0 -999.0 -999.0 -999.0 -999.0 -999.0 -999.0 -999.0 -999.0 -999.0 -999.0 -999.0 -999.0 -999.0 -999.0 -999.0 -999.0
1114.2 1263.7 1218.9 1022.7 746.4 885.9 768.6 920.0 1195.7 885.6 504.6 534.9 1036.1 853.5 993.9 832.8 700.5 733.6 923.2 1140.7 1034.3 712.1 638.6 834.1 807.8 793.3 1033.0 1098.6 1110.1 955.7 825.2 1035.6 1040.3 1035.9 896.5 739.7 839.0 708.7 1090.4 880.7 1018.7 1002.8 800.9 1120.0 1252.2 1149.0 1113.4 1205.7 1164.1 -999.0 -999.0 -999.0 -999.0 -999.0 -999.0 -999.0 -999.0 -999.0 -999.0 -999.0 -999.0 -999.0 -999.0 -999.0 -999.0 -999.0 -999.0 -999.0 -999.0 -999.0 -999.0
1338.7 1076.1 1258.7 786.0 1288.3 1193.5 1022.0 669.4 545.5 886.2 779.4 871.2 614.0 744.9 813.8 840.6 1033.0 1024.0 1051.6 1045.9 835.4 596.9 689.5 889.0 651.5 949.9 868.9 1145.5 1138.1 1069.5 944.9 875.3 880.1 849.1 712.5 733.1 955.9 882.1 1133.3 1127.8 1196.5 1162.7 1157.2 1211.2 1236.2 1246.3 1213.7 1200.2 1294.5 -999.0 -999.0 -999.0 -999.0 -999.0 -999.0 -999.0 -999.0 -999.0 -999.0 -999.0 -999.0 -999.0 -999.0 -999.0 -999.0 -999.0 -999.0 -999.0 -999.0 -999.0 -999.0
-999.0 1225.8 1142.6 -999.0 1319.0 856.8 591.0 518.8 895.0 1014.2 951.3 568.3 577.8 1069.5 1143.6 963.9 700.9 1125.2 1050.6 829.1 638.4 589.1 614.8 552.2 780.1 713.1 868.2 1113.5 708.2 975.9 691.1 723.2 695.2 626.9 732.3 896.1 1008.6 923.3 1022.1 965.7 1091.3 1079.2 1165.4 1187.4 1213.3 1241.2 1278.2 1264.7 -999.0 -999.0 -999.0 -999.0 -999.0 -999.0 -999.0 -999.0 -999.0 -999.0 -999.0 -999.0 -999.0 -999.0 -999.0 -999.0 -999.0 -999.0 -999.0 -999.0 -999.0 -999.0 -999.0
1422.5 1094.7 1387.2 -999.0 726.5 971.3 902.9 1354.8 791.9 983.1 542.7 613.1 867.6 706.9 649.9 941.5 1227.1 804.8 791.9 708.1 537.5 520.7 531.6 509.6 711.3 940.6 1151.7 1087.7 946.1 777.2 588.9 629.6 828.7 721.3 868.8 799.1 891.9 999.8 1084.7 1020.0 1007.2 1026.4 1122.4 1072.2 1209.1 1145.9 1156.4 1252.3 -999.0 -999.0 -999.0 -999.0 -999.0 -999.0 -999.0 -999.0 -999.0 -999.0 -999.0 -999.0 -999.0 -999.0 -999.0 -999.0 -999.0 -999.0 -999.0 -999.0 -999.0 -999.0 -999.0
1207.0 1401.9 -999.0 1236.1 1122.8 823.0 1064.2 901.7 713.0 1070.5 1075.3 935.8 1075.4 1210.9 1216.6 1186.2 846.2 590.2 567.1 552.5 521.1 441.2 533.8 838.3 1015.0 1040.0 644.1 870.4 415.3 390.3 557.1 587.3 597.5 753.7 836.1 862.6 826.2 1189.1 1197.1 1137.3 1189.2 1159.2 805.8 974.4 1252.4 1241.9 1233.1 1240.0 1333.7 -999.0 -999.0 -999.0 -999.0 -999.0 -999.0 -999.0 -999.0 -999.0 -999.0 -999.0 -999.0 -999.0 -999.0 -999.0 -999.0 -999.0 -999.0 -999.0 -999.0 -999.0 -999.0
-999.0 -999.0 1450.5 999.0 911.4 798.1 1178.6 894.4 604.6 1057.0 988.8 784.0 831.8 809.4 947.5 705.3 649.7 507.5 743.9 776.2 649.9 554.3 695.3 1028.4 942.1 1005.8 730.8 435.2 639.2 415.6 532.4 564.8 639.1 722.1 766.1 924.4 1102.2 1207.0 1135.4 1230.5 1261.3 1141.1 1175.8 1242.9 1284.7 1176.2 1151.8 1218.8 -999.0 -999.0 -999.0 -999.0 -999.0 -999.0 -999.0 -999.0 -999.0 -999.0 -999.0 -999.0 -999.0 -999.0 -999.0 -999.0 -999.0 -999.0 -999.0 -999.0 -999.0 -999.0 -999.0
-999.0 -999.0 1434.6 1402.1 1130.0 780.1 1013.3 747.2 1169.4 1206.9 1170.5 998.5 647.0 557.0 665.4 875.7 913.9 832.5 626.4 787.8 810.4 910.2 907.0 777.5 728.8 638.8 527.1 534.1 506.9 687.8 730.3 795.4 1034.9 1008.9 947.0 897.0 826.0 962.2 1055.7 866.8 1006.6 1257.5 1180.8 1077.8 1041.3 1021.0 1139.8 -999.0 -999.0 -999.0 -999.0 -999.0 -999.0 -999.0 -999.0 -999.0 -999.0 -999.0 -999.0 -999.0 -999.0 -999.0 -999.0 -999.0 -999.0 -999.0 -999.0 -999.0 -999.0 -999.0 -999.0
-999.0 -999.0 1171.1 849.2 1272.5 697.5 647.5 739.6 650.4 815.3 1133.1 1055.1 1196.7 1233.1 661.5 728.8 635.3 320.0 990.9 878.6 879.1 821.1 852.9 676.5 719.3 569.7 689.6 736.2 764.8 699.5 837.3 669.6 670.6 556.7 675.1 832.0 691.8 535.5 700.7 755.3 881.9 889.3 932.2 937.8 1024.5 1045.8 1159.4 -999.0 -999.0 -999.0 -999.0 -999.0 -999.0 -999.0 -999.0 -999.0 -999.0 -999.0 -999.0 -999.0 -999.0 -999.0 -999.0 -999.0 -999.0 -999.0 -999.0 -999.0 -999.0 -999.0 -999.0
-999.0 1455.1 1459.0 1220.3 1430.1 1229.6 1056.1 819.6 1141.3 1129.1 644.4 1146.6 1205.5 1185.4 1126.9 718.6 895.0 1076.4 945.3 580.6 653.6 839.1 483.5 629.7 676.0 577.0 514.3 583.1 625.3 611.2 622.8 646.6 604.8 436.3 870.4 658.4 685.6 1036.6 1064.0 783.4 936.6 888.8 871.9 1102.3 1020.6 1058.0 1141.1 -999.0 -999.0 -999.0 -999.0 -999.0 -999.0 -999.0 -999.0 -999.0 -999.0 -999.0 -999.0 -999.0 -999.0 -999.0 -999.0 -999.0 -999.0 -999.0 -999.0 -999.0 -999.0 -999.0 -999.0
-999.0 -999.0 1404.4 1146.7 638.1 1208.3 1372.2 1244.2 1332.8 1407.0 1408.5 1380.5 1196.2 1120.0 754.0 976.6 888.8 921.0 597.3 699.7 900.3 827.8 469.0 709.0 616.5 795.0 567.0 585.3 771.0 445.4 507.2 541.5 426.6 479.9 657.8 542.1 650.5 797.7 998.0 1160.7 1113.7 940.3 1062.2 1198.1 1157.9 1090.8 1281.5 -999.0 -999.0 -999.0 -999.0 -999.0 -999.0 -999.0 -999.0 -999.0 -999.0 -999.0 -999.0 -999.0 -999.0 -999.0 -999.0 -999.0 -999.0 -999.0 -999.0 -999.0 -999.0 -999.0 -999.0
1374.4 1378.2 1375.1 1274.9 936.9 1351.2 696.2 1072.3 879.2 729.1 1386.0 1342.8 336.4 575.0 537.8 674.9 514.4 596.1 563.2 559.9 506.6 706.7 677.0 827.7 852.9 892.1 752.6 768.8 543.6 770.6 722.6 845.0 696.0 540.7 626.7 1020.1 789.8 733.5 985.2 769.2 1083.1 1213.4 1237.9 1217.3 1074.5 1175.9 -999.0 -999.0 -999.0 -999.0 -999.0 -999.0 -999.0 -999.0 -999.0 -999.0 -999.0 -999.0 -999.0 -999.0 -999.0 -999.0 -999.0 -999.0 -999.0 -999.0 -999.0 -999.0 -999.0 -999.0 -999.0
