GDD/GrowingDegreeDays_1998_Actual.txt
ncols         180
nrows         290
xllcorner     -200000
yllcorner     -200000
cellsize      5000
NODATA_value    -999
[rows 192 to 223 of 290, columns 71 to 141 of 180]
-999.0 -999.0 -999.0 -999.0 -999.0 -999.0 -999.0 -999.0 -999.0 -999.0 -999.0 -999.0 -999.0 -999.0 -999.0 -999.0 -999.0 -999.0 -999.0 -999.0 -999.0 1856.1 1470.7 1269.6 1157.9 972.9 1117.7 1408.5 1660.9 1825.6 1672.3 1451.8 1300.3 1206.9 1517.7 1742.1 1695.8 1568.1 1581.4 1761.3 1486.1 1603.7 1633.6 1798.7 1740.6 1878.1 1948.8 1906.1 1805.8 1836.8 1906.7 1920.4 1893.7 1875.5 1806.6 1864.2 1904.9 1877.7 1816.1 1789.1 1772.7 1732.3 1807.7 1850.5 1754.4 1792.4 1826.6 1866.7 1859.1 1952.0 1944.8
-999.0 -999.0 -999.0 -999.0 -999.0 -999.0 -999.0 -999.0 -999.0 -999.0 -999.0 -999.0 -999.0 -999.0 -999.0 -999.0 -999.0 -999.0 -999.0 -999.0 1967.0 1913.8 1559.8 1265.7 1191.6 1287.6 1332.7 1510.2 1398.6 993.1 1283.0 1296.9 1328.4 1573.8 1706.1 1633.9 1607.3 1746.5 1753.2 1679.6 1513.3 1549.9 1623.1 1806.5 1740.8 1933.9 1943.1 1807.1 1926.3 1817.0 1801.3 1862.7 1827.7 1873.2 1831.0 1914.3 1949.9 1886.9 1876.9 1888.8 1793.4 1818.2 1720.3 1799.0 1757.2 1857.2 1857.1 1869.8 1950.5 1977.3 1908.1
-999.0 -999.0 -999.0 -999.0 -999.0 -999.0 -999.0 -999.0 -999.0 -999.0 -999.0 -999.0 -999.0 -999.0 -999.0 -999.0 -999.0 -999.0 -999.0 -999.0 1677.1 1675.0 1655.0 1582.9 1396.8 1035.8 1102.7 1252.9 1401.5 1320.6 1204.0 1144.9 1160.4 1558.9 1431.1 1351.8 1755.3 1535.5 1881.2 1794.9 1561.9 1400.4 1749.2 1745.8 1923.6 1994.8 1960.8 1914.1 1733.9 1999.0 1816.7 1813.6 1817.5 1839.3 1833.1 1916.2 1923.4 1919.8 1921.2 1966.8 1921.6 1779.8 1731.1 1761.3 1732.8 1847.5 1926.0 1954.3 2000.7 1967.1 1916.3
-999.0 -999.0 -999.0 -999.0 -999.0 -999.0 -999.0 -999.0 -999.0 -999.0 -999.0 -999.0 -999.0 -999.0 -999.0 -999.0 -999.0 -999.0 -999.0 -999.0 1762.2 1716.2 1939.1 1687.3 1412.3 1017.5 1206.8 1200.9 1453.6 1277.5 1323.5 1475.2 1396.6 1379.0 1478.5 1649.5 1804.6 1777.4 1521.2 1867.6 1794.7 1740.9 1773.3 1690.6 1881.1 2041.7 2004.6 1923.3 1934.6 1985.9 1822.2 1812.2 1822.3 1818.4 1904.7 1926.2 1859.8 1885.6 1866.6 1977.5 1884.2 1754.0 1748.9 1857.6 1878.7 1826.1 1937.0 1930.9 2045.6 1958.8 1944.2
-999.0 -999.0 -999.0 -999.0 -999.0 -999.0 -999.0 -999.0 -999.0 -999.0 -999.0 -999.0 -999.0 -999.0 -999.0 -999.0 -999.0 -999.0 -999.0 1868.3 1644.0 1354.3 1489.0 1618.4 1299.1 1216.6 1083.3 1105.2 1621.9 1588.7 1619.3 1471.3 1348.8 1559.3 1613.2 1469.8 1664.1 1774.0 1814.4 1896.8 1917.3 1873.4 1809.6 1879.6 1954.4 2010.7 2041.7 2028.8 1959.1 1904.2 1944.4 1871.5 1882.1 1828.6 1907.5 1901.3 1895.6 1939.8 1954.9 1942.8 1813.1 1823.8 1833.2 1947.0 1907.4 1898.5 1929.3 2020.0 1969.8 1964.9 1958.7
-999.0 -999.0 -999.0 -999.0 -999.0 -999.0 -999.0 -999.0 -999.0 -999.0 -999.0 -999.0 -999.0 -999.0 -999.0 -999.0 -999.0 -999.0 1732.1 1652.2 1511.0 1619.1 1682.7 1320.1 1057.3 1041.2 1279.4 1207.8 1592.2 1467.9 1581.7 1630.2 1088.3 1531.1 1511.8 1756.5 1756.0 1878.9 1879.7 1838.8 1718.1 1843.3 1693.8 1923.8 1933.5 2102.4 2108.5 2046.3 1999.6 1946.8 1957.0 1915.0 1866.1 1861.1 1991.6 1928.9 1914.9 1887.8 1883.5 1868.3 1805.0 1879.7 1834.1 1943.8 1953.9 2023.0 2020.3 1914.6 1889.9 1954.0 1950.7
-999.0 -999.0 -999.0 -999.0 -999.0 -999.0 -999.0 -999.0 -999.0 -999.0 -999.0 -999.0 -999.0 -999.0 -999.0 -999.0 1710.3 1745.9 1777.7 1903.4 1846.8 1694.7 1599.4 1232.2 1109.1 1008.6 979.3 1218.5 1426.3 1751.8 1502.8 1584.2 1238.4 1541.9 1694.9 1730.8 1874.8 1876.6 1941.8 1829.3 1666.7 1760.4 1786.2 2056.2 2072.9 2106.0 2095.2 1992.1 1988.0 1951.2 2001.9 1915.5 1853.8 1958.4 1991.6 1968.0 1834.7 1834.6 1768.2 1720.8 1778.5 1838.1 1915.1 1976.1 1929.8 1897.6 1933.9 1901.3 1994.5 1955.8 1957.3
-999.0 -999.0 -999.0 -999.0 -999.0 -999.0 -999.0 -999.0 -999.0 -999.0 -999.0 -999.0 2003.0 1996.1 2001.5 1565.0 1488.2 1424.8 1422.0 1669.9 1673.7 1690.1 1202.5 1310.1 1131.9 1139.0 1204.5 1520.2 1646.1 1801.4 1629.3 1685.8 1143.6 1341.1 1581.4 1825.6 1811.5 1870.0 1678.3 1925.2 1738.3 1736.1 1848.8 2008.6 2140.2 2168.2 2024.5 2036.8 2030.9 1917.9 2000.8 1939.6 1934.7 1951.1 1919.5 1853.0 1902.5 1804.1 1835.4 1795.0 1719.9 1752.3 1803.0 1864.7 1850.1 1871.7 1927.8 1976.3 1922.0 2040.4 2045.3
-999.0 -999.0 -999.0 -999.0 -999.0 -999.0 -999.0 -999.0 -999.0 -999.0 -999.0 1787.4 1914.5 1748.8 1759.2 1767.0 1530.3 1602.0 1534.1 1727.4 1825.1 1429.6 1327.7 1236.2 1605.8 1084.8 1358.8 1598.7 1205.5 1509.4 1835.8 1231.2 1454.2 1574.7 1979.8 1984.9 1925.4 1623.8 1921.5 1935.3 1894.1 1890.6 1817.4 1977.4 2049.1 2197.4 2101.9 2088.5 2053.5 1967.3 1979.1 1981.3 1980.1 1971.8 1872.2 1864.8 1682.7 1844.5 1868.7 1826.0 1756.2 1831.9 1866.4 1929.7 1939.1 1893.4 1934.9 1905.2 1990.5 2051.7 2044.0
-999.0 -999.0 -999.0 -999.0 -999.0 -999.0 -999.0 -999.0 -999.0 -999.0 1742.3 1753.9 1975.7 1937.0 1888.8 1747.2 1786.2 1688.0 1762.0 1727.9 1267.3 1501.9 1642.7 1244.5 1788.3 1414.5 1346.4 1084.3 1240.0 1258.3 1517.1 1567.7 1684.0 1977.3 1542.0 1599.4 1960.8 1922.5 1995.8 2031.2 1934.0 1969.8 2011.6 1956.5 1977.2 2196.4 2156.2 2136.2 2066.2 2060.1 2052.5 2022.2 1841.6 2020.0 1943.2 1839.9 1742.0 1786.3 1844.4 1800.8 1751.4 1784.8 1774.7 1855.7 1946.4 1962.6 1987.6 1907.0 1949.8 2035.9 1976.5
-999.0 -999.0 -999.0 -999.0 -999.0 -999.0 1984.3 1687.3 1850.1 1647.0 1869.8 1870.6 1795.6 1854.9 1863.0 1614.8 1689.3 1655.7 1707.4 1496.5 1480.3 1633.7 1550.3 1537.0 1643.4 1572.0 1224.3 1196.5 1405.6 1495.3 1366.6 1609.3 1926.4 1464.3 1383.2 1668.5 1662.9 1919.0 1931.7 2048.8 2013.3 1765.7 2008.7 1857.3 2081.0 2168.1 2149.4 2111.1 1883.1 2040.2 1990.2 1644.8 1968.2 1989.5 1924.6 1801.7 1665.2 1772.2 1797.7 1800.7 1841.1 1810.1 1825.3 1887.3 1949.7 1920.1 1964.4 1935.7 1907.9 1947.0 2021.3
-999.0 -999.0 -999.0 -999.0 -999.0 1932.1 1767.0 1794.6 1763.0 1487.4 1198.7 1358.5 1435.1 1707.7 1567.9 1396.9 1508.4 1562.2 1384.7 1614.4 1678.9 1435.1 1700.8 1858.7 1693.3 1591.9 1301.7 1351.6 1433.2 1536.7 1578.5 1683.5 1578.9 869.5 1250.3 1626.8 1866.6 1814.9 1936.2 1795.8 1986.8 1921.3 2034.9 2066.6 2096.5 2102.4 2134.2 2137.7 2028.5 1981.9 1657.9 1644.7 1752.1 1881.1 1899.0 1599.0 1683.7 1734.2 1775.3 1857.4 1805.6 1819.7 1839.8 1921.6 1844.8 1881.6 1948.5 1806.9 1843.4 1980.5 2028.7
-999.0 -999.0 -999.0 1988.5 1858.7 1838.1 1734.2 1824.2 1741.4 1589.1 1566.5 1666.7 1795.0 1557.8 1678.2 1485.6 1806.1 1698.6 1460.7 1574.7 1778.7 1653.9 1930.7 1886.3 1481.2 1350.7 1431.9 1612.4 1451.9 1760.9 1845.8 1814.3 1375.8 1169.6 1187.1 1847.6 1772.5 1790.2 1794.6 1893.9 2054.4 1915.8 1990.7 2028.8 2107.1 2082.2 2166.4 2168.0 2008.7 1937.6 1658.0 1701.0 1772.2 1879.7 1793.7 1625.4 1665.3 1713.3 1804.9 1820.4 1839.8 1857.7 1866.4 1870.5 1852.8 1840.6 1882.6 1899.2 1912.4 1963.6 1895.4
-999.0 -999.0 -999.0 2010.9 -999.0 2004.0 1942.9 1778.3 1872.2 1767.8 1781.9 1714.2 1783.0 1740.9 1602.4 1779.0 1702.5 1899.3 1949.5 1956.6 1970.8 1957.1 1631.5 1687.4 1303.4 758.0 1427.7 1407.9 1430.5 1113.4 1171.2 1922.2 1955.6 1037.0 1459.7 1700.6 1661.7 1579.5 1831.2 2030.2 2102.9 1880.1 1871.0 2027.4 2121.3 2153.7 2128.6 2186.9 2024.3 1693.7 1624.0 1768.7 1831.1 1855.7 1870.8 1848.2 1747.5 1830.3 1877.3 1919.2 1938.1 1912.1 1850.4 1781.6 1853.6 1911.6 1898.7 1955.1 1942.4 1873.7 1900.9
-999.0 -999.0 -999.0 -999.0 -999.0 -999.0 1809.6 1921.7 1932.2 1824.6 1907.4 1848.8 1855.6 1797.5 1877.0 1912.9 1816.1 1899.0 1766.6 1927.2 1660.3 1925.3 1550.5 1326.1 1276.1 1101.1 1004.2 1224.0 1073.4 969.4 1496.9 1371.1 1575.5 2082.8 1534.5 1586.0 1952.2 1907.5 2082.1 1852.3 1899.1 1646.9 1773.5 2046.6 2093.0 2146.7 2200.7 2031.3 1708.8 1802.0 1610.9 1774.1 1819.4 1759.8 1875.3 1742.2 1896.5 1900.8 1976.1 2011.6 1997.2 1927.1 1877.2 1891.1 1957.4 1976.7 1984.3 1930.1 1835.3 1779.0 1862.0
-999.0 -999.0 -999.0 -999.0 -999.0 1968.0 1915.0 1893.4 1921.7 1952.6 1774.3 1680.1 1577.6 1713.8 1833.5 1880.0 1939.0 1874.0 1596.1 1948.9 1784.4 2074.8 1845.0 1727.3 1737.9 1785.2 1445.4 1496.2 1245.6 1223.7 1077.7 1320.1 1349.1 1557.2 1189.0 1795.4 1941.1 1983.1 1840.6 1888.6 1673.1 1785.7 1787.8 2090.6 2089.4 2075.7 1721.5 1652.3 1676.3 1627.6 1809.9 1765.2 1760.2 1800.7 1873.0 1880.9 1908.7 1989.1 2063.1 2087.0 2053.1 1934.3 1901.1 1874.6 1939.7 1998.3 1981.9 1884.7 1711.3 1893.1 1857.9
-999.0 -999.0 -999.0 -999.0 2086.4 2054.6 1964.9 1930.3 1954.8 1981.0 1984.0 1880.8 1943.2 1896.3 1945.2 1962.4 1933.7 1927.9 1924.7 1659.1 2025.5 1588.9 1689.2 1643.4 1477.7 1585.3 1759.1 1715.9 1485.5 1562.9 1372.9 1437.5 1653.2 1307.7 1365.8 1955.6 1808.3 2043.5 1976.4 1798.7 1760.8 1906.2 1965.5 2073.7 2081.9 1823.1 1891.3 1711.8 1729.0 1797.5 1773.0 1811.9 1863.5 1856.4 1924.1 1964.6 1990.9 2050.9 1971.8 2149.8 2012.6 2019.4 1987.8 1991.3 1982.3 1969.3 1881.9 1750.8 1796.4 1845.3 1873.9
-999.0 -999.0 -999.0 -999.0 -999.0 -999.0 2086.9 1995.9 1965.9 1956.6 1957.7 1917.3 -999.0 -999.0 -999.0 -999.0 2002.4 1957.8 1827.0 2070.5 2178.2 2002.1 1947.9 1904.4 1853.5 2140.3 1209.3 1163.2 1615.2 1722.1 1703.4 1527.7 1482.8 1401.1 1752.9 1912.9 1956.5 2072.4 1661.7 1876.9 1783.0 2083.6 2072.7 2081.6 2073.0 1742.7 1922.0 1762.9 1771.9 1861.2 1868.1 1896.3 1922.3 1962.7 1984.9 2000.6 2002.3 2044.0 1977.1 2101.9 2022.9 1967.8 1992.4 1962.5 1932.3 1794.3 1833.5 1810.6 1804.5 1839.4 1996.1
-999.0 -999.0 -999.0 -999.0 -999.0 -999.0 2068.1 1889.3 1793.2 2036.6 1907.5 2049.2 -999.0 -999.0 -999.0 -999.0 -999.0 -999.0 -999.0 2212.3 2217.8 2140.3 2256.0 2113.6 1886.2 1555.8 1384.4 1164.4 1240.3 1433.4 1598.8 1590.9 1781.4 1595.1 1619.9 1997.8 2096.5 1720.9 1753.2 1754.2 2116.6 2138.2 2073.8 2091.8 1902.9 1791.3 1817.5 1814.3 1869.0 1905.0 1937.6 1958.9 1964.0 1962.3 1978.7 1911.5 1986.6 2027.9 2070.1 2082.0 2009.6 1973.4 1957.7 1822.0 1810.4 1904.0 1790.1 1826.0 1894.8 1942.4 2018.2
-999.0 -999.0 -999.0 -999.0 -999.0 -999.0 -999.0 -999.0 2012.8 -999.0 -999.0 -999.0 -999.0 -999.0 -999.0 -999.0 -999.0 1995.8 2023.7 2047.8 1988.8 2143.7 2246.6 2261.7 2077.6 1827.9 1506.5 1368.7 1432.5 1833.2 1843.8 1457.3 1677.7 1783.1 2001.9 2126.2 2191.0 1923.8 1980.1 2011.3 2142.6 2131.3 2042.3 2077.9 1735.7 1680.4 1815.3 1838.9 1916.8 1932.1 1946.6 1980.0 1919.8 1957.2 1928.3 1998.3 2019.5 2046.8 2054.3 2044.3 1933.6 1904.9 1828.0 1717.5 1859.4 1825.9 2024.3 1921.0 1971.3 2039.2 1999.0
-999.0 -999.0 -999.0 -999.0 -999.0 -999.0 -999.0 -999.0 -999.0 -999.0 -999.0 -999.0 -999.0 -999.0 -999.0 -999.0 -999.0 1987.7 1979.8 2172.0 2071.1 2014.3 -999.0 -999.0 2333.7 1777.8 2027.1 1811.3 1858.0 1838.6 1762.6 1651.3 2020.1 2089.4 2071.8 2144.5 2150.3 2135.1 2144.1 2148.0 2133.8 1996.1 2032.1 1962.9 1724.8 1819.8 1872.3 1925.2 1933.4 1883.9 1911.8 1962.4 1946.5 1976.2 1939.8 1883.2 1871.4 1945.4 1903.9 2007.3 1991.2 1897.7 1682.8 1890.4 1906.1 1982.7 2139.6 1998.1 2042.6 2104.2 2144.5
-999.0 -999.0 -999.0 -999.0 -999.0 -999.0 -999.0 -999.0 -999.0 -999.0 -999.0 -999.0 -999.0 -999.0 -999.0 -999.0 -999.0 -999.0 -999.0 -999.0 -999.0 -999.0 -999.0 -999.0 2293.5 2185.9 1938.6 1940.8 2091.3 2100.4 2072.0 2008.9 2111.8 2171.6 2142.7 2124.7 2134.3 2147.7 -999.0 2192.5 2149.7 2056.2 2053.5 1955.8 1764.3 1852.6 1864.9 1931.2 2012.1 1997.5 1896.4 1968.6 1938.1 1798.6 1739.9 1745.2 1701.8 1681.8 1831.3 1878.4 1900.1 1912.3 1831.1 1972.6 1991.2 2007.9 2088.2 2113.6 2142.4 2127.4 2142.0
-999.0 -999.0 -999.0 -999.0 -999.0 -999.0 -999.0 -999.0 -999.0 -999.0 -999.0 -999.0 -999.0 -999.0 -999.0 -999.0 -999.0 -999.0 -999.0 -999.0 -999.0 -999.0 -999.0 -999.0 -999.0 2200.0 2134.6 2092.8 2038.2 2005.7 2153.3 2180.0 2166.2 2219.1 -999.0 -999.0 -999.0 -999.0 2164.6 2211.6 2115.4 2092.8 2069.8 1967.8 1775.6 1864.6 1831.0 1895.3 2030.0 1907.1 1908.3 1774.3 1836.2 1638.8 1743.7 1719.0 1774.1 1767.7 1803.9 1902.4 1850.0 2074.2 2053.1 2030.9 2150.7 2113.2 2157.6 2178.0 2186.6 2258.0 2338.7
-999.0 -999.0 -999.0 -999.0 -999.0 -999.0 -999.0 -999.0 -999.0 -999.0 -999.0 -999.0 -999.0 -999.0 -999.0 -999.0 -999.0 -999.0 -999.0 -999.0 -999.0 -999.0 -999.0 -999.0 -999.0 -999.0 2198.3 1980.5 2036.8 2108.5 2042.4 2117.6 2180.7 -999.0 -999.0 -999.0 -999.0 2067.2 1981.6 1922.0 2191.5 2162.5 2125.7 1869.6 1779.2 1806.9 1824.2 1901.6 1920.0 1942.1 1776.8 1630.6 1716.6 1709.0 1790.4 1779.7 1811.5 1929.7 1900.9 1927.8 2003.4 2048.4 2093.1 2220.4 2151.1 2121.6 2131.0 2091.6 2077.4 2240.3 2294.7
-999.0 -999.0 -999.0 -999.0 -999.0 -999.0 -999.0 -999.0 -999.0 -999.0 -999.0 -999.0 -999.0 -999.0 -999.0 -999.0 -999.0 -999.0 -999.0 -999.0 -999.0 -999.0 -999.0 -999.0 -999.0 -999.0 -999.0 2181.1 2127.8 2178.4 2057.2 2159.5 2114.3 -999.0 -999.0 -999.0 2144.3 2162.3 2101.5 1916.3 1974.3 2034.7 2155.2 1989.8 2066.8 1857.8 1846.5 1951.9 1822.3 1733.4 1741.8 1776.0 1689.7 1777.4 1839.3 1878.7 1951.9 1974.1 1987.1 1979.1 1959.0 2032.8 2111.6 2084.3 2045.7 2054.9 2103.6 2091.7 2090.6 2152.3 2230.0
-999.0 -999.0 -999.0 -999.0 -999.0 -999.0 -999.0 -999.0 -999.0 -999.0 -999.0 -999.0 -999.0 -999.0 -999.0 -999.0 -999.0 -999.0 -999.0 -999.0 -999.0 -999.0 -999.0 -999.0 -999.0 -999.0 -999.0 -999.0 -999.0 -999.0 -999.0 -999.0 -999.0 -999.0 -999.0 1995.9 2137.5 2191.1 2152.5 1917.2 2092.6 2029.6 1950.6 1980.7 2004.3 1950.7 2049.6 2014.0 1959.5 1846.4 1857.9 1832.9 1814.0 1780.1 1809.4 1847.5 1726.8 1895.7 1881.3 1949.9 1927.2 1964.7 2059.9 2042.4 2031.6 2027.5 2000.5 2083.4 2121.9 2136.2 2158.2
-999.0 -999.0 -999.0 -999.0 -999.0 -999.0 -999.0 -999.0 -999.0 -999.0 -999.0 -999.0 -999.0 -999.0 -999.0 -999.0 -999.0 -999.0 -999.0 -999.0 -999.0 -999.0 -999.0 -999.0 -999.0 -999.0 -999.0 -999.0 -999.0 -999.0 -999.0 -999.0 -999.0 -999.0 -999.0 2118.0 2005.4 2075.3 1560.0 1712.7 2056.2 1990.3 1935.6 1925.8 1901.1 2039.4 2065.7 2027.8 1997.2 1868.7 1899.3 1943.1 1772.0 1749.3 1640.1 1791.1 1778.2 1665.7 1829.9 1897.3 1946.7 2021.6 2048.4 2061.4 2060.9 2053.7 2089.2 2036.8 2057.8 2123.8 2114.4
-999.0 -999.0 -999.0 -999.0 -999.0 -999.0 -999.0 -999.0 -999.0 -999.0 -999.0 -999.0 -999.0 -999.0 -999.0 -999.0 -999.0 -999.0 -999.0 -999.0 -999.0 -999.0 -999.0 -999.0 -999.0 -999.0 -999.0 -999.0 -999.0 -999.0 -999.0 -999.0 -999.0 -999.0 -999.0 2163.2 2180.4 2175.8 1945.3 1588.5 1711.8 1816.5 1933.6 1823.6 1977.3 1984.1 2030.8 1826.3 1777.9 1717.0 1786.4 1879.4 1849.7 1851.2 1830.4 1796.2 1793.6 1873.3 1880.5 1897.0 1927.2 1996.6 2046.3 2068.6 2065.9 2026.5 2067.2 2027.3 2041.0 2071.3 2006.7
-999.0 -999.0 -999.0 -999.0 -999.0 -999.0 -999.0 -999.0 -999.0 -999.0 -999.0 -999.0 -999.0 -999.0 -999.0 -999.0 -999.0 -999.0 2266.5 2118.4 2203.2 1427.1 1393.3 1418.9 1481.7 1377.7 2309.3 1798.6 2320.7 -999.0 -999.0 -999.0 -999.0 -999.0 -999.0 2199.1 2184.8 2128.1 2182.6 2012.7 1793.0 1688.5 1777.5 1887.8 1942.4 1926.7 1845.4 1710.6 1776.0 1861.7 1882.6 1920.6 1864.2 1880.1 1942.6 1986.9 2001.5 1937.3 1972.3 1892.1 1854.8 1791.0 1934.3 2021.4 1979.6 1932.0 2013.1 1937.3 2001.7 2055.7 1958.4
-999.0 -999.0 -999.0 -999.0 -999.0 -999.0 -999.0 -999.0 -999.0 -999.0 -999.0 -999.0 -999.0 -999.0 -999.0 -999.0 -999.0 -999.0 1886.5 1807.2 1609.0 1535.6 1239.5 1130.7 1253.5 1317.7 1434.7 1871.1 2091.6 2241.7 2137.5 1868.9 2079.5 2182.8 2261.0 2231.4 2212.6 2190.5 2175.3 2152.2 2076.1 1821.4 1812.9 1887.3 1969.0 1674.8 1808.0 1871.1 1820.4 1816.0 1930.4 1959.1 1951.3 1943.6 1942.6 1977.3 1979.6 2072.3 2020.0 1927.7 1898.1 1907.8 1854.5 1851.1 1937.9 1923.3 2037.5 2079.7 1980.3 2067.8 1689.0
-999.0 -999.0 -999.0 -999.0 -999.0 -999.0 -999.0 -999.0 -999.0 -999.0 -999.0 -999.0 -999.0 -999.0 -999.0 -999.0 -999.0 2272.5 2190.5 2015.7 1907.3 1726.6 1368.6 1176.2 1246.3 1397.8 1450.0 1551.7 1801.7 1951.8 2037.5 1944.8 1820.0 2138.6 2203.6 2241.1 2188.7 2047.6 2163.1 2135.0 1959.6 1925.8 1933.7 1899.1 1662.5 1846.5 1698.7 1730.8 1814.0 1958.0 1951.0 2012.7 1947.4 1874.6 1975.3 1929.6 2051.0 2008.9 2018.7 1978.9 1946.0 1815.8 1758.0 1963.3 2003.2 1997.7 1818.2 1993.0 2054.7 2033.0 2023.0
-999.0 -999.0 -999.0 -999.0 -999.0 -999.0 -999.0 -999.0 -999.0 -999.0 -999.0 -999.0 -999.0 -999.0 -999.0 -999.0 -999.0 -999.0 2240.2 2217.4 2148.5 1752.4 1650.1 1544.0 1286.1 1453.5 1594.7 1843.4 1726.6 1521.9 1740.8 1980.5 1995.0 1836.8 2069.6 2231.3 2200.4 2177.2 2072.5 2031.3 2096.6 2086.7 2018.6 1939.6 1794.1 1908.9 1741.0 1829.6 1847.8 1903.7 1916.1 1988.6 1901.8 1874.5 1911.5 2060.1 2077.0 2005.9 2125.8 2095.2 2060.4 1932.0 1827.1 1854.8 2033.3 2047.0 1962.9 1964.8 2030.4 2108.2 2111.7
