GDD/GrowingDegreeDays_1984_Actual.txt
ncols         180
nrows         290
xllcorner     -200000
yllcorner     -200000
cellsize      5000
NODATA_value    -999
[rows 64 to 95 of 290, columns 71 to 141 of 180]
-999.0 -999.0 -999.0 -999.0 -999.0 -999.0 -999.0 -999.0 -999.0 1405.5 1174.1 1173.4 1135.1 872.6 907.4 740.1 920.2 993.9 937.8 957.6 496.6 947.8 624.5 897.5 854.9 1022.6 1070.0 947.5 769.3 788.9 619.2 957.9 -999.0 -999.0 -999.0 -999.0 -999.0 -999.0 -999.0 -999.0 -999.0 -999.0 -999.0 -999.0 -999.0 -999.0 -999.0 -999.0 -999.0 -999.0 -999.0 -999.0 -999.0 -999.0 -999.0 -999.0 -999.0 -999.0 -999.0 -999.0 -999.0 -999.0 -999.0 -999.0 -999.0 -999.0 -999.0 -999.0 -999.0 -999.0 -999.0
-999.0 -999.0 -999.0 -999.0 -999.0 -999.0 -999.0 -999.0 -999.0 -999.0 1395.9 1181.5 939.7 892.2 902.8 864.4 870.3 1206.3 1086.8 1056.2 835.6 787.0 755.2 886.3 973.1 896.6 939.0 968.0 897.3 920.8 977.5 1245.9 -999.0 -999.0 -999.0 -999.0 -999.0 -999.0 -999.0 -999.0 -999.0 -999.0 -999.0 -999.0 -999.0 -999.0 -999.0 -999.0 -999.0 -999.0 -999.0 -999.0 -999.0 -999.0 -999.0 -999.0 -999.0 -999.0 -999.0 -999.0 -999.0 -999.0 -999.0 -999.0 -999.0 -999.0 -999.0 -999.0 -999.0 -999.0 -999.0
-999.0 -999.0 -999.0 -999.0 -999.0 -999.0 -999.0 -999.0 1456.5 -999.0 1407.1 1227.1 912.2 890.1 810.7 601.7 1066.2 984.4 1204.4 1061.0 1054.8 950.8 857.5 1033.0 991.3 913.6 848.7 819.8 929.0 1078.6 1266.0 -999.0 -999.0 -999.0 -999.0 -999.0 -999.0 -999.0 -999.0 -999.0 -999.0 -999.0 -999.0 -999.0 -999.0 -999.0 -999.0 -999.0 -999.0 -999.0 -999.0 -999.0 -999.0 -999.0 -999.0 -999.0 -999.0 -999.0 -999.0 -999.0 -999.0 -999.0 -999.0 -999.0 -999.0 -999.0 -999.0 -999.0 -999.0 -999.0 -999.0
-999.0 -999.0 -999.0 -999.0 -999.0 -999.0 -999.0 -999.0 1460.3 1406.9 1323.4 1308.1 911.8 1236.1 1055.4 1144.2 1010.4 1077.3 912.7 1181.7 1135.0 996.1 1017.4 968.4 965.0 1049.9 783.5 957.6 998.2 -999.0 -999.0 -999.0 -999.0 -999.0 -999.0 -999.0 -999.0 -999.0 -999.0 -999.0 -999.0 -999.0 -999.0 -999.0 -999.0 -999.0 -999.0 -999.0 -999.0 -999.0 -999.0 -999.0 -999.0 -999.0 -999.0 -999.0 -999.0 -999.0 -999.0 -999.0 -999.0 -999.0 -999.0 -999.0 -999.0 -999.0 -999.0 -999.0 -999.0 -999.0 -999.0
-999.0 -999.0 -999.0 -999.0 -999.0 -999.0 -999.0 -999.0 -999.0 1423.0 822.1 1338.8 1108.4 1039.9 1045.3 1204.5 898.5 1031.2 915.8 961.5 1160.7 1058.2 1078.6 1035.4 984.3 1000.5 940.4 1277.2 -999.0 -999.0 -999.0 -999.0 -999.0 -999.0 -999.0 -999.0 -999.0 -999.0 -999.0 -999.0 -999.0 -999.0 -999.0 -999.0 -999.0 -999.0 -999.0 -999.0 -999.0 -999.0 -999.0 -999.0 -999.0 -999.0 -999.0 -999.0 -999.0 -999.0 -999.0 -999.0 -999.0 -999.0 -999.0 -999.0 -999.0 -999.0 -999.0 -999.0 -999.0 -999.0 -999.0
-999.0 -999.0 -999.0 -999.0 -999.0 -999.0 -999.0 -999.0 -999.0 -999.0 1447.7 1058.9 1358.4 1141.1 780.1 1152.1 1107.0 1113.6 1257.2 1039.5 1189.5 1039.0 974.2 1206.9 967.1 1112.8 1241.5 -999.0 -999.0 -999.0 -999.0 -999.0 -999.0 -999.0 -999.0 -999.0 -999.0 -999.0 -999.0 -999.0 -999.0 -999.0 -999.0 -999.0 -999.0 -999.0 -999.0 -999.0 -999.0 -999.0 -999.0 -999.0 -999.0 -999.0 -999.0 -999.0 -999.0 -999.0 -999.0 -999.0 -999.0 -999.0 -999.0 -999.0 -999.0 -999.0 -999.0 -999.0 -999.0 -999.0 -999.0
-999.0 -999.0 -999.0 -999.0 -999.0 -999.0 1464.2 -999.0 -999.0 1496.9 1473.6 1224.8 1037.9 959.2 973.7 1169.1 1096.8 903.5 1038.8 1126.8 1255.5 1067.4 1003.7 1041.2 1289.1 1319.0 -999.0 -999.0 -999.0 -999.0 -999.0 -999.0 -999.0 -999.0 -999.0 -999.0 -999.0 -999.0 -999.0 -999.0 -999.0 -999.0 -999.0 -999.0 -999.0 -999.0 -999.0 -999.0 -999.0 -999.0 -999.0 -999.0 -999.0 -999.0 -999.0 -999.0 -999.0 -999.0 -999.0 -999.0 -999.0 -999.0 -999.0 -999.0 -999.0 -999.0 -999.0 -999.0 -999.0 -999.0 -999.0
-999.0 -999.0 -999.0 -999.0 1317.9 1468.7 1352.7 1464.8 1269.6 1474.9 1029.5 1392.4 781.2 912.8 946.0 967.4 838.6 877.8 901.6 1236.3 1125.9 1205.7 988.1 1077.4 1196.7 1343.5 -999.0 -999.0 -999.0 -999.0 -999.0 -999.0 -999.0 -999.0 -999.0 -999.0 -999.0 -999.0 -999.0 -999.0 -999.0 -999.0 -999.0 -999.0 -999.0 -999.0 -999.0 -999.0 -999.0 -999.0 -999.0 -999.0 -999.0 -999.0 -999.0 -999.0 -999.0 -999.0 -999.0 -999.0 -999.0 -999.0 -999.0 -999.0 -999.0 -999.0 -999.0 -999.0 -999.0 -999.0 -999.0
-999.0 -999.0 -999.0 -999.0 996.6 1403.2 1406.9 1246.5 1184.6 1000.5 751.3 935.1 1389.7 786.0 722.1 789.4 722.8 1005.8 906.9 646.1 1060.3 1246.2 1281.2 1323.9 1333.2 -999.0 -999.0 1326.5 -999.0 -999.0 -999.0 -999.0 -999.0 -999.0 -999.0 -999.0 -999.0 -999.0 -999.0 -999.0 -999.0 -999.0 -999.0 -999.0 -999.0 -999.0 -999.0 -999.0 -999.0 -999.0 -999.0 -999.0 -999.0 -999.0 -999.0 -999.0 -999.0 -999.0 -999.0 -999.0 -999.0 -999.0 -999.0 -999.0 -999.0 -999.0 -999.0 -999.0 -999.0 -999.0 -999.0
-999.0 -999.0 -999.0 -999.0 1157.0 1273.6 1411.4 1190.6 826.5 1167.4 495.3 1029.8 1014.9 727.2 646.2 724.5 742.7 731.2 640.4 773.6 899.5 801.7 1077.3 973.1 1267.2 1312.8 1314.2 1334.5 -999.0 -999.0 -999.0 -999.0 -999.0 -999.0 -999.0 -999.0 -999.0 -999.0 -999.0 -999.0 -999.0 -999.0 -999.0 -999.0 -999.0 -999.0 -999.0 -999.0 -999.0 -999.0 -999.0 -999.0 -999.0 -999.0 -999.0 -999.0 -999.0 -999.0 -999.0 -999.0 -999.0 -999.0 -999.0 -999.0 -999.0 -999.0 -999.0 -999.0 -999.0 -999.0 -999.0
-999.0 -999.0 -999.0 -999.0 1420.2 1151.7 1398.6 1099.2 1071.2 731.6 880.1 885.5 1027.8 1007.3 966.0 685.6 815.3 757.0 773.6 1026.3 1047.4 920.1 1071.7 1006.0 1232.3 1298.2 1297.6 -999.0 -999.0 -999.0 -999.0 -999.0 -999.0 -999.0 -999.0 -999.0 -999.0 -999.0 -999.0 -999.0 -999.0 -999.0 -999.0 -999.0 -999.0 -999.0 -999.0 -999.0 -999.0 -999.0 -999.0 -999.0 -999.0 -999.0 -999.0 -999.0 -999.0 -999.0 -999.0 -999.0 -999.0 -999.0 -999.0 -999.0 -999.0 -999.0 -999.0 -999.0 -999.0 -999.0 -999.0
-999.0 -999.0 -999.0 -999.0 1350.5 1391.3 1262.9 1463.1 672.8 856.8 835.5 893.0 702.7 463.5 805.7 946.8 984.7 715.4 799.2 1010.6 938.1 1063.7 1136.8 1266.3 1334.8 1164.8 -999.0 -999.0 -999.0 -999.0 -999.0 -999.0 -999.0 -999.0 -999.0 -999.0 -999.0 -999.0 -999.0 -999.0 -999.0 -999.0 -999.0 -999.0 -999.0 -999.0 -999.0 -999.0 -999.0 -999.0 -999.0 -999.0 -999.0 -999.0 -999.0 -999.0 -999.0 -999.0 -999.0 -999.0 -999.0 -999.0 -999.0 -999.0 -999.0 -999.0 -999.0 -999.0 -999.0 -999.0 -999.0
-999.0 -999.0 -999.0 1526.7 1167.3 1086.6 847.0 1055.8 1438.4 927.6 935.6 876.5 940.0 890.9 965.2 818.4 1000.6 1019.0 568.3 876.3 1008.9 1308.1 1334.5 1342.0 1375.4 -999.0 -999.0 -999.0 -999.0 -999.0 -999.0 1448.4 1419.7 1385.5 1441.3 -999.0 -999.0 1472.9 1316.9 1343.9 1402.9 1401.7 -999.0 -999.0 -999.0 1308.5 -999.0 1296.9 1296.2 -999.0 -999.0 -999.0 -999.0 -999.0 -999.0 -999.0 -999.0 -999.0 -999.0 -999.0 -999.0 -999.0 -999.0 -999.0 -999.0 -999.0 -999.0 -999.0 -999.0 -999.0 -999.0
-999.0 -999.0 -999.0 -999.0 1332.5 1040.4 820.4 968.4 922.1 1411.3 936.1 984.3 821.9 968.7 1055.4 1320.8 1138.4 899.5 939.6 1058.7 1211.2 1232.1 1186.2 1136.7 1395.2 -999.0 -999.0 -999.0 1488.1 1515.5 1455.8 1431.1 1427.3 1456.1 1439.9 1461.3 1451.8 1317.6 1168.9 1151.7 1269.5 1299.2 1329.9 1253.0 1114.3 1064.2 1122.0 1180.2 1206.9 1212.9 -999.0 -999.0 -999.0 -999.0 -999.0 -999.0 -999.0 -999.0 -999.0 -999.0 -999.0 -999.0 -999.0 -999.0 -999.0 -999.0 -999.0 -999.0 -999.0 -999.0 -999.0
-999.0 1405.5 -999.0 1368.7 1528.7 1430.2 1376.8 557.8 1330.9 1044.0 1203.3 950.2 1119.1 908.0 939.9 869.0 1172.0 1290.6 1269.7 1199.3 1350.2 1145.4 1260.9 1171.2 1370.4 1409.6 1404.2 1371.6 1436.3 1474.9 1335.0 1170.4 1348.1 1369.6 1258.4 1426.8 1137.8 1007.1 1036.3 1074.9 1202.2 1109.1 1184.5 1227.9 1142.7 1023.8 1070.9 1110.0 960.8 1144.0 1212.2 -999.0 -999.0 -999.0 -999.0 -999.0 -999.0 -999.0 -999.0 -999.0 -999.0 -999.0 -999.0 -999.0 -999.0 -999.0 -999.0 -999.0 -999.0 -999.0 -999.0
-999.0 -999.0 1506.9 913.7 1118.9 1185.9 728.6 917.5 657.5 1200.9 965.3 942.7 1017.3 1020.5 1184.7 786.3 887.3 892.5 1259.8 1388.1 1220.3 1366.6 1480.8 -999.0 1379.3 1340.4 1347.6 1245.5 1259.8 1312.2 1238.7 1244.4 1095.0 1076.9 1137.5 1229.9 1166.1 1176.9 1200.3 1189.8 1070.0 1164.4 1185.5 1164.9 1086.4 1086.5 1076.1 1088.0 1078.1 1057.6 1132.9 1221.2 -999.0 -999.0 -999.0 -999.0 -999.0 -999.0 -999.0 -999.0 -999.0 -999.0 -999.0 -999.0 -999.0 -999.0 -999.0 -999.0 -999.0 -999.0 -999.0
1399.0 -999.0 1523.3 1312.7 1017.2 908.8 1170.6 668.2 771.7 1131.9 1029.7 853.2 782.4 792.5 998.7 992.4 827.3 930.3 1002.7 1401.9 1460.6 1511.4 1543.4 1442.4 1212.3 1140.1 1147.1 1167.2 1246.3 1129.3 1066.6 1074.8 942.5 1026.1 1199.6 1062.1 1036.5 1025.3 1076.0 1270.4 1265.7 1275.7 1178.2 1155.1 1064.0 1092.5 1068.2 1122.2 1119.9 1111.7 1097.2 1183.2 -999.0 -999.0 -999.0 -999.0 -999.0 -999.0 -999.0 -999.0 -999.0 -999.0 -999.0 -999.0 -999.0 -999.0 -999.0 -999.0 -999.0 -999.0 -999.0
952.5 -999.0 -999.0 1061.3 682.1 1063.7 871.0 1461.9 1156.0 1080.0 1073.7 787.4 914.8 593.6 632.8 715.8 921.0 1087.3 1266.8 1357.2 1092.1 1287.6 1444.8 1204.5 1007.5 876.7 956.2 1041.1 1019.5 1045.1 896.5 887.3 1143.8 1150.1 1184.4 1237.1 1073.9 1066.1 1117.5 1223.4 1271.0 1212.5 1056.4 1134.4 1063.7 1104.0 1031.9 1139.3 1083.2 1072.6 1063.4 1155.8 -999.0 -999.0 -999.0 -999.0 -999.0 -999.0 -999.0 -999.0 -999.0 -999.0 -999.0 -999.0 -999.0 -999.0 -999.0 -999.0 -999.0 -999.0 -999.0
1123.6 -999.0 -999.0 1345.7 1382.2 1325.4 1395.6 1163.3 971.3 746.0 1074.7 944.9 982.7 1075.6 1120.8 933.6 934.3 956.3 1009.9 1089.8 847.7 1303.6 1134.7 1139.3 981.0 765.8 835.3 991.6 953.3 922.3 794.6 957.3 1238.1 906.5 1064.3 982.1 899.8 1095.3 1039.0 1238.0 1166.1 1000.7 1089.1 1081.4 1127.9 1094.4 1184.1 1174.5 1048.3 1115.6 1147.2 -999.0 -999.0 -999.0 -999.0 -999.0 -999.0 -999.0 -999.0 -999.0 -999.0 -999.0 -999.0 -999.0 -999.0 -999.0 -999.0 -999.0 -999.0 -999.0 -999.0
1464.7 1514.2 -999.0 -999.0 1597.3 1288.5 1416.1 1129.3 806.4 594.7 849.4 569.5 804.1 893.4 941.8 1141.0 1099.2 983.4 1010.3 906.2 1399.7 1151.3 1189.6 793.4 966.0 963.0 707.9 887.7 854.4 835.0 945.5 1120.6 1054.3 981.6 1030.8 952.1 964.8 864.5 1006.9 1203.1 980.3 1099.4 1150.8 1129.0 993.8 1140.8 1214.0 1247.2 1166.2 1165.6 1202.2 -999.0 -999.0 -999.0 -999.0 -999.0 -999.0 -999.0 -999.0 -999.0 -999.0 -999.0 -999.0 -999.0 -999.0 -999.0 -999.0 -999.0 -999.0 -999.0 -999.0
1284.3 1453.7 -999.0 -999.0 1453.2 1432.4 1463.5 1096.5 1475.6 1108.4 835.9 629.8 509.5 662.3 1061.3 1044.7 961.0 795.5 1008.5 1316.8 1091.9 1070.9 1037.3 850.7 900.2 941.5 736.5 967.8 968.7 924.8 996.4 747.7 1008.9 990.8 664.5 846.2 938.7 909.6 1096.1 1095.3 1128.6 1180.7 1230.1 1218.7 1232.8 1150.7 1218.9 1229.1 1189.4 1193.7 -999.0 -999.0 -999.0 -999.0 -999.0 -999.0 -999.0 -999.0 -999.0 -999.0 -999.0 -999.0 -999.0 -999.0 -999.0 -999.0 -999.0 -999.0 -999.0 -999.0 -999.0
1247.9 1440.3 1394.8 1155.7 836.7 996.2 845.8 991.8 1278.4 939.6 528.7 561.9 1094.8 905.5 1056.4 891.2 756.6 786.3 972.1 1191.6 1069.7 729.0 642.3 844.0 813.9 795.8 1035.9 1093.7 1078.5 891.2 772.7 1009.1 1024.8 1025.9 892.3 733.3 840.3 702.3 1091.9 875.7 1018.8 1007.3 805.5 1146.1 1297.8 1173.0 1125.3 1231.5 1195.0 -999.0 -999.0 -999.0 -999.0 -999.0 -999.0 -999.0 -999.0 -999.0 -999.0 -999.0 -999.0 -999.0 -999.0 -999.0 -999.0 -999.0 -999.0 -999.0 -999.0 -999.0 -999.0
1499.3 1239.2 1453.5 892.7 1462.9 1352.2 1133.0 727.5 580.6 947.8 832.8 928.1 658.2 804.7 882.4 917.4 1127.8 1108.9 1123.1 1100.7 869.5 608.8 703.4 906.1 653.0 959.5 871.0 1155.0 1149.3 1070.9 941.0 870.3 878.5 848.3 706.7 732.9 963.3 887.8 1146.1 1141.0 1215.9 1183.4 1183.0 1246.1 1273.1 1273.0 1230.9 1221.4 1334.2 -999.0 -999.0 -999.0 -999.0 -999.0 -999.0 -999.0 -999.0 -999.0 -999.0 -999.0 -999.0 -999.0 -999.0 -999.0 -999.0 -999.0 -999.0 -999.0 -999.0 -999.0 -999.0
-999.0 1383.8 1298.7 -999.0 1480.0 960.5 649.1 561.5 968.0 1091.4 1020.8 612.4 625.7 1154.7 1248.6 1069.4 800.3 1242.2 1135.4 882.6 668.0 604.9 626.6 554.3 791.5 714.5 871.8 1129.3 736.4 1026.4 704.2 730.3 695.7 619.6 737.3 906.9 1021.8 935.0 1036.6 978.6 1112.3 1100.5 1195.7 1218.1 1241.6 1262.1 1299.8 1285.3 -999.0 -999.0 -999.0 -999.0 -999.0 -999.0 -999.0 -999.0 -999.0 -999.0 -999.0 -999.0 -999.0 -999.0 -999.0 -999.0 -999.0 -999.0 -999.0 -999.0 -999.0 -999.0 -999.0
1557.7 1211.9 1544.1 -999.0 804.9 1072.4 991.9 1480.8 861.0 1061.8 586.7 665.1 938.1 776.3 726.8 1051.2 1377.8 902.0 866.2 762.2 563.3 536.6 540.3 512.6 717.4 941.9 1161.7 1135.0 1077.9 867.8 613.6 639.0 847.1 729.6 879.9 808.3 903.6 1013.5 1105.8 1042.3 1030.9 1052.4 1153.4 1094.7 1235.5 1156.3 1158.6 1280.5 -999.0 -999.0 -999.0 -999.0 -999.0 -999.0 -999.0 -999.0 -999.0 -999.0 -999.0 -999.0 -999.0 -999.0 -999.0 -999.0 -999.0 -999.0 -999.0 -999.0 -999.0 -999.0 -999.0
1316.8 1537.9 -999.0 1368.4 1238.6 908.0 1165.5 984.5 779.5 1159.9 1161.2 1009.7 1162.7 1314.7 1329.8 1308.6 944.5 666.6 625.0 594.7 548.2 459.8 545.0 862.0 1033.4 1039.6 622.0 909.5 476.3 443.1 581.7 597.3 599.1 758.2 836.1 868.2 836.4 1212.3 1226.2 1173.5 1234.2 1202.8 823.5 991.4 1285.4 1267.8 1263.5 1284.7 1385.4 -999.0 -999.0 -999.0 -999.0 -999.0 -999.0 -999.0 -999.0 -999.0 -999.0 -999.0 -999.0 -999.0 -999.0 -999.0 -999.0 -999.0 -999.0 -999.0 -999.0 -999.0 -999.0
-999.0 -999.0 1590.9 1096.0 1003.0 881.2 1289.2 977.0 660.4 1146.9 1071.2 848.7 898.8 878.8 1030.4 779.4 721.9 564.3 810.0 833.0 687.7 573.6 722.7 1064.5 965.1 1022.8 737.0 447.7 677.5 445.8 549.8 576.3 646.3 706.4 739.4 921.6 1121.3 1239.2 1171.5 1283.1 1325.5 1198.4 1220.4 1280.4 1323.4 1203.2 1177.7 1259.6 -999.0 -999.0 -999.0 -999.0 -999.0 -999.0 -999.0 -999.0 -999.0 -999.0 -999.0 -999.0 -999.0 -999.0 -999.0 -999.0 -999.0 -999.0 -999.0 -999.0 -999.0 -999.0 -999.0
-999.0 -999.0 1575.8 1546.0 1246.0 867.0 1108.8 822.5 1272.5 1311.2 1267.6 1076.1 699.8 603.0 723.2 945.8 985.8 899.4 676.6 841.8 858.4 954.8 947.2 809.0 752.7 652.2 535.3 547.8 526.7 722.0 764.6 832.7 1076.1 995.6 912.2 894.4 845.0 992.8 1097.3 909.7 1070.6 1334.7 1236.0 1108.8 1065.0 1040.2 1175.0 -999.0 -999.0 -999.0 -999.0 -999.0 -999.0 -999.0 -999.0 -999.0 -999.0 -999.0 -999.0 -999.0 -999.0 -999.0 -999.0 -999.0 -999.0 -999.0 -999.0 -999.0 -999.0 -999.0 -999.0
-999.0 -999.0 1292.3 945.2 1411.3 787.3 721.6 818.8 715.0 887.8 1226.6 1138.9 1292.2 1333.5 713.8 786.2 686.1 354.4 1056.6 932.8 929.3 861.5 892.1 701.7 751.3 585.0 720.4 775.4 808.9 733.4 879.7 693.7 690.0 551.3 670.5 847.3 710.3 547.5 735.2 796.7 936.4 939.1 968.8 962.0 1048.8 1073.7 1205.4 -999.0 -999.0 -999.0 -999.0 -999.0 -999.0 -999.0 -999.0 -999.0 -999.0 -999.0 -999.0 -999.0 -999.0 -999.0 -999.0 -999.0 -999.0 -999.0 -999.0 -999.0 -999.0 -999.0 -999.0
-999.0 1593.7 1607.2 1360.4 1596.1 1362.5 1165.0 906.1 1245.6 1224.8 691.1 1236.4 1301.0 1278.2 1212.2 772.0 956.8 1150.2 1007.1 608.3 683.1 881.2 489.4 653.1 710.3 599.4 536.5 607.9 653.9 635.6 646.3 670.3 620.6 445.0 897.2 675.1 716.3 1096.1 1124.7 828.0 985.0 926.3 896.8 1139.8 1045.9 1089.4 1192.3 -999.0 -999.0 -999.0 -999.0 -999.0 -999.0 -999.0 -999.0 -999.0 -999.0 -999.0 -999.0 -999.0 -999.0 -999.0 -999.0 -999.0 -999.0 -999.0 -999.0 -999.0 -999.0 -999.0 -999.0
-999.0 -999.0 1548.6 1275.2 729.0 1338.3 1513.0 1370.4 1460.5 1528.5 1518.6 1490.2 1291.2 1206.3 811.7 1047.9 951.2 983.7 630.9 741.2 954.2 873.7 483.0 751.3 650.1 852.7 597.2 614.8 823.6 469.6 529.0 562.9 446.7 493.0 680.6 555.5 682.4 847.4 1059.3 1226.4 1172.8 976.1 1094.6 1241.2 1196.1 1125.1 1336.3 -999.0 -999.0 -999.0 -999.0 -999.0 -999.0 -999.0 -999.0 -999.0 -999.0 -999.0 -999.0 -999.0 -999.0 -999.0 -999.0 -999.0 -999.0 -999.0 -999.0 -999.0 -999.0 -999.0 -999.0
1500.7 1507.8 1510.2 1406.4 1039.9 1490.4 785.2 1185.9 978.6 801.9 1502.3 1456.8 359.8 614.5 576.5 726.7 546.2 632.8 593.5 586.1 526.3 747.6 718.8 890.9 922.9 965.9 814.2 831.6 574.6 824.0 765.3 894.9 730.5 558.0 650.3 1072.3 836.6 777.4 1041.4 814.2 1139.8 1273.4 1292.9 1269.0 1112.1 1224.6 -999.0 -999.0 -999.0 -999.0 -999.0 -999.0 -999.0 -999.0 -999.0 -999.0 -999.0 -999.0 -999.0 -999.0 -999.0 -999.0 -999.0 -999.0 -999.0 -999.0 -999.0 -999.0 -999.0 -999.0 -999.0
