GDD/GrowingDegreeDays_2002_Actual.txt
ncols         180
nrows         290
xllcorner     -200000
yllcorner     -200000
cellsize      5000
NODATA_value    -999
[rows 128 to 159 of 290, columns 71 to 141 of 180]
-999.0 1354.4 1778.9 1796.4 -999.0 -999.0 -999.0 -999.0 -999.0 -999.0 -999.0 -999.0 -999.0 1595.9 1463.5 1687.7 1409.6 1174.5 1276.6 1005.2 822.8 944.7 829.2 999.4 1187.6 1305.8 1267.0 1012.5 1072.6 1132.0 1382.9 1115.5 772.5 1019.7 880.6 1116.8 1143.2 1382.7 1356.9 1215.7 1286.0 1269.6 1150.6 989.5 887.3 953.0 1121.8 1252.1 1287.5 1424.4 1275.3 1269.9 1440.4 1564.2 -999.0 -999.0 -999.0 -999.0 -999.0 -999.0 -999.0 -999.0 -999.0 -999.0 -999.0 -999.0 -999.0 -999.0 -999.0 -999.0 -999.0
-999.0 -999.0 -999.0 -999.0 -999.0 -999.0 -999.0 -999.0 -999.0 -999.0 -999.0 -999.0 -999.0 1640.9 1748.8 1300.2 1386.0 1133.6 1261.4 950.2 937.4 753.4 840.1 886.0 1030.0 1099.5 1334.7 710.6 788.9 1141.9 1428.4 1094.7 860.5 1084.5 1058.7 933.1 1215.3 1054.9 987.9 1151.2 995.2 987.5 793.3 1150.1 1168.1 1113.3 1099.8 1108.2 1341.2 1539.8 1446.3 1489.8 1560.1 1628.8 1660.6 -999.0 -999.0 -999.0 -999.0 -999.0 -999.0 -999.0 -999.0 -999.0 -999.0 -999.0 -999.0 -999.0 -999.0 -999.0 -999.0
-999.0 -999.0 -999.0 -999.0 -999.0 -999.0 -999.0 -999.0 -999.0 -999.0 -999.0 -999.0 1822.2 1382.6 1235.3 1245.5 1128.1 1109.3 1196.0 1265.4 899.3 921.1 839.7 914.8 949.1 1220.3 1494.2 1165.0 1053.9 1096.5 1363.0 1367.0 1139.2 1109.4 1121.8 1076.7 851.5 1190.7 1237.7 1194.7 1211.1 785.1 988.5 880.6 996.0 1258.2 1197.6 1152.2 1138.3 1126.0 1484.6 1590.9 1612.6 1619.3 1683.8 -999.0 -999.0 -999.0 -999.0 -999.0 -999.0 -999.0 -999.0 -999.0 -999.0 -999.0 -999.0 -999.0 -999.0 -999.0 -999.0
-999.0 -999.0 -999.0 -999.0 -999.0 -999.0 -999.0 -999.0 -999.0 -999.0 -999.0 -999.0 1484.7 1364.6 1325.8 916.8 972.2 1148.5 1198.6 911.0 1250.5 1133.1 954.6 1086.1 1078.2 1379.9 1544.1 1330.3 1237.4 1031.2 1436.8 1392.2 1350.1 1242.4 1363.2 979.9 1361.7 1022.3 1155.4 1358.8 809.3 1216.2 1098.0 1042.5 1149.0 1084.8 1314.3 1309.1 1100.7 1175.2 1402.7 1413.2 1484.6 1587.3 1643.0 -999.0 -999.0 -999.0 -999.0 -999.0 -999.0 -999.0 -999.0 -999.0 -999.0 -999.0 -999.0 -999.0 -999.0 -999.0 -999.0
-999.0 -999.0 -999.0 -999.0 -999.0 -999.0 -999.0 -999.0 -999.0 -999.0 -999.0 1497.1 1522.1 1460.0 1102.0 1183.2 1146.2 645.4 995.3 1024.3 1278.6 1153.8 1113.9 1228.6 1081.4 1146.2 1356.4 1229.6 1295.2 1499.0 1565.6 1458.2 1246.9 1244.9 1022.2 1227.2 1413.8 1026.6 1297.1 1241.3 847.1 1172.3 1302.3 1385.9 1227.9 1108.1 1179.3 1156.9 1154.6 1328.7 1402.2 1475.3 1571.0 1593.2 1636.4 -999.0 -999.0 -999.0 -999.0 -999.0 -999.0 -999.0 -999.0 -999.0 -999.0 -999.0 -999.0 -999.0 -999.0 -999.0 -999.0
-999.0 -999.0 -999.0 -999.0 -999.0 -999.0 -999.0 -999.0 -999.0 -999.0 1724.7 1517.5 1308.9 1478.0 1316.3 1195.5 1274.6 1046.6 1181.7 753.3 1369.8 1417.0 1278.3 1202.1 1177.2 1161.4 1356.2 1515.7 1618.4 1351.5 1564.2 1578.2 1353.2 1303.4 1325.3 1344.5 1494.4 1271.6 1474.2 1274.8 919.8 1024.7 1034.5 1148.2 1213.3 1311.0 1349.8 1158.7 1256.5 1342.3 1387.8 1462.7 1513.4 1635.1 1669.8 1699.2 -999.0 -999.0 -999.0 -999.0 -999.0 -999.0 -999.0 -999.0 -999.0 -999.0 -999.0 -999.0 -999.0 -999.0 -999.0
-999.0 -999.0 -999.0 -999.0 -999.0 -999.0 -999.0 -999.0 -999.0 -999.0 1381.1 998.7 1242.2 1285.8 1306.0 1335.3 1468.3 742.7 998.5 1219.8 1260.4 1474.8 1425.5 1288.9 1337.2 998.0 1459.5 1608.1 1631.1 1635.3 1334.4 1584.4 1345.9 1417.3 1381.4 1459.5 1474.7 1493.5 1284.3 1401.1 1162.0 1106.5 1177.6 1107.3 1268.2 1395.5 1442.3 1304.6 1373.2 1276.1 1380.1 1525.3 1651.9 1604.4 1629.6 1673.5 -999.0 -999.0 -999.0 -999.0 -999.0 -999.0 -999.0 -999.0 -999.0 -999.0 -999.0 -999.0 -999.0 -999.0 -999.0
-999.0 -999.0 -999.0 -999.0 -999.0 -999.0 -999.0 -999.0 1666.1 1574.0 1242.9 1253.5 1274.8 1198.8 1340.4 1335.7 1510.3 1055.7 1158.5 1160.4 1297.1 1331.2 1533.0 1307.8 1277.2 1387.4 1426.1 1468.7 1728.2 1688.4 1524.5 1554.8 1561.3 1528.5 1502.3 1579.9 1605.7 1478.2 1487.1 1466.2 1120.5 1221.8 1247.2 1238.2 1146.5 1326.6 1405.6 1583.8 1470.6 1415.2 1467.6 1541.0 1648.7 1639.1 1625.2 1628.9 -999.0 -999.0 -999.0 -999.0 -999.0 -999.0 -999.0 -999.0 -999.0 -999.0 -999.0 -999.0 -999.0 -999.0 -999.0
-999.0 -999.0 -999.0 -999.0 -999.0 -999.0 -999.0 -999.0 1566.6 1525.1 1608.4 1288.1 1342.6 1231.3 1412.7 1519.7 1567.5 1512.9 1371.3 986.1 1259.7 1358.7 1546.4 1564.7 1505.1 1531.9 1548.5 1492.3 1660.2 1561.7 1678.3 1648.5 1657.6 1638.7 1657.7 1674.6 1704.0 1658.3 1512.1 1490.0 1513.6 1386.2 1331.3 1339.9 1364.9 1426.4 1717.9 1562.2 1299.6 1393.2 1544.1 1555.7 1617.4 1612.2 1689.6 1684.1 1767.2 -999.0 -999.0 -999.0 -999.0 -999.0 -999.0 -999.0 -999.0 -999.0 -999.0 -999.0 -999.0 -999.0 -999.0
-999.0 -999.0 -999.0 -999.0 -999.0 -999.0 -999.0 -999.0 1563.3 1525.4 1719.1 1401.1 1541.5 1432.7 1513.4 1589.0 1565.9 1640.8 1277.5 1273.1 1357.2 1222.5 1508.0 1573.2 1513.7 1609.9 1465.1 1145.2 1549.6 -999.0 -999.0 -999.0 1693.0 1663.7 -999.0 1735.1 1744.1 1692.2 1658.8 1613.7 1444.5 1272.2 1400.7 1422.6 1352.7 1485.5 1389.7 1388.2 1569.8 1668.5 1683.1 1668.9 1608.1 1838.5 1814.3 1773.0 1734.2 -999.0 -999.0 -999.0 -999.0 -999.0 -999.0 -999.0 -999.0 -999.0 -999.0 -999.0 -999.0 -999.0 -999.0
1824.2 -999.0 -999.0 -999.0 -999.0 -999.0 -999.0 -999.0 1749.5 1405.5 1654.2 1657.3 1586.4 1504.3 1511.2 1560.1 1649.8 1667.7 1617.7 1125.6 1368.4 1299.4 1548.1 1574.3 1377.0 1670.3 1602.9 1579.8 1610.0 -999.0 -999.0 -999.0 1699.1 1689.5 1668.0 1696.8 1758.6 1731.1 1707.5 1467.1 1182.1 1089.8 1311.3 1072.6 1359.2 1430.1 1202.2 1449.3 1392.2 1395.4 1455.4 1702.2 1605.2 1486.3 1685.4 1716.0 1750.1 -999.0 -999.0 -999.0 -999.0 -999.0 -999.0 -999.0 -999.0 -999.0 -999.0 -999.0 -999.0 -999.0 -999.0
1613.1 1671.3 -999.0 -999.0 -999.0 -999.0 -999.0 -999.0 -999.0 1588.0 1514.3 1685.1 -999.0 1584.2 1530.9 1574.7 1607.9 1700.6 -999.0 1608.1 1698.5 1535.6 1693.4 1583.0 1528.9 1701.2 1688.7 -999.0 -999.0 -999.0 -999.0 1678.9 1699.2 1696.1 1701.7 1655.4 1645.7 1684.9 1603.6 1485.2 1125.4 794.5 1341.0 960.4 1255.2 1122.6 1051.4 1299.6 1196.3 1370.1 1542.1 1423.2 1435.1 1566.6 1765.7 1686.0 1625.9 1815.0 -999.0 -999.0 -999.0 -999.0 -999.0 -999.0 -999.0 -999.0 -999.0 -999.0 -999.0 -999.0 -999.0
1494.5 -999.0 -999.0 -999.0 -999.0 -999.0 -999.0 -999.0 -999.0 -999.0 1685.4 -999.0 -999.0 -999.0 1707.8 1572.0 1603.1 1640.7 1680.2 -999.0 -999.0 1648.5 1818.6 1563.4 1465.4 -999.0 -999.0 -999.0 -999.0 -999.0 1699.9 1620.1 1682.5 1666.1 1671.5 1588.8 1627.6 1533.3 1431.9 1535.2 1309.0 1009.1 863.0 1101.0 927.7 891.7 905.9 1142.6 1122.9 1116.1 1239.5 1460.5 1507.0 1501.3 1763.4 1705.2 1591.9 1651.5 -999.0 -999.0 -999.0 -999.0 -999.0 -999.0 -999.0 -999.0 -999.0 -999.0 -999.0 -999.0 -999.0
-999.0 -999.0 -999.0 -999.0 -999.0 -999.0 -999.0 -999.0 -999.0 -999.0 1852.9 1832.4 -999.0 -999.0 -999.0 1720.7 1537.9 1549.0 1613.4 -999.0 -999.0 -999.0 -999.0 1774.4 -999.0 -999.0 -999.0 -999.0 -999.0 -999.0 1738.0 1676.2 1657.9 1525.0 1403.9 1393.4 1501.8 1496.6 1543.6 1505.1 1412.6 1093.2 888.3 1152.5 762.9 850.8 828.8 1088.9 1084.8 974.8 1208.6 1397.0 1507.3 1680.3 1782.7 1681.9 1576.6 1643.3 -999.0 -999.0 -999.0 -999.0 -999.0 -999.0 -999.0 -999.0 -999.0 -999.0 -999.0 -999.0 -999.0
1853.8 1878.3 1862.4 -999.0 -999.0 -999.0 -999.0 -999.0 -999.0 -999.0 -999.0 1655.0 -999.0 -999.0 -999.0 -999.0 1721.6 1576.5 1660.9 -999.0 -999.0 -999.0 -999.0 -999.0 -999.0 -999.0 -999.0 -999.0 -999.0 1727.9 1654.0 1511.9 1402.1 1356.7 1235.6 1261.1 1365.8 1392.5 1487.5 1422.0 1405.2 1221.6 679.3 640.0 728.2 836.1 1129.9 1271.4 1221.6 1341.3 1527.7 1341.0 1357.1 1667.3 1705.3 1615.2 1567.3 1652.3 1801.1 -999.0 -999.0 -999.0 -999.0 -999.0 -999.0 -999.0 -999.0 -999.0 -999.0 -999.0 -999.0
1573.2 1635.5 1758.3 1835.5 -999.0 -999.0 -999.0 -999.0 -999.0 -999.0 -999.0 1521.6 -999.0 -999.0 -999.0 -999.0 -999.0 -999.0 -999.0 -999.0 -999.0 -999.0 -999.0 -999.0 -999.0 -999.0 -999.0 -999.0 -999.0 1612.4 1550.3 1570.4 1531.7 1599.6 970.5 1179.9 1312.3 1160.8 1408.0 1312.8 1586.2 1396.9 823.8 536.1 815.1 1035.6 758.1 708.2 859.6 1059.0 1192.0 1586.3 1522.1 1565.1 1493.2 1587.8 1646.3 1654.8 1778.3 1910.1 -999.0 -999.0 -999.0 -999.0 -999.0 -999.0 -999.0 -999.0 -999.0 -999.0 -999.0
1677.9 1720.9 1705.1 1785.5 -999.0 -999.0 -999.0 -999.0 -999.0 -999.0 -999.0 -999.0 -999.0 -999.0 -999.0 -999.0 -999.0 -999.0 -999.0 -999.0 -999.0 -999.0 -999.0 -999.0 -999.0 -999.0 -999.0 -999.0 1775.6 1632.2 1467.6 1594.6 1241.6 1730.3 640.4 711.5 1372.0 1289.8 1376.4 1502.8 1448.1 1545.1 1293.8 606.0 712.3 935.3 1048.1 1138.3 990.7 1065.9 1190.3 1387.8 1520.7 1571.6 1625.0 1667.2 1638.9 1746.4 1920.0 1968.7 -999.0 -999.0 -999.0 -999.0 -999.0 -999.0 -999.0 -999.0 -999.0 -999.0 -999.0
1773.0 1805.2 1816.1 1769.3 -999.0 -999.0 -999.0 -999.0 -999.0 -999.0 -999.0 -999.0 -999.0 -999.0 -999.0 -999.0 -999.0 -999.0 -999.0 -999.0 -999.0 -999.0 -999.0 -999.0 -999.0 -999.0 -999.0 -999.0 1766.3 1464.1 1542.2 1351.9 751.0 1321.3 1626.4 1113.0 1009.8 1216.6 1268.3 1390.4 1458.9 1540.4 1471.5 1310.9 662.1 869.9 968.3 1153.8 1195.7 1229.8 1423.3 1468.5 1504.1 1460.1 1648.4 1586.6 1696.6 1752.1 1914.4 2016.3 2005.8 1950.0 1919.3 -999.0 -999.0 -999.0 -999.0 -999.0 -999.0 -999.0 -999.0
1722.4 1864.2 -999.0 1800.1 1849.4 -999.0 -999.0 -999.0 -999.0 -999.0 -999.0 -999.0 -999.0 -999.0 -999.0 -999.0 -999.0 -999.0 -999.0 -999.0 -999.0 -999.0 -999.0 -999.0 -999.0 -999.0 -999.0 -999.0 1712.9 1495.6 1401.6 1059.8 1455.7 1337.4 1203.5 916.3 1175.7 1313.9 961.7 1467.3 1279.0 1481.6 1549.2 1573.3 1226.3 986.5 1017.2 1120.4 1204.9 1427.2 1445.6 1532.2 1618.3 1685.2 1679.6 1708.1 1695.0 1796.7 1888.3 1941.3 1616.0 1763.5 1665.0 1658.8 1767.3 -999.0 -999.0 -999.0 -999.0 -999.0 -999.0
1717.1 1794.2 1877.2 1832.1 -999.0 -999.0 -999.0 -999.0 -999.0 -999.0 -999.0 -999.0 -999.0 -999.0 -999.0 -999.0 -999.0 -999.0 -999.0 -999.0 -999.0 -999.0 -999.0 -999.0 -999.0 -999.0 -999.0 -999.0 1711.1 1490.5 1280.1 813.2 692.5 965.1 1311.5 1220.9 1111.0 903.6 1330.1 1017.3 1224.3 1351.7 1412.8 1452.9 1543.8 1412.5 1011.8 1078.9 1202.3 1319.2 1431.6 1524.9 1580.1 1652.2 1737.2 1723.5 1745.2 1826.3 1824.8 1804.5 1685.3 1385.3 1447.9 1493.1 1474.3 1576.7 1866.1 -999.0 -999.0 -999.0 -999.0
1807.2 1856.9 1883.1 1829.6 -999.0 -999.0 -999.0 -999.0 -999.0 -999.0 -999.0 -999.0 -999.0 -999.0 -999.0 -999.0 -999.0 -999.0 -999.0 -999.0 -999.0 -999.0 -999.0 -999.0 -999.0 -999.0 -999.0 -999.0 1771.1 1680.1 1280.2 1036.8 1430.6 483.3 688.9 1300.6 1084.2 1279.8 927.9 895.7 1213.3 1375.6 1331.9 1277.8 1451.8 790.6 902.3 943.0 934.8 964.1 1095.7 1464.6 1421.5 1629.3 1713.9 1729.4 1750.5 1787.4 1824.4 1844.2 1746.4 1468.0 1591.6 1654.2 1589.6 1528.0 1829.8 1635.2 -999.0 -999.0 -999.0
1865.3 1869.7 1757.2 1857.2 -999.0 -999.0 -999.0 -999.0 -999.0 -999.0 -999.0 -999.0 -999.0 -999.0 -999.0 -999.0 1979.7 1971.3 1996.5 -999.0 -999.0 -999.0 -999.0 -999.0 -999.0 -999.0 -999.0 -999.0 -999.0 1826.4 1706.9 1560.9 1297.2 1191.0 899.5 1507.8 1765.4 1182.4 1207.4 1254.7 1326.2 1162.4 1149.4 1256.5 1202.1 965.4 973.8 741.4 855.4 1074.7 1204.4 1224.6 1437.1 1621.9 1695.2 1735.6 1712.3 1773.2 1805.7 1335.6 1435.3 1127.6 1118.7 1246.8 1346.6 1633.3 1408.7 1538.1 1829.5 -999.0 -999.0
1932.6 1833.6 1863.4 -999.0 -999.0 -999.0 -999.0 -999.0 -999.0 -999.0 -999.0 -999.0 -999.0 -999.0 -999.0 -999.0 1966.8 1978.6 -999.0 -999.0 -999.0 -999.0 -999.0 -999.0 -999.0 -999.0 -999.0 -999.0 -999.0 -999.0 1761.5 1794.2 1314.5 1341.8 681.9 1398.6 1361.7 1435.9 1599.5 1588.8 1488.7 1486.6 750.2 1245.3 1142.7 762.6 989.5 1294.5 1407.6 1038.7 1448.3 1252.3 1506.8 1670.0 1744.6 1736.9 1723.4 1654.3 1413.9 1307.6 1391.6 1419.0 1493.3 1402.0 1297.4 1360.0 1362.3 1580.6 1549.0 -999.0 -999.0
1801.3 1789.9 -999.0 -999.0 -999.0 -999.0 -999.0 -999.0 -999.0 -999.0 -999.0 -999.0 -999.0 -999.0 -999.0 1886.4 1511.6 1633.7 1933.5 -999.0 -999.0 -999.0 -999.0 -999.0 -999.0 -999.0 -999.0 -999.0 -999.0 -999.0 1762.6 1463.3 1324.4 1303.4 1506.8 1378.1 1578.2 1606.1 1645.1 1667.0 1429.8 1519.6 1569.6 778.3 1105.8 1170.4 913.8 1140.1 950.1 1233.9 1236.1 1460.1 1578.9 1675.1 1684.7 1743.0 1734.3 1578.7 1454.4 1534.8 1459.3 1386.6 1440.5 1389.2 1417.4 1412.5 1424.0 1695.3 1541.6 1813.5 -999.0
-999.0 -999.0 -999.0 -999.0 -999.0 -999.0 -999.0 -999.0 -999.0 -999.0 -999.0 -999.0 -999.0 -999.0 1934.8 1386.0 1244.8 1054.8 1919.8 -999.0 -999.0 -999.0 -999.0 -999.0 -999.0 -999.0 -999.0 -999.0 -999.0 -999.0 1779.6 1219.2 1397.6 1833.4 1609.4 1682.4 1599.8 1774.0 1774.0 1616.9 1451.2 1683.8 991.6 1189.4 908.3 1152.6 801.4 1373.8 1254.2 1477.0 1303.7 1523.1 1558.7 1601.1 1734.3 1741.8 1752.9 1688.7 1402.1 1387.5 1465.7 1610.0 1579.0 1588.9 1574.1 1560.6 1424.8 1464.4 1610.9 1634.4 -999.0
-999.0 -999.0 -999.0 -999.0 -999.0 -999.0 -999.0 -999.0 -999.0 -999.0 -999.0 -999.0 -999.0 1919.1 1831.6 1032.2 1447.4 1648.6 -999.0 -999.0 -999.0 -999.0 -999.0 -999.0 -999.0 -999.0 -999.0 -999.0 -999.0 -999.0 -999.0 1783.6 1851.7 1896.4 1592.4 1830.4 1607.9 1804.3 1797.7 1731.5 1560.3 1722.9 1065.6 1004.0 857.5 890.3 832.8 916.7 941.0 1083.8 1225.6 1281.2 1396.6 1667.2 1738.1 1746.1 1710.1 1688.3 1658.2 1292.7 1471.6 1760.4 1786.7 1729.9 1755.4 1755.7 1765.8 1756.4 1831.1 1823.3 1769.2
-999.0 -999.0 -999.0 -999.0 -999.0 -999.0 -999.0 -999.0 -999.0 -999.0 -999.0 -999.0 -999.0 1614.4 1343.2 1770.2 1851.2 1921.0 -999.0 -999.0 -999.0 -999.0 -999.0 -999.0 -999.0 -999.0 -999.0 -999.0 -999.0 -999.0 -999.0 -999.0 1900.1 1777.1 1831.8 1869.7 1728.6 1815.1 1800.5 1758.7 1565.6 1741.7 1100.3 1129.3 1165.4 938.7 1024.2 1125.5 826.5 864.8 1216.5 1155.9 1347.4 1459.7 1694.3 1741.8 1714.9 1718.3 1731.0 1714.2 1737.5 1829.5 1801.7 1754.8 1717.7 1748.4 1784.0 1801.9 1820.4 1539.7 1580.0
-999.0 -999.0 -999.0 -999.0 -999.0 -999.0 -999.0 -999.0 -999.0 -999.0 -999.0 -999.0 -999.0 1612.4 1737.0 1713.7 1932.4 -999.0 -999.0 -999.0 -999.0 -999.0 -999.0 -999.0 -999.0 -999.0 -999.0 -999.0 -999.0 -999.0 -999.0 -999.0 1891.8 1777.6 1807.0 -999.0 1835.6 -999.0 1866.5 1837.3 1764.2 1787.5 1689.9 1104.1 1165.1 1157.7 877.3 1461.0 1378.1 909.8 1083.1 1216.9 1325.4 1512.8 1677.9 1751.3 1768.7 1798.8 1787.3 1792.7 1739.1 1642.1 1749.3 1649.5 1703.5 1774.3 1696.5 1592.8 1674.1 1760.9 1786.5
-999.0 -999.0 -999.0 -999.0 -999.0 -999.0 -999.0 -999.0 -999.0 -999.0 -999.0 -999.0 1882.3 1930.4 1938.5 -999.0 -999.0 -999.0 -999.0 -999.0 -999.0 -999.0 -999.0 -999.0 -999.0 -999.0 -999.0 -999.0 -999.0 -999.0 -999.0 -999.0 1887.2 1884.8 1909.7 -999.0 -999.0 -999.0 1886.8 1635.3 1838.7 1691.1 1526.3 1591.0 1558.8 1436.8 1106.1 1091.2 1513.4 1110.2 1006.6 1290.1 1254.3 1427.9 1581.4 1808.5 1809.0 1836.0 1842.2 1835.1 1807.3 1771.8 1762.9 1691.9 1780.6 1708.4 1604.8 1554.8 1568.1 1619.3 1730.7
-999.0 -999.0 -999.0 -999.0 -999.0 -999.0 -999.0 -999.0 -999.0 -999.0 -999.0 -999.0 -999.0 -999.0 -999.0 -999.0 -999.0 -999.0 -999.0 -999.0 -999.0 -999.0 -999.0 -999.0 -999.0 -999.0 -999.0 -999.0 -999.0 -999.0 -999.0 -999.0 -999.0 -999.0 -999.0 -999.0 -999.0 1897.2 1863.2 1686.3 1411.9 1313.1 1301.2 1294.7 1439.0 1447.0 1207.6 1234.3 1364.4 1548.4 1265.6 1179.4 1377.3 1502.2 1619.5 1728.2 1794.8 1797.0 1855.9 1873.5 1872.4 1868.6 1838.6 1839.3 1715.2 1435.6 1604.2 1578.0 1712.8 1739.4 1855.7
-999.0 -999.0 -999.0 -999.0 -999.0 -999.0 -999.0 -999.0 -999.0 -999.0 -999.0 -999.0 -999.0 -999.0 -999.0 -999.0 -999.0 -999.0 -999.0 -999.0 -999.0 -999.0 -999.0 -999.0 -999.0 -999.0 -999.0 -999.0 -999.0 -999.0 -999.0 -999.0 -999.0 -999.0 -999.0 -999.0 -999.0 1848.7 1754.3 1460.0 1158.7 966.7 1128.2 1462.1 1360.7 1650.2 1552.1 1607.7 1422.1 1333.5 1296.5 1308.0 1386.2 1535.6 1610.4 1674.2 1796.1 1803.9 1872.3 1900.8 1926.8 1913.7 1872.0 1852.2 1776.5 1394.2 1498.4 1717.0 1801.2 1856.9 1885.9
-999.0 -999.0 -999.0 -999.0 -999.0 -999.0 -999.0 -999.0 -999.0 -999.0 -999.0 -999.0 -999.0 -999.0 -999.0 -999.0 -999.0 -999.0 -999.0 -999.0 -999.0 -999.0 -999.0 -999.0 -999.0 -999.0 -999.0 -999.0 -999.0 -999.0 -999.0 -999.0 -999.0 -999.0 -999.0 -999.0 -999.0 1847.7 1814.3 1664.6 1352.7 1240.1 1317.7 1457.6 1502.5 1587.0 1514.5 1621.3 1635.9 1564.4 1753.9 1336.1 1525.2 1450.9 1599.9 1655.0 1819.4 1860.3 1873.3 1919.5 1970.8 1921.1 1903.4 1861.0 1843.3 1643.7 1588.7 1718.5 1826.2 1866.9 1907.5
