GDD/GrowingDegreeDays_1985_Actual.txt
ncols         180
nrows         290
xllcorner     -200000
yllcorner     -200000
cellsize      5000
NODATA_value    -999
[rows 96 to 127 of 290, columns 71 to 141 of 180]
1085.4 1126.4 1268.0 1349.5 1021.7 1271.5 703.2 731.4 985.2 1224.4 820.0 479.1 480.7 412.8 635.7 712.1 754.4 520.1 591.0 480.8 448.3 697.7 696.0 712.6 928.3 829.7 980.4 757.9 591.0 645.8 585.5 702.4 750.4 668.7 619.2 717.1 778.7 673.6 671.4 963.5 1064.8 1154.3 1162.1 982.7 1055.5 -999.0 -999.0 -999.0 -999.0 -999.0 -999.0 -999.0 -999.0 -999.0 -999.0 -999.0 -999.0 -999.0 -999.0 -999.0 -999.0 -999.0 -999.0 -999.0 -999.0 -999.0 -999.0 -999.0 -999.0 -999.0 -999.0
1062.0 935.4 1294.1 1339.5 1007.5 1179.3 847.3 992.5 1207.4 1254.7 911.9 572.1 1193.6 581.5 748.9 606.8 777.5 576.6 808.1 663.1 750.1 756.5 400.6 768.7 750.4 840.8 875.3 905.4 612.4 738.9 827.9 788.2 612.4 771.9 693.9 837.3 794.9 840.4 938.4 1093.2 1085.6 1064.1 1090.8 1190.1 -999.0 -999.0 -999.0 -999.0 -999.0 -999.0 -999.0 -999.0 -999.0 -999.0 -999.0 -999.0 -999.0 -999.0 -999.0 -999.0 -999.0 -999.0 -999.0 -999.0 -999.0 -999.0 -999.0 -999.0 -999.0 -999.0 -999.0
1116.8 1293.1 833.9 991.7 933.6 676.6 489.5 1232.9 1328.2 595.9 1032.8 1106.2 562.5 711.2 521.8 703.8 535.1 877.1 959.7 1017.3 995.6 998.6 952.2 729.0 955.1 784.4 720.4 953.9 825.3 714.7 888.1 897.6 793.4 807.7 904.3 822.6 901.7 1063.4 1134.5 1174.8 1082.9 1146.4 1193.9 1179.4 -999.0 -999.0 -999.0 -999.0 -999.0 -999.0 -999.0 -999.0 -999.0 -999.0 -999.0 -999.0 -999.0 -999.0 -999.0 -999.0 -999.0 -999.0 -999.0 -999.0 -999.0 -999.0 -999.0 -999.0 -999.0 -999.0 -999.0
1089.3 813.8 1101.5 933.8 890.0 1266.3 1285.3 -999.0 1090.4 572.2 743.8 481.3 865.9 990.3 767.4 844.8 870.5 858.1 807.2 749.8 685.4 594.4 364.8 536.9 743.9 729.0 985.3 1092.8 1193.9 817.2 755.3 929.6 935.6 910.8 1050.3 1010.0 1051.4 1127.1 1134.1 1125.6 1113.9 1053.0 1057.7 -999.0 -999.0 -999.0 -999.0 -999.0 -999.0 -999.0 -999.0 -999.0 -999.0 -999.0 -999.0 -999.0 -999.0 -999.0 -999.0 -999.0 -999.0 -999.0 -999.0 -999.0 -999.0 -999.0 -999.0 -999.0 -999.0 -999.0 -999.0
1352.0 1130.9 1022.4 1114.1 832.4 1185.8 -999.0 1322.4 1130.1 1321.3 940.4 1083.2 751.4 374.1 765.5 685.6 816.5 596.5 452.4 551.5 734.7 1034.5 955.7 1059.6 820.7 891.0 893.7 791.5 864.8 902.6 858.5 984.3 1105.0 1093.9 1172.2 1163.2 1088.9 1058.5 1094.3 1105.6 1103.2 1187.1 1167.7 -999.0 -999.0 -999.0 -999.0 -999.0 -999.0 -999.0 -999.0 -999.0 -999.0 -999.0 -999.0 -999.0 -999.0 -999.0 -999.0 -999.0 -999.0 -999.0 -999.0 -999.0 -999.0 -999.0 -999.0 -999.0 -999.0 -999.0 -999.0
1311.8 1180.1 1350.8 989.4 1243.9 -999.0 1354.5 1338.2 1204.0 414.4 773.3 278.2 699.8 886.0 979.3 690.0 642.2 752.4 610.9 830.4 652.7 543.9 670.3 1089.1 821.3 660.0 616.8 818.5 822.4 1216.8 1035.1 1183.9 1235.4 1246.3 1214.5 976.6 979.0 980.0 1021.5 1021.6 1100.0 1187.1 1260.3 -999.0 -999.0 -999.0 -999.0 -999.0 -999.0 -999.0 -999.0 -999.0 -999.0 -999.0 -999.0 -999.0 -999.0 -999.0 -999.0 -999.0 -999.0 -999.0 -999.0 -999.0 -999.0 -999.0 -999.0 -999.0 -999.0 -999.0 -999.0
1332.1 1268.4 706.1 1340.2 -999.0 1377.2 -999.0 1016.7 885.6 713.0 1300.4 502.7 753.1 698.1 840.8 322.3 736.1 332.0 768.4 860.9 474.5 937.0 1278.6 771.6 485.7 445.9 885.4 894.1 874.6 974.7 1131.9 1202.7 1215.0 1201.0 912.3 1043.6 1070.9 1138.9 1114.9 1119.8 1215.9 1271.7 -999.0 -999.0 -999.0 -999.0 -999.0 -999.0 -999.0 -999.0 -999.0 -999.0 -999.0 -999.0 -999.0 -999.0 -999.0 -999.0 -999.0 -999.0 -999.0 -999.0 -999.0 -999.0 -999.0 -999.0 -999.0 -999.0 -999.0 -999.0 -999.0
548.5 664.0 951.9 1333.5 -999.0 -999.0 1286.4 1264.1 1298.1 1241.9 902.9 442.7 1095.5 877.7 365.8 633.4 631.3 436.6 441.5 659.3 1176.4 678.3 670.4 489.8 622.5 798.4 582.0 579.1 875.9 1072.9 1225.6 1220.0 1115.6 878.3 1094.1 1200.7 1186.3 1316.4 1297.1 1267.5 -999.0 -999.0 -999.0 -999.0 -999.0 -999.0 -999.0 -999.0 -999.0 -999.0 -999.0 -999.0 -999.0 -999.0 -999.0 -999.0 -999.0 -999.0 -999.0 -999.0 -999.0 -999.0 -999.0 -999.0 -999.0 -999.0 -999.0 -999.0 -999.0 -999.0 -999.0
781.3 1052.3 1221.8 1329.1 -999.0 1362.3 1233.7 1099.6 931.8 1138.5 914.5 1207.6 1203.1 953.5 693.0 761.2 907.2 968.8 904.6 762.8 551.7 917.8 721.4 782.3 647.3 581.7 780.4 839.4 1022.8 1168.3 1233.0 1238.2 1059.6 1132.9 1290.7 1312.7 1349.6 1318.1 1331.0 -999.0 -999.0 -999.0 -999.0 -999.0 -999.0 -999.0 -999.0 -999.0 -999.0 -999.0 -999.0 -999.0 -999.0 -999.0 -999.0 -999.0 -999.0 -999.0 -999.0 -999.0 -999.0 -999.0 -999.0 -999.0 -999.0 -999.0 -999.0 -999.0 -999.0 -999.0 -999.0
1204.8 947.2 1179.5 -999.0 -999.0 1340.9 928.0 1045.7 873.3 1125.6 1270.3 1032.7 680.6 668.0 753.1 837.3 751.2 546.4 899.3 739.0 1051.6 921.5 702.6 986.9 1207.8 1231.8 1124.3 1189.8 1246.5 1223.4 1232.3 1359.2 1237.4 1291.8 1334.2 1193.0 1269.3 1215.5 1279.1 -999.0 -999.0 -999.0 -999.0 -999.0 -999.0 -999.0 -999.0 -999.0 -999.0 -999.0 -999.0 -999.0 -999.0 -999.0 -999.0 -999.0 -999.0 -999.0 -999.0 -999.0 -999.0 -999.0 -999.0 -999.0 -999.0 -999.0 -999.0 -999.0 -999.0 -999.0 -999.0
-999.0 -999.0 -999.0 -999.0 1354.0 1020.8 1003.2 919.9 1013.9 934.5 691.7 730.6 549.7 955.2 681.9 1149.7 600.9 1089.5 502.9 966.3 753.9 451.0 861.1 1050.6 926.5 1045.9 1239.4 1205.0 1291.1 1364.7 1304.3 1375.0 1361.3 1260.6 1265.4 1259.2 1210.8 1277.1 1262.4 1336.6 -999.0 -999.0 -999.0 -999.0 -999.0 -999.0 -999.0 -999.0 -999.0 -999.0 -999.0 -999.0 -999.0 -999.0 -999.0 -999.0 -999.0 -999.0 -999.0 -999.0 -999.0 -999.0 -999.0 -999.0 -999.0 -999.0 -999.0 -999.0 -999.0 -999.0 -999.0
-999.0 -999.0 -999.0 -999.0 1313.4 1314.1 990.7 891.8 1236.5 816.4 1037.4 1217.2 858.9 668.7 742.9 1306.2 671.8 762.2 717.7 946.3 641.7 803.9 748.3 613.9 875.7 972.2 1026.6 1086.0 1139.3 1109.3 1077.0 989.8 1044.6 1207.9 1311.9 1272.9 1100.9 1217.1 1111.7 1178.7 1219.8 -999.0 -999.0 -999.0 -999.0 -999.0 -999.0 -999.0 -999.0 -999.0 -999.0 -999.0 -999.0 -999.0 -999.0 -999.0 -999.0 -999.0 -999.0 -999.0 -999.0 -999.0 -999.0 -999.0 -999.0 -999.0 -999.0 -999.0 -999.0 -999.0 -999.0
-999.0 -999.0 -999.0 1354.6 1314.0 1244.5 943.8 1119.2 920.9 919.9 1054.5 1236.7 800.0 757.9 559.2 1223.1 771.8 910.0 873.7 945.6 813.5 1206.1 1071.5 1017.6 1053.4 1195.4 1027.1 864.2 711.2 810.8 877.4 998.0 1109.4 1043.7 1296.6 1168.3 1114.4 1108.7 1115.3 1145.8 1194.3 1276.8 -999.0 -999.0 -999.0 -999.0 -999.0 -999.0 -999.0 -999.0 -999.0 -999.0 -999.0 -999.0 -999.0 -999.0 -999.0 -999.0 -999.0 -999.0 -999.0 -999.0 -999.0 -999.0 -999.0 -999.0 -999.0 -999.0 -999.0 -999.0 -999.0
-999.0 -999.0 1348.5 -999.0 1269.1 1122.3 1225.3 909.2 782.5 1217.6 1291.4 959.0 618.3 886.8 1356.3 1147.5 403.8 1109.8 1116.9 1033.6 985.3 1142.8 1204.5 1298.4 1254.1 999.2 678.0 712.5 850.6 931.1 1081.0 1110.2 1142.0 1081.8 1174.3 1180.2 1274.1 1351.9 1345.4 1339.0 1337.0 -999.0 -999.0 -999.0 -999.0 -999.0 -999.0 -999.0 -999.0 -999.0 -999.0 -999.0 -999.0 -999.0 -999.0 -999.0 -999.0 -999.0 -999.0 -999.0 -999.0 -999.0 -999.0 -999.0 -999.0 -999.0 -999.0 -999.0 -999.0 -999.0 -999.0
-999.0 1358.0 1010.4 -999.0 1325.7 1290.4 1170.0 1138.8 1165.6 1142.6 714.6 1168.6 757.3 739.2 767.6 1053.0 1249.3 643.9 1087.1 1257.3 1330.6 1339.1 1368.2 1405.7 1427.9 1118.4 1281.2 1304.7 1299.0 1157.8 1043.7 1132.0 1140.3 1208.6 1258.3 1254.8 1359.8 -999.0 -999.0 -999.0 -999.0 -999.0 -999.0 -999.0 -999.0 -999.0 -999.0 -999.0 -999.0 -999.0 -999.0 -999.0 -999.0 -999.0 -999.0 -999.0 -999.0 -999.0 -999.0 -999.0 -999.0 -999.0 -999.0 -999.0 -999.0 -999.0 -999.0 -999.0 -999.0 -999.0 -999.0
1333.1 1132.3 1231.1 -999.0 1013.7 1314.4 1084.9 1196.7 1387.1 851.3 829.9 697.4 673.3 1301.3 823.8 851.4 1336.6 1057.8 1009.5 1196.3 1178.5 1123.9 1079.1 1027.4 1359.8 1403.9 1419.5 1356.2 1272.4 1180.7 1075.5 1137.4 1153.3 1159.3 1267.9 -999.0 -999.0 -999.0 -999.0 -999.0 -999.0 -999.0 -999.0 -999.0 -999.0 -999.0 -999.0 -999.0 -999.0 -999.0 -999.0 -999.0 -999.0 -999.0 -999.0 -999.0 -999.0 -999.0 -999.0 -999.0 -999.0 -999.0 -999.0 -999.0 -999.0 -999.0 -999.0 -999.0 -999.0 -999.0 -999.0
757.0 1142.3 -999.0 1303.5 1287.4 960.4 1188.2 1345.7 865.9 1101.2 785.9 713.4 965.0 1142.9 831.7 853.1 1418.5 1414.8 1368.8 1293.6 1194.3 1133.0 936.7 876.7 1151.6 1307.3 1423.9 1460.6 1340.7 1321.5 1261.0 1244.7 1098.8 1124.3 1338.2 -999.0 -999.0 -999.0 -999.0 -999.0 -999.0 -999.0 -999.0 -999.0 -999.0 -999.0 -999.0 -999.0 -999.0 -999.0 -999.0 -999.0 -999.0 -999.0 -999.0 -999.0 -999.0 -999.0 -999.0 -999.0 -999.0 -999.0 -999.0 -999.0 -999.0 -999.0 -999.0 -999.0 -999.0 -999.0 -999.0
1362.6 1367.5 -999.0 1357.2 812.9 1131.4 -999.0 1252.6 913.8 1078.4 859.6 949.9 905.8 1345.9 1324.5 1157.2 1302.2 1314.8 1190.1 1324.7 717.9 734.2 849.7 871.9 1122.1 1360.3 1397.7 1487.9 1502.8 1439.8 1407.4 1341.2 1376.4 -999.0 -999.0 -999.0 -999.0 -999.0 1298.5 1299.9 1291.7 1378.3 -999.0 -999.0 -999.0 -999.0 -999.0 -999.0 -999.0 -999.0 -999.0 -999.0 -999.0 -999.0 -999.0 -999.0 -999.0 -999.0 -999.0 -999.0 -999.0 -999.0 -999.0 -999.0 -999.0 -999.0 -999.0 -999.0 -999.0 -999.0 -999.0
1148.6 -999.0 -999.0 1011.5 1334.9 907.9 -999.0 1274.1 828.8 1133.6 1335.6 726.8 1354.9 1465.4 1473.2 1413.5 1260.9 1126.3 935.1 1169.8 1147.7 1236.3 1219.4 1247.1 1187.8 1208.8 1225.9 1303.7 1391.6 1320.7 1268.7 1300.3 1396.2 1442.6 1454.8 -999.0 -999.0 1396.4 1315.5 1224.8 1306.5 1330.6 1356.0 1383.1 -999.0 -999.0 -999.0 -999.0 -999.0 -999.0 -999.0 -999.0 -999.0 -999.0 -999.0 -999.0 -999.0 -999.0 -999.0 -999.0 -999.0 -999.0 -999.0 -999.0 -999.0 -999.0 -999.0 -999.0 -999.0 -999.0 -999.0
1420.2 -999.0 -999.0 1367.1 1111.5 955.6 1363.2 1114.1 1273.5 1147.8 1076.3 1010.6 1411.6 1316.2 1127.9 1137.3 1149.8 1322.4 1328.6 1298.2 1346.3 1294.0 1279.7 1259.0 1194.7 1122.1 1137.4 1214.9 1108.9 1077.0 1243.7 1303.8 1326.2 1368.2 1357.5 1417.2 1370.8 1275.2 1240.3 1273.6 1212.9 1065.5 1104.4 1036.0 1328.0 -999.0 -999.0 -999.0 -999.0 -999.0 -999.0 -999.0 -999.0 -999.0 -999.0 -999.0 -999.0 -999.0 -999.0 -999.0 -999.0 -999.0 -999.0 -999.0 -999.0 -999.0 -999.0 -999.0 -999.0 -999.0 -999.0
-999.0 -999.0 -999.0 1165.2 849.1 1153.7 1056.2 1354.6 1115.6 1201.3 1399.0 1417.4 -999.0 1115.3 872.6 1143.6 1244.4 1352.0 1324.8 1413.2 1465.5 1300.5 1292.1 1234.5 1085.1 1045.1 1036.0 1106.1 1149.4 1165.5 1213.4 1210.6 1206.6 1153.4 1282.7 1358.1 1200.4 1230.1 1184.3 1194.5 1075.6 947.3 935.8 902.1 1055.4 1017.7 986.7 1275.0 -999.0 -999.0 -999.0 -999.0 -999.0 -999.0 -999.0 -999.0 -999.0 -999.0 -999.0 -999.0 -999.0 -999.0 -999.0 -999.0 -999.0 -999.0 -999.0 -999.0 -999.0 -999.0 -999.0
-999.0 -999.0 -999.0 1160.8 1204.5 1277.9 877.9 1374.5 -999.0 1375.8 1230.4 1426.0 -999.0 1065.9 753.4 1058.9 1129.2 1320.6 1430.1 1411.0 1403.6 1479.2 1405.6 1304.8 1212.1 1017.3 993.0 994.7 1084.2 1093.5 1025.3 995.6 903.4 1031.1 1242.9 1298.6 1167.3 1143.1 1100.7 799.7 756.7 906.9 918.9 988.5 1022.9 1017.9 1174.4 1195.4 -999.0 -999.0 -999.0 -999.0 -999.0 -999.0 -999.0 -999.0 -999.0 -999.0 -999.0 -999.0 -999.0 -999.0 -999.0 -999.0 -999.0 -999.0 -999.0 -999.0 -999.0 -999.0 -999.0
-999.0 -999.0 -999.0 -999.0 1212.7 1055.4 1188.1 1401.4 -999.0 -999.0 1340.2 1453.6 1361.0 1114.0 913.6 1220.5 1162.5 1070.5 1206.8 1245.6 1317.5 1179.7 1336.1 1417.5 1302.6 1183.9 1041.3 975.2 881.4 974.3 857.0 849.0 973.0 1046.1 1049.9 1102.1 1048.1 956.8 886.1 909.5 783.5 897.0 953.3 990.4 1223.8 1217.9 1126.0 1113.0 1162.6 -999.0 -999.0 -999.0 -999.0 -999.0 -999.0 -999.0 -999.0 -999.0 -999.0 -999.0 -999.0 -999.0 -999.0 -999.0 -999.0 -999.0 -999.0 -999.0 -999.0 -999.0 -999.0
-999.0 -999.0 -999.0 1396.7 1148.3 1092.2 -999.0 -999.0 -999.0 -999.0 -999.0 1464.7 1456.1 1074.0 1165.7 1333.7 1199.0 1087.3 1012.5 1097.4 1184.1 1152.2 1129.3 1230.8 1334.7 1154.7 987.5 1018.1 989.3 961.8 868.9 948.8 1026.3 988.0 996.9 816.5 852.5 954.2 971.0 1046.6 931.2 968.7 1040.3 1032.2 1209.9 1251.2 1242.1 1241.4 1268.7 -999.0 -999.0 -999.0 -999.0 -999.0 -999.0 -999.0 -999.0 -999.0 -999.0 -999.0 -999.0 -999.0 -999.0 -999.0 -999.0 -999.0 -999.0 -999.0 -999.0 -999.0 -999.0
-999.0 1427.7 -999.0 1049.3 1154.7 1356.8 1404.3 1121.0 1036.8 -999.0 -999.0 -999.0 1460.8 1250.5 1291.3 1302.4 1275.2 1181.5 1048.9 987.6 955.2 947.3 1039.7 1073.3 1146.9 1327.0 1028.2 1048.8 1008.4 1022.4 1082.1 1083.1 907.7 988.8 811.0 650.5 732.6 883.1 894.6 1078.4 1045.2 1077.4 1085.8 1098.7 1234.8 1257.3 1279.8 1250.0 1217.2 1232.9 -999.0 -999.0 -999.0 -999.0 -999.0 -999.0 -999.0 -999.0 -999.0 -999.0 -999.0 -999.0 -999.0 -999.0 -999.0 -999.0 -999.0 -999.0 -999.0 -999.0 -999.0
-999.0 -999.0 1417.4 1013.5 1144.7 1404.8 1090.4 912.2 828.6 1369.8 -999.0 -999.0 -999.0 1443.5 1396.0 1405.5 1362.3 1300.7 1231.2 1058.5 1000.9 998.6 1071.3 1084.7 1084.5 1086.0 1127.7 1081.6 1054.9 943.5 1016.8 866.3 1106.3 991.4 1039.5 1022.2 759.2 790.4 967.1 1044.2 1149.9 1178.3 1186.3 1196.6 1257.5 1265.3 1309.9 1246.5 1189.6 1230.8 1273.4 -999.0 -999.0 -999.0 -999.0 -999.0 -999.0 -999.0 -999.0 -999.0 -999.0 -999.0 -999.0 -999.0 -999.0 -999.0 -999.0 -999.0 -999.0 -999.0 -999.0
-999.0 -999.0 1294.9 1131.5 976.9 1417.2 1418.6 1036.3 964.2 1453.6 -999.0 -999.0 -999.0 -999.0 -999.0 1423.0 1410.3 1417.0 1382.1 1273.1 1180.1 1040.3 868.0 898.5 1000.6 1053.5 1094.0 1000.1 1023.2 997.9 1065.9 911.0 1125.3 1032.2 982.5 1057.8 1220.3 1121.1 1219.7 1125.4 1235.5 1163.8 1208.2 1329.4 1350.4 1336.5 1310.1 1313.9 1150.2 1148.7 1212.7 1291.1 -999.0 -999.0 -999.0 -999.0 -999.0 -999.0 -999.0 -999.0 -999.0 -999.0 -999.0 -999.0 -999.0 -999.0 -999.0 -999.0 -999.0 -999.0 -999.0
-999.0 -999.0 1217.5 1022.0 1119.0 -999.0 1434.7 1331.8 789.0 1292.7 -999.0 -999.0 -999.0 -999.0 -999.0 1433.7 1358.6 1243.2 1307.4 1126.9 943.8 954.1 831.9 807.3 867.1 1009.7 943.2 1006.2 1048.1 915.8 891.5 1151.8 580.2 947.8 764.6 988.2 865.8 929.9 1248.1 1105.5 1213.0 1270.6 1300.2 1285.5 1203.5 1162.8 1226.0 1183.3 1297.4 1162.3 1054.3 1238.3 1247.4 1324.8 -999.0 -999.0 -999.0 -999.0 -999.0 -999.0 -999.0 -999.0 -999.0 -999.0 -999.0 -999.0 -999.0 -999.0 -999.0 -999.0 -999.0
-999.0 -999.0 1247.4 1224.1 1394.8 -999.0 -999.0 1101.0 860.2 994.6 -999.0 -999.0 -999.0 -999.0 -999.0 1452.4 1417.2 1282.4 1280.9 1194.5 1046.5 1115.0 1013.6 992.3 867.3 940.3 932.2 1005.3 861.7 632.3 778.7 891.7 502.3 617.4 894.5 873.3 1023.1 1172.9 1126.8 1100.7 1205.3 1183.7 1186.5 1286.1 1238.1 1230.2 1105.8 904.3 1055.7 1118.0 1094.3 1102.7 1253.3 1313.6 -999.0 -999.0 -999.0 -999.0 -999.0 -999.0 -999.0 -999.0 -999.0 -999.0 -999.0 -999.0 -999.0 -999.0 -999.0 -999.0 -999.0
-999.0 -999.0 1370.6 1326.8 -999.0 -999.0 -999.0 1415.4 1233.8 1173.3 -999.0 -999.0 -999.0 -999.0 -999.0 1449.6 1432.2 1322.5 1269.7 1229.8 1162.7 1054.2 817.7 733.9 884.3 831.6 993.8 1042.3 1005.2 791.6 1005.7 674.6 748.2 861.9 791.3 772.2 1102.7 990.9 1147.3 1089.7 1114.8 1272.6 1184.0 1138.7 1138.0 1179.7 810.9 794.0 846.5 1112.4 1101.3 1109.3 1205.9 1259.7 -999.0 -999.0 -999.0 -999.0 -999.0 -999.0 -999.0 -999.0 -999.0 -999.0 -999.0 -999.0 -999.0 -999.0 -999.0 -999.0 -999.0
-999.0 1125.1 1202.6 990.5 1501.0 -999.0 -999.0 -999.0 -999.0 -999.0 -999.0 -999.0 -999.0 -999.0 1316.8 1347.0 1262.9 1251.7 1202.4 1125.4 1147.9 1001.3 945.7 805.2 920.5 949.0 805.7 890.8 773.9 723.4 732.1 567.0 613.2 898.9 837.6 804.2 905.7 1022.8 1009.6 1169.9 1104.5 1067.6 1206.0 1098.5 1100.8 907.2 877.6 715.1 847.3 1143.1 1177.0 1244.8 1195.8 1249.6 -999.0 -999.0 -999.0 -999.0 -999.0 -999.0 -999.0 -999.0 -999.0 -999.0 -999.0 -999.0 -999.0 -999.0 -999.0 -999.0 -999.0
-999.0 1028.6 1057.5 1192.0 1480.2 -999.0 -999.0 -999.0 -999.0 -999.0 -999.0 -999.0 -999.0 -999.0 1097.7 1351.4 1223.2 1080.4 979.5 998.1 1070.0 1059.8 1018.8 1141.5 1028.5 806.9 773.7 852.9 858.6 947.0 1042.6 595.1 900.7 860.1 891.6 883.7 948.3 1050.3 1185.1 1006.8 1058.8 1071.5 1107.1 1061.8 932.0 850.1 926.3 853.3 894.8 1154.6 1283.9 1289.8 1153.1 1311.2 -999.0 -999.0 -999.0 -999.0 -999.0 -999.0 -999.0 -999.0 -999.0 -999.0 -999.0 -999.0 -999.0 -999.0 -999.0 -999.0 -999.0
