GDD/GrowingDegreeDays_1966_Actual.txt
ncols         180
nrows         290
xllcorner     -200000
yllcorner     -200000
cellsize      5000
NODATA_value    -999
[rows 128 to 159 of 290, columns 71 to 141 of 180]
-999.0 1154.6 1447.2 1482.0 -999.0 -999.0 -999.0 -999.0 -999.0 -999.0 -999.0 -999.0 -999.0 1316.7 1194.2 1348.2 1162.4 1012.9 1095.0 893.0 747.3 833.5 739.3 865.6 1004.3 1100.9 1071.3 883.2 927.3 974.8 1169.1 968.7 715.7 909.6 789.2 961.5 981.6 1155.9 1140.7 1039.5 1090.3 1067.1 973.7 865.7 785.9 838.7 965.1 1060.5 1092.0 1190.3 1083.9 1073.2 1180.6 1271.9 -999.0 -999.0 -999.0 -999.0 -999.0 -999.0 -999.0 -999.0 -999.0 -999.0 -999.0 -999.0 -999.0 -999.0 -999.0 -999.0 -999.0
-999.0 -999.0 -999.0 -999.0 -999.0 -999.0 -999.0 -999.0 -999.0 -999.0 -999.0 -999.0 -999.0 1362.6 1406.9 1084.3 1155.2 988.7 1090.4 854.7 842.3 688.9 746.6 780.1 893.0 950.6 1125.7 661.4 722.1 985.6 1193.7 952.4 797.1 981.3 941.0 834.9 1043.1 915.2 865.1 987.2 867.4 862.2 707.0 982.6 985.3 936.3 941.4 956.1 1133.7 1280.7 1216.7 1236.4 1270.7 1337.6 1395.7 -999.0 -999.0 -999.0 -999.0 -999.0 -999.0 -999.0 -999.0 -999.0 -999.0 -999.0 -999.0 -999.0 -999.0 -999.0 -999.0
-999.0 -999.0 -999.0 -999.0 -999.0 -999.0 -999.0 -999.0 -999.0 -999.0 -999.0 -999.0 1566.8 1193.1 1050.6 1056.6 979.0 972.4 1039.6 1083.9 805.8 817.1 750.7 811.9 848.8 1056.6 1258.7 1022.3 939.9 962.7 1153.3 1158.0 1006.5 991.2 987.2 948.9 770.8 1017.5 1051.4 1015.0 1028.8 709.6 866.1 777.3 862.9 1049.4 1028.1 997.9 992.1 983.6 1238.5 1303.7 1314.6 1339.0 1416.1 -999.0 -999.0 -999.0 -999.0 -999.0 -999.0 -999.0 -999.0 -999.0 -999.0 -999.0 -999.0 -999.0 -999.0 -999.0 -999.0
-999.0 -999.0 -999.0 -999.0 -999.0 -999.0 -999.0 -999.0 -999.0 -999.0 -999.0 -999.0 1280.2 1164.4 1121.8 819.3 865.8 1004.2 1033.6 804.0 1052.6 967.5 847.2 962.2 964.0 1192.4 1313.7 1154.6 1086.7 924.3 1216.8 1186.0 1161.0 1084.2 1162.6 874.8 1152.9 893.7 991.8 1131.8 722.2 1047.3 946.8 908.1 995.8 963.5 1126.8 1117.6 971.8 1024.3 1177.8 1184.3 1240.3 1319.9 1387.4 -999.0 -999.0 -999.0 -999.0 -999.0 -999.0 -999.0 -999.0 -999.0 -999.0 -999.0 -999.0 -999.0 -999.0 -999.0 -999.0
-999.0 -999.0 -999.0 -999.0 -999.0 -999.0 -999.0 -999.0 -999.0 -999.0 -999.0 1256.0 1261.4 1213.4 968.7 1028.9 998.3 615.8 873.6 882.6 1061.3 976.2 976.1 1079.9 978.4 1030.6 1185.5 1088.6 1134.0 1274.8 1319.0 1242.0 1091.8 1085.8 910.9 1057.4 1181.8 894.9 1098.6 1053.3 754.8 1002.6 1083.1 1153.5 1054.2 975.2 1030.4 1014.2 1014.7 1135.9 1179.5 1236.1 1308.8 1322.6 1381.8 -999.0 -999.0 -999.0 -999.0 -999.0 -999.0 -999.0 -999.0 -999.0 -999.0 -999.0 -999.0 -999.0 -999.0 -999.0 -999.0
-999.0 -999.0 -999.0 -999.0 -999.0 -999.0 -999.0 -999.0 -999.0 -999.0 1423.5 1215.9 1070.3 1228.8 1145.1 1056.7 1095.3 923.1 1023.1 685.2 1153.0 1200.1 1107.7 1066.1 1055.0 1041.8 1182.5 1294.3 1364.0 1173.6 1327.5 1332.1 1168.4 1130.3 1136.3 1140.3 1233.1 1067.1 1217.0 1083.2 818.1 893.2 890.7 976.5 1036.1 1118.5 1158.6 1023.7 1094.3 1151.1 1177.5 1229.9 1266.9 1354.6 1399.4 1452.8 -999.0 -999.0 -999.0 -999.0 -999.0 -999.0 -999.0 -999.0 -999.0 -999.0 -999.0 -999.0 -999.0 -999.0 -999.0
-999.0 -999.0 -999.0 -999.0 -999.0 -999.0 -999.0 -999.0 -999.0 -999.0 1146.4 837.3 1019.3 1100.3 1173.2 1185.1 1251.2 695.2 892.8 1041.5 1076.3 1247.5 1222.0 1137.4 1172.6 917.5 1256.0 1354.9 1346.4 1362.5 1161.9 1337.0 1160.4 1208.2 1177.8 1225.6 1223.9 1221.8 1079.0 1174.1 997.0 939.5 986.1 944.0 1077.4 1180.6 1223.4 1132.6 1185.8 1114.4 1184.1 1279.2 1370.0 1338.1 1372.7 1436.1 -999.0 -999.0 -999.0 -999.0 -999.0 -999.0 -999.0 -999.0 -999.0 -999.0 -999.0 -999.0 -999.0 -999.0 -999.0
-999.0 -999.0 -999.0 -999.0 -999.0 -999.0 -999.0 -999.0 1398.1 1303.1 1031.0 1017.9 1042.2 1031.9 1179.5 1176.4 1297.8 955.5 1017.5 1005.4 1110.5 1140.8 1303.1 1158.0 1131.2 1199.0 1226.5 1248.7 1405.4 1388.9 1285.3 1313.7 1315.5 1291.6 1271.5 1325.3 1335.8 1227.8 1234.2 1225.4 963.9 1003.8 1024.4 1043.8 998.1 1140.3 1198.9 1329.4 1258.9 1223.0 1254.7 1303.3 1385.2 1383.6 1383.6 1413.3 -999.0 -999.0 -999.0 -999.0 -999.0 -999.0 -999.0 -999.0 -999.0 -999.0 -999.0 -999.0 -999.0 -999.0 -999.0
-999.0 -999.0 -999.0 -999.0 -999.0 -999.0 -999.0 -999.0 1307.7 1242.6 1277.6 1051.3 1088.9 1038.8 1204.6 1299.0 1355.1 1306.1 1171.3 883.6 1083.8 1156.5 1315.5 1345.0 1290.9 1295.7 1304.7 1261.1 1373.5 1302.1 1407.9 1396.3 1394.9 1375.5 1393.1 1411.5 1441.9 1397.2 1275.9 1253.1 1252.8 1144.4 1106.0 1125.9 1162.9 1218.1 1422.1 1317.2 1140.4 1208.5 1317.2 1330.7 1382.9 1392.5 1452.5 1442.9 1491.4 -999.0 -999.0 -999.0 -999.0 -999.0 -999.0 -999.0 -999.0 -999.0 -999.0 -999.0 -999.0 -999.0 -999.0
-999.0 -999.0 -999.0 -999.0 -999.0 -999.0 -999.0 -999.0 1289.3 1228.4 1351.8 1133.8 1245.6 1178.1 1258.0 1331.9 1336.2 1393.3 1103.5 1099.7 1152.9 1053.7 1281.2 1342.6 1273.8 1339.1 1231.9 1005.3 1303.5 -999.0 -999.0 -999.0 1431.2 1396.5 -999.0 1470.0 1489.6 1449.6 1404.8 1355.7 1218.8 1082.2 1168.4 1186.2 1152.4 1254.3 1189.2 1186.3 1321.3 1399.3 1427.1 1426.7 1382.7 1565.8 1563.5 1513.4 1485.4 -999.0 -999.0 -999.0 -999.0 -999.0 -999.0 -999.0 -999.0 -999.0 -999.0 -999.0 -999.0 -999.0 -999.0
1476.9 -999.0 -999.0 -999.0 -999.0 -999.0 -999.0 -999.0 1427.5 1146.2 1320.6 1350.3 1304.9 1253.2 1256.7 1287.6 1375.5 1401.3 1364.5 1011.0 1163.6 1093.6 1274.3 1303.8 1158.2 1373.7 1330.7 1334.1 1382.6 -999.0 -999.0 -999.0 1438.1 1414.1 1398.4 1442.3 1499.9 1478.4 1449.4 1257.2 1038.2 953.7 1095.6 919.3 1138.9 1192.7 1038.1 1221.2 1183.3 1197.3 1262.1 1446.0 1371.9 1289.3 1440.3 1450.9 1500.5 -999.0 -999.0 -999.0 -999.0 -999.0 -999.0 -999.0 -999.0 -999.0 -999.0 -999.0 -999.0 -999.0 -999.0
1312.4 1385.5 -999.0 -999.0 -999.0 -999.0 -999.0 -999.0 -999.0 1288.0 1233.7 1386.9 -999.0 1344.6 1289.2 1301.1 1315.9 1403.3 -999.0 1378.7 1422.4 1257.8 1328.3 1263.5 1257.0 1411.2 1423.1 -999.0 -999.0 -999.0 -999.0 1437.4 1413.5 1403.0 1418.4 1404.0 1408.7 1436.9 1370.8 1271.0 997.0 720.7 1091.3 810.7 1042.2 959.7 920.4 1116.8 1041.7 1169.3 1300.7 1222.6 1223.2 1311.2 1454.3 1401.0 1378.2 1540.1 -999.0 -999.0 -999.0 -999.0 -999.0 -999.0 -999.0 -999.0 -999.0 -999.0 -999.0 -999.0 -999.0
1192.5 -999.0 -999.0 -999.0 -999.0 -999.0 -999.0 -999.0 -999.0 -999.0 1335.3 -999.0 -999.0 -999.0 1437.7 1308.9 1298.1 1333.7 1407.8 -999.0 -999.0 1364.9 1428.2 1271.6 1228.4 -999.0 -999.0 -999.0 -999.0 -999.0 1488.4 1369.0 1369.5 1375.3 1391.8 1341.9 1382.5 1314.0 1238.8 1305.7 1128.4 879.4 721.2 870.5 785.4 779.4 798.0 982.7 974.2 968.2 1060.1 1222.0 1252.6 1248.1 1426.8 1380.4 1319.1 1392.7 -999.0 -999.0 -999.0 -999.0 -999.0 -999.0 -999.0 -999.0 -999.0 -999.0 -999.0 -999.0 -999.0
-999.0 -999.0 -999.0 -999.0 -999.0 -999.0 -999.0 -999.0 -999.0 -999.0 1412.0 1415.8 -999.0 -999.0 -999.0 1429.9 1254.5 1252.6 1335.5 -999.0 -999.0 -999.0 -999.0 1478.1 -999.0 -999.0 -999.0 -999.0 -999.0 -999.0 1501.4 1412.7 1387.7 1279.1 1194.5 1192.0 1276.8 1279.1 1321.4 1290.1 1206.4 944.4 752.1 914.4 651.1 738.1 722.4 925.8 931.5 850.7 1024.7 1159.9 1243.7 1373.2 1435.3 1343.3 1283.0 1361.9 -999.0 -999.0 -999.0 -999.0 -999.0 -999.0 -999.0 -999.0 -999.0 -999.0 -999.0 -999.0 -999.0
1606.7 1627.7 1595.8 -999.0 -999.0 -999.0 -999.0 -999.0 -999.0 -999.0 -999.0 1295.1 -999.0 -999.0 -999.0 -999.0 1408.5 1293.0 1378.3 -999.0 -999.0 -999.0 -999.0 -999.0 -999.0 -999.0 -999.0 -999.0 -999.0 1535.8 1438.8 1288.4 1200.2 1166.4 1079.9 1100.3 1174.7 1205.6 1297.7 1242.9 1220.4 1046.9 611.8 569.6 629.2 711.9 937.8 1046.0 1020.6 1109.4 1244.6 1116.2 1137.3 1360.6 1371.9 1302.9 1270.9 1356.0 1507.5 -999.0 -999.0 -999.0 -999.0 -999.0 -999.0 -999.0 -999.0 -999.0 -999.0 -999.0 -999.0
1396.9 1404.3 1488.1 1548.0 -999.0 -999.0 -999.0 -999.0 -999.0 -999.0 -999.0 1224.2 -999.0 -999.0 -999.0 -999.0 -999.0 -999.0 -999.0 -999.0 -999.0 -999.0 -999.0 -999.0 -999.0 -999.0 -999.0 -999.0 -999.0 1445.1 1378.8 1341.5 1304.0 1359.4 895.8 1041.4 1127.2 1038.6 1278.8 1167.9 1353.8 1173.9 712.8 488.6 721.2 851.6 635.2 618.7 742.9 888.1 985.7 1288.4 1262.0 1296.7 1237.5 1293.3 1325.8 1347.8 1484.0 1616.2 -999.0 -999.0 -999.0 -999.0 -999.0 -999.0 -999.0 -999.0 -999.0 -999.0 -999.0
1457.4 1477.4 1460.0 1514.4 -999.0 -999.0 -999.0 -999.0 -999.0 -999.0 -999.0 -999.0 -999.0 -999.0 -999.0 -999.0 -999.0 -999.0 -999.0 -999.0 -999.0 -999.0 -999.0 -999.0 -999.0 -999.0 -999.0 -999.0 1564.5 1442.4 1308.8 1365.9 1093.8 1461.9 631.4 663.4 1171.3 1134.1 1236.6 1299.6 1229.9 1276.1 1065.6 567.6 655.2 788.3 857.7 942.9 843.3 892.8 980.3 1140.9 1261.9 1306.0 1337.0 1351.2 1317.9 1398.7 1563.7 1626.7 -999.0 -999.0 -999.0 -999.0 -999.0 -999.0 -999.0 -999.0 -999.0 -999.0 -999.0
1522.6 1554.4 1555.3 1513.9 -999.0 -999.0 -999.0 -999.0 -999.0 -999.0 -999.0 -999.0 -999.0 -999.0 -999.0 -999.0 -999.0 -999.0 -999.0 -999.0 -999.0 -999.0 -999.0 -999.0 -999.0 -999.0 -999.0 -999.0 1545.9 1291.2 1332.0 1166.4 719.0 1143.4 1358.1 975.4 917.4 1063.0 1103.1 1186.1 1217.3 1272.2 1230.9 1136.0 640.9 770.3 820.9 952.9 988.5 1015.7 1158.4 1198.6 1243.1 1225.3 1359.1 1294.8 1356.0 1392.3 1527.1 1623.5 1627.1 1592.3 1572.6 -999.0 -999.0 -999.0 -999.0 -999.0 -999.0 -999.0 -999.0
1466.6 1603.5 -999.0 1521.3 1559.8 -999.0 -999.0 -999.0 -999.0 -999.0 -999.0 -999.0 -999.0 -999.0 -999.0 -999.0 -999.0 -999.0 -999.0 -999.0 -999.0 -999.0 -999.0 -999.0 -999.0 -999.0 -999.0 -999.0 1506.8 1295.5 1203.0 943.8 1227.8 1146.9 1049.3 844.5 1039.5 1115.8 848.6 1196.8 1051.5 1219.6 1296.1 1327.8 1073.0 878.1 881.0 943.7 997.8 1148.9 1157.7 1222.9 1307.0 1382.7 1385.1 1391.3 1364.2 1431.2 1504.3 1556.0 1327.3 1421.0 1346.3 1335.3 1425.7 -999.0 -999.0 -999.0 -999.0 -999.0 -999.0
1427.4 1520.0 1533.6 1502.8 -999.0 -999.0 -999.0 -999.0 -999.0 -999.0 -999.0 -999.0 -999.0 -999.0 -999.0 -999.0 -999.0 -999.0 -999.0 -999.0 -999.0 -999.0 -999.0 -999.0 -999.0 -999.0 -999.0 -999.0 1498.7 1272.9 1092.6 758.7 666.7 872.8 1130.1 1072.3 997.1 825.6 1105.0 846.2 979.2 1106.1 1179.8 1223.4 1285.3 1183.4 890.7 925.4 999.8 1072.5 1141.8 1216.6 1274.5 1354.9 1427.8 1415.3 1419.6 1474.2 1493.0 1482.5 1376.5 1141.3 1168.0 1185.8 1181.6 1279.6 1520.6 -999.0 -999.0 -999.0 -999.0
1487.1 1519.1 1493.5 1465.6 -999.0 -999.0 -999.0 -999.0 -999.0 -999.0 -999.0 -999.0 -999.0 -999.0 -999.0 -999.0 -999.0 -999.0 -999.0 -999.0 -999.0 -999.0 -999.0 -999.0 -999.0 -999.0 -999.0 -999.0 1523.1 1394.1 1082.7 918.1 1214.9 518.6 676.3 1134.1 990.9 1130.1 833.3 777.6 989.2 1122.1 1115.9 1092.5 1213.8 722.1 804.5 821.2 802.8 816.9 908.0 1182.3 1169.5 1342.0 1419.7 1433.4 1445.9 1475.6 1513.6 1519.0 1431.3 1209.9 1277.2 1304.7 1253.5 1220.2 1460.0 1343.3 -999.0 -999.0 -999.0
1523.4 1499.9 1418.6 1511.4 -999.0 -999.0 -999.0 -999.0 -999.0 -999.0 -999.0 -999.0 -999.0 -999.0 -999.0 -999.0 1589.7 1577.1 1615.8 -999.0 -999.0 -999.0 -999.0 -999.0 -999.0 -999.0 -999.0 -999.0 -999.0 1533.6 1399.5 1285.4 1128.1 1075.1 855.8 1294.7 1505.1 1069.1 1059.8 1067.2 1107.9 991.9 992.4 1073.5 1028.8 854.7 853.5 663.2 751.6 911.0 1005.9 1029.0 1197.7 1349.3 1419.8 1456.3 1438.6 1483.6 1499.2 1149.2 1210.8 962.7 938.6 1023.0 1093.3 1293.3 1130.1 1232.7 1467.9 -999.0 -999.0
1593.6 1481.3 1515.4 -999.0 -999.0 -999.0 -999.0 -999.0 -999.0 -999.0 -999.0 -999.0 -999.0 -999.0 -999.0 -999.0 1547.3 1541.7 -999.0 -999.0 -999.0 -999.0 -999.0 -999.0 -999.0 -999.0 -999.0 -999.0 -999.0 -999.0 1461.1 1467.0 1137.0 1180.3 672.3 1172.9 1160.5 1226.7 1340.6 1319.7 1246.2 1244.9 698.4 1062.8 984.7 692.8 866.7 1093.8 1174.6 898.7 1195.0 1061.7 1263.0 1404.8 1486.8 1488.3 1466.5 1405.1 1219.7 1133.2 1176.2 1178.8 1221.5 1147.5 1073.0 1113.6 1097.4 1229.5 1237.3 -999.0 -999.0
1503.7 1462.3 -999.0 -999.0 -999.0 -999.0 -999.0 -999.0 -999.0 -999.0 -999.0 -999.0 -999.0 -999.0 -999.0 1528.7 1204.0 1280.7 1544.9 -999.0 -999.0 -999.0 -999.0 -999.0 -999.0 -999.0 -999.0 -999.0 -999.0 -999.0 1490.5 1228.8 1128.8 1114.0 1243.2 1157.4 1313.7 1338.4 1360.0 1368.6 1203.2 1269.3 1298.4 716.8 961.9 1001.1 811.4 994.4 845.8 1053.3 1050.1 1219.1 1326.7 1429.4 1477.3 1533.3 1493.7 1348.8 1245.4 1291.0 1221.3 1160.5 1192.4 1146.0 1161.1 1162.5 1156.0 1307.3 1231.8 1501.2 -999.0
-999.0 -999.0 -999.0 -999.0 -999.0 -999.0 -999.0 -999.0 -999.0 -999.0 -999.0 -999.0 -999.0 -999.0 1597.0 1153.3 1023.6 904.5 1560.5 -999.0 -999.0 -999.0 -999.0 -999.0 -999.0 -999.0 -999.0 -999.0 -999.0 -999.0 1527.6 1070.4 1176.6 1488.3 1320.0 1387.0 1326.6 1458.2 1439.8 1323.3 1217.3 1386.9 875.5 1020.9 810.0 986.6 723.3 1163.8 1077.3 1230.4 1106.6 1269.8 1311.2 1374.4 1522.0 1540.6 1498.3 1418.9 1202.0 1187.6 1234.4 1330.6 1298.5 1292.6 1276.1 1260.6 1160.5 1177.6 1306.6 1361.5 -999.0
-999.0 -999.0 -999.0 -999.0 -999.0 -999.0 -999.0 -999.0 -999.0 -999.0 -999.0 -999.0 -999.0 1594.5 1489.0 887.3 1174.9 1356.3 -999.0 -999.0 -999.0 -999.0 -999.0 -999.0 -999.0 -999.0 -999.0 -999.0 -999.0 -999.0 -999.0 1516.9 1535.4 1546.3 1323.8 1487.9 1323.4 1483.1 1461.8 1407.4 1297.5 1403.5 924.1 885.9 764.3 786.4 744.7 812.6 829.6 933.7 1039.8 1087.8 1178.3 1398.7 1481.3 1482.1 1413.7 1392.5 1382.2 1126.8 1256.0 1459.3 1461.6 1402.9 1426.6 1417.5 1415.5 1411.9 1474.9 1487.2 1455.4
-999.0 -999.0 -999.0 -999.0 -999.0 -999.0 -999.0 -999.0 -999.0 -999.0 -999.0 -999.0 -999.0 1329.4 1093.5 1403.4 1501.7 1611.3 -999.0 -999.0 -999.0 -999.0 -999.0 -999.0 -999.0 -999.0 -999.0 -999.0 -999.0 -999.0 -999.0 -999.0 1620.1 1479.8 1510.9 1515.5 1411.1 1503.0 1502.7 1452.3 1298.4 1410.0 947.9 984.9 1002.1 819.6 882.4 955.8 732.9 764.5 1028.0 987.1 1137.3 1229.3 1415.2 1453.5 1410.3 1410.9 1436.8 1440.3 1464.2 1524.4 1481.9 1425.4 1396.6 1415.7 1449.3 1462.7 1468.6 1256.8 1275.0
-999.0 -999.0 -999.0 -999.0 -999.0 -999.0 -999.0 -999.0 -999.0 -999.0 -999.0 -999.0 -999.0 1322.6 1383.1 1380.4 1616.5 -999.0 -999.0 -999.0 -999.0 -999.0 -999.0 -999.0 -999.0 -999.0 -999.0 -999.0 -999.0 -999.0 -999.0 -999.0 1662.5 1510.0 1496.2 -999.0 1533.1 -999.0 1601.0 1540.3 1453.4 1462.3 1391.8 974.4 1013.0 981.1 752.2 1167.4 1126.1 799.8 934.0 1028.1 1117.7 1265.8 1397.0 1476.8 1526.7 1523.3 1492.9 1496.2 1458.9 1383.4 1446.7 1357.7 1392.5 1456.5 1421.5 1335.0 1366.2 1402.0 1397.7
-999.0 -999.0 -999.0 -999.0 -999.0 -999.0 -999.0 -999.0 -999.0 -999.0 -999.0 -999.0 1581.0 1585.8 1572.9 -999.0 -999.0 -999.0 -999.0 -999.0 -999.0 -999.0 -999.0 -999.0 -999.0 -999.0 -999.0 -999.0 -999.0 -999.0 -999.0 -999.0 1681.0 1630.6 1599.3 -999.0 -999.0 -999.0 1640.5 1412.2 1528.8 1408.0 1285.5 1331.3 1296.4 1176.4 904.3 893.4 1215.0 951.4 884.3 1093.1 1065.2 1201.7 1327.1 1521.4 1546.7 1551.0 1540.0 1525.7 1502.5 1474.3 1461.4 1403.2 1468.9 1429.1 1363.8 1313.7 1293.7 1305.0 1355.3
-999.0 -999.0 -999.0 -999.0 -999.0 -999.0 -999.0 -999.0 -999.0 -999.0 -999.0 -999.0 -999.0 -999.0 -999.0 -999.0 -999.0 -999.0 -999.0 -999.0 -999.0 -999.0 -999.0 -999.0 -999.0 -999.0 -999.0 -999.0 -999.0 -999.0 -999.0 -999.0 -999.0 -999.0 -999.0 -999.0 -999.0 1662.9 1625.3 1460.1 1233.4 1146.7 1130.9 1122.9 1210.4 1187.1 997.6 1018.3 1130.2 1279.6 1091.0 1026.9 1164.3 1252.7 1357.4 1454.2 1511.6 1507.2 1545.3 1554.7 1555.5 1551.0 1523.6 1519.9 1427.7 1228.3 1352.7 1318.8 1398.3 1397.6 1458.8
-999.0 -999.0 -999.0 -999.0 -999.0 -999.0 -999.0 -999.0 -999.0 -999.0 -999.0 -999.0 -999.0 -999.0 -999.0 -999.0 -999.0 -999.0 -999.0 -999.0 -999.0 -999.0 -999.0 -999.0 -999.0 -999.0 -999.0 -999.0 -999.0 -999.0 -999.0 -999.0 -999.0 -999.0 -999.0 -999.0 -999.0 1618.4 1531.8 1297.5 1052.9 896.3 1016.7 1257.6 1167.3 1354.2 1274.7 1318.8 1197.9 1146.8 1124.8 1139.4 1188.0 1283.3 1351.0 1408.0 1500.9 1502.9 1551.8 1576.5 1606.2 1594.3 1554.8 1532.7 1471.8 1191.6 1263.7 1412.6 1466.8 1497.4 1501.3
-999.0 -999.0 -999.0 -999.0 -999.0 -999.0 -999.0 -999.0 -999.0 -999.0 -999.0 -999.0 -999.0 -999.0 -999.0 -999.0 -999.0 -999.0 -999.0 -999.0 -999.0 -999.0 -999.0 -999.0 -999.0 -999.0 -999.0 -999.0 -999.0 -999.0 -999.0 -999.0 -999.0 -999.0 -999.0 -999.0 -999.0 1586.7 1560.7 1438.3 1195.6 1103.8 1159.3 1264.2 1285.7 1328.2 1269.1 1346.8 1361.8 1323.6 1480.2 1188.6 1313.0 1236.7 1339.9 1381.0 1503.7 1529.9 1540.4 1574.4 1641.5 1582.8 1574.1 1536.4 1517.5 1368.4 1327.5 1416.2 1492.8 1522.8 1540.0
