GDD/GrowingDegreeDays_1968_Actual.txt
ncols         180
nrows         290
xllcorner     -200000
yllcorner     -200000
cellsize      5000
NODATA_value    -999
[rows 160 to 191 of 290, columns 71 to 141 of 180]
-999.0 -999.0 -999.0 -999.0 -999.0 -999.0 -999.0 -999.0 -999.0 -999.0 -999.0 -999.0 -999.0 -999.0 -999.0 -999.0 -999.0 -999.0 -999.0 -999.0 -999.0 -999.0 -999.0 -999.0 -999.0 -999.0 -999.0 -999.0 -999.0 -999.0 -999.0 -999.0 -999.0 -999.0 -999.0 1644.1 1634.9 1626.4 1596.5 1363.3 1257.5 1043.3 1290.5 1177.7 1539.1 1433.3 1440.7 1319.7 1251.3 1311.3 1241.3 1544.6 1537.8 1535.0 1553.3 1588.5 1508.8 1570.8 1600.9 1615.6 1654.0 1682.7 1647.1 1601.8 1575.7 1559.8 1444.9 1504.4 1579.7 1621.2 1624.1
-999.0 -999.0 -999.0 -999.0 -999.0 -999.0 -999.0 -999.0 -999.0 -999.0 -999.0 -999.0 -999.0 -999.0 -999.0 -999.0 -999.0 -999.0 -999.0 -999.0 -999.0 -999.0 -999.0 -999.0 -999.0 -999.0 -999.0 -999.0 -999.0 -999.0 -999.0 -999.0 -999.0 -999.0 -999.0 1649.4 1637.4 1661.3 1694.4 1628.1 1358.2 1530.9 1505.5 1595.5 1476.8 1239.6 1365.9 1221.5 1261.8 1201.8 1535.5 1301.6 1496.8 1414.8 1466.7 1465.3 1537.2 1530.8 1567.4 1625.0 1643.1 1648.0 1604.3 1564.0 1570.2 1583.3 1568.3 1498.2 1570.2 1633.3 1638.8
-999.0 -999.0 -999.0 -999.0 -999.0 -999.0 -999.0 -999.0 -999.0 -999.0 -999.0 -999.0 -999.0 -999.0 -999.0 -999.0 -999.0 -999.0 -999.0 -999.0 -999.0 -999.0 -999.0 -999.0 -999.0 -999.0 -999.0 -999.0 -999.0 -999.0 -999.0 -999.0 -999.0 -999.0 -999.0 1649.3 1657.0 1624.3 1723.8 1680.5 1582.8 1542.2 1585.9 1634.7 1504.7 1410.2 1397.1 1234.3 1101.2 1325.9 1415.2 1600.3 1508.5 1676.0 1618.8 1561.0 1513.5 1543.4 1564.7 1628.1 1624.3 1621.4 1593.0 1563.8 1570.3 1585.6 1589.1 1530.7 1511.9 1627.8 1705.9
-999.0 -999.0 -999.0 -999.0 -999.0 -999.0 -999.0 -999.0 -999.0 -999.0 -999.0 -999.0 -999.0 -999.0 -999.0 -999.0 -999.0 -999.0 -999.0 -999.0 -999.0 -999.0 -999.0 -999.0 -999.0 -999.0 -999.0 -999.0 -999.0 -999.0 -999.0 -999.0 -999.0 -999.0 -999.0 1665.8 1633.9 1624.9 1679.2 1690.8 1655.2 1653.4 1569.4 1456.3 1596.6 1527.2 1422.1 1069.7 1060.9 1067.2 1242.2 1460.3 1556.5 1544.7 1660.6 1705.9 1602.4 1541.2 1607.5 1633.7 1629.1 1638.1 1617.4 1598.4 1603.2 1620.4 1636.3 1553.3 1529.7 1699.2 1788.3
-999.0 -999.0 -999.0 -999.0 -999.0 -999.0 -999.0 -999.0 -999.0 -999.0 -999.0 -999.0 -999.0 -999.0 -999.0 -999.0 -999.0 -999.0 -999.0 -999.0 -999.0 -999.0 -999.0 -999.0 -999.0 -999.0 -999.0 -999.0 -999.0 -999.0 -999.0 -999.0 -999.0 -999.0 -999.0 1661.3 1656.5 1671.9 1722.6 1724.5 1714.3 1612.7 1583.1 1477.8 1418.0 1252.9 1150.2 1067.4 1238.5 1166.4 1348.5 1428.9 1568.4 1449.2 1554.4 1673.0 1713.5 1698.3 1670.1 1667.7 1649.4 1645.0 1649.5 1639.0 1638.4 1656.6 1654.9 1669.5 1643.2 1735.8 1805.6
-999.0 -999.0 -999.0 -999.0 -999.0 -999.0 -999.0 -999.0 -999.0 -999.0 -999.0 -999.0 -999.0 -999.0 -999.0 -999.0 -999.0 -999.0 -999.0 -999.0 -999.0 -999.0 -999.0 -999.0 -999.0 -999.0 -999.0 -999.0 -999.0 -999.0 -999.0 -999.0 -999.0 -999.0 -999.0 -999.0 1623.8 1661.0 1707.1 1721.6 1630.8 1446.0 1406.8 1356.0 1409.1 1419.2 1247.9 1258.4 1164.4 1272.2 1501.5 1691.5 1631.3 1584.0 1561.5 1708.0 1702.9 1636.3 1653.3 1694.2 1655.2 1668.4 1675.9 1674.0 1666.5 1671.7 1668.6 1664.0 1700.9 1726.1 1761.3
-999.0 -999.0 -999.0 -999.0 -999.0 -999.0 -999.0 -999.0 -999.0 -999.0 -999.0 -999.0 -999.0 -999.0 -999.0 -999.0 -999.0 -999.0 -999.0 -999.0 -999.0 -999.0 -999.0 -999.0 -999.0 -999.0 -999.0 -999.0 -999.0 -999.0 -999.0 -999.0 -999.0 -999.0 -999.0 1681.1 1635.9 1672.4 1708.4 1699.1 1631.3 1324.9 1286.5 1407.2 1213.4 1246.8 1322.6 1323.9 1078.8 1252.8 1282.7 1520.6 1675.8 1525.0 1670.7 1755.4 1656.9 1639.1 1693.4 1669.3 1689.6 1695.9 1692.1 1687.5 1680.6 1679.2 1581.7 1651.2 1684.5 1595.4 1636.7
-999.0 -999.0 -999.0 -999.0 -999.0 -999.0 -999.0 -999.0 -999.0 -999.0 -999.0 -999.0 -999.0 -999.0 -999.0 -999.0 -999.0 -999.0 -999.0 -999.0 -999.0 -999.0 -999.0 -999.0 -999.0 -999.0 -999.0 -999.0 -999.0 -999.0 -999.0 -999.0 -999.0 -999.0 -999.0 1695.9 1694.1 1691.2 1702.7 1565.9 1627.1 1552.7 1328.0 1556.7 1513.0 1472.1 1574.3 1514.2 1238.6 1292.5 1313.0 1589.4 1463.7 1393.8 1619.4 1561.4 1620.0 1582.0 1629.4 1666.4 1720.8 1731.0 1719.5 1707.1 1684.9 1699.1 1687.4 1633.4 1696.8 1654.6 1593.9
-999.0 -999.0 -999.0 -999.0 -999.0 -999.0 -999.0 -999.0 -999.0 -999.0 -999.0 -999.0 -999.0 -999.0 -999.0 -999.0 -999.0 -999.0 -999.0 -999.0 -999.0 -999.0 -999.0 -999.0 -999.0 -999.0 -999.0 -999.0 -999.0 -999.0 -999.0 -999.0 -999.0 -999.0 1671.8 1704.9 1712.9 1622.0 1634.7 1633.1 1675.5 1607.1 1589.7 1641.1 1666.5 1676.8 1644.2 1532.0 1272.4 1095.4 1051.9 1348.8 1254.8 1332.5 1569.7 1579.0 1672.7 1646.2 1644.4 1704.0 1744.8 1757.8 1752.0 1727.6 1697.5 1715.0 1701.4 1688.1 1693.5 1678.1 1542.8
-999.0 -999.0 -999.0 -999.0 -999.0 -999.0 -999.0 -999.0 -999.0 -999.0 -999.0 -999.0 -999.0 -999.0 -999.0 -999.0 -999.0 -999.0 -999.0 -999.0 -999.0 -999.0 -999.0 -999.0 -999.0 -999.0 -999.0 -999.0 -999.0 -999.0 -999.0 -999.0 -999.0 -999.0 -999.0 1686.9 1741.4 1708.3 1686.9 1552.7 1721.4 1729.3 1737.0 1730.6 1722.2 1754.3 1728.1 1624.5 1516.2 1181.1 1038.5 984.8 1227.3 1258.0 1411.2 1553.1 1558.5 1727.2 1728.8 1669.8 1757.8 1790.5 1792.9 1747.7 1711.8 1715.3 1705.9 1678.6 1685.4 1676.9 1638.9
-999.0 -999.0 -999.0 -999.0 -999.0 -999.0 -999.0 -999.0 -999.0 -999.0 -999.0 -999.0 -999.0 -999.0 -999.0 -999.0 -999.0 -999.0 -999.0 -999.0 -999.0 -999.0 -999.0 -999.0 -999.0 -999.0 -999.0 -999.0 -999.0 -999.0 -999.0 -999.0 -999.0 -999.0 -999.0 1736.9 1753.9 1775.7 1765.9 1737.9 1738.8 1744.3 1786.7 1795.8 1850.3 1866.5 1826.9 1725.1 1529.2 1448.4 1072.1 933.9 967.5 1166.9 1353.2 1503.5 1631.8 1582.1 1670.2 1627.4 1746.7 1779.3 1797.3 1746.1 1718.8 1708.4 1677.7 1662.0 1671.9 1673.7 1622.5
-999.0 -999.0 -999.0 -999.0 -999.0 -999.0 -999.0 -999.0 -999.0 -999.0 -999.0 -999.0 -999.0 -999.0 -999.0 1694.6 1674.4 1651.8 1625.1 -999.0 -999.0 -999.0 -999.0 -999.0 -999.0 -999.0 -999.0 -999.0 -999.0 -999.0 -999.0 -999.0 -999.0 -999.0 1753.6 1812.8 1779.8 1798.3 1735.7 1737.5 1769.7 1775.7 1785.8 1821.6 1844.8 1880.1 1837.2 1743.1 1601.9 1305.0 1108.8 1088.6 1273.4 1135.9 1306.8 1651.5 1627.8 1699.1 1508.9 1556.3 1697.9 1712.3 1722.9 1716.0 1702.8 1698.9 1684.5 1650.9 1657.9 1688.2 1670.3
-999.0 -999.0 -999.0 -999.0 -999.0 -999.0 -999.0 -999.0 -999.0 -999.0 -999.0 -999.0 -999.0 -999.0 -999.0 1639.2 1575.0 1608.0 1688.1 -999.0 -999.0 -999.0 -999.0 -999.0 -999.0 -999.0 -999.0 -999.0 -999.0 -999.0 -999.0 -999.0 -999.0 1829.8 1709.2 1787.9 1803.0 1731.0 1791.9 1742.5 1780.0 1780.1 1785.2 1807.4 1802.4 1788.9 1802.5 1741.2 1634.5 1496.9 1109.9 1051.9 1291.1 1264.9 1422.3 1545.2 1789.6 1740.6 1594.0 1564.3 1650.5 1724.0 1739.6 1712.9 1680.8 1693.4 1686.7 1671.5 1637.2 1678.6 1661.2
-999.0 -999.0 -999.0 -999.0 -999.0 -999.0 -999.0 -999.0 -999.0 -999.0 -999.0 -999.0 -999.0 1664.1 1777.0 1728.6 1590.2 1606.0 1622.4 1755.3 1804.9 1825.8 -999.0 -999.0 1725.8 1795.6 -999.0 -999.0 -999.0 1785.0 1674.7 1681.1 -999.0 1831.5 1676.2 1767.4 1832.0 1792.7 1791.8 1708.7 1721.0 1717.3 1754.8 1716.5 1777.7 1713.8 1729.0 1701.4 1361.2 1575.0 1449.6 1210.8 1504.2 1443.2 1211.8 1674.1 1574.4 1696.6 1608.0 1588.7 1645.2 1693.0 1737.4 1691.9 1692.3 1718.2 1689.5 1699.0 1645.3 1688.5 1677.6
-999.0 -999.0 -999.0 -999.0 -999.0 -999.0 -999.0 -999.0 -999.0 -999.0 -999.0 -999.0 -999.0 -999.0 1792.5 1759.9 1690.7 1669.9 1682.5 1689.6 1625.2 1836.6 -999.0 1832.3 1714.5 1543.6 1650.6 1587.7 1805.6 1797.0 1441.9 1464.7 1565.0 -999.0 1760.0 1712.9 1751.3 1789.3 1779.2 1670.7 1771.6 1868.4 1852.3 1756.0 1718.8 1699.8 1632.1 1629.8 1331.5 1252.6 1284.4 1266.5 1312.4 1219.2 1291.4 1497.8 1659.5 1691.9 1527.1 1523.2 1626.3 1616.4 1704.3 1675.2 1680.0 1711.0 1687.7 1712.1 1665.0 1690.0 1686.8
-999.0 -999.0 -999.0 -999.0 -999.0 -999.0 -999.0 -999.0 -999.0 -999.0 -999.0 -999.0 -999.0 -999.0 -999.0 1801.9 1724.6 1666.7 1737.2 1759.1 1782.9 1833.6 1439.0 966.3 1626.3 1330.3 1333.2 1423.5 1583.9 1731.4 1695.6 1532.3 1393.3 1581.0 1766.7 1788.3 1749.5 1764.2 1705.1 1543.8 1661.8 1861.3 1884.4 1781.0 1713.1 1689.6 1624.7 1569.2 1198.1 1098.9 1233.9 1257.0 1388.3 1449.7 1418.0 1466.3 1623.4 1641.3 1540.1 1563.3 1593.3 1560.6 1653.4 1617.9 1688.3 1696.3 1699.0 1676.9 1579.6 1699.1 1699.3
-999.0 -999.0 -999.0 -999.0 -999.0 -999.0 -999.0 -999.0 -999.0 -999.0 -999.0 -999.0 -999.0 -999.0 -999.0 -999.0 1713.5 1778.0 1785.8 1797.0 1690.6 1494.0 727.8 1137.2 1720.6 1248.5 1508.9 1277.0 1343.3 1586.2 1706.5 1277.8 1481.2 1478.8 1633.9 1791.4 1761.5 1728.8 1726.0 1615.3 1629.0 1742.4 1778.3 1766.9 1697.1 1663.5 1621.9 1433.1 1317.2 1048.3 1203.5 1194.0 1241.3 1531.5 1437.9 1354.3 1483.3 1534.8 1519.9 1561.4 1546.6 1552.0 1624.6 1602.9 1683.3 1703.4 1685.0 1691.2 1668.6 1674.8 1701.7
-999.0 -999.0 -999.0 -999.0 -999.0 -999.0 -999.0 -999.0 -999.0 -999.0 -999.0 -999.0 -999.0 -999.0 -999.0 -999.0 -999.0 1818.8 1798.5 1615.8 1401.0 778.2 704.8 1103.1 1350.8 1363.3 1278.2 1174.9 1185.6 1210.2 1478.5 1593.4 1244.8 1477.9 1606.2 1657.9 1749.4 1753.1 1718.0 1681.4 1661.3 1707.7 1743.3 1714.5 1665.9 1629.6 1565.0 1416.2 1237.1 1142.8 1279.3 1299.9 1218.0 1368.3 1597.7 1376.3 1547.9 1508.7 1483.7 1517.2 1547.6 1582.5 1593.6 1601.2 1682.3 1709.7 1697.9 1719.5 1631.1 1674.8 1704.1
-999.0 -999.0 -999.0 -999.0 -999.0 -999.0 -999.0 -999.0 -999.0 -999.0 -999.0 -999.0 -999.0 -999.0 -999.0 -999.0 -999.0 1834.5 1714.4 1358.2 1212.9 1087.9 867.4 1314.0 1533.5 1344.6 1133.1 1063.9 1024.1 1204.0 1429.3 1595.4 1182.2 1301.5 1553.3 1645.8 1780.3 1768.3 1711.9 1627.0 1641.9 1664.4 1678.8 1690.3 1664.2 1605.1 1436.0 1348.4 1424.2 1117.7 1269.8 1246.4 1182.0 1233.9 1413.6 1513.5 1548.9 1606.4 1504.2 1464.5 1556.5 1586.2 1644.7 1653.7 1707.7 1704.6 1708.9 1710.9 1678.5 1654.9 1695.2
-999.0 -999.0 -999.0 -999.0 -999.0 -999.0 -999.0 -999.0 -999.0 -999.0 -999.0 -999.0 -999.0 -999.0 -999.0 -999.0 -999.0 1834.2 1658.8 1435.0 1447.5 1081.5 1194.4 1435.8 1340.2 1448.9 1287.7 1032.1 1135.3 1038.5 1230.5 1489.2 1225.6 1256.7 1380.7 1705.4 1759.4 1779.9 1683.9 1586.2 1598.5 1646.5 1663.0 1671.4 1638.8 1510.7 1441.1 1446.5 1423.0 1268.4 1294.0 1307.0 1325.7 1408.5 1427.0 1382.9 1611.6 1546.0 1547.2 1596.1 1577.4 1628.2 1596.4 1705.5 1718.6 1708.7 1720.2 1715.2 1608.8 1692.6 1712.2
-999.0 -999.0 -999.0 -999.0 -999.0 -999.0 -999.0 -999.0 -999.0 -999.0 -999.0 -999.0 -999.0 -999.0 -999.0 -999.0 1814.7 1101.7 1540.1 1402.7 1250.8 1546.8 864.7 1029.8 1098.3 1207.5 1020.6 1186.3 1137.0 1247.9 1363.2 1263.7 1074.9 1266.9 1390.1 1694.9 1776.8 1794.0 1642.4 1619.4 1648.0 1646.0 1672.3 1644.6 1543.1 1555.2 1542.7 1381.4 1292.0 1495.8 1204.8 1260.3 1468.2 1438.0 1496.8 1540.8 1563.2 1619.5 1635.9 1709.8 1621.8 1674.5 1721.0 1634.0 1725.7 1715.8 1703.3 1701.0 1619.0 1696.1 1720.5
-999.0 -999.0 -999.0 -999.0 -999.0 -999.0 -999.0 -999.0 -999.0 -999.0 -999.0 -999.0 -999.0 -999.0 1804.0 1754.6 1436.6 1506.8 1649.8 1632.2 1456.6 1658.1 1449.7 1314.9 1073.7 1079.9 975.8 1081.0 1044.5 1408.4 1263.4 1293.8 1524.8 1526.7 1629.6 1634.9 1717.7 1741.6 1638.5 1617.0 1615.6 1647.6 1618.9 1503.7 1562.7 1526.5 1573.6 1423.0 1359.6 1399.1 1468.5 1536.7 1436.0 1489.8 1539.2 1558.7 1615.5 1625.7 1695.2 1720.8 1744.6 1780.4 1757.5 1722.9 1714.4 1687.6 1709.6 1696.2 1620.3 1685.5 1723.5
-999.0 -999.0 -999.0 -999.0 -999.0 -999.0 -999.0 -999.0 -999.0 -999.0 -999.0 -999.0 -999.0 1763.8 1703.1 1695.9 1695.5 1751.5 1808.2 1783.2 1800.5 1770.2 1516.4 1360.8 1221.0 779.6 1196.6 1301.5 1277.5 1488.6 1100.0 1050.9 1141.4 1434.9 1601.8 1613.4 1643.2 1664.4 1624.5 1575.3 1608.3 1604.7 1579.5 1511.5 1472.2 1557.5 1542.1 1421.2 1433.7 1469.0 1495.9 1504.3 1502.7 1597.1 1581.1 1625.4 1771.3 1683.6 1714.3 1779.7 1838.7 1808.3 1725.4 1725.3 1706.6 1685.4 1674.7 1671.6 1573.2 1632.7 1694.3
-999.0 -999.0 -999.0 -999.0 -999.0 -999.0 -999.0 -999.0 -999.0 -999.0 -999.0 -999.0 1789.5 1603.6 1625.5 1666.4 -999.0 -999.0 -999.0 -999.0 1819.0 1287.7 1280.8 1268.4 1135.7 1226.7 1286.7 1042.1 1099.3 1251.4 734.6 890.8 1099.5 1194.6 1482.1 1678.3 1647.7 1624.8 1637.9 1616.2 1620.6 1619.3 1559.4 1583.0 1461.0 1516.8 1511.7 1496.1 1487.9 1494.2 1523.4 1604.3 1610.0 1631.8 1663.9 1705.1 1775.6 1781.7 1764.9 1775.6 1780.5 1761.9 1734.4 1713.5 1655.5 1619.9 1615.4 1629.3 1583.0 1615.2 1638.0
-999.0 -999.0 -999.0 -999.0 -999.0 -999.0 -999.0 -999.0 -999.0 -999.0 -999.0 -999.0 1752.2 1490.5 1746.1 1801.7 -999.0 -999.0 -999.0 -999.0 1875.9 1457.0 1180.7 1470.4 1118.9 1132.6 1150.2 959.9 908.3 1136.3 900.0 1338.6 1313.5 1434.1 1565.3 1691.0 1683.4 1633.5 1624.1 1592.1 1552.2 1621.1 1552.3 1560.6 1542.4 1480.9 1551.3 1536.5 1599.3 1550.9 1506.1 1502.0 1521.0 1637.1 1683.8 1711.4 1735.0 1692.8 1721.3 1715.9 1698.7 1694.0 1611.1 1641.5 1512.7 1522.7 1525.2 1602.8 1585.4 1613.7 1635.5
-999.0 -999.0 -999.0 -999.0 -999.0 -999.0 -999.0 -999.0 -999.0 -999.0 -999.0 -999.0 -999.0 -999.0 -999.0 -999.0 -999.0 -999.0 -999.0 -999.0 1877.5 1384.6 1349.6 1478.1 1269.2 1389.2 952.9 996.0 1317.1 1129.9 1179.0 1317.0 1329.6 1546.6 1651.1 1724.3 1620.2 1620.6 1607.1 1619.4 1647.1 1633.5 1611.0 1598.5 1577.7 1540.1 1586.7 1607.3 1605.0 1579.9 1610.6 1573.3 1559.5 1688.5 1588.0 1532.2 1625.2 1626.9 1648.5 1703.7 1650.9 1571.3 1467.3 1492.5 1556.0 1552.5 1526.1 1583.8 1574.6 1614.6 1621.5
-999.0 -999.0 -999.0 -999.0 -999.0 -999.0 -999.0 -999.0 -999.0 -999.0 -999.0 -999.0 -999.0 -999.0 -999.0 -999.0 -999.0 -999.0 -999.0 -999.0 -999.0 1390.5 1848.3 1706.3 1389.9 1057.7 1120.6 1014.7 1049.7 1355.2 1324.7 1293.0 1580.2 1631.2 1711.2 1707.9 1670.3 1623.6 1636.9 1650.8 1663.4 1665.8 1650.0 1613.5 1616.8 1564.1 1577.8 1623.7 1491.8 1560.7 1656.5 1665.5 1658.1 1646.3 1652.8 1557.9 1542.6 1594.3 1524.9 1649.3 1659.7 1553.6 1556.1 1532.9 1558.2 1612.1 1557.1 1583.2 1613.3 1657.5 1631.3
-999.0 -999.0 -999.0 -999.0 -999.0 -999.0 -999.0 -999.0 -999.0 -999.0 -999.0 -999.0 -999.0 -999.0 -999.0 -999.0 -999.0 -999.0 -999.0 -999.0 -999.0 1669.5 1241.7 1158.9 1281.5 1299.7 1354.0 1197.7 1350.9 1341.1 1518.6 1666.1 1510.6 1674.6 1705.4 1555.3 1584.0 1601.3 1643.9 1691.8 1701.4 1628.0 1642.9 1549.7 1556.1 1561.4 1581.3 1632.4 1506.4 1484.4 1598.7 1657.4 1682.2 1663.5 1648.2 1616.7 1574.8 1534.0 1409.0 1533.3 1670.2 1622.5 1554.3 1480.6 1457.8 1516.5 1606.7 1595.5 1643.6 1680.3 1711.0
-999.0 -999.0 -999.0 -999.0 -999.0 -999.0 -999.0 -999.0 -999.0 -999.0 -999.0 -999.0 -999.0 -999.0 -999.0 -999.0 -999.0 -999.0 -999.0 -999.0 1718.0 1559.2 1643.3 1066.4 1405.3 1460.7 1270.1 1301.7 1413.3 1227.3 1565.4 1702.9 1495.0 1736.1 1258.9 1467.7 1600.0 1609.5 1539.1 1648.8 1657.5 1430.1 1462.1 1525.0 1619.1 1576.7 1592.8 1638.7 1613.6 1604.2 1637.2 1669.0 1669.9 1670.9 1656.6 1600.6 1605.2 1519.9 1549.4 1626.7 1655.6 1597.6 1527.7 1459.4 1439.4 1498.9 1621.7 1638.7 1685.0 1729.8 1757.9
-999.0 -999.0 -999.0 -999.0 -999.0 -999.0 -999.0 -999.0 -999.0 -999.0 -999.0 -999.0 -999.0 -999.0 -999.0 -999.0 -999.0 -999.0 -999.0 -999.0 1904.6 1673.9 1146.3 1515.1 1792.0 1553.4 1486.7 1334.7 1201.4 1253.5 1546.7 1659.5 1618.9 1683.9 1575.2 1519.2 1448.5 1442.0 1598.3 1581.3 1578.3 1545.8 1508.1 1605.1 1624.8 1581.4 1609.1 1616.4 1634.4 1686.7 1672.8 1674.0 1673.8 1667.7 1670.6 1647.3 1636.1 1571.3 1560.7 1618.7 1625.1 1547.4 1458.0 1401.4 1494.0 1502.3 1550.6 1625.8 1723.1 1695.0 1779.4
-999.0 -999.0 -999.0 -999.0 -999.0 -999.0 -999.0 -999.0 -999.0 -999.0 -999.0 -999.0 -999.0 -999.0 -999.0 -999.0 -999.0 -999.0 -999.0 -999.0 1966.2 1560.2 1827.5 1587.6 1598.5 1456.6 1432.5 1098.4 1254.5 1183.6 1426.2 1550.7 1678.1 1677.9 1582.2 1362.1 1257.3 1167.3 1511.4 1394.2 1495.7 1493.9 1525.5 1655.2 1629.6 1618.2 1647.6 1655.2 1719.4 1730.6 1637.2 1649.8 1689.1 1667.8 1583.1 1681.2 1652.6 1616.7 1620.7 1654.4 1628.1 1541.2 1501.1 1502.1 1540.5 1572.2 1659.8 1682.2 1669.0 1696.1 1768.3
-999.0 -999.0 -999.0 -999.0 -999.0 -999.0 -999.0 -999.0 -999.0 -999.0 -999.0 -999.0 -999.0 -999.0 -999.0 -999.0 -999.0 -999.0 -999.0 -999.0 -999.0 1757.3 1492.0 1304.3 1118.8 1021.8 1208.5 1222.5 1380.5 1598.2 1613.4 1654.8 1593.3 1577.0 1617.4 1489.0 1472.6 1233.0 1391.2 1472.7 1502.4 1422.3 1469.2 1639.6 1569.3 1662.2 1713.1 1597.9 1754.3 1766.4 1762.1 1706.9 1717.6 1694.0 1572.8 1623.9 1678.0 1625.5 1638.4 1646.9 1602.8 1530.0 1558.5 1586.5 1649.2 1633.8 1718.1 1633.4 1642.9 1730.0 1758.6
