GDD/GrowingDegreeDays_1964_Actual.txt
ncols         180
nrows         290
xllcorner     -200000
yllcorner     -200000
cellsize      5000
NODATA_value    -999
[rows 96 to 127 of 290, columns 71 to 141 of 180]
1157.8 1187.5 1328.4 1406.8 1056.7 1326.3 733.5 769.2 1042.4 1296.8 868.5 528.6 527.8 462.8 685.9 770.8 819.3 577.8 649.7 539.4 506.1 761.5 757.4 777.0 1003.0 909.7 1071.8 846.7 667.9 729.7 662.5 780.3 824.5 735.2 682.3 786.0 850.3 742.0 742.8 1047.3 1158.9 1266.4 1291.4 1109.7 1185.6 -999.0 -999.0 -999.0 -999.0 -999.0 -999.0 -999.0 -999.0 -999.0 -999.0 -999.0 -999.0 -999.0 -999.0 -999.0 -999.0 -999.0 -999.0 -999.0 -999.0 -999.0 -999.0 -999.0 -999.0 -999.0 -999.0
1127.2 980.5 1360.0 1406.9 1052.0 1237.4 891.1 1050.5 1281.2 1329.0 960.3 614.1 1267.7 630.7 806.2 662.0 843.8 638.8 883.0 733.8 834.1 837.2 459.6 834.3 814.5 923.3 978.0 1017.1 695.9 838.2 929.8 875.2 679.5 846.4 764.0 914.3 872.4 922.5 1019.8 1180.7 1179.2 1172.7 1233.7 1354.3 -999.0 -999.0 -999.0 -999.0 -999.0 -999.0 -999.0 -999.0 -999.0 -999.0 -999.0 -999.0 -999.0 -999.0 -999.0 -999.0 -999.0 -999.0 -999.0 -999.0 -999.0 -999.0 -999.0 -999.0 -999.0 -999.0 -999.0
1179.6 1359.8 871.8 1038.0 980.3 717.2 541.3 1315.7 1417.5 638.8 1087.1 1165.8 610.8 765.0 577.4 763.9 595.2 950.6 1041.9 1113.9 1111.4 1108.1 1035.0 790.8 1017.9 863.7 815.8 1059.3 915.9 806.4 982.5 985.0 872.8 883.5 981.2 900.3 985.1 1153.5 1223.1 1261.0 1170.5 1250.8 1328.7 1334.4 -999.0 -999.0 -999.0 -999.0 -999.0 -999.0 -999.0 -999.0 -999.0 -999.0 -999.0 -999.0 -999.0 -999.0 -999.0 -999.0 -999.0 -999.0 -999.0 -999.0 -999.0 -999.0 -999.0 -999.0 -999.0 -999.0 -999.0
1145.3 846.8 1156.3 981.0 940.1 1349.2 1372.1 -999.0 1164.2 620.6 789.3 534.2 924.0 1058.6 830.3 914.0 942.6 931.5 883.2 829.0 771.3 671.6 429.3 599.8 814.3 805.6 1078.5 1190.6 1291.1 906.0 838.3 1011.2 1013.1 987.0 1128.6 1090.1 1140.2 1222.3 1222.0 1206.6 1193.3 1136.8 1159.3 -999.0 -999.0 -999.0 -999.0 -999.0 -999.0 -999.0 -999.0 -999.0 -999.0 -999.0 -999.0 -999.0 -999.0 -999.0 -999.0 -999.0 -999.0 -999.0 -999.0 -999.0 -999.0 -999.0 -999.0 -999.0 -999.0 -999.0 -999.0
1413.7 1185.1 1075.5 1178.5 887.4 1269.8 -999.0 1416.0 1206.7 1401.1 998.2 1150.2 809.3 435.9 834.0 749.5 887.8 658.8 515.8 615.2 806.4 1116.3 1033.6 1136.7 895.9 970.5 977.3 874.7 948.8 985.3 939.1 1058.6 1178.2 1169.4 1251.9 1247.0 1180.3 1145.6 1174.8 1178.9 1174.5 1265.8 1257.8 -999.0 -999.0 -999.0 -999.0 -999.0 -999.0 -999.0 -999.0 -999.0 -999.0 -999.0 -999.0 -999.0 -999.0 -999.0 -999.0 -999.0 -999.0 -999.0 -999.0 -999.0 -999.0 -999.0 -999.0 -999.0 -999.0 -999.0 -999.0
1369.6 1237.3 1427.1 1054.2 1337.2 -999.0 1459.0 1432.4 1282.5 472.3 826.9 337.2 758.7 954.8 1054.6 757.8 707.8 820.5 671.3 892.3 710.0 610.4 738.6 1164.6 895.7 731.2 687.6 899.0 902.9 1301.7 1112.0 1259.1 1305.1 1321.9 1296.3 1061.4 1062.5 1057.1 1090.4 1086.9 1170.4 1264.6 1348.9 -999.0 -999.0 -999.0 -999.0 -999.0 -999.0 -999.0 -999.0 -999.0 -999.0 -999.0 -999.0 -999.0 -999.0 -999.0 -999.0 -999.0 -999.0 -999.0 -999.0 -999.0 -999.0 -999.0 -999.0 -999.0 -999.0 -999.0 -999.0
1395.8 1334.5 754.3 1440.3 -999.0 1491.1 -999.0 1084.0 943.4 765.2 1378.9 563.4 816.3 764.0 913.3 387.6 807.3 392.1 827.8 903.6 522.3 1001.8 1353.0 841.8 558.5 517.2 964.6 973.4 954.0 1053.0 1211.5 1279.4 1288.3 1276.6 988.0 1136.2 1164.1 1221.4 1183.6 1195.6 1306.9 1358.4 -999.0 -999.0 -999.0 -999.0 -999.0 -999.0 -999.0 -999.0 -999.0 -999.0 -999.0 -999.0 -999.0 -999.0 -999.0 -999.0 -999.0 -999.0 -999.0 -999.0 -999.0 -999.0 -999.0 -999.0 -999.0 -999.0 -999.0 -999.0 -999.0
584.3 703.0 1016.1 1439.9 -999.0 -999.0 1378.5 1347.2 1374.8 1312.1 961.1 503.6 1170.5 950.5 436.3 704.0 703.6 506.9 507.1 705.8 1231.4 742.4 738.3 563.9 693.5 878.0 653.5 651.1 955.3 1153.7 1309.6 1300.8 1188.5 949.5 1168.7 1273.0 1276.8 1423.9 1372.1 1289.2 -999.0 -999.0 -999.0 -999.0 -999.0 -999.0 -999.0 -999.0 -999.0 -999.0 -999.0 -999.0 -999.0 -999.0 -999.0 -999.0 -999.0 -999.0 -999.0 -999.0 -999.0 -999.0 -999.0 -999.0 -999.0 -999.0 -999.0 -999.0 -999.0 -999.0 -999.0
830.2 1122.0 1313.2 1438.8 -999.0 1473.0 1326.9 1169.6 985.1 1192.3 968.9 1280.1 1282.4 1030.3 767.2 841.6 990.7 1052.6 989.2 843.6 636.6 998.2 797.0 860.1 722.0 656.6 862.0 922.0 1102.2 1250.5 1327.4 1332.4 1134.4 1207.1 1366.8 1379.5 1432.8 1409.9 1402.2 -999.0 -999.0 -999.0 -999.0 -999.0 -999.0 -999.0 -999.0 -999.0 -999.0 -999.0 -999.0 -999.0 -999.0 -999.0 -999.0 -999.0 -999.0 -999.0 -999.0 -999.0 -999.0 -999.0 -999.0 -999.0 -999.0 -999.0 -999.0 -999.0 -999.0 -999.0 -999.0
1295.8 1028.8 1283.6 -999.0 -999.0 1440.5 992.6 1107.0 918.2 1167.7 1332.0 1102.1 748.9 741.2 830.4 921.2 835.7 632.8 994.9 845.3 1169.2 1021.1 786.9 1071.8 1296.6 1324.5 1214.0 1280.2 1331.0 1303.2 1312.1 1442.0 1316.4 1370.4 1416.1 1272.4 1351.3 1288.1 1345.4 -999.0 -999.0 -999.0 -999.0 -999.0 -999.0 -999.0 -999.0 -999.0 -999.0 -999.0 -999.0 -999.0 -999.0 -999.0 -999.0 -999.0 -999.0 -999.0 -999.0 -999.0 -999.0 -999.0 -999.0 -999.0 -999.0 -999.0 -999.0 -999.0 -999.0 -999.0 -999.0
-999.0 -999.0 -999.0 -999.0 1465.3 1097.8 1070.3 976.8 1062.8 983.8 745.8 798.7 623.9 1039.9 758.7 1245.9 683.4 1185.7 603.0 1099.6 889.1 553.8 954.1 1139.9 1013.5 1136.4 1344.7 1310.3 1378.8 1436.5 1378.4 1454.0 1441.9 1341.0 1348.3 1346.8 1316.2 1357.1 1323.1 1406.9 -999.0 -999.0 -999.0 -999.0 -999.0 -999.0 -999.0 -999.0 -999.0 -999.0 -999.0 -999.0 -999.0 -999.0 -999.0 -999.0 -999.0 -999.0 -999.0 -999.0 -999.0 -999.0 -999.0 -999.0 -999.0 -999.0 -999.0 -999.0 -999.0 -999.0 -999.0
-999.0 -999.0 -999.0 -999.0 1418.4 1404.9 1059.2 954.7 1312.1 880.0 1123.6 1321.5 947.1 749.8 822.7 1413.8 752.9 851.4 816.1 1067.8 762.7 916.1 846.0 695.7 961.7 1065.0 1141.9 1224.4 1231.5 1175.8 1145.6 1060.5 1115.2 1286.0 1395.0 1358.5 1197.4 1301.1 1173.1 1244.8 1294.5 -999.0 -999.0 -999.0 -999.0 -999.0 -999.0 -999.0 -999.0 -999.0 -999.0 -999.0 -999.0 -999.0 -999.0 -999.0 -999.0 -999.0 -999.0 -999.0 -999.0 -999.0 -999.0 -999.0 -999.0 -999.0 -999.0 -999.0 -999.0 -999.0 -999.0
-999.0 -999.0 -999.0 1475.6 1419.1 1335.1 1013.6 1198.1 997.4 1008.9 1163.9 1361.5 897.5 848.0 644.4 1331.8 854.6 1001.8 970.3 1055.8 935.6 1331.2 1175.6 1103.5 1135.1 1285.0 1129.8 978.7 799.8 885.2 951.1 1071.9 1182.6 1111.7 1372.5 1243.7 1191.6 1182.4 1186.1 1219.4 1273.7 1358.2 -999.0 -999.0 -999.0 -999.0 -999.0 -999.0 -999.0 -999.0 -999.0 -999.0 -999.0 -999.0 -999.0 -999.0 -999.0 -999.0 -999.0 -999.0 -999.0 -999.0 -999.0 -999.0 -999.0 -999.0 -999.0 -999.0 -999.0 -999.0 -999.0
-999.0 -999.0 1472.8 -999.0 1369.5 1208.9 1309.5 982.8 859.2 1332.9 1439.6 1099.4 725.4 987.1 1473.1 1254.5 488.0 1212.8 1219.1 1134.2 1094.1 1256.2 1301.8 1384.9 1334.9 1070.7 754.8 795.0 930.3 1005.2 1158.0 1188.7 1215.0 1152.0 1252.6 1259.9 1360.9 1440.2 1436.8 1430.1 1426.8 -999.0 -999.0 -999.0 -999.0 -999.0 -999.0 -999.0 -999.0 -999.0 -999.0 -999.0 -999.0 -999.0 -999.0 -999.0 -999.0 -999.0 -999.0 -999.0 -999.0 -999.0 -999.0 -999.0 -999.0 -999.0 -999.0 -999.0 -999.0 -999.0 -999.0
-999.0 1480.7 1113.4 -999.0 1424.5 1378.3 1250.1 1220.2 1249.9 1249.0 853.3 1357.3 870.3 833.3 858.6 1159.2 1365.5 732.3 1185.6 1356.8 1429.0 1433.7 1454.7 1487.1 1509.6 1176.4 1362.0 1387.4 1377.0 1230.3 1111.7 1202.8 1209.7 1283.4 1345.5 1343.9 1456.0 -999.0 -999.0 -999.0 -999.0 -999.0 -999.0 -999.0 -999.0 -999.0 -999.0 -999.0 -999.0 -999.0 -999.0 -999.0 -999.0 -999.0 -999.0 -999.0 -999.0 -999.0 -999.0 -999.0 -999.0 -999.0 -999.0 -999.0 -999.0 -999.0 -999.0 -999.0 -999.0 -999.0 -999.0
1449.1 1237.5 1338.4 -999.0 1095.1 1395.2 1162.8 1278.4 1465.3 930.5 937.7 801.9 763.7 1420.1 924.6 950.4 1461.9 1168.5 1101.8 1288.8 1263.9 1201.7 1145.8 1089.0 1473.0 1512.1 1504.9 1437.8 1349.1 1249.8 1139.2 1202.7 1219.6 1235.0 1362.9 -999.0 -999.0 -999.0 -999.0 -999.0 -999.0 -999.0 -999.0 -999.0 -999.0 -999.0 -999.0 -999.0 -999.0 -999.0 -999.0 -999.0 -999.0 -999.0 -999.0 -999.0 -999.0 -999.0 -999.0 -999.0 -999.0 -999.0 -999.0 -999.0 -999.0 -999.0 -999.0 -999.0 -999.0 -999.0 -999.0
835.0 1246.1 -999.0 1402.8 1374.2 1031.0 1283.3 1438.5 939.2 1191.3 865.6 785.5 1051.9 1249.5 957.0 982.3 1544.7 1527.4 1469.3 1382.2 1273.9 1204.6 993.7 911.4 1227.5 1393.4 1503.7 1537.9 1417.5 1394.8 1331.5 1312.3 1161.3 1194.8 1428.2 -999.0 -999.0 -999.0 -999.0 -999.0 -999.0 -999.0 -999.0 -999.0 -999.0 -999.0 -999.0 -999.0 -999.0 -999.0 -999.0 -999.0 -999.0 -999.0 -999.0 -999.0 -999.0 -999.0 -999.0 -999.0 -999.0 -999.0 -999.0 -999.0 -999.0 -999.0 -999.0 -999.0 -999.0 -999.0 -999.0
1487.5 1491.1 -999.0 1463.4 872.3 1195.0 -999.0 1341.3 993.5 1169.1 938.5 1026.2 991.2 1473.1 1494.7 1327.9 1429.2 1416.7 1274.6 1405.5 778.7 794.6 909.3 932.2 1196.9 1441.1 1470.8 1570.0 1588.3 1512.4 1474.8 1406.2 1441.3 -999.0 -999.0 -999.0 -999.0 -999.0 1389.4 1390.7 1381.6 1466.9 -999.0 -999.0 -999.0 -999.0 -999.0 -999.0 -999.0 -999.0 -999.0 -999.0 -999.0 -999.0 -999.0 -999.0 -999.0 -999.0 -999.0 -999.0 -999.0 -999.0 -999.0 -999.0 -999.0 -999.0 -999.0 -999.0 -999.0 -999.0 -999.0
1278.1 -999.0 -999.0 1107.2 1420.9 955.4 -999.0 1366.2 903.9 1229.3 1441.2 806.3 1470.7 1603.0 1607.5 1542.6 1371.0 1212.8 1000.2 1243.5 1216.3 1306.3 1294.6 1333.4 1286.0 1289.3 1298.1 1383.9 1469.2 1388.8 1329.6 1363.7 1457.7 1492.9 1514.5 -999.0 -999.0 1483.8 1398.7 1308.8 1389.1 1410.5 1433.2 1476.7 -999.0 -999.0 -999.0 -999.0 -999.0 -999.0 -999.0 -999.0 -999.0 -999.0 -999.0 -999.0 -999.0 -999.0 -999.0 -999.0 -999.0 -999.0 -999.0 -999.0 -999.0 -999.0 -999.0 -999.0 -999.0 -999.0 -999.0
1603.2 -999.0 -999.0 1486.1 1196.6 1029.3 1459.5 1209.0 1382.7 1249.8 1174.0 1105.9 1526.0 1428.6 1228.7 1232.5 1236.5 1404.4 1406.8 1378.4 1417.4 1358.1 1356.8 1348.6 1289.5 1196.8 1204.1 1279.4 1164.3 1127.5 1300.2 1365.7 1390.5 1437.2 1436.4 1488.8 1447.5 1352.5 1317.1 1354.6 1290.9 1135.6 1176.9 1111.8 1428.7 -999.0 -999.0 -999.0 -999.0 -999.0 -999.0 -999.0 -999.0 -999.0 -999.0 -999.0 -999.0 -999.0 -999.0 -999.0 -999.0 -999.0 -999.0 -999.0 -999.0 -999.0 -999.0 -999.0 -999.0 -999.0 -999.0
-999.0 -999.0 -999.0 1284.7 937.4 1258.9 1156.0 1474.5 1229.3 1315.0 1500.8 1526.6 -999.0 1198.6 936.1 1219.2 1316.6 1422.1 1410.4 1503.3 1550.3 1363.9 1381.6 1338.3 1170.1 1116.6 1099.3 1167.9 1202.3 1194.8 1257.9 1260.6 1258.4 1208.9 1345.2 1424.1 1266.7 1298.2 1251.8 1268.1 1146.6 1010.3 1000.1 969.1 1138.0 1110.7 1105.6 1437.2 -999.0 -999.0 -999.0 -999.0 -999.0 -999.0 -999.0 -999.0 -999.0 -999.0 -999.0 -999.0 -999.0 -999.0 -999.0 -999.0 -999.0 -999.0 -999.0 -999.0 -999.0 -999.0 -999.0
-999.0 -999.0 -999.0 1286.7 1323.2 1403.6 981.3 1509.7 -999.0 1529.1 1409.4 1545.7 -999.0 1127.1 802.1 1118.7 1187.5 1375.9 1485.9 1486.0 1502.7 1568.8 1505.4 1421.6 1304.7 1085.2 1056.5 1052.6 1134.5 1126.4 1064.8 1041.9 951.3 1077.2 1292.8 1359.2 1228.4 1204.3 1164.4 859.3 816.8 973.5 987.9 1064.5 1099.9 1099.9 1278.1 1316.2 -999.0 -999.0 -999.0 -999.0 -999.0 -999.0 -999.0 -999.0 -999.0 -999.0 -999.0 -999.0 -999.0 -999.0 -999.0 -999.0 -999.0 -999.0 -999.0 -999.0 -999.0 -999.0 -999.0
-999.0 -999.0 -999.0 -999.0 1326.8 1162.3 1310.2 1538.7 -999.0 -999.0 1490.7 1574.3 1444.2 1172.6 965.1 1280.9 1211.2 1097.7 1249.3 1303.3 1388.7 1243.6 1415.5 1507.3 1388.4 1259.3 1106.4 1035.8 933.9 1021.8 897.9 884.7 1017.3 1121.5 1107.3 1155.1 1101.7 1013.4 947.8 977.6 851.9 966.1 1025.7 1070.7 1311.1 1303.9 1212.0 1206.6 1270.4 -999.0 -999.0 -999.0 -999.0 -999.0 -999.0 -999.0 -999.0 -999.0 -999.0 -999.0 -999.0 -999.0 -999.0 -999.0 -999.0 -999.0 -999.0 -999.0 -999.0 -999.0 -999.0
-999.0 -999.0 -999.0 1521.1 1252.1 1195.2 -999.0 -999.0 -999.0 -999.0 -999.0 1583.4 1562.8 1144.4 1225.4 1397.2 1248.9 1116.0 1048.3 1144.8 1239.8 1194.0 1186.5 1305.8 1414.3 1228.5 1052.7 1086.0 1058.1 1021.2 912.6 968.4 1049.3 1035.4 1045.7 860.6 900.9 1011.5 1040.4 1132.6 1009.8 1042.4 1116.4 1113.9 1297.5 1336.9 1327.2 1330.8 1372.7 -999.0 -999.0 -999.0 -999.0 -999.0 -999.0 -999.0 -999.0 -999.0 -999.0 -999.0 -999.0 -999.0 -999.0 -999.0 -999.0 -999.0 -999.0 -999.0 -999.0 -999.0 -999.0
-999.0 1583.5 -999.0 1143.9 1249.0 1460.6 1513.1 1219.0 1129.4 -999.0 -999.0 -999.0 1572.2 1334.9 1361.5 1365.9 1331.2 1230.2 1093.2 1032.6 1000.3 992.0 1093.4 1136.4 1216.7 1402.8 1098.1 1131.9 1102.6 1095.5 1140.7 1140.0 950.1 1030.1 842.3 682.4 775.6 937.3 964.5 1170.0 1130.5 1156.9 1163.2 1179.4 1320.6 1343.7 1363.4 1333.1 1306.0 1327.1 -999.0 -999.0 -999.0 -999.0 -999.0 -999.0 -999.0 -999.0 -999.0 -999.0 -999.0 -999.0 -999.0 -999.0 -999.0 -999.0 -999.0 -999.0 -999.0 -999.0 -999.0
-999.0 -999.0 1533.0 1095.9 1229.2 1502.7 1175.9 983.2 887.2 1462.7 -999.0 -999.0 -999.0 1542.8 1479.6 1479.6 1420.8 1356.1 1285.9 1107.9 1051.6 1051.1 1133.7 1151.4 1155.0 1159.6 1213.0 1182.7 1145.6 1016.1 1079.4 918.7 1159.1 1023.5 1037.5 1040.1 796.1 837.2 1018.2 1109.6 1227.2 1259.8 1266.1 1276.4 1340.5 1349.5 1391.2 1322.6 1262.9 1303.6 1337.8 -999.0 -999.0 -999.0 -999.0 -999.0 -999.0 -999.0 -999.0 -999.0 -999.0 -999.0 -999.0 -999.0 -999.0 -999.0 -999.0 -999.0 -999.0 -999.0 -999.0
-999.0 -999.0 1389.4 1207.0 1050.2 1511.1 1509.5 1104.3 1022.2 1539.0 -999.0 -999.0 -999.0 -999.0 -999.0 1495.1 1466.4 1467.2 1436.5 1332.5 1243.6 1097.3 919.0 957.1 1073.5 1139.0 1214.8 1129.8 1115.5 1075.2 1141.4 972.0 1184.9 1065.6 973.4 1073.9 1270.9 1168.5 1249.3 1178.7 1311.8 1243.5 1293.2 1413.1 1432.4 1419.2 1389.7 1390.1 1214.4 1203.2 1251.1 1297.3 -999.0 -999.0 -999.0 -999.0 -999.0 -999.0 -999.0 -999.0 -999.0 -999.0 -999.0 -999.0 -999.0 -999.0 -999.0 -999.0 -999.0 -999.0 -999.0
-999.0 -999.0 1294.2 1084.0 1194.2 -999.0 1523.2 1404.6 836.4 1368.9 -999.0 -999.0 -999.0 -999.0 -999.0 1500.1 1407.5 1283.0 1355.6 1177.9 990.2 1006.5 883.7 866.1 937.9 1099.4 1041.8 1103.6 1131.8 987.2 963.9 1246.9 638.0 994.9 794.9 1030.8 922.8 995.7 1308.6 1167.2 1289.5 1357.8 1393.2 1372.0 1283.9 1244.6 1307.3 1257.0 1365.2 1208.7 1071.1 1218.0 1176.4 1242.4 -999.0 -999.0 -999.0 -999.0 -999.0 -999.0 -999.0 -999.0 -999.0 -999.0 -999.0 -999.0 -999.0 -999.0 -999.0 -999.0 -999.0
-999.0 -999.0 1305.8 1282.1 1473.3 -999.0 -999.0 1171.8 911.0 1057.3 -999.0 -999.0 -999.0 -999.0 -999.0 1512.1 1470.0 1315.0 1324.4 1242.9 1090.4 1172.0 1074.1 1063.2 941.7 1034.6 1034.7 1075.5 915.1 683.3 845.7 977.7 565.2 669.0 946.0 927.6 1096.7 1272.8 1207.8 1171.6 1282.2 1263.4 1271.8 1373.0 1324.4 1321.4 1190.5 971.4 1114.2 1163.2 1110.2 1076.6 1187.4 1236.0 -999.0 -999.0 -999.0 -999.0 -999.0 -999.0 -999.0 -999.0 -999.0 -999.0 -999.0 -999.0 -999.0 -999.0 -999.0 -999.0 -999.0
-999.0 -999.0 1418.2 1384.5 -999.0 -999.0 -999.0 1497.8 1300.8 1233.4 -999.0 -999.0 -999.0 -999.0 -999.0 1498.5 1441.8 1348.2 1310.7 1270.7 1197.1 1100.2 867.6 794.7 961.4 923.8 1106.2 1088.7 1052.0 832.3 1073.8 738.0 811.0 922.2 848.2 832.1 1177.1 1068.6 1228.3 1166.1 1194.2 1360.2 1268.2 1221.3 1225.1 1282.6 904.9 866.8 900.2 1158.6 1123.6 1101.4 1169.6 1213.5 -999.0 -999.0 -999.0 -999.0 -999.0 -999.0 -999.0 -999.0 -999.0 -999.0 -999.0 -999.0 -999.0 -999.0 -999.0 -999.0 -999.0
-999.0 1188.9 1248.7 1041.2 1593.7 -999.0 -999.0 -999.0 -999.0 -999.0 -999.0 -999.0 -999.0 -999.0 1373.0 1391.6 1294.4 1286.5 1246.3 1162.4 1182.2 1045.3 1001.7 866.4 999.1 1046.7 918.0 978.5 831.0 778.2 793.3 628.4 676.1 964.0 899.0 866.4 971.2 1096.7 1087.4 1261.2 1199.4 1158.0 1296.4 1180.6 1186.7 1002.2 969.9 790.1 903.3 1194.8 1210.9 1257.8 1186.2 1235.5 -999.0 -999.0 -999.0 -999.0 -999.0 -999.0 -999.0 -999.0 -999.0 -999.0 -999.0 -999.0 -999.0 -999.0 -999.0 -999.0 -999.0
-999.0 1102.4 1117.3 1262.2 1576.8 -999.0 -999.0 -999.0 -999.0 -999.0 -999.0 -999.0 -999.0 -999.0 1134.1 1392.4 1261.7 1118.8 1017.5 1038.3 1115.4 1112.1 1077.6 1217.7 1110.6 897.2 889.3 953.1 935.3 1023.3 1121.9 661.6 970.6 929.7 960.5 949.5 1016.0 1125.8 1274.0 1103.9 1179.3 1181.0 1197.9 1142.7 1007.7 928.9 1003.4 921.1 952.1 1208.6 1327.1 1318.0 1165.6 1325.3 -999.0 -999.0 -999.0 -999.0 -999.0 -999.0 -999.0 -999.0 -999.0 -999.0 -999.0 -999.0 -999.0 -999.0 -999.0 -999.0 -999.0
