GDD/GrowingDegreeDays_1974_Actual.txt
ncols         180
nrows         290
xllcorner     -200000
yllcorner     -200000
cellsize      5000
NODATA_value    -999
[rows 192 to 223 of 290, columns 72 to 143 of 180]
-999.0 -999.0 -999.0 -999.0 -999.0 -999.0 -999.0 -999.0 -999.0 -999.0 -999.0 -999.0 -999.0 -999.0 -999.0 -999.0 -999.0 -999.0 -999.0 -999.0 1494.4 1164.7 967.4 827.7 666.2 768.2 998.7 1230.3 1371.6 1229.9 1042.9 930.9 865.2 1119.7 1311.3 1278.0 1177.2 1194.6 1360.3 1124.7 1230.6 1256.8 1404.9 1361.4 1491.0 1570.3 1561.8 1479.3 1512.1 1564.8 1564.6 1551.0 1532.1 1444.0 1493.0 1514.1 1466.8 1395.0 1361.7 1343.2 1301.0 1364.2 1402.2 1317.8 1354.4 1385.9 1426.4 1435.1 1531.1 1528.8 1507.6 1608.8
-999.0 -999.0 -999.0 -999.0 -999.0 -999.0 -999.0 -999.0 -999.0 -999.0 -999.0 -999.0 -999.0 -999.0 -999.0 -999.0 -999.0 -999.0 -999.0 1618.4 1560.2 1226.6 956.3 853.8 905.6 936.8 1084.8 1022.2 708.3 918.8 917.6 945.9 1160.2 1275.0 1212.5 1196.5 1323.8 1337.2 1284.5 1164.2 1196.8 1254.1 1413.2 1361.9 1541.9 1565.6 1513.3 1613.1 1440.1 1437.5 1499.0 1481.0 1514.6 1475.3 1554.3 1562.4 1469.6 1437.4 1447.4 1364.1 1382.1 1294.4 1362.8 1322.8 1414.0 1416.9 1437.0 1519.4 1551.6 1493.7 1512.1 1606.4
-999.0 -999.0 -999.0 -999.0 -999.0 -999.0 -999.0 -999.0 -999.0 -999.0 -999.0 -999.0 -999.0 -999.0 -999.0 -999.0 -999.0 -999.0 -999.0 1340.0 1295.3 1246.1 1181.6 999.2 722.8 765.5 867.6 1040.8 965.4 851.0 795.5 804.8 1135.7 1032.9 968.9 1319.7 1133.4 1432.6 1355.4 1208.7 1076.1 1363.6 1362.7 1524.4 1589.9 1564.8 1539.8 1288.6 1379.1 1388.1 1421.4 1436.7 1464.7 1477.4 1548.0 1528.2 1498.2 1448.3 1511.5 1479.4 1350.8 1306.2 1331.6 1305.0 1410.7 1486.7 1521.5 1569.1 1540.7 1499.6 1532.4 1585.3
-999.0 -999.0 -999.0 -999.0 -999.0 -999.0 -999.0 -999.0 -999.0 -999.0 -999.0 -999.0 -999.0 -999.0 -999.0 -999.0 -999.0 -999.0 -999.0 1402.2 1314.1 1486.6 1268.9 1010.9 714.4 844.1 828.1 1047.4 898.9 923.7 1042.9 979.9 969.3 1055.5 1207.7 1361.2 1345.1 1114.4 1412.2 1392.6 1363.6 1387.8 1313.7 1484.9 1623.3 1591.2 1499.2 1451.7 1467.8 1388.5 1405.2 1420.3 1425.3 1518.4 1524.0 1453.2 1479.7 1446.9 1524.5 1447.6 1330.3 1323.8 1420.4 1439.6 1400.4 1503.1 1501.4 1612.6 1533.4 1524.4 1604.0 1631.2
-999.0 -999.0 -999.0 -999.0 -999.0 -999.0 -999.0 -999.0 -999.0 -999.0 -999.0 -999.0 -999.0 -999.0 -999.0 -999.0 -999.0 -999.0 1523.3 1278.8 993.1 1139.6 1245.5 943.0 870.3 753.1 756.2 1158.0 1102.0 1123.7 1020.9 934.3 1120.3 1133.8 1035.5 1243.8 1348.8 1389.2 1467.1 1498.4 1471.7 1416.4 1478.1 1544.2 1593.3 1621.3 1600.1 1533.5 1494.1 1539.4 1465.9 1469.2 1427.6 1500.1 1490.0 1483.7 1518.0 1524.9 1507.5 1389.1 1394.2 1401.2 1506.5 1463.7 1467.6 1498.4 1582.9 1536.6 1531.2 1533.4 1537.9 1604.1
-999.0 -999.0 -999.0 -999.0 -999.0 -999.0 -999.0 -999.0 -999.0 -999.0 -999.0 -999.0 -999.0 -999.0 -999.0 -999.0 -999.0 1389.1 1292.4 1138.7 1222.7 1286.6 986.3 766.9 739.2 900.5 831.3 1113.3 956.2 1046.0 1139.4 732.3 1085.1 1053.6 1326.1 1340.9 1451.5 1458.8 1433.5 1338.2 1449.2 1308.3 1507.3 1513.7 1671.5 1682.3 1630.9 1597.5 1573.5 1580.4 1515.8 1462.3 1456.0 1570.8 1513.8 1499.8 1469.8 1461.5 1443.2 1380.9 1443.6 1407.4 1509.5 1507.0 1583.1 1584.4 1489.0 1465.7 1516.4 1516.6 1551.4 1634.3
-999.0 -999.0 -999.0 -999.0 -999.0 -999.0 -999.0 -999.0 -999.0 -999.0 -999.0 -999.0 -999.0 -999.0 -999.0 1357.6 1353.4 1366.2 1477.0 1433.3 1298.3 1216.3 904.3 797.3 705.7 672.4 836.9 976.4 1209.4 1008.7 1114.1 854.4 1115.7 1276.7 1372.3 1478.7 1453.8 1519.2 1429.4 1294.4 1374.6 1388.0 1628.5 1646.0 1676.9 1678.5 1593.9 1592.0 1566.3 1608.0 1523.9 1474.6 1543.6 1564.1 1550.3 1428.6 1422.2 1360.3 1315.6 1357.8 1409.4 1489.6 1538.0 1497.7 1471.8 1502.3 1472.9 1558.3 1520.9 1526.4 1575.8 1636.1
-999.0 -999.0 -999.0 -999.0 -999.0 -999.0 -999.0 -999.0 -999.0 -999.0 -999.0 1694.8 1673.2 1657.3 1225.7 1103.8 1023.3 1014.6 1265.3 1301.9 1329.5 892.8 958.5 799.4 793.5 838.2 1078.7 1178.4 1311.8 1165.6 1232.8 797.9 960.9 1182.8 1431.9 1421.2 1460.3 1282.6 1492.5 1330.4 1342.8 1444.7 1600.2 1733.3 1750.2 1626.3 1648.9 1650.6 1533.7 1597.8 1551.8 1572.7 1542.6 1504.4 1446.9 1490.0 1400.7 1424.6 1381.7 1307.8 1328.7 1369.2 1426.5 1420.6 1445.1 1496.6 1540.3 1495.6 1603.1 1603.2 1612.3 1634.7
-999.0 -999.0 -999.0 -999.0 -999.0 -999.0 -999.0 -999.0 -999.0 -999.0 1479.2 1559.0 1386.7 1383.7 1364.7 1117.3 1167.8 1124.2 1337.1 1473.3 1140.2 1008.4 889.5 1182.9 751.8 953.4 1146.7 836.9 1087.4 1370.1 868.6 1057.7 1162.3 1529.5 1557.0 1511.9 1238.8 1498.6 1491.3 1445.4 1459.4 1422.1 1588.0 1659.4 1801.8 1698.8 1700.1 1670.4 1580.3 1575.4 1569.3 1570.7 1557.6 1462.6 1458.3 1301.4 1448.7 1464.8 1414.7 1342.9 1397.9 1415.0 1476.5 1500.6 1467.4 1509.1 1481.3 1564.6 1606.5 1601.2 1571.7 1625.9
-999.0 -999.0 -999.0 -999.0 -999.0 -999.0 -999.0 -999.0 -999.0 1436.4 1403.4 1564.2 1509.7 1471.3 1346.7 1390.8 1294.8 1365.5 1342.7 977.9 1198.7 1283.0 902.6 1364.3 1021.1 949.8 744.0 872.9 890.7 1102.4 1152.9 1261.6 1528.1 1150.5 1207.8 1531.0 1499.4 1573.9 1612.2 1503.3 1542.1 1602.2 1570.7 1602.5 1800.5 1750.0 1741.2 1680.3 1659.2 1635.7 1600.0 1427.6 1568.9 1521.3 1442.2 1372.4 1416.3 1455.7 1402.8 1344.7 1361.5 1341.9 1419.2 1511.9 1535.6 1564.1 1488.5 1528.0 1595.5 1525.4 1539.1 1629.2
-999.0 -999.0 -999.0 -999.0 -999.0 1726.7 1431.6 1550.9 1345.8 1515.5 1465.8 1376.6 1452.4 1462.7 1246.3 1333.7 1290.8 1327.2 1113.4 1130.4 1281.2 1195.5 1171.0 1253.9 1183.5 884.7 854.9 1018.0 1092.9 993.2 1204.7 1478.5 1085.6 1023.9 1257.8 1248.4 1500.9 1522.8 1639.7 1597.9 1372.3 1600.9 1470.1 1686.0 1765.2 1744.2 1711.3 1496.4 1621.8 1567.0 1255.5 1533.2 1540.2 1506.9 1422.2 1339.0 1443.2 1435.3 1411.9 1432.7 1391.4 1399.6 1457.8 1522.1 1503.6 1546.3 1514.1 1484.3 1513.0 1549.8 1584.9 1683.5
-999.0 -999.0 -999.0 -999.0 1668.7 1481.5 1484.6 1436.6 1182.0 905.4 1013.9 1070.8 1330.3 1214.2 1069.2 1174.5 1215.5 1055.8 1247.6 1308.0 1094.8 1327.7 1465.2 1315.4 1232.7 998.7 1009.1 1052.1 1135.3 1178.3 1287.5 1200.3 629.8 911.0 1210.9 1429.5 1400.0 1525.5 1403.7 1580.1 1519.9 1627.5 1659.5 1694.5 1703.2 1733.4 1733.6 1619.0 1555.0 1257.6 1252.6 1344.4 1460.7 1496.6 1251.8 1374.4 1438.1 1422.6 1466.0 1402.5 1403.5 1416.5 1492.7 1429.7 1469.6 1531.8 1397.3 1428.1 1549.6 1569.7 1596.2 1667.9
-999.0 -999.0 1770.4 1632.0 1580.1 1446.3 1492.3 1412.9 1273.1 1245.0 1320.8 1427.0 1211.0 1321.5 1159.8 1452.4 1350.8 1132.0 1223.9 1399.6 1288.7 1539.0 1501.2 1140.5 1026.5 1097.8 1222.9 1066.8 1338.3 1409.0 1400.4 1038.1 871.9 871.6 1422.0 1357.1 1383.8 1399.6 1496.8 1656.3 1527.5 1595.1 1627.8 1706.6 1695.7 1775.0 1767.1 1608.3 1521.7 1257.3 1300.4 1380.0 1489.1 1417.3 1274.4 1325.9 1371.9 1434.2 1429.7 1432.7 1432.9 1430.7 1443.8 1437.9 1434.0 1474.4 1490.6 1506.0 1566.7 1513.3 1480.8 1627.0
-999.0 -999.0 1801.5 -999.0 1739.6 1657.3 1472.6 1541.5 1447.3 1454.2 1381.8 1430.6 1382.2 1263.8 1432.8 1371.6 1538.6 1575.9 1569.7 1565.9 1560.7 1284.0 1343.7 996.5 559.5 1072.6 1042.0 1058.1 804.2 839.0 1479.8 1555.3 786.5 1135.0 1323.9 1274.1 1207.0 1433.7 1623.0 1704.5 1498.1 1486.3 1628.2 1727.8 1773.7 1746.4 1774.1 1617.4 1317.9 1240.4 1376.3 1462.5 1499.1 1504.6 1474.3 1381.9 1455.2 1492.4 1520.2 1523.9 1475.1 1390.7 1354.0 1444.0 1503.9 1494.5 1548.2 1547.5 1507.0 1554.8 1578.6 1610.0
-999.0 -999.0 -999.0 -999.0 -999.0 1535.6 1616.2 1619.3 1513.7 1581.3 1513.1 1498.3 1434.4 1525.5 1562.9 1502.8 1546.0 1420.4 1547.7 1286.0 1527.9 1220.4 1043.8 984.9 821.9 736.4 907.6 797.9 718.9 1125.4 1016.3 1213.3 1715.1 1205.8 1232.5 1555.0 1506.3 1663.3 1457.5 1511.2 1284.1 1394.1 1644.2 1690.8 1766.5 1856.1 1647.8 1336.3 1409.9 1234.6 1395.7 1466.7 1422.8 1516.4 1377.5 1512.8 1515.6 1586.2 1616.1 1588.8 1503.9 1440.0 1468.9 1550.2 1575.1 1583.1 1530.8 1453.2 1421.1 1515.3 1585.4 1542.8
-999.0 -999.0 -999.0 -999.0 1721.5 1640.6 1583.9 1605.0 1637.3 1467.7 1375.6 1277.6 1384.0 1486.7 1542.0 1639.7 1573.5 1269.2 1562.9 1408.3 1672.4 1483.5 1393.1 1383.6 1400.6 1097.0 1147.7 958.9 949.1 811.9 981.9 1015.7 1202.0 881.5 1401.3 1528.5 1571.4 1441.4 1490.0 1298.5 1396.7 1402.4 1681.4 1698.8 1692.4 1389.5 1305.8 1305.1 1247.3 1410.8 1386.9 1405.6 1452.3 1509.4 1510.0 1525.4 1601.3 1678.6 1704.1 1660.6 1526.2 1486.0 1467.8 1542.1 1609.5 1586.9 1492.7 1339.0 1511.4 1492.8 1506.3 1582.5
-999.0 -999.0 -999.0 1841.3 1775.8 1714.8 1660.1 1663.4 1670.1 1662.5 1583.1 1657.3 1621.4 1663.9 1666.8 1629.8 1594.6 1554.9 1298.0 1625.1 1235.7 1339.8 1305.2 1138.8 1213.0 1359.7 1332.6 1159.6 1234.2 1064.2 1093.2 1280.5 976.2 1015.2 1516.4 1368.0 1609.2 1561.0 1404.7 1369.6 1510.2 1553.6 1641.1 1688.3 1473.7 1530.4 1346.5 1343.5 1399.6 1379.5 1424.9 1485.7 1488.8 1567.1 1601.2 1607.0 1659.0 1598.0 1764.3 1627.4 1609.9 1569.3 1579.4 1586.9 1579.4 1498.5 1372.9 1418.8 1468.8 1503.7 1546.3 1572.1
-999.0 -999.0 -999.0 -999.0 -999.0 1849.3 1753.9 1708.0 1674.5 1671.8 1646.9 -999.0 -999.0 -999.0 -999.0 1709.2 1604.0 1439.8 1654.9 1755.6 1607.6 1575.4 1534.8 1466.7 1691.5 857.0 838.4 1251.3 1357.2 1341.3 1178.4 1126.7 1044.1 1341.1 1458.3 1481.8 1621.9 1267.9 1478.6 1406.8 1674.7 1653.2 1649.4 1666.5 1381.6 1540.2 1381.9 1389.6 1472.9 1474.3 1504.7 1533.9 1583.9 1616.1 1628.0 1611.1 1635.2 1565.2 1703.4 1625.9 1560.3 1577.0 1554.2 1552.7 1450.8 1472.9 1426.2 1426.8 1476.8 1624.7 1634.9 1644.1
-999.0 -999.0 -999.0 -999.0 -999.0 1869.3 1713.2 1616.3 1793.1 1664.4 1816.7 -999.0 -999.0 -999.0 -999.0 -999.0 -999.0 -999.0 1770.5 1793.6 1745.8 1884.9 1759.0 1504.9 1137.1 950.8 808.7 899.6 1083.7 1246.6 1238.3 1390.2 1205.2 1215.3 1542.6 1631.4 1309.3 1349.9 1383.0 1726.8 1741.3 1679.0 1689.3 1500.7 1401.0 1416.3 1415.1 1477.2 1513.3 1541.2 1563.8 1569.9 1572.7 1589.2 1518.5 1579.3 1612.5 1646.0 1668.6 1601.6 1560.2 1550.4 1423.7 1443.2 1551.3 1440.5 1444.7 1504.5 1560.1 1632.4 1674.9 1645.9
-999.0 -999.0 -999.0 -999.0 -999.0 -999.0 -999.0 1825.3 -999.0 -999.0 -999.0 -999.0 -999.0 -999.0 -999.0 -999.0 1623.7 1617.3 1653.4 1615.4 1785.2 1902.4 1927.3 1695.3 1393.0 1061.3 967.5 1052.7 1429.7 1467.3 1122.5 1288.1 1356.7 1551.3 1675.3 1758.5 1528.2 1601.8 1646.2 1769.5 1754.7 1657.1 1658.6 1339.9 1285.5 1400.2 1427.6 1515.1 1535.1 1551.3 1586.7 1533.1 1562.9 1526.4 1585.2 1595.3 1622.9 1633.7 1625.2 1523.3 1519.1 1418.2 1323.2 1453.0 1439.3 1624.9 1528.3 1573.3 1642.6 1611.8 1628.9 1631.3
-999.0 -999.0 -999.0 -999.0 -999.0 -999.0 -999.0 -999.0 -999.0 -999.0 -999.0 -999.0 -999.0 -999.0 -999.0 -999.0 1652.1 1632.9 1820.7 1736.0 1666.2 -999.0 -999.0 1946.9 1378.9 1561.9 1372.4 1427.0 1422.3 1368.2 1267.6 1582.2 1620.0 1601.7 1715.3 1776.9 1789.0 1811.3 1813.8 1787.6 1635.3 1632.2 1553.1 1323.5 1407.0 1452.6 1506.5 1531.7 1492.7 1521.6 1565.9 1550.7 1577.5 1538.5 1484.3 1447.8 1518.7 1481.7 1576.7 1568.2 1484.4 1281.3 1461.9 1438.2 1511.1 1702.6 1596.0 1641.6 1709.2 1763.1 1782.5 1803.7
-999.0 -999.0 -999.0 -999.0 -999.0 -999.0 -999.0 -999.0 -999.0 -999.0 -999.0 -999.0 -999.0 -999.0 -999.0 -999.0 -999.0 -999.0 -999.0 -999.0 -999.0 -999.0 -999.0 1943.1 1785.3 1513.5 1492.0 1626.2 1638.7 1619.9 1564.9 1673.4 1745.7 1721.7 1757.2 1826.0 1853.2 -999.0 1879.4 1814.9 1687.5 1661.0 1551.6 1363.7 1436.0 1451.0 1523.1 1601.5 1585.2 1503.6 1569.9 1544.9 1419.9 1357.1 1376.7 1330.9 1282.2 1399.6 1439.6 1473.5 1490.3 1423.4 1540.2 1494.9 1498.0 1640.2 1695.4 1739.9 1737.0 1781.2 1855.5 1889.9
-999.0 -999.0 -999.0 -999.0 -999.0 -999.0 -999.0 -999.0 -999.0 -999.0 -999.0 -999.0 -999.0 -999.0 -999.0 -999.0 -999.0 -999.0 -999.0 -999.0 -999.0 -999.0 -999.0 -999.0 1837.6 1728.0 1646.4 1559.4 1526.4 1665.7 1712.0 1747.6 1845.8 -999.0 -999.0 -999.0 -999.0 1868.0 1881.5 1751.5 1711.5 1681.8 1570.0 1381.5 1458.1 1430.2 1491.8 1614.1 1492.5 1511.1 1390.9 1458.4 1276.7 1355.1 1331.2 1384.6 1358.3 1374.8 1457.9 1424.4 1649.7 1643.0 1617.7 1703.3 1656.5 1718.6 1756.3 1778.7 1856.2 1924.7 1867.5 1863.1
-999.0 -999.0 -999.0 -999.0 -999.0 -999.0 -999.0 -999.0 -999.0 -999.0 -999.0 -999.0 -999.0 -999.0 -999.0 -999.0 -999.0 -999.0 -999.0 -999.0 -999.0 -999.0 -999.0 -999.0 -999.0 1831.5 1584.4 1583.5 1621.4 1566.8 1686.8 1798.6 -999.0 -999.0 -999.0 -999.0 1751.9 1643.1 1562.9 1780.2 1765.2 1734.9 1488.7 1394.1 1410.1 1424.9 1510.9 1518.9 1544.4 1392.8 1260.5 1348.6 1335.2 1397.2 1378.7 1402.8 1506.2 1472.9 1497.0 1575.1 1632.6 1686.2 1813.3 1721.3 1686.1 1720.3 1685.2 1676.3 1836.7 1901.4 1874.4 1933.5
-999.0 -999.0 -999.0 -999.0 -999.0 -999.0 -999.0 -999.0 -999.0 -999.0 -999.0 -999.0 -999.0 -999.0 -999.0 -999.0 -999.0 -999.0 -999.0 -999.0 -999.0 -999.0 -999.0 -999.0 -999.0 -999.0 1825.3 1722.1 1749.3 1637.4 1785.1 1804.8 -999.0 -999.0 -999.0 1782.3 1759.9 1689.9 1529.6 1587.1 1641.6 1756.6 1584.4 1652.7 1463.1 1451.5 1558.3 1432.8 1353.1 1361.0 1390.5 1334.6 1395.4 1438.0 1468.3 1531.1 1548.2 1555.0 1548.2 1537.2 1616.1 1700.4 1691.4 1602.4 1598.1 1694.3 1678.3 1688.4 1758.7 1838.2 1845.3 1911.7
-999.0 -999.0 -999.0 -999.0 -999.0 -999.0 -999.0 -999.0 -999.0 -999.0 -999.0 -999.0 -999.0 -999.0 -999.0 -999.0 -999.0 -999.0 -999.0 -999.0 -999.0 -999.0 -999.0 -999.0 -999.0 -999.0 -999.0 -999.0 -999.0 -999.0 -999.0 -999.0 -999.0 -999.0 1743.4 1743.5 1745.3 1719.2 1514.7 1686.4 1637.3 1566.2 1562.4 1580.9 1531.4 1636.6 1609.0 1558.3 1455.1 1470.7 1451.4 1431.8 1394.0 1414.3 1441.7 1326.0 1471.8 1447.9 1511.8 1503.1 1550.3 1642.2 1620.4 1578.2 1582.9 1576.3 1670.4 1709.2 1735.9 1766.8 1807.0 1775.0
-999.0 -999.0 -999.0 -999.0 -999.0 -999.0 -999.0 -999.0 -999.0 -999.0 -999.0 -999.0 -999.0 -999.0 -999.0 -999.0 -999.0 -999.0 -999.0 -999.0 -999.0 -999.0 -999.0 -999.0 -999.0 -999.0 -999.0 -999.0 -999.0 -999.0 -999.0 -999.0 -999.0 -999.0 1870.6 1634.9 1660.9 1193.9 1331.6 1655.2 1614.8 1569.5 1539.4 1498.1 1605.5 1648.5 1622.7 1580.7 1462.0 1512.0 1568.5 1414.0 1377.4 1268.7 1393.0 1372.6 1263.2 1402.7 1461.8 1523.6 1606.1 1635.1 1646.5 1641.9 1655.2 1696.3 1635.6 1653.3 1722.6 1727.8 1708.7 1654.8
-999.0 -999.0 -999.0 -999.0 -999.0 -999.0 -999.0 -999.0 -999.0 -999.0 -999.0 -999.0 -999.0 -999.0 -999.0 -999.0 -999.0 -999.0 -999.0 -999.0 -999.0 -999.0 -999.0 -999.0 -999.0 -999.0 -999.0 -999.0 -999.0 -999.0 -999.0 -999.0 -999.0 -999.0 1847.2 1791.1 1757.2 1537.4 1236.2 1361.7 1485.0 1593.1 1464.2 1580.2 1578.4 1631.6 1442.7 1380.0 1319.8 1406.5 1505.8 1473.2 1466.8 1441.3 1405.8 1393.8 1461.6 1461.7 1478.0 1515.9 1590.7 1653.3 1695.1 1689.8 1648.5 1687.3 1632.9 1636.2 1670.0 1613.4 1459.5 1537.0
-999.0 -999.0 -999.0 -999.0 -999.0 -999.0 -999.0 -999.0 -999.0 -999.0 -999.0 -999.0 -999.0 -999.0 -999.0 -999.0 -999.0 2068.8 1931.2 1957.0 1160.5 1097.9 1107.1 1148.6 1044.6 1865.1 1382.5 1972.4 -999.0 -999.0 -999.0 -999.0 -999.0 -999.0 1841.8 1788.2 1723.1 1775.0 1630.8 1448.0 1373.8 1452.6 1523.4 1553.6 1542.2 1477.9 1357.3 1405.9 1471.0 1505.8 1556.2 1480.2 1493.8 1550.7 1590.1 1592.1 1528.9 1556.3 1484.0 1455.7 1407.3 1556.7 1644.1 1607.7 1578.9 1633.5 1551.3 1603.0 1653.5 1557.5 1449.7 1546.3
-999.0 -999.0 -999.0 -999.0 -999.0 -999.0 -999.0 -999.0 -999.0 -999.0 -999.0 -999.0 -999.0 -999.0 -999.0 -999.0 -999.0 1612.8 1544.7 1308.3 1193.1 911.5 822.8 908.3 943.4 1026.2 1386.3 1664.4 1848.4 1775.5 1539.2 1734.2 1826.3 1882.6 1850.0 1816.9 1791.3 1781.5 1765.1 1702.2 1473.0 1460.5 1515.8 1583.7 1321.0 1457.5 1549.8 1500.1 1456.7 1559.4 1599.9 1582.7 1553.9 1564.1 1591.3 1569.3 1651.2 1602.2 1512.7 1491.4 1512.4 1472.1 1476.4 1599.2 1618.8 1662.8 1684.9 1588.2 1665.1 1310.6 1478.7 1524.3
-999.0 -999.0 -999.0 -999.0 -999.0 -999.0 -999.0 -999.0 -999.0 -999.0 -999.0 -999.0 -999.0 -999.0 -999.0 -999.0 1964.7 1847.5 1653.5 1534.6 1354.1 1021.5 864.1 904.5 1005.3 1044.7 1113.4 1334.0 1526.5 1611.8 1538.8 1428.7 1724.5 1790.4 1840.9 1798.0 1666.1 1773.4 1743.1 1578.4 1539.0 1545.9 1522.3 1308.7 1480.6 1354.0 1409.6 1484.9 1587.8 1574.0 1635.7 1565.3 1457.8 1596.2 1548.0 1610.7 1583.2 1596.0 1542.3 1524.2 1419.1 1375.9 1573.2 1623.5 1614.7 1429.7 1590.9 1648.2 1627.7 1617.1 1584.4 1572.8
-999.0 -999.0 -999.0 -999.0 -999.0 -999.0 -999.0 -999.0 -999.0 -999.0 -999.0 -999.0 -999.0 -999.0 -999.0 -999.0 -999.0 1914.9 1850.3 1765.7 1389.9 1289.9 1189.8 955.1 1080.8 1181.1 1379.5 1263.3 1136.4 1337.1 1549.6 1572.4 1448.6 1673.1 1828.3 1810.0 1795.0 1691.6 1641.1 1690.6 1670.6 1609.4 1561.3 1432.2 1539.6 1387.3 1470.4 1477.4 1522.2 1536.3 1602.3 1506.6 1468.9 1519.3 1655.3 1654.1 1615.4 1700.6 1643.9 1630.2 1527.8 1438.0 1465.1 1602.7 1589.5 1523.7 1552.8 1621.8 1698.6 1708.9 1713.2 1673.6
