GDD/GrowingDegreeDays_1962_Actual.txt
ncols         180
nrows         290
xllcorner     -200000
yllcorner     -200000
cellsize      5000
NODATA_value    -999
[rows 96 to 127 of 290, columns 72 to 143 of 180]
1107.1 1221.8 1288.1 992.0 1214.2 693.6 722.6 961.3 1176.4 813.6 494.7 489.0 422.6 637.5 714.3 755.7 525.5 592.6 481.8 448.2 692.7 688.5 706.0 922.5 836.7 995.9 780.3 607.0 657.8 592.5 708.7 746.0 653.2 598.9 693.5 751.7 648.1 648.3 932.9 1034.2 1127.7 1143.0 977.0 1049.7 -999.0 -999.0 -999.0 -999.0 -999.0 -999.0 -999.0 -999.0 -999.0 -999.0 -999.0 -999.0 -999.0 -999.0 -999.0 -999.0 -999.0 -999.0 -999.0 -999.0 -999.0 -999.0 -999.0 -999.0 -999.0 -999.0 -999.0 -999.0
925.9 1247.7 1283.1 984.5 1136.9 834.9 974.4 1164.7 1201.7 891.8 576.0 1155.1 584.5 745.7 610.4 776.1 582.7 807.9 669.9 760.7 762.7 401.4 760.7 744.1 851.5 913.0 951.9 637.3 760.3 845.9 795.2 606.7 758.9 676.0 814.8 772.3 816.3 909.8 1056.5 1051.0 1037.2 1078.6 1183.5 -999.0 -999.0 -999.0 -999.0 -999.0 -999.0 -999.0 -999.0 -999.0 -999.0 -999.0 -999.0 -999.0 -999.0 -999.0 -999.0 -999.0 -999.0 -999.0 -999.0 -999.0 -999.0 -999.0 -999.0 -999.0 -999.0 -999.0 -999.0 -999.0
1247.7 828.7 974.2 918.6 681.1 511.5 1202.9 1282.3 601.5 1005.2 1070.7 567.8 711.2 528.8 705.3 542.4 873.4 957.6 1021.4 1015.9 1013.8 949.7 720.1 938.7 795.5 757.7 988.2 844.8 733.3 899.5 899.0 788.7 795.8 884.2 801.1 878.6 1033.1 1099.9 1132.9 1046.4 1110.8 1172.1 1172.4 -999.0 -999.0 -999.0 -999.0 -999.0 -999.0 -999.0 -999.0 -999.0 -999.0 -999.0 -999.0 -999.0 -999.0 -999.0 -999.0 -999.0 -999.0 -999.0 -999.0 -999.0 -999.0 -999.0 -999.0 -999.0 -999.0 -999.0 -999.0 -999.0
807.9 1074.9 921.1 883.9 1237.0 1256.7 -999.0 1079.0 584.6 739.6 494.1 859.4 974.9 765.5 840.0 866.6 855.6 809.0 756.9 700.9 606.3 374.7 537.1 742.8 737.6 1000.3 1102.3 1190.8 827.2 760.1 924.6 926.0 897.8 1023.3 978.6 1014.9 1092.9 1100.1 1086.4 1072.2 1015.7 1031.6 -999.0 -999.0 -999.0 -999.0 -999.0 -999.0 -999.0 -999.0 -999.0 -999.0 -999.0 -999.0 -999.0 -999.0 -999.0 -999.0 -999.0 -999.0 -999.0 -999.0 -999.0 -999.0 -999.0 -999.0 -999.0 -999.0 -999.0 -999.0 -999.0 -999.0
1103.0 1009.9 1095.2 841.1 1173.8 -999.0 1298.8 1114.3 1274.4 931.0 1063.0 757.5 388.6 765.5 685.9 815.3 602.3 458.2 555.2 735.5 1028.1 956.6 1051.6 823.8 893.6 899.9 799.7 868.8 900.5 856.3 975.6 1091.5 1075.0 1139.5 1124.5 1044.6 1021.8 1059.7 1066.7 1060.9 1139.9 1131.4 -999.0 -999.0 -999.0 -999.0 -999.0 -999.0 -999.0 -999.0 -999.0 -999.0 -999.0 -999.0 -999.0 -999.0 -999.0 -999.0 -999.0 -999.0 -999.0 -999.0 -999.0 -999.0 -999.0 -999.0 -999.0 -999.0 -999.0 -999.0 -999.0 -999.0
1146.5 1309.1 992.5 1234.9 -999.0 1341.9 1312.8 1177.4 435.2 777.3 305.4 708.0 880.6 969.2 692.3 647.4 751.0 610.4 817.2 648.2 556.3 692.6 1083.4 826.2 665.9 620.6 816.0 818.3 1187.7 1018.2 1160.4 1215.2 1216.3 1181.7 964.2 960.5 953.0 989.5 989.3 1065.3 1142.6 1222.1 -999.0 -999.0 -999.0 -999.0 -999.0 -999.0 -999.0 -999.0 -999.0 -999.0 -999.0 -999.0 -999.0 -999.0 -999.0 -999.0 -999.0 -999.0 -999.0 -999.0 -999.0 -999.0 -999.0 -999.0 -999.0 -999.0 -999.0 -999.0 -999.0 -999.0
1225.7 717.6 1319.5 -999.0 1375.0 -999.0 1013.5 886.6 720.5 1264.2 518.8 759.1 704.2 841.6 337.5 740.1 341.6 757.6 828.4 462.5 928.8 1251.0 792.0 504.5 455.1 877.3 883.0 863.6 958.0 1104.7 1170.5 1182.9 1168.2 899.0 1035.8 1062.1 1116.5 1082.7 1101.4 1206.3 1235.0 -999.0 -999.0 -999.0 -999.0 -999.0 -999.0 -999.0 -999.0 -999.0 -999.0 -999.0 -999.0 -999.0 -999.0 -999.0 -999.0 -999.0 -999.0 -999.0 -999.0 -999.0 -999.0 -999.0 -999.0 -999.0 -999.0 -999.0 -999.0 -999.0 -999.0 -999.0
664.0 954.2 1321.1 -999.0 -999.0 1269.2 1238.1 1261.3 1207.2 896.9 459.7 1078.6 879.7 385.7 643.4 639.4 448.6 446.9 640.9 1135.1 680.4 682.4 507.7 628.2 791.6 577.1 571.1 859.4 1046.0 1188.7 1181.0 1081.2 859.4 1069.6 1175.0 1177.0 1319.7 1257.6 1176.7 -999.0 -999.0 -999.0 -999.0 -999.0 -999.0 -999.0 -999.0 -999.0 -999.0 -999.0 -999.0 -999.0 -999.0 -999.0 -999.0 -999.0 -999.0 -999.0 -999.0 -999.0 -999.0 -999.0 -999.0 -999.0 -999.0 -999.0 -999.0 -999.0 -999.0 -999.0 -999.0 -999.0
1045.6 1208.2 1323.5 -999.0 1359.4 1222.0 1083.3 920.6 1104.7 903.6 1177.3 1179.5 954.1 708.2 771.5 909.3 969.3 913.0 775.0 568.2 919.1 725.8 780.0 646.1 578.0 767.3 822.5 995.8 1134.2 1204.1 1208.0 1027.4 1098.1 1249.3 1274.4 1318.4 1295.9 1277.7 -999.0 -999.0 -999.0 -999.0 -999.0 -999.0 -999.0 -999.0 -999.0 -999.0 -999.0 -999.0 -999.0 -999.0 -999.0 -999.0 -999.0 -999.0 -999.0 -999.0 -999.0 -999.0 -999.0 -999.0 -999.0 -999.0 -999.0 -999.0 -999.0 -999.0 -999.0 -999.0 -999.0 -999.0
967.7 1190.2 -999.0 -999.0 1325.3 930.1 1025.2 854.5 1082.4 1226.2 1020.0 695.0 685.5 768.2 847.3 764.3 572.8 921.3 784.9 1083.8 938.9 709.7 973.5 1172.9 1191.6 1090.3 1147.7 1200.3 1182.5 1206.5 1327.2 1195.4 1243.3 1288.1 1160.9 1231.8 1165.6 1209.9 -999.0 -999.0 -999.0 -999.0 -999.0 -999.0 -999.0 -999.0 -999.0 -999.0 -999.0 -999.0 -999.0 -999.0 -999.0 -999.0 -999.0 -999.0 -999.0 -999.0 -999.0 -999.0 -999.0 -999.0 -999.0 -999.0 -999.0 -999.0 -999.0 -999.0 -999.0 -999.0 -999.0 -999.0
-999.0 -999.0 -999.0 1351.6 1024.7 995.5 908.3 983.6 911.1 691.5 744.0 573.5 964.3 703.7 1144.9 627.0 1093.9 549.6 1025.5 832.3 486.5 860.8 1027.8 905.4 1013.3 1191.4 1159.2 1237.8 1303.7 1252.8 1321.4 1306.3 1214.4 1222.4 1222.9 1194.5 1225.7 1186.1 1256.8 -999.0 -999.0 -999.0 -999.0 -999.0 -999.0 -999.0 -999.0 -999.0 -999.0 -999.0 -999.0 -999.0 -999.0 -999.0 -999.0 -999.0 -999.0 -999.0 -999.0 -999.0 -999.0 -999.0 -999.0 -999.0 -999.0 -999.0 -999.0 -999.0 -999.0 -999.0 -999.0 -999.0
-999.0 -999.0 -999.0 1307.8 1286.6 983.9 887.0 1202.3 816.3 1037.5 1215.3 881.6 698.3 769.3 1293.7 696.5 783.0 748.2 987.6 691.4 811.1 742.1 602.0 848.0 935.6 985.1 1041.6 1094.8 1064.6 1033.6 952.1 1004.1 1158.0 1259.9 1227.3 1084.7 1174.4 1051.8 1114.1 1162.3 -999.0 -999.0 -999.0 -999.0 -999.0 -999.0 -999.0 -999.0 -999.0 -999.0 -999.0 -999.0 -999.0 -999.0 -999.0 -999.0 -999.0 -999.0 -999.0 -999.0 -999.0 -999.0 -999.0 -999.0 -999.0 -999.0 -999.0 -999.0 -999.0 -999.0 -999.0 -999.0
-999.0 -999.0 1358.1 1305.9 1224.7 944.3 1101.3 923.7 935.4 1072.0 1249.7 836.4 792.5 600.6 1220.5 792.6 921.9 888.8 960.5 827.2 1179.0 1046.5 980.4 1002.5 1128.9 975.6 824.8 684.0 780.1 843.7 957.2 1058.7 996.0 1233.4 1118.9 1074.0 1065.2 1065.1 1093.7 1144.8 1221.4 -999.0 -999.0 -999.0 -999.0 -999.0 -999.0 -999.0 -999.0 -999.0 -999.0 -999.0 -999.0 -999.0 -999.0 -999.0 -999.0 -999.0 -999.0 -999.0 -999.0 -999.0 -999.0 -999.0 -999.0 -999.0 -999.0 -999.0 -999.0 -999.0 -999.0 -999.0
-999.0 1352.7 -999.0 1259.4 1114.8 1197.3 911.5 799.8 1219.7 1316.3 1010.9 673.2 918.0 1353.3 1153.0 436.9 1110.4 1113.8 1031.6 982.4 1120.8 1159.7 1224.2 1164.4 925.4 630.8 673.0 808.5 887.3 1032.4 1060.7 1084.1 1025.9 1115.5 1125.8 1223.8 1297.8 1295.2 1290.4 1289.0 -999.0 -999.0 -999.0 -999.0 -999.0 -999.0 -999.0 -999.0 -999.0 -999.0 -999.0 -999.0 -999.0 -999.0 -999.0 -999.0 -999.0 -999.0 -999.0 -999.0 -999.0 -999.0 -999.0 -999.0 -999.0 -999.0 -999.0 -999.0 -999.0 -999.0 -999.0 -999.0
1350.9 1035.0 -999.0 1305.9 1259.3 1143.8 1116.6 1140.7 1143.2 784.3 1234.7 808.7 778.3 801.2 1068.3 1249.2 669.5 1084.2 1231.1 1290.3 1286.5 1295.8 1302.5 1286.2 991.7 1185.2 1222.9 1222.7 1095.6 991.2 1072.0 1075.8 1131.5 1182.8 1192.5 1304.5 -999.0 -999.0 -999.0 -999.0 -999.0 -999.0 -999.0 -999.0 -999.0 -999.0 -999.0 -999.0 -999.0 -999.0 -999.0 -999.0 -999.0 -999.0 -999.0 -999.0 -999.0 -999.0 -999.0 -999.0 -999.0 -999.0 -999.0 -999.0 -999.0 -999.0 -999.0 -999.0 -999.0 -999.0 -999.0 -999.0
1133.2 1223.3 -999.0 1015.5 1272.3 1068.5 1166.2 1321.7 864.3 873.1 748.9 720.5 1311.0 862.3 883.4 1337.2 1071.4 1010.3 1172.5 1144.8 1082.7 1025.1 955.0 1282.8 1279.4 1312.6 1272.1 1202.1 1116.4 1018.3 1074.4 1082.9 1075.5 1167.1 -999.0 -999.0 -999.0 -999.0 -999.0 -999.0 -999.0 -999.0 -999.0 -999.0 -999.0 -999.0 -999.0 -999.0 -999.0 -999.0 -999.0 -999.0 -999.0 -999.0 -999.0 -999.0 -999.0 -999.0 -999.0 -999.0 -999.0 -999.0 -999.0 -999.0 -999.0 -999.0 -999.0 -999.0 -999.0 -999.0 -999.0 -999.0
1135.0 -999.0 1279.7 1254.7 953.8 1170.9 1308.4 873.4 1098.9 816.5 753.1 999.1 1162.4 892.0 909.6 1417.2 1399.9 1341.3 1258.5 1156.7 1089.6 896.3 824.4 1072.9 1211.3 1324.2 1368.8 1268.6 1252.6 1201.4 1188.1 1038.4 1053.1 1247.5 -999.0 -999.0 -999.0 -999.0 -999.0 -999.0 -999.0 -999.0 -999.0 -999.0 -999.0 -999.0 -999.0 -999.0 -999.0 -999.0 -999.0 -999.0 -999.0 -999.0 -999.0 -999.0 -999.0 -999.0 -999.0 -999.0 -999.0 -999.0 -999.0 -999.0 -999.0 -999.0 -999.0 -999.0 -999.0 -999.0 -999.0 -999.0
1344.3 -999.0 1329.4 810.1 1091.7 -999.0 1225.3 926.2 1083.9 888.1 977.3 945.9 1365.4 1374.8 1218.6 1313.2 1299.3 1167.7 1282.5 705.9 714.1 817.4 835.4 1069.4 1279.5 1308.1 1405.2 1426.0 1360.2 1332.6 1274.4 1298.0 -999.0 -999.0 -999.0 -999.0 -999.0 1261.1 1291.4 1287.6 1337.3 -999.0 -999.0 -999.0 -999.0 -999.0 -999.0 -999.0 -999.0 -999.0 -999.0 -999.0 -999.0 -999.0 -999.0 -999.0 -999.0 -999.0 -999.0 -999.0 -999.0 -999.0 -999.0 -999.0 -999.0 -999.0 -999.0 -999.0 -999.0 -999.0 -999.0 -999.0
-999.0 -999.0 1014.3 1281.8 880.1 -999.0 1247.8 848.2 1135.8 1330.6 770.2 1365.4 1483.7 1485.4 1419.4 1262.0 1118.3 924.9 1139.9 1112.3 1187.9 1173.2 1206.6 1161.3 1156.6 1161.3 1238.6 1318.3 1245.0 1193.9 1226.4 1317.8 1345.7 1356.8 -999.0 -999.0 1329.1 1257.5 1182.0 1260.4 1272.9 1294.2 1327.9 -999.0 -999.0 -999.0 -999.0 -999.0 -999.0 -999.0 -999.0 -999.0 -999.0 -999.0 -999.0 -999.0 -999.0 -999.0 -999.0 -999.0 -999.0 -999.0 -999.0 -999.0 -999.0 -999.0 -999.0 -999.0 -999.0 -999.0 -999.0 -999.0
-999.0 -999.0 1339.1 1081.9 940.2 1317.8 1108.3 1262.3 1148.5 1085.5 1033.5 1408.4 1319.4 1142.9 1138.9 1139.9 1291.6 1294.9 1266.2 1300.9 1243.8 1235.5 1223.5 1166.2 1077.0 1077.8 1142.3 1036.9 1002.4 1161.3 1222.5 1252.4 1286.7 1266.6 1319.7 1286.9 1202.2 1171.5 1208.2 1154.8 1011.9 1046.8 984.7 1266.0 -999.0 -999.0 -999.0 -999.0 -999.0 -999.0 -999.0 -999.0 -999.0 -999.0 -999.0 -999.0 -999.0 -999.0 -999.0 -999.0 -999.0 -999.0 -999.0 -999.0 -999.0 -999.0 -999.0 -999.0 -999.0 -999.0 -999.0 -999.0
-999.0 -999.0 1160.2 855.0 1128.9 1051.2 1337.7 1129.1 1202.0 1360.0 1393.7 -999.0 1114.8 877.9 1124.0 1210.1 1313.8 1307.8 1382.4 1424.9 1257.3 1262.3 1219.8 1061.7 1002.9 982.3 1040.9 1069.1 1058.0 1116.3 1116.4 1117.3 1071.6 1183.0 1257.4 1118.0 1147.4 1107.5 1122.8 1017.0 893.3 880.7 851.2 999.0 965.3 946.0 1230.8 -999.0 -999.0 -999.0 -999.0 -999.0 -999.0 -999.0 -999.0 -999.0 -999.0 -999.0 -999.0 -999.0 -999.0 -999.0 -999.0 -999.0 -999.0 -999.0 -999.0 -999.0 -999.0 -999.0 -999.0 -999.0
-999.0 -999.0 1161.1 1184.2 1248.3 898.9 1370.8 -999.0 1390.6 1281.6 1409.3 -999.0 1061.7 755.4 1031.6 1092.3 1272.0 1394.6 1366.4 1364.6 1435.4 1376.8 1297.9 1182.3 975.2 941.4 934.1 1004.6 995.4 937.4 912.6 831.5 952.3 1143.6 1199.6 1082.2 1061.0 1025.6 745.7 706.4 851.2 866.3 937.0 963.4 953.1 1103.0 1133.0 -999.0 -999.0 -999.0 -999.0 -999.0 -999.0 -999.0 -999.0 -999.0 -999.0 -999.0 -999.0 -999.0 -999.0 -999.0 -999.0 -999.0 -999.0 -999.0 -999.0 -999.0 -999.0 -999.0 -999.0 -999.0
-999.0 -999.0 -999.0 1192.8 1051.1 1186.2 1398.0 -999.0 -999.0 1358.9 1431.8 1316.8 1095.3 902.1 1174.0 1110.5 1010.8 1143.4 1185.4 1265.5 1135.2 1288.3 1371.4 1255.8 1131.2 986.5 913.8 817.1 894.9 782.6 770.1 890.8 991.1 976.4 1017.4 967.8 885.4 823.1 848.6 730.4 837.5 895.3 939.6 1147.3 1134.5 1047.6 1039.4 1094.8 -999.0 -999.0 -999.0 -999.0 -999.0 -999.0 -999.0 -999.0 -999.0 -999.0 -999.0 -999.0 -999.0 -999.0 -999.0 -999.0 -999.0 -999.0 -999.0 -999.0 -999.0 -999.0 -999.0 -999.0
-999.0 -999.0 1367.2 1131.9 1086.2 -999.0 -999.0 -999.0 -999.0 -999.0 1434.4 1402.0 1051.9 1121.7 1274.3 1140.6 1021.1 958.6 1042.6 1126.1 1085.8 1077.0 1181.5 1274.1 1101.2 934.2 950.7 916.3 887.4 793.4 841.2 914.8 906.6 917.4 747.1 781.0 879.2 902.8 984.3 873.2 901.4 967.1 960.1 1121.0 1158.3 1149.4 1150.4 1186.5 -999.0 -999.0 -999.0 -999.0 -999.0 -999.0 -999.0 -999.0 -999.0 -999.0 -999.0 -999.0 -999.0 -999.0 -999.0 -999.0 -999.0 -999.0 -999.0 -999.0 -999.0 -999.0 -999.0 -999.0
1419.9 -999.0 1034.7 1129.0 1318.0 1370.4 1114.0 1036.4 -999.0 -999.0 -999.0 1426.7 1216.1 1239.1 1243.1 1210.4 1120.6 996.6 937.4 906.4 896.3 986.1 1023.1 1093.7 1258.9 976.7 979.3 931.8 944.4 997.5 1000.2 827.5 902.6 735.5 586.0 664.0 807.9 827.4 1014.4 981.9 1001.4 1002.0 1009.8 1133.6 1158.2 1181.3 1152.3 1126.9 1149.2 -999.0 -999.0 -999.0 -999.0 -999.0 -999.0 -999.0 -999.0 -999.0 -999.0 -999.0 -999.0 -999.0 -999.0 -999.0 -999.0 -999.0 -999.0 -999.0 -999.0 -999.0 -999.0 -999.0
-999.0 1376.1 987.4 1108.7 1358.0 1073.8 902.7 819.8 1330.7 -999.0 -999.0 -999.0 1404.8 1347.0 1344.3 1291.6 1233.8 1165.3 1003.0 947.2 942.7 1015.7 1031.5 1034.7 1042.2 1089.5 1029.9 980.1 874.7 940.0 797.4 1016.3 900.5 930.9 921.6 683.4 713.6 877.1 959.4 1061.0 1084.6 1088.5 1095.2 1152.4 1161.7 1204.3 1143.9 1090.7 1134.4 1178.7 -999.0 -999.0 -999.0 -999.0 -999.0 -999.0 -999.0 -999.0 -999.0 -999.0 -999.0 -999.0 -999.0 -999.0 -999.0 -999.0 -999.0 -999.0 -999.0 -999.0 -999.0 -999.0
-999.0 1244.5 1079.3 947.7 1363.8 1367.9 1009.9 937.9 1398.7 -999.0 -999.0 -999.0 -999.0 -999.0 1357.2 1335.7 1341.9 1302.7 1200.0 1114.6 982.4 818.1 853.2 958.7 1020.3 1086.1 995.4 969.7 931.1 990.5 839.2 1034.9 938.2 873.6 951.9 1111.5 1009.8 1080.7 1016.0 1127.9 1057.2 1100.1 1217.3 1237.0 1226.5 1200.3 1203.9 1050.5 1048.3 1109.7 1189.3 -999.0 -999.0 -999.0 -999.0 -999.0 -999.0 -999.0 -999.0 -999.0 -999.0 -999.0 -999.0 -999.0 -999.0 -999.0 -999.0 -999.0 -999.0 -999.0 -999.0 -999.0
-999.0 1154.1 964.9 1069.4 -999.0 1381.0 1273.2 770.7 1246.3 -999.0 -999.0 -999.0 -999.0 -999.0 1350.4 1260.5 1153.4 1218.5 1055.6 884.8 896.9 784.2 766.8 833.1 980.4 927.1 974.6 986.8 849.7 824.3 1067.8 534.9 862.6 686.7 895.0 780.9 835.3 1119.3 997.1 1100.1 1145.4 1178.8 1173.4 1100.4 1064.9 1123.2 1081.1 1184.4 1056.1 954.2 1125.9 1138.7 1220.3 -999.0 -999.0 -999.0 -999.0 -999.0 -999.0 -999.0 -999.0 -999.0 -999.0 -999.0 -999.0 -999.0 -999.0 -999.0 -999.0 -999.0 -999.0 -999.0
-999.0 1156.7 1134.8 1316.4 -999.0 -999.0 1067.3 836.2 972.4 -999.0 -999.0 -999.0 -999.0 -999.0 1349.4 1291.0 1161.1 1179.1 1107.3 972.8 1043.3 955.3 943.6 834.7 919.8 921.1 952.2 788.9 571.7 719.1 823.7 468.0 563.1 813.7 791.5 929.7 1068.3 1021.4 996.0 1091.9 1067.6 1075.2 1173.9 1134.2 1130.5 1013.9 821.4 958.6 1013.3 985.9 987.9 1129.6 1194.2 -999.0 -999.0 -999.0 -999.0 -999.0 -999.0 -999.0 -999.0 -999.0 -999.0 -999.0 -999.0 -999.0 -999.0 -999.0 -999.0 -999.0 -999.0 -999.0
-999.0 1252.3 1221.0 -999.0 -999.0 -999.0 1362.7 1185.2 1129.5 -999.0 -999.0 -999.0 -999.0 -999.0 1337.5 1279.9 1189.3 1161.9 1128.8 1063.7 977.1 765.4 694.9 848.4 815.3 982.0 961.5 906.6 699.3 921.4 619.2 686.2 787.9 719.6 700.9 1005.5 898.6 1044.0 990.6 1014.2 1160.7 1078.7 1038.4 1044.0 1086.9 748.9 720.8 762.5 1003.9 988.0 989.2 1074.1 1127.7 -999.0 -999.0 -999.0 -999.0 -999.0 -999.0 -999.0 -999.0 -999.0 -999.0 -999.0 -999.0 -999.0 -999.0 -999.0 -999.0 -999.0 -999.0 -999.0
1054.2 1099.7 915.6 1421.2 -999.0 -999.0 -999.0 -999.0 -999.0 -999.0 -999.0 -999.0 -999.0 1241.7 1242.7 1144.6 1135.2 1103.4 1031.3 1049.4 926.1 885.3 759.4 880.1 919.7 794.0 851.6 712.2 655.3 669.5 521.5 563.6 825.6 766.8 733.8 825.4 932.6 922.2 1074.0 1014.5 977.5 1104.9 1003.3 1008.5 836.3 805.5 648.6 761.1 1029.7 1056.0 1112.5 1056.5 1108.0 -999.0 -999.0 -999.0 -999.0 -999.0 -999.0 -999.0 -999.0 -999.0 -999.0 -999.0 -999.0 -999.0 -999.0 -999.0 -999.0 -999.0 -999.0 -999.0
978.1 986.6 1120.1 1413.6 -999.0 -999.0 -999.0 -999.0 -999.0 -999.0 -999.0 -999.0 -999.0 1038.4 1249.3 1120.5 991.2 900.0 919.5 988.5 984.6 951.9 1075.0 977.3 779.0 763.6 823.6 806.9 882.2 968.9 550.8 833.2 795.9 823.5 811.2 867.1 962.0 1090.5 927.2 982.3 988.7 1014.6 969.0 849.6 774.4 841.0 769.2 803.0 1037.8 1152.9 1149.9 1014.8 1161.7 -999.0 -999.0 -999.0 -999.0 -999.0 -999.0 -999.0 -999.0 -999.0 -999.0 -999.0 -999.0 -999.0 -999.0 -999.0 -999.0 -999.0 -999.0 -999.0
