GDD/GrowingDegreeDays_1990_Actual.txt
ncols         180
nrows         290
xllcorner     -200000
yllcorner     -200000
cellsize      5000
NODATA_value    -999
[rows 160 to 191 of 290, columns 71 to 141 of 180]
-999.0 -999.0 -999.0 -999.0 -999.0 -999.0 -999.0 -999.0 -999.0 -999.0 -999.0 -999.0 -999.0 -999.0 -999.0 -999.0 -999.0 -999.0 -999.0 -999.0 -999.0 -999.0 -999.0 -999.0 -999.0 -999.0 -999.0 -999.0 -999.0 -999.0 -999.0 -999.0 -999.0 -999.0 -999.0 1894.4 1860.3 1837.9 1796.1 1532.2 1407.8 1164.5 1447.3 1320.7 1730.4 1613.7 1623.9 1493.0 1422.0 1496.1 1418.7 1766.2 1768.8 1777.7 1808.4 1860.0 1778.2 1864.7 1889.8 1876.5 1921.4 1970.9 1929.8 1879.7 1849.4 1824.6 1687.3 1743.8 1812.3 1845.5 1858.5
-999.0 -999.0 -999.0 -999.0 -999.0 -999.0 -999.0 -999.0 -999.0 -999.0 -999.0 -999.0 -999.0 -999.0 -999.0 -999.0 -999.0 -999.0 -999.0 -999.0 -999.0 -999.0 -999.0 -999.0 -999.0 -999.0 -999.0 -999.0 -999.0 -999.0 -999.0 -999.0 -999.0 -999.0 -999.0 1897.2 1857.6 1878.1 1927.1 1855.0 1537.1 1726.9 1692.2 1795.3 1661.1 1387.0 1535.6 1378.6 1435.7 1373.3 1757.5 1484.0 1712.9 1635.6 1712.5 1722.8 1819.6 1840.8 1878.5 1903.4 1922.1 1930.8 1885.2 1840.4 1843.7 1851.4 1827.0 1733.0 1791.4 1843.7 1870.1
-999.0 -999.0 -999.0 -999.0 -999.0 -999.0 -999.0 -999.0 -999.0 -999.0 -999.0 -999.0 -999.0 -999.0 -999.0 -999.0 -999.0 -999.0 -999.0 -999.0 -999.0 -999.0 -999.0 -999.0 -999.0 -999.0 -999.0 -999.0 -999.0 -999.0 -999.0 -999.0 -999.0 -999.0 -999.0 1899.7 1877.8 1841.4 1964.6 1916.3 1796.3 1744.2 1784.2 1842.8 1690.6 1576.1 1569.9 1390.3 1248.7 1518.9 1636.5 1822.0 1707.1 1936.8 1902.9 1844.9 1792.6 1841.2 1855.8 1893.6 1915.5 1906.8 1874.2 1840.7 1843.0 1855.8 1850.5 1774.9 1739.2 1866.7 1972.5
-999.0 -999.0 -999.0 -999.0 -999.0 -999.0 -999.0 -999.0 -999.0 -999.0 -999.0 -999.0 -999.0 -999.0 -999.0 -999.0 -999.0 -999.0 -999.0 -999.0 -999.0 -999.0 -999.0 -999.0 -999.0 -999.0 -999.0 -999.0 -999.0 -999.0 -999.0 -999.0 -999.0 -999.0 -999.0 1910.2 1867.2 1850.7 1910.6 1924.0 1883.8 1876.0 1776.6 1647.1 1799.1 1707.4 1587.4 1199.5 1200.8 1219.9 1438.6 1668.1 1769.4 1791.8 1963.2 2021.2 1893.6 1822.4 1895.4 1920.0 1915.7 1925.6 1900.5 1878.9 1880.7 1896.8 1911.0 1812.8 1784.8 1988.8 2108.7
-999.0 -999.0 -999.0 -999.0 -999.0 -999.0 -999.0 -999.0 -999.0 -999.0 -999.0 -999.0 -999.0 -999.0 -999.0 -999.0 -999.0 -999.0 -999.0 -999.0 -999.0 -999.0 -999.0 -999.0 -999.0 -999.0 -999.0 -999.0 -999.0 -999.0 -999.0 -999.0 -999.0 -999.0 -999.0 1920.7 1901.2 1908.8 1961.8 1966.3 1953.2 1832.0 1797.8 1676.0 1605.5 1410.7 1289.6 1200.1 1402.3 1327.7 1550.1 1648.5 1810.9 1684.5 1823.2 1967.2 2016.9 2007.9 1974.7 1964.7 1938.5 1930.0 1932.4 1920.9 1918.6 1939.4 1936.9 1953.3 1926.6 2044.4 2134.6
-999.0 -999.0 -999.0 -999.0 -999.0 -999.0 -999.0 -999.0 -999.0 -999.0 -999.0 -999.0 -999.0 -999.0 -999.0 -999.0 -999.0 -999.0 -999.0 -999.0 -999.0 -999.0 -999.0 -999.0 -999.0 -999.0 -999.0 -999.0 -999.0 -999.0 -999.0 -999.0 -999.0 -999.0 -999.0 -999.0 1881.1 1904.3 1949.3 1966.7 1861.2 1643.0 1596.2 1539.8 1605.7 1609.2 1407.1 1418.0 1311.8 1439.6 1720.3 1962.5 1914.4 1847.9 1825.6 1993.4 1999.7 1941.4 1967.6 1997.7 1942.2 1952.5 1958.0 1954.8 1946.9 1952.5 1949.2 1943.9 1988.9 2023.1 2070.4
-999.0 -999.0 -999.0 -999.0 -999.0 -999.0 -999.0 -999.0 -999.0 -999.0 -999.0 -999.0 -999.0 -999.0 -999.0 -999.0 -999.0 -999.0 -999.0 -999.0 -999.0 -999.0 -999.0 -999.0 -999.0 -999.0 -999.0 -999.0 -999.0 -999.0 -999.0 -999.0 -999.0 -999.0 -999.0 1978.9 1901.1 1923.1 1960.3 1947.1 1862.7 1508.0 1452.1 1587.8 1378.3 1407.8 1480.0 1484.7 1208.1 1410.0 1459.5 1745.3 2045.5 1799.6 1944.8 2043.7 1941.0 1935.5 2002.1 1962.1 1973.7 1975.1 1965.9 1960.5 1954.2 1953.9 1842.1 1920.0 1955.5 1856.3 1907.9
-999.0 -999.0 -999.0 -999.0 -999.0 -999.0 -999.0 -999.0 -999.0 -999.0 -999.0 -999.0 -999.0 -999.0 -999.0 -999.0 -999.0 -999.0 -999.0 -999.0 -999.0 -999.0 -999.0 -999.0 -999.0 -999.0 -999.0 -999.0 -999.0 -999.0 -999.0 -999.0 -999.0 -999.0 -999.0 1987.0 1961.1 1955.1 1970.9 1803.4 1861.0 1761.9 1489.0 1726.3 1700.8 1653.7 1732.1 1686.1 1393.9 1467.4 1507.4 1857.9 1752.2 1640.8 1882.1 1821.1 1893.6 1856.4 1909.9 1945.2 1998.3 2002.2 1983.7 1969.6 1947.6 1965.9 1953.6 1886.0 1943.3 1896.3 1838.7
-999.0 -999.0 -999.0 -999.0 -999.0 -999.0 -999.0 -999.0 -999.0 -999.0 -999.0 -999.0 -999.0 -999.0 -999.0 -999.0 -999.0 -999.0 -999.0 -999.0 -999.0 -999.0 -999.0 -999.0 -999.0 -999.0 -999.0 -999.0 -999.0 -999.0 -999.0 -999.0 -999.0 -999.0 1980.0 1993.9 1984.6 1886.7 1903.7 1888.9 1923.8 1830.1 1794.4 1842.1 1878.5 1890.1 1840.9 1723.4 1442.1 1245.9 1203.3 1560.1 1469.8 1557.9 1825.5 1841.8 1953.3 1922.8 1915.8 1976.5 2013.8 2013.7 2000.3 1976.8 1948.1 1974.8 1963.3 1943.0 1927.8 1911.2 1782.6
-999.0 -999.0 -999.0 -999.0 -999.0 -999.0 -999.0 -999.0 -999.0 -999.0 -999.0 -999.0 -999.0 -999.0 -999.0 -999.0 -999.0 -999.0 -999.0 -999.0 -999.0 -999.0 -999.0 -999.0 -999.0 -999.0 -999.0 -999.0 -999.0 -999.0 -999.0 -999.0 -999.0 -999.0 -999.0 1978.0 2027.1 1985.7 1956.8 1796.4 1982.4 1980.3 1975.2 1961.5 1953.4 1993.1 1960.1 1844.4 1722.9 1344.7 1179.6 1128.6 1422.3 1467.3 1645.9 1813.2 1821.4 2011.7 2009.2 1930.1 2014.3 2026.4 2018.9 1978.9 1953.1 1969.9 1966.1 1935.1 1938.5 1935.9 1904.5
-999.0 -999.0 -999.0 -999.0 -999.0 -999.0 -999.0 -999.0 -999.0 -999.0 -999.0 -999.0 -999.0 -999.0 -999.0 -999.0 -999.0 -999.0 -999.0 -999.0 -999.0 -999.0 -999.0 -999.0 -999.0 -999.0 -999.0 -999.0 -999.0 -999.0 -999.0 -999.0 -999.0 -999.0 -999.0 2052.5 2055.8 2065.0 2045.7 2008.9 2001.8 2000.6 2037.1 2041.3 2106.1 2128.1 2082.1 1964.9 1745.7 1652.4 1224.2 1075.6 1123.8 1360.8 1581.6 1761.7 1907.9 1849.5 1942.4 1878.7 1991.9 2000.4 2014.7 1951.3 1943.5 1956.2 1937.0 1926.9 1941.2 1945.6 1888.2
-999.0 -999.0 -999.0 -999.0 -999.0 -999.0 -999.0 -999.0 -999.0 -999.0 -999.0 -999.0 -999.0 -999.0 -999.0 1998.2 1954.7 1924.2 1916.5 -999.0 -999.0 -999.0 -999.0 -999.0 -999.0 -999.0 -999.0 -999.0 -999.0 -999.0 -999.0 -999.0 -999.0 -999.0 2143.4 2175.3 2103.3 2106.6 2019.8 2014.6 2038.8 2035.7 2035.8 2068.0 2091.7 2131.0 2085.7 1984.0 1828.5 1496.7 1273.6 1256.1 1476.8 1326.4 1534.7 1947.5 1919.6 1990.0 1762.3 1802.2 1940.7 1925.6 1884.9 1848.3 1908.8 1946.1 1950.3 1924.4 1938.2 1974.1 1950.3
-999.0 -999.0 -999.0 -999.0 -999.0 -999.0 -999.0 -999.0 -999.0 -999.0 -999.0 -999.0 -999.0 -999.0 -999.0 1908.0 1813.9 1842.9 1970.1 -999.0 -999.0 -999.0 -999.0 -999.0 -999.0 -999.0 -999.0 -999.0 -999.0 -999.0 -999.0 -999.0 -999.0 2189.9 2093.6 2142.5 2134.2 2052.3 2102.6 2028.1 2050.5 2040.1 2031.7 2046.4 2027.1 2003.5 2034.5 1975.7 1860.9 1717.3 1280.5 1217.4 1499.7 1478.3 1670.9 1840.1 2120.3 2045.3 1864.7 1822.5 1902.3 1957.0 1913.2 1856.6 1913.4 1953.5 1964.5 1962.3 1930.6 1975.3 1950.0
-999.0 -999.0 -999.0 -999.0 -999.0 -999.0 -999.0 -999.0 -999.0 -999.0 -999.0 -999.0 -999.0 1972.5 2071.9 1992.7 1820.2 1840.0 1887.8 2082.5 2177.6 2223.3 -999.0 -999.0 2073.6 2158.2 -999.0 -999.0 -999.0 2165.3 2051.5 2021.6 -999.0 2170.9 2002.9 2101.6 2167.7 2124.9 2106.9 1988.6 1980.0 1960.3 1993.3 1940.3 1997.9 1911.3 1940.1 1915.5 1548.6 1810.7 1675.8 1407.4 1745.3 1677.4 1422.2 1970.8 1858.3 1993.3 1887.6 1863.6 1921.0 1959.7 2008.3 2014.5 1981.3 2000.3 1979.0 2008.8 1960.0 1997.5 1975.2
-999.0 -999.0 -999.0 -999.0 -999.0 -999.0 -999.0 -999.0 -999.0 -999.0 -999.0 -999.0 -999.0 -999.0 2084.9 2021.6 1936.9 1925.0 1965.5 2006.2 1958.6 2215.4 -999.0 2193.4 2039.1 1837.3 1962.2 1884.6 2121.7 2116.0 1713.8 1735.9 1852.0 -999.0 2099.6 2053.4 2080.4 2111.5 2078.3 1934.9 2028.3 2123.1 2100.6 1985.5 1941.7 1911.6 1813.0 1798.6 1507.4 1453.6 1500.3 1477.8 1524.0 1413.5 1496.3 1747.3 1943.7 1987.8 1804.1 1805.7 1927.0 1906.7 1998.3 1970.9 1970.3 2004.4 1982.0 2019.2 1973.6 1997.5 1991.3
-999.0 -999.0 -999.0 -999.0 -999.0 -999.0 -999.0 -999.0 -999.0 -999.0 -999.0 -999.0 -999.0 -999.0 -999.0 2092.8 1998.2 1937.8 2041.3 2097.8 2143.8 2182.6 1727.2 1164.0 1916.7 1572.5 1576.0 1673.5 1840.8 2014.5 1981.1 1791.9 1635.9 1860.2 2107.4 2144.8 2076.0 2075.7 1978.0 1770.6 1896.5 2116.1 2141.9 2022.7 1942.4 1904.8 1795.8 1716.1 1356.9 1284.7 1451.3 1470.4 1608.2 1657.5 1613.0 1698.8 1897.9 1933.6 1832.6 1872.3 1909.0 1866.1 1959.6 1909.9 1986.4 1995.7 1998.4 1966.2 1846.8 2008.2 2009.7
-999.0 -999.0 -999.0 -999.0 -999.0 -999.0 -999.0 -999.0 -999.0 -999.0 -999.0 -999.0 -999.0 -999.0 -999.0 -999.0 2023.9 2094.9 2107.9 2134.5 2017.4 1770.8 891.0 1353.9 2028.1 1483.6 1770.9 1505.2 1579.5 1858.4 2002.7 1514.0 1722.7 1729.3 1946.2 2145.7 2074.3 2021.3 1996.7 1854.2 1868.2 1998.7 2038.4 2021.4 1937.2 1891.4 1830.1 1616.8 1507.9 1219.7 1409.2 1399.4 1447.1 1759.3 1646.7 1580.8 1719.7 1812.3 1829.1 1907.9 1871.6 1868.7 1939.6 1903.8 1991.2 2011.6 1989.2 2003.2 2001.7 2002.7 2020.8
-999.0 -999.0 -999.0 -999.0 -999.0 -999.0 -999.0 -999.0 -999.0 -999.0 -999.0 -999.0 -999.0 -999.0 -999.0 -999.0 -999.0 2161.7 2122.1 1895.6 1628.6 938.8 859.8 1316.3 1615.2 1628.6 1519.2 1395.0 1409.7 1445.4 1766.4 1919.6 1444.6 1694.2 1882.5 1938.6 2042.6 2045.2 1993.5 1944.0 1919.8 1973.2 2014.7 1978.5 1917.6 1872.5 1798.0 1630.8 1433.9 1331.8 1498.4 1527.4 1434.3 1602.9 1874.9 1642.3 1841.6 1796.8 1805.4 1925.5 1939.8 1921.0 1912.2 1912.3 1997.5 2026.0 2012.2 2046.2 1963.5 2006.3 2025.7
-999.0 -999.0 -999.0 -999.0 -999.0 -999.0 -999.0 -999.0 -999.0 -999.0 -999.0 -999.0 -999.0 -999.0 -999.0 -999.0 -999.0 2182.4 2019.8 1589.5 1410.6 1276.4 1036.1 1566.2 1848.0 1628.5 1356.9 1270.7 1228.9 1442.7 1727.0 1982.1 1431.9 1522.3 1813.4 1917.4 2070.0 2058.2 1990.6 1892.0 1907.8 1940.1 1955.0 1963.2 1926.9 1860.3 1672.0 1575.6 1663.5 1309.3 1496.1 1480.0 1410.5 1472.6 1680.1 1804.7 1847.4 1915.5 1816.4 1811.0 1914.8 1923.1 1983.0 1984.2 2034.3 2025.4 2027.9 2033.7 2002.0 1974.4 2014.4
-999.0 -999.0 -999.0 -999.0 -999.0 -999.0 -999.0 -999.0 -999.0 -999.0 -999.0 -999.0 -999.0 -999.0 -999.0 -999.0 -999.0 2172.7 1947.2 1676.6 1694.5 1277.3 1408.8 1698.5 1604.5 1731.9 1534.0 1239.1 1363.3 1248.4 1482.4 1790.0 1469.7 1466.4 1612.6 1965.1 2035.5 2068.2 1960.3 1848.4 1863.2 1924.0 1944.6 1946.1 1902.8 1764.4 1692.8 1708.8 1680.3 1497.7 1536.3 1570.3 1608.7 1700.2 1708.8 1657.7 1917.1 1836.9 1834.0 1898.7 1891.4 1957.4 1934.2 2054.1 2052.5 2033.8 2042.4 2036.9 1915.5 2010.5 2030.8
-999.0 -999.0 -999.0 -999.0 -999.0 -999.0 -999.0 -999.0 -999.0 -999.0 -999.0 -999.0 -999.0 -999.0 -999.0 -999.0 2148.9 1297.9 1798.8 1645.3 1483.3 1828.7 1017.9 1208.4 1300.8 1435.2 1220.3 1413.1 1354.9 1474.4 1606.9 1507.3 1288.4 1496.2 1631.0 1963.9 2059.9 2085.6 1913.5 1881.7 1916.7 1920.5 1950.1 1915.8 1796.5 1811.3 1812.8 1645.2 1535.7 1766.6 1446.2 1543.6 1829.5 1768.2 1798.8 1851.0 1865.2 1908.2 1905.8 1986.3 1924.5 1998.7 2062.1 1961.9 2057.4 2041.1 2022.7 2018.2 1926.0 2015.7 2040.7
-999.0 -999.0 -999.0 -999.0 -999.0 -999.0 -999.0 -999.0 -999.0 -999.0 -999.0 -999.0 -999.0 -999.0 2135.8 2067.1 1686.9 1764.8 1929.0 1919.9 1724.4 1939.3 1662.1 1511.6 1255.3 1279.1 1163.1 1285.8 1234.1 1619.4 1457.8 1530.7 1803.1 1803.5 1915.2 1915.8 2005.8 2032.4 1912.1 1878.7 1880.7 1923.2 1891.4 1760.8 1820.7 1777.1 1845.1 1685.1 1614.3 1663.9 1758.7 1863.3 1779.0 1819.2 1839.2 1845.8 1880.5 1898.6 1977.8 2014.8 2077.1 2118.8 2092.6 2052.8 2040.9 2007.8 2029.9 2013.2 1926.3 1999.9 2043.6
-999.0 -999.0 -999.0 -999.0 -999.0 -999.0 -999.0 -999.0 -999.0 -999.0 -999.0 -999.0 -999.0 2082.8 1999.8 1986.0 1990.7 2063.3 2133.6 2097.4 2104.7 2049.1 1722.3 1553.5 1421.3 929.5 1420.0 1544.0 1498.8 1706.1 1273.9 1261.4 1392.7 1718.1 1899.2 1906.3 1932.2 1951.8 1903.8 1844.9 1881.9 1880.4 1852.8 1776.4 1728.8 1825.5 1815.7 1684.4 1701.1 1747.8 1789.6 1810.6 1814.0 1914.1 1877.1 1926.1 2060.0 1966.1 2017.7 2108.8 2190.1 2151.1 2050.4 2051.4 2028.9 2003.9 1991.0 1988.0 1873.8 1940.3 2010.8
-999.0 -999.0 -999.0 -999.0 -999.0 -999.0 -999.0 -999.0 -999.0 -999.0 -999.0 -999.0 2120.7 1889.4 1908.7 1957.1 -999.0 -999.0 -999.0 -999.0 2134.0 1497.0 1474.9 1466.6 1327.5 1447.2 1525.5 1243.4 1302.7 1469.7 883.5 1097.1 1376.1 1458.7 1784.8 1999.9 1945.8 1912.4 1923.2 1896.7 1900.3 1902.0 1837.0 1864.0 1726.0 1791.5 1791.5 1775.9 1767.4 1781.0 1819.2 1914.8 1920.9 1942.3 1970.2 2012.9 2081.2 2089.4 2078.9 2102.3 2113.2 2092.5 2059.2 2034.9 1968.8 1929.0 1923.2 1940.0 1886.0 1922.8 1947.5
-999.0 -999.0 -999.0 -999.0 -999.0 -999.0 -999.0 -999.0 -999.0 -999.0 -999.0 -999.0 2080.9 1762.2 2062.4 2139.9 -999.0 -999.0 -999.0 -999.0 2207.1 1695.3 1366.9 1707.5 1311.8 1341.2 1375.0 1152.6 1084.5 1350.3 1078.3 1610.3 1595.5 1727.3 1884.5 2018.2 1988.8 1924.9 1910.3 1870.9 1826.8 1907.6 1835.1 1847.0 1825.7 1759.7 1842.7 1830.7 1900.3 1845.9 1796.4 1793.1 1813.9 1944.4 1994.1 2019.8 2041.1 1995.6 2025.2 2016.4 2011.0 2009.9 1916.4 1951.7 1803.3 1817.4 1821.1 1910.2 1892.3 1924.8 1950.2
-999.0 -999.0 -999.0 -999.0 -999.0 -999.0 -999.0 -999.0 -999.0 -999.0 -999.0 -999.0 -999.0 -999.0 -999.0 -999.0 -999.0 -999.0 -999.0 -999.0 2216.7 1619.2 1565.8 1717.8 1486.6 1650.4 1168.8 1223.1 1570.7 1343.3 1401.8 1567.0 1587.8 1840.9 1961.8 2040.5 1915.9 1915.1 1897.8 1902.2 1932.1 1925.1 1907.1 1897.3 1872.3 1832.6 1891.3 1921.3 1916.0 1884.7 1918.2 1875.8 1856.2 2003.9 1888.0 1818.0 1923.5 1926.5 1947.4 2012.2 1957.5 1867.9 1751.7 1782.0 1854.9 1851.6 1825.3 1893.0 1881.4 1928.1 1940.5
-999.0 -999.0 -999.0 -999.0 -999.0 -999.0 -999.0 -999.0 -999.0 -999.0 -999.0 -999.0 -999.0 -999.0 -999.0 -999.0 -999.0 -999.0 -999.0 -999.0 -999.0 1637.3 2143.6 1970.2 1618.7 1257.1 1384.5 1263.7 1251.8 1607.1 1565.5 1527.2 1857.3 1921.1 2014.2 2010.1 1971.6 1927.9 1951.6 1969.0 1963.9 1965.3 1951.0 1915.6 1920.1 1868.3 1892.2 1954.0 1797.2 1871.5 1977.0 1982.8 1970.4 1954.9 1959.6 1851.4 1832.1 1893.9 1815.4 1961.0 1973.9 1851.7 1855.8 1828.6 1857.1 1922.0 1866.4 1901.7 1931.0 1980.5 1953.0
-999.0 -999.0 -999.0 -999.0 -999.0 -999.0 -999.0 -999.0 -999.0 -999.0 -999.0 -999.0 -999.0 -999.0 -999.0 -999.0 -999.0 -999.0 -999.0 -999.0 -999.0 1950.0 1437.9 1327.7 1469.9 1518.1 1614.6 1437.6 1600.9 1583.8 1773.3 1929.4 1757.6 1955.9 1996.5 1830.5 1868.6 1907.5 1973.5 2043.2 2021.5 1926.9 1939.1 1843.8 1855.0 1873.1 1911.7 1978.6 1825.6 1791.5 1917.6 1980.5 2002.7 1975.9 1954.9 1920.0 1872.4 1829.7 1688.1 1841.3 1993.3 1932.6 1852.3 1766.4 1738.7 1810.3 1923.5 1914.3 1967.3 2008.7 2043.8
-999.0 -999.0 -999.0 -999.0 -999.0 -999.0 -999.0 -999.0 -999.0 -999.0 -999.0 -999.0 -999.0 -999.0 -999.0 -999.0 -999.0 -999.0 -999.0 -999.0 2018.1 1806.4 1879.3 1198.6 1586.1 1681.3 1482.1 1528.9 1657.2 1436.8 1803.7 1931.1 1715.2 2013.0 1479.3 1716.5 1877.8 1899.5 1835.3 1964.9 1968.1 1706.5 1740.7 1819.2 1933.1 1898.2 1930.9 1982.3 1947.4 1933.9 1969.5 2000.7 1993.5 1990.7 1968.5 1905.1 1910.9 1814.3 1855.8 1950.9 1977.6 1896.2 1810.9 1735.7 1713.6 1785.6 1932.5 1955.3 2013.1 2070.2 2103.6
-999.0 -999.0 -999.0 -999.0 -999.0 -999.0 -999.0 -999.0 -999.0 -999.0 -999.0 -999.0 -999.0 -999.0 -999.0 -999.0 -999.0 -999.0 -999.0 -999.0 2229.5 1931.3 1301.2 1711.9 2023.4 1779.0 1721.4 1552.4 1399.0 1458.3 1780.1 1887.9 1859.1 1950.7 1825.0 1739.7 1661.2 1691.7 1886.0 1876.1 1876.3 1841.4 1798.8 1913.8 1940.7 1905.8 1949.8 1949.7 1968.5 2036.2 2023.7 2011.3 2004.9 1994.0 1992.4 1961.7 1947.1 1873.7 1862.8 1933.5 1932.8 1824.1 1722.2 1663.3 1772.1 1781.7 1839.6 1934.6 2057.5 2036.4 2131.1
-999.0 -999.0 -999.0 -999.0 -999.0 -999.0 -999.0 -999.0 -999.0 -999.0 -999.0 -999.0 -999.0 -999.0 -999.0 -999.0 -999.0 -999.0 -999.0 -999.0 2299.0 1799.7 2093.8 1809.5 1825.3 1678.2 1657.7 1269.5 1455.4 1372.4 1654.9 1793.7 1941.9 1946.4 1830.7 1556.0 1435.3 1373.2 1785.4 1665.1 1784.8 1785.9 1822.4 1972.2 1945.6 1939.1 1979.7 1989.4 2064.2 2083.8 1977.8 1985.1 2023.7 1999.0 1897.1 2003.9 1969.2 1928.6 1932.8 1968.4 1933.8 1823.9 1775.9 1779.2 1821.5 1848.2 1948.8 1989.7 1992.0 2030.7 2116.1
-999.0 -999.0 -999.0 -999.0 -999.0 -999.0 -999.0 -999.0 -999.0 -999.0 -999.0 -999.0 -999.0 -999.0 -999.0 -999.0 -999.0 -999.0 -999.0 -999.0 -999.0 2047.5 1716.0 1488.3 1278.0 1179.6 1403.7 1413.7 1595.4 1849.4 1884.0 1933.3 1856.8 1839.9 1882.9 1730.0 1713.3 1459.1 1656.3 1760.6 1800.8 1714.1 1767.4 1960.4 1880.1 1985.3 2044.9 1916.8 2098.0 2115.1 2111.6 2053.3 2066.0 2034.5 1889.0 1945.5 2003.4 1941.5 1950.7 1958.8 1905.0 1818.4 1848.8 1879.6 1944.9 1912.3 2006.9 1929.7 1958.6 2067.0 2102.8
