GDD/GrowingDegreeDays_1972_Actual.txt
ncols         180
nrows         290
xllcorner     -200000
yllcorner     -200000
cellsize      5000
NODATA_value    -999
[rows 96 to 127 of 290, columns 72 to 143 of 180]
1071.0 1214.0 1294.9 950.2 1219.1 635.9 674.3 945.6 1202.1 787.2 454.6 451.9 392.7 593.4 672.0 716.0 483.7 545.7 438.2 406.3 647.7 651.0 677.3 908.5 820.6 987.3 764.0 583.8 635.2 572.6 690.1 730.6 641.9 588.1 685.4 744.1 635.0 630.8 927.7 1032.4 1128.9 1141.9 957.3 1045.2 -999.0 -999.0 -999.0 -999.0 -999.0 -999.0 -999.0 -999.0 -999.0 -999.0 -999.0 -999.0 -999.0 -999.0 -999.0 -999.0 -999.0 -999.0 -999.0 -999.0 -999.0 -999.0 -999.0 -999.0 -999.0 -999.0 -999.0 -999.0
863.3 1239.4 1288.0 941.5 1127.7 789.4 952.0 1181.4 1226.4 868.4 527.6 1171.9 538.6 703.2 562.4 735.3 534.1 762.7 609.4 693.5 702.3 367.9 730.8 720.3 834.0 897.1 940.1 615.5 729.9 825.2 785.0 593.2 749.2 667.0 812.5 768.1 812.8 907.6 1066.1 1057.3 1034.8 1069.1 1187.2 -999.0 -999.0 -999.0 -999.0 -999.0 -999.0 -999.0 -999.0 -999.0 -999.0 -999.0 -999.0 -999.0 -999.0 -999.0 -999.0 -999.0 -999.0 -999.0 -999.0 -999.0 -999.0 -999.0 -999.0 -999.0 -999.0 -999.0 -999.0 -999.0
1233.1 758.1 924.9 869.8 616.1 451.3 1218.2 1318.2 549.1 994.1 1066.5 517.6 661.3 483.2 658.8 497.3 836.9 919.0 970.8 939.6 945.6 912.2 688.0 921.6 775.4 738.2 981.0 832.6 709.5 886.1 892.1 778.3 787.6 884.2 802.8 890.4 1058.0 1123.3 1153.9 1054.0 1122.6 1184.5 1191.5 -999.0 -999.0 -999.0 -999.0 -999.0 -999.0 -999.0 -999.0 -999.0 -999.0 -999.0 -999.0 -999.0 -999.0 -999.0 -999.0 -999.0 -999.0 -999.0 -999.0 -999.0 -999.0 -999.0 -999.0 -999.0 -999.0 -999.0 -999.0 -999.0
734.2 1033.0 864.3 830.8 1246.4 1274.6 -999.0 1067.3 529.2 687.4 444.2 811.7 944.3 717.2 801.3 830.4 816.8 761.2 696.1 625.6 540.0 346.4 508.5 721.4 716.5 990.3 1102.8 1201.6 810.6 743.1 918.9 923.2 894.8 1037.7 1002.7 1065.3 1143.3 1127.6 1100.8 1080.4 1018.4 1038.8 -999.0 -999.0 -999.0 -999.0 -999.0 -999.0 -999.0 -999.0 -999.0 -999.0 -999.0 -999.0 -999.0 -999.0 -999.0 -999.0 -999.0 -999.0 -999.0 -999.0 -999.0 -999.0 -999.0 -999.0 -999.0 -999.0 -999.0 -999.0 -999.0 -999.0
1051.5 951.7 1064.6 786.8 1173.3 -999.0 1324.6 1108.1 1293.6 883.9 1027.2 693.3 353.7 716.9 637.4 773.5 553.4 417.3 506.8 686.5 1008.1 945.7 1058.9 809.2 880.8 885.9 782.8 855.4 891.7 846.3 973.9 1104.1 1087.0 1167.0 1165.6 1117.9 1071.5 1078.9 1072.0 1062.8 1159.3 1156.8 -999.0 -999.0 -999.0 -999.0 -999.0 -999.0 -999.0 -999.0 -999.0 -999.0 -999.0 -999.0 -999.0 -999.0 -999.0 -999.0 -999.0 -999.0 -999.0 -999.0 -999.0 -999.0 -999.0 -999.0 -999.0 -999.0 -999.0 -999.0 -999.0 -999.0
1100.4 1298.9 946.0 1238.6 -999.0 1372.5 1344.2 1180.8 386.9 714.6 277.0 642.0 833.9 936.3 644.3 597.8 708.2 563.3 778.7 609.4 529.8 683.8 1118.7 817.3 645.7 598.9 802.8 805.8 1209.8 1021.3 1179.4 1239.1 1243.7 1205.2 961.0 969.5 960.0 984.4 969.7 1055.5 1167.6 1263.0 -999.0 -999.0 -999.0 -999.0 -999.0 -999.0 -999.0 -999.0 -999.0 -999.0 -999.0 -999.0 -999.0 -999.0 -999.0 -999.0 -999.0 -999.0 -999.0 -999.0 -999.0 -999.0 -999.0 -999.0 -999.0 -999.0 -999.0 -999.0 -999.0 -999.0
1200.1 643.3 1327.9 -999.0 1403.7 -999.0 998.9 846.3 660.3 1263.0 462.4 697.5 648.0 796.9 312.7 693.3 315.6 715.4 790.8 432.4 922.6 1308.8 796.7 488.2 436.4 867.1 875.3 855.4 957.6 1119.3 1193.1 1205.4 1189.4 885.3 1022.0 1054.9 1118.7 1074.2 1063.8 1176.6 1263.1 -999.0 -999.0 -999.0 -999.0 -999.0 -999.0 -999.0 -999.0 -999.0 -999.0 -999.0 -999.0 -999.0 -999.0 -999.0 -999.0 -999.0 -999.0 -999.0 -999.0 -999.0 -999.0 -999.0 -999.0 -999.0 -999.0 -999.0 -999.0 -999.0 -999.0 -999.0
582.9 899.9 1329.2 -999.0 -999.0 1297.1 1257.6 1269.5 1199.9 847.9 409.4 1055.4 837.3 351.3 592.8 590.1 407.1 406.2 594.4 1121.1 652.0 661.4 490.8 607.1 778.2 557.5 554.5 853.3 1056.4 1218.9 1210.6 1094.7 849.3 1071.3 1182.3 1186.8 1335.5 1274.3 1181.2 -999.0 -999.0 -999.0 -999.0 -999.0 -999.0 -999.0 -999.0 -999.0 -999.0 -999.0 -999.0 -999.0 -999.0 -999.0 -999.0 -999.0 -999.0 -999.0 -999.0 -999.0 -999.0 -999.0 -999.0 -999.0 -999.0 -999.0 -999.0 -999.0 -999.0 -999.0 -999.0 -999.0
997.7 1193.8 1330.2 -999.0 1380.9 1232.8 1067.0 875.2 1079.5 854.2 1166.8 1169.8 921.8 658.3 728.5 874.8 934.1 865.3 721.7 519.2 886.0 697.9 760.7 623.4 556.9 754.0 813.8 1000.2 1157.1 1246.1 1254.2 1040.5 1113.6 1277.4 1295.5 1348.2 1321.7 1312.9 -999.0 -999.0 -999.0 -999.0 -999.0 -999.0 -999.0 -999.0 -999.0 -999.0 -999.0 -999.0 -999.0 -999.0 -999.0 -999.0 -999.0 -999.0 -999.0 -999.0 -999.0 -999.0 -999.0 -999.0 -999.0 -999.0 -999.0 -999.0 -999.0 -999.0 -999.0 -999.0 -999.0 -999.0
910.4 1165.8 -999.0 -999.0 1335.1 884.8 991.3 798.9 1050.1 1210.6 988.9 642.1 636.3 725.1 813.2 722.9 519.8 863.6 704.7 1016.1 890.6 674.6 961.4 1186.8 1210.1 1099.6 1168.7 1229.1 1210.2 1246.1 1389.7 1229.3 1279.7 1324.2 1173.7 1252.9 1194.2 1270.9 -999.0 -999.0 -999.0 -999.0 -999.0 -999.0 -999.0 -999.0 -999.0 -999.0 -999.0 -999.0 -999.0 -999.0 -999.0 -999.0 -999.0 -999.0 -999.0 -999.0 -999.0 -999.0 -999.0 -999.0 -999.0 -999.0 -999.0 -999.0 -999.0 -999.0 -999.0 -999.0 -999.0 -999.0
-999.0 -999.0 -999.0 1352.4 988.0 953.4 856.3 941.8 863.1 631.5 689.5 522.2 938.9 663.1 1149.6 581.1 1062.8 480.9 926.1 718.4 437.1 833.3 1023.7 896.4 1012.8 1218.6 1188.2 1273.9 1347.0 1272.4 1358.8 1350.2 1246.0 1251.6 1242.8 1192.2 1250.6 1235.5 1322.3 -999.0 -999.0 -999.0 -999.0 -999.0 -999.0 -999.0 -999.0 -999.0 -999.0 -999.0 -999.0 -999.0 -999.0 -999.0 -999.0 -999.0 -999.0 -999.0 -999.0 -999.0 -999.0 -999.0 -999.0 -999.0 -999.0 -999.0 -999.0 -999.0 -999.0 -999.0 -999.0 -999.0
-999.0 -999.0 -999.0 1300.4 1283.1 937.6 831.3 1185.5 759.1 1003.7 1205.6 840.4 653.1 740.0 1339.3 660.2 732.4 678.0 903.9 618.2 792.0 728.5 584.2 843.4 939.6 1003.8 1081.5 1118.7 1077.5 1040.2 952.3 1012.6 1186.4 1296.2 1250.6 1070.2 1185.2 1072.4 1151.0 1206.3 -999.0 -999.0 -999.0 -999.0 -999.0 -999.0 -999.0 -999.0 -999.0 -999.0 -999.0 -999.0 -999.0 -999.0 -999.0 -999.0 -999.0 -999.0 -999.0 -999.0 -999.0 -999.0 -999.0 -999.0 -999.0 -999.0 -999.0 -999.0 -999.0 -999.0 -999.0 -999.0
-999.0 -999.0 1347.3 1291.5 1206.5 889.3 1073.3 874.6 888.7 1041.8 1242.3 792.3 754.8 564.6 1258.4 761.7 879.3 821.3 888.6 787.9 1223.4 1062.0 987.8 1019.9 1165.4 997.0 837.4 676.5 769.9 837.3 959.8 1075.5 1011.8 1277.5 1141.6 1085.6 1076.9 1083.2 1120.9 1184.3 1279.0 -999.0 -999.0 -999.0 -999.0 -999.0 -999.0 -999.0 -999.0 -999.0 -999.0 -999.0 -999.0 -999.0 -999.0 -999.0 -999.0 -999.0 -999.0 -999.0 -999.0 -999.0 -999.0 -999.0 -999.0 -999.0 -999.0 -999.0 -999.0 -999.0 -999.0 -999.0
-999.0 1335.0 -999.0 1230.1 1072.6 1174.1 858.7 743.7 1213.9 1307.2 967.3 623.8 910.8 1401.6 1163.8 400.0 1078.4 1046.7 915.0 919.7 1124.7 1182.9 1270.9 1219.7 960.9 640.0 672.9 810.0 889.8 1043.3 1068.4 1107.8 1061.3 1165.7 1169.1 1272.3 1351.6 1349.3 1345.6 1347.4 -999.0 -999.0 -999.0 -999.0 -999.0 -999.0 -999.0 -999.0 -999.0 -999.0 -999.0 -999.0 -999.0 -999.0 -999.0 -999.0 -999.0 -999.0 -999.0 -999.0 -999.0 -999.0 -999.0 -999.0 -999.0 -999.0 -999.0 -999.0 -999.0 -999.0 -999.0 -999.0
1339.0 973.8 -999.0 1263.3 1222.1 1108.2 1099.4 1146.9 1142.0 712.1 1196.6 771.6 816.4 822.9 1066.1 1243.4 609.5 1025.6 1149.1 1258.8 1303.0 1340.5 1376.8 1396.1 1074.7 1248.6 1272.6 1263.4 1119.7 1003.5 1095.5 1110.9 1192.0 1262.6 1262.9 1380.0 -999.0 -999.0 -999.0 -999.0 -999.0 -999.0 -999.0 -999.0 -999.0 -999.0 -999.0 -999.0 -999.0 -999.0 -999.0 -999.0 -999.0 -999.0 -999.0 -999.0 -999.0 -999.0 -999.0 -999.0 -999.0 -999.0 -999.0 -999.0 -999.0 -999.0 -999.0 -999.0 -999.0 -999.0 -999.0 -999.0
1095.1 1187.7 -999.0 922.7 1220.9 1016.7 1157.5 1374.1 833.6 817.3 686.2 677.5 1417.0 876.2 846.4 1329.6 1037.9 968.8 1143.8 1129.1 1085.5 1052.3 1005.5 1340.1 1392.2 1388.2 1321.1 1237.2 1144.1 1040.1 1110.2 1127.9 1147.2 1289.1 -999.0 -999.0 -999.0 -999.0 -999.0 -999.0 -999.0 -999.0 -999.0 -999.0 -999.0 -999.0 -999.0 -999.0 -999.0 -999.0 -999.0 -999.0 -999.0 -999.0 -999.0 -999.0 -999.0 -999.0 -999.0 -999.0 -999.0 -999.0 -999.0 -999.0 -999.0 -999.0 -999.0 -999.0 -999.0 -999.0 -999.0 -999.0
1099.5 -999.0 1238.7 1197.9 868.3 1135.5 1315.6 831.3 1089.4 763.7 704.0 959.7 1154.8 829.8 837.2 1411.0 1400.8 1344.1 1257.8 1155.3 1095.8 911.8 881.2 1125.1 1272.0 1376.6 1414.5 1303.8 1296.9 1255.4 1252.6 1082.5 1115.1 1358.6 -999.0 -999.0 -999.0 -999.0 -999.0 -999.0 -999.0 -999.0 -999.0 -999.0 -999.0 -999.0 -999.0 -999.0 -999.0 -999.0 -999.0 -999.0 -999.0 -999.0 -999.0 -999.0 -999.0 -999.0 -999.0 -999.0 -999.0 -999.0 -999.0 -999.0 -999.0 -999.0 -999.0 -999.0 -999.0 -999.0 -999.0 -999.0
1333.7 -999.0 1304.0 721.9 1039.1 -999.0 1217.9 882.5 1060.3 837.8 946.2 898.8 1351.4 1327.2 1148.5 1294.5 1296.2 1157.4 1290.8 669.7 687.0 806.3 829.4 1073.3 1310.0 1335.2 1447.9 1471.6 1415.8 1402.3 1352.4 1376.3 -999.0 -999.0 -999.0 -999.0 -999.0 1313.3 1313.5 1302.5 1393.1 -999.0 -999.0 -999.0 -999.0 -999.0 -999.0 -999.0 -999.0 -999.0 -999.0 -999.0 -999.0 -999.0 -999.0 -999.0 -999.0 -999.0 -999.0 -999.0 -999.0 -999.0 -999.0 -999.0 -999.0 -999.0 -999.0 -999.0 -999.0 -999.0 -999.0 -999.0
-999.0 -999.0 959.3 1264.3 814.1 -999.0 1246.0 797.3 1118.6 1331.2 712.9 1361.9 1476.1 1460.8 1403.9 1251.0 1103.8 893.1 1137.1 1108.3 1194.9 1177.8 1191.3 1101.5 1144.7 1166.1 1259.2 1354.9 1287.8 1242.5 1294.1 1406.5 1426.7 1443.8 -999.0 -999.0 1407.3 1326.7 1236.0 1308.9 1329.1 1359.0 1395.2 -999.0 -999.0 -999.0 -999.0 -999.0 -999.0 -999.0 -999.0 -999.0 -999.0 -999.0 -999.0 -999.0 -999.0 -999.0 -999.0 -999.0 -999.0 -999.0 -999.0 -999.0 -999.0 -999.0 -999.0 -999.0 -999.0 -999.0 -999.0 -999.0
-999.0 -999.0 1330.9 1047.5 888.7 1323.3 1091.8 1270.4 1143.6 1074.5 1011.1 1424.8 1314.1 1107.3 1114.1 1128.4 1307.3 1313.6 1285.7 1321.5 1256.3 1241.1 1213.3 1131.1 1060.9 1077.6 1155.7 1045.7 1019.1 1206.6 1293.5 1357.4 1366.4 1334.3 1397.1 1359.0 1265.0 1241.5 1289.7 1208.1 1045.7 1075.7 1004.8 1315.8 -999.0 -999.0 -999.0 -999.0 -999.0 -999.0 -999.0 -999.0 -999.0 -999.0 -999.0 -999.0 -999.0 -999.0 -999.0 -999.0 -999.0 -999.0 -999.0 -999.0 -999.0 -999.0 -999.0 -999.0 -999.0 -999.0 -999.0 -999.0
-999.0 -999.0 1135.4 793.0 1107.1 1024.8 1356.1 1124.5 1215.6 1401.1 1432.5 -999.0 1106.5 832.5 1112.8 1216.0 1336.5 1323.4 1420.3 1461.4 1272.7 1269.7 1218.7 1054.7 1013.2 986.1 1050.7 1086.1 1088.0 1156.6 1169.0 1175.3 1112.5 1237.9 1324.6 1166.0 1198.0 1156.1 1175.8 1059.6 914.7 883.5 843.5 1008.7 970.4 938.7 1241.5 -999.0 -999.0 -999.0 -999.0 -999.0 -999.0 -999.0 -999.0 -999.0 -999.0 -999.0 -999.0 -999.0 -999.0 -999.0 -999.0 -999.0 -999.0 -999.0 -999.0 -999.0 -999.0 -999.0 -999.0 -999.0
-999.0 -999.0 1138.1 1166.6 1241.9 852.9 1394.8 -999.0 1431.8 1316.3 1457.9 -999.0 1059.1 715.7 1018.3 1089.4 1296.6 1442.1 1408.7 1412.2 1472.4 1394.1 1305.3 1195.7 989.0 947.0 936.4 1016.3 1009.8 951.3 932.7 842.3 973.3 1192.0 1256.5 1121.4 1095.6 1055.4 745.6 703.4 852.7 854.8 922.3 961.0 955.6 1120.2 1155.1 -999.0 -999.0 -999.0 -999.0 -999.0 -999.0 -999.0 -999.0 -999.0 -999.0 -999.0 -999.0 -999.0 -999.0 -999.0 -999.0 -999.0 -999.0 -999.0 -999.0 -999.0 -999.0 -999.0 -999.0 -999.0
-999.0 -999.0 -999.0 1183.0 1027.0 1185.9 1429.8 -999.0 -999.0 1408.0 1505.5 1392.0 1116.8 882.2 1185.9 1114.1 1003.2 1158.5 1211.5 1289.8 1131.1 1297.1 1395.9 1279.7 1149.6 992.6 917.6 814.0 901.0 780.2 771.2 906.4 1019.5 1000.2 1045.9 990.0 895.5 824.5 849.4 721.9 832.0 884.2 919.6 1166.7 1160.7 1065.4 1061.8 1136.4 -999.0 -999.0 -999.0 -999.0 -999.0 -999.0 -999.0 -999.0 -999.0 -999.0 -999.0 -999.0 -999.0 -999.0 -999.0 -999.0 -999.0 -999.0 -999.0 -999.0 -999.0 -999.0 -999.0 -999.0
-999.0 -999.0 1380.9 1122.0 1072.8 -999.0 -999.0 -999.0 -999.0 -999.0 1528.1 1531.3 1092.8 1141.2 1303.2 1151.8 1015.3 944.8 1040.1 1125.3 1057.4 1059.0 1188.6 1301.1 1117.8 938.5 962.0 925.8 893.3 791.8 856.4 938.7 921.6 933.9 746.8 783.8 888.2 906.7 990.9 870.3 903.4 974.5 964.4 1151.8 1196.8 1186.2 1189.7 1239.8 -999.0 -999.0 -999.0 -999.0 -999.0 -999.0 -999.0 -999.0 -999.0 -999.0 -999.0 -999.0 -999.0 -999.0 -999.0 -999.0 -999.0 -999.0 -999.0 -999.0 -999.0 -999.0 -999.0 -999.0
1436.9 -999.0 1015.9 1125.4 1341.2 1403.4 1118.7 1033.2 -999.0 -999.0 -999.0 1527.8 1274.6 1278.3 1273.5 1235.5 1132.9 990.4 922.4 882.2 865.8 967.0 1016.1 1102.8 1298.1 1000.4 999.5 934.0 954.4 1015.5 1020.5 832.5 916.6 736.6 578.5 660.3 812.0 824.1 1021.3 991.5 1018.3 1019.6 1024.0 1183.5 1210.0 1226.8 1191.5 1167.6 1197.9 -999.0 -999.0 -999.0 -999.0 -999.0 -999.0 -999.0 -999.0 -999.0 -999.0 -999.0 -999.0 -999.0 -999.0 -999.0 -999.0 -999.0 -999.0 -999.0 -999.0 -999.0 -999.0 -999.0
-999.0 1401.4 970.1 1111.0 1392.3 1073.5 878.6 785.9 1368.5 -999.0 -999.0 -999.0 1476.8 1404.1 1396.1 1336.5 1273.4 1188.1 999.8 934.8 929.1 1010.9 1030.7 1039.3 1058.5 1135.5 1061.4 992.6 875.9 947.9 795.6 1040.1 916.3 963.4 947.1 683.4 715.3 892.9 978.6 1092.2 1119.5 1123.0 1132.1 1207.6 1215.5 1255.3 1183.4 1124.7 1176.9 1232.3 -999.0 -999.0 -999.0 -999.0 -999.0 -999.0 -999.0 -999.0 -999.0 -999.0 -999.0 -999.0 -999.0 -999.0 -999.0 -999.0 -999.0 -999.0 -999.0 -999.0 -999.0 -999.0
-999.0 1264.6 1087.4 938.0 1408.3 1410.7 1003.4 912.3 1436.8 -999.0 -999.0 -999.0 -999.0 -999.0 1418.4 1397.2 1412.1 1347.2 1225.4 1128.0 977.7 798.0 835.6 954.4 1025.1 1104.5 1007.7 978.9 934.8 999.3 835.3 1056.5 958.8 901.4 983.5 1159.1 1052.0 1143.0 1060.4 1178.7 1101.5 1147.3 1274.6 1296.5 1283.1 1253.4 1254.5 1078.4 1077.1 1148.0 1238.2 -999.0 -999.0 -999.0 -999.0 -999.0 -999.0 -999.0 -999.0 -999.0 -999.0 -999.0 -999.0 -999.0 -999.0 -999.0 -999.0 -999.0 -999.0 -999.0 -999.0 -999.0
-999.0 1173.1 968.2 1086.6 -999.0 1433.2 1313.3 740.5 1279.6 -999.0 -999.0 -999.0 -999.0 -999.0 1415.4 1313.2 1188.0 1252.3 1067.1 873.6 885.5 763.5 744.4 811.6 967.9 906.1 967.3 992.8 845.0 810.0 1068.0 508.2 870.0 687.2 915.6 795.4 862.3 1186.0 1041.5 1156.2 1213.1 1244.5 1228.9 1141.1 1102.8 1168.3 1118.5 1230.4 1081.2 966.2 1159.6 1173.8 1270.0 -999.0 -999.0 -999.0 -999.0 -999.0 -999.0 -999.0 -999.0 -999.0 -999.0 -999.0 -999.0 -999.0 -999.0 -999.0 -999.0 -999.0 -999.0 -999.0
-999.0 1189.0 1171.0 1375.2 -999.0 -999.0 1094.1 842.8 1012.0 -999.0 -999.0 -999.0 -999.0 -999.0 1419.4 1362.8 1195.2 1209.9 1128.3 973.8 1051.4 951.6 936.4 809.1 882.2 862.0 922.8 780.6 556.2 697.4 799.5 439.3 545.2 819.8 801.2 963.3 1130.3 1071.7 1037.0 1146.4 1121.3 1125.6 1229.5 1183.4 1183.6 1055.4 834.9 978.4 1034.5 999.4 999.1 1161.3 1238.1 -999.0 -999.0 -999.0 -999.0 -999.0 -999.0 -999.0 -999.0 -999.0 -999.0 -999.0 -999.0 -999.0 -999.0 -999.0 -999.0 -999.0 -999.0 -999.0
-999.0 1308.4 1270.2 -999.0 -999.0 -999.0 1442.3 1273.5 1250.9 -999.0 -999.0 -999.0 -999.0 -999.0 1397.4 1312.6 1218.8 1190.9 1153.6 1078.5 979.9 748.8 671.8 827.5 774.6 910.2 934.2 917.4 701.9 928.9 597.7 673.3 787.4 717.9 701.4 1042.3 930.2 1090.0 1027.4 1053.7 1219.3 1124.9 1078.5 1088.7 1158.6 777.8 730.5 766.7 1025.0 1002.4 1002.3 1100.2 1164.8 -999.0 -999.0 -999.0 -999.0 -999.0 -999.0 -999.0 -999.0 -999.0 -999.0 -999.0 -999.0 -999.0 -999.0 -999.0 -999.0 -999.0 -999.0 -999.0
1069.7 1133.3 932.2 1496.7 -999.0 -999.0 -999.0 -999.0 -999.0 -999.0 -999.0 -999.0 -999.0 1287.6 1288.3 1175.0 1161.9 1126.9 1047.1 1064.5 925.3 879.8 746.0 872.3 923.6 823.9 864.5 704.6 649.6 663.5 505.5 549.4 831.4 768.6 735.2 837.4 958.8 949.1 1119.7 1053.6 1012.5 1152.6 1038.0 1049.9 875.6 840.4 652.2 765.6 1055.4 1080.2 1141.8 1083.0 1147.4 -999.0 -999.0 -999.0 -999.0 -999.0 -999.0 -999.0 -999.0 -999.0 -999.0 -999.0 -999.0 -999.0 -999.0 -999.0 -999.0 -999.0 -999.0 -999.0
980.4 999.5 1154.0 1481.8 -999.0 -999.0 -999.0 -999.0 -999.0 -999.0 -999.0 -999.0 -999.0 1052.4 1288.8 1144.3 999.0 900.1 921.7 997.2 992.5 957.1 1093.4 987.6 785.9 801.1 847.2 811.6 898.4 998.1 543.9 842.9 801.5 830.9 818.3 880.4 987.5 1133.6 956.5 1026.9 1029.3 1049.2 996.4 863.7 785.6 861.4 776.9 808.4 1065.9 1191.2 1186.5 1036.7 1210.0 -999.0 -999.0 -999.0 -999.0 -999.0 -999.0 -999.0 -999.0 -999.0 -999.0 -999.0 -999.0 -999.0 -999.0 -999.0 -999.0 -999.0 -999.0 -999.0
