GDD/GrowingDegreeDays_1981_Actual.txt
ncols         180
nrows         290
xllcorner     -200000
yllcorner     -200000
cellsize      5000
NODATA_value    -999
[rows 160 to 191 of 290, columns 71 to 141 of 180]
-999.0 -999.0 -999.0 -999.0 -999.0 -999.0 -999.0 -999.0 -999.0 -999.0 -999.0 -999.0 -999.0 -999.0 -999.0 -999.0 -999.0 -999.0 -999.0 -999.0 -999.0 -999.0 -999.0 -999.0 -999.0 -999.0 -999.0 -999.0 -999.0 -999.0 -999.0 -999.0 -999.0 -999.0 -999.0 1578.7 1565.5 1554.2 1515.1 1281.0 1178.5 971.1 1228.2 1121.0 1480.3 1370.8 1378.6 1264.6 1205.6 1275.0 1217.1 1527.4 1516.0 1511.8 1528.3 1563.2 1471.4 1524.5 1561.2 1589.9 1628.9 1673.5 1642.1 1599.3 1575.9 1561.7 1448.8 1509.4 1580.9 1619.8 1633.2
-999.0 -999.0 -999.0 -999.0 -999.0 -999.0 -999.0 -999.0 -999.0 -999.0 -999.0 -999.0 -999.0 -999.0 -999.0 -999.0 -999.0 -999.0 -999.0 -999.0 -999.0 -999.0 -999.0 -999.0 -999.0 -999.0 -999.0 -999.0 -999.0 -999.0 -999.0 -999.0 -999.0 -999.0 -999.0 1585.4 1571.5 1594.2 1623.7 1554.3 1279.9 1455.8 1430.1 1527.0 1404.1 1166.5 1293.4 1161.2 1212.5 1164.3 1504.4 1277.6 1469.6 1386.2 1437.7 1431.1 1493.0 1463.0 1506.5 1605.0 1637.7 1645.1 1600.6 1561.1 1568.8 1583.0 1569.8 1499.2 1566.2 1627.3 1644.5
-999.0 -999.0 -999.0 -999.0 -999.0 -999.0 -999.0 -999.0 -999.0 -999.0 -999.0 -999.0 -999.0 -999.0 -999.0 -999.0 -999.0 -999.0 -999.0 -999.0 -999.0 -999.0 -999.0 -999.0 -999.0 -999.0 -999.0 -999.0 -999.0 -999.0 -999.0 -999.0 -999.0 -999.0 -999.0 1587.8 1595.9 1560.3 1656.1 1604.7 1502.3 1463.3 1504.8 1559.3 1423.9 1318.6 1317.5 1168.0 1052.7 1289.4 1389.3 1572.1 1473.6 1646.8 1584.2 1521.4 1468.9 1490.7 1520.4 1629.1 1642.3 1626.5 1591.0 1560.1 1567.2 1583.8 1587.8 1532.3 1513.5 1633.2 1720.7
-999.0 -999.0 -999.0 -999.0 -999.0 -999.0 -999.0 -999.0 -999.0 -999.0 -999.0 -999.0 -999.0 -999.0 -999.0 -999.0 -999.0 -999.0 -999.0 -999.0 -999.0 -999.0 -999.0 -999.0 -999.0 -999.0 -999.0 -999.0 -999.0 -999.0 -999.0 -999.0 -999.0 -999.0 -999.0 1596.5 1576.8 1563.6 1605.5 1601.9 1570.4 1574.4 1486.1 1370.0 1510.6 1429.3 1328.5 1002.9 1011.3 1033.3 1220.6 1428.0 1520.1 1514.8 1627.6 1671.5 1566.3 1507.5 1584.6 1631.0 1635.2 1638.6 1612.5 1592.4 1597.7 1616.2 1633.4 1553.7 1534.8 1710.8 1804.8
-999.0 -999.0 -999.0 -999.0 -999.0 -999.0 -999.0 -999.0 -999.0 -999.0 -999.0 -999.0 -999.0 -999.0 -999.0 -999.0 -999.0 -999.0 -999.0 -999.0 -999.0 -999.0 -999.0 -999.0 -999.0 -999.0 -999.0 -999.0 -999.0 -999.0 -999.0 -999.0 -999.0 -999.0 -999.0 1605.0 1606.0 1616.2 1654.4 1640.6 1632.7 1529.6 1496.2 1385.7 1328.2 1168.7 1073.3 1004.0 1185.3 1126.6 1312.8 1398.1 1541.6 1418.3 1526.2 1646.7 1691.0 1679.8 1659.9 1662.2 1645.7 1637.5 1638.2 1628.2 1629.3 1649.4 1649.9 1667.6 1645.8 1745.9 1822.8
-999.0 -999.0 -999.0 -999.0 -999.0 -999.0 -999.0 -999.0 -999.0 -999.0 -999.0 -999.0 -999.0 -999.0 -999.0 -999.0 -999.0 -999.0 -999.0 -999.0 -999.0 -999.0 -999.0 -999.0 -999.0 -999.0 -999.0 -999.0 -999.0 -999.0 -999.0 -999.0 -999.0 -999.0 -999.0 -999.0 1600.2 1617.3 1645.4 1649.6 1547.7 1360.0 1314.0 1264.7 1320.5 1330.5 1168.1 1188.8 1109.8 1226.9 1458.6 1666.4 1622.9 1560.8 1535.1 1684.9 1685.8 1628.3 1654.2 1689.4 1644.9 1655.1 1660.6 1657.7 1651.9 1659.0 1658.3 1654.5 1696.4 1727.4 1771.1
-999.0 -999.0 -999.0 -999.0 -999.0 -999.0 -999.0 -999.0 -999.0 -999.0 -999.0 -999.0 -999.0 -999.0 -999.0 -999.0 -999.0 -999.0 -999.0 -999.0 -999.0 -999.0 -999.0 -999.0 -999.0 -999.0 -999.0 -999.0 -999.0 -999.0 -999.0 -999.0 -999.0 -999.0 -999.0 1644.6 1603.5 1626.4 1651.3 1632.8 1552.6 1237.0 1191.1 1305.5 1125.6 1158.2 1224.8 1241.2 1018.9 1206.7 1235.6 1462.9 1737.0 1527.0 1655.3 1736.8 1642.4 1634.9 1692.5 1659.2 1673.1 1676.7 1668.8 1664.8 1660.7 1661.2 1561.0 1631.5 1665.6 1580.4 1630.1
-999.0 -999.0 -999.0 -999.0 -999.0 -999.0 -999.0 -999.0 -999.0 -999.0 -999.0 -999.0 -999.0 -999.0 -999.0 -999.0 -999.0 -999.0 -999.0 -999.0 -999.0 -999.0 -999.0 -999.0 -999.0 -999.0 -999.0 -999.0 -999.0 -999.0 -999.0 -999.0 -999.0 -999.0 -999.0 1645.2 1638.4 1633.9 1649.2 1496.9 1550.8 1464.1 1215.8 1413.8 1400.7 1368.4 1445.6 1410.8 1173.2 1244.0 1274.0 1573.8 1480.6 1390.5 1606.9 1540.9 1600.3 1565.2 1614.9 1647.7 1695.8 1700.6 1683.0 1675.2 1656.5 1673.3 1656.6 1596.8 1655.8 1616.0 1567.7
-999.0 -999.0 -999.0 -999.0 -999.0 -999.0 -999.0 -999.0 -999.0 -999.0 -999.0 -999.0 -999.0 -999.0 -999.0 -999.0 -999.0 -999.0 -999.0 -999.0 -999.0 -999.0 -999.0 -999.0 -999.0 -999.0 -999.0 -999.0 -999.0 -999.0 -999.0 -999.0 -999.0 -999.0 1624.4 1648.0 1640.2 1549.7 1573.2 1566.0 1602.2 1519.1 1484.0 1518.3 1564.4 1586.5 1546.1 1441.5 1207.4 1046.6 1014.1 1323.9 1239.3 1316.5 1552.2 1556.7 1649.2 1624.9 1621.2 1676.3 1704.2 1708.2 1700.8 1683.0 1657.9 1681.6 1663.4 1643.7 1636.7 1621.7 1508.9
-999.0 -999.0 -999.0 -999.0 -999.0 -999.0 -999.0 -999.0 -999.0 -999.0 -999.0 -999.0 -999.0 -999.0 -999.0 -999.0 -999.0 -999.0 -999.0 -999.0 -999.0 -999.0 -999.0 -999.0 -999.0 -999.0 -999.0 -999.0 -999.0 -999.0 -999.0 -999.0 -999.0 -999.0 -999.0 1628.1 1675.6 1642.5 1622.8 1477.6 1645.6 1648.7 1653.4 1644.7 1644.7 1694.3 1661.5 1551.7 1451.3 1130.1 995.5 950.3 1200.4 1234.7 1388.2 1531.4 1534.9 1704.3 1700.8 1630.9 1702.0 1717.3 1717.4 1687.7 1663.1 1676.0 1669.7 1640.3 1641.8 1635.8 1604.7
-999.0 -999.0 -999.0 -999.0 -999.0 -999.0 -999.0 -999.0 -999.0 -999.0 -999.0 -999.0 -999.0 -999.0 -999.0 -999.0 -999.0 -999.0 -999.0 -999.0 -999.0 -999.0 -999.0 -999.0 -999.0 -999.0 -999.0 -999.0 -999.0 -999.0 -999.0 -999.0 -999.0 -999.0 -999.0 1685.0 1692.8 1716.3 1697.9 1665.5 1666.4 1671.1 1719.0 1727.7 1791.0 1828.2 1780.1 1664.3 1466.4 1395.1 1025.6 893.9 933.0 1139.3 1331.3 1486.2 1613.5 1555.9 1638.3 1586.3 1687.6 1697.7 1714.2 1669.9 1658.8 1663.3 1640.9 1628.4 1638.6 1640.8 1589.7
-999.0 -999.0 -999.0 -999.0 -999.0 -999.0 -999.0 -999.0 -999.0 -999.0 -999.0 -999.0 -999.0 -999.0 -999.0 1662.3 1643.0 1618.2 1591.0 -999.0 -999.0 -999.0 -999.0 -999.0 -999.0 -999.0 -999.0 -999.0 -999.0 -999.0 -999.0 -999.0 -999.0 -999.0 1712.4 1768.1 1727.1 1740.8 1660.7 1664.6 1703.0 1709.4 1722.6 1759.9 1782.1 1823.4 1778.8 1681.6 1542.3 1250.8 1059.5 1045.8 1239.0 1106.8 1289.9 1646.8 1614.6 1677.5 1476.0 1517.0 1645.7 1638.6 1624.9 1607.9 1627.7 1649.4 1648.1 1620.7 1629.4 1661.5 1641.6
-999.0 -999.0 -999.0 -999.0 -999.0 -999.0 -999.0 -999.0 -999.0 -999.0 -999.0 -999.0 -999.0 -999.0 -999.0 1599.5 1533.7 1567.4 1655.3 -999.0 -999.0 -999.0 -999.0 -999.0 -999.0 -999.0 -999.0 -999.0 -999.0 -999.0 -999.0 -999.0 -999.0 1788.9 1661.6 1744.6 1767.0 1686.6 1741.8 1683.1 1715.8 1714.4 1719.9 1743.1 1736.7 1722.2 1736.1 1675.8 1576.0 1443.2 1059.4 1004.5 1254.2 1235.4 1404.9 1550.9 1791.5 1723.9 1568.2 1532.0 1608.2 1664.1 1646.6 1604.7 1606.6 1645.3 1653.3 1643.9 1611.2 1657.0 1638.7
-999.0 -999.0 -999.0 -999.0 -999.0 -999.0 -999.0 -999.0 -999.0 -999.0 -999.0 -999.0 -999.0 1618.6 1730.1 1681.9 1540.7 1557.7 1580.1 1723.5 1782.0 1808.8 -999.0 -999.0 1702.6 1777.0 -999.0 -999.0 -999.0 1770.3 1662.8 1659.8 -999.0 1800.7 1639.8 1735.8 1803.0 1768.2 1756.9 1653.4 1660.2 1649.5 1685.9 1639.5 1706.0 1647.5 1658.2 1632.8 1296.7 1521.3 1397.2 1163.6 1464.1 1405.7 1178.0 1651.7 1556.8 1677.9 1584.5 1562.8 1612.4 1652.8 1681.6 1625.4 1640.2 1680.5 1660.5 1673.4 1618.4 1668.2 1660.6
-999.0 -999.0 -999.0 -999.0 -999.0 -999.0 -999.0 -999.0 -999.0 -999.0 -999.0 -999.0 -999.0 -999.0 1736.8 1699.1 1634.6 1620.6 1638.7 1648.5 1582.1 1814.0 -999.0 1819.6 1691.6 1509.8 1620.4 1561.4 1789.7 1778.4 1404.9 1426.9 1529.1 -999.0 1745.3 1695.9 1723.8 1760.7 1746.2 1621.8 1715.7 1801.2 1778.7 1670.7 1628.8 1626.0 1548.0 1541.8 1265.5 1200.1 1235.0 1218.5 1264.4 1168.2 1242.2 1458.2 1635.4 1674.3 1508.9 1503.7 1604.9 1591.4 1674.6 1639.7 1646.7 1684.7 1664.3 1690.0 1639.1 1673.1 1674.5
-999.0 -999.0 -999.0 -999.0 -999.0 -999.0 -999.0 -999.0 -999.0 -999.0 -999.0 -999.0 -999.0 -999.0 -999.0 1746.2 1670.8 1616.0 1693.7 1712.9 1734.2 1799.5 1391.6 890.8 1603.6 1293.0 1294.5 1391.3 1558.6 1712.8 1670.8 1497.4 1351.3 1548.7 1751.2 1777.6 1726.4 1734.6 1669.0 1495.4 1603.1 1791.7 1813.4 1708.7 1638.2 1617.1 1536.4 1472.9 1133.4 1049.7 1189.1 1211.4 1335.8 1378.8 1341.5 1419.5 1592.9 1622.3 1528.0 1552.9 1574.0 1543.1 1636.4 1595.9 1667.0 1677.3 1680.9 1656.2 1555.6 1685.6 1690.8
-999.0 -999.0 -999.0 -999.0 -999.0 -999.0 -999.0 -999.0 -999.0 -999.0 -999.0 -999.0 -999.0 -999.0 -999.0 -999.0 1667.7 1737.8 1745.5 1751.6 1637.6 1437.6 645.5 1085.5 1720.4 1222.7 1490.4 1244.0 1312.9 1563.5 1687.4 1240.2 1437.9 1434.3 1606.9 1781.0 1737.7 1694.4 1691.2 1572.4 1576.5 1683.6 1717.6 1705.1 1632.3 1597.1 1550.3 1358.3 1255.7 996.7 1157.2 1148.9 1190.0 1465.2 1369.1 1314.3 1451.1 1518.7 1521.2 1576.9 1535.1 1540.3 1614.5 1589.2 1669.1 1689.7 1669.9 1676.4 1659.3 1670.7 1697.3
-999.0 -999.0 -999.0 -999.0 -999.0 -999.0 -999.0 -999.0 -999.0 -999.0 -999.0 -999.0 -999.0 -999.0 -999.0 -999.0 -999.0 1782.7 1758.2 1563.6 1335.9 695.9 633.8 1063.9 1356.2 1372.7 1264.1 1148.1 1158.6 1181.7 1462.0 1591.3 1188.1 1419.2 1565.3 1626.8 1719.6 1719.9 1682.1 1641.2 1616.7 1658.8 1691.5 1661.1 1608.4 1571.4 1503.5 1355.1 1181.5 1091.6 1232.5 1256.4 1173.5 1322.9 1565.4 1360.3 1538.8 1499.4 1493.3 1576.6 1591.6 1589.2 1589.3 1592.5 1671.6 1698.4 1685.4 1710.6 1625.8 1671.7 1700.3
-999.0 -999.0 -999.0 -999.0 -999.0 -999.0 -999.0 -999.0 -999.0 -999.0 -999.0 -999.0 -999.0 -999.0 -999.0 -999.0 -999.0 1795.8 1666.9 1285.5 1134.1 1009.3 792.5 1297.7 1582.0 1385.6 1120.4 1045.8 1009.1 1183.0 1418.6 1621.8 1149.0 1244.6 1503.6 1599.0 1742.5 1735.1 1677.1 1587.1 1601.1 1623.4 1631.9 1639.9 1612.5 1551.4 1377.8 1293.4 1371.8 1063.8 1224.4 1205.1 1142.1 1198.5 1386.1 1501.4 1542.2 1598.9 1501.8 1485.0 1579.8 1593.8 1643.8 1647.9 1699.2 1694.1 1699.4 1701.9 1670.0 1646.8 1690.7
-999.0 -999.0 -999.0 -999.0 -999.0 -999.0 -999.0 -999.0 -999.0 -999.0 -999.0 -999.0 -999.0 -999.0 -999.0 -999.0 -999.0 1790.8 1600.5 1356.6 1372.0 991.9 1126.6 1410.9 1344.0 1465.5 1278.7 1023.3 1140.5 1013.9 1203.8 1472.4 1180.8 1181.5 1312.8 1634.8 1703.8 1744.2 1648.7 1549.1 1560.5 1608.7 1619.7 1624.8 1589.5 1453.1 1380.5 1395.0 1374.0 1219.4 1248.8 1268.3 1289.3 1379.7 1404.8 1369.9 1601.6 1529.7 1531.6 1585.1 1574.4 1627.6 1590.8 1701.6 1709.9 1698.9 1710.6 1703.6 1588.9 1676.1 1703.1
-999.0 -999.0 -999.0 -999.0 -999.0 -999.0 -999.0 -999.0 -999.0 -999.0 -999.0 -999.0 -999.0 -999.0 -999.0 -999.0 1769.7 1001.3 1464.5 1309.3 1142.6 1472.2 758.0 949.9 1046.6 1174.1 987.0 1167.0 1116.4 1216.7 1328.5 1224.6 1025.3 1204.2 1327.6 1634.6 1729.7 1760.4 1607.6 1585.7 1615.5 1612.3 1636.4 1603.3 1489.8 1492.0 1480.7 1328.5 1246.2 1454.7 1162.5 1224.6 1436.0 1408.4 1477.2 1539.3 1555.8 1605.0 1618.7 1669.8 1602.2 1667.2 1716.9 1627.7 1720.6 1709.6 1695.0 1688.9 1597.2 1677.7 1709.5
-999.0 -999.0 -999.0 -999.0 -999.0 -999.0 -999.0 -999.0 -999.0 -999.0 -999.0 -999.0 -999.0 -999.0 1751.5 1700.4 1361.9 1433.3 1578.0 1548.3 1358.8 1582.5 1366.3 1229.2 998.2 1025.7 930.0 1043.4 1002.2 1359.1 1211.1 1251.0 1486.3 1487.0 1590.7 1595.9 1685.8 1714.9 1608.7 1588.4 1586.8 1618.2 1585.7 1462.3 1513.2 1464.9 1519.7 1373.6 1317.2 1361.9 1436.3 1507.4 1405.7 1461.8 1515.3 1536.3 1571.7 1600.7 1684.9 1690.3 1727.2 1771.0 1752.8 1718.2 1710.9 1681.4 1700.6 1684.1 1603.1 1671.5 1715.6
-999.0 -999.0 -999.0 -999.0 -999.0 -999.0 -999.0 -999.0 -999.0 -999.0 -999.0 -999.0 -999.0 1701.1 1633.7 1630.4 1635.4 1696.8 1751.2 1715.4 1731.4 1703.0 1429.7 1272.7 1146.4 711.3 1156.5 1279.8 1238.2 1436.0 1042.8 1002.8 1099.5 1404.2 1582.7 1593.1 1621.1 1641.7 1602.0 1552.0 1584.2 1580.6 1551.5 1478.2 1432.0 1520.4 1507.5 1383.0 1399.2 1437.9 1467.1 1476.9 1474.6 1572.6 1556.7 1599.0 1724.3 1650.0 1693.3 1763.8 1827.7 1802.0 1719.9 1722.3 1703.1 1679.6 1665.1 1659.4 1559.0 1622.0 1689.6
-999.0 -999.0 -999.0 -999.0 -999.0 -999.0 -999.0 -999.0 -999.0 -999.0 -999.0 -999.0 1736.2 1523.0 1541.3 1594.5 -999.0 -999.0 -999.0 -999.0 1763.3 1196.9 1190.4 1184.5 1059.6 1169.2 1246.6 1002.9 1054.7 1202.7 680.8 840.8 1061.2 1167.5 1481.2 1681.7 1636.4 1608.4 1620.5 1597.9 1600.3 1599.5 1537.4 1560.8 1432.2 1488.1 1481.3 1466.6 1458.6 1467.9 1497.3 1579.8 1586.2 1608.6 1640.0 1675.7 1738.1 1752.3 1737.9 1756.3 1768.4 1755.4 1731.7 1711.0 1650.1 1614.1 1605.9 1616.9 1573.2 1607.5 1632.8
-999.0 -999.0 -999.0 -999.0 -999.0 -999.0 -999.0 -999.0 -999.0 -999.0 -999.0 -999.0 1705.5 1407.1 1676.4 1744.4 -999.0 -999.0 -999.0 -999.0 1829.5 1382.2 1090.5 1406.7 1044.3 1068.1 1095.6 904.4 851.8 1088.9 847.9 1303.1 1282.3 1419.7 1577.3 1702.2 1681.1 1624.6 1611.3 1574.1 1533.0 1607.3 1540.8 1550.2 1525.0 1455.8 1525.1 1510.0 1575.5 1526.9 1482.0 1478.2 1496.6 1613.7 1660.9 1689.2 1710.8 1665.6 1685.5 1679.4 1682.3 1687.7 1608.6 1641.8 1505.3 1513.9 1515.2 1594.2 1576.7 1608.1 1632.0
-999.0 -999.0 -999.0 -999.0 -999.0 -999.0 -999.0 -999.0 -999.0 -999.0 -999.0 -999.0 -999.0 -999.0 -999.0 -999.0 -999.0 -999.0 -999.0 -999.0 1837.7 1308.4 1273.3 1416.1 1199.8 1335.1 885.4 938.1 1275.6 1080.4 1133.2 1280.7 1297.8 1533.6 1651.6 1728.9 1619.6 1622.9 1605.7 1598.7 1623.3 1623.7 1610.8 1604.4 1569.7 1521.3 1563.6 1583.0 1580.9 1558.7 1591.8 1553.4 1537.0 1667.2 1560.2 1506.4 1602.7 1603.4 1617.1 1674.5 1636.1 1569.9 1473.4 1497.0 1553.6 1545.4 1513.7 1573.1 1566.1 1609.3 1618.9
-999.0 -999.0 -999.0 -999.0 -999.0 -999.0 -999.0 -999.0 -999.0 -999.0 -999.0 -999.0 -999.0 -999.0 -999.0 -999.0 -999.0 -999.0 -999.0 -999.0 -999.0 1317.8 1805.9 1653.4 1323.1 982.7 1055.2 953.4 995.9 1317.2 1286.8 1257.0 1560.0 1618.5 1706.7 1708.2 1679.4 1644.2 1662.7 1676.4 1662.2 1660.0 1649.1 1618.4 1610.5 1550.5 1555.7 1597.5 1466.9 1540.3 1640.7 1651.7 1643.0 1628.4 1631.8 1534.1 1520.0 1572.5 1502.7 1632.9 1652.3 1563.6 1586.3 1549.4 1558.5 1605.8 1541.4 1567.7 1605.3 1654.4 1628.5
-999.0 -999.0 -999.0 -999.0 -999.0 -999.0 -999.0 -999.0 -999.0 -999.0 -999.0 -999.0 -999.0 -999.0 -999.0 -999.0 -999.0 -999.0 -999.0 -999.0 -999.0 1616.7 1155.2 1068.3 1197.2 1227.2 1295.8 1138.3 1306.8 1302.8 1490.4 1649.8 1488.7 1658.7 1694.7 1547.7 1592.9 1627.9 1683.1 1758.4 1725.2 1621.8 1622.2 1536.3 1548.2 1550.4 1557.1 1595.2 1477.3 1461.2 1584.2 1645.5 1671.5 1650.4 1632.1 1597.6 1554.6 1514.3 1391.3 1528.1 1669.3 1634.0 1580.8 1495.6 1455.4 1504.4 1589.9 1579.5 1636.5 1677.9 1711.1
-999.0 -999.0 -999.0 -999.0 -999.0 -999.0 -999.0 -999.0 -999.0 -999.0 -999.0 -999.0 -999.0 -999.0 -999.0 -999.0 -999.0 -999.0 -999.0 -999.0 1676.9 1499.8 1583.3 969.9 1322.7 1394.8 1201.6 1242.7 1367.6 1178.5 1542.4 1701.9 1474.4 1712.7 1224.4 1452.3 1600.8 1624.6 1559.4 1677.9 1672.6 1422.7 1440.0 1510.6 1615.9 1577.2 1587.1 1615.5 1591.6 1587.0 1627.4 1662.8 1660.0 1659.0 1643.1 1585.4 1589.3 1504.5 1541.0 1619.9 1654.0 1601.4 1535.8 1461.3 1429.2 1483.0 1606.2 1625.6 1678.0 1731.0 1764.5
-999.0 -999.0 -999.0 -999.0 -999.0 -999.0 -999.0 -999.0 -999.0 -999.0 -999.0 -999.0 -999.0 -999.0 -999.0 -999.0 -999.0 -999.0 -999.0 -999.0 1878.7 1627.6 1062.1 1449.4 1741.0 1495.2 1431.9 1276.0 1138.7 1200.9 1518.5 1648.5 1595.7 1644.0 1541.5 1497.7 1436.0 1440.4 1607.2 1592.3 1584.4 1546.3 1500.5 1601.5 1626.6 1590.8 1619.2 1602.1 1616.5 1676.7 1669.8 1669.4 1665.6 1654.4 1659.7 1635.5 1623.7 1558.5 1550.7 1611.9 1622.1 1546.0 1454.7 1390.8 1477.1 1478.1 1526.0 1609.7 1718.5 1697.9 1787.4
-999.0 -999.0 -999.0 -999.0 -999.0 -999.0 -999.0 -999.0 -999.0 -999.0 -999.0 -999.0 -999.0 -999.0 -999.0 -999.0 -999.0 -999.0 -999.0 -999.0 1946.9 1512.5 1797.6 1535.7 1547.2 1404.8 1381.5 1028.3 1192.0 1120.7 1384.0 1517.8 1647.9 1643.8 1550.2 1334.3 1233.4 1148.3 1512.4 1394.8 1498.4 1497.3 1528.1 1662.3 1634.9 1622.9 1645.4 1637.1 1701.4 1718.5 1624.5 1640.5 1684.3 1661.0 1572.4 1670.6 1639.9 1602.1 1609.6 1645.6 1619.1 1535.2 1492.9 1487.5 1516.9 1536.5 1622.7 1660.0 1661.9 1696.4 1775.7
-999.0 -999.0 -999.0 -999.0 -999.0 -999.0 -999.0 -999.0 -999.0 -999.0 -999.0 -999.0 -999.0 -999.0 -999.0 -999.0 -999.0 -999.0 -999.0 -999.0 -999.0 1740.9 1453.0 1236.9 1043.5 955.8 1155.2 1160.5 1322.8 1549.5 1569.4 1618.9 1558.6 1544.7 1590.3 1466.5 1457.6 1215.2 1388.5 1477.9 1511.8 1432.6 1481.4 1657.6 1583.0 1668.3 1709.0 1576.3 1738.8 1757.4 1754.6 1697.6 1714.4 1693.1 1566.3 1611.5 1660.4 1609.5 1623.3 1633.6 1591.0 1519.7 1545.7 1569.3 1624.3 1592.7 1667.2 1601.9 1632.9 1730.3 1762.3
