GDD/GrowingDegreeDays_1983_Actual.txt
ncols         180
nrows         290
xllcorner     -200000
yllcorner     -200000
cellsize      5000
NODATA_value    -999
[rows 192 to 223 of 290, columns 71 to 141 of 180]
-999.0 -999.0 -999.0 -999.0 -999.0 -999.0 -999.0 -999.0 -999.0 -999.0 -999.0 -999.0 -999.0 -999.0 -999.0 -999.0 -999.0 -999.0 -999.0 -999.0 -999.0 1752.6 1505.3 1341.1 1205.7 1036.1 1137.7 1359.7 1560.1 1689.6 1581.6 1425.9 1333.6 1276.7 1514.4 1680.2 1649.5 1560.1 1573.1 1711.0 1504.7 1594.1 1609.9 1724.3 1689.7 1815.1 1881.5 1866.8 1811.4 1865.3 1910.6 1897.5 1876.5 1865.0 1791.9 1835.5 1856.2 1819.5 1759.3 1729.1 1711.4 1672.4 1725.6 1756.4 1682.7 1715.6 1740.4 1769.8 1775.1 1855.5 1851.0
-999.0 -999.0 -999.0 -999.0 -999.0 -999.0 -999.0 -999.0 -999.0 -999.0 -999.0 -999.0 -999.0 -999.0 -999.0 -999.0 -999.0 -999.0 -999.0 -999.0 1879.8 1792.3 1557.2 1327.1 1227.8 1276.9 1304.7 1421.7 1344.0 1065.2 1291.7 1308.6 1347.7 1550.1 1652.8 1597.4 1580.1 1688.1 1699.1 1651.1 1540.3 1566.9 1611.3 1741.5 1700.0 1862.2 1874.2 1795.9 1895.1 1801.4 1802.6 1839.9 1811.8 1850.3 1818.9 1890.4 1900.5 1829.7 1805.2 1812.4 1735.7 1747.1 1669.1 1724.7 1689.0 1765.3 1765.7 1780.8 1846.8 1873.6 1822.8
-999.0 -999.0 -999.0 -999.0 -999.0 -999.0 -999.0 -999.0 -999.0 -999.0 -999.0 -999.0 -999.0 -999.0 -999.0 -999.0 -999.0 -999.0 -999.0 -999.0 1637.3 1605.9 1576.6 1524.3 1360.9 1097.3 1135.0 1207.1 1323.2 1290.1 1227.1 1194.3 1214.3 1529.3 1437.2 1379.0 1689.8 1525.5 1787.6 1716.6 1582.2 1461.9 1713.4 1710.8 1851.1 1907.2 1880.5 1847.4 1639.1 1738.0 1751.3 1775.3 1784.3 1808.2 1813.7 1873.0 1863.5 1860.4 1827.4 1879.7 1842.1 1721.1 1680.5 1701.1 1675.4 1762.3 1823.7 1850.5 1886.9 1861.9 1828.0
-999.0 -999.0 -999.0 -999.0 -999.0 -999.0 -999.0 -999.0 -999.0 -999.0 -999.0 -999.0 -999.0 -999.0 -999.0 -999.0 -999.0 -999.0 -999.0 -999.0 1693.9 1632.3 1788.7 1604.2 1374.5 1092.2 1217.0 1185.0 1370.0 1261.7 1321.4 1447.8 1391.7 1382.2 1459.6 1594.5 1728.1 1714.3 1511.7 1771.3 1745.9 1720.4 1741.4 1678.9 1826.0 1945.5 1917.0 1832.3 1794.2 1816.2 1753.7 1765.0 1774.6 1776.6 1853.6 1848.6 1794.4 1843.0 1824.6 1891.8 1815.7 1704.4 1694.8 1778.5 1795.3 1760.0 1841.8 1834.0 1920.6 1854.9 1851.0
-999.0 -999.0 -999.0 -999.0 -999.0 -999.0 -999.0 -999.0 -999.0 -999.0 -999.0 -999.0 -999.0 -999.0 -999.0 -999.0 -999.0 -999.0 -999.0 1787.9 1593.1 1354.7 1486.7 1583.2 1318.2 1250.7 1138.7 1143.2 1530.2 1521.4 1567.9 1459.7 1364.3 1526.4 1530.7 1442.8 1630.0 1720.1 1754.5 1820.9 1844.9 1820.5 1774.3 1829.3 1889.9 1933.0 1954.8 1932.4 1876.0 1841.3 1879.3 1819.2 1819.9 1780.6 1836.9 1823.2 1823.8 1866.3 1883.3 1868.9 1757.9 1753.9 1756.9 1856.2 1823.1 1823.6 1840.9 1905.2 1861.0 1855.9 1858.0
-999.0 -999.0 -999.0 -999.0 -999.0 -999.0 -999.0 -999.0 -999.0 -999.0 -999.0 -999.0 -999.0 -999.0 -999.0 -999.0 -999.0 -999.0 1666.8 1600.1 1479.3 1558.5 1616.8 1359.0 1152.4 1129.7 1293.2 1237.5 1534.8 1448.6 1555.5 1599.5 1176.7 1500.2 1463.5 1703.9 1718.2 1815.0 1818.5 1793.9 1707.4 1802.9 1686.0 1864.8 1873.4 2012.8 2017.5 1969.9 1940.2 1917.6 1922.3 1868.2 1819.1 1809.4 1897.5 1837.8 1832.1 1816.3 1818.4 1803.8 1744.0 1786.3 1745.5 1847.6 1859.9 1925.5 1920.1 1830.2 1807.1 1842.1 1840.6
-999.0 -999.0 -999.0 -999.0 -999.0 -999.0 -999.0 -999.0 -999.0 -999.0 -999.0 -999.0 -999.0 -999.0 -999.0 -999.0 1623.6 1635.3 1661.3 1771.5 1741.3 1629.5 1562.8 1289.2 1187.6 1100.3 1075.3 1251.3 1416.9 1675.3 1505.8 1575.8 1302.4 1530.5 1666.3 1748.7 1842.6 1818.9 1876.3 1794.4 1671.8 1738.8 1761.7 1983.8 2004.4 2023.0 2018.5 1942.1 1936.5 1917.1 1955.7 1879.4 1831.9 1889.8 1911.3 1834.4 1761.7 1774.0 1727.8 1691.2 1722.0 1750.7 1804.5 1860.7 1846.8 1827.9 1851.7 1821.7 1888.6 1848.2 1851.1
-999.0 -999.0 -999.0 -999.0 -999.0 -999.0 -999.0 -999.0 -999.0 -999.0 -999.0 -999.0 1896.4 1881.5 1877.3 1515.0 1420.2 1361.3 1363.7 1594.1 1633.7 1662.0 1275.7 1341.4 1190.7 1188.7 1241.1 1484.4 1596.9 1737.8 1618.8 1666.7 1245.1 1394.9 1589.3 1804.5 1795.1 1828.5 1672.4 1856.3 1711.8 1723.1 1822.8 1977.4 2109.1 2110.0 1980.4 1990.0 1981.5 1887.2 1949.3 1915.6 1952.4 1897.2 1831.4 1752.2 1816.5 1758.7 1786.6 1750.9 1684.2 1693.2 1720.1 1776.2 1781.8 1806.3 1849.1 1882.9 1840.8 1921.7 1914.2
-999.0 -999.0 -999.0 -999.0 -999.0 -999.0 -999.0 -999.0 -999.0 -999.0 -999.0 1723.6 1802.0 1658.8 1663.9 1654.9 1447.7 1498.3 1466.4 1662.7 1786.1 1497.9 1385.0 1276.5 1545.5 1149.4 1353.6 1540.6 1266.9 1518.3 1777.7 1320.4 1498.0 1585.7 1901.2 1920.6 1878.5 1637.6 1863.8 1860.0 1822.9 1834.1 1812.6 1983.7 2070.9 2187.0 2058.3 2032.0 1993.5 1930.0 1935.5 1936.6 1944.6 1928.1 1823.1 1805.7 1673.4 1807.8 1824.7 1782.4 1720.0 1763.8 1775.5 1830.6 1855.5 1829.5 1865.5 1840.2 1906.7 1927.6 1904.5
-999.0 -999.0 -999.0 -999.0 -999.0 -999.0 -999.0 -999.0 -999.0 -999.0 1692.8 1680.4 1833.0 1791.5 1759.1 1655.4 1697.9 1621.1 1689.6 1674.2 1355.8 1553.6 1631.7 1293.7 1710.9 1413.1 1353.9 1157.2 1297.1 1326.3 1533.2 1589.3 1693.5 1921.0 1577.0 1619.9 1895.7 1866.0 1928.0 1961.6 1873.3 1913.0 1977.1 1967.8 2012.5 2181.0 2105.3 2073.8 2013.7 2009.1 1997.2 1977.9 1850.9 1987.8 1903.4 1816.5 1752.1 1787.1 1822.2 1778.9 1729.4 1742.4 1726.2 1792.0 1871.1 1891.4 1919.6 1859.0 1891.3 1934.5 1863.8
-999.0 -999.0 -999.0 -999.0 -999.0 -999.0 1906.5 1663.2 1780.0 1614.8 1771.9 1745.6 1681.1 1749.3 1756.6 1574.1 1654.9 1623.5 1661.5 1480.1 1498.9 1631.9 1561.2 1542.1 1617.8 1562.7 1296.1 1269.6 1434.3 1511.0 1429.7 1637.1 1892.4 1538.4 1465.7 1662.3 1648.9 1867.7 1882.9 1983.6 1957.2 1766.5 1975.1 1868.7 2068.3 2132.3 2100.8 2061.7 1874.7 1995.2 1954.3 1686.0 1945.0 1957.8 1901.1 1811.5 1732.0 1818.4 1810.8 1793.9 1809.0 1775.3 1782.8 1832.9 1886.8 1868.7 1907.3 1895.3 1879.4 1879.6 1912.6
-999.0 -999.0 -999.0 -999.0 -999.0 1853.7 1707.8 1723.4 1694.2 1486.6 1259.9 1362.5 1415.4 1641.8 1542.7 1422.8 1520.4 1562.5 1430.7 1602.0 1658.1 1478.1 1684.1 1807.5 1680.3 1613.4 1409.9 1419.9 1464.4 1544.9 1594.1 1701.8 1632.2 1074.5 1353.9 1620.5 1810.3 1784.0 1894.2 1789.4 1949.9 1901.9 2000.6 2033.0 2065.1 2070.7 2095.3 2093.1 1998.6 1957.4 1700.3 1686.5 1766.4 1864.8 1888.7 1668.7 1769.4 1821.0 1807.6 1844.7 1791.7 1792.9 1804.3 1869.2 1814.9 1846.5 1899.1 1792.3 1823.2 1912.6 1927.1
-999.0 -999.0 -999.0 1922.2 1809.8 1776.3 1679.4 1736.5 1678.3 1566.8 1550.3 1623.0 1720.6 1536.5 1636.7 1501.5 1758.2 1677.5 1495.6 1582.6 1740.8 1653.5 1878.7 1849.2 1537.0 1437.2 1497.6 1606.2 1473.8 1714.0 1790.8 1789.8 1466.1 1309.0 1307.9 1803.1 1748.2 1773.4 1788.9 1877.6 2023.2 1913.0 1973.6 2003.4 2073.6 2063.3 2137.0 2136.0 1998.8 1924.4 1695.1 1726.6 1791.0 1882.0 1817.4 1689.5 1731.4 1769.0 1821.5 1819.6 1822.5 1826.8 1828.1 1836.0 1826.2 1822.5 1853.9 1864.8 1878.2 1922.0 1866.4
-999.0 -999.0 -999.0 1948.8 -999.0 1916.0 1861.3 1717.0 1786.5 1712.6 1728.2 1673.1 1723.7 1684.2 1584.7 1735.1 1682.4 1832.1 1875.1 1883.4 1892.0 1899.1 1670.9 1729.6 1420.8 987.8 1475.4 1445.2 1458.1 1219.1 1260.0 1848.0 1908.9 1213.5 1542.2 1718.2 1677.5 1621.0 1819.6 1994.4 2070.3 1889.5 1881.4 2004.5 2095.9 2132.4 2108.1 2152.9 2015.9 1748.7 1674.5 1790.4 1861.2 1890.8 1893.6 1865.2 1784.9 1846.9 1879.0 1904.1 1907.6 1871.5 1816.3 1769.2 1838.6 1888.8 1876.3 1915.9 1909.1 1865.3 1882.4
-999.0 -999.0 -999.0 -999.0 -999.0 -999.0 1757.5 1839.4 1851.0 1765.7 1833.6 1784.3 1778.3 1726.6 1808.0 1841.2 1787.3 1826.5 1738.8 1863.3 1649.9 1876.0 1630.4 1482.1 1417.5 1250.3 1160.1 1315.0 1199.8 1121.0 1515.0 1428.4 1606.4 2038.9 1599.5 1639.9 1928.8 1886.3 2031.8 1852.2 1901.5 1702.7 1798.4 2018.5 2068.9 2130.1 2198.5 2038.1 1770.2 1825.7 1666.3 1805.9 1864.6 1823.7 1903.9 1782.3 1899.1 1903.3 1966.3 1995.8 1969.9 1899.1 1848.3 1866.8 1934.0 1957.1 1962.7 1908.0 1831.6 1793.1 1858.7
-999.0 -999.0 -999.0 -999.0 -999.0 1908.1 1852.4 1811.0 1833.9 1871.2 1730.8 1658.0 1575.2 1665.6 1755.1 1811.5 1902.2 1854.7 1610.5 1875.7 1752.6 2000.9 1860.1 1792.8 1769.8 1769.1 1499.4 1531.2 1337.1 1318.7 1212.7 1391.7 1433.1 1602.5 1318.9 1791.8 1912.4 1958.3 1848.6 1892.9 1721.7 1803.3 1804.1 2050.4 2075.3 2073.2 1803.5 1733.8 1732.0 1678.0 1817.7 1796.4 1810.5 1849.0 1892.8 1892.8 1911.3 1982.6 2055.4 2080.4 2042.6 1923.5 1887.8 1870.7 1935.2 1997.7 1976.1 1881.2 1736.3 1873.1 1844.3
-999.0 -999.0 -999.0 -999.0 2003.9 1948.3 1917.8 1884.3 1892.6 1898.0 1887.3 1816.2 1880.3 1853.4 1895.6 1911.7 1892.1 1873.4 1856.8 1645.8 1937.1 1608.0 1713.5 1692.7 1545.6 1603.6 1722.9 1691.2 1522.5 1580.0 1442.9 1493.6 1672.2 1409.9 1450.9 1895.2 1775.5 2008.8 1981.4 1833.5 1786.1 1894.8 1930.7 2009.2 2058.9 1875.4 1923.5 1765.0 1760.7 1806.9 1789.3 1827.5 1877.7 1876.3 1930.4 1963.0 1980.4 2036.0 1990.3 2130.7 2018.4 2004.6 1969.4 1976.0 1981.3 1975.4 1901.1 1780.6 1809.2 1840.3 1862.6
-999.0 -999.0 -999.0 -999.0 -999.0 -999.0 2028.4 1962.3 1932.6 1893.1 1872.1 1844.2 -999.0 -999.0 -999.0 -999.0 1955.2 1879.7 1750.5 1949.9 2039.3 1910.0 1894.6 1873.4 1819.0 2016.1 1279.5 1257.1 1618.0 1710.8 1707.4 1582.1 1547.0 1480.3 1742.5 1846.6 1876.8 2031.6 1738.6 1902.6 1815.9 2038.0 2018.4 2018.7 2043.6 1799.5 1934.5 1796.9 1800.3 1869.6 1869.5 1894.5 1917.7 1958.3 1980.3 1994.9 1989.0 2018.3 1968.4 2088.6 2027.8 1976.5 1990.2 1966.0 1959.7 1866.0 1879.1 1829.3 1818.9 1858.2 1969.5
-999.0 -999.0 -999.0 -999.0 -999.0 -999.0 2034.7 1916.7 1837.5 1980.5 1847.6 1967.9 -999.0 -999.0 -999.0 -999.0 -999.0 -999.0 -999.0 2059.8 2059.2 1976.8 2126.6 2059.3 1843.7 1528.8 1367.5 1235.6 1323.0 1498.4 1649.0 1644.8 1781.0 1629.6 1641.7 1925.4 2010.7 1747.6 1790.5 1801.3 2087.9 2094.1 2045.7 2063.4 1906.2 1825.2 1835.1 1826.6 1876.9 1902.6 1925.8 1942.7 1947.3 1950.7 1966.3 1910.0 1967.0 2003.5 2042.0 2070.7 2027.4 2001.2 1974.6 1859.9 1872.8 1958.9 1851.2 1847.0 1891.9 1937.1 1989.7
-999.0 -999.0 -999.0 -999.0 -999.0 -999.0 -999.0 -999.0 1998.4 -999.0 -999.0 -999.0 -999.0 -999.0 -999.0 -999.0 -999.0 1894.5 1917.3 1982.7 1898.2 1911.1 2068.8 2181.4 1999.3 1749.3 1465.3 1389.2 1470.9 1804.6 1840.6 1548.3 1700.4 1772.2 1944.5 2052.3 2130.4 1927.0 1978.5 2009.5 2114.6 2103.4 2025.0 2039.3 1772.3 1737.4 1833.2 1842.2 1909.7 1923.1 1933.9 1963.2 1916.8 1943.3 1913.4 1970.6 1989.3 2014.9 2028.5 2035.2 1968.5 2037.0 1878.1 1778.9 1891.6 1873.8 2017.0 1922.7 1952.8 2010.0 1989.4
-999.0 -999.0 -999.0 -999.0 -999.0 -999.0 -999.0 -999.0 -999.0 -999.0 -999.0 -999.0 -999.0 -999.0 -999.0 -999.0 -999.0 1912.3 1930.5 2141.9 2018.3 1980.9 -999.0 -999.0 2222.0 1743.5 1904.1 1742.8 1796.7 1799.3 1758.2 1680.2 1967.6 2013.7 2004.5 2084.6 2125.2 2129.8 2142.5 2144.0 2122.0 1995.4 2005.9 1944.0 1754.3 1842.3 1880.1 1909.6 1921.5 1885.6 1908.4 1940.1 1926.7 1953.8 1920.2 1883.1 1890.8 1929.8 1892.8 1984.1 1989.7 1909.8 1747.3 1905.2 1906.0 1971.7 2097.9 1985.7 2014.4 2071.7 2123.9
-999.0 -999.0 -999.0 -999.0 -999.0 -999.0 -999.0 -999.0 -999.0 -999.0 -999.0 -999.0 -999.0 -999.0 -999.0 -999.0 -999.0 -999.0 -999.0 -999.0 -999.0 -999.0 -999.0 -999.0 2207.7 2091.8 1853.4 1836.3 1967.6 1988.2 1982.6 1951.3 2058.6 2120.9 2100.4 2105.6 2146.3 2168.3 -999.0 2199.6 2139.2 2041.0 2030.0 1937.4 1781.9 1849.0 1860.6 1917.3 1982.7 1967.3 1893.2 1943.2 1920.3 1816.7 1757.5 1758.5 1723.2 1710.8 1812.6 1854.7 1894.1 1915.7 1858.8 1962.4 1962.7 1976.2 2044.1 2069.3 2098.4 2095.5 2134.9
-999.0 -999.0 -999.0 -999.0 -999.0 -999.0 -999.0 -999.0 -999.0 -999.0 -999.0 -999.0 -999.0 -999.0 -999.0 -999.0 -999.0 -999.0 -999.0 -999.0 -999.0 -999.0 -999.0 -999.0 -999.0 2127.6 2030.6 1961.2 1904.7 1889.5 2023.9 2079.1 2109.3 2191.2 -999.0 -999.0 -999.0 -999.0 2182.5 2206.0 2089.7 2062.8 2045.1 1949.3 1790.4 1856.9 1828.6 1881.6 1993.4 1892.0 1898.3 1788.0 1841.2 1686.8 1750.6 1723.6 1773.9 1765.8 1783.7 1860.4 1838.7 2034.7 2022.8 1993.5 2081.7 2056.3 2097.3 2117.4 2129.4 2201.1 2258.7
-999.0 -999.0 -999.0 -999.0 -999.0 -999.0 -999.0 -999.0 -999.0 -999.0 -999.0 -999.0 -999.0 -999.0 -999.0 -999.0 -999.0 -999.0 -999.0 -999.0 -999.0 -999.0 -999.0 -999.0 -999.0 -999.0 2106.6 1896.5 1912.9 1961.1 1921.7 2027.5 2131.6 -999.0 -999.0 -999.0 -999.0 2068.8 1991.8 1942.5 2115.2 2110.8 2090.2 1878.3 1797.8 1813.1 1815.0 1882.4 1903.0 1929.4 1792.9 1662.1 1720.0 1717.9 1783.4 1774.0 1798.7 1891.4 1866.5 1889.0 1959.7 2005.5 2040.8 2123.7 2060.2 2056.6 2093.3 2056.5 2042.9 2184.1 2243.8
-999.0 -999.0 -999.0 -999.0 -999.0 -999.0 -999.0 -999.0 -999.0 -999.0 -999.0 -999.0 -999.0 -999.0 -999.0 -999.0 -999.0 -999.0 -999.0 -999.0 -999.0 -999.0 -999.0 -999.0 -999.0 -999.0 -999.0 2087.2 2013.0 2049.5 1957.9 2081.2 2095.4 -999.0 -999.0 -999.0 2091.5 2089.7 2045.1 1925.3 1965.2 2007.5 2110.2 1952.1 2016.8 1862.8 1842.4 1925.7 1826.4 1760.6 1760.6 1767.6 1692.5 1761.1 1817.1 1849.7 1908.1 1924.1 1929.3 1925.9 1919.6 1985.3 2052.3 2034.2 1964.1 1978.4 2071.2 2046.0 2050.7 2113.5 2191.0
-999.0 -999.0 -999.0 -999.0 -999.0 -999.0 -999.0 -999.0 -999.0 -999.0 -999.0 -999.0 -999.0 -999.0 -999.0 -999.0 -999.0 -999.0 -999.0 -999.0 -999.0 -999.0 -999.0 -999.0 -999.0 -999.0 -999.0 -999.0 -999.0 -999.0 -999.0 -999.0 -999.0 -999.0 -999.0 2049.0 2062.4 2086.3 2071.4 1900.0 2050.1 2005.0 1940.0 1931.9 1952.5 1945.8 2027.8 1987.6 1938.1 1844.4 1854.5 1831.9 1807.8 1777.2 1800.7 1828.3 1731.9 1856.8 1835.2 1889.7 1884.9 1926.0 2003.8 1984.5 1944.2 1959.1 1956.5 2032.8 2064.0 2092.4 2127.0
-999.0 -999.0 -999.0 -999.0 -999.0 -999.0 -999.0 -999.0 -999.0 -999.0 -999.0 -999.0 -999.0 -999.0 -999.0 -999.0 -999.0 -999.0 -999.0 -999.0 -999.0 -999.0 -999.0 -999.0 -999.0 -999.0 -999.0 -999.0 -999.0 -999.0 -999.0 -999.0 -999.0 -999.0 -999.0 2167.1 1980.4 2011.9 1610.6 1731.1 2013.4 1979.3 1938.8 1918.0 1900.6 2031.6 2057.8 2007.4 1956.2 1847.3 1890.4 1941.9 1808.4 1774.1 1678.1 1787.9 1769.8 1676.5 1793.7 1845.8 1899.4 1969.4 1996.8 2006.4 2000.0 2006.8 2038.9 1993.0 2009.1 2083.3 2099.4
-999.0 -999.0 -999.0 -999.0 -999.0 -999.0 -999.0 -999.0 -999.0 -999.0 -999.0 -999.0 -999.0 -999.0 -999.0 -999.0 -999.0 -999.0 -999.0 -999.0 -999.0 -999.0 -999.0 -999.0 -999.0 -999.0 -999.0 -999.0 -999.0 -999.0 -999.0 -999.0 -999.0 -999.0 -999.0 2143.1 2115.4 2094.4 1901.2 1644.4 1755.3 1861.6 1953.1 1851.5 1965.5 1980.9 2024.5 1848.1 1781.7 1722.3 1799.0 1886.2 1858.3 1850.4 1828.0 1798.8 1789.0 1844.6 1843.9 1858.6 1891.4 1953.7 2010.8 2050.5 2042.6 1995.5 2022.2 1988.0 1991.2 2030.5 1988.4
-999.0 -999.0 -999.0 -999.0 -999.0 -999.0 -999.0 -999.0 -999.0 -999.0 -999.0 -999.0 -999.0 -999.0 -999.0 -999.0 -999.0 -999.0 2236.0 2114.3 2157.2 1475.6 1436.3 1458.6 1501.9 1413.5 2126.1 1700.1 2214.3 -999.0 -999.0 -999.0 -999.0 -999.0 -999.0 2139.4 2110.8 2060.6 2106.0 1982.5 1830.5 1765.2 1833.0 1900.2 1934.4 1931.3 1874.8 1767.1 1801.8 1852.6 1878.2 1912.3 1851.2 1869.9 1920.4 1951.1 1952.4 1900.2 1921.1 1861.9 1839.6 1800.1 1930.3 2004.6 1973.5 1941.2 1987.4 1921.3 1962.3 2011.4 1933.9
-999.0 -999.0 -999.0 -999.0 -999.0 -999.0 -999.0 -999.0 -999.0 -999.0 -999.0 -999.0 -999.0 -999.0 -999.0 -999.0 -999.0 -999.0 1853.7 1805.5 1616.7 1519.1 1289.5 1223.9 1308.6 1341.4 1418.3 1725.1 1958.2 2104.3 2032.2 1835.1 2019.0 2109.5 2171.7 2155.1 2138.3 2120.7 2113.8 2102.3 2048.5 1852.5 1842.4 1892.8 1954.5 1732.3 1849.8 1926.7 1882.4 1840.6 1923.7 1950.7 1948.2 1925.2 1933.6 1954.6 1934.1 2004.4 1958.2 1884.2 1867.7 1887.1 1856.9 1860.8 1961.9 1973.7 2016.5 2036.5 1952.3 2020.1 1716.0
-999.0 -999.0 -999.0 -999.0 -999.0 -999.0 -999.0 -999.0 -999.0 -999.0 -999.0 -999.0 -999.0 -999.0 -999.0 -999.0 -999.0 2182.0 2089.8 1934.8 1837.5 1679.9 1402.4 1272.9 1316.1 1413.7 1453.0 1509.9 1694.3 1829.7 1897.0 1850.7 1770.4 2039.3 2102.5 2153.8 2122.1 2008.7 2103.4 2079.8 1937.7 1903.1 1910.7 1892.5 1712.0 1863.1 1756.3 1803.9 1866.8 1951.2 1939.1 1993.6 1938.6 1845.3 1961.4 1918.3 1975.4 1949.1 1950.8 1905.8 1891.6 1806.8 1772.2 1938.9 1984.4 1982.6 1826.2 1957.2 2002.3 1982.4 1971.6
-999.0 -999.0 -999.0 -999.0 -999.0 -999.0 -999.0 -999.0 -999.0 -999.0 -999.0 -999.0 -999.0 -999.0 -999.0 -999.0 -999.0 -999.0 2169.9 2127.3 2056.7 1730.9 1651.3 1575.7 1370.9 1491.3 1581.2 1750.2 1650.1 1520.5 1689.3 1875.8 1905.7 1806.9 2005.1 2145.9 2133.8 2120.5 2029.5 1986.2 2030.2 2012.7 1959.0 1919.2 1813.3 1910.6 1783.3 1852.5 1857.5 1894.3 1907.2 1964.1 1884.1 1853.3 1894.2 2006.4 2008.8 1960.7 2038.0 1988.7 1977.7 1892.5 1817.1 1842.2 1970.1 1983.5 1914.3 1924.2 1974.3 2034.8 2042.7
